1037
1 21 99 6 624 1
2 8 75 4 381 1
3 20 85 2 170 1
4 5 100 2 226 1
5 9 100 2 226 1
6 13 100 2 226 1
7 17 100 2 226 1
8 21 100 2 226 1
9 3 100 1 141 1
10 5 100 1 141 1
11 7 100 1 141 1
12 9 100 1 141 1
13 11 100 1 141 1
14 13 100 1 141 1
15 15 100 1 141 1
16 3 85 2 198 1
17 5 85 2 198 1
18 5 85 1 48 1
19 9 85 1 48 1
20 13 85 1 48 1
21 4 85 1 103 1
22 7 85 1 103 1
23 5 100 4 444 1
24 9 100 4 444 1
25 39 100 9 706 1
26 77 100 9 706 1
27 1 100 6 797 1
28 1 100 6 797 1
29 1 100 6 797 1
30 1 100 6 797 1
31 1 100 6 797 1
32 1 100 6 797 1
33 1 100 6 797 1
34 4 75 2 102 1
35 7 75 2 102 1
36 10 75 2 102 1
37 8 99 2 173 1
38 1 100 9 1067 1
39 1 100 9 1067 1
40 3 100 18 1463 1
41 5 100 18 1463 1
42 16 99 3 336 1
43 31 99 3 336 1
44 2 100 6 513 1
45 3 100 6 513 1
46 22 100 3 268 1
47 3 100 2 140 1
48 2 99 1 75 1
49 5 100 2 177 1
50 12 100 6 731 1
51 23 100 6 731 1
52 34 100 6 731 1
53 45 100 6 731 1
54 3 85 2 101 1
55 5 85 2 101 1
56 7 85 2 101 1
57 9 85 2 101 1
58 11 85 2 101 1
59 3 99 3 155 1
60 5 99 3 155 1
61 4 75 1 54 1
62 8 122 11 1998 1
63 15 122 11 1998 1
64 9 135 9 1054 1
65 9 137 17 1406 1
66 17 137 17 1406 1
67 9 142 13 2768 1
68 17 142 13 2768 1
69 25 142 13 2768 1
70 33 142 13 2768 1
71 8 149 17 3727 1
72 15 149 17 3727 1
73 22 149 17 3727 1
74 13 148 14 2912 1
75 8 135 12 1831 1
76 8 138 15 2135 1
77 15 138 15 2135 1
78 22 138 15 2135 1
79 10 122 5 645 1
80 9 140 21 3491 1
81 17 140 21 3491 1
82 8 134 8 892 1
83 16 144 11 1984 1
84 6 143 10 1616 1
85 18 138 9 1356 1
86 12 139 12 839 1
87 8 140 10 962 1
88 15 140 10 962 1
89 22 140 10 962 1
90 29 140 10 962 1
91 36 140 10 962 1
92 43 140 10 962 1
93 50 140 10 962 1
94 57 140 10 962 1
95 64 140 10 962 1
96 71 140 10 962 1
97 8 116 9 579 1
98 15 116 9 579 1
99 22 116 9 579 1
100 8 124 7 1004 1
101 15 124 7 1004 1
102 9 137 10 1064 1
103 17 137 10 1064 1
104 11 109 10 1549 1
105 3 147 16 2669 1
106 5 147 16 2669 1
107 8 146 15 3211 1
108 15 146 15 3211 1
109 9 144 15 2680 1
110 8 134 15 1275 1
111 15 134 15 1275 1
112 22 134 15 1275 1
113 9 149 6 576 1
114 17 102 8 828 1
115 33 102 8 828 1
116 12 145 10 1278 1
117 23 145 10 1278 1
118 10 113 12 1253 1
119 8 113 8 1105 1
120 15 113 8 1105 1
121 8 146 9 1671 1
122 9 140 16 1603 1
123 17 140 16 1603 1
124 9 139 17 3092 1
125 20 133 10 1871 1
126 8 133 9 1740 1
127 9 140 10 1861 1
128 7 121 9 567 1
129 10 116 8 885 1
130 19 116 8 885 1
131 13 144 8 1424 1
132 25 144 8 1424 1
133 37 144 8 1424 1
134 49 144 8 1424 1
135 61 144 8 1424 1
136 8 144 12 1478 1
137 15 144 12 1478 1
138 22 144 12 1478 1
139 29 144 12 1478 1
140 8 109 12 1501 1
141 15 109 12 1501 1
142 19 148 11 820 1
143 4 137 14 1607 1
144 7 137 14 1607 1
145 19 147 11 1630 1
146 37 147 11 1630 1
147 55 147 11 1630 1
148 9 102 13 1372 1
149 17 102 13 1372 1
150 12 133 12 1126 1
151 8 108 11 630 1
152 12 139 11 2153 1
153 23 139 11 2153 1
154 8 137 14 1593 1
155 15 137 14 1593 1
156 8 139 13 1406 1
157 15 139 13 1406 1
158 14 134 12 1833 1
159 17 140 12 1970 1
160 33 140 12 1970 1
161 8 143 8 612 1
162 15 143 8 612 1
163 7 125 12 1978 1
164 13 125 12 1978 1
165 19 125 12 1978 1
166 25 125 12 1978 1
167 31 125 12 1978 1
168 8 102 4 445 1
169 8 138 12 2420 1
170 15 138 12 2420 1
171 22 138 12 2420 1
172 29 138 12 2420 1
173 36 138 12 2420 1
174 43 138 12 2420 1
175 18 135 13 1002 1
176 8 125 18 1129 1
177 9 133 18 1401 1
178 17 133 18 1401 1
179 25 133 18 1401 1
180 8 130 9 1695 1
181 15 130 9 1695 1
182 11 140 13 2250 1
183 19 147 17 2480 1
184 37 147 17 2480 1
185 8 102 10 1043 1
186 16 116 9 904 1
187 14 116 7 1023 1
188 26 143 11 837 1
189 9 115 9 1490 1
190 17 115 9 1490 1
191 25 115 9 1490 1
192 7 108 6 760 1
193 13 108 6 760 1
194 7 144 12 1715 1
195 13 144 12 1715 1
196 7 134 10 1173 1
197 13 134 10 1173 1
198 8 102 10 791 1
199 15 102 10 791 1
200 9 139 12 1983 1
201 17 139 12 1983 1
202 25 139 12 1983 1
203 33 139 12 1983 1
204 41 139 12 1983 1
205 9 115 7 575 1
206 14 143 9 653 1
207 27 143 9 653 1
208 40 143 9 653 1
209 53 143 9 653 1
210 22 145 10 1740 1
211 43 145 10 1740 1
212 7 144 11 1492 1
213 10 108 11 1701 1
214 19 108 11 1701 1
215 28 108 11 1701 1
216 15 134 4 605 1
217 9 130 8 873 1
218 9 148 15 3114 1
219 17 148 15 3114 1
220 23 130 12 1624 1
221 45 130 12 1624 1
222 11 139 14 2514 1
223 21 139 14 2514 1
224 19 144 15 2140 1
225 15 116 14 1744 1
226 4 115 11 1800 1
227 16 139 18 3716 1
228 19 138 7 1045 1
229 37 138 7 1045 1
230 8 137 15 2253 1
231 15 137 15 2253 1
232 22 137 15 2253 1
233 29 137 15 2253 1
234 36 137 15 2253 1
235 43 137 15 2253 1
236 9 121 14 867 1
237 17 121 14 867 1
238 11 141 15 1191 1
239 7 145 10 1413 1
240 21 136 10 2015 1
241 41 136 10 2015 1
242 7 115 8 994 1
243 19 115 13 980 1
244 37 115 13 980 1
245 55 115 13 980 1
246 73 115 13 980 1
247 91 115 13 980 1
248 109 115 13 980 1
249 9 140 5 592 1
250 17 140 5 592 1
251 9 109 9 640 1
252 9 143 13 1457 1
253 17 143 13 1457 1
254 8 108 12 1906 1
255 15 108 12 1906 1
256 22 108 12 1906 1
257 8 130 15 2818 1
258 15 130 15 2818 1
259 9 136 11 1129 1
260 8 102 12 1805 1
261 15 102 12 1805 1
262 22 102 12 1805 1
263 32 149 13 1561 1
264 8 146 11 986 1
265 15 146 11 986 1
266 19 108 6 503 1
267 2 148 14 1235 1
268 9 142 9 1428 1
269 17 142 9 1428 1
270 25 142 9 1428 1
271 33 142 9 1428 1
272 41 142 9 1428 1
273 9 144 22 2549 1
274 17 144 22 2549 1
275 25 144 22 2549 1
276 7 138 11 952 1
277 20 140 15 2618 1
278 39 140 15 2618 1
279 8 140 15 1666 1
280 8 124 9 1421 1
281 8 133 18 2645 1
282 9 121 11 768 1
283 17 121 11 768 1
284 25 121 11 768 1
285 33 121 11 768 1
286 41 121 11 768 1
287 8 146 13 1054 1
288 9 146 13 1501 1
289 17 146 13 1501 1
290 8 139 11 1149 1
291 15 139 11 1149 1
292 13 121 12 1960 1
293 16 130 8 785 1
294 8 102 7 901 1
295 15 102 7 901 1
296 9 147 14 1403 1
297 13 102 7 1034 1
298 9 122 11 1841 1
299 17 122 11 1841 1
300 25 122 11 1841 1
301 8 142 12 1025 1
302 17 149 10 1888 1
303 33 149 10 1888 1
304 9 136 6 612 1
305 9 122 5 662 1
306 17 122 5 662 1
307 25 122 5 662 1
308 33 122 5 662 1
309 41 122 5 662 1
310 49 122 5 662 1
311 57 122 5 662 1
312 15 115 11 1342 1
313 8 148 12 2457 1
314 15 148 12 2457 1
315 9 133 10 1577 1
316 17 133 10 1577 1
317 25 133 10 1577 1
318 33 133 10 1577 1
319 41 133 10 1577 1
320 49 133 10 1577 1
321 15 141 7 784 1
322 9 116 15 921 1
323 17 116 15 921 1
324 9 125 18 1993 1
325 9 134 11 1197 1
326 13 124 11 1332 1
327 8 149 14 2804 1
328 9 138 9 1052 1
329 17 138 9 1052 1
330 8 136 6 993 1
331 11 149 16 2011 1
332 14 145 12 2037 1
333 27 145 12 2037 1
334 17 141 11 1024 1
335 33 141 11 1024 1
336 49 141 11 1024 1
337 65 141 11 1024 1
338 13 115 10 1158 1
339 9 138 15 2196 1
340 8 143 10 1396 1
341 15 143 10 1396 1
342 22 143 10 1396 1
343 8 142 9 1371 1
344 8 125 9 1369 1
345 15 125 9 1369 1
346 8 121 12 853 1
347 11 139 8 582 1
348 21 139 8 582 1
349 31 139 8 582 1
350 10 143 11 1660 1
351 1 145 10 1515 1
352 1 145 10 1515 1
353 1 145 10 1515 1
354 1 145 10 1515 1
355 9 136 14 1074 1
356 9 147 18 3308 1
357 8 116 12 1145 1
358 15 116 12 1145 1
359 8 113 12 802 1
360 15 113 12 802 1
361 22 113 12 802 1
362 29 113 12 802 1
363 36 113 12 802 1
364 9 139 9 1855 1
365 8 146 9 1285 1
366 15 146 9 1285 1
367 22 146 9 1285 1
368 29 146 9 1285 1
369 36 146 9 1285 1
370 18 122 10 1348 1
371 5 144 12 1904 1
372 9 144 12 1904 1
373 8 142 11 1480 1
374 8 134 11 1600 1
375 15 134 11 1600 1
376 22 134 11 1600 1
377 29 134 11 1600 1
378 36 134 11 1600 1
379 8 133 15 1845 1
380 15 133 15 1845 1
381 22 133 15 1845 1
382 14 121 9 1258 1
383 9 143 10 1464 1
384 7 148 23 3710 1
385 13 148 23 3710 1
386 19 148 23 3710 1
387 25 148 23 3710 1
388 31 148 23 3710 1
389 8 146 13 972 1
390 8 144 9 1814 1
391 10 113 10 1351 1
392 19 113 10 1351 1
393 8 139 13 1966 1
394 15 139 13 1966 1
395 22 139 13 1966 1
396 7 136 11 780 1
397 20 145 17 3167 1
398 39 145 17 3167 1
399 58 145 17 3167 1
400 77 145 17 3167 1
401 9 102 1 60 1
402 17 102 1 60 1
403 25 102 1 60 1
404 15 109 11 721 1
405 29 109 11 721 1
406 43 109 11 721 1
407 57 109 11 721 1
408 71 109 11 721 1
409 85 109 11 721 1
410 99 109 11 721 1
411 15 144 8 1038 1
412 29 144 8 1038 1
413 43 144 8 1038 1
414 8 142 13 1766 1
415 9 142 14 1552 1
416 17 142 14 1552 1
417 25 142 14 1552 1
418 33 142 14 1552 1
419 3 133 18 2954 1
420 5 133 18 2954 1
421 16 130 10 902 1
422 9 125 9 1166 1
423 17 125 9 1166 1
424 11 133 17 1380 1
425 14 108 18 1832 1
426 27 108 18 1832 1
427 22 140 14 1551 1
428 43 140 14 1551 1
429 64 140 14 1551 1
430 85 140 14 1551 1
431 15 109 7 1112 1
432 23 162 22 4137 1
433 9 173 9 1106 1
434 22 151 10 1802 1
435 22 164 13 2896 1
436 11 155 14 1591 1
437 26 161 2 173 1
438 32 165 24 2907 1
439 8 151 13 2444 1
440 27 177 16 1923 1
441 19 179 14 2482 1
442 37 179 14 2482 1
443 40 151 11 1852 1
444 79 151 11 1852 1
445 25 162 17 1565 1
446 49 162 17 1565 1
447 8 152 10 2064 1
448 15 152 10 2064 1
449 30 160 11 1013 1
450 9 181 13 2948 1
451 15 177 10 2362 1
452 21 165 12 1979 1
453 41 165 12 1979 1
454 9 161 9 1399 1
455 17 161 9 1399 1
456 25 161 9 1399 1
457 8 176 12 1075 1
458 43 162 12 2742 1
459 1 177 11 2239 1
460 7 158 12 1780 1
461 7 164 11 1434 1
462 24 154 12 1029 1
463 21 164 5 465 1
464 41 164 5 465 1
465 17 151 10 1197 1
466 15 161 10 2297 1
467 23 173 12 2405 1
468 8 155 17 3506 1
469 15 155 17 3506 1
470 24 154 10 1645 1
471 23 178 12 2099 1
472 22 176 11 2661 1
473 43 176 11 2661 1
474 9 164 13 2520 1
475 19 152 15 2123 1
476 23 154 11 2192 1
477 22 175 17 1888 1
478 24 160 6 482 1
479 47 160 6 482 1
480 21 159 11 1003 1
481 41 159 11 1003 1
482 61 159 11 1003 1
483 21 161 14 1749 1
484 11 170 16 3972 1
485 32 180 17 2604 1
486 22 179 11 2519 1
487 43 179 11 2519 1
488 23 177 15 2048 1
489 45 177 15 2048 1
490 13 150 17 2119 1
491 9 154 10 2223 1
492 9 150 7 686 1
493 10 160 7 680 1
494 16 151 22 2922 1
495 36 180 18 2376 1
496 10 182 15 3258 1
497 29 159 12 1911 1
498 12 182 15 1399 1
499 16 179 7 958 1
500 21 154 12 1057 1
501 9 175 11 1966 1
502 16 152 9 1108 1
503 9 154 9 709 1
504 27 183 16 2947 1
505 24 183 7 1270 1
506 47 183 7 1270 1
507 7 180 5 735 1
508 24 171 9 1886 1
509 47 171 9 1886 1
510 8 150 12 2246 1
511 25 152 7 1429 1
512 21 161 8 1085 1
513 8 150 4 509 1
514 21 173 10 890 1
515 41 173 10 890 1
516 61 173 10 890 1
517 22 161 12 1975 1
518 43 161 12 1975 1
519 64 161 12 1975 1
520 85 161 12 1975 1
521 106 161 12 1975 1
522 127 161 12 1975 1
523 148 161 12 1975 1
524 18 179 14 3308 1
525 8 169 15 1706 1
526 8 158 9 1734 1
527 9 171 9 2134 1
528 2 173 17 3498 1
529 8 181 7 1760 1
530 22 167 21 1902 1
531 21 159 14 2736 1
532 41 159 14 2736 1
533 30 154 9 1886 1
534 10 152 3 440 1
535 32 173 1 222 1
536 63 173 1 222 1
537 22 182 7 1393 1
538 32 176 9 1238 1
539 17 176 22 3454 1
540 9 178 13 1953 1
541 17 178 13 1953 1
542 15 182 19 3700 1
543 10 152 13 2393 1
544 15 170 13 3021 1
545 14 162 11 1458 1
546 27 162 11 1458 1
547 8 170 7 1463 1
548 30 179 7 888 1
549 59 179 7 888 1
550 24 159 5 734 1
551 47 159 5 734 1
552 24 169 9 2044 1
553 9 155 1 154 1
554 17 155 1 154 1
555 9 162 17 3056 1
556 17 162 17 3056 1
557 21 152 2 246 1
558 9 164 5 914 1
559 18 173 14 3007 1
560 23 169 15 1947 1
561 45 179 17 2071 1
562 89 179 17 2071 1
563 22 176 13 2207 1
564 43 176 13 2207 1
565 17 173 14 3103 1
566 23 178 7 1149 1
567 22 160 14 1784 1
568 22 177 19 2504 1
569 30 179 6 1313 1
570 10 176 13 2125 1
571 15 174 13 1195 1
572 16 173 7 1714 1
573 17 181 9 1088 1
574 9 168 16 2380 1
575 14 164 8 1145 1
576 9 163 11 1025 1
577 8 159 8 1169 1
578 15 159 8 1169 1
579 21 172 17 2083 1
580 23 152 11 1205 1
581 45 152 11 1205 1
582 29 183 12 2115 1
583 2 182 19 3220 1
584 21 160 4 804 1
585 15 155 17 3402 1
586 23 165 15 2171 1
587 3 158 10 1948 1
588 43 172 13 1816 1
589 16 172 13 2017 1
590 31 172 13 2017 1
591 23 154 9 1885 1
592 186 164 12 1852 1
593 16 170 6 1366 1
594 9 151 5 1081 1
595 18 171 15 2595 1
596 10 152 9 1734 1
597 9 160 5 881 1
598 28 177 2 517 1
599 20 173 7 661 1
600 25 179 9 928 1
601 9 171 15 1363 1
602 34 174 11 2087 1
603 15 177 12 1791 1
604 10 162 12 1519 1
605 9 181 11 2780 1
606 8 173 9 1983 1
607 15 173 9 1983 1
608 57 174 14 1221 1
609 26 170 9 1025 1
610 15 164 23 4440 1
611 39 181 13 3016 1
612 10 179 14 1751 1
613 11 151 12 922 1
614 21 151 12 922 1
615 24 152 12 2051 1
616 47 152 12 2051 1
617 15 151 11 2072 1
618 15 182 6 927 1
619 8 175 11 1056 1
620 15 175 11 1056 1
621 22 175 11 1056 1
622 29 175 11 1056 1
623 36 175 11 1056 1
624 43 175 11 1056 1
625 23 167 8 1844 1
626 9 179 17 4463 1
627 71 170 10 1202 1
628 10 180 19 4319 1
629 23 158 10 1321 1
630 39 173 13 1292 1
631 77 173 13 1292 1
632 115 173 13 1292 1
633 23 178 7 1812 1
634 23 193 11 2989 1
635 45 193 11 2989 1
636 21 231 18 4810 1
637 41 231 18 4810 1
638 61 231 18 4810 1
639 41 209 15 4510 1
640 42 223 7 1325 1
641 24 213 13 2462 1
642 47 213 13 2462 1
643 70 213 13 2462 1
644 25 189 11 2997 1
645 11 223 21 5484 1
646 21 223 21 5484 1
647 31 223 21 5484 1
648 80 223 10 2162 1
649 17 209 9 2622 1
650 9 192 19 3041 1
651 14 200 12 1674 1
652 23 195 18 3030 1
653 16 209 4 867 1
654 37 186 16 1738 1
655 73 186 16 1738 1
656 28 208 7 2087 1
657 30 185 13 2221 1
658 28 194 2 407 1
659 7 191 11 1664 1
660 8 212 10 1422 1
661 35 198 12 1718 1
662 61 209 14 4037 1
663 76 189 11 2475 1
664 118 192 18 4317 1
665 8 217 24 6530 1
666 22 186 11 1083 1
667 33 229 10 2607 1
668 6 189 10 1755 1
669 22 221 13 1593 1
670 23 194 10 2292 1
671 23 229 18 2815 1
672 30 213 13 2704 1
673 26 198 15 2758 1
674 25 191 15 1733 1
675 49 191 15 1733 1
676 27 228 16 2971 1
677 53 228 16 2971 1
678 79 228 16 2971 1
679 30 188 13 3473 1
680 28 228 11 1363 1
681 29 189 13 1645 1
682 13 188 12 1645 1
683 20 199 12 1570 1
684 1 191 15 3108 1
685 67 202 13 3691 1
686 22 196 9 2426 1
687 43 196 9 2426 1
688 16 196 16 3251 1
689 10 184 12 2896 1
690 27 221 12 1343 1
691 27 232 12 3358 1
692 28 217 20 5433 1
693 16 200 13 1408 1
694 42 227 9 2112 1
695 28 228 15 3645 1
696 21 196 14 1888 1
697 29 208 11 2336 1
698 24 211 12 1710 1
699 9 191 10 2781 1
700 9 209 24 5332 1
701 3 228 16 4411 1
702 24 200 14 2935 1
703 47 200 14 2935 1
704 30 194 13 3603 1
705 10 218 11 2170 1
706 35 217 17 4525 1
707 24 211 15 4502 1
708 39 222 6 837 1
709 22 186 13 2424 1
710 62 186 11 1591 1
711 29 208 8 1909 1
712 35 200 18 4724 1
713 50 194 19 4183 1
714 14 199 12 1880 1
715 29 186 5 497 1
716 24 232 20 2526 1
717 14 192 11 2005 1
718 20 188 8 1465 1
719 24 196 8 1526 1
720 47 196 8 1526 1
721 70 196 8 1526 1
722 41 194 11 1669 1
723 31 192 13 1411 1
724 61 192 13 1411 1
725 91 192 13 1411 1
726 16 199 11 2374 1
727 6 213 9 2247 1
728 18 193 8 1033 1
729 28 197 11 2765 1
730 54 208 9 2358 1
731 10 218 10 1631 1
732 10 194 10 2382 1
733 10 200 10 2880 1
734 21 231 16 3473 1
735 20 186 12 2961 1
736 15 211 17 4584 1
737 36 186 9 2419 1
738 7 221 15 3520 1
739 27 198 18 3080 1
740 28 229 6 1686 1
741 7 185 6 764 1
742 13 185 6 764 1
743 6 222 16 3845 1
744 16 218 9 1942 1
745 39 220 8 934 1
746 84 232 10 3345 1
747 167 232 10 3345 1
748 22 208 14 2990 1
749 39 221 9 1779 1
750 22 213 11 1819 1
751 21 186 8 1666 1
752 41 186 8 1666 1
753 28 217 13 3745 1
754 29 227 10 3230 1
755 12 184 12 2698 1
756 29 202 13 3471 1
757 5 222 11 1556 1
758 9 222 11 1556 1
759 29 209 10 1770 1
760 69 185 13 2267 1
761 30 229 15 1766 1
762 59 229 15 1766 1
763 88 229 15 1766 1
764 36 202 8 1644 1
765 71 202 8 1644 1
766 7 210 15 2432 1
767 13 210 15 2432 1
768 8 228 21 4628 1
769 25 229 6 1316 1
770 84 218 5 1197 1
771 24 232 13 2368 1
772 28 192 14 2858 1
773 5 196 23 4265 1
774 28 218 14 3656 1
775 33 283 9 3310 1
776 65 283 9 3310 1
777 97 283 9 3310 1
778 129 283 9 3310 1
779 44 296 11 3680 1
780 87 296 11 3680 1
781 90 271 11 1838 1
782 179 271 11 1838 1
783 268 271 11 1838 1
784 70 269 11 3472 1
785 139 269 11 3472 1
786 36 265 28 5977 1
787 43 265 7 934 1
788 74 241 13 1973 1
789 38 290 8 2605 1
790 62 266 11 3623 1
791 123 266 11 3623 1
792 184 266 11 3623 1
793 245 266 11 3623 1
794 54 276 19 6528 1
795 43 250 8 2278 1
796 85 250 8 2278 1
797 127 250 8 2278 1
798 109 266 15 5875 1
799 50 295 26 9975 1
800 43 260 9 1357 1
801 44 265 4 1219 1
802 87 265 4 1219 1
803 130 265 4 1219 1
804 173 265 4 1219 1
805 216 265 4 1219 1
806 43 276 18 3110 1
807 27 283 41 9942 1
808 53 283 41 9942 1
809 44 261 7 2363 1
810 44 294 14 4985 1
811 87 294 14 4985 1
812 37 279 26 9641 1
813 42 240 13 2830 1
814 83 240 13 2830 1
815 124 240 13 2830 1
816 165 240 13 2830 1
817 206 240 13 2830 1
818 247 240 13 2830 1
819 37 241 5 812 1
820 43 278 17 6114 1
821 85 278 17 6114 1
822 127 278 17 6114 1
823 169 278 17 6114 1
824 211 278 17 6114 1
825 44 282 14 3662 1
826 87 282 14 3662 1
827 36 265 10 1356 1
828 44 262 12 2895 1
829 65 285 12 3857 1
830 51 255 6 1327 1
831 43 268 12 3542 1
832 85 268 12 3542 1
833 44 250 23 7610 1
834 87 250 23 7610 1
835 43 290 20 4736 1
836 85 290 20 4736 1
837 44 270 13 3664 1
838 87 270 13 3664 1
839 21 240 8 1012 1
840 41 240 8 1012 1
841 43 264 16 4984 1
842 48 275 28 9011 1
843 95 275 28 9011 1
844 142 275 28 9011 1
845 37 270 10 2660 1
846 49 260 12 3094 1
847 97 260 12 3094 1
848 36 271 11 1777 1
849 23 247 13 3028 1
850 43 280 9 2039 1
851 43 241 16 5522 1
852 85 241 16 5522 1
853 127 241 16 5522 1
854 169 241 16 5522 1
855 43 260 16 3818 1
856 44 290 11 3979 1
857 87 290 11 3979 1
858 130 290 11 3979 1
859 51 247 11 3453 1
860 101 247 11 3453 1
861 151 247 11 3453 1
862 52 266 9 3007 1
863 51 292 15 5029 1
864 42 264 11 2178 1
865 82 267 16 2446 1
866 163 267 16 2446 1
867 32 261 19 4726 1
868 55 277 11 1813 1
869 109 277 11 1813 1
870 44 264 22 6749 1
871 42 294 9 2378 1
872 83 294 9 2378 1
873 6 271 20 6994 1
874 44 271 11 2963 1
875 42 264 16 5407 1
876 83 264 16 5407 1
877 36 278 8 1516 1
878 43 276 22 6900 1
879 37 247 14 3201 1
880 45 294 21 4980 1
881 89 294 21 4980 1
882 133 294 21 4980 1
883 177 294 21 4980 1
884 54 296 15 4443 1
885 48 241 9 2573 1
886 95 241 9 2573 1
887 142 241 9 2573 1
888 79 278 26 10415 1
889 157 278 26 10415 1
890 18 287 21 5206 1
891 35 287 21 5206 1
892 43 276 23 6545 1
893 42 296 27 10911 1
894 83 296 27 10911 1
895 124 296 27 10911 1
896 43 277 24 6331 1
897 33 247 5 1495 1
898 65 247 5 1495 1
899 97 247 5 1495 1
900 43 285 13 3390 1
901 85 285 13 3390 1
902 13 239 18 2691 1
903 85 287 16 3428 1
904 43 264 8 2546 1
905 85 264 8 2546 1
906 127 264 8 2546 1
907 43 279 13 4285 1
908 85 279 13 4285 1
909 43 282 11 2416 1
910 211 240 22 7518 1
911 45 267 8 2852 1
912 89 267 8 2852 1
913 133 267 8 2852 1
914 36 276 18 2614 1
915 36 267 12 2429 1
916 44 269 21 6478 1
917 87 269 21 6478 1
918 43 296 15 4987 1
919 85 296 15 4987 1
920 45 261 24 6377 1
921 44 283 20 6412 1
922 32 271 11 4067 1
923 63 271 11 4067 1
924 38 271 30 5475 1
925 52 241 10 2780 1
926 103 241 10 2780 1
927 49 267 10 2143 1
928 97 267 10 2143 1
929 145 267 10 2143 1
930 193 267 10 2143 1
931 44 267 26 8654 1
932 87 267 26 8654 1
933 130 267 26 8654 1
934 35 290 12 4311 1
935 64 300 25 10084 1
936 57 337 20 7320 1
937 57 337 16 3113 1
938 42 329 14 4951 1
939 44 318 13 3486 1
940 43 316 37 9895 1
941 3 335 25 7868 1
942 42 301 12 3875 1
943 110 340 12 5155 1
944 219 340 12 5155 1
945 50 325 8 2294 1
946 47 306 15 4255 1
947 43 335 51 21085 1
948 50 337 12 4800 1
949 44 300 22 5270 1
950 67 336 17 7097 1
951 93 332 37 7115 1
952 185 332 37 7115 1
953 12 334 18 6510 1
954 57 321 25 9805 1
955 44 329 10 3553 1
956 87 329 10 3553 1
957 105 304 24 7776 1
958 209 304 24 7776 1
959 104 300 17 4720 1
960 50 324 14 5739 1
961 42 301 42 16117 1
962 83 301 42 16117 1
963 41 324 9 3741 1
964 4 306 35 10020 1
965 51 335 26 10443 1
966 58 337 20 9723 1
967 43 335 15 6332 1
968 85 335 15 6332 1
969 44 323 16 4859 1
970 98 333 20 3916 1
971 46 306 15 3811 1
972 52 340 39 9809 1
973 45 324 11 4296 1
974 37 300 22 9050 1
975 56 324 25 4380 1
976 43 336 11 2063 1
977 16 332 20 5569 1
978 6 301 18 3853 1
979 11 301 18 3853 1
980 103 304 22 4823 1
981 43 305 24 7885 1
982 56 316 36 10172 1
983 50 305 22 7461 1
984 112 318 18 5628 1
985 50 337 11 2602 1
986 49 304 29 10100 1
987 4 318 10 4644 1
988 64 335 8 3334 1
989 43 347 15 5165 1
990 36 316 11 3482 1
991 71 316 11 3482 1
992 43 300 17 4341 1
993 57 300 18 4932 1
994 44 334 15 4491 1
995 45 318 24 9285 1
996 35 304 28 11860 1
997 47 318 11 4950 1
998 93 318 11 4950 1
999 139 318 11 4950 1
1000 47 324 20 8779 1
1001 93 324 20 8779 1
1002 37 321 16 3435 1
1003 57 316 22 8452 1
1004 8 335 14 4887 1
1005 44 324 17 2774 1
1006 87 324 17 2774 1
1007 44 302 27 4910 1
1008 50 347 19 7911 1
1009 44 302 18 6691 1
1010 52 316 25 6152 1
1011 102 304 14 3616 1
1012 57 300 13 4646 1
1013 113 300 13 4646 1
1014 51 332 12 4966 1
1015 42 324 25 10448 1
1016 83 324 25 10448 1
1017 42 336 28 7286 1
1018 83 336 28 7286 1
1019 124 336 28 7286 1
1020 65 329 14 4992 1
1021 38 333 35 11652 1
1022 75 333 35 11652 1
1023 36 316 14 6044 1
1024 42 306 13 2223 1
1025 113 367 10 4391 1
1026 2 349 12 3870 1
1027 114 367 12 6552 1
1028 59 351 56 24035 1
1029 7 366 37 15466 1
1030 185 367 73 34441 1
1031 5 366 18 4230 1
1032 10 349 15 4301 1
1033 19 349 15 4301 1
1034 160 367 25 11055 1
1035 51 351 87 29952 1
1036 3 364 27 12987 1
1037 5 364 27 12987 1
26
500 500 500 500 500 500 500 500 500 500 500 500 500 500 500 500 500 500 500 500 500 500 500 500 500 500 