1037
1 2 100 7 758 1
2 3 100 7 758 1
3 16 75 2 201 1
4 2 75 2 193 1
5 6 75 5 511 1
6 11 75 5 511 1
7 2 100 3 214 1
8 3 100 3 214 1
9 4 100 3 214 1
10 5 100 3 214 1
11 5 75 2 118 1
12 32 100 6 651 1
13 4 100 6 574 1
14 7 100 6 574 1
15 10 100 6 574 1
16 13 100 6 574 1
17 16 100 6 574 1
18 4 100 1 119 1
19 7 100 1 119 1
20 1 99 1 131 1
21 1 99 1 131 1
22 1 99 1 131 1
23 3 99 3 323 1
24 5 99 3 323 1
25 36 99 2 215 1
26 71 99 2 215 1
27 106 99 2 215 1
28 3 99 2 148 1
29 5 99 2 148 1
30 20 100 1 137 1
31 8 100 2 218 1
32 15 100 2 218 1
33 3 75 6 400 1
34 5 75 6 400 1
35 7 75 6 400 1
36 9 75 6 400 1
37 11 75 6 400 1
38 11 75 2 159 1
39 21 75 2 159 1
40 40 85 2 235 1
41 2 75 1 73 1
42 3 75 1 73 1
43 4 75 1 73 1
44 2 85 11 468 1
45 3 85 11 468 1
46 4 85 11 468 1
47 5 85 11 468 1
48 6 85 11 468 1
49 22 99 1 80 1
50 43 99 1 80 1
51 64 99 1 80 1
52 1 99 3 358 1
53 1 99 3 358 1
54 18 99 8 430 1
55 35 99 8 430 1
56 52 99 8 430 1
57 4 85 4 176 1
58 16 75 2 97 1
59 5 100 3 390 1
60 5 85 12 727 1
61 23 99 1 142 1
62 8 147 10 1350 1
63 12 148 12 1352 1
64 8 137 9 1739 1
65 15 137 9 1739 1
66 8 142 13 2754 1
67 9 136 14 1980 1
68 8 130 6 974 1
69 15 130 6 974 1
70 10 136 11 1386 1
71 8 146 14 2549 1
72 15 146 14 2549 1
73 22 146 14 2549 1
74 29 146 14 2549 1
75 36 146 14 2549 1
76 43 146 14 2549 1
77 15 146 14 1067 1
78 8 140 19 2626 1
79 15 140 19 2626 1
80 11 102 6 862 1
81 15 139 11 1522 1
82 29 139 11 1522 1
83 43 139 11 1522 1
84 57 139 11 1522 1
85 15 142 13 2649 1
86 29 142 13 2649 1
87 9 115 6 579 1
88 10 141 11 863 1
89 19 141 11 863 1
90 9 139 16 2868 1
91 17 139 16 2868 1
92 7 138 8 1143 1
93 13 138 8 1143 1
94 16 139 13 1015 1
95 9 140 8 1504 1
96 17 140 8 1504 1
97 51 148 12 1111 1
98 9 121 11 1667 1
99 17 121 11 1667 1
100 25 121 11 1667 1
101 8 142 14 1433 1
102 8 139 12 1557 1
103 15 139 12 1557 1
104 8 149 28 3617 1
105 8 137 12 1233 1
106 15 137 12 1233 1
107 22 137 12 1233 1
108 8 102 5 526 1
109 9 143 5 857 1
110 17 143 5 857 1
111 21 143 15 1899 1
112 8 121 14 1899 1
113 15 121 14 1899 1
114 13 148 13 1176 1
115 25 148 13 1176 1
116 8 122 19 2630 1
117 15 122 19 2630 1
118 22 122 19 2630 1
119 19 149 17 3650 1
120 37 149 17 3650 1
121 8 147 13 2167 1
122 9 122 10 877 1
123 17 122 10 877 1
124 8 137 14 2190 1
125 20 113 14 1775 1
126 39 113 14 1775 1
127 10 146 10 1100 1
128 8 146 11 1796 1
129 15 146 11 1796 1
130 22 146 11 1796 1
131 29 146 11 1796 1
132 36 146 11 1796 1
133 17 145 13 1621 1
134 8 134 8 1591 1
135 15 134 8 1591 1
136 8 139 13 1219 1
137 15 139 13 1219 1
138 11 122 10 750 1
139 8 121 12 1747 1
140 15 121 12 1747 1
141 8 148 16 2877 1
142 15 148 16 2877 1
143 14 125 10 700 1
144 27 125 10 700 1
145 8 146 19 2685 1
146 15 146 19 2685 1
147 22 146 19 2685 1
148 29 146 19 2685 1
149 9 149 17 1892 1
150 8 135 9 1237 1
151 15 135 9 1237 1
152 8 143 13 1957 1
153 16 149 14 2123 1
154 31 149 14 2123 1
155 46 149 14 2123 1
156 61 149 14 2123 1
157 16 130 9 1339 1
158 9 125 10 1107 1
159 17 125 10 1107 1
160 8 145 9 1844 1
161 15 145 9 1844 1
162 22 145 9 1844 1
163 29 145 9 1844 1
164 36 145 9 1844 1
165 8 144 13 1929 1
166 15 144 13 1929 1
167 6 135 6 771 1
168 11 135 6 771 1
169 9 140 6 478 1
170 17 140 6 478 1
171 25 140 6 478 1
172 5 116 11 1168 1
173 7 130 8 1261 1
174 9 142 10 1088 1
175 17 142 10 1088 1
176 25 142 10 1088 1
177 20 116 7 1213 1
178 13 144 13 1719 1
179 25 144 13 1719 1
180 37 144 13 1719 1
181 49 144 13 1719 1
182 9 102 10 836 1
183 9 140 11 1685 1
184 17 140 11 1685 1
185 7 135 8 1438 1
186 13 148 12 982 1
187 2 109 1 75 1
188 9 124 12 1797 1
189 17 124 12 1797 1
190 21 140 13 2416 1
191 5 144 14 1841 1
192 9 146 15 3013 1
193 17 146 15 3013 1
194 25 146 15 3013 1
195 33 146 15 3013 1
196 41 146 15 3013 1
197 49 146 15 3013 1
198 57 146 15 3013 1
199 8 142 10 2025 1
200 12 136 5 450 1
201 23 136 5 450 1
202 34 136 5 450 1
203 45 136 5 450 1
204 4 122 12 1874 1
205 7 122 12 1874 1
206 10 122 12 1874 1
207 9 125 13 1858 1
208 17 125 13 1858 1
209 25 125 13 1858 1
210 8 147 18 3244 1
211 15 147 18 3244 1
212 9 135 10 1222 1
213 17 135 10 1222 1
214 25 135 10 1222 1
215 11 137 6 648 1
216 21 137 6 648 1
217 31 137 6 648 1
218 17 122 8 718 1
219 7 136 11 2174 1
220 10 145 11 1643 1
221 19 145 11 1643 1
222 28 145 11 1643 1
223 37 145 11 1643 1
224 9 142 13 2142 1
225 17 142 13 2142 1
226 25 142 13 2142 1
227 9 147 12 2118 1
228 17 147 12 2118 1
229 25 147 12 2118 1
230 33 147 12 2118 1
231 41 147 12 2118 1
232 49 147 12 2118 1
233 57 147 12 2118 1
234 15 141 14 1186 1
235 9 121 14 1050 1
236 12 125 14 2418 1
237 8 143 8 1365 1
238 8 113 13 1133 1
239 15 113 13 1133 1
240 4 137 13 1609 1
241 7 137 13 1609 1
242 9 102 4 474 1
243 17 102 4 474 1
244 17 148 15 1689 1
245 33 148 15 1689 1
246 6 149 12 1389 1
247 11 149 12 1389 1
248 8 121 8 780 1
249 15 121 8 780 1
250 22 121 8 780 1
251 10 149 20 2804 1
252 19 149 20 2804 1
253 28 149 20 2804 1
254 10 144 18 1680 1
255 19 144 18 1680 1
256 28 144 18 1680 1
257 8 108 10 1470 1
258 15 108 10 1470 1
259 22 108 10 1470 1
260 29 108 10 1470 1
261 36 108 10 1470 1
262 43 108 10 1470 1
263 7 145 11 2300 1
264 14 149 13 2729 1
265 7 136 12 1844 1
266 21 148 14 2327 1
267 41 148 14 2327 1
268 61 148 14 2327 1
269 81 148 14 2327 1
270 101 148 14 2327 1
271 9 108 8 1140 1
272 17 108 8 1140 1
273 8 141 14 1804 1
274 15 141 14 1804 1
275 22 141 14 1804 1
276 29 141 14 1804 1
277 36 141 14 1804 1
278 43 141 14 1804 1
279 50 141 14 1804 1
280 9 144 14 1203 1
281 9 109 13 1282 1
282 8 122 11 1213 1
283 9 141 13 2687 1
284 8 121 15 1794 1
285 9 146 13 2052 1
286 17 146 13 2052 1
287 25 146 13 2052 1
288 4 130 8 910 1
289 7 130 8 910 1
290 22 138 19 2120 1
291 43 138 19 2120 1
292 10 133 10 1411 1
293 19 133 10 1411 1
294 28 133 10 1411 1
295 37 133 10 1411 1
296 8 137 11 1248 1
297 8 141 10 863 1
298 9 148 11 2105 1
299 17 148 11 2105 1
300 25 148 11 2105 1
301 8 122 7 1138 1
302 14 140 10 1984 1
303 9 145 12 2150 1
304 3 124 10 1321 1
305 9 147 5 459 1
306 17 147 5 459 1
307 15 102 12 1282 1
308 9 133 14 1403 1
309 17 133 14 1403 1
310 14 136 10 1420 1
311 8 135 7 532 1
312 15 135 7 532 1
313 12 139 11 1486 1
314 23 139 11 1486 1
315 8 121 13 2099 1
316 15 121 13 2099 1
317 22 121 13 2099 1
318 29 121 13 2099 1
319 8 142 16 1323 1
320 15 142 16 1323 1
321 14 130 16 1855 1
322 27 130 16 1855 1
323 40 130 16 1855 1
324 53 130 16 1855 1
325 8 102 10 1140 1
326 15 102 10 1140 1
327 22 102 10 1140 1
328 14 124 4 292 1
329 8 141 14 2640 1
330 15 141 14 2640 1
331 22 141 14 2640 1
332 29 141 14 2640 1
333 36 141 14 2640 1
334 43 141 14 2640 1
335 50 141 14 2640 1
336 9 133 12 1002 1
337 17 133 12 1002 1
338 25 133 12 1002 1
339 8 142 15 1481 1
340 8 138 6 1190 1
341 15 138 6 1190 1
342 14 130 7 1129 1
343 27 130 7 1129 1
344 40 130 7 1129 1
345 15 116 8 1362 1
346 29 116 8 1362 1
347 43 116 8 1362 1
348 57 116 8 1362 1
349 8 140 9 1526 1
350 11 149 13 1527 1
351 21 149 13 1527 1
352 31 149 13 1527 1
353 9 108 8 1160 1
354 7 121 13 927 1
355 16 116 6 421 1
356 8 141 8 804 1
357 8 113 10 588 1
358 15 113 10 588 1
359 11 124 9 830 1
360 21 124 9 830 1
361 13 147 12 1678 1
362 25 147 12 1678 1
363 37 147 12 1678 1
364 18 139 11 2209 1
365 35 139 11 2209 1
366 52 139 11 2209 1
367 8 122 13 1336 1
368 15 122 13 1336 1
369 22 122 13 1336 1
370 9 139 10 1587 1
371 15 141 18 2524 1
372 9 142 13 1835 1
373 6 143 17 2460 1
374 13 144 14 2901 1
375 25 144 14 2901 1
376 12 142 11 1854 1
377 23 142 11 1854 1
378 8 109 12 1276 1
379 15 109 12 1276 1
380 22 109 12 1276 1
381 12 149 16 1910 1
382 23 149 16 1910 1
383 9 115 17 1662 1
384 17 115 17 1662 1
385 3 116 9 1439 1
386 9 115 10 1086 1
387 17 115 10 1086 1
388 25 115 10 1086 1
389 18 113 8 1202 1
390 3 116 11 1108 1
391 12 115 11 1265 1
392 23 115 11 1265 1
393 14 142 7 1243 1
394 27 142 7 1243 1
395 16 109 6 667 1
396 13 115 9 937 1
397 25 115 9 937 1
398 11 148 14 1224 1
399 8 122 8 1124 1
400 15 122 8 1124 1
401 9 147 6 1104 1
402 9 134 11 1051 1
403 8 144 11 2082 1
404 9 130 12 1076 1
405 5 125 8 582 1
406 9 125 8 582 1
407 8 148 13 1432 1
408 15 148 13 1432 1
409 5 138 9 1497 1
410 8 141 7 1020 1
411 36 115 9 998 1
412 9 113 12 1086 1
413 17 113 12 1086 1
414 25 113 12 1086 1
415 8 113 8 499 1
416 9 139 14 2656 1
417 9 139 11 1691 1
418 17 139 11 1691 1
419 8 121 12 1368 1
420 14 134 14 1988 1
421 9 143 5 612 1
422 8 134 11 2161 1
423 14 144 4 766 1
424 27 144 4 766 1
425 17 130 15 2399 1
426 9 122 12 795 1
427 17 122 12 795 1
428 25 122 12 795 1
429 9 134 30 5180 1
430 9 115 8 473 1
431 17 115 8 473 1
432 23 163 11 1018 1
433 31 176 5 855 1
434 16 181 11 1068 1
435 9 165 3 591 1
436 78 181 17 2905 1
437 27 164 9 1009 1
438 27 179 13 1647 1
439 11 164 6 1150 1
440 27 180 14 3275 1
441 8 176 18 3194 1
442 15 176 18 3194 1
443 12 181 16 3209 1
444 9 178 13 1972 1
445 43 178 15 1905 1
446 47 159 14 2971 1
447 37 163 16 3195 1
448 20 174 12 2656 1
449 19 161 13 1074 1
450 37 161 13 1074 1
451 55 161 13 1074 1
452 73 161 13 1074 1
453 23 164 16 3549 1
454 45 164 16 3549 1
455 67 164 16 3549 1
456 7 181 11 2516 1
457 49 155 14 1153 1
458 35 172 9 1874 1
459 21 155 12 2418 1
460 52 168 8 1505 1
461 9 162 6 1016 1
462 10 151 5 574 1
463 35 181 8 1085 1
464 69 181 8 1085 1
465 8 180 19 2992 1
466 11 173 11 1770 1
467 9 168 8 878 1
468 10 180 21 3363 1
469 9 160 10 1927 1
470 17 160 10 1927 1
471 15 177 5 1244 1
472 29 177 5 1244 1
473 101 181 15 1979 1
474 35 182 2 542 1
475 9 159 13 2590 1
476 17 159 13 2590 1
477 35 173 7 1227 1
478 3 177 9 1628 1
479 23 165 21 3051 1
480 10 162 11 2588 1
481 41 159 9 2094 1
482 9 160 7 1173 1
483 33 159 18 2349 1
484 20 160 9 1410 1
485 23 161 11 1391 1
486 45 161 11 1391 1
487 43 182 13 3167 1
488 24 167 20 4565 1
489 21 171 19 4721 1
490 20 171 15 2031 1
491 39 171 15 2031 1
492 9 180 11 1112 1
493 23 179 9 1829 1
494 8 181 16 1475 1
495 2 152 12 2307 1
496 26 158 12 1087 1
497 22 172 16 3194 1
498 9 182 18 3393 1
499 17 182 18 3393 1
500 12 177 14 1438 1
501 9 178 18 3539 1
502 29 152 8 1816 1
503 9 178 17 3165 1
504 15 179 11 2219 1
505 29 179 11 2219 1
506 23 183 15 3909 1
507 45 183 15 3909 1
508 67 183 15 3909 1
509 8 155 13 1690 1
510 15 155 13 1690 1
511 17 165 17 3242 1
512 31 176 17 2472 1
513 16 169 4 362 1
514 43 154 17 2338 1
515 32 161 29 5852 1
516 11 181 15 3260 1
517 13 154 12 1596 1
518 25 154 12 1596 1
519 46 171 13 2357 1
520 91 171 13 2357 1
521 136 171 13 2357 1
522 2 182 18 4488 1
523 28 174 14 1661 1
524 7 151 13 1678 1
525 26 180 12 1958 1
526 51 180 12 1958 1
527 23 155 10 1167 1
528 22 154 21 4752 1
529 43 154 21 4752 1
530 28 182 10 1973 1
531 15 180 28 6491 1
532 4 163 16 2337 1
533 35 150 11 1739 1
534 8 170 14 1667 1
535 9 161 30 4375 1
536 22 172 11 1770 1
537 7 161 13 1589 1
538 8 176 16 3759 1
539 15 176 16 3759 1
540 30 173 5 822 1
541 8 168 13 2073 1
542 15 168 13 2073 1
543 49 170 12 1083 1
544 10 151 6 752 1
545 11 159 10 2333 1
546 9 152 10 2186 1
547 17 179 16 2047 1
548 33 179 16 2047 1
549 22 163 19 4212 1
550 43 163 19 4212 1
551 23 177 15 3378 1
552 45 177 15 3378 1
553 23 175 12 2228 1
554 23 155 14 2279 1
555 28 170 14 1845 1
556 22 174 8 1753 1
557 27 172 19 2968 1
558 53 172 19 2968 1
559 22 173 20 4355 1
560 18 174 2 388 1
561 27 172 12 2571 1
562 2 151 7 585 1
563 15 164 7 1454 1
564 29 164 7 1454 1
565 43 164 7 1454 1
566 29 174 7 1079 1
567 23 172 14 1996 1
568 45 172 14 1996 1
569 22 155 12 2276 1
570 43 155 12 2276 1
571 35 152 15 3400 1
572 16 174 14 2022 1
573 31 174 14 2022 1
574 12 169 14 3138 1
575 22 169 4 534 1
576 43 169 4 534 1
577 9 169 6 982 1
578 21 178 18 2888 1
579 23 171 14 3386 1
580 21 158 8 1864 1
581 22 181 13 2700 1
582 8 182 14 2283 1
583 9 171 13 3259 1
584 36 168 9 1182 1
585 71 168 9 1182 1
586 8 176 12 1984 1
587 19 159 13 1488 1
588 16 182 11 2362 1
589 44 163 12 1884 1
590 16 178 16 2874 1
591 10 150 16 2159 1
592 15 173 17 1669 1
593 21 179 8 755 1
594 23 173 16 3295 1
595 8 169 7 1363 1
596 45 182 12 3047 1
597 20 182 16 2501 1
598 53 174 7 1608 1
599 15 152 8 1094 1
600 20 171 9 1627 1
601 9 150 6 1036 1
602 37 170 2 472 1
603 73 170 2 472 1
604 9 171 11 2550 1
605 43 152 12 2121 1
606 7 177 10 2211 1
607 13 177 10 2211 1
608 19 177 10 2211 1
609 10 152 20 3906 1
610 19 152 20 3906 1
611 62 167 4 574 1
612 48 150 10 981 1
613 8 165 10 863 1
614 9 174 15 2758 1
615 17 174 15 2758 1
616 13 173 14 1820 1
617 7 179 16 2252 1
618 3 183 9 2219 1
619 44 181 15 3658 1
620 10 169 9 1668 1
621 9 181 26 5940 1
622 10 181 8 1180 1
623 108 174 5 741 1
624 24 178 16 3844 1
625 29 168 2 185 1
626 15 172 11 2478 1
627 9 177 17 4118 1
628 17 177 17 4118 1
629 11 172 7 1752 1
630 27 151 10 2233 1
631 22 180 15 3255 1
632 43 180 15 3255 1
633 6 159 1 180 1
634 26 195 7 1114 1
635 23 188 5 1003 1
636 45 188 5 1003 1
637 31 222 7 1430 1
638 23 195 8 1864 1
639 16 188 15 1534 1
640 26 184 6 1223 1
641 51 184 6 1223 1
642 5 229 8 1776 1
643 57 231 13 2676 1
644 9 197 13 2718 1
645 6 192 11 2834 1
646 17 210 11 1198 1
647 28 208 6 1155 1
648 23 189 11 1750 1
649 30 200 17 4647 1
650 71 231 9 2462 1
651 23 210 12 3736 1
652 37 197 14 1475 1
653 73 197 14 1475 1
654 29 196 15 3281 1
655 10 213 12 3211 1
656 15 211 24 3846 1
657 25 209 13 3448 1
658 49 209 13 3448 1
659 28 185 15 1472 1
660 8 221 15 2365 1
661 25 191 8 2088 1
662 60 192 4 706 1
663 9 193 6 638 1
664 26 199 14 3430 1
665 26 202 9 2133 1
666 30 199 17 2611 1
667 23 212 19 5893 1
668 24 200 13 3075 1
669 25 212 11 2147 1
670 54 186 18 1728 1
671 30 232 13 2716 1
672 9 198 9 1905 1
673 23 229 17 5429 1
674 8 216 2 549 1
675 34 213 16 2895 1
676 71 222 13 3981 1
677 9 193 5 1072 1
678 34 199 6 1317 1
679 10 232 15 3886 1
680 1 188 6 1130 1
681 51 193 7 925 1
682 20 217 14 4008 1
683 9 216 16 2076 1
684 2 222 22 5916 1
685 23 197 1 211 1
686 45 197 1 211 1
687 38 231 6 1054 1
688 24 196 7 1991 1
689 29 212 14 3096 1
690 34 196 13 3189 1
691 28 221 13 1684 1
692 24 189 9 2363 1
693 13 213 9 2266 1
694 58 197 7 2043 1
695 31 200 9 2247 1
696 61 200 9 2247 1
697 20 232 8 2094 1
698 39 232 8 2094 1
699 15 218 11 3010 1
700 33 194 17 4056 1
701 65 194 17 4056 1
702 19 229 9 2909 1
703 17 210 6 1130 1
704 38 223 15 2694 1
705 6 221 12 3696 1
706 87 194 15 3862 1
707 39 195 6 1589 1
708 15 200 12 2702 1
709 14 200 10 2967 1
710 30 198 8 925 1
711 7 200 9 2391 1
712 26 193 13 1618 1
713 51 193 13 1618 1
714 38 222 11 1803 1
715 9 197 4 969 1
716 29 200 6 1087 1
717 46 218 9 1693 1
718 20 222 12 3363 1
719 39 222 12 3363 1
720 22 209 16 4524 1
721 43 209 16 4524 1
722 30 197 12 1474 1
723 29 221 8 1842 1
724 28 217 13 3382 1
725 6 211 14 1964 1
726 22 216 6 941 1
727 16 184 9 2111 1
728 40 186 9 1393 1
729 29 217 13 2250 1
730 57 217 13 2250 1
731 39 210 8 1131 1
732 77 210 8 1131 1
733 9 218 7 1656 1
734 17 218 7 1656 1
735 26 229 8 2334 1
736 51 229 8 2334 1
737 8 200 6 1333 1
738 27 228 11 2641 1
739 37 200 15 4440 1
740 26 193 12 2765 1
741 22 198 10 1029 1
742 43 198 10 1029 1
743 21 202 8 1006 1
744 41 202 8 1006 1
745 17 221 9 1474 1
746 71 221 12 3057 1
747 141 221 12 3057 1
748 13 202 15 2489 1
749 26 232 15 2246 1
750 29 212 12 3580 1
751 8 222 11 2351 1
752 28 213 29 6424 1
753 30 193 13 2614 1
754 15 199 11 2839 1
755 38 229 18 4150 1
756 14 229 7 1610 1
757 14 188 11 1269 1
758 39 191 18 5023 1
759 39 199 18 3077 1
760 35 194 15 4273 1
761 22 184 9 888 1
762 43 184 9 888 1
763 25 209 14 2588 1
764 49 209 14 2588 1
765 15 202 7 933 1
766 22 185 10 2452 1
767 43 185 10 2452 1
768 29 218 13 2427 1
769 7 186 6 1619 1
770 36 193 10 1716 1
771 23 227 16 2261 1
772 12 196 12 2125 1
773 29 223 16 2339 1
774 29 229 13 2509 1
775 44 268 15 4899 1
776 87 268 15 4899 1
777 130 268 15 4899 1
778 43 259 16 2434 1
779 49 285 19 4820 1
780 60 287 15 6404 1
781 24 270 5 1668 1
782 47 270 5 1668 1
783 70 270 5 1668 1
784 171 295 21 3396 1
785 43 292 10 3736 1
786 85 292 10 3736 1
787 43 270 11 2325 1
788 85 270 11 2325 1
789 43 296 11 3368 1
790 72 290 11 3746 1
791 42 269 15 5341 1
792 10 277 21 3561 1
793 42 295 31 9518 1
794 83 295 31 9518 1
795 44 268 9 1491 1
796 59 262 8 1894 1
797 52 280 24 6993 1
798 103 280 24 6993 1
799 154 280 24 6993 1
800 205 280 24 6993 1
801 256 280 24 6993 1
802 43 268 11 2523 1
803 85 268 11 2523 1
804 36 247 11 2649 1
805 44 275 20 6577 1
806 67 268 17 3160 1
807 43 271 24 9154 1
808 85 271 24 9154 1
809 37 290 44 18157 1
810 73 290 44 18157 1
811 109 290 44 18157 1
812 43 294 13 5178 1
813 44 277 11 1830 1
814 44 283 30 7375 1
815 33 282 18 2771 1
816 57 271 15 2128 1
817 43 264 16 3750 1
818 85 264 16 3750 1
819 43 250 23 6858 1
820 42 262 13 4126 1
821 42 271 21 3854 1
822 69 282 10 2441 1
823 137 282 10 2441 1
824 205 282 10 2441 1
825 57 294 31 6274 1
826 113 294 31 6274 1
827 169 294 31 6274 1
828 225 294 31 6274 1
829 43 255 21 6092 1
830 204 294 12 2285 1
831 43 269 9 2464 1
832 43 283 20 5326 1
833 36 285 9 2567 1
834 65 270 15 4172 1
835 129 270 15 4172 1
836 42 240 11 1514 1
837 43 278 10 3657 1
838 43 262 22 8067 1
839 85 262 22 8067 1
840 45 285 7 2526 1
841 44 270 25 4604 1
842 42 247 7 1170 1
843 62 270 11 2453 1
844 45 263 34 6885 1
845 89 263 34 6885 1
846 133 263 34 6885 1
847 44 259 12 3128 1
848 44 269 14 3504 1
849 44 266 42 6382 1
850 48 275 10 1630 1
851 187 276 13 5030 1
852 51 285 9 3268 1
853 30 296 9 2793 1
854 36 279 19 7829 1
855 44 294 19 2847 1
856 58 275 17 5259 1
857 23 267 12 4371 1
858 36 262 16 4294 1
859 44 270 7 2204 1
860 4 280 20 3260 1
861 43 295 15 5035 1
862 47 255 31 10492 1
863 43 271 15 5326 1
864 85 271 15 5326 1
865 44 264 27 5500 1
866 46 280 31 8512 1
867 47 295 23 9493 1
868 93 295 23 9493 1
869 29 287 21 7419 1
870 43 294 14 4258 1
871 85 294 14 4258 1
872 127 294 14 4258 1
873 70 256 10 1762 1
874 139 256 10 1762 1
875 38 292 10 3621 1
876 44 247 13 3874 1
877 87 247 13 3874 1
878 44 259 11 2399 1
879 87 259 11 2399 1
880 45 283 26 4751 1
881 89 283 26 4751 1
882 133 283 26 4751 1
883 177 283 26 4751 1
884 44 276 19 7427 1
885 87 276 19 7427 1
886 43 239 15 5205 1
887 36 259 14 3504 1
888 33 285 22 5352 1
889 65 285 22 5352 1
890 97 285 22 5352 1
891 44 275 20 3960 1
892 36 263 21 3694 1
893 20 247 18 3944 1
894 45 290 15 2464 1
895 89 290 15 2464 1
896 133 290 15 2464 1
897 67 259 6 1216 1
898 133 259 6 1216 1
899 199 259 6 1216 1
900 265 259 6 1216 1
901 35 264 14 3980 1
902 42 276 13 2955 1
903 43 263 10 2626 1
904 85 263 10 2626 1
905 109 255 15 4797 1
906 43 268 7 1515 1
907 85 268 7 1515 1
908 42 283 12 3289 1
909 43 287 10 4034 1
910 85 287 10 4034 1
911 42 266 11 1765 1
912 83 266 11 1765 1
913 12 259 12 2770 1
914 23 259 12 2770 1
915 27 281 13 3270 1
916 43 267 44 12703 1
917 37 278 8 1899 1
918 44 270 15 5783 1
919 44 282 15 3019 1
920 37 262 19 6869 1
921 23 295 29 6200 1
922 43 241 11 3006 1
923 53 264 9 2180 1
924 45 241 25 8591 1
925 89 241 25 8591 1
926 133 241 25 8591 1
927 77 275 10 3990 1
928 153 275 10 3990 1
929 229 275 10 3990 1
930 305 275 10 3990 1
931 44 279 22 3849 1
932 87 279 22 3849 1
933 40 247 13 4109 1
934 79 247 13 4109 1
935 100 333 18 6160 1
936 53 323 22 9654 1
937 19 321 15 2959 1
938 95 337 28 5895 1
939 189 337 28 5895 1
940 5 321 34 6716 1
941 43 305 23 5844 1
942 85 305 23 5844 1
943 43 329 20 4824 1
944 85 329 20 4824 1
945 35 301 21 9028 1
946 44 304 30 11194 1
947 44 323 16 7339 1
948 43 301 22 4050 1
949 85 301 22 4050 1
950 53 306 34 15357 1
951 105 306 34 15357 1
952 37 333 32 11290 1
953 37 321 34 7808 1
954 45 337 14 5112 1
955 45 300 27 9842 1
956 57 325 26 7670 1
957 43 306 36 10768 1
958 23 333 26 11588 1
959 43 324 16 3627 1
960 111 318 13 3854 1
961 42 301 31 5925 1
962 83 301 31 5925 1
963 43 337 51 10442 1
964 85 337 51 10442 1
965 64 319 12 4977 1
966 42 321 21 8715 1
967 83 321 21 8715 1
968 125 332 13 5304 1
969 49 300 12 4766 1
970 57 305 13 2693 1
971 44 347 19 4800 1
972 64 347 17 4899 1
973 43 319 24 8300 1
974 29 324 27 10145 1
975 43 337 22 6026 1
976 51 323 21 4901 1
977 49 319 17 5481 1
978 49 332 14 4178 1
979 44 301 23 3516 1
980 36 305 16 4188 1
981 39 321 18 8076 1
982 77 321 18 8076 1
983 229 316 9 1620 1
984 44 318 15 4390 1
985 87 318 15 4390 1
986 44 333 21 9017 1
987 44 300 22 5582 1
988 42 336 21 7163 1
989 40 305 14 5372 1
990 42 336 28 5262 1
991 43 347 42 13684 1
992 85 347 42 13684 1
993 42 334 12 4406 1
994 43 333 28 7868 1
995 64 337 21 3631 1
996 44 323 14 3170 1
997 56 302 19 4658 1
998 42 318 8 2449 1
999 26 333 20 9328 1
1000 111 336 24 8427 1
1001 293 323 11 1873 1
1002 49 323 11 3710 1
1003 20 337 15 4748 1
1004 43 337 16 5524 1
1005 51 329 32 5922 1
1006 48 332 20 8242 1
1007 5 305 18 6722 1
1008 49 335 16 3655 1
1009 115 334 19 9481 1
1010 229 334 19 9481 1
1011 52 323 38 15938 1
1012 37 329 38 11467 1
1013 52 305 10 2261 1
1014 44 323 16 5964 1
1015 37 304 10 2938 1
1016 43 333 32 9914 1
1017 44 319 13 2863 1
1018 87 319 13 2863 1
1019 43 300 27 10682 1
1020 58 329 29 5369 1
1021 115 329 29 5369 1
1022 57 301 16 4742 1
1023 113 301 16 4742 1
1024 42 347 20 8178 1
1025 5 350 238 80239 1
1026 9 350 238 80239 1
1027 1 364 6 2278 1
1028 1 364 6 2278 1
1029 5 350 35 12709 1
1030 6 367 10 3768 1
1031 11 367 10 3768 1
1032 16 367 10 3768 1
1033 46 349 21 3842 1
1034 7 367 15 7093 1
1035 15 366 10 2273 1
1036 17 351 12 5188 1
1037 57 349 8 1443 1
26
500 500 500 500 500 500 500 500 500 500 500 500 500 500 500 500 500 500 500 500 500 500 500 500 500 500 