1037
1 21 100 1 71 1
2 41 100 1 71 1
3 11 85 1 124 1
4 21 85 1 124 1
5 31 85 1 124 1
6 11 85 1 95 1
7 16 99 2 223 1
8 31 99 2 223 1
9 2 85 1 113 1
10 3 85 1 113 1
11 4 85 1 113 1
12 3 85 4 383 1
13 5 85 4 383 1
14 7 85 4 383 1
15 30 100 2 144 1
16 59 100 2 144 1
17 88 100 2 144 1
18 3 100 3 242 1
19 3 100 1 53 1
20 5 100 1 53 1
21 7 100 1 53 1
22 9 100 1 53 1
23 11 100 1 53 1
24 13 100 1 53 1
25 4 75 2 106 1
26 7 75 2 106 1
27 10 75 2 106 1
28 3 100 2 266 1
29 5 100 2 266 1
30 7 100 2 266 1
31 2 75 7 540 1
32 3 75 7 540 1
33 4 75 7 540 1
34 19 75 7 696 1
35 37 75 7 696 1
36 5 75 1 102 1
37 17 100 4 497 1
38 37 85 3 226 1
39 9 100 4 233 1
40 17 100 4 233 1
41 4 100 2 112 1
42 7 100 2 112 1
43 11 85 5 594 1
44 3 75 4 230 1
45 5 75 4 230 1
46 7 75 4 230 1
47 4 99 2 251 1
48 7 99 2 251 1
49 10 99 2 251 1
50 2 75 3 148 1
51 3 75 3 148 1
52 4 75 3 148 1
53 5 75 3 148 1
54 6 75 3 148 1
55 3 99 1 77 1
56 8 99 2 280 1
57 15 99 2 280 1
58 32 100 2 193 1
59 63 100 2 193 1
60 1 100 1 105 1
61 21 75 2 149 1
62 12 135 4 667 1
63 6 147 11 1660 1
64 15 134 10 1988 1
65 8 145 15 2823 1
66 15 145 15 2823 1
67 22 145 15 2823 1
68 29 145 15 2823 1
69 36 145 15 2823 1
70 43 145 15 2823 1
71 9 141 12 1489 1
72 17 141 12 1489 1
73 16 124 12 826 1
74 31 124 12 826 1
75 46 124 12 826 1
76 61 124 12 826 1
77 76 124 12 826 1
78 8 141 14 1420 1
79 15 141 14 1420 1
80 16 116 14 1181 1
81 8 124 4 440 1
82 15 124 4 440 1
83 22 124 4 440 1
84 13 102 7 415 1
85 7 136 13 2579 1
86 13 136 13 2579 1
87 19 136 13 2579 1
88 17 146 12 2528 1
89 9 137 11 1579 1
90 11 145 14 2360 1
91 21 145 14 2360 1
92 31 145 14 2360 1
93 9 134 15 1008 1
94 9 136 11 1812 1
95 8 108 10 879 1
96 15 108 10 879 1
97 22 108 10 879 1
98 17 139 10 1861 1
99 8 137 11 1171 1
100 15 115 6 730 1
101 29 115 6 730 1
102 7 109 7 693 1
103 9 115 10 1715 1
104 10 145 7 1218 1
105 14 139 16 3009 1
106 27 139 16 3009 1
107 40 139 16 3009 1
108 53 139 16 3009 1
109 66 139 16 3009 1
110 10 149 28 4034 1
111 19 149 28 4034 1
112 17 141 9 1626 1
113 9 141 11 948 1
114 17 141 11 948 1
115 17 113 13 1309 1
116 33 113 13 1309 1
117 9 108 11 1350 1
118 7 145 12 1788 1
119 13 145 12 1788 1
120 8 121 12 2177 1
121 10 102 11 968 1
122 19 102 11 968 1
123 20 121 9 1564 1
124 39 121 9 1564 1
125 9 125 7 1139 1
126 8 139 14 1513 1
127 15 139 14 1513 1
128 9 137 12 1870 1
129 17 137 12 1870 1
130 9 134 14 2121 1
131 19 125 10 802 1
132 8 140 19 3427 1
133 23 134 11 1952 1
134 45 134 11 1952 1
135 22 137 7 563 1
136 9 102 6 736 1
137 8 146 11 2019 1
138 15 146 11 2019 1
139 22 146 11 2019 1
140 1 145 14 1028 1
141 1 145 14 1028 1
142 14 125 8 697 1
143 9 145 20 3243 1
144 17 145 20 3243 1
145 25 145 20 3243 1
146 33 145 20 3243 1
147 41 145 20 3243 1
148 10 146 11 2030 1
149 19 146 11 2030 1
150 19 113 7 653 1
151 8 121 23 3847 1
152 15 121 23 3847 1
153 13 141 15 1559 1
154 25 141 15 1559 1
155 8 124 7 1067 1
156 15 124 7 1067 1
157 9 137 10 896 1
158 17 137 10 896 1
159 15 139 8 1555 1
160 9 108 8 522 1
161 17 108 8 522 1
162 25 108 8 522 1
163 37 141 19 1806 1
164 8 148 17 2014 1
165 7 139 13 2114 1
166 13 139 13 2114 1
167 7 146 17 3682 1
168 9 145 14 2290 1
169 17 145 14 2290 1
170 25 145 14 2290 1
171 33 145 14 2290 1
172 41 145 14 2290 1
173 49 145 14 2290 1
174 57 145 14 2290 1
175 65 145 14 2290 1
176 73 145 14 2290 1
177 17 124 8 996 1
178 33 124 8 996 1
179 9 108 12 728 1
180 17 108 12 728 1
181 25 108 12 728 1
182 33 108 12 728 1
183 41 108 12 728 1
184 49 108 12 728 1
185 57 108 12 728 1
186 65 108 12 728 1
187 73 108 12 728 1
188 8 124 11 1176 1
189 15 124 11 1176 1
190 22 124 11 1176 1
191 7 124 12 1392 1
192 13 124 12 1392 1
193 19 124 12 1392 1
194 9 134 9 1132 1
195 17 134 9 1132 1
196 25 134 9 1132 1
197 33 134 9 1132 1
198 8 147 15 2005 1
199 15 147 15 2005 1
200 22 147 15 2005 1
201 29 147 15 2005 1
202 36 147 15 2005 1
203 11 147 3 281 1
204 11 139 10 1289 1
205 11 124 16 1684 1
206 10 116 11 1823 1
207 19 116 11 1823 1
208 8 135 13 1195 1
209 8 140 9 1853 1
210 15 140 9 1853 1
211 11 139 11 1898 1
212 13 149 6 1198 1
213 25 149 6 1198 1
214 37 149 6 1198 1
215 13 109 9 1434 1
216 25 109 9 1434 1
217 124 138 13 2076 1
218 9 116 15 1474 1
219 10 138 14 1622 1
220 71 113 9 1131 1
221 15 141 13 1718 1
222 18 121 11 1694 1
223 10 116 6 1029 1
224 14 149 13 2584 1
225 27 149 13 2584 1
226 8 145 3 300 1
227 15 145 3 300 1
228 9 148 14 1410 1
229 8 147 8 1242 1
230 8 124 11 1177 1
231 11 134 8 1100 1
232 21 134 8 1100 1
233 8 124 20 2316 1
234 15 124 20 2316 1
235 22 124 20 2316 1
236 9 109 11 1646 1
237 20 115 11 953 1
238 11 142 16 1900 1
239 21 142 16 1900 1
240 8 135 9 1062 1
241 8 115 6 577 1
242 15 115 6 577 1
243 22 115 6 577 1
244 4 137 13 1451 1
245 7 137 13 1451 1
246 8 141 7 603 1
247 15 141 7 603 1
248 22 141 7 603 1
249 29 141 7 603 1
250 36 141 7 603 1
251 9 141 11 2042 1
252 17 141 11 2042 1
253 9 141 12 1352 1
254 16 140 9 1375 1
255 11 116 8 1045 1
256 8 149 10 1783 1
257 15 149 10 1783 1
258 8 146 11 1881 1
259 15 146 11 1881 1
260 22 146 11 1881 1
261 17 121 9 811 1
262 33 121 9 811 1
263 8 148 13 2856 1
264 8 121 12 1246 1
265 17 113 8 708 1
266 9 116 7 530 1
267 8 124 9 990 1
268 21 134 14 2377 1
269 23 130 14 2712 1
270 45 130 14 2712 1
271 67 130 14 2712 1
272 89 130 14 2712 1
273 8 144 17 1620 1
274 11 108 16 2008 1
275 21 108 16 2008 1
276 13 134 15 2286 1
277 8 108 11 1102 1
278 15 108 11 1102 1
279 22 108 11 1102 1
280 29 108 11 1102 1
281 9 116 10 1477 1
282 9 138 9 1156 1
283 17 138 9 1156 1
284 23 137 9 1145 1
285 45 137 9 1145 1
286 67 137 9 1145 1
287 89 137 9 1145 1
288 15 149 10 1837 1
289 8 142 10 1410 1
290 15 142 10 1410 1
291 22 142 10 1410 1
292 29 142 10 1410 1
293 8 136 14 2831 1
294 8 121 13 2178 1
295 10 108 8 1203 1
296 8 137 12 1837 1
297 211 102 9 561 1
298 9 116 14 1502 1
299 17 116 14 1502 1
300 25 116 14 1502 1
301 8 140 10 1552 1
302 15 140 10 1552 1
303 22 140 10 1552 1
304 20 125 9 1105 1
305 39 125 9 1105 1
306 58 125 9 1105 1
307 77 125 9 1105 1
308 96 125 9 1105 1
309 115 125 9 1105 1
310 134 125 9 1105 1
311 22 116 12 2075 1
312 8 141 7 1390 1
313 15 141 7 1390 1
314 9 113 4 255 1
315 15 133 7 1085 1
316 29 133 7 1085 1
317 43 133 7 1085 1
318 57 133 7 1085 1
319 71 133 7 1085 1
320 85 133 7 1085 1
321 8 125 7 815 1
322 15 125 7 815 1
323 22 125 7 815 1
324 17 121 9 766 1
325 33 121 9 766 1
326 9 102 10 1147 1
327 9 130 13 2346 1
328 9 139 11 2140 1
329 17 139 11 2140 1
330 25 139 11 2140 1
331 9 122 15 2466 1
332 17 122 15 2466 1
333 8 149 7 1180 1
334 15 149 7 1180 1
335 22 149 7 1180 1
336 29 149 7 1180 1
337 7 147 11 1541 1
338 8 138 7 853 1
339 15 138 7 853 1
340 22 138 7 853 1
341 10 139 15 1461 1
342 19 139 15 1461 1
343 28 139 15 1461 1
344 37 139 15 1461 1
345 46 139 15 1461 1
346 9 109 9 864 1
347 8 134 7 808 1
348 9 137 7 586 1
349 15 147 11 919 1
350 29 147 11 919 1
351 13 144 15 2101 1
352 25 144 15 2101 1
353 8 133 15 1973 1
354 8 113 11 1684 1
355 15 113 11 1684 1
356 16 130 14 1190 1
357 8 102 9 1168 1
358 15 102 9 1168 1
359 9 140 13 1564 1
360 12 146 11 1436 1
361 23 146 11 1436 1
362 7 139 15 2306 1
363 13 139 15 2306 1
364 8 148 9 1846 1
365 15 148 9 1846 1
366 22 148 9 1846 1
367 13 116 6 513 1
368 5 142 6 1112 1
369 9 142 6 1112 1
370 8 122 10 983 1
371 9 130 5 744 1
372 11 146 7 676 1
373 6 146 13 1350 1
374 11 146 13 1350 1
375 9 115 6 699 1
376 9 113 11 666 1
377 17 113 11 666 1
378 25 113 11 666 1
379 7 136 15 2869 1
380 9 136 15 2688 1
381 15 130 10 1794 1
382 8 108 9 665 1
383 15 108 9 665 1
384 9 115 12 697 1
385 17 115 12 697 1
386 25 115 12 697 1
387 33 115 12 697 1
388 41 115 12 697 1
389 5 135 14 2564 1
390 11 138 12 1050 1
391 21 138 12 1050 1
392 31 138 12 1050 1
393 41 138 12 1050 1
394 51 138 12 1050 1
395 9 140 14 1498 1
396 4 144 6 1035 1
397 2 113 12 1936 1
398 4 149 5 1080 1
399 8 135 13 2062 1
400 15 135 13 2062 1
401 22 135 13 2062 1
402 10 108 10 1548 1
403 19 108 10 1548 1
404 9 137 11 2087 1
405 9 149 3 256 1
406 9 138 8 1614 1
407 17 138 8 1614 1
408 25 138 8 1614 1
409 14 125 11 1544 1
410 27 125 11 1544 1
411 8 125 10 1169 1
412 8 145 14 1957 1
413 15 145 14 1957 1
414 9 143 12 1756 1
415 17 143 12 1756 1
416 9 121 10 1428 1
417 8 138 16 2538 1
418 9 142 10 1683 1
419 17 142 10 1683 1
420 25 142 10 1683 1
421 33 142 10 1683 1
422 41 142 10 1683 1
423 49 142 10 1683 1
424 8 141 14 1344 1
425 9 122 8 557 1
426 17 122 8 557 1
427 25 122 8 557 1
428 9 145 10 1375 1
429 36 143 10 1670 1
430 8 137 11 1733 1
431 15 137 11 1733 1
432 36 179 6 1083 1
433 44 176 15 1999 1
434 8 150 15 2618 1
435 21 169 3 619 1
436 9 169 15 3590 1
437 9 183 13 1533 1
438 23 171 17 1885 1
439 19 171 13 2396 1
440 43 154 12 1413 1
441 29 181 16 3165 1
442 13 175 27 3207 1
443 23 165 13 2058 1
444 45 165 13 2058 1
445 19 172 16 3349 1
446 23 164 13 2372 1
447 32 168 21 4323 1
448 9 179 16 2880 1
449 17 179 16 2880 1
450 25 179 16 2880 1
451 33 179 16 2880 1
452 29 158 3 686 1
453 25 169 13 1866 1
454 3 170 15 1436 1
455 5 170 15 1436 1
456 10 172 15 3761 1
457 13 160 11 1673 1
458 25 160 11 1673 1
459 37 160 11 1673 1
460 10 179 9 1677 1
461 10 154 15 3005 1
462 25 155 13 2754 1
463 77 172 8 1869 1
464 23 179 18 1956 1
465 9 160 12 2595 1
466 18 159 11 1093 1
467 9 151 10 1242 1
468 8 178 14 2775 1
469 8 182 17 3886 1
470 15 182 17 3886 1
471 21 181 15 3617 1
472 29 183 21 4129 1
473 26 150 13 1885 1
474 16 165 9 1816 1
475 9 150 12 2292 1
476 8 179 13 3048 1
477 18 161 6 855 1
478 35 161 6 855 1
479 12 174 9 1466 1
480 9 165 11 2253 1
481 17 165 11 2253 1
482 85 175 18 3310 1
483 12 162 10 2152 1
484 10 165 14 2427 1
485 25 162 8 1740 1
486 7 179 16 3253 1
487 22 161 2 457 1
488 23 180 14 2188 1
489 25 168 17 3430 1
490 21 163 13 2432 1
491 11 175 11 2250 1
492 25 160 13 1268 1
493 37 160 12 2729 1
494 3 178 5 496 1
495 28 164 17 3783 1
496 9 162 12 2617 1
497 22 169 16 2941 1
498 43 169 16 2941 1
499 10 151 13 2630 1
500 23 160 5 539 1
501 8 160 14 2119 1
502 22 182 26 4797 1
503 9 183 12 2848 1
504 63 176 13 2347 1
505 125 176 13 2347 1
506 9 165 3 648 1
507 16 172 12 1621 1
508 8 160 10 2330 1
509 6 179 12 1845 1
510 14 167 8 1121 1
511 27 167 8 1121 1
512 40 167 8 1121 1
513 29 176 12 1142 1
514 135 180 14 3161 1
515 20 173 12 2390 1
516 16 159 7 833 1
517 9 180 10 1480 1
518 19 161 11 1831 1
519 26 155 14 2648 1
520 10 168 13 3091 1
521 19 168 13 3091 1
522 22 159 16 2221 1
523 43 159 16 2221 1
524 64 159 16 2221 1
525 10 159 25 5164 1
526 38 151 17 2939 1
527 24 160 7 1123 1
528 11 177 16 3138 1
529 26 158 10 2140 1
530 51 158 10 2140 1
531 76 158 10 2140 1
532 8 162 13 1818 1
533 18 169 8 1981 1
534 35 169 8 1981 1
535 52 169 8 1981 1
536 10 183 21 3796 1
537 20 173 11 1228 1
538 25 154 12 2209 1
539 21 150 11 2003 1
540 24 163 7 1369 1
541 19 159 7 981 1
542 20 163 11 1708 1
543 8 179 14 1723 1
544 8 169 10 1386 1
545 29 151 6 933 1
546 57 151 6 933 1
547 85 151 6 933 1
548 9 175 11 2845 1
549 42 174 15 2741 1
550 83 174 15 2741 1
551 7 162 15 2525 1
552 23 151 12 1664 1
553 31 182 11 1997 1
554 21 169 14 3437 1
555 16 175 6 1369 1
556 10 152 13 1697 1
557 48 179 17 1931 1
558 23 176 19 3538 1
559 23 177 16 2646 1
560 23 176 19 2827 1
561 9 158 13 1660 1
562 35 163 15 2868 1
563 23 162 12 2675 1
564 13 180 12 2474 1
565 22 176 12 2580 1
566 43 176 12 2580 1
567 10 167 12 1598 1
568 15 183 14 2607 1
569 25 180 9 1099 1
570 9 161 13 2284 1
571 19 155 17 3391 1
572 18 176 17 1848 1
573 8 169 5 789 1
574 9 171 10 2496 1
575 10 172 22 4424 1
576 28 161 16 2605 1
577 23 170 13 1336 1
578 17 152 14 2474 1
579 11 151 5 1104 1
580 15 163 11 941 1
581 2 168 7 1725 1
582 27 167 15 1425 1
583 22 175 12 1373 1
584 43 175 12 1373 1
585 24 163 11 1897 1
586 10 178 14 2614 1
587 9 159 12 2662 1
588 8 161 13 2207 1
589 15 161 13 2207 1
590 22 161 13 2207 1
591 15 179 9 1223 1
592 8 151 7 1087 1
593 15 151 7 1087 1
594 28 174 16 2508 1
595 23 178 5 858 1
596 22 174 12 2647 1
597 20 171 14 2938 1
598 25 179 10 1995 1
599 49 179 10 1995 1
600 9 180 18 2263 1
601 9 180 5 868 1
602 9 160 15 2622 1
603 21 151 8 1651 1
604 44 162 13 1335 1
605 9 174 8 1087 1
606 22 180 10 2587 1
607 2 161 15 2586 1
608 15 181 12 2095 1
609 29 181 12 2095 1
610 23 169 4 497 1
611 40 155 12 1925 1
612 1 164 22 4618 1
613 22 155 15 2494 1
614 44 163 9 1443 1
615 29 168 23 4458 1
616 11 177 14 3296 1
617 21 170 18 2719 1
618 24 177 13 2751 1
619 47 177 13 2751 1
620 11 178 35 5764 1
621 22 178 12 2550 1
622 21 176 10 2067 1
623 10 151 10 2126 1
624 22 161 4 595 1
625 24 169 12 2588 1
626 47 169 12 2588 1
627 12 169 12 2236 1
628 9 179 14 3678 1
629 31 154 7 1509 1
630 61 154 7 1509 1
631 21 167 16 3421 1
632 28 175 11 1226 1
633 21 179 15 1998 1
634 9 199 13 3880 1
635 24 213 11 2027 1
636 25 193 10 2328 1
637 31 209 11 2689 1
638 9 186 19 5172 1
639 36 213 7 1068 1
640 6 192 10 1025 1
641 70 210 2 457 1
642 30 188 13 1987 1
643 15 229 11 2983 1
644 39 185 10 1850 1
645 16 189 9 1722 1
646 9 217 11 2431 1
647 31 186 11 1211 1
648 61 186 11 1211 1
649 23 223 9 2981 1
650 30 210 10 2565 1
651 9 217 13 2752 1
652 34 220 16 4734 1
653 38 196 14 2072 1
654 29 208 15 2165 1
655 22 218 15 2552 1
656 72 221 1 213 1
657 29 192 13 1263 1
658 12 221 3 905 1
659 22 210 10 1551 1
660 43 210 10 1551 1
661 22 212 12 3544 1
662 29 218 16 2733 1
663 7 211 6 1568 1
664 30 189 9 1563 1
665 29 213 16 4057 1
666 8 231 14 1628 1
667 15 231 14 1628 1
668 22 194 10 1312 1
669 26 186 12 2622 1
670 16 189 12 3364 1
671 17 229 16 1965 1
672 33 229 16 1965 1
673 30 194 13 2329 1
674 6 208 14 1472 1
675 23 212 14 1508 1
676 32 232 13 2121 1
677 9 208 15 1910 1
678 17 191 11 3097 1
679 33 191 11 3097 1
680 40 221 3 963 1
681 25 228 11 2699 1
682 49 228 11 2699 1
683 7 227 10 2813 1
684 70 218 12 2193 1
685 139 218 12 2193 1
686 23 231 2 587 1
687 22 191 8 1830 1
688 30 191 16 3824 1
689 24 196 16 3701 1
690 47 196 16 3701 1
691 23 193 12 3007 1
692 45 193 12 3007 1
693 67 193 12 3007 1
694 22 229 13 3267 1
695 43 229 13 3267 1
696 28 232 9 2316 1
697 32 208 5 1496 1
698 24 223 14 2379 1
699 23 222 11 2114 1
700 45 222 11 2114 1
701 30 221 10 3150 1
702 22 198 10 1921 1
703 11 213 9 2511 1
704 22 221 15 4030 1
705 43 221 15 4030 1
706 38 208 13 2362 1
707 28 199 12 3010 1
708 34 191 1 212 1
709 28 231 13 3427 1
710 26 208 9 1267 1
711 29 184 10 2506 1
712 57 184 10 2506 1
713 85 184 10 2506 1
714 30 217 12 2163 1
715 34 200 9 2011 1
716 29 229 14 1844 1
717 29 192 11 1331 1
718 31 197 17 2611 1
719 29 216 12 1322 1
720 29 191 16 3652 1
721 14 211 13 1431 1
722 2 217 15 3898 1
723 23 200 9 2422 1
724 45 200 9 2422 1
725 67 200 9 2422 1
726 30 218 11 2819 1
727 2 211 11 1363 1
728 28 189 12 2132 1
729 21 186 4 413 1
730 29 216 3 888 1
731 15 223 11 3279 1
732 25 195 9 2159 1
733 31 195 12 2051 1
734 61 195 12 2051 1
735 91 195 12 2051 1
736 23 216 14 3826 1
737 38 196 12 2474 1
738 8 202 13 1747 1
739 15 202 13 1747 1
740 42 212 25 7353 1
741 22 232 8 1855 1
742 43 227 16 4243 1
743 28 194 15 2425 1
744 5 212 13 2550 1
745 7 228 17 2627 1
746 28 202 21 2855 1
747 36 193 10 2698 1
748 21 197 19 2705 1
749 41 197 19 2705 1
750 30 208 9 2255 1
751 57 194 12 2999 1
752 13 211 9 2843 1
753 25 211 9 2843 1
754 21 212 13 1821 1
755 41 212 13 1821 1
756 37 194 10 1167 1
757 13 184 9 1912 1
758 5 232 12 3573 1
759 23 217 6 1952 1
760 20 189 8 1086 1
761 23 209 12 2905 1
762 45 209 12 2905 1
763 67 209 12 2905 1
764 28 220 16 2801 1
765 92 232 15 3590 1
766 16 202 5 1321 1
767 26 185 10 2244 1
768 22 196 14 3838 1
769 62 196 4 625 1
770 20 200 23 4286 1
771 6 189 11 1963 1
772 30 211 5 631 1
773 6 202 13 1683 1
774 11 202 13 1683 1
775 36 267 7 2693 1
776 42 247 4 834 1
777 43 267 23 7757 1
778 85 267 23 7757 1
779 127 267 23 7757 1
780 169 267 23 7757 1
781 211 267 23 7757 1
782 2 247 11 3550 1
783 43 280 10 1474 1
784 44 280 19 4324 1
785 87 280 19 4324 1
786 130 280 19 4324 1
787 36 265 12 1977 1
788 26 269 17 4539 1
789 51 269 17 4539 1
790 36 285 38 6713 1
791 65 280 15 5936 1
792 44 261 12 2181 1
793 35 239 34 6705 1
794 43 296 24 9741 1
795 26 255 9 3101 1
796 36 281 31 10311 1
797 42 262 14 4099 1
798 43 259 19 5929 1
799 85 259 19 5929 1
800 56 262 16 3258 1
801 41 292 12 2196 1
802 81 292 12 2196 1
803 121 292 12 2196 1
804 44 260 8 2377 1
805 36 240 15 1964 1
806 71 240 15 1964 1
807 44 294 17 6823 1
808 87 294 17 6823 1
809 130 294 17 6823 1
810 173 294 17 6823 1
811 216 294 17 6823 1
812 259 294 17 6823 1
813 302 294 17 6823 1
814 345 294 17 6823 1
815 388 294 17 6823 1
816 431 294 17 6823 1
817 3 292 13 4423 1
818 44 239 28 6628 1
819 45 292 12 2163 1
820 89 292 12 2163 1
821 15 285 12 4064 1
822 29 285 12 4064 1
823 77 268 11 2882 1
824 153 268 11 2882 1
825 63 271 32 4443 1
826 125 271 32 4443 1
827 187 271 32 4443 1
828 249 271 32 4443 1
829 79 269 45 9314 1
830 157 269 45 9314 1
831 36 282 7 1428 1
832 67 271 26 10019 1
833 45 263 16 5637 1
834 89 263 16 5637 1
835 133 263 16 5637 1
836 60 264 26 7455 1
837 44 275 12 3446 1
838 87 275 12 3446 1
839 52 290 18 3434 1
840 44 263 19 7325 1
841 87 263 19 7325 1
842 16 267 19 6741 1
843 31 267 19 6741 1
844 46 267 19 6741 1
845 61 267 19 6741 1
846 76 267 19 6741 1
847 91 267 19 6741 1
848 35 270 18 3692 1
849 43 261 17 2876 1
850 85 261 17 2876 1
851 127 261 17 2876 1
852 44 296 26 7855 1
853 87 296 26 7855 1
854 42 239 25 5731 1
855 1 259 12 4513 1
856 1 259 12 4513 1
857 1 259 12 4513 1
858 44 259 12 3694 1
859 45 285 22 5784 1
860 43 290 23 9777 1
861 85 290 23 9777 1
862 127 290 23 9777 1
863 169 290 23 9777 1
864 76 256 18 4583 1
865 51 259 24 6998 1
866 43 241 10 2564 1
867 30 241 20 5402 1
868 55 266 20 3565 1
869 43 247 14 3147 1
870 22 266 21 2877 1
871 43 266 21 2877 1
872 64 266 21 2877 1
873 20 270 10 3837 1
874 39 270 10 3837 1
875 58 270 10 3837 1
876 37 294 13 5547 1
877 44 285 7 2883 1
878 87 285 7 2883 1
879 42 239 14 2855 1
880 44 239 17 4022 1
881 87 239 17 4022 1
882 43 290 26 6589 1
883 51 264 13 3660 1
884 72 265 11 3487 1
885 143 265 11 3487 1
886 42 250 23 4161 1
887 45 276 9 2997 1
888 51 247 13 4626 1
889 36 270 8 3111 1
890 71 270 8 3111 1
891 106 270 8 3111 1
892 141 270 8 3111 1
893 176 270 8 3111 1
894 211 270 8 3111 1
895 50 279 9 3258 1
896 40 283 11 3263 1
897 2 262 30 7831 1
898 45 295 22 7595 1
899 89 295 22 7595 1
900 43 263 9 2239 1
901 43 276 13 4726 1
902 85 276 13 4726 1
903 43 267 10 1687 1
904 171 250 10 1412 1
905 38 277 14 2506 1
906 44 282 17 5203 1
907 87 282 17 5203 1
908 130 282 17 5203 1
909 43 271 21 4215 1
910 54 290 31 4875 1
911 52 260 6 1682 1
912 44 282 15 2594 1
913 33 263 8 2907 1
914 36 267 21 5920 1
915 44 271 13 3002 1
916 87 271 13 3002 1
917 47 256 28 6077 1
918 93 256 28 6077 1
919 139 256 28 6077 1
920 185 256 28 6077 1
921 231 256 28 6077 1
922 42 271 7 1368 1
923 2 287 20 7501 1
924 51 279 14 3638 1
925 58 279 11 1848 1
926 115 279 11 1848 1
927 172 279 11 1848 1
928 229 279 11 1848 1
929 24 263 21 3635 1
930 47 263 21 3635 1
931 70 263 21 3635 1
932 93 263 21 3635 1
933 49 264 9 2164 1
934 248 290 26 9806 1
935 57 336 11 1997 1
936 12 334 25 5965 1
937 43 332 29 13275 1
938 209 332 17 3396 1
939 44 323 19 5804 1
940 87 323 19 5804 1
941 50 306 24 9110 1
942 43 321 13 3853 1
943 51 329 31 10814 1
944 9 304 21 8506 1
945 59 325 13 2621 1
946 12 332 19 3307 1
947 43 304 30 10853 1
948 9 321 25 7557 1
949 95 337 15 6085 1
950 43 301 11 2211 1
951 44 329 23 6548 1
952 49 329 15 3866 1
953 6 304 8 1832 1
954 11 304 8 1832 1
955 57 325 17 4656 1
956 43 337 20 4901 1
957 46 302 12 3242 1
958 91 302 12 3242 1
959 136 302 12 3242 1
960 59 325 19 4845 1
961 117 325 19 4845 1
962 10 306 31 11844 1
963 19 306 31 11844 1
964 50 333 19 6984 1
965 45 316 17 7689 1
966 89 316 17 7689 1
967 42 333 25 5015 1
968 7 316 33 8483 1
969 44 340 24 5086 1
970 102 347 14 3911 1
971 50 332 22 4711 1
972 56 335 32 7098 1
973 18 332 23 7441 1
974 57 336 18 6454 1
975 44 333 20 5227 1
976 87 333 20 5227 1
977 130 333 20 5227 1
978 51 347 41 15132 1
979 45 316 13 2840 1
980 89 316 13 2840 1
981 50 335 30 8657 1
982 99 335 30 8657 1
983 32 332 23 4798 1
984 139 325 21 8542 1
985 49 302 37 14792 1
986 57 325 9 2139 1
987 113 325 9 2139 1
988 44 347 13 4783 1
989 87 347 13 4783 1
990 83 318 21 4351 1
991 45 334 26 10169 1
992 33 305 19 4766 1
993 52 324 20 8004 1
994 122 305 12 2610 1
995 41 347 11 4437 1
996 81 347 11 4437 1
997 42 332 38 14220 1
998 83 332 38 14220 1
999 58 337 37 11718 1
1000 44 302 18 2874 1
1001 87 302 18 2874 1
1002 42 334 16 5605 1
1003 44 324 7 2162 1
1004 44 336 20 3495 1
1005 33 325 45 11084 1
1006 6 347 8 4138 1
1007 43 304 13 2286 1
1008 85 304 13 2286 1
1009 57 333 19 3838 1
1010 42 316 30 12346 1
1011 58 321 33 6009 1
1012 49 301 40 8238 1
1013 5 337 22 8801 1
1014 41 321 22 8872 1
1015 81 321 22 8872 1
1016 43 337 37 14441 1
1017 51 340 20 3668 1
1018 36 347 21 10386 1
1019 50 302 15 5966 1
1020 43 337 30 6449 1
1021 50 306 21 6754 1
1022 44 304 14 4513 1
1023 87 304 14 4513 1
1024 130 304 14 4513 1
1025 113 350 9 4718 1
1026 7 367 18 5205 1
1027 136 366 20 7394 1
1028 2 364 109 24956 1
1029 3 364 109 24956 1
1030 7 367 127 24321 1
1031 178 367 30 6182 1
1032 9 350 34 13337 1
1033 17 350 34 13337 1
1034 202 350 10 4003 1
1035 8 364 10 3768 1
1036 111 351 100 44780 1
1037 18 366 71 24960 1
26
500 500 500 500 500 500 500 500 500 500 500 500 500 500 500 500 500 500 500 500 500 500 500 500 500 500 