1037
1 4 100 2 285 1
2 5 75 2 160 1
3 9 75 2 160 1
4 13 75 2 160 1
5 17 75 2 160 1
6 21 75 2 160 1
7 26 75 9 863 1
8 51 75 9 863 1
9 76 75 9 863 1
10 17 100 1 119 1
11 33 100 1 119 1
12 49 100 1 119 1
13 2 85 6 326 1
14 3 85 6 326 1
15 4 85 6 326 1
16 5 85 6 326 1
17 6 85 6 326 1
18 12 75 1 66 1
19 23 75 1 66 1
20 27 85 4 447 1
21 53 85 4 447 1
22 3 75 6 598 1
23 5 75 6 598 1
24 7 75 6 598 1
25 9 75 6 598 1
26 3 100 1 97 1
27 5 100 1 97 1
28 7 100 1 97 1
29 9 100 1 97 1
30 11 100 1 97 1
31 13 100 1 97 1
32 15 100 1 97 1
33 2 75 8 804 1
34 11 75 2 148 1
35 2 99 2 245 1
36 3 99 2 245 1
37 4 99 2 245 1
38 5 99 2 245 1
39 6 99 2 245 1
40 12 99 10 775 1
41 3 85 2 188 1
42 5 85 2 188 1
43 12 99 1 65 1
44 4 85 5 275 1
45 7 85 5 275 1
46 4 75 2 163 1
47 7 75 2 163 1
48 10 75 2 163 1
49 13 75 2 163 1
50 5 100 1 129 1
51 9 100 1 129 1
52 4 100 3 330 1
53 2 100 3 153 1
54 4 75 1 100 1
55 7 75 1 100 1
56 10 75 1 100 1
57 30 85 3 258 1
58 3 99 2 112 1
59 3 85 5 564 1
60 4 85 4 361 1
61 7 85 4 361 1
62 9 141 6 1085 1
63 17 141 6 1085 1
64 8 145 11 2110 1
65 9 144 14 2860 1
66 17 144 14 2860 1
67 25 144 14 2860 1
68 33 144 14 2860 1
69 41 144 14 2860 1
70 18 122 8 588 1
71 6 116 9 737 1
72 11 116 9 737 1
73 8 138 10 1346 1
74 8 122 13 2238 1
75 8 142 13 1205 1
76 17 113 8 948 1
77 7 148 10 1983 1
78 13 148 10 1983 1
79 12 149 16 2846 1
80 23 149 16 2846 1
81 9 144 9 868 1
82 17 144 9 868 1
83 19 139 12 1819 1
84 9 142 12 1638 1
85 17 142 12 1638 1
86 25 142 12 1638 1
87 33 142 12 1638 1
88 10 146 12 2064 1
89 9 145 10 1559 1
90 17 145 10 1559 1
91 9 108 8 772 1
92 17 108 8 772 1
93 19 148 10 1305 1
94 37 148 10 1305 1
95 8 130 13 2157 1
96 15 130 13 2157 1
97 8 122 13 1466 1
98 15 122 13 1466 1
99 22 122 13 1466 1
100 29 122 13 1466 1
101 36 122 13 1466 1
102 14 136 6 597 1
103 8 141 14 1523 1
104 13 122 9 953 1
105 14 108 7 532 1
106 7 146 9 1712 1
107 8 138 11 2043 1
108 15 138 11 2043 1
109 8 147 15 2773 1
110 15 147 15 2773 1
111 22 147 15 2773 1
112 29 147 15 2773 1
113 19 121 4 697 1
114 10 147 20 3811 1
115 13 124 10 1762 1
116 25 124 10 1762 1
117 21 133 10 741 1
118 9 141 7 889 1
119 9 138 11 2032 1
120 9 149 9 1735 1
121 17 149 9 1735 1
122 25 149 9 1735 1
123 33 149 9 1735 1
124 18 142 11 1510 1
125 9 125 11 1006 1
126 17 125 11 1006 1
127 9 136 10 958 1
128 8 144 14 2638 1
129 19 143 11 2059 1
130 37 143 11 2059 1
131 9 137 7 1319 1
132 17 137 7 1319 1
133 25 137 7 1319 1
134 33 137 7 1319 1
135 41 137 7 1319 1
136 7 146 14 1618 1
137 13 146 14 1618 1
138 8 113 13 1228 1
139 8 122 10 1494 1
140 15 122 10 1494 1
141 9 142 16 2757 1
142 16 109 13 1515 1
143 31 109 13 1515 1
144 9 143 11 1427 1
145 17 143 11 1427 1
146 1 124 11 913 1
147 8 130 8 756 1
148 15 130 8 756 1
149 22 130 8 756 1
150 9 146 10 1747 1
151 17 146 10 1747 1
152 7 115 12 1485 1
153 8 138 11 1298 1
154 15 138 11 1298 1
155 9 124 14 1122 1
156 9 125 3 483 1
157 13 141 4 541 1
158 8 141 10 1130 1
159 15 141 10 1130 1
160 22 141 10 1130 1
161 29 141 10 1130 1
162 9 136 17 2892 1
163 17 136 17 2892 1
164 7 130 16 1099 1
165 7 109 9 997 1
166 18 109 10 1208 1
167 35 109 10 1208 1
168 9 124 13 1688 1
169 17 124 13 1688 1
170 8 121 9 1554 1
171 9 137 16 1759 1
172 8 147 10 1544 1
173 15 147 10 1544 1
174 22 147 10 1544 1
175 8 140 11 1617 1
176 15 140 11 1617 1
177 22 140 11 1617 1
178 29 140 11 1617 1
179 36 140 11 1617 1
180 8 144 10 2010 1
181 11 102 6 518 1
182 21 102 6 518 1
183 9 138 12 1888 1
184 9 133 10 1812 1
185 17 133 10 1812 1
186 25 133 10 1812 1
187 14 133 13 1055 1
188 27 133 13 1055 1
189 7 143 13 2225 1
190 9 122 15 1256 1
191 19 143 14 2225 1
192 9 102 7 904 1
193 17 102 7 904 1
194 25 102 7 904 1
195 33 102 7 904 1
196 41 102 7 904 1
197 49 102 7 904 1
198 57 102 7 904 1
199 8 102 9 1200 1
200 15 102 9 1200 1
201 16 148 15 2314 1
202 31 148 15 2314 1
203 8 108 9 1252 1
204 8 137 9 1386 1
205 15 137 9 1386 1
206 22 137 9 1386 1
207 5 142 12 2043 1
208 9 142 12 2043 1
209 13 142 12 2043 1
210 10 135 4 734 1
211 10 130 10 719 1
212 8 137 18 1470 1
213 8 145 12 1200 1
214 15 145 12 1200 1
215 13 147 16 1938 1
216 25 147 16 1938 1
217 37 147 16 1938 1
218 8 143 13 1883 1
219 15 143 13 1883 1
220 6 139 12 1558 1
221 8 146 7 555 1
222 15 146 7 555 1
223 19 122 8 1161 1
224 9 102 9 555 1
225 9 145 10 1010 1
226 18 121 11 1262 1
227 35 121 11 1262 1
228 11 122 11 677 1
229 11 149 13 2368 1
230 9 109 6 978 1
231 8 148 19 3947 1
232 9 125 10 1148 1
233 8 144 6 1001 1
234 15 144 6 1001 1
235 22 144 6 1001 1
236 9 134 15 1730 1
237 17 134 15 1730 1
238 8 144 10 797 1
239 15 144 10 797 1
240 9 124 13 2383 1
241 17 124 13 2383 1
242 25 124 13 2383 1
243 45 130 5 662 1
244 8 139 12 890 1
245 8 113 12 1456 1
246 10 139 9 927 1
247 19 139 9 927 1
248 28 139 9 927 1
249 37 139 9 927 1
250 46 139 9 927 1
251 8 102 9 1217 1
252 17 149 10 1153 1
253 14 135 9 866 1
254 15 135 12 1939 1
255 8 145 13 970 1
256 15 145 13 970 1
257 8 109 12 1139 1
258 15 109 12 1139 1
259 22 109 12 1139 1
260 29 109 12 1139 1
261 8 109 9 1017 1
262 9 124 9 891 1
263 8 142 4 458 1
264 15 142 4 458 1
265 22 142 4 458 1
266 20 135 12 2115 1
267 39 135 12 2115 1
268 5 147 6 976 1
269 3 125 7 1235 1
270 13 108 8 977 1
271 9 142 11 2103 1
272 17 142 11 2103 1
273 8 134 14 949 1
274 3 113 12 1690 1
275 5 113 12 1690 1
276 8 116 9 658 1
277 15 116 9 658 1
278 12 148 9 1520 1
279 8 122 7 1041 1
280 15 122 7 1041 1
281 22 122 7 1041 1
282 29 122 7 1041 1
283 9 102 10 901 1
284 17 102 10 901 1
285 25 102 10 901 1
286 33 102 10 901 1
287 41 102 10 901 1
288 49 102 10 901 1
289 57 102 10 901 1
290 13 136 12 1312 1
291 9 136 12 2347 1
292 9 147 19 3522 1
293 17 147 19 3522 1
294 25 147 19 3522 1
295 21 113 7 457 1
296 9 133 14 2349 1
297 4 143 19 3863 1
298 8 141 15 1748 1
299 15 141 15 1748 1
300 22 141 15 1748 1
301 8 147 8 1076 1
302 8 137 5 665 1
303 15 137 5 665 1
304 9 116 8 963 1
305 20 145 10 1837 1
306 39 145 10 1837 1
307 13 136 10 1272 1
308 9 143 13 1714 1
309 17 143 13 1714 1
310 27 133 9 862 1
311 9 140 13 2044 1
312 17 140 13 2044 1
313 9 113 9 577 1
314 9 142 15 2122 1
315 17 142 15 2122 1
316 16 138 18 1540 1
317 8 135 12 2289 1
318 15 135 12 2289 1
319 22 135 12 2289 1
320 8 134 17 1949 1
321 15 134 17 1949 1
322 22 134 17 1949 1
323 29 134 17 1949 1
324 36 134 17 1949 1
325 43 134 17 1949 1
326 20 109 9 573 1
327 39 109 9 573 1
328 7 143 10 1042 1
329 13 143 10 1042 1
330 8 121 6 852 1
331 15 121 6 852 1
332 9 109 13 1636 1
333 8 144 12 929 1
334 9 141 16 3075 1
335 8 134 4 499 1
336 2 141 13 2095 1
337 3 141 13 2095 1
338 4 141 13 2095 1
339 5 141 13 2095 1
340 15 142 15 1314 1
341 8 140 16 1966 1
342 15 140 16 1966 1
343 8 113 6 431 1
344 15 113 6 431 1
345 22 113 6 431 1
346 29 113 6 431 1
347 36 113 6 431 1
348 43 113 6 431 1
349 9 148 13 1132 1
350 6 142 16 2634 1
351 11 142 16 2634 1
352 8 121 7 498 1
353 8 130 11 1477 1
354 5 144 8 1183 1
355 9 144 8 1183 1
356 10 138 13 2491 1
357 4 122 10 948 1
358 8 140 6 998 1
359 18 138 5 843 1
360 35 138 5 843 1
361 17 134 9 688 1
362 33 134 9 688 1
363 49 134 9 688 1
364 65 134 9 688 1
365 81 134 9 688 1
366 97 134 9 688 1
367 113 134 9 688 1
368 9 139 14 1396 1
369 20 130 7 957 1
370 39 130 7 957 1
371 9 147 13 2573 1
372 7 125 8 944 1
373 9 115 10 1340 1
374 17 115 10 1340 1
375 25 115 10 1340 1
376 33 115 10 1340 1
377 41 115 10 1340 1
378 8 141 8 990 1
379 9 145 10 1217 1
380 9 125 11 733 1
381 17 125 11 733 1
382 25 125 11 733 1
383 9 147 13 1320 1
384 19 124 11 1077 1
385 9 124 11 1993 1
386 12 135 9 1667 1
387 10 143 9 1895 1
388 19 143 9 1895 1
389 28 143 9 1895 1
390 12 108 7 658 1
391 9 149 12 1808 1
392 9 116 12 1106 1
393 17 116 12 1106 1
394 18 142 12 2225 1
395 35 142 12 2225 1
396 52 142 12 2225 1
397 69 142 12 2225 1
398 86 142 12 2225 1
399 103 142 12 2225 1
400 8 113 10 1032 1
401 15 113 10 1032 1
402 9 141 21 2205 1
403 17 141 21 2205 1
404 25 141 21 2205 1
405 33 141 21 2205 1
406 41 141 21 2205 1
407 8 145 9 1878 1
408 10 115 10 1441 1
409 12 139 10 1019 1
410 23 139 10 1019 1
411 18 141 13 2488 1
412 35 141 13 2488 1
413 13 134 14 1408 1
414 25 134 14 1408 1
415 37 134 14 1408 1
416 9 124 6 729 1
417 17 124 6 729 1
418 25 124 6 729 1
419 8 109 10 1271 1
420 9 116 14 1699 1
421 8 133 13 1885 1
422 8 139 13 1029 1
423 15 139 13 1029 1
424 9 140 8 1598 1
425 17 140 8 1598 1
426 25 140 8 1598 1
427 33 140 8 1598 1
428 41 140 8 1598 1
429 49 140 8 1598 1
430 9 143 17 2320 1
431 17 143 17 2320 1
432 16 182 9 1661 1
433 23 154 13 2588 1
434 8 180 13 1476 1
435 8 182 11 1711 1
436 10 170 17 2615 1
437 12 176 18 2597 1
438 9 169 9 1161 1
439 17 169 9 1161 1
440 1 180 12 1423 1
441 6 159 13 1041 1
442 28 151 2 362 1
443 22 177 20 3843 1
444 8 180 13 3322 1
445 12 177 15 3521 1
446 23 177 15 3521 1
447 34 177 15 3521 1
448 10 180 12 1718 1
449 8 183 13 2147 1
450 10 175 10 2515 1
451 24 173 17 2326 1
452 23 168 10 895 1
453 36 183 15 1835 1
454 20 155 6 1120 1
455 30 172 7 1171 1
456 59 172 7 1171 1
457 22 160 10 1180 1
458 43 160 10 1180 1
459 22 164 16 3563 1
460 17 158 17 2784 1
461 23 177 12 3162 1
462 24 170 14 2369 1
463 9 170 9 1084 1
464 29 173 7 1662 1
465 21 167 11 2043 1
466 22 165 8 1661 1
467 41 175 20 2839 1
468 29 179 6 1343 1
469 7 176 24 3395 1
470 8 182 11 1321 1
471 23 176 10 1546 1
472 17 168 6 828 1
473 33 168 6 828 1
474 43 163 16 2444 1
475 2 161 11 1347 1
476 23 160 9 1656 1
477 9 167 7 627 1
478 17 167 7 627 1
479 8 174 8 979 1
480 135 170 1 219 1
481 27 180 13 2445 1
482 8 164 6 714 1
483 10 165 13 2388 1
484 34 151 8 1228 1
485 21 183 13 1956 1
486 23 159 15 2861 1
487 43 167 15 1679 1
488 85 167 15 1679 1
489 25 161 18 1956 1
490 31 150 11 2232 1
491 24 173 18 2738 1
492 47 173 18 2738 1
493 35 168 20 1761 1
494 23 168 11 1119 1
495 42 152 16 3591 1
496 9 154 10 2166 1
497 9 164 12 1324 1
498 29 170 35 6627 1
499 7 168 9 1468 1
500 13 168 9 1468 1
501 23 159 8 727 1
502 16 155 10 1934 1
503 31 155 10 1934 1
504 27 182 17 4637 1
505 19 161 14 3267 1
506 26 158 15 1860 1
507 10 180 18 4163 1
508 22 159 1 98 1
509 43 159 1 98 1
510 23 158 8 1680 1
511 30 173 19 2425 1
512 9 170 10 902 1
513 42 172 12 1520 1
514 8 150 15 2365 1
515 15 150 15 2365 1
516 43 168 11 1286 1
517 9 162 3 425 1
518 16 151 11 1271 1
519 14 170 10 938 1
520 27 170 10 938 1
521 40 170 10 938 1
522 22 177 20 3705 1
523 22 174 11 2424 1
524 2 169 17 3910 1
525 8 178 10 2144 1
526 24 183 9 2177 1
527 5 161 11 1677 1
528 23 182 12 1474 1
529 9 165 9 896 1
530 23 181 16 3661 1
531 9 159 18 3631 1
532 10 178 11 1856 1
533 23 178 8 1331 1
534 23 182 15 2305 1
535 16 161 12 2232 1
536 8 178 18 4501 1
537 42 181 9 1857 1
538 23 182 9 942 1
539 10 182 12 2090 1
540 22 170 14 2582 1
541 43 170 14 2582 1
542 20 174 12 2047 1
543 23 151 25 3392 1
544 17 178 19 4963 1
545 9 180 15 1853 1
546 15 183 19 2727 1
547 8 182 6 554 1
548 24 181 14 1973 1
549 108 173 13 1683 1
550 32 180 10 965 1
551 51 162 11 1948 1
552 24 167 11 2724 1
553 24 183 14 2458 1
554 63 165 5 442 1
555 9 172 8 1605 1
556 8 155 8 1229 1
557 15 155 8 1229 1
558 10 167 12 1620 1
559 10 182 6 1517 1
560 19 182 6 1517 1
561 27 159 13 1923 1
562 17 171 11 1354 1
563 22 165 4 735 1
564 43 165 4 735 1
565 55 165 9 1880 1
566 4 179 11 1795 1
567 14 175 15 3683 1
568 40 182 12 3026 1
569 25 178 13 1740 1
570 17 178 13 1493 1
571 21 171 23 3066 1
572 9 183 14 2514 1
573 9 151 12 2149 1
574 10 177 16 4177 1
575 44 163 10 2445 1
576 22 154 4 553 1
577 43 154 4 553 1
578 11 161 14 2160 1
579 20 151 6 902 1
580 47 165 18 2146 1
581 30 179 12 2112 1
582 25 172 8 853 1
583 8 172 12 2435 1
584 9 180 15 1626 1
585 52 175 14 2109 1
586 23 169 10 2363 1
587 16 152 7 1108 1
588 31 152 7 1108 1
589 24 176 12 2850 1
590 23 179 22 3864 1
591 9 158 7 1113 1
592 23 164 10 1961 1
593 21 163 12 2500 1
594 16 159 8 1382 1
595 22 161 9 1897 1
596 18 175 5 915 1
597 35 175 5 915 1
598 9 161 20 3151 1
599 9 173 10 992 1
600 22 163 16 2387 1
601 8 163 17 2154 1
602 15 163 17 2154 1
603 23 159 13 1113 1
604 9 160 8 1508 1
605 24 162 10 2232 1
606 48 162 24 3597 1
607 32 150 10 1849 1
608 18 161 21 5036 1
609 29 164 20 3570 1
610 2 179 17 4463 1
611 21 171 6 638 1
612 8 162 11 2074 1
613 24 158 8 1432 1
614 25 169 8 1290 1
615 9 152 2 436 1
616 23 164 12 1936 1
617 14 169 9 1691 1
618 29 162 10 1112 1
619 9 154 7 781 1
620 8 162 5 427 1
621 41 176 6 1274 1
622 16 183 14 2957 1
623 31 183 14 2957 1
624 46 183 14 2957 1
625 3 171 16 1419 1
626 15 178 15 1783 1
627 23 172 13 2627 1
628 32 176 14 3402 1
629 25 161 10 2400 1
630 24 154 12 2406 1
631 9 150 11 1713 1
632 9 173 12 2793 1
633 26 160 13 2613 1
634 19 194 9 2530 1
635 37 194 9 2530 1
636 79 199 11 1202 1
637 64 212 25 5900 1
638 1 192 6 728 1
639 17 191 5 945 1
640 75 222 13 3753 1
641 173 223 13 2510 1
642 24 198 11 2366 1
643 24 213 16 5005 1
644 25 194 9 2290 1
645 7 229 17 4139 1
646 23 232 4 1224 1
647 9 210 13 2987 1
648 14 191 11 2014 1
649 7 222 13 2414 1
650 13 222 13 2414 1
651 23 184 11 1499 1
652 33 198 8 1545 1
653 69 209 21 3489 1
654 35 216 5 1034 1
655 69 216 5 1034 1
656 103 216 5 1034 1
657 137 216 5 1034 1
658 171 216 5 1034 1
659 23 222 15 4256 1
660 22 211 14 2901 1
661 21 228 9 2390 1
662 57 199 12 2025 1
663 8 188 10 2212 1
664 29 227 18 5815 1
665 16 202 13 1652 1
666 24 220 8 995 1
667 47 220 8 995 1
668 70 220 8 995 1
669 93 220 8 995 1
670 116 220 8 995 1
671 28 192 10 2030 1
672 21 199 10 2730 1
673 41 199 10 2730 1
674 23 210 17 5350 1
675 29 212 16 2907 1
676 9 232 12 3907 1
677 17 186 11 2210 1
678 29 184 10 2357 1
679 79 232 14 4209 1
680 24 232 14 3472 1
681 23 191 9 2475 1
682 22 232 8 956 1
683 43 232 8 956 1
684 18 229 18 4080 1
685 16 220 10 2936 1
686 35 195 10 2522 1
687 7 221 12 2713 1
688 20 189 7 1686 1
689 26 196 15 1626 1
690 21 231 17 3115 1
691 24 198 11 3034 1
692 47 198 11 3034 1
693 70 198 11 3034 1
694 93 198 11 3034 1
695 23 218 13 3732 1
696 23 186 12 1572 1
697 45 186 12 1572 1
698 67 186 12 1572 1
699 89 186 12 1572 1
700 40 221 9 2466 1
701 71 221 4 1293 1
702 17 202 14 4242 1
703 6 221 13 3933 1
704 44 228 14 4257 1
705 87 228 14 4257 1
706 22 232 21 6374 1
707 76 231 7 911 1
708 28 228 6 1304 1
709 22 209 18 3026 1
710 37 229 5 1347 1
711 13 210 6 1350 1
712 25 200 16 2330 1
713 30 218 9 1513 1
714 72 210 11 2532 1
715 64 196 15 2142 1
716 25 211 4 945 1
717 41 208 7 1769 1
718 21 191 9 2510 1
719 41 191 9 2510 1
720 23 232 16 2362 1
721 37 212 16 3695 1
722 46 196 13 3693 1
723 23 195 10 1776 1
724 45 195 10 1776 1
725 40 188 13 2276 1
726 20 223 15 4528 1
727 39 223 15 4528 1
728 58 223 15 4528 1
729 11 188 16 3476 1
730 28 198 30 7798 1
731 22 191 17 3034 1
732 8 196 2 438 1
733 30 208 6 973 1
734 59 208 6 973 1
735 47 232 8 983 1
736 9 202 12 2012 1
737 14 228 11 1306 1
738 27 228 11 1306 1
739 65 228 13 2577 1
740 39 223 13 3650 1
741 24 184 3 695 1
742 35 184 18 3755 1
743 23 189 14 3036 1
744 45 189 14 3036 1
745 1 218 14 2800 1
746 28 223 12 3436 1
747 8 212 13 1713 1
748 23 210 11 3086 1
749 6 195 7 700 1
750 29 216 16 3814 1
751 25 188 9 2136 1
752 24 212 8 2274 1
753 47 212 8 2274 1
754 29 189 14 1745 1
755 57 189 14 1745 1
756 24 198 3 556 1
757 8 192 20 2619 1
758 1 228 11 2621 1
759 28 228 8 1245 1
760 29 197 11 2507 1
761 36 222 14 4458 1
762 39 200 12 1934 1
763 30 185 12 3322 1
764 33 209 15 2691 1
765 27 194 14 3952 1
766 22 184 8 1515 1
767 29 216 11 2668 1
768 21 185 9 1961 1
769 26 216 7 1019 1
770 26 217 16 2112 1
771 51 217 16 2112 1
772 76 217 16 2112 1
773 41 200 8 819 1
774 15 189 12 2740 1
775 44 264 15 3870 1
776 87 264 15 3870 1
777 43 285 14 4380 1
778 38 281 21 5811 1
779 33 255 11 2515 1
780 37 266 15 3828 1
781 44 267 13 3640 1
782 87 267 13 3640 1
783 130 267 13 3640 1
784 74 239 13 2688 1
785 43 247 8 1303 1
786 107 240 56 16253 1
787 50 270 25 6673 1
788 44 267 9 1861 1
789 87 267 9 1861 1
790 130 267 9 1861 1
791 44 269 13 2430 1
792 42 295 20 6438 1
793 83 295 20 6438 1
794 44 247 9 1361 1
795 43 296 8 2574 1
796 85 296 8 2574 1
797 127 296 8 2574 1
798 13 241 5 1676 1
799 25 241 5 1676 1
800 37 241 5 1676 1
801 37 262 13 4574 1
802 58 294 32 11994 1
803 43 282 20 6798 1
804 85 282 20 6798 1
805 127 282 20 6798 1
806 51 266 11 4347 1
807 60 262 13 4771 1
808 119 262 13 4771 1
809 26 261 21 7114 1
810 54 278 9 3683 1
811 107 278 9 3683 1
812 37 263 13 3149 1
813 53 269 10 2146 1
814 44 239 11 1329 1
815 50 269 16 4191 1
816 14 287 24 6128 1
817 29 260 32 4523 1
818 36 283 27 6874 1
819 42 261 46 6145 1
820 83 261 46 6145 1
821 55 281 6 2218 1
822 109 281 6 2218 1
823 43 247 13 4790 1
824 47 275 7 1375 1
825 43 267 37 11021 1
826 44 267 9 3474 1
827 87 267 9 3474 1
828 110 282 17 2828 1
829 219 282 17 2828 1
830 45 271 19 5948 1
831 43 255 30 10884 1
832 44 263 6 2018 1
833 87 263 6 2018 1
834 130 263 6 2018 1
835 173 263 6 2018 1
836 10 239 22 3805 1
837 2 292 8 1890 1
838 42 268 19 7409 1
839 96 263 11 1760 1
840 191 263 11 1760 1
841 43 281 36 11520 1
842 42 275 17 6140 1
843 83 275 17 6140 1
844 43 241 8 1528 1
845 44 266 5 1796 1
846 87 266 5 1796 1
847 44 295 10 2880 1
848 87 295 10 2880 1
849 51 275 30 6441 1
850 44 294 33 9229 1
851 219 290 42 7273 1
852 57 264 14 1946 1
853 37 240 23 4858 1
854 42 267 21 5749 1
855 44 240 14 2547 1
856 40 292 10 4133 1
857 49 276 17 6689 1
858 44 263 9 2742 1
859 44 247 10 1982 1
860 87 247 10 1982 1
861 130 247 10 1982 1
862 173 247 10 1982 1
863 46 241 11 1373 1
864 43 280 25 6338 1
865 85 280 25 6338 1
866 44 294 23 6507 1
867 87 294 23 6507 1
868 45 268 10 1905 1
869 89 268 10 1905 1
870 47 268 14 3448 1
871 93 268 14 3448 1
872 27 265 11 3002 1
873 43 241 22 7714 1
874 43 280 20 5162 1
875 42 277 19 5092 1
876 83 277 19 5092 1
877 124 277 19 5092 1
878 58 239 16 4952 1
879 115 239 16 4952 1
880 43 294 27 6204 1
881 85 294 27 6204 1
882 127 294 27 6204 1
883 169 294 27 6204 1
884 211 294 27 6204 1
885 253 294 27 6204 1
886 28 266 12 1873 1
887 55 266 12 1873 1
888 43 261 25 6495 1
889 43 247 21 4474 1
890 85 247 21 4474 1
891 127 247 21 4474 1
892 169 247 21 4474 1
893 211 247 21 4474 1
894 43 263 15 5571 1
895 44 266 9 2369 1
896 87 266 9 2369 1
897 50 240 12 3247 1
898 45 266 14 2208 1
899 6 279 16 2989 1
900 44 247 22 6219 1
901 37 277 31 6449 1
902 44 270 12 4416 1
903 50 278 18 4496 1
904 41 275 32 11976 1
905 74 268 15 4248 1
906 147 268 15 4248 1
907 43 279 48 15326 1
908 85 279 48 15326 1
909 127 279 48 15326 1
910 169 279 48 15326 1
911 211 279 48 15326 1
912 43 269 21 8322 1
913 44 262 10 3873 1
914 42 250 26 3292 1
915 43 276 10 2450 1
916 8 247 10 2796 1
917 2 277 12 2772 1
918 44 260 14 4651 1
919 87 260 14 4651 1
920 26 268 15 2316 1
921 51 268 15 2316 1
922 76 268 15 2316 1
923 101 268 15 2316 1
924 45 250 24 6263 1
925 89 250 24 6263 1
926 133 250 24 6263 1
927 44 260 15 4478 1
928 87 260 15 4478 1
929 37 290 21 6335 1
930 46 275 29 11059 1
931 39 279 25 5332 1
932 77 279 25 5332 1
933 63 276 10 2348 1
934 125 276 10 2348 1
935 47 300 8 1669 1
936 43 302 19 6032 1
937 85 302 19 6032 1
938 10 329 17 7307 1
939 43 321 19 6180 1
940 109 336 31 6913 1
941 51 316 15 4886 1
942 37 336 14 6240 1
943 44 305 12 3645 1
944 44 301 31 8033 1
945 44 318 15 6102 1
946 50 324 13 5658 1
947 54 324 29 5165 1
948 107 324 29 5165 1
949 11 306 48 18267 1
950 21 306 48 18267 1
951 127 302 19 5068 1
952 10 300 14 3296 1
953 58 325 12 3414 1
954 11 333 56 14585 1
955 38 325 11 2723 1
956 36 319 17 2755 1
957 44 306 8 1433 1
958 32 324 24 7815 1
959 63 324 24 7815 1
960 43 318 14 2516 1
961 207 347 32 9766 1
962 46 324 20 3550 1
963 58 319 38 9069 1
964 3 324 57 10138 1
965 44 329 30 14356 1
966 51 304 32 10333 1
967 101 304 32 10333 1
968 50 323 17 6125 1
969 99 323 17 6125 1
970 51 336 25 10687 1
971 43 332 15 3701 1
972 66 304 16 3663 1
973 58 347 23 4939 1
974 36 321 21 6017 1
975 58 337 24 4451 1
976 45 337 15 6977 1
977 89 337 15 6977 1
978 40 323 12 5432 1
979 41 336 11 3974 1
980 54 332 42 15386 1
981 40 340 16 7617 1
982 58 332 27 12399 1
983 44 332 15 6161 1
984 43 321 28 11038 1
985 35 333 11 3272 1
986 202 336 23 6670 1
987 57 347 20 5312 1
988 113 347 20 5312 1
989 72 347 18 3557 1
990 38 335 21 7855 1
991 51 325 20 3738 1
992 86 335 25 9339 1
993 51 340 31 5538 1
994 78 324 19 4066 1
995 155 324 19 4066 1
996 36 325 37 10431 1
997 135 333 28 11981 1
998 44 329 17 2800 1
999 44 329 15 6252 1
1000 64 318 40 13637 1
1001 42 332 18 4207 1
1002 83 332 18 4207 1
1003 44 318 32 5313 1
1004 87 318 32 5313 1
1005 130 318 32 5313 1
1006 173 318 32 5313 1
1007 50 302 12 2309 1
1008 38 318 15 7017 1
1009 13 333 41 14719 1
1010 42 333 12 5698 1
1011 44 304 12 3403 1
1012 34 333 22 10066 1
1013 65 302 18 5950 1
1014 43 334 20 4062 1
1015 36 324 17 4448 1
1016 89 323 30 13453 1
1017 54 304 28 5657 1
1018 108 325 23 6083 1
1019 43 347 28 11618 1
1020 58 332 17 2917 1
1021 23 337 21 10073 1
1022 48 319 17 4736 1
1023 51 321 11 4041 1
1024 42 337 22 7538 1
1025 8 367 21 9832 1
1026 15 367 21 9832 1
1027 113 351 57 26953 1
1028 54 364 16 6507 1
1029 3 366 9 4913 1
1030 47 350 10 4677 1
1031 18 367 100 37871 1
1032 60 364 18 5242 1
1033 119 364 18 5242 1
1034 166 349 41 15262 1
1035 44 349 35 10989 1
1036 89 366 12 2602 1
1037 60 366 24 8020 1
26
500 500 500 500 500 500 500 500 500 500 500 500 500 500 500 500 500 500 500 500 500 500 500 500 500 500 