1037
1 2 100 2 148 1
2 3 100 2 148 1
3 4 100 2 148 1
4 5 100 2 148 1
5 2 85 1 82 1
6 29 75 4 447 1
7 37 85 4 176 1
8 9 100 4 544 1
9 17 100 4 544 1
10 3 85 4 494 1
11 3 99 4 405 1
12 5 99 4 405 1
13 7 99 4 405 1
14 9 99 4 405 1
15 11 99 4 405 1
16 4 85 4 462 1
17 3 75 1 39 1
18 5 75 1 39 1
19 7 75 1 39 1
20 9 75 1 39 1
21 11 75 1 39 1
22 13 75 1 39 1
23 15 75 1 39 1
24 17 75 1 39 1
25 15 99 1 65 1
26 29 99 1 65 1
27 43 99 1 65 1
28 57 99 1 65 1
29 22 75 2 84 1
30 43 75 2 84 1
31 16 75 21 1447 1
32 30 99 8 1064 1
33 19 99 2 186 1
34 37 99 2 186 1
35 55 99 2 186 1
36 20 99 1 132 1
37 43 75 8 384 1
38 85 75 8 384 1
39 4 100 2 255 1
40 44 85 2 178 1
41 87 85 2 178 1
42 35 75 4 232 1
43 3 85 2 196 1
44 5 85 2 196 1
45 7 85 2 196 1
46 9 85 2 196 1
47 11 85 2 196 1
48 2 100 1 85 1
49 3 99 8 744 1
50 5 85 2 146 1
51 9 85 2 146 1
52 13 85 2 146 1
53 4 85 7 329 1
54 7 85 7 329 1
55 10 85 7 329 1
56 13 85 7 329 1
57 16 85 7 329 1
58 3 99 9 1131 1
59 5 99 9 1131 1
60 7 99 9 1131 1
61 9 99 9 1131 1
62 8 133 16 2502 1
63 15 142 15 1574 1
64 29 142 15 1574 1
65 43 142 15 1574 1
66 9 138 11 1892 1
67 9 145 17 1999 1
68 9 135 2 208 1
69 17 135 2 208 1
70 25 135 2 208 1
71 33 135 2 208 1
72 41 135 2 208 1
73 9 144 14 1463 1
74 17 144 14 1463 1
75 15 147 15 1721 1
76 17 115 10 690 1
77 33 115 10 690 1
78 9 124 8 1171 1
79 17 124 8 1171 1
80 8 145 13 2302 1
81 15 145 13 2302 1
82 22 145 13 2302 1
83 29 145 13 2302 1
84 5 147 6 726 1
85 18 134 11 1142 1
86 8 135 13 2246 1
87 8 149 9 1402 1
88 15 149 9 1402 1
89 9 138 10 1080 1
90 9 133 10 1911 1
91 10 145 14 2816 1
92 10 125 10 1211 1
93 8 139 11 866 1
94 8 141 10 1177 1
95 8 144 11 2112 1
96 15 109 11 804 1
97 8 149 17 2866 1
98 15 149 17 2866 1
99 8 135 14 2691 1
100 15 135 14 2691 1
101 8 146 14 1803 1
102 9 113 9 799 1
103 7 113 8 1210 1
104 9 141 10 1809 1
105 17 141 10 1809 1
106 25 141 10 1809 1
107 7 125 4 551 1
108 7 143 5 725 1
109 13 143 5 725 1
110 19 143 5 725 1
111 25 143 5 725 1
112 9 149 18 3669 1
113 7 102 9 461 1
114 9 115 10 598 1
115 17 115 10 598 1
116 9 109 8 1211 1
117 8 143 14 2679 1
118 15 143 14 2679 1
119 8 116 9 976 1
120 10 142 13 1726 1
121 19 142 13 1726 1
122 9 115 6 483 1
123 163 133 8 706 1
124 17 143 14 1413 1
125 8 115 8 711 1
126 15 115 8 711 1
127 22 115 8 711 1
128 9 125 15 1005 1
129 8 102 8 759 1
130 16 130 16 1459 1
131 7 135 22 1894 1
132 10 135 9 1472 1
133 19 135 9 1472 1
134 17 141 7 532 1
135 9 144 14 2843 1
136 17 144 14 2843 1
137 8 133 14 1410 1
138 9 108 8 462 1
139 8 140 17 2920 1
140 15 140 17 2920 1
141 22 140 17 2920 1
142 12 108 13 1223 1
143 10 147 14 2053 1
144 14 147 13 1646 1
145 7 145 15 2585 1
146 9 137 19 3879 1
147 8 113 7 845 1
148 15 113 7 845 1
149 22 113 7 845 1
150 29 113 7 845 1
151 36 113 7 845 1
152 43 113 7 845 1
153 8 143 12 1889 1
154 15 143 12 1889 1
155 5 135 12 1521 1
156 8 102 7 769 1
157 15 102 7 769 1
158 13 145 10 1569 1
159 2 130 15 1076 1
160 3 137 11 1361 1
161 7 149 14 2125 1
162 13 149 14 2125 1
163 19 149 14 2125 1
164 25 149 14 2125 1
165 8 139 7 967 1
166 17 134 8 1515 1
167 9 115 10 1456 1
168 17 115 10 1456 1
169 25 115 10 1456 1
170 13 108 9 649 1
171 25 108 9 649 1
172 8 115 6 700 1
173 15 115 6 700 1
174 32 147 12 2136 1
175 8 141 13 2193 1
176 15 141 13 2193 1
177 22 141 13 2193 1
178 9 138 6 1140 1
179 9 146 14 1895 1
180 17 146 14 1895 1
181 25 146 14 1895 1
182 33 146 14 1895 1
183 41 146 14 1895 1
184 9 146 12 1180 1
185 17 146 12 1180 1
186 25 146 12 1180 1
187 15 147 11 1159 1
188 8 116 8 826 1
189 13 143 16 1227 1
190 13 141 14 2187 1
191 5 145 10 2142 1
192 9 145 10 2142 1
193 9 102 9 1284 1
194 6 122 12 823 1
195 8 144 14 2626 1
196 15 144 14 2626 1
197 22 144 14 2626 1
198 29 144 14 2626 1
199 36 144 14 2626 1
200 43 144 14 2626 1
201 50 144 14 2626 1
202 57 144 14 2626 1
203 8 140 8 748 1
204 24 149 12 1743 1
205 47 149 12 1743 1
206 9 143 13 1626 1
207 14 148 6 582 1
208 6 116 16 1693 1
209 11 116 16 1693 1
210 16 116 16 1693 1
211 21 116 16 1693 1
212 26 116 16 1693 1
213 31 116 16 1693 1
214 9 121 15 1242 1
215 17 121 15 1242 1
216 25 121 15 1242 1
217 33 121 15 1242 1
218 9 135 3 275 1
219 17 135 3 275 1
220 25 135 3 275 1
221 33 135 3 275 1
222 41 135 3 275 1
223 49 135 3 275 1
224 57 135 3 275 1
225 8 139 14 1193 1
226 8 133 10 1813 1
227 10 139 15 1136 1
228 9 121 9 1232 1
229 17 121 9 1232 1
230 25 121 9 1232 1
231 33 121 9 1232 1
232 8 137 15 2386 1
233 15 137 15 2386 1
234 8 116 11 1900 1
235 15 116 11 1900 1
236 9 139 12 1051 1
237 9 138 9 1827 1
238 17 138 9 1827 1
239 25 138 9 1827 1
240 33 138 9 1827 1
241 9 109 6 887 1
242 17 109 6 887 1
243 15 148 10 1906 1
244 10 142 12 1178 1
245 9 108 12 1319 1
246 17 108 12 1319 1
247 25 108 12 1319 1
248 33 108 12 1319 1
249 41 108 12 1319 1
250 49 108 12 1319 1
251 57 108 12 1319 1
252 65 108 12 1319 1
253 73 108 12 1319 1
254 81 108 12 1319 1
255 89 108 12 1319 1
256 97 108 12 1319 1
257 7 137 15 2126 1
258 13 137 15 2126 1
259 9 124 12 1802 1
260 17 124 12 1802 1
261 15 102 7 578 1
262 29 102 7 578 1
263 5 130 18 2613 1
264 9 130 18 2613 1
265 16 108 5 593 1
266 31 108 5 593 1
267 13 149 13 1408 1
268 9 139 14 2176 1
269 6 143 7 1100 1
270 8 148 18 2128 1
271 12 149 19 2208 1
272 9 148 6 771 1
273 17 148 6 771 1
274 15 137 12 1527 1
275 11 116 11 1163 1
276 21 116 11 1163 1
277 31 116 11 1163 1
278 8 125 11 1092 1
279 15 125 11 1092 1
280 22 125 11 1092 1
281 29 125 11 1092 1
282 9 139 14 1447 1
283 13 108 8 1293 1
284 8 124 11 1676 1
285 8 115 11 1275 1
286 11 141 17 2439 1
287 8 134 6 505 1
288 15 134 6 505 1
289 9 146 11 1151 1
290 17 146 11 1151 1
291 25 146 11 1151 1
292 33 146 11 1151 1
293 9 144 10 1728 1
294 17 144 10 1728 1
295 25 144 10 1728 1
296 2 130 10 801 1
297 10 109 10 1531 1
298 8 109 8 1234 1
299 9 143 17 1697 1
300 17 143 17 1697 1
301 8 124 13 2030 1
302 7 140 13 1855 1
303 9 135 14 2179 1
304 39 136 10 947 1
305 8 124 9 643 1
306 12 109 9 575 1
307 9 138 8 1075 1
308 17 138 8 1075 1
309 25 138 8 1075 1
310 33 138 8 1075 1
311 8 149 22 1889 1
312 15 149 22 1889 1
313 17 143 14 2013 1
314 8 130 17 2972 1
315 15 130 17 2972 1
316 22 130 17 2972 1
317 29 130 17 2972 1
318 8 108 9 806 1
319 9 141 11 1429 1
320 17 141 11 1429 1
321 11 137 13 2479 1
322 21 137 13 2479 1
323 31 137 13 2479 1
324 8 102 6 878 1
325 12 145 18 2657 1
326 9 137 13 2110 1
327 17 137 13 2110 1
328 21 145 6 806 1
329 4 130 13 2402 1
330 7 109 9 1329 1
331 9 122 15 1068 1
332 17 122 15 1068 1
333 25 122 15 1068 1
334 8 147 9 832 1
335 7 109 6 612 1
336 13 109 6 612 1
337 8 138 13 1229 1
338 15 138 13 1229 1
339 17 138 22 3893 1
340 9 140 12 2224 1
341 17 140 12 2224 1
342 25 140 12 2224 1
343 8 143 10 2050 1
344 12 109 9 849 1
345 9 142 10 1720 1
346 17 142 10 1720 1
347 8 145 11 2158 1
348 15 145 11 2158 1
349 22 145 11 2158 1
350 29 145 11 2158 1
351 36 145 11 2158 1
352 43 145 11 2158 1
353 9 124 9 1660 1
354 9 147 13 2570 1
355 17 147 13 2570 1
356 9 115 13 1696 1
357 9 122 13 1414 1
358 9 146 12 1442 1
359 8 108 6 462 1
360 8 125 13 1139 1
361 15 125 13 1139 1
362 9 140 11 1613 1
363 17 140 11 1613 1
364 17 137 11 2155 1
365 20 147 13 1209 1
366 14 146 11 2270 1
367 8 135 13 2457 1
368 12 124 10 825 1
369 23 124 10 825 1
370 15 149 11 952 1
371 29 149 11 952 1
372 9 130 13 1461 1
373 4 122 11 801 1
374 7 122 11 801 1
375 9 125 11 1443 1
376 26 108 13 1461 1
377 8 109 11 1381 1
378 20 108 8 760 1
379 9 141 18 3004 1
380 8 136 11 2008 1
381 13 135 15 2592 1
382 25 135 15 2592 1
383 9 113 8 593 1
384 7 109 14 1249 1
385 13 109 14 1249 1
386 19 109 14 1249 1
387 9 115 12 837 1
388 17 115 12 837 1
389 25 115 12 837 1
390 7 108 9 666 1
391 9 142 7 518 1
392 9 138 15 3084 1
393 17 138 15 3084 1
394 9 122 11 1750 1
395 17 122 11 1750 1
396 9 115 10 1463 1
397 17 115 10 1463 1
398 16 108 12 1386 1
399 18 148 8 1221 1
400 35 148 8 1221 1
401 9 125 8 1227 1
402 21 121 15 1678 1
403 4 115 12 1490 1
404 8 122 11 916 1
405 15 122 11 916 1
406 13 121 12 1795 1
407 25 121 12 1795 1
408 9 141 11 1050 1
409 9 121 10 1355 1
410 9 147 8 1200 1
411 8 149 12 2153 1
412 10 140 12 1266 1
413 19 140 12 1266 1
414 28 140 12 1266 1
415 37 140 12 1266 1
416 46 140 12 1266 1
417 55 140 12 1266 1
418 8 135 12 1919 1
419 15 135 12 1919 1
420 8 139 16 1954 1
421 16 138 9 1847 1
422 13 109 5 717 1
423 8 124 7 566 1
424 15 124 7 566 1
425 8 124 12 2104 1
426 38 130 12 1242 1
427 8 137 13 1027 1
428 15 137 13 1027 1
429 14 122 5 876 1
430 9 142 14 1186 1
431 10 143 12 2042 1
432 23 171 18 3442 1
433 45 171 18 3442 1
434 23 174 18 4600 1
435 16 162 10 1615 1
436 31 162 10 1615 1
437 9 165 18 3012 1
438 9 165 10 1136 1
439 23 170 14 1409 1
440 19 174 12 1638 1
441 37 174 12 1638 1
442 55 174 12 1638 1
443 9 150 7 752 1
444 21 158 7 1464 1
445 23 168 13 1571 1
446 17 171 14 2931 1
447 23 178 14 1411 1
448 9 162 5 445 1
449 17 162 5 445 1
450 9 172 15 1857 1
451 9 154 7 815 1
452 29 168 15 2796 1
453 15 152 10 1441 1
454 9 178 6 1309 1
455 37 168 4 834 1
456 7 152 10 2140 1
457 9 164 9 1240 1
458 8 176 22 5015 1
459 15 176 22 5015 1
460 22 176 22 5015 1
461 8 163 14 3164 1
462 36 152 19 2449 1
463 12 172 10 1343 1
464 19 182 9 939 1
465 37 182 9 939 1
466 23 154 16 2839 1
467 104 159 8 1542 1
468 207 159 8 1542 1
469 13 158 12 2434 1
470 24 160 13 1956 1
471 24 172 3 407 1
472 22 152 19 2515 1
473 23 162 19 4498 1
474 7 177 6 728 1
475 9 162 13 3102 1
476 24 151 13 1644 1
477 47 151 13 1644 1
478 26 159 9 1671 1
479 9 162 16 1578 1
480 20 169 16 1773 1
481 22 155 13 2013 1
482 21 173 12 2571 1
483 23 171 12 2571 1
484 45 171 12 2571 1
485 8 165 13 3105 1
486 8 177 12 3002 1
487 47 158 10 1511 1
488 41 165 11 1943 1
489 9 175 21 2670 1
490 11 172 17 3125 1
491 21 172 17 3125 1
492 31 172 17 3125 1
493 41 172 17 3125 1
494 9 167 12 1701 1
495 26 152 11 1464 1
496 13 164 11 1617 1
497 9 176 16 2385 1
498 17 176 16 2385 1
499 2 165 9 1668 1
500 23 170 10 1019 1
501 9 180 11 1017 1
502 9 177 13 2488 1
503 15 164 12 1500 1
504 8 169 10 1866 1
505 15 169 10 1866 1
506 21 159 7 813 1
507 1 182 10 2686 1
508 2 174 13 1781 1
509 45 168 1 164 1
510 11 169 7 1586 1
511 14 173 10 1825 1
512 27 173 10 1825 1
513 16 155 8 795 1
514 9 178 13 3237 1
515 38 163 12 2325 1
516 75 163 12 2325 1
517 42 174 13 1738 1
518 23 160 11 1760 1
519 8 175 14 1622 1
520 8 176 10 1390 1
521 10 177 17 2194 1
522 20 172 13 2416 1
523 9 171 10 1796 1
524 19 182 11 1047 1
525 8 183 12 1394 1
526 1 183 16 4345 1
527 12 178 14 2622 1
528 9 165 8 1034 1
529 17 165 8 1034 1
530 25 165 8 1034 1
531 33 165 8 1034 1
532 24 172 11 1029 1
533 85 164 15 2802 1
534 24 151 14 1576 1
535 20 173 8 856 1
536 39 173 8 856 1
537 42 163 20 2294 1
538 25 150 10 1693 1
539 8 164 9 1921 1
540 8 152 6 827 1
541 15 152 6 827 1
542 33 174 20 1977 1
543 13 169 18 2558 1
544 25 169 18 2558 1
545 25 176 8 2036 1
546 8 176 10 1178 1
547 8 171 13 3287 1
548 29 177 12 1343 1
549 32 182 12 1995 1
550 63 182 12 1995 1
551 18 161 13 1473 1
552 18 164 9 857 1
553 35 164 9 857 1
554 9 171 13 1968 1
555 16 161 9 1464 1
556 15 159 11 1743 1
557 25 181 3 358 1
558 23 159 8 924 1
559 8 171 8 1369 1
560 15 171 8 1369 1
561 8 161 16 1952 1
562 21 162 14 2538 1
563 119 171 8 1762 1
564 7 174 15 2914 1
565 8 181 16 3362 1
566 15 181 16 3362 1
567 22 181 16 3362 1
568 22 159 11 926 1
569 43 159 11 926 1
570 11 162 9 890 1
571 21 162 9 890 1
572 25 183 14 3472 1
573 49 183 14 3472 1
574 30 152 12 2349 1
575 59 152 12 2349 1
576 24 177 14 3539 1
577 47 177 14 3539 1
578 70 177 14 3539 1
579 26 181 8 1109 1
580 12 173 18 3037 1
581 29 174 19 4957 1
582 43 179 16 3352 1
583 8 178 15 2388 1
584 22 164 6 498 1
585 31 160 22 4971 1
586 61 160 22 4971 1
587 9 164 10 1885 1
588 24 169 11 1298 1
589 29 181 4 413 1
590 9 167 17 1800 1
591 9 173 25 3498 1
592 21 161 17 3787 1
593 83 170 6 740 1
594 8 178 16 2715 1
595 15 178 16 2715 1
596 25 158 12 2558 1
597 49 158 12 2558 1
598 23 178 9 1830 1
599 23 177 9 2038 1
600 30 154 2 366 1
601 59 154 2 366 1
602 24 162 9 957 1
603 1 183 14 2925 1
604 20 151 25 3277 1
605 9 151 16 1560 1
606 8 175 14 2825 1
607 26 171 17 2718 1
608 43 162 10 2400 1
609 24 160 10 1583 1
610 47 160 10 1583 1
611 20 170 8 1418 1
612 24 161 14 2937 1
613 21 155 11 2288 1
614 31 175 7 1583 1
615 61 175 7 1583 1
616 23 179 20 3014 1
617 10 165 15 2892 1
618 23 169 14 3494 1
619 15 150 12 2472 1
620 10 177 10 2608 1
621 22 171 12 2060 1
622 25 155 9 918 1
623 9 163 3 630 1
624 22 154 10 856 1
625 23 163 11 1925 1
626 23 169 11 2079 1
627 23 178 13 2825 1
628 22 163 15 1257 1
629 25 165 20 2008 1
630 21 169 10 861 1
631 8 162 30 3767 1
632 23 179 13 3187 1
633 45 179 13 3187 1
634 15 195 7 1950 1
635 29 196 13 1564 1
636 57 196 13 1564 1
637 12 222 13 2527 1
638 23 222 13 2527 1
639 12 197 7 1861 1
640 11 196 14 2719 1
641 76 227 5 1552 1
642 23 209 14 2113 1
643 24 184 10 2475 1
644 30 217 13 2655 1
645 30 195 2 233 1
646 59 195 2 233 1
647 30 186 8 1232 1
648 36 223 14 2173 1
649 25 227 11 3442 1
650 21 210 25 6722 1
651 7 209 20 3922 1
652 13 209 20 3922 1
653 36 186 7 894 1
654 71 186 7 894 1
655 31 200 16 3044 1
656 25 197 11 2025 1
657 22 209 9 1865 1
658 7 218 8 2516 1
659 120 216 15 1869 1
660 7 196 16 3296 1
661 17 196 11 2077 1
662 6 209 14 2464 1
663 37 198 4 731 1
664 36 199 8 1070 1
665 28 184 8 1648 1
666 29 188 12 2796 1
667 2 184 13 2501 1
668 3 184 13 2501 1
669 39 228 20 6097 1
670 21 227 16 4388 1
671 20 185 11 2430 1
672 44 189 6 1682 1
673 23 221 14 2805 1
674 21 209 5 1388 1
675 41 209 5 1388 1
676 39 200 10 2788 1
677 23 185 3 387 1
678 73 209 10 2595 1
679 10 196 22 6309 1
680 57 216 7 1537 1
681 69 212 11 2135 1
682 24 194 12 2923 1
683 15 196 16 2340 1
684 31 202 12 2576 1
685 22 223 13 3756 1
686 16 228 9 1662 1
687 15 211 9 1461 1
688 30 221 19 6015 1
689 7 188 10 2645 1
690 16 229 13 1963 1
691 25 213 7 1228 1
692 21 209 13 2039 1
693 29 199 10 1936 1
694 29 185 8 1637 1
695 27 196 16 4331 1
696 10 212 16 3809 1
697 29 185 15 1682 1
698 95 208 13 3589 1
699 25 185 10 2705 1
700 7 200 17 4809 1
701 15 191 15 1814 1
702 29 191 15 1814 1
703 32 188 16 4090 1
704 8 228 18 2400 1
705 16 197 10 2030 1
706 26 195 11 1178 1
707 23 220 15 3109 1
708 45 220 15 3109 1
709 39 197 10 2081 1
710 24 191 19 2413 1
711 16 210 13 1431 1
712 22 196 13 2541 1
713 81 186 17 3409 1
714 9 227 17 2410 1
715 66 231 13 3627 1
716 15 209 16 3190 1
717 20 223 9 1645 1
718 15 188 4 487 1
719 5 217 6 1603 1
720 63 231 18 2604 1
721 138 210 8 1806 1
722 30 199 4 510 1
723 59 199 4 510 1
724 2 217 14 1991 1
725 63 193 14 1805 1
726 125 193 14 1805 1
727 23 209 13 1925 1
728 41 195 20 4344 1
729 18 218 14 2959 1
730 20 194 21 5367 1
731 21 208 8 2068 1
732 26 228 29 6186 1
733 51 228 29 6186 1
734 76 228 29 6186 1
735 101 228 29 6186 1
736 126 228 29 6186 1
737 151 228 29 6186 1
738 15 216 8 2434 1
739 16 185 10 2729 1
740 40 195 14 2651 1
741 79 195 14 2651 1
742 38 193 10 1290 1
743 6 218 7 1531 1
744 35 189 12 2986 1
745 21 229 9 2941 1
746 26 217 16 4276 1
747 30 199 9 915 1
748 21 227 15 2003 1
749 22 210 9 2278 1
750 15 189 17 4505 1
751 24 199 6 727 1
752 14 188 6 818 1
753 8 198 11 2409 1
754 6 197 7 1955 1
755 9 232 9 2109 1
756 29 213 11 2082 1
757 27 222 15 4765 1
758 29 191 12 2121 1
759 22 186 10 958 1
760 24 188 7 1696 1
761 47 188 7 1696 1
762 70 188 7 1696 1
763 16 199 5 591 1
764 24 229 11 1855 1
765 37 198 6 1216 1
766 64 217 4 728 1
767 9 220 6 1385 1
768 11 195 15 1814 1
769 25 188 12 2387 1
770 10 199 12 2825 1
771 19 199 12 2825 1
772 28 199 12 2825 1
773 17 218 11 2503 1
774 18 222 16 2049 1
775 17 265 12 4276 1
776 44 260 23 3651 1
777 42 262 16 4779 1
778 43 285 10 2500 1
779 44 280 15 5797 1
780 87 280 15 5797 1
781 136 262 16 6031 1
782 55 262 18 5580 1
783 109 262 18 5580 1
784 29 269 9 1829 1
785 44 261 10 2163 1
786 35 287 10 1698 1
787 44 239 42 10251 1
788 87 239 42 10251 1
789 44 239 15 5266 1
790 87 239 15 5266 1
791 130 239 15 5266 1
792 173 239 15 5266 1
793 43 283 10 2763 1
794 65 268 12 4096 1
795 129 268 12 4096 1
796 193 268 12 4096 1
797 41 260 8 2331 1
798 81 260 8 2331 1
799 37 285 15 5413 1
800 44 256 32 5630 1
801 43 247 28 8216 1
802 85 247 28 8216 1
803 127 247 28 8216 1
804 43 290 33 5112 1
805 85 290 33 5112 1
806 127 290 33 5112 1
807 58 240 6 1711 1
808 43 295 20 6917 1
809 85 295 20 6917 1
810 127 295 20 6917 1
811 169 295 20 6917 1
812 211 295 20 6917 1
813 42 239 11 1688 1
814 51 240 22 3018 1
815 42 262 13 3921 1
816 45 267 23 6098 1
817 89 267 23 6098 1
818 69 264 10 3185 1
819 137 264 10 3185 1
820 41 294 17 2945 1
821 44 290 8 2599 1
822 37 282 17 3817 1
823 44 247 14 2392 1
824 87 247 14 2392 1
825 37 266 25 5794 1
826 42 275 23 3533 1
827 83 275 23 3533 1
828 124 275 23 3533 1
829 165 275 23 3533 1
830 70 261 24 8816 1
831 57 296 16 2452 1
832 43 282 23 6903 1
833 36 296 11 4088 1
834 52 240 9 1798 1
835 42 250 11 2480 1
836 18 292 7 2462 1
837 33 266 26 7829 1
838 65 266 26 7829 1
839 42 261 20 6779 1
840 15 250 7 2564 1
841 37 282 21 5692 1
842 44 261 24 8973 1
843 87 261 24 8973 1
844 130 261 24 8973 1
845 173 261 24 8973 1
846 43 240 21 5928 1
847 75 239 8 2164 1
848 149 239 8 2164 1
849 44 278 10 1886 1
850 87 278 10 1886 1
851 21 281 19 3213 1
852 41 281 19 3213 1
853 61 281 19 3213 1
854 64 260 11 3778 1
855 127 260 11 3778 1
856 190 260 11 3778 1
857 44 295 12 4185 1
858 87 295 12 4185 1
859 43 287 11 4272 1
860 1 241 17 3174 1
861 2 260 21 5604 1
862 45 281 20 5733 1
863 89 281 20 5733 1
864 133 281 20 5733 1
865 44 255 15 4678 1
866 62 262 34 11848 1
867 123 262 34 11848 1
868 184 262 34 11848 1
869 44 259 12 2377 1
870 87 259 12 2377 1
871 43 285 28 7107 1
872 42 287 53 16419 1
873 42 260 20 3929 1
874 83 260 20 3929 1
875 124 260 20 3929 1
876 41 296 26 7356 1
877 99 268 14 5473 1
878 41 281 38 11770 1
879 103 296 10 1644 1
880 205 296 10 1644 1
881 43 283 15 3988 1
882 41 287 11 2982 1
883 43 281 32 7609 1
884 44 279 25 7530 1
885 87 279 25 7530 1
886 130 279 25 7530 1
887 29 287 14 5524 1
888 47 263 10 2834 1
889 43 281 19 7962 1
890 43 295 14 5892 1
891 85 295 14 5892 1
892 127 295 14 5892 1
893 169 295 14 5892 1
894 81 287 6 904 1
895 161 287 6 904 1
896 241 287 6 904 1
897 28 278 14 2073 1
898 55 278 14 2073 1
899 44 255 9 2990 1
900 44 261 7 1077 1
901 44 279 15 4461 1
902 44 256 8 1671 1
903 87 256 8 1671 1
904 2 264 16 2182 1
905 61 280 28 8662 1
906 43 268 16 5746 1
907 85 268 16 5746 1
908 127 268 16 5746 1
909 63 279 14 5213 1
910 29 261 14 2933 1
911 43 269 10 2345 1
912 66 264 14 3091 1
913 131 264 14 3091 1
914 67 287 8 1329 1
915 133 287 8 1329 1
916 41 263 19 6906 1
917 81 263 19 6906 1
918 44 267 13 4698 1
919 87 267 13 4698 1
920 36 296 15 4368 1
921 44 239 16 2431 1
922 87 239 16 2431 1
923 130 239 16 2431 1
924 43 239 29 8220 1
925 25 279 23 3334 1
926 37 263 35 9981 1
927 73 263 35 9981 1
928 34 255 22 3726 1
929 44 278 24 3813 1
930 87 278 24 3813 1
931 17 260 14 3279 1
932 42 296 21 7334 1
933 83 296 21 7334 1
934 42 240 12 1646 1
935 145 304 37 12718 1
936 63 329 20 7625 1
937 43 302 14 4785 1
938 43 325 22 7169 1
939 85 325 22 7169 1
940 107 329 10 4599 1
941 48 323 8 3792 1
942 95 323 8 3792 1
943 42 337 22 10334 1
944 31 301 25 7152 1
945 3 336 11 3481 1
946 44 304 14 3874 1
947 51 318 17 4012 1
948 63 334 14 3795 1
949 51 319 9 3468 1
950 47 323 26 10111 1
951 43 347 43 17934 1
952 65 325 11 4005 1
953 2 323 16 7004 1
954 51 325 51 24139 1
955 57 340 18 6448 1
956 100 318 31 10335 1
957 38 323 13 4051 1
958 58 325 35 15972 1
959 64 305 17 4501 1
960 97 302 18 8124 1
961 193 302 18 8124 1
962 45 300 19 7638 1
963 51 306 35 14420 1
964 45 321 17 4530 1
965 179 318 20 4633 1
966 37 304 20 4470 1
967 103 340 20 10035 1
968 57 334 26 8350 1
969 82 301 17 5824 1
970 103 332 30 5588 1
971 205 332 30 5588 1
972 156 337 24 6397 1
973 54 340 10 1882 1
974 43 337 29 6620 1
975 9 300 16 5609 1
976 43 340 21 4790 1
977 36 336 17 4524 1
978 98 347 30 7959 1
979 4 304 11 4957 1
980 51 325 17 4202 1
981 44 324 16 5826 1
982 53 329 10 2257 1
983 42 323 63 23952 1
984 65 321 22 5348 1
985 104 300 14 4131 1
986 105 305 13 2395 1
987 34 329 25 11664 1
988 44 323 18 3259 1
989 87 323 18 3259 1
990 51 321 7 2080 1
991 80 337 24 6778 1
992 56 333 34 5808 1
993 111 333 34 5808 1
994 166 333 34 5808 1
995 221 333 34 5808 1
996 42 325 10 2494 1
997 58 333 19 8366 1
998 65 304 14 5622 1
999 65 318 11 2830 1
1000 36 329 19 4069 1
1001 40 321 26 6858 1
1002 54 304 12 2962 1
1003 107 304 12 2962 1
1004 43 319 12 4964 1
1005 85 319 12 4964 1
1006 51 324 24 6820 1
1007 50 333 26 5088 1
1008 5 325 63 15261 1
1009 43 304 21 6334 1
1010 40 347 19 5777 1
1011 79 347 19 5777 1
1012 13 305 20 5689 1
1013 44 305 13 5073 1
1014 50 319 13 3001 1
1015 51 306 12 4098 1
1016 42 336 31 14655 1
1017 83 336 31 14655 1
1018 43 316 38 17504 1
1019 58 302 15 2722 1
1020 44 306 12 3381 1
1021 58 321 20 9413 1
1022 47 332 14 3882 1
1023 40 300 15 4964 1
1024 50 301 20 3153 1
1025 20 367 32 8259 1
1026 39 367 32 8259 1
1027 9 364 33 16993 1
1028 7 366 8 1517 1
1029 122 364 65 23135 1
1030 243 364 65 23135 1
1031 7 350 19 4050 1
1032 13 350 19 4050 1
1033 19 350 19 4050 1
1034 25 350 19 4050 1
1035 46 350 40 15989 1
1036 200 350 108 24671 1
1037 7 349 60 11774 1
26
500 500 500 500 500 500 500 500 500 500 500 500 500 500 500 500 500 500 500 500 500 500 500 500 500 500 