1037
1 2 85 5 321 1
2 3 85 5 321 1
3 14 75 1 44 1
4 27 75 1 44 1
5 3 75 2 189 1
6 5 75 2 189 1
7 7 75 2 189 1
8 4 100 2 109 1
9 7 100 2 109 1
10 10 100 2 109 1
11 3 99 2 258 1
12 5 99 2 258 1
13 7 99 2 258 1
14 9 99 2 258 1
15 4 99 1 146 1
16 7 99 1 146 1
17 10 99 1 146 1
18 2 75 4 316 1
19 3 75 4 316 1
20 4 75 4 316 1
21 3 100 4 587 1
22 5 100 4 587 1
23 7 100 4 587 1
24 9 100 4 587 1
25 11 100 4 587 1
26 11 100 3 239 1
27 21 100 3 239 1
28 2 75 5 259 1
29 3 75 5 259 1
30 2 99 2 135 1
31 3 99 2 135 1
32 4 99 2 135 1
33 5 99 2 135 1
34 6 99 2 135 1
35 7 99 2 135 1
36 8 99 2 135 1
37 9 99 2 135 1
38 10 99 2 135 1
39 11 99 2 135 1
40 12 99 2 135 1
41 1 100 22 2760 1
42 3 75 2 171 1
43 3 85 1 63 1
44 2 85 4 394 1
45 27 99 3 187 1
46 53 99 3 187 1
47 2 99 2 144 1
48 3 99 2 144 1
49 5 75 4 309 1
50 9 75 4 309 1
51 4 85 17 1360 1
52 7 85 17 1360 1
53 10 85 17 1360 1
54 13 85 17 1360 1
55 16 85 17 1360 1
56 19 85 17 1360 1
57 22 85 17 1360 1
58 4 75 2 89 1
59 7 75 2 89 1
60 13 85 4 270 1
61 25 85 4 270 1
62 24 116 9 886 1
63 47 116 9 886 1
64 6 143 9 1140 1
65 9 125 15 2404 1
66 8 147 10 2187 1
67 13 121 9 1241 1
68 13 145 9 1713 1
69 25 145 9 1713 1
70 37 145 9 1713 1
71 49 145 9 1713 1
72 61 145 9 1713 1
73 73 145 9 1713 1
74 19 124 11 1140 1
75 37 124 11 1140 1
76 8 108 8 970 1
77 15 108 8 970 1
78 22 108 8 970 1
79 9 133 10 781 1
80 17 133 10 781 1
81 3 143 12 1944 1
82 5 143 12 1944 1
83 7 143 12 1944 1
84 9 122 10 940 1
85 17 122 10 940 1
86 25 122 10 940 1
87 33 122 10 940 1
88 41 122 10 940 1
89 49 122 10 940 1
90 57 122 10 940 1
91 65 122 10 940 1
92 8 139 14 1959 1
93 15 139 14 1959 1
94 22 139 14 1959 1
95 29 139 14 1959 1
96 36 139 14 1959 1
97 43 139 14 1959 1
98 50 139 14 1959 1
99 9 108 9 798 1
100 17 108 9 798 1
101 25 108 9 798 1
102 33 108 9 798 1
103 41 108 9 798 1
104 9 148 11 1602 1
105 17 148 11 1602 1
106 25 148 11 1602 1
107 17 149 11 1142 1
108 33 149 11 1142 1
109 49 149 11 1142 1
110 10 134 19 2569 1
111 9 122 8 1186 1
112 17 122 8 1186 1
113 25 122 8 1186 1
114 15 139 17 2789 1
115 29 139 17 2789 1
116 8 149 9 1772 1
117 16 102 3 263 1
118 8 130 13 1250 1
119 9 149 8 1368 1
120 17 149 8 1368 1
121 25 149 8 1368 1
122 33 149 8 1368 1
123 41 149 8 1368 1
124 8 113 12 1636 1
125 9 147 18 2712 1
126 17 147 18 2712 1
127 15 140 12 2411 1
128 29 140 12 2411 1
129 3 136 14 2246 1
130 13 148 11 2221 1
131 25 148 11 2221 1
132 37 148 11 2221 1
133 16 138 7 1145 1
134 6 133 15 2066 1
135 11 133 15 2066 1
136 16 133 15 2066 1
137 21 133 15 2066 1
138 26 133 15 2066 1
139 16 144 11 2099 1
140 31 144 11 2099 1
141 11 135 7 1339 1
142 21 135 7 1339 1
143 16 134 8 864 1
144 8 116 10 1118 1
145 15 116 10 1118 1
146 10 138 8 815 1
147 8 115 10 1252 1
148 15 115 10 1252 1
149 8 145 7 1476 1
150 15 145 7 1476 1
151 8 148 7 1046 1
152 8 134 12 2058 1
153 15 134 12 2058 1
154 22 134 12 2058 1
155 29 134 12 2058 1
156 8 135 12 2295 1
157 8 137 10 827 1
158 20 140 9 1639 1
159 18 140 7 650 1
160 21 148 13 2054 1
161 8 145 11 1886 1
162 15 145 11 1886 1
163 22 145 11 1886 1
164 8 121 4 407 1
165 15 121 4 407 1
166 17 143 7 1409 1
167 33 143 7 1409 1
168 9 121 8 549 1
169 17 121 8 549 1
170 4 122 12 950 1
171 13 113 8 485 1
172 25 113 8 485 1
173 8 148 8 937 1
174 15 148 8 937 1
175 9 141 9 684 1
176 9 121 12 2130 1
177 8 146 13 1238 1
178 15 146 13 1238 1
179 9 121 12 1096 1
180 10 146 11 1124 1
181 19 146 11 1124 1
182 14 148 18 2971 1
183 6 140 14 1139 1
184 9 140 7 837 1
185 9 121 9 1204 1
186 17 121 9 1204 1
187 9 115 8 644 1
188 8 125 10 1511 1
189 21 122 10 1682 1
190 41 122 10 1682 1
191 61 122 10 1682 1
192 81 122 10 1682 1
193 101 122 10 1682 1
194 8 134 14 1495 1
195 18 125 13 2057 1
196 35 125 13 2057 1
197 52 125 13 2057 1
198 69 125 13 2057 1
199 8 137 10 1937 1
200 9 142 13 1881 1
201 17 142 13 1881 1
202 28 146 9 1737 1
203 9 125 8 558 1
204 17 125 8 558 1
205 25 125 8 558 1
206 8 143 12 1465 1
207 15 143 12 1465 1
208 22 143 12 1465 1
209 6 138 12 1940 1
210 9 149 13 2029 1
211 9 139 7 1216 1
212 17 139 7 1216 1
213 8 135 10 901 1
214 9 135 6 899 1
215 16 142 9 1285 1
216 9 124 10 914 1
217 17 124 10 914 1
218 25 124 10 914 1
219 33 124 10 914 1
220 41 124 10 914 1
221 49 124 10 914 1
222 57 124 10 914 1
223 9 109 4 612 1
224 17 109 4 612 1
225 25 109 4 612 1
226 33 109 4 612 1
227 41 109 4 612 1
228 49 109 4 612 1
229 14 121 11 966 1
230 21 109 9 1257 1
231 12 124 12 1069 1
232 23 124 12 1069 1
233 34 124 12 1069 1
234 9 121 5 543 1
235 17 121 5 543 1
236 25 121 5 543 1
237 33 121 5 543 1
238 41 121 5 543 1
239 49 121 5 543 1
240 57 121 5 543 1
241 9 149 14 1611 1
242 17 149 14 1611 1
243 25 149 14 1611 1
244 33 149 14 1611 1
245 41 149 14 1611 1
246 49 149 14 1611 1
247 10 140 11 1900 1
248 23 109 5 461 1
249 45 109 5 461 1
250 67 109 5 461 1
251 8 122 9 1501 1
252 15 122 9 1501 1
253 24 138 7 1091 1
254 17 143 15 1667 1
255 33 143 15 1667 1
256 17 125 8 1289 1
257 33 125 8 1289 1
258 8 113 7 555 1
259 8 135 11 1154 1
260 9 136 7 1049 1
261 17 136 7 1049 1
262 25 136 7 1049 1
263 8 143 16 3036 1
264 8 147 5 374 1
265 15 147 5 374 1
266 22 147 5 374 1
267 29 147 5 374 1
268 8 137 14 1614 1
269 13 141 8 1450 1
270 12 140 13 1120 1
271 87 140 13 2079 1
272 18 113 4 481 1
273 35 113 4 481 1
274 9 125 8 951 1
275 9 141 10 1953 1
276 17 141 10 1953 1
277 9 139 13 971 1
278 17 139 13 971 1
279 25 139 13 971 1
280 8 145 17 3299 1
281 15 145 17 3299 1
282 8 133 10 1588 1
283 15 133 10 1588 1
284 22 133 10 1588 1
285 14 122 14 895 1
286 27 122 14 895 1
287 40 122 14 895 1
288 53 122 14 895 1
289 66 122 14 895 1
290 9 135 10 965 1
291 17 135 10 965 1
292 26 124 8 1276 1
293 9 146 10 1715 1
294 8 108 11 1327 1
295 15 108 11 1327 1
296 22 108 11 1327 1
297 8 125 8 920 1
298 9 125 9 1334 1
299 17 146 8 1387 1
300 21 137 12 1065 1
301 41 137 12 1065 1
302 61 137 12 1065 1
303 81 137 12 1065 1
304 101 137 12 1065 1
305 8 133 16 1147 1
306 15 133 16 1147 1
307 9 125 11 722 1
308 17 125 11 722 1
309 22 140 6 662 1
310 9 145 7 1022 1
311 17 145 7 1022 1
312 25 145 7 1022 1
313 16 142 11 2048 1
314 31 142 11 2048 1
315 10 138 9 1800 1
316 20 108 6 793 1
317 8 134 17 1845 1
318 9 147 16 3363 1
319 17 147 16 3363 1
320 25 147 16 3363 1
321 33 147 16 3363 1
322 41 147 16 3363 1
323 49 147 16 3363 1
324 57 147 16 3363 1
325 9 139 11 1692 1
326 17 139 11 1692 1
327 25 139 11 1692 1
328 8 140 11 966 1
329 15 140 11 966 1
330 9 136 13 1669 1
331 10 109 14 1202 1
332 10 102 11 613 1
333 137 145 14 2761 1
334 9 135 12 2204 1
335 15 148 12 2351 1
336 9 122 10 1019 1
337 17 122 10 1019 1
338 18 102 8 1212 1
339 8 122 9 1520 1
340 21 144 10 1294 1
341 9 147 4 679 1
342 7 147 10 899 1
343 9 125 6 788 1
344 9 140 18 2907 1
345 9 148 12 1258 1
346 9 125 13 2398 1
347 8 130 7 549 1
348 8 149 11 2142 1
349 15 149 11 2142 1
350 8 148 12 1096 1
351 12 140 11 1579 1
352 23 140 11 1579 1
353 34 140 11 1579 1
354 45 140 11 1579 1
355 56 140 11 1579 1
356 67 140 11 1579 1
357 9 113 12 1653 1
358 17 113 12 1653 1
359 14 138 11 868 1
360 27 138 11 868 1
361 8 145 11 1403 1
362 15 145 11 1403 1
363 9 149 8 1147 1
364 12 148 9 1891 1
365 23 148 9 1891 1
366 34 148 9 1891 1
367 8 140 13 1923 1
368 15 140 13 1923 1
369 13 121 12 2104 1
370 25 121 12 2104 1
371 37 121 12 2104 1
372 49 121 12 2104 1
373 8 149 7 1525 1
374 15 141 13 1575 1
375 29 141 13 1575 1
376 43 141 13 1575 1
377 57 141 13 1575 1
378 71 141 13 1575 1
379 85 141 13 1575 1
380 8 115 10 1316 1
381 15 115 10 1316 1
382 22 115 10 1316 1
383 8 145 8 1239 1
384 8 145 8 1192 1
385 15 145 8 1192 1
386 8 102 10 1005 1
387 13 140 13 1147 1
388 25 140 13 1147 1
389 37 140 13 1147 1
390 49 140 13 1147 1
391 61 140 13 1147 1
392 8 113 9 805 1
393 15 113 9 805 1
394 22 113 9 805 1
395 8 138 10 722 1
396 15 138 10 722 1
397 22 138 10 722 1
398 8 108 6 573 1
399 15 108 6 573 1
400 8 144 19 3665 1
401 17 135 13 1809 1
402 33 135 13 1809 1
403 49 135 13 1809 1
404 8 109 8 585 1
405 9 108 6 622 1
406 17 108 6 622 1
407 9 145 21 4045 1
408 17 145 21 4045 1
409 16 142 15 1861 1
410 9 145 13 1056 1
411 17 145 13 1056 1
412 25 145 13 1056 1
413 8 135 14 1653 1
414 15 135 14 1653 1
415 22 135 14 1653 1
416 29 135 14 1653 1
417 4 115 10 925 1
418 11 149 14 1338 1
419 21 149 14 1338 1
420 9 109 9 1400 1
421 9 122 13 2339 1
422 13 149 11 2042 1
423 8 115 12 1022 1
424 15 115 12 1022 1
425 16 122 13 979 1
426 5 134 11 1131 1
427 8 116 15 1719 1
428 12 138 9 1843 1
429 10 130 3 406 1
430 19 130 3 406 1
431 8 125 5 479 1
432 8 172 5 642 1
433 2 181 14 3345 1
434 22 172 11 1529 1
435 15 164 15 3358 1
436 23 179 20 4342 1
437 23 160 11 1878 1
438 9 155 16 1712 1
439 8 155 9 1735 1
440 15 155 9 1735 1
441 31 150 7 1531 1
442 7 159 10 1828 1
443 9 173 12 2648 1
444 43 159 12 1604 1
445 8 182 18 1768 1
446 8 150 10 1614 1
447 15 150 10 1614 1
448 16 177 9 887 1
449 11 152 11 1766 1
450 15 170 18 3142 1
451 12 171 6 1031 1
452 29 174 15 2076 1
453 8 161 9 1740 1
454 24 176 4 1056 1
455 47 176 4 1056 1
456 11 172 17 2864 1
457 9 159 11 1550 1
458 21 180 19 3856 1
459 8 177 23 3937 1
460 25 170 4 620 1
461 23 165 16 2190 1
462 26 164 8 764 1
463 24 152 16 3620 1
464 8 171 3 364 1
465 15 171 3 364 1
466 22 159 14 1838 1
467 50 165 9 764 1
468 25 180 14 2138 1
469 17 150 12 1754 1
470 33 150 12 1754 1
471 7 167 14 3314 1
472 15 171 11 1616 1
473 7 179 13 2380 1
474 13 179 13 2380 1
475 28 175 11 1172 1
476 30 163 11 1346 1
477 7 154 10 2154 1
478 29 155 4 372 1
479 32 170 13 1227 1
480 63 170 13 1227 1
481 43 164 10 911 1
482 8 172 6 1331 1
483 11 167 7 1203 1
484 9 181 21 4607 1
485 19 150 13 2667 1
486 34 181 16 2422 1
487 23 161 11 2311 1
488 22 181 14 2216 1
489 22 152 13 1149 1
490 14 170 10 1347 1
491 24 164 13 1134 1
492 23 169 15 3418 1
493 45 169 15 3418 1
494 67 169 15 3418 1
495 8 170 14 1374 1
496 21 168 10 1342 1
497 12 152 14 1938 1
498 45 163 13 1997 1
499 23 176 14 2999 1
500 25 174 7 1305 1
501 22 182 11 2948 1
502 25 181 14 2491 1
503 25 160 12 1242 1
504 32 179 12 1753 1
505 63 179 12 1753 1
506 94 179 12 1753 1
507 23 158 9 1407 1
508 28 170 10 1562 1
509 33 173 11 2786 1
510 9 170 11 1987 1
511 17 170 11 1987 1
512 37 154 13 2656 1
513 122 161 11 2382 1
514 21 162 8 1335 1
515 1 182 27 6474 1
516 9 170 4 447 1
517 17 182 15 3175 1
518 33 182 15 3175 1
519 49 182 15 3175 1
520 10 152 11 2221 1
521 38 174 21 2495 1
522 17 167 15 1358 1
523 33 167 15 1358 1
524 25 171 13 3206 1
525 49 171 13 3206 1
526 11 183 16 1825 1
527 26 165 2 286 1
528 26 158 4 405 1
529 25 168 14 1592 1
530 49 168 14 1592 1
531 21 179 11 2348 1
532 21 179 20 2071 1
533 9 151 10 1528 1
534 20 178 16 2295 1
535 38 174 13 3086 1
536 23 171 11 2422 1
537 9 159 8 1799 1
538 17 159 8 1799 1
539 25 159 8 1799 1
540 3 162 15 2901 1
541 9 176 8 909 1
542 36 161 16 3845 1
543 11 176 8 1851 1
544 10 159 16 1669 1
545 19 159 16 1669 1
546 7 169 15 1880 1
547 12 181 12 2226 1
548 22 178 15 1952 1
549 21 179 13 2739 1
550 18 170 15 3095 1
551 8 150 12 2077 1
552 24 152 9 1613 1
553 24 182 20 2368 1
554 28 165 4 570 1
555 25 180 7 829 1
556 49 180 7 829 1
557 24 170 14 3041 1
558 24 177 16 1649 1
559 9 174 13 2365 1
560 8 151 3 587 1
561 16 180 13 3078 1
562 8 168 9 1041 1
563 44 164 9 1659 1
564 24 170 5 680 1
565 47 170 5 680 1
566 24 168 10 864 1
567 19 168 13 1782 1
568 37 168 13 1782 1
569 55 168 13 1782 1
570 21 167 8 1010 1
571 41 167 8 1010 1
572 9 175 13 2883 1
573 22 150 11 1590 1
574 11 178 13 2611 1
575 2 171 15 2814 1
576 21 154 18 3316 1
577 48 150 12 2070 1
578 9 176 14 3619 1
579 26 175 11 2859 1
580 23 174 8 781 1
581 9 163 14 1449 1
582 20 183 6 1201 1
583 26 178 7 1837 1
584 51 178 7 1837 1
585 8 174 13 1873 1
586 23 183 15 1813 1
587 45 183 15 1813 1
588 10 151 13 2408 1
589 30 180 13 3092 1
590 21 180 9 2383 1
591 16 173 2 317 1
592 8 177 10 2491 1
593 71 175 13 1938 1
594 83 151 13 2503 1
595 18 178 9 1212 1
596 22 168 12 1102 1
597 22 174 12 3130 1
598 28 181 16 2168 1
599 24 173 12 1359 1
600 47 173 12 1359 1
601 21 164 13 2101 1
602 22 177 8 1222 1
603 16 150 9 1589 1
604 31 150 9 1589 1
605 11 175 22 2697 1
606 9 167 20 2979 1
607 17 167 20 2979 1
608 41 151 18 4023 1
609 12 177 19 4522 1
610 23 177 19 4522 1
611 16 177 12 1422 1
612 33 172 14 2985 1
613 9 174 11 2748 1
614 26 169 12 1425 1
615 24 175 11 2787 1
616 226 179 8 1721 1
617 24 154 9 1302 1
618 36 176 19 3604 1
619 10 170 20 3794 1
620 45 162 13 2753 1
621 15 160 12 1006 1
622 24 160 15 2151 1
623 24 161 11 1715 1
624 25 152 7 885 1
625 33 177 1 221 1
626 65 177 1 221 1
627 23 159 12 2629 1
628 28 151 7 598 1
629 24 180 11 1476 1
630 22 158 5 933 1
631 23 179 15 2919 1
632 45 179 15 2919 1
633 44 155 11 1865 1
634 7 211 8 1428 1
635 29 186 12 2281 1
636 24 221 8 971 1
637 29 200 10 1842 1
638 22 216 19 5653 1
639 43 216 19 5653 1
640 21 218 3 571 1
641 24 213 13 2072 1
642 38 227 6 1914 1
643 17 210 15 1872 1
644 10 194 9 1018 1
645 14 231 8 1005 1
646 2 199 9 2363 1
647 29 193 17 3066 1
648 41 231 16 4388 1
649 35 223 12 1742 1
650 69 223 12 1742 1
651 37 191 14 2252 1
652 30 185 7 1500 1
653 15 193 16 2122 1
654 17 208 4 1123 1
655 27 209 7 2098 1
656 68 221 9 2687 1
657 39 221 13 4152 1
658 87 198 12 2376 1
659 2 191 7 1421 1
660 16 213 12 1388 1
661 31 213 12 1388 1
662 14 191 15 1776 1
663 10 188 14 1862 1
664 38 229 7 2327 1
665 7 184 8 933 1
666 43 208 10 2397 1
667 29 232 10 1249 1
668 30 211 8 897 1
669 22 223 11 1439 1
670 22 196 11 1438 1
671 8 210 5 1270 1
672 55 213 5 1039 1
673 15 229 9 2073 1
674 17 199 15 1958 1
675 28 186 9 1406 1
676 37 192 3 325 1
677 24 194 5 768 1
678 15 221 11 3543 1
679 29 196 13 1911 1
680 4 228 13 3220 1
681 24 228 12 3665 1
682 19 191 15 1997 1
683 37 191 15 1997 1
684 7 210 3 768 1
685 9 189 19 4841 1
686 21 218 11 3116 1
687 42 223 13 4289 1
688 32 189 13 3238 1
689 36 227 17 3490 1
690 28 208 14 2525 1
691 55 208 14 2525 1
692 8 220 16 2521 1
693 15 220 16 2521 1
694 15 220 16 3558 1
695 21 196 8 1501 1
696 4 221 1 268 1
697 27 220 18 4040 1
698 40 222 11 3523 1
699 7 209 13 2011 1
700 22 222 8 1943 1
701 39 184 8 1428 1
702 9 195 9 921 1
703 9 208 9 2160 1
704 8 229 14 1778 1
705 35 198 6 932 1
706 8 184 9 1645 1
707 15 210 5 964 1
708 24 216 11 2203 1
709 47 216 11 2203 1
710 29 223 8 1869 1
711 21 223 12 2840 1
712 8 223 14 3482 1
713 35 184 14 3646 1
714 30 218 11 1902 1
715 64 185 5 1120 1
716 42 198 13 3839 1
717 95 199 9 1127 1
718 22 186 11 2243 1
719 9 210 13 2214 1
720 24 210 10 1944 1
721 30 221 18 2891 1
722 37 228 12 2485 1
723 30 221 11 1680 1
724 59 221 11 1680 1
725 62 193 11 2878 1
726 123 193 11 2878 1
727 19 213 13 1743 1
728 23 197 14 2458 1
729 21 227 18 2403 1
730 24 186 16 3566 1
731 47 186 16 3566 1
732 14 195 16 2142 1
733 10 216 8 1225 1
734 32 209 15 1791 1
735 22 228 17 4462 1
736 37 217 16 4216 1
737 65 195 18 3207 1
738 129 195 18 3207 1
739 17 189 12 1447 1
740 23 229 11 2396 1
741 4 209 11 1816 1
742 13 209 12 2137 1
743 19 195 14 3815 1
744 32 211 10 2924 1
745 7 217 9 2573 1
746 13 217 9 2573 1
747 38 210 9 2763 1
748 51 191 7 1833 1
749 101 191 7 1833 1
750 9 212 11 2651 1
751 31 213 12 2195 1
752 33 228 11 1981 1
753 16 227 10 2666 1
754 31 227 10 2666 1
755 41 231 14 3569 1
756 37 191 11 1431 1
757 37 211 8 1009 1
758 15 212 8 1369 1
759 23 189 9 1191 1
760 31 231 10 1849 1
761 39 191 10 1949 1
762 9 184 9 923 1
763 21 195 12 1565 1
764 41 195 12 1565 1
765 38 222 9 2481 1
766 24 210 12 2195 1
767 47 210 12 2195 1
768 26 213 10 1240 1
769 17 210 15 3094 1
770 29 199 5 549 1
771 24 223 16 2228 1
772 47 223 16 2228 1
773 70 223 16 2228 1
774 20 221 13 3063 1
775 43 283 19 3038 1
776 42 290 19 5173 1
777 50 294 26 9207 1
778 44 247 9 3023 1
779 87 247 9 3023 1
780 130 247 9 3023 1
781 43 276 12 1671 1
782 85 276 12 1671 1
783 127 276 12 1671 1
784 169 276 12 1671 1
785 37 269 5 1721 1
786 4 294 21 5200 1
787 45 265 23 4046 1
788 43 260 9 2722 1
789 85 260 9 2722 1
790 2 262 20 6116 1
791 42 264 16 2672 1
792 42 282 10 1551 1
793 13 259 15 3893 1
794 43 239 12 2861 1
795 29 292 21 6340 1
796 44 263 12 3115 1
797 87 263 12 3115 1
798 130 263 12 3115 1
799 48 262 19 5189 1
800 42 276 12 2755 1
801 83 276 12 2755 1
802 124 276 12 2755 1
803 38 262 15 5361 1
804 42 256 17 3693 1
805 79 283 23 3488 1
806 26 255 24 5752 1
807 42 241 11 1976 1
808 47 270 18 2865 1
809 93 270 18 2865 1
810 44 255 25 7034 1
811 87 255 25 7034 1
812 37 282 13 3348 1
813 82 255 14 2985 1
814 43 250 10 2144 1
815 54 276 14 2424 1
816 67 263 19 3511 1
817 42 240 17 5397 1
818 43 259 11 2552 1
819 73 278 15 4278 1
820 43 264 7 2516 1
821 42 266 16 2845 1
822 43 275 22 3643 1
823 44 239 8 1721 1
824 45 281 26 8133 1
825 17 240 7 1788 1
826 43 277 9 2960 1
827 69 276 26 10613 1
828 137 276 26 10613 1
829 205 276 26 10613 1
830 43 241 21 5011 1
831 61 265 15 3526 1
832 54 269 12 3397 1
833 50 264 15 4214 1
834 54 295 24 9663 1
835 107 295 24 9663 1
836 43 261 17 3349 1
837 37 264 22 5638 1
838 30 269 19 6071 1
839 44 255 12 4259 1
840 44 266 13 1892 1
841 51 239 13 2760 1
842 101 239 13 2760 1
843 151 239 13 2760 1
844 201 239 13 2760 1
845 251 239 13 2760 1
846 301 239 13 2760 1
847 351 239 13 2760 1
848 67 279 19 7279 1
849 133 279 19 7279 1
850 44 264 17 4160 1
851 43 265 20 5693 1
852 85 265 20 5693 1
853 127 265 20 5693 1
854 42 269 16 4119 1
855 167 247 26 9198 1
856 3 292 15 5990 1
857 44 296 17 2804 1
858 42 269 15 5492 1
859 10 256 12 3159 1
860 43 279 11 1561 1
861 45 287 13 5490 1
862 45 294 55 20372 1
863 89 294 55 20372 1
864 133 294 55 20372 1
865 50 295 15 2733 1
866 64 267 17 3369 1
867 37 271 24 4798 1
868 43 283 8 2880 1
869 62 271 15 4362 1
870 9 296 13 2716 1
871 17 296 13 2716 1
872 25 296 13 2716 1
873 42 294 13 4118 1
874 43 265 22 7908 1
875 85 265 22 7908 1
876 127 265 22 7908 1
877 169 265 22 7908 1
878 45 282 16 2366 1
879 89 282 16 2366 1
880 133 282 16 2366 1
881 2 283 11 4406 1
882 43 256 34 4431 1
883 42 267 41 10431 1
884 83 267 41 10431 1
885 45 269 20 4553 1
886 44 269 19 3986 1
887 44 295 17 3514 1
888 36 279 16 3542 1
889 13 256 13 2890 1
890 25 256 13 2890 1
891 44 270 36 7765 1
892 87 270 36 7765 1
893 44 265 13 1770 1
894 27 294 28 8522 1
895 43 283 23 3488 1
896 85 283 23 3488 1
897 48 296 15 5124 1
898 95 296 15 5124 1
899 22 269 10 2342 1
900 44 281 21 8353 1
901 43 296 20 8844 1
902 55 281 23 9662 1
903 37 296 19 6293 1
904 45 290 25 6692 1
905 89 290 25 6692 1
906 133 290 25 6692 1
907 43 262 8 1233 1
908 32 262 12 2285 1
909 43 261 21 5538 1
910 36 261 15 4067 1
911 44 287 11 3136 1
912 87 287 11 3136 1
913 43 268 11 3035 1
914 51 261 10 3349 1
915 28 270 21 5329 1
916 55 270 21 5329 1
917 43 270 13 2318 1
918 42 287 21 8150 1
919 65 285 23 6061 1
920 51 247 9 1430 1
921 33 296 11 3857 1
922 37 270 24 4388 1
923 36 280 19 3631 1
924 49 271 8 1736 1
925 37 269 26 6491 1
926 32 278 14 2700 1
927 37 262 11 1568 1
928 43 292 37 7389 1
929 85 292 37 7389 1
930 127 292 37 7389 1
931 36 260 9 3335 1
932 50 256 9 2294 1
933 21 282 17 5904 1
934 41 282 17 5904 1
935 45 336 14 3852 1
936 45 302 30 8539 1
937 15 319 16 6892 1
938 14 323 14 5098 1
939 122 302 17 7654 1
940 56 336 17 2930 1
941 45 323 12 5350 1
942 44 304 27 5732 1
943 87 304 27 5732 1
944 57 316 30 7860 1
945 48 304 13 4781 1
946 44 319 25 8368 1
947 38 316 10 2148 1
948 75 316 10 2148 1
949 112 316 10 2148 1
950 42 302 14 5346 1
951 43 321 26 7778 1
952 85 321 26 7778 1
953 44 333 24 7761 1
954 80 334 16 3476 1
955 159 334 16 3476 1
956 129 319 31 8969 1
957 67 300 14 4567 1
958 36 321 37 10903 1
959 43 304 45 14505 1
960 119 329 11 3845 1
961 44 334 26 12775 1
962 87 334 26 12775 1
963 44 340 17 3854 1
964 50 325 13 3352 1
965 15 335 18 3529 1
966 29 335 18 3529 1
967 44 335 14 6046 1
968 87 335 14 6046 1
969 104 340 14 3238 1
970 27 302 15 5552 1
971 6 332 12 2763 1
972 54 347 41 10663 1
973 57 302 19 7161 1
974 38 347 21 4948 1
975 8 336 13 4711 1
976 39 323 15 2904 1
977 44 340 16 5112 1
978 90 335 12 4572 1
979 179 335 12 4572 1
980 56 306 14 4212 1
981 130 319 15 3177 1
982 36 336 31 10545 1
983 44 301 19 4980 1
984 38 301 20 6988 1
985 41 329 14 6419 1
986 44 323 11 3546 1
987 44 340 15 2644 1
988 87 340 15 2644 1
989 7 305 18 3165 1
990 13 305 18 3165 1
991 103 325 14 2904 1
992 16 335 14 5424 1
993 42 321 29 12243 1
994 107 329 31 9861 1
995 44 306 25 8162 1
996 42 300 15 2449 1
997 37 347 31 14162 1
998 44 304 34 7212 1
999 45 300 8 1617 1
1000 76 347 10 3839 1
1001 38 329 15 5817 1
1002 63 323 21 7412 1
1003 59 301 12 4097 1
1004 57 302 13 4667 1
1005 113 302 13 4667 1
1006 51 318 17 3835 1
1007 101 318 17 3835 1
1008 15 318 16 4358 1
1009 57 323 16 2591 1
1010 44 335 17 5785 1
1011 46 325 14 3638 1
1012 43 305 29 9136 1
1013 45 333 35 8449 1
1014 15 319 18 7253 1
1015 126 300 13 4106 1
1016 130 325 8 1806 1
1017 44 302 11 2983 1
1018 87 302 11 2983 1
1019 43 316 19 3487 1
1020 85 316 19 3487 1
1021 127 316 19 3487 1
1022 169 316 19 3487 1
1023 211 316 19 3487 1
1024 63 300 53 15593 1
1025 49 367 49 12771 1
1026 6 351 47 20061 1
1027 11 351 47 20061 1
1028 16 351 47 20061 1
1029 9 349 115 30845 1
1030 6 366 21 6028 1
1031 11 366 21 6028 1
1032 58 351 18 8537 1
1033 167 367 83 29048 1
1034 3 349 62 19928 1
1035 5 349 62 19928 1
1036 50 351 9 2118 1
1037 88 349 53 13697 1
26
500 500 500 500 500 500 500 500 500 500 500 500 500 500 500 500 500 500 500 500 500 500 500 500 500 500 