1037
1 9 75 1 44 1
2 4 100 3 191 1
3 7 100 3 191 1
4 10 100 3 191 1
5 13 100 3 191 1
6 16 100 3 191 1
7 1 85 3 253 1
8 4 85 1 84 1
9 7 85 1 84 1
10 10 85 1 84 1
11 13 85 1 84 1
12 3 75 3 208 1
13 5 75 3 208 1
14 7 75 3 208 1
15 9 75 3 208 1
16 11 75 3 208 1
17 13 75 3 208 1
18 4 99 3 404 1
19 7 99 3 404 1
20 10 99 3 404 1
21 13 99 3 404 1
22 16 99 3 404 1
23 19 99 3 404 1
24 22 99 3 404 1
25 4 85 3 283 1
26 7 85 3 283 1
27 4 100 3 250 1
28 7 100 3 250 1
29 10 100 3 250 1
30 13 100 3 250 1
31 7 75 1 99 1
32 13 75 1 99 1
33 19 75 1 99 1
34 4 75 7 755 1
35 7 75 7 755 1
36 10 75 7 755 1
37 13 75 7 755 1
38 16 75 7 755 1
39 12 85 1 85 1
40 3 99 1 128 1
41 5 99 1 128 1
42 7 99 1 128 1
43 14 100 1 84 1
44 27 100 1 84 1
45 16 99 1 102 1
46 2 99 3 152 1
47 3 99 3 152 1
48 4 99 3 152 1
49 5 99 3 152 1
50 2 85 4 183 1
51 3 85 4 183 1
52 4 85 4 183 1
53 4 100 7 658 1
54 7 100 7 658 1
55 10 100 7 658 1
56 13 100 7 658 1
57 3 75 1 74 1
58 5 75 1 74 1
59 2 85 7 728 1
60 3 85 7 728 1
61 4 85 7 728 1
62 19 125 18 2155 1
63 20 141 7 1469 1
64 12 146 11 1590 1
65 27 136 8 1383 1
66 19 141 13 1442 1
67 12 135 14 2073 1
68 23 135 14 2073 1
69 9 130 11 1367 1
70 17 130 11 1367 1
71 25 130 11 1367 1
72 33 130 11 1367 1
73 8 113 11 1160 1
74 15 113 11 1160 1
75 22 113 11 1160 1
76 8 135 9 840 1
77 15 135 9 840 1
78 22 135 9 840 1
79 29 135 9 840 1
80 9 147 8 1183 1
81 5 124 10 1488 1
82 9 124 10 1488 1
83 13 124 10 1488 1
84 17 124 10 1488 1
85 21 124 10 1488 1
86 25 124 10 1488 1
87 29 124 10 1488 1
88 8 142 8 1189 1
89 15 142 8 1189 1
90 9 140 16 2116 1
91 17 124 7 660 1
92 19 136 7 960 1
93 8 133 14 2027 1
94 8 139 11 1360 1
95 8 140 11 1915 1
96 15 140 11 1915 1
97 22 140 11 1915 1
98 11 108 13 934 1
99 8 139 10 1790 1
100 14 125 11 1091 1
101 27 125 11 1091 1
102 8 109 8 1194 1
103 15 109 8 1194 1
104 22 109 8 1194 1
105 29 109 8 1194 1
106 36 109 8 1194 1
107 7 145 5 509 1
108 9 133 10 1111 1
109 12 124 13 1674 1
110 23 124 13 1674 1
111 18 121 11 1828 1
112 35 121 11 1828 1
113 52 121 11 1828 1
114 69 121 11 1828 1
115 16 135 10 1220 1
116 31 135 10 1220 1
117 46 135 10 1220 1
118 61 135 10 1220 1
119 76 135 10 1220 1
120 91 135 10 1220 1
121 13 141 9 740 1
122 25 141 9 740 1
123 37 141 9 740 1
124 9 124 12 863 1
125 8 137 11 2184 1
126 9 102 10 834 1
127 15 144 15 1761 1
128 8 121 11 1263 1
129 8 142 11 971 1
130 15 142 11 971 1
131 22 142 11 971 1
132 9 116 9 796 1
133 8 130 13 1519 1
134 7 137 7 1302 1
135 13 137 7 1302 1
136 9 147 20 1581 1
137 10 121 13 2155 1
138 9 115 6 569 1
139 13 133 8 975 1
140 25 133 8 975 1
141 37 133 8 975 1
142 49 133 8 975 1
143 15 130 13 861 1
144 29 130 13 861 1
145 20 149 17 2167 1
146 39 149 17 2167 1
147 58 149 17 2167 1
148 77 149 17 2167 1
149 17 140 10 727 1
150 33 140 10 727 1
151 49 140 10 727 1
152 8 140 13 1230 1
153 16 147 5 1035 1
154 31 147 5 1035 1
155 8 134 11 1988 1
156 15 134 11 1988 1
157 22 134 11 1988 1
158 13 109 14 1469 1
159 10 134 10 1321 1
160 9 113 13 1010 1
161 17 113 13 1010 1
162 25 113 13 1010 1
163 9 124 8 1284 1
164 17 124 8 1284 1
165 2 143 13 1446 1
166 3 143 13 1446 1
167 4 143 13 1446 1
168 14 140 11 1698 1
169 9 116 8 1389 1
170 17 116 8 1389 1
171 9 115 10 1586 1
172 17 115 10 1586 1
173 25 115 10 1586 1
174 33 115 10 1586 1
175 13 134 9 1203 1
176 8 137 21 2731 1
177 17 113 8 464 1
178 33 113 8 464 1
179 7 121 11 1125 1
180 13 121 11 1125 1
181 19 121 11 1125 1
182 25 121 11 1125 1
183 31 121 11 1125 1
184 8 148 12 1821 1
185 17 140 10 1841 1
186 9 102 8 523 1
187 17 102 8 523 1
188 154 109 18 2546 1
189 10 136 14 2465 1
190 19 136 14 2465 1
191 28 136 14 2465 1
192 20 149 10 1914 1
193 14 140 14 2838 1
194 27 140 14 2838 1
195 40 140 14 2838 1
196 53 140 14 2838 1
197 66 140 14 2838 1
198 79 140 14 2838 1
199 92 140 14 2838 1
200 105 140 14 2838 1
201 8 108 8 764 1
202 20 125 14 1494 1
203 39 125 14 1494 1
204 58 125 14 1494 1
205 10 148 9 1610 1
206 19 148 9 1610 1
207 28 148 9 1610 1
208 37 148 9 1610 1
209 46 148 9 1610 1
210 55 148 9 1610 1
211 64 148 9 1610 1
212 13 130 17 3006 1
213 25 130 17 3006 1
214 7 124 8 531 1
215 13 124 8 531 1
216 9 144 12 995 1
217 10 135 9 1442 1
218 17 136 11 1901 1
219 33 136 11 1901 1
220 49 136 11 1901 1
221 9 139 12 2484 1
222 8 139 11 1869 1
223 15 139 11 1869 1
224 22 139 11 1869 1
225 29 139 11 1869 1
226 9 124 14 900 1
227 17 124 14 900 1
228 15 143 8 1452 1
229 17 124 12 1710 1
230 178 116 11 1638 1
231 35 147 12 1542 1
232 9 135 15 1126 1
233 17 135 15 1126 1
234 25 135 15 1126 1
235 33 135 15 1126 1
236 23 108 14 1416 1
237 8 146 12 911 1
238 8 133 16 1462 1
239 15 133 16 1462 1
240 22 133 16 1462 1
241 29 133 16 1462 1
242 8 140 12 2079 1
243 15 140 12 2079 1
244 9 125 7 939 1
245 15 136 13 1171 1
246 21 136 9 1719 1
247 41 136 9 1719 1
248 61 136 9 1719 1
249 81 136 9 1719 1
250 10 147 9 1113 1
251 19 147 9 1113 1
252 14 138 16 1551 1
253 27 138 16 1551 1
254 40 138 16 1551 1
255 16 141 8 893 1
256 8 148 14 2814 1
257 15 148 14 2814 1
258 22 148 14 2814 1
259 331 136 3 308 1
260 59 146 12 1323 1
261 8 116 10 1498 1
262 8 145 7 985 1
263 8 145 10 1224 1
264 21 141 14 1129 1
265 9 109 11 1748 1
266 14 121 9 695 1
267 27 121 9 695 1
268 11 140 9 990 1
269 8 136 12 1765 1
270 15 136 12 1765 1
271 22 136 12 1765 1
272 29 136 12 1765 1
273 36 136 12 1765 1
274 43 136 12 1765 1
275 8 137 7 733 1
276 15 137 7 733 1
277 22 137 7 733 1
278 9 133 11 2161 1
279 11 144 8 1509 1
280 21 144 8 1509 1
281 31 144 8 1509 1
282 41 144 8 1509 1
283 8 130 8 783 1
284 9 133 11 2136 1
285 17 133 11 2136 1
286 11 144 16 2660 1
287 21 144 16 2660 1
288 9 140 15 2743 1
289 17 140 15 2743 1
290 25 140 15 2743 1
291 18 135 15 1918 1
292 3 139 10 1039 1
293 8 140 14 1778 1
294 37 146 16 2676 1
295 12 146 15 1133 1
296 14 147 8 923 1
297 8 122 10 1561 1
298 15 122 10 1561 1
299 22 122 10 1561 1
300 16 145 18 3215 1
301 22 138 17 1751 1
302 43 138 17 1751 1
303 8 145 5 523 1
304 9 102 10 1027 1
305 9 149 12 1294 1
306 17 149 12 1294 1
307 25 149 12 1294 1
308 33 149 12 1294 1
309 41 149 12 1294 1
310 9 135 11 1449 1
311 17 135 11 1449 1
312 25 135 11 1449 1
313 33 135 11 1449 1
314 41 135 11 1449 1
315 49 135 11 1449 1
316 57 135 11 1449 1
317 9 141 14 1659 1
318 15 130 12 1995 1
319 21 116 10 1641 1
320 41 116 10 1641 1
321 22 136 11 905 1
322 43 136 11 905 1
323 64 136 11 905 1
324 85 136 11 905 1
325 8 141 9 1446 1
326 10 146 20 2041 1
327 19 146 20 2041 1
328 28 146 20 2041 1
329 37 146 20 2041 1
330 46 146 20 2041 1
331 55 146 20 2041 1
332 8 135 11 1545 1
333 13 138 17 1996 1
334 12 137 10 1485 1
335 23 137 10 1485 1
336 9 145 14 1368 1
337 17 145 14 1368 1
338 9 122 11 1036 1
339 17 122 11 1036 1
340 21 139 12 1912 1
341 41 139 12 1912 1
342 61 139 12 1912 1
343 4 143 15 1298 1
344 8 142 8 852 1
345 17 115 10 1330 1
346 33 115 10 1330 1
347 49 115 10 1330 1
348 65 115 10 1330 1
349 8 109 12 889 1
350 15 109 12 889 1
351 22 109 12 889 1
352 8 122 10 1818 1
353 21 109 11 1285 1
354 9 108 9 746 1
355 17 108 9 746 1
356 25 108 9 746 1
357 8 102 6 889 1
358 15 102 6 889 1
359 26 139 19 2550 1
360 2 135 11 1348 1
361 14 149 13 1977 1
362 27 149 13 1977 1
363 40 149 13 1977 1
364 17 113 11 1183 1
365 14 116 7 738 1
366 27 116 7 738 1
367 40 116 7 738 1
368 53 116 7 738 1
369 8 140 16 2144 1
370 15 140 16 2144 1
371 22 140 16 2144 1
372 29 140 16 2144 1
373 36 140 16 2144 1
374 45 140 11 2045 1
375 14 102 9 771 1
376 24 140 14 2107 1
377 47 140 14 2107 1
378 9 134 12 1779 1
379 17 134 12 1779 1
380 25 134 12 1779 1
381 17 148 14 1271 1
382 5 109 6 444 1
383 8 122 12 1631 1
384 8 146 7 894 1
385 15 146 7 894 1
386 22 146 7 894 1
387 29 146 7 894 1
388 36 146 7 894 1
389 43 146 7 894 1
390 50 146 7 894 1
391 2 115 10 1662 1
392 3 115 10 1662 1
393 8 125 14 1649 1
394 15 125 14 1649 1
395 9 121 12 1138 1
396 17 121 12 1138 1
397 19 142 11 1002 1
398 37 142 11 1002 1
399 9 113 11 1053 1
400 17 113 11 1053 1
401 10 130 13 2236 1
402 19 130 13 2236 1
403 17 146 15 3215 1
404 33 146 15 3215 1
405 49 146 15 3215 1
406 19 137 12 911 1
407 8 134 15 2810 1
408 15 134 15 2810 1
409 13 144 14 1291 1
410 13 140 12 2196 1
411 16 146 13 1036 1
412 14 121 11 1475 1
413 11 116 16 1995 1
414 8 138 11 1673 1
415 20 124 5 859 1
416 39 124 5 859 1
417 19 145 14 1757 1
418 37 145 14 1757 1
419 7 113 9 1199 1
420 13 113 9 1199 1
421 9 134 2 259 1
422 10 137 11 1246 1
423 19 137 11 1246 1
424 15 124 7 676 1
425 9 147 10 1145 1
426 5 135 11 1658 1
427 20 125 10 1206 1
428 39 125 10 1206 1
429 9 144 8 1035 1
430 9 125 11 1738 1
431 17 125 11 1738 1
432 32 168 10 1854 1
433 15 152 12 1386 1
434 20 183 10 987 1
435 29 165 17 3796 1
436 31 150 14 3111 1
437 20 168 10 1154 1
438 26 162 11 1503 1
439 51 162 11 1503 1
440 76 162 11 1503 1
441 15 179 17 1936 1
442 29 179 17 1936 1
443 23 179 20 3284 1
444 15 171 9 1542 1
445 24 177 7 1000 1
446 14 176 12 2063 1
447 30 173 10 1172 1
448 16 159 14 2969 1
449 29 174 17 1909 1
450 57 174 17 1909 1
451 85 174 17 1909 1
452 9 163 18 2200 1
453 41 174 5 1043 1
454 9 162 15 2157 1
455 24 169 11 1075 1
456 24 182 18 3716 1
457 14 154 9 918 1
458 27 154 9 918 1
459 40 154 9 918 1
460 22 176 13 3341 1
461 103 161 15 2394 1
462 17 167 13 2387 1
463 8 164 10 1294 1
464 11 183 11 2841 1
465 26 162 11 2428 1
466 22 183 11 1187 1
467 9 181 19 3250 1
468 20 181 14 3596 1
469 24 182 14 1376 1
470 47 182 14 1376 1
471 10 165 3 708 1
472 8 179 11 1317 1
473 15 179 11 1317 1
474 8 163 8 727 1
475 15 163 8 727 1
476 22 163 8 727 1
477 12 173 12 2619 1
478 23 160 4 920 1
479 23 169 13 2338 1
480 22 165 16 2575 1
481 16 167 10 2179 1
482 139 167 12 1672 1
483 30 150 10 1295 1
484 59 150 10 1295 1
485 9 159 11 2226 1
486 23 177 18 2636 1
487 45 177 18 2636 1
488 67 177 18 2636 1
489 11 183 16 2961 1
490 13 178 10 2382 1
491 11 151 12 1954 1
492 8 183 7 1058 1
493 2 165 12 2520 1
494 23 172 6 1543 1
495 28 176 18 4555 1
496 23 176 12 1605 1
497 23 164 11 2316 1
498 23 175 6 1478 1
499 1 181 7 1014 1
500 7 154 8 774 1
501 37 172 13 2096 1
502 17 180 2 529 1
503 9 162 9 1233 1
504 43 162 16 3582 1
505 20 159 11 1658 1
506 27 176 17 3078 1
507 10 173 17 3054 1
508 14 160 8 1410 1
509 9 182 21 4082 1
510 9 159 12 1862 1
511 17 159 12 1862 1
512 15 181 14 1645 1
513 20 164 17 3359 1
514 39 164 17 3359 1
515 21 176 3 491 1
516 21 179 13 1977 1
517 11 151 11 1662 1
518 22 164 3 710 1
519 43 164 3 710 1
520 64 164 3 710 1
521 9 176 15 2941 1
522 17 176 15 2941 1
523 25 176 15 2941 1
524 6 174 5 705 1
525 8 180 7 797 1
526 16 182 10 1556 1
527 18 180 15 2704 1
528 16 173 17 1896 1
529 31 173 17 1896 1
530 46 173 17 1896 1
531 61 173 17 1896 1
532 22 161 16 2735 1
533 43 161 16 2735 1
534 8 150 11 1469 1
535 8 163 14 1166 1
536 22 154 16 2774 1
537 43 154 16 2774 1
538 9 169 7 968 1
539 21 163 10 1759 1
540 24 174 13 2336 1
541 23 167 12 1701 1
542 22 160 10 1116 1
543 14 155 14 2269 1
544 29 183 12 2117 1
545 9 180 20 2465 1
546 19 165 11 2416 1
547 27 167 17 4167 1
548 8 175 17 4451 1
549 22 160 10 2360 1
550 43 160 10 2360 1
551 8 180 11 2065 1
552 8 183 15 2551 1
553 9 176 18 3671 1
554 14 180 11 2792 1
555 23 179 11 2713 1
556 45 179 11 2713 1
557 28 171 11 1909 1
558 41 155 11 1826 1
559 13 182 9 2453 1
560 21 168 17 2657 1
561 9 170 10 2299 1
562 17 170 10 2299 1
563 11 172 31 7431 1
564 24 175 8 1364 1
565 23 161 13 2097 1
566 15 172 18 3771 1
567 15 171 12 1090 1
568 22 160 16 1990 1
569 43 160 16 1990 1
570 30 174 32 5695 1
571 59 174 32 5695 1
572 88 174 32 5695 1
573 16 180 10 1840 1
574 31 180 10 1840 1
575 31 183 18 1834 1
576 11 159 12 2073 1
577 26 163 8 1106 1
578 10 164 12 2116 1
579 9 159 19 1581 1
580 41 162 14 2405 1
581 8 181 5 780 1
582 10 165 17 4182 1
583 26 176 6 671 1
584 8 180 22 5586 1
585 9 162 17 2292 1
586 11 176 13 2077 1
587 15 171 8 845 1
588 24 160 9 1502 1
589 47 160 9 1502 1
590 21 170 21 4585 1
591 7 150 11 2217 1
592 13 150 11 2217 1
593 7 155 11 1618 1
594 13 155 11 1618 1
595 22 170 15 2836 1
596 22 154 9 1182 1
597 212 179 16 3237 1
598 16 170 14 2812 1
599 15 172 9 1593 1
600 16 181 10 1830 1
601 13 159 14 1269 1
602 35 165 13 2950 1
603 25 180 18 3384 1
604 49 180 18 3384 1
605 73 180 18 3384 1
606 22 171 7 759 1
607 43 171 7 759 1
608 27 161 17 1783 1
609 44 174 15 1448 1
610 8 177 20 2268 1
611 30 179 2 195 1
612 34 177 13 3433 1
613 9 164 11 1452 1
614 23 182 6 699 1
615 71 165 3 668 1
616 23 183 12 2429 1
617 45 183 12 2429 1
618 20 179 12 2788 1
619 8 164 7 1068 1
620 8 175 6 621 1
621 31 180 14 2126 1
622 5 174 19 3410 1
623 9 173 15 1334 1
624 25 163 16 3430 1
625 6 172 7 1171 1
626 23 170 15 3142 1
627 15 164 15 3407 1
628 9 178 12 1257 1
629 42 163 10 1276 1
630 15 151 13 2476 1
631 29 151 13 2476 1
632 32 170 7 1579 1
633 23 174 3 779 1
634 32 229 14 2597 1
635 23 228 7 1525 1
636 22 186 6 1572 1
637 18 217 20 2393 1
638 29 198 10 2401 1
639 30 191 13 2800 1
640 23 200 5 1082 1
641 67 192 7 1838 1
642 22 221 10 3133 1
643 29 191 6 1109 1
644 24 228 16 4122 1
645 6 231 21 5719 1
646 16 189 9 1883 1
647 14 196 12 1422 1
648 27 196 12 1422 1
649 48 227 15 4914 1
650 67 210 12 1393 1
651 10 191 5 1414 1
652 2 229 8 1572 1
653 25 199 8 1791 1
654 30 220 4 715 1
655 42 222 14 1782 1
656 1 212 14 4353 1
657 29 196 5 525 1
658 24 198 19 2536 1
659 47 198 19 2536 1
660 70 198 19 2536 1
661 93 198 19 2536 1
662 116 198 19 2536 1
663 139 198 19 2536 1
664 38 199 21 5249 1
665 23 231 15 4533 1
666 45 231 15 4533 1
667 29 196 12 1725 1
668 24 185 14 1620 1
669 47 185 14 1620 1
670 70 185 14 1620 1
671 29 189 8 1622 1
672 31 184 1 147 1
673 25 228 14 4586 1
674 49 228 14 4586 1
675 22 193 10 2840 1
676 43 193 10 2840 1
677 29 229 12 1725 1
678 57 229 12 1725 1
679 23 193 11 2441 1
680 45 193 11 2441 1
681 67 193 11 2441 1
682 6 209 14 3686 1
683 30 217 17 2337 1
684 14 192 8 1518 1
685 9 213 9 1126 1
686 17 213 9 1126 1
687 39 229 11 3180 1
688 8 222 8 2371 1
689 13 210 9 2028 1
690 25 210 9 2028 1
691 37 210 9 2028 1
692 23 200 19 1975 1
693 9 196 8 1277 1
694 19 194 10 1549 1
695 37 194 10 1549 1
696 55 194 10 1549 1
697 21 200 13 1831 1
698 29 218 8 1123 1
699 6 209 7 1937 1
700 23 209 15 3186 1
701 38 188 10 2728 1
702 75 188 10 2728 1
703 39 231 9 2890 1
704 18 194 9 1217 1
705 21 223 14 2919 1
706 14 185 8 1143 1
707 22 213 17 5309 1
708 43 213 17 5309 1
709 30 208 18 2788 1
710 75 212 11 1640 1
711 292 209 15 2472 1
712 23 216 20 2524 1
713 21 199 12 3400 1
714 42 202 11 1827 1
715 28 228 14 2484 1
716 23 222 12 2650 1
717 2 223 13 4267 1
718 30 228 9 1347 1
719 7 198 4 521 1
720 9 195 7 1250 1
721 5 217 11 3144 1
722 25 213 12 3325 1
723 40 232 13 1765 1
724 79 232 13 1765 1
725 26 216 10 2169 1
726 30 192 17 1955 1
727 13 193 9 1099 1
728 25 193 9 1099 1
729 30 222 13 2796 1
730 15 186 15 4156 1
731 37 211 18 4841 1
732 27 216 10 1620 1
733 2 222 13 3688 1
734 30 232 12 3296 1
735 3 217 12 2118 1
736 205 198 11 1184 1
737 25 211 13 3295 1
738 20 217 13 2121 1
739 77 221 9 1616 1
740 22 186 12 3021 1
741 43 186 12 3021 1
742 20 184 5 1270 1
743 161 196 10 2849 1
744 28 194 8 1382 1
745 17 222 10 2749 1
746 33 222 10 2749 1
747 11 228 4 958 1
748 23 222 11 2783 1
749 35 209 4 987 1
750 75 208 11 1327 1
751 24 186 10 961 1
752 35 223 13 2140 1
753 6 191 8 1650 1
754 28 195 17 3372 1
755 4 195 15 3943 1
756 2 184 13 3575 1
757 24 212 13 3143 1
758 47 212 13 3143 1
759 38 220 16 3757 1
760 24 184 9 1556 1
761 47 184 9 1556 1
762 17 209 11 3149 1
763 2 185 13 2548 1
764 28 229 13 3826 1
765 7 198 8 1406 1
766 24 198 9 1192 1
767 47 198 9 1192 1
768 30 211 7 2193 1
769 66 210 4 691 1
770 14 211 14 4413 1
771 30 199 11 1463 1
772 36 193 10 2380 1
773 9 189 13 2055 1
774 7 186 12 1162 1
775 42 277 13 4879 1
776 83 277 13 4879 1
777 33 240 21 4551 1
778 65 240 21 4551 1
779 97 240 21 4551 1
780 58 283 36 14341 1
781 42 261 8 1640 1
782 83 261 8 1640 1
783 44 275 10 2470 1
784 49 287 17 6957 1
785 44 287 14 3585 1
786 23 276 11 2365 1
787 44 268 16 3515 1
788 87 268 16 3515 1
789 38 267 11 1592 1
790 45 268 5 1042 1
791 42 266 18 2880 1
792 44 256 22 5386 1
793 36 271 25 6790 1
794 71 271 25 6790 1
795 23 265 23 6258 1
796 45 265 23 6258 1
797 67 265 23 6258 1
798 67 264 17 3428 1
799 133 264 17 3428 1
800 74 241 25 8868 1
801 37 262 16 4859 1
802 44 262 23 7281 1
803 41 295 15 3179 1
804 81 295 15 3179 1
805 121 295 15 3179 1
806 42 287 8 2652 1
807 83 287 8 2652 1
808 3 247 14 3771 1
809 43 278 13 3069 1
810 37 240 7 946 1
811 73 240 7 946 1
812 109 240 7 946 1
813 50 271 19 4926 1
814 44 268 15 2605 1
815 87 268 15 2605 1
816 130 268 15 2605 1
817 63 285 18 2680 1
818 69 285 19 5077 1
819 137 285 19 5077 1
820 205 285 19 5077 1
821 53 279 7 1671 1
822 43 269 11 4238 1
823 42 283 13 5187 1
824 51 247 22 5982 1
825 43 259 10 3123 1
826 85 270 15 2996 1
827 169 270 15 2996 1
828 253 270 15 2996 1
829 73 296 21 4973 1
830 42 262 17 3643 1
831 43 287 19 3112 1
832 45 262 19 5156 1
833 89 262 19 5156 1
834 43 240 22 6043 1
835 50 287 18 3947 1
836 99 287 18 3947 1
837 86 292 18 4551 1
838 35 296 12 2514 1
839 42 261 8 1638 1
840 42 295 12 4130 1
841 14 295 19 4678 1
842 37 263 32 9779 1
843 45 260 20 3490 1
844 42 283 16 4062 1
845 37 296 16 2679 1
846 42 241 24 4751 1
847 44 294 26 8994 1
848 87 294 26 8994 1
849 130 294 26 8994 1
850 60 277 9 1303 1
851 45 260 12 4248 1
852 44 283 17 3195 1
853 87 283 17 3195 1
854 130 283 17 3195 1
855 44 290 14 5411 1
856 50 277 12 4685 1
857 44 240 28 4047 1
858 87 240 28 4047 1
859 130 240 28 4047 1
860 45 260 9 1611 1
861 89 260 9 1611 1
862 133 260 9 1611 1
863 78 268 9 1328 1
864 155 268 9 1328 1
865 40 241 14 4508 1
866 79 241 14 4508 1
867 19 281 12 1998 1
868 43 276 13 5207 1
869 85 276 13 5207 1
870 43 270 29 4784 1
871 64 259 14 2327 1
872 127 259 14 2327 1
873 43 262 12 2755 1
874 45 256 12 3161 1
875 89 256 12 3161 1
876 43 250 15 5447 1
877 95 262 30 5828 1
878 43 279 29 11254 1
879 42 256 17 3812 1
880 42 266 7 2493 1
881 83 266 7 2493 1
882 67 276 19 7255 1
883 50 241 14 1872 1
884 43 287 16 2858 1
885 85 287 16 2858 1
886 23 239 10 3137 1
887 43 266 27 5049 1
888 85 266 27 5049 1
889 127 266 27 5049 1
890 169 266 27 5049 1
891 44 265 7 968 1
892 87 265 7 968 1
893 50 267 12 2636 1
894 80 277 12 2588 1
895 159 277 12 2588 1
896 238 277 12 2588 1
897 317 277 12 2588 1
898 50 292 16 6148 1
899 42 268 19 3835 1
900 83 268 19 3835 1
901 124 268 19 3835 1
902 45 282 13 2054 1
903 89 282 13 2054 1
904 42 277 5 1827 1
905 83 277 5 1827 1
906 124 277 5 1827 1
907 165 277 5 1827 1
908 206 277 5 1827 1
909 39 268 14 5101 1
910 38 278 15 2350 1
911 75 278 15 2350 1
912 45 278 11 3703 1
913 44 269 45 15181 1
914 84 283 15 2249 1
915 31 240 15 3450 1
916 61 240 15 3450 1
917 65 281 13 3337 1
918 129 281 13 3337 1
919 193 281 13 3337 1
920 257 281 13 3337 1
921 321 281 13 3337 1
922 44 263 15 4717 1
923 51 283 22 5676 1
924 15 256 32 11864 1
925 47 283 17 6079 1
926 93 283 17 6079 1
927 139 283 17 6079 1
928 44 259 22 4481 1
929 32 255 18 6823 1
930 63 255 18 6823 1
931 44 269 28 10468 1
932 87 269 28 10468 1
933 44 270 8 2891 1
934 50 266 12 3703 1
935 51 334 38 16790 1
936 8 332 14 3483 1
937 15 300 35 10351 1
938 44 333 25 7820 1
939 56 306 21 8863 1
940 36 316 27 6813 1
941 50 305 15 2656 1
942 47 300 22 4742 1
943 46 347 39 15636 1
944 91 347 39 15636 1
945 65 316 19 3663 1
946 36 305 21 6452 1
947 50 334 17 7235 1
948 37 300 18 5987 1
949 73 300 18 5987 1
950 42 336 21 9635 1
951 83 336 21 9635 1
952 44 335 15 4032 1
953 43 325 25 12000 1
954 85 325 25 12000 1
955 127 325 25 12000 1
956 169 325 25 12000 1
957 58 304 10 2258 1
958 57 324 23 7776 1
959 44 321 17 3416 1
960 57 340 11 4903 1
961 43 333 29 9693 1
962 44 332 33 5619 1
963 44 304 21 6445 1
964 87 304 21 6445 1
965 45 337 12 2577 1
966 89 337 12 2577 1
967 133 337 12 2577 1
968 43 334 15 2776 1
969 85 334 15 2776 1
970 44 334 23 11399 1
971 48 304 23 9689 1
972 130 347 21 9041 1
973 271 318 17 6209 1
974 99 333 18 4218 1
975 42 316 21 7887 1
976 134 306 10 3670 1
977 43 300 19 7182 1
978 43 334 14 3729 1
979 85 334 14 3729 1
980 46 305 18 5264 1
981 44 301 24 8059 1
982 6 347 26 12553 1
983 48 305 12 2483 1
984 89 347 23 4661 1
985 47 340 11 2637 1
986 5 305 25 11119 1
987 43 301 24 7477 1
988 44 325 14 2897 1
989 44 316 28 8488 1
990 43 347 11 5138 1
991 51 332 24 7826 1
992 44 340 50 12351 1
993 46 305 16 3897 1
994 42 333 23 6806 1
995 83 333 23 6806 1
996 51 306 27 8815 1
997 43 347 14 3506 1
998 84 332 21 6138 1
999 63 300 15 2429 1
1000 237 300 14 4060 1
1001 50 336 20 6115 1
1002 58 333 11 3368 1
1003 44 340 15 6051 1
1004 51 316 27 10230 1
1005 43 335 17 5062 1
1006 50 325 31 8904 1
1007 110 323 17 3108 1
1008 41 332 10 4664 1
1009 38 300 14 4941 1
1010 43 347 15 6092 1
1011 85 347 15 6092 1
1012 48 337 21 7020 1
1013 43 332 10 3801 1
1014 46 302 22 9751 1
1015 43 333 17 3824 1
1016 85 333 17 3824 1
1017 127 333 17 3824 1
1018 43 316 14 5839 1
1019 94 301 19 5102 1
1020 50 335 16 5192 1
1021 44 324 21 9714 1
1022 87 324 21 9714 1
1023 130 324 21 9714 1
1024 57 329 18 2971 1
1025 7 351 88 33189 1
1026 5 364 7 3801 1
1027 113 349 31 7932 1
1028 225 349 31 7932 1
1029 337 349 31 7932 1
1030 449 349 31 7932 1
1031 561 349 31 7932 1
1032 48 367 52 23986 1
1033 2 366 8 2459 1
1034 3 366 8 2459 1
1035 113 367 10 4056 1
1036 6 367 36 16301 1
1037 11 367 36 16301 1
26
500 500 500 500 500 500 500 500 500 500 500 500 500 500 500 500 500 500 500 500 500 500 500 500 500 500 