1037
1 1 99 2 140 1
2 1 99 2 140 1
3 1 99 2 140 1
4 11 100 4 377 1
5 21 100 4 377 1
6 3 99 3 410 1
7 5 99 3 410 1
8 7 99 3 410 1
9 9 99 3 410 1
10 11 99 3 410 1
11 13 99 3 410 1
12 15 99 3 410 1
13 17 99 3 410 1
14 19 99 3 410 1
15 21 99 3 410 1
16 1 99 2 246 1
17 3 85 3 242 1
18 5 85 3 242 1
19 7 85 3 242 1
20 9 85 3 242 1
21 11 85 3 242 1
22 2 100 2 244 1
23 32 99 7 856 1
24 2 85 3 262 1
25 4 100 4 550 1
26 7 100 4 550 1
27 10 100 4 550 1
28 3 99 16 1802 1
29 5 75 3 207 1
30 9 75 3 207 1
31 4 85 3 363 1
32 7 85 3 363 1
33 10 85 3 363 1
34 2 85 1 68 1
35 3 85 1 68 1
36 4 85 1 68 1
37 5 85 1 68 1
38 3 85 1 121 1
39 4 75 3 270 1
40 7 75 3 270 1
41 10 75 3 270 1
42 13 75 3 270 1
43 5 75 2 114 1
44 9 75 2 114 1
45 13 75 2 114 1
46 3 85 2 219 1
47 5 85 2 219 1
48 7 85 2 219 1
49 9 85 2 219 1
50 11 85 2 219 1
51 13 85 2 219 1
52 15 85 2 219 1
53 17 85 2 219 1
54 19 85 2 219 1
55 21 85 2 219 1
56 30 100 2 209 1
57 2 100 3 292 1
58 3 100 3 292 1
59 35 99 2 223 1
60 69 99 2 223 1
61 16 75 1 104 1
62 10 142 13 1051 1
63 19 142 13 1051 1
64 9 124 11 1658 1
65 17 124 11 1658 1
66 25 124 11 1658 1
67 8 124 11 1195 1
68 8 134 8 1529 1
69 15 134 8 1529 1
70 22 134 8 1529 1
71 9 113 12 1016 1
72 17 113 12 1016 1
73 4 139 11 840 1
74 7 139 11 840 1
75 7 130 10 1648 1
76 8 133 12 1622 1
77 13 137 15 2584 1
78 25 137 15 2584 1
79 37 137 15 2584 1
80 8 145 10 1299 1
81 9 116 9 909 1
82 8 113 12 1681 1
83 15 113 12 1681 1
84 22 113 12 1681 1
85 29 113 12 1681 1
86 36 113 12 1681 1
87 9 149 20 2718 1
88 17 149 20 2718 1
89 8 147 6 871 1
90 8 140 12 1573 1
91 15 140 12 1573 1
92 22 140 12 1573 1
93 21 130 8 904 1
94 9 143 11 1728 1
95 17 143 11 1728 1
96 25 143 11 1728 1
97 31 140 7 882 1
98 5 146 18 1476 1
99 9 146 18 1476 1
100 10 144 11 1052 1
101 18 130 13 1734 1
102 35 130 13 1734 1
103 8 138 12 874 1
104 15 138 12 874 1
105 22 138 12 874 1
106 8 137 10 1904 1
107 15 137 10 1904 1
108 22 137 10 1904 1
109 29 137 10 1904 1
110 18 109 11 1114 1
111 8 122 6 556 1
112 9 144 11 825 1
113 17 144 11 825 1
114 25 144 11 825 1
115 33 144 11 825 1
116 12 134 16 2958 1
117 11 135 5 904 1
118 9 124 12 1423 1
119 17 124 12 1423 1
120 25 124 12 1423 1
121 6 147 17 2470 1
122 9 135 11 1752 1
123 8 122 8 1286 1
124 8 147 10 1171 1
125 15 147 10 1171 1
126 8 134 8 935 1
127 15 134 8 935 1
128 22 134 8 935 1
129 8 116 6 364 1
130 15 116 6 364 1
131 22 116 6 364 1
132 29 116 6 364 1
133 18 144 12 1638 1
134 14 149 9 913 1
135 8 134 12 896 1
136 15 134 12 896 1
137 22 134 12 896 1
138 11 121 12 1915 1
139 21 121 12 1915 1
140 31 121 12 1915 1
141 14 145 10 1314 1
142 10 108 7 507 1
143 19 108 7 507 1
144 28 108 7 507 1
145 9 139 6 1136 1
146 17 139 6 1136 1
147 9 143 8 913 1
148 7 144 10 1958 1
149 11 141 10 1706 1
150 14 149 9 1513 1
151 17 113 3 388 1
152 33 113 3 388 1
153 13 125 10 661 1
154 25 125 10 661 1
155 7 134 12 1621 1
156 13 134 12 1621 1
157 19 134 12 1621 1
158 9 140 14 2897 1
159 17 140 14 2897 1
160 11 139 10 747 1
161 8 124 6 688 1
162 8 133 14 2121 1
163 15 133 14 2121 1
164 22 133 14 2121 1
165 29 133 14 2121 1
166 8 145 23 1861 1
167 15 145 23 1861 1
168 22 145 23 1861 1
169 11 143 11 1952 1
170 21 143 11 1952 1
171 31 143 11 1952 1
172 41 143 11 1952 1
173 13 134 13 1519 1
174 17 121 10 912 1
175 33 121 10 912 1
176 49 121 10 912 1
177 65 121 10 912 1
178 81 121 10 912 1
179 39 146 17 1760 1
180 8 130 10 1904 1
181 9 143 11 1100 1
182 8 102 9 630 1
183 15 102 9 630 1
184 22 102 9 630 1
185 11 124 7 890 1
186 7 130 12 1225 1
187 8 149 14 2823 1
188 6 143 15 2610 1
189 18 140 7 1284 1
190 12 124 11 1647 1
191 23 124 11 1647 1
192 8 136 13 1796 1
193 14 142 8 604 1
194 27 142 8 604 1
195 19 148 12 2505 1
196 9 137 13 2071 1
197 9 130 12 2239 1
198 17 130 12 2239 1
199 9 149 12 1248 1
200 17 149 12 1248 1
201 9 121 9 1176 1
202 17 121 9 1176 1
203 8 139 14 1798 1
204 20 134 13 2305 1
205 9 115 10 913 1
206 15 113 10 1073 1
207 8 139 15 1198 1
208 15 139 15 1198 1
209 9 145 14 2949 1
210 17 145 14 2949 1
211 23 142 9 802 1
212 9 144 13 1970 1
213 17 144 13 1970 1
214 25 144 13 1970 1
215 12 135 11 957 1
216 9 141 7 1210 1
217 17 141 7 1210 1
218 16 102 6 873 1
219 31 102 6 873 1
220 46 102 6 873 1
221 61 102 6 873 1
222 76 102 6 873 1
223 8 138 12 2472 1
224 8 148 8 824 1
225 9 125 9 985 1
226 17 125 9 985 1
227 9 140 11 1585 1
228 9 136 14 2345 1
229 9 133 13 2158 1
230 8 108 11 1208 1
231 15 108 11 1208 1
232 9 137 12 2160 1
233 17 137 12 2160 1
234 10 145 15 3035 1
235 19 145 15 3035 1
236 9 109 7 424 1
237 17 109 7 424 1
238 9 148 14 3044 1
239 17 148 14 3044 1
240 10 102 11 1225 1
241 6 102 16 930 1
242 11 102 16 930 1
243 8 108 7 906 1
244 15 108 7 906 1
245 11 141 17 3030 1
246 21 141 17 3030 1
247 31 141 17 3030 1
248 7 134 12 1392 1
249 8 140 10 1097 1
250 15 140 10 1097 1
251 22 102 8 554 1
252 14 138 12 2481 1
253 18 109 11 1731 1
254 35 109 11 1731 1
255 8 130 14 2376 1
256 9 142 13 1744 1
257 19 134 15 2687 1
258 19 122 10 1151 1
259 37 122 10 1151 1
260 10 149 15 2272 1
261 9 141 10 1303 1
262 6 149 15 2310 1
263 11 149 15 2310 1
264 16 149 15 2310 1
265 21 149 15 2310 1
266 8 109 3 261 1
267 9 143 14 2144 1
268 17 143 14 2144 1
269 9 139 12 1526 1
270 15 124 10 1424 1
271 7 121 11 864 1
272 13 121 11 864 1
273 8 140 7 629 1
274 8 130 15 2115 1
275 15 130 15 2115 1
276 4 121 12 1508 1
277 7 121 12 1508 1
278 10 121 12 1508 1
279 8 147 11 2031 1
280 15 147 11 2031 1
281 22 147 11 2031 1
282 29 147 11 2031 1
283 8 122 12 1404 1
284 15 122 12 1404 1
285 8 148 11 1296 1
286 15 148 11 1296 1
287 9 134 13 1813 1
288 17 134 13 1813 1
289 25 134 13 1813 1
290 8 147 12 1853 1
291 8 102 6 862 1
292 9 125 9 1019 1
293 17 125 9 1019 1
294 4 109 5 302 1
295 7 109 5 302 1
296 10 109 5 302 1
297 17 124 3 220 1
298 33 124 3 220 1
299 19 108 13 1327 1
300 8 147 10 1715 1
301 15 137 13 2624 1
302 14 134 10 1551 1
303 11 138 20 2447 1
304 8 134 8 1183 1
305 15 134 8 1183 1
306 22 134 8 1183 1
307 8 125 13 2031 1
308 15 125 13 2031 1
309 22 125 13 2031 1
310 29 125 13 2031 1
311 36 125 13 2031 1
312 43 125 13 2031 1
313 50 125 13 2031 1
314 57 125 13 2031 1
315 8 139 14 2054 1
316 15 139 14 2054 1
317 22 139 14 2054 1
318 29 139 14 2054 1
319 36 139 14 2054 1
320 43 139 14 2054 1
321 8 141 12 1622 1
322 15 141 12 1622 1
323 8 140 14 1607 1
324 15 140 14 1607 1
325 6 125 9 1535 1
326 7 113 9 557 1
327 13 113 9 557 1
328 8 146 10 1808 1
329 15 146 10 1808 1
330 8 102 8 960 1
331 9 144 13 1752 1
332 17 144 13 1752 1
333 25 144 13 1752 1
334 33 144 13 1752 1
335 41 144 13 1752 1
336 49 144 13 1752 1
337 57 144 13 1752 1
338 65 144 13 1752 1
339 9 142 12 964 1
340 13 116 9 1142 1
341 11 146 14 1858 1
342 8 148 14 2648 1
343 15 148 14 2648 1
344 22 148 14 2648 1
345 29 148 14 2648 1
346 36 148 14 2648 1
347 43 148 14 2648 1
348 8 108 11 1071 1
349 9 130 10 1066 1
350 17 130 10 1066 1
351 25 130 10 1066 1
352 33 130 10 1066 1
353 41 130 10 1066 1
354 49 130 10 1066 1
355 4 134 12 900 1
356 7 134 12 900 1
357 1 134 9 1400 1
358 1 134 9 1400 1
359 13 134 7 1123 1
360 25 134 7 1123 1
361 37 134 7 1123 1
362 49 134 7 1123 1
363 61 134 7 1123 1
364 10 136 13 1392 1
365 20 147 8 1210 1
366 8 149 18 1854 1
367 9 145 8 1682 1
368 9 121 13 1872 1
369 17 121 13 1872 1
370 9 140 13 2341 1
371 17 140 13 2341 1
372 25 140 13 2341 1
373 11 116 10 927 1
374 21 116 10 927 1
375 10 133 16 2993 1
376 19 133 16 2993 1
377 10 102 8 532 1
378 9 146 13 1903 1
379 17 146 13 1903 1
380 25 146 13 1903 1
381 8 149 14 1974 1
382 15 149 14 1974 1
383 22 149 14 1974 1
384 8 149 3 582 1
385 15 149 3 582 1
386 22 149 3 582 1
387 8 146 17 2450 1
388 8 122 10 1664 1
389 15 122 10 1664 1
390 22 122 10 1664 1
391 38 145 14 2042 1
392 8 146 8 1245 1
393 15 146 8 1245 1
394 8 139 3 364 1
395 15 139 3 364 1
396 9 135 14 2529 1
397 17 135 14 2529 1
398 25 135 14 2529 1
399 33 135 14 2529 1
400 12 135 13 1716 1
401 10 134 11 1362 1
402 15 138 8 1138 1
403 3 124 9 724 1
404 5 124 9 724 1
405 9 133 13 1797 1
406 17 133 13 1797 1
407 11 115 11 1851 1
408 10 146 9 1154 1
409 9 143 12 2170 1
410 8 136 11 1534 1
411 15 125 2 234 1
412 8 109 8 626 1
413 15 109 8 626 1
414 8 108 10 610 1
415 15 108 10 610 1
416 22 108 10 610 1
417 29 108 10 610 1
418 7 113 10 1422 1
419 13 113 10 1422 1
420 19 113 10 1422 1
421 25 113 10 1422 1
422 31 113 10 1422 1
423 7 133 5 372 1
424 13 133 5 372 1
425 19 133 5 372 1
426 16 125 14 1342 1
427 31 125 14 1342 1
428 46 125 14 1342 1
429 13 122 9 1224 1
430 25 122 9 1224 1
431 8 108 12 1098 1
432 15 181 24 4720 1
433 29 181 24 4720 1
434 43 181 24 4720 1
435 24 159 12 2775 1
436 39 155 11 2216 1
437 18 164 10 828 1
438 32 175 19 2369 1
439 10 172 12 1800 1
440 25 158 10 1963 1
441 15 160 4 487 1
442 9 169 11 2669 1
443 33 160 13 1994 1
444 11 165 20 2068 1
445 22 159 11 2171 1
446 28 176 19 4213 1
447 24 180 5 1037 1
448 47 180 5 1037 1
449 23 161 12 2776 1
450 8 165 4 757 1
451 15 171 17 2206 1
452 23 167 2 427 1
453 10 183 13 1275 1
454 13 161 7 572 1
455 24 171 17 3036 1
456 33 167 21 2836 1
457 65 167 21 2836 1
458 22 161 18 1603 1
459 9 169 16 2641 1
460 8 167 15 3615 1
461 9 151 10 1020 1
462 10 177 14 2799 1
463 240 177 12 1566 1
464 24 168 6 1018 1
465 47 168 6 1018 1
466 12 151 13 1026 1
467 25 180 14 2282 1
468 9 161 15 2701 1
469 25 165 15 1644 1
470 29 167 21 3398 1
471 57 167 21 3398 1
472 85 167 21 3398 1
473 8 182 19 3101 1
474 14 175 38 9607 1
475 6 151 8 1085 1
476 10 151 13 1555 1
477 13 160 12 1478 1
478 25 160 12 1478 1
479 10 164 15 1380 1
480 9 182 20 1871 1
481 32 155 11 1215 1
482 8 170 19 3429 1
483 23 163 13 1607 1
484 13 160 9 1840 1
485 19 154 15 1704 1
486 13 154 10 960 1
487 11 152 9 1203 1
488 20 183 14 2950 1
489 39 183 14 2950 1
490 8 181 12 1857 1
491 8 180 8 1886 1
492 41 175 18 3155 1
493 26 165 13 2808 1
494 51 165 13 2808 1
495 22 151 4 761 1
496 9 177 11 1463 1
497 19 155 9 1711 1
498 23 165 7 1173 1
499 24 180 18 3760 1
500 15 167 9 1498 1
501 26 154 7 1200 1
502 9 172 9 2291 1
503 8 182 34 6519 1
504 18 154 13 2042 1
505 22 173 18 4391 1
506 22 167 7 1294 1
507 43 167 7 1294 1
508 64 167 7 1294 1
509 9 151 15 3175 1
510 23 183 4 445 1
511 27 163 8 1671 1
512 53 163 8 1671 1
513 9 159 11 1377 1
514 15 164 7 1446 1
515 24 177 8 845 1
516 16 176 14 3637 1
517 24 164 10 2369 1
518 19 165 11 961 1
519 9 177 15 3785 1
520 8 161 10 1334 1
521 9 176 15 2599 1
522 9 177 2 207 1
523 17 177 2 207 1
524 25 177 2 207 1
525 33 177 2 207 1
526 9 154 13 2357 1
527 22 169 8 1091 1
528 9 173 14 2349 1
529 9 179 10 2615 1
530 8 165 19 2018 1
531 43 180 14 2066 1
532 85 180 14 2066 1
533 16 179 8 1044 1
534 24 158 15 3405 1
535 44 176 9 1936 1
536 20 167 15 2192 1
537 9 179 20 5018 1
538 40 151 11 955 1
539 29 169 14 1274 1
540 23 176 7 677 1
541 7 160 12 1334 1
542 7 165 12 1803 1
543 8 177 18 3063 1
544 15 177 18 3063 1
545 22 168 11 2035 1
546 9 176 11 1988 1
547 12 172 13 1350 1
548 25 172 13 2741 1
549 16 161 10 1473 1
550 31 161 10 1473 1
551 22 165 5 732 1
552 9 181 12 1848 1
553 9 159 10 1834 1
554 9 178 11 1647 1
555 9 165 12 2557 1
556 10 181 16 4247 1
557 43 183 13 1330 1
558 22 174 17 3726 1
559 9 181 10 2349 1
560 17 181 10 2349 1
561 25 181 10 2349 1
562 21 178 14 2511 1
563 11 161 20 4385 1
564 14 155 13 2384 1
565 21 159 28 5895 1
566 44 175 11 2263 1
567 19 152 7 663 1
568 37 152 7 663 1
569 55 152 7 663 1
570 22 182 29 6925 1
571 43 182 29 6925 1
572 22 172 26 3001 1
573 24 169 25 5286 1
574 2 179 13 2572 1
575 23 170 10 2436 1
576 9 152 10 1953 1
577 2 162 12 1845 1
578 17 179 8 762 1
579 19 176 9 2345 1
580 9 170 14 3119 1
581 40 163 6 777 1
582 32 171 10 1023 1
583 5 173 6 926 1
584 9 160 9 1075 1
585 8 170 9 1615 1
586 23 181 1 209 1
587 8 151 8 1631 1
588 15 151 5 1064 1
589 20 152 14 2335 1
590 39 152 14 2335 1
591 2 150 12 963 1
592 10 169 11 1477 1
593 19 169 11 1477 1
594 9 151 23 4915 1
595 26 168 10 934 1
596 19 177 9 1240 1
597 37 177 9 1240 1
598 13 160 10 905 1
599 8 169 17 4104 1
600 15 169 17 4104 1
601 8 152 10 1088 1
602 19 169 16 1696 1
603 28 174 16 4032 1
604 37 174 7 668 1
605 12 151 11 997 1
606 11 167 11 1098 1
607 9 154 9 955 1
608 44 155 2 388 1
609 21 162 17 2815 1
610 41 162 17 2815 1
611 61 162 17 2815 1
612 22 175 11 2648 1
613 1 183 17 3353 1
614 8 155 14 1214 1
615 25 162 15 2644 1
616 49 162 15 2644 1
617 73 162 15 2644 1
618 44 159 8 1277 1
619 87 159 8 1277 1
620 9 154 6 1302 1
621 8 154 20 2528 1
622 21 175 14 3561 1
623 14 173 12 1709 1
624 56 175 20 3875 1
625 44 155 10 1238 1
626 24 176 15 3434 1
627 47 176 15 3434 1
628 44 167 9 1447 1
629 23 155 19 3833 1
630 28 163 16 3776 1
631 55 163 16 3776 1
632 82 163 16 3776 1
633 15 180 12 1952 1
634 26 228 17 2340 1
635 22 198 12 1965 1
636 17 227 14 4493 1
637 27 202 12 3630 1
638 7 197 15 2687 1
639 35 208 16 3554 1
640 23 184 9 2251 1
641 55 232 8 1512 1
642 37 223 11 3650 1
643 37 199 8 1241 1
644 27 222 22 3663 1
645 30 191 10 2725 1
646 30 231 14 3877 1
647 21 185 4 578 1
648 43 228 11 2155 1
649 85 228 11 2155 1
650 30 222 12 3052 1
651 20 200 9 1825 1
652 39 200 9 1825 1
653 30 216 14 3448 1
654 35 191 1 179 1
655 28 218 11 1401 1
656 8 192 7 1952 1
657 25 213 13 2044 1
658 28 184 13 3062 1
659 30 232 12 3125 1
660 24 193 18 3122 1
661 47 193 18 3122 1
662 22 229 3 825 1
663 30 209 14 2610 1
664 7 213 16 3998 1
665 30 222 11 2179 1
666 30 184 7 677 1
667 26 196 17 4402 1
668 35 188 6 1436 1
669 16 221 23 4139 1
670 17 198 15 2753 1
671 33 198 15 2753 1
672 121 200 10 1520 1
673 27 231 11 2007 1
674 23 194 13 2380 1
675 45 194 13 2380 1
676 7 211 15 2629 1
677 35 194 11 1976 1
678 15 196 11 1176 1
679 10 216 15 3425 1
680 25 231 17 4913 1
681 6 213 12 3613 1
682 7 228 16 3088 1
683 2 202 4 1044 1
684 169 211 10 2595 1
685 25 222 8 1212 1
686 49 222 8 1212 1
687 73 222 8 1212 1
688 28 213 16 5024 1
689 42 210 11 2626 1
690 18 220 10 1557 1
691 35 220 10 1557 1
692 34 197 11 1616 1
693 29 185 18 2446 1
694 36 220 12 1825 1
695 22 209 32 5474 1
696 43 209 32 5474 1
697 25 200 15 2839 1
698 17 200 14 2792 1
699 16 194 13 1801 1
700 31 194 13 1801 1
701 25 209 9 2642 1
702 49 209 9 2642 1
703 39 194 13 1761 1
704 77 194 13 1761 1
705 27 194 3 731 1
706 19 208 8 1650 1
707 18 194 12 1464 1
708 38 231 8 2273 1
709 30 223 14 4059 1
710 9 202 16 2999 1
711 20 218 11 1970 1
712 24 200 13 3320 1
713 7 217 6 932 1
714 8 228 11 3505 1
715 26 221 14 1576 1
716 22 211 5 763 1
717 43 211 5 763 1
718 29 220 11 3257 1
719 34 232 17 3166 1
720 67 232 17 3166 1
721 22 195 7 1971 1
722 8 228 11 3376 1
723 40 195 15 2313 1
724 30 231 14 2766 1
725 30 223 23 4399 1
726 37 185 10 1429 1
727 7 232 15 3539 1
728 7 191 16 2166 1
729 36 210 13 1550 1
730 10 231 14 4556 1
731 33 189 9 898 1
732 6 189 7 1737 1
733 23 200 6 1279 1
734 45 200 6 1279 1
735 67 200 6 1279 1
736 18 193 12 3392 1
737 35 193 12 3392 1
738 17 212 6 1396 1
739 27 227 7 1895 1
740 22 195 4 933 1
741 28 193 13 2735 1
742 17 194 10 992 1
743 28 191 12 1287 1
744 38 221 13 2350 1
745 10 223 15 2901 1
746 14 188 17 3361 1
747 27 188 17 3361 1
748 21 191 12 2603 1
749 41 191 12 2603 1
750 30 192 14 3538 1
751 29 188 3 583 1
752 36 232 17 4318 1
753 34 217 9 2113 1
754 11 195 14 1430 1
755 24 221 13 1856 1
756 47 221 13 1856 1
757 25 200 14 3049 1
758 11 196 11 1678 1
759 25 228 11 1370 1
760 16 191 8 1361 1
761 7 216 17 2938 1
762 30 231 15 2829 1
763 31 229 15 3131 1
764 24 217 16 2869 1
765 11 227 20 4124 1
766 8 186 16 3481 1
767 30 218 12 3291 1
768 11 194 2 388 1
769 27 191 11 2737 1
770 36 216 6 1918 1
771 2 197 16 2032 1
772 15 193 8 1812 1
773 60 222 8 2337 1
774 37 218 19 4430 1
775 49 292 27 7995 1
776 35 279 38 6927 1
777 43 290 22 8080 1
778 36 264 22 3204 1
779 44 259 14 3728 1
780 87 259 14 3728 1
781 130 259 14 3728 1
782 21 265 28 8516 1
783 25 295 11 2341 1
784 38 240 33 7105 1
785 141 276 30 9399 1
786 44 296 16 5816 1
787 1 255 10 3232 1
788 53 240 8 1155 1
789 37 280 15 4932 1
790 42 294 22 8299 1
791 83 294 22 8299 1
792 99 282 18 5199 1
793 50 281 12 2471 1
794 44 264 15 3482 1
795 11 296 24 10009 1
796 21 296 24 10009 1
797 43 277 12 4516 1
798 43 270 13 2971 1
799 85 270 13 2971 1
800 34 239 13 4505 1
801 67 239 13 4505 1
802 44 250 15 4503 1
803 42 261 10 1973 1
804 83 261 10 1973 1
805 42 279 23 6692 1
806 68 269 14 2536 1
807 135 269 14 2536 1
808 44 266 7 2252 1
809 42 295 16 5884 1
810 83 295 16 5884 1
811 124 295 16 5884 1
812 165 295 16 5884 1
813 206 295 16 5884 1
814 247 295 16 5884 1
815 50 296 18 7199 1
816 44 271 13 4593 1
817 87 271 13 4593 1
818 130 271 13 4593 1
819 173 271 13 4593 1
820 60 269 29 9098 1
821 43 270 13 2957 1
822 85 270 13 2957 1
823 127 270 13 2957 1
824 44 241 12 3450 1
825 15 268 9 2182 1
826 29 268 9 2182 1
827 46 266 19 3303 1
828 91 266 19 3303 1
829 1 279 33 6198 1
830 36 239 12 3056 1
831 44 271 12 1801 1
832 87 271 12 1801 1
833 43 250 9 2184 1
834 61 295 12 3885 1
835 50 285 25 6547 1
836 36 239 25 6042 1
837 36 260 19 5015 1
838 47 275 18 5428 1
839 92 278 19 3728 1
840 43 270 13 1908 1
841 43 261 15 5257 1
842 88 259 15 2994 1
843 43 275 15 4649 1
844 85 275 15 4649 1
845 127 275 15 4649 1
846 51 262 45 5974 1
847 36 239 13 2307 1
848 71 239 13 2307 1
849 29 247 12 2533 1
850 43 280 15 3934 1
851 73 264 12 2866 1
852 41 263 18 5675 1
853 81 263 18 5675 1
854 121 263 18 5675 1
855 161 263 18 5675 1
856 44 264 15 3045 1
857 44 280 24 9834 1
858 87 280 24 9834 1
859 130 280 24 9834 1
860 173 280 24 9834 1
861 43 241 12 1724 1
862 59 261 15 5333 1
863 117 261 15 5333 1
864 175 261 15 5333 1
865 233 261 15 5333 1
866 291 261 15 5333 1
867 32 259 20 6986 1
868 44 277 21 7212 1
869 87 277 21 7212 1
870 42 271 35 6959 1
871 83 271 35 6959 1
872 44 263 15 4159 1
873 42 283 37 12455 1
874 83 283 37 12455 1
875 44 283 18 6452 1
876 87 283 18 6452 1
877 44 281 16 3098 1
878 21 269 17 6658 1
879 43 256 16 2705 1
880 40 294 9 3197 1
881 79 294 9 3197 1
882 51 265 20 7792 1
883 69 285 28 6803 1
884 43 279 26 3678 1
885 18 290 28 9133 1
886 35 290 28 9133 1
887 52 290 28 9133 1
888 69 290 28 9133 1
889 51 280 17 3762 1
890 45 296 8 1384 1
891 43 264 7 1463 1
892 85 264 7 1463 1
893 127 264 7 1463 1
894 20 262 8 1216 1
895 39 262 8 1216 1
896 44 294 19 4798 1
897 87 294 19 4798 1
898 37 277 26 8058 1
899 78 261 38 10029 1
900 155 261 38 10029 1
901 7 268 37 8270 1
902 28 275 18 4569 1
903 29 279 17 4433 1
904 57 279 17 4433 1
905 85 279 17 4433 1
906 43 269 15 2787 1
907 38 287 16 3612 1
908 75 287 16 3612 1
909 112 287 16 3612 1
910 38 287 17 3894 1
911 75 287 17 3894 1
912 112 287 17 3894 1
913 149 287 17 3894 1
914 76 278 14 4299 1
915 151 278 14 4299 1
916 226 278 14 4299 1
917 43 283 9 3561 1
918 85 283 9 3561 1
919 127 283 9 3561 1
920 169 283 9 3561 1
921 211 283 9 3561 1
922 253 283 9 3561 1
923 28 239 10 1685 1
924 55 292 9 3664 1
925 109 292 9 3664 1
926 163 292 9 3664 1
927 217 292 9 3664 1
928 45 283 27 5374 1
929 89 283 27 5374 1
930 44 276 19 6123 1
931 43 264 15 3370 1
932 43 277 27 5761 1
933 85 277 27 5761 1
934 44 292 10 3916 1
935 45 318 19 5688 1
936 43 323 20 7094 1
937 45 325 20 5684 1
938 51 321 34 7456 1
939 65 336 22 10298 1
940 44 324 14 6229 1
941 58 324 17 3343 1
942 43 335 11 4820 1
943 85 335 11 4820 1
944 127 335 11 4820 1
945 44 306 8 3216 1
946 87 306 8 3216 1
947 41 329 25 8308 1
948 43 306 26 5202 1
949 56 300 15 6474 1
950 43 316 10 2223 1
951 45 332 7 3306 1
952 58 325 47 9686 1
953 43 319 20 5495 1
954 85 319 20 5495 1
955 66 340 29 12201 1
956 45 319 15 6276 1
957 44 332 11 4764 1
958 127 318 22 7899 1
959 50 337 11 2040 1
960 47 335 21 4528 1
961 44 321 15 5283 1
962 55 319 46 9817 1
963 50 300 46 18191 1
964 18 334 13 4715 1
965 35 334 13 4715 1
966 36 323 20 5009 1
967 106 319 12 5360 1
968 42 332 25 7936 1
969 83 332 25 7936 1
970 7 318 12 2592 1
971 50 300 12 2028 1
972 41 324 14 3346 1
973 17 332 32 8863 1
974 33 332 32 8863 1
975 43 305 19 5806 1
976 100 302 32 13946 1
977 44 325 22 6126 1
978 87 325 22 6126 1
979 130 325 22 6126 1
980 57 325 32 15447 1
981 44 324 17 5208 1
982 36 323 26 6455 1
983 58 324 35 7832 1
984 14 335 10 3427 1
985 51 321 22 4877 1
986 101 321 22 4877 1
987 63 325 15 5553 1
988 42 329 21 6283 1
989 83 329 21 6283 1
990 135 332 12 2606 1
991 43 333 24 9871 1
992 36 321 18 3507 1
993 115 323 15 7002 1
994 93 335 28 14059 1
995 42 301 44 8437 1
996 83 301 44 8437 1
997 51 332 22 3915 1
998 51 318 13 2798 1
999 42 333 16 3929 1
1000 83 333 16 3929 1
1001 42 321 15 3546 1
1002 44 334 20 5156 1
1003 87 334 20 5156 1
1004 37 306 27 6795 1
1005 50 306 28 7697 1
1006 89 306 25 5057 1
1007 50 323 10 2369 1
1008 42 300 17 2823 1
1009 21 319 13 3143 1
1010 44 324 10 1670 1
1011 87 324 10 1670 1
1012 50 333 15 3069 1
1013 38 318 23 8025 1
1014 40 347 20 5717 1
1015 59 335 14 2416 1
1016 43 329 31 9729 1
1017 85 329 31 9729 1
1018 109 321 20 7945 1
1019 55 332 27 7916 1
1020 45 305 24 5554 1
1021 52 321 21 5262 1
1022 103 321 21 5262 1
1023 44 329 50 15392 1
1024 57 302 21 8849 1
1025 96 350 8 1878 1
1026 191 350 8 1878 1
1027 99 351 16 4654 1
1028 17 349 75 21014 1
1029 17 350 51 11398 1
1030 112 364 12 5015 1
1031 59 349 80 15404 1
1032 6 367 104 37319 1
1033 11 367 104 37319 1
1034 113 367 32 6916 1
1035 7 366 23 11522 1
1036 46 350 9 4555 1
1037 114 366 28 5137 1
26
500 500 500 500 500 500 500 500 500 500 500 500 500 500 500 500 500 500 500 500 500 500 500 500 500 500 