1037
1 11 75 2 94 1
2 21 75 2 94 1
3 31 75 2 94 1
4 4 99 1 131 1
5 7 99 1 131 1
6 31 85 7 756 1
7 61 85 7 756 1
8 91 85 7 756 1
9 24 85 5 249 1
10 3 75 1 62 1
11 5 75 1 62 1
12 7 75 1 62 1
13 9 75 1 62 1
14 4 99 6 341 1
15 7 99 6 341 1
16 10 99 6 341 1
17 3 85 4 306 1
18 5 85 4 306 1
19 4 99 7 382 1
20 7 99 7 382 1
21 10 99 7 382 1
22 2 100 5 261 1
23 51 100 7 373 1
24 2 85 1 67 1
25 4 100 5 730 1
26 7 100 5 730 1
27 10 100 5 730 1
28 13 100 5 730 1
29 16 100 5 730 1
30 3 100 3 356 1
31 5 100 3 356 1
32 3 75 3 241 1
33 5 75 3 241 1
34 2 99 2 199 1
35 3 99 2 199 1
36 3 75 5 367 1
37 5 75 5 367 1
38 7 75 5 367 1
39 9 75 5 367 1
40 11 75 5 367 1
41 4 75 4 190 1
42 7 75 4 190 1
43 10 75 4 190 1
44 38 99 2 111 1
45 16 85 1 84 1
46 32 100 3 216 1
47 63 100 3 216 1
48 94 100 3 216 1
49 5 100 1 145 1
50 9 100 1 145 1
51 13 100 1 145 1
52 3 85 4 445 1
53 5 85 4 445 1
54 7 85 4 445 1
55 16 100 12 1442 1
56 31 100 12 1442 1
57 46 100 12 1442 1
58 61 100 12 1442 1
59 3 99 1 52 1
60 5 99 1 52 1
61 7 99 1 52 1
62 7 134 13 1204 1
63 9 102 12 1550 1
64 128 139 12 1832 1
65 9 124 8 600 1
66 8 138 12 1605 1
67 10 113 11 1421 1
68 19 113 11 1421 1
69 3 115 6 636 1
70 10 149 11 957 1
71 19 149 11 957 1
72 8 149 12 2530 1
73 9 109 10 1471 1
74 17 109 10 1471 1
75 25 109 10 1471 1
76 9 146 14 1070 1
77 9 115 15 1509 1
78 17 115 15 1509 1
79 25 115 15 1509 1
80 33 115 15 1509 1
81 20 133 13 2042 1
82 39 133 13 2042 1
83 58 133 13 2042 1
84 9 130 12 2171 1
85 17 130 12 2171 1
86 25 130 12 2171 1
87 33 130 12 2171 1
88 41 130 12 2171 1
89 49 130 12 2171 1
90 57 130 12 2171 1
91 9 133 12 2243 1
92 17 133 12 2243 1
93 25 133 12 2243 1
94 8 144 9 1343 1
95 14 149 6 711 1
96 8 125 17 2494 1
97 15 125 17 2494 1
98 22 125 17 2494 1
99 29 125 17 2494 1
100 36 125 17 2494 1
101 18 148 8 1205 1
102 35 148 8 1205 1
103 8 130 6 545 1
104 15 130 6 545 1
105 22 130 6 545 1
106 9 113 9 1257 1
107 8 141 20 4150 1
108 10 140 13 1247 1
109 19 140 13 1247 1
110 28 140 13 1247 1
111 37 140 13 1247 1
112 46 140 13 1247 1
113 8 113 14 1302 1
114 9 134 9 673 1
115 17 134 9 673 1
116 24 136 9 1359 1
117 8 130 10 1621 1
118 15 130 10 1621 1
119 22 130 10 1621 1
120 29 130 10 1621 1
121 36 130 10 1621 1
122 43 130 10 1621 1
123 8 136 12 1492 1
124 15 136 12 1492 1
125 22 136 12 1492 1
126 12 108 14 866 1
127 23 108 14 866 1
128 32 149 12 1473 1
129 9 113 15 1885 1
130 17 113 15 1885 1
131 25 113 15 1885 1
132 17 102 6 912 1
133 33 102 6 912 1
134 3 122 9 1572 1
135 5 122 9 1572 1
136 7 122 9 1572 1
137 9 122 9 1572 1
138 25 145 7 1444 1
139 49 145 7 1444 1
140 20 141 10 1627 1
141 9 135 8 1234 1
142 17 135 8 1234 1
143 25 135 8 1234 1
144 9 116 9 1478 1
145 17 116 9 1478 1
146 25 116 9 1478 1
147 7 125 12 1413 1
148 12 113 15 1485 1
149 8 147 10 1576 1
150 11 141 8 1507 1
151 21 141 8 1507 1
152 10 146 14 1753 1
153 9 145 10 1105 1
154 17 145 10 1105 1
155 25 145 10 1105 1
156 16 130 7 967 1
157 31 130 7 967 1
158 8 125 9 584 1
159 9 124 8 1199 1
160 17 124 8 1199 1
161 4 137 14 2668 1
162 15 122 6 795 1
163 9 135 11 1176 1
164 9 130 11 1678 1
165 17 130 11 1678 1
166 7 141 12 2315 1
167 13 141 12 2315 1
168 19 141 12 2315 1
169 25 141 12 2315 1
170 31 141 12 2315 1
171 30 149 12 961 1
172 16 142 14 1965 1
173 31 142 14 1965 1
174 7 136 6 1034 1
175 13 136 6 1034 1
176 19 136 6 1034 1
177 25 136 6 1034 1
178 9 143 12 1313 1
179 17 143 12 1313 1
180 25 143 12 1313 1
181 33 143 12 1313 1
182 16 140 13 2420 1
183 8 135 10 1514 1
184 15 135 10 1514 1
185 8 124 10 650 1
186 16 143 8 1614 1
187 31 143 8 1614 1
188 19 109 9 773 1
189 37 109 9 773 1
190 55 109 9 773 1
191 15 145 8 769 1
192 29 145 8 769 1
193 43 145 8 769 1
194 8 116 8 1174 1
195 9 145 12 2107 1
196 17 145 12 2107 1
197 9 121 13 2269 1
198 17 137 12 1005 1
199 8 138 11 1190 1
200 15 138 11 1190 1
201 22 138 11 1190 1
202 29 138 11 1190 1
203 36 138 11 1190 1
204 8 130 13 1818 1
205 9 142 13 2013 1
206 8 149 13 1790 1
207 15 149 13 1790 1
208 9 125 12 819 1
209 8 140 9 1501 1
210 15 140 9 1501 1
211 8 115 15 1350 1
212 15 115 15 1350 1
213 20 139 8 1198 1
214 9 144 9 1921 1
215 8 142 6 1081 1
216 9 147 11 852 1
217 17 147 11 852 1
218 15 116 12 711 1
219 9 148 8 1730 1
220 8 124 12 1190 1
221 15 124 12 1190 1
222 9 134 14 1267 1
223 20 143 10 2127 1
224 9 121 12 1943 1
225 17 121 12 1943 1
226 16 136 16 1978 1
227 31 136 16 1978 1
228 20 124 9 1267 1
229 39 124 9 1267 1
230 15 116 8 977 1
231 29 116 8 977 1
232 43 116 8 977 1
233 8 148 7 619 1
234 9 146 11 1175 1
235 7 148 11 1305 1
236 13 148 11 1305 1
237 8 137 9 863 1
238 9 146 15 1405 1
239 8 136 13 1503 1
240 15 136 13 1503 1
241 22 136 13 1503 1
242 29 136 13 1503 1
243 36 136 13 1503 1
244 43 136 13 1503 1
245 50 136 13 1503 1
246 129 143 10 1693 1
247 8 140 18 3294 1
248 15 140 18 3294 1
249 22 140 18 3294 1
250 29 140 18 3294 1
251 16 122 9 1050 1
252 11 108 8 550 1
253 14 148 13 1480 1
254 13 138 15 2777 1
255 17 141 19 3371 1
256 33 141 19 3371 1
257 24 138 14 2792 1
258 20 102 9 526 1
259 8 145 14 1748 1
260 15 145 14 1748 1
261 6 145 11 1673 1
262 8 109 10 651 1
263 19 135 16 2793 1
264 35 139 13 1547 1
265 9 109 9 978 1
266 17 109 9 978 1
267 14 102 9 1374 1
268 9 145 11 1200 1
269 17 145 11 1200 1
270 11 109 9 1438 1
271 21 109 9 1438 1
272 31 109 9 1438 1
273 15 142 11 2151 1
274 9 102 10 1369 1
275 6 145 14 1552 1
276 11 145 14 1552 1
277 9 138 12 2468 1
278 17 138 12 2468 1
279 25 138 12 2468 1
280 9 122 12 1137 1
281 8 135 14 2293 1
282 15 135 14 2293 1
283 22 135 14 2293 1
284 29 135 14 2293 1
285 36 135 14 2293 1
286 43 135 14 2293 1
287 12 147 14 2338 1
288 10 121 9 617 1
289 9 102 12 829 1
290 9 140 18 2563 1
291 17 140 18 2563 1
292 8 139 13 1142 1
293 15 139 13 1142 1
294 22 139 13 1142 1
295 22 135 12 1384 1
296 43 135 12 1384 1
297 64 135 12 1384 1
298 9 147 12 1060 1
299 8 125 14 1831 1
300 15 125 14 1831 1
301 22 125 14 1831 1
302 29 125 14 1831 1
303 12 148 15 3267 1
304 23 148 15 3267 1
305 34 148 15 3267 1
306 45 148 15 3267 1
307 56 148 15 3267 1
308 12 139 17 3481 1
309 9 140 12 1557 1
310 9 122 17 2330 1
311 17 122 17 2330 1
312 8 124 3 292 1
313 15 124 3 292 1
314 19 144 18 3192 1
315 37 144 18 3192 1
316 55 144 18 3192 1
317 73 144 18 3192 1
318 10 108 7 695 1
319 8 141 7 970 1
320 17 136 12 2142 1
321 8 144 8 1329 1
322 7 125 13 2219 1
323 8 148 1 122 1
324 15 148 1 122 1
325 22 148 1 122 1
326 9 109 8 1134 1
327 9 102 8 1202 1
328 17 102 8 1202 1
329 25 102 8 1202 1
330 33 102 8 1202 1
331 41 102 8 1202 1
332 49 102 8 1202 1
333 57 102 8 1202 1
334 148 122 10 1034 1
335 14 140 9 1533 1
336 27 140 9 1533 1
337 14 108 10 673 1
338 11 109 9 1156 1
339 21 109 9 1156 1
340 34 122 10 1742 1
341 16 148 14 2780 1
342 31 148 14 2780 1
343 46 148 14 2780 1
344 24 136 7 972 1
345 8 138 12 1898 1
346 21 146 10 2158 1
347 9 145 16 1466 1
348 15 148 15 1120 1
349 9 135 13 1576 1
350 17 135 13 1576 1
351 25 135 13 1576 1
352 9 140 12 2063 1
353 8 109 6 627 1
354 15 109 6 627 1
355 22 109 6 627 1
356 29 109 6 627 1
357 36 109 6 627 1
358 43 109 6 627 1
359 50 109 6 627 1
360 8 147 9 1533 1
361 14 108 9 737 1
362 8 109 10 1632 1
363 15 109 10 1632 1
364 9 137 10 970 1
365 17 137 10 970 1
366 25 137 10 970 1
367 33 137 10 970 1
368 41 140 11 1160 1
369 8 148 12 1084 1
370 8 143 11 1986 1
371 23 135 11 1792 1
372 9 136 12 1333 1
373 17 136 12 1333 1
374 18 136 9 703 1
375 35 136 9 703 1
376 9 138 8 1204 1
377 17 138 8 1204 1
378 25 138 8 1204 1
379 9 113 11 1566 1
380 8 133 11 858 1
381 21 108 6 752 1
382 12 147 11 1139 1
383 23 147 11 1139 1
384 11 115 8 1079 1
385 6 142 9 1187 1
386 11 142 9 1187 1
387 14 109 9 776 1
388 9 121 10 1373 1
389 17 121 10 1373 1
390 25 121 10 1373 1
391 13 145 17 1881 1
392 25 145 17 1881 1
393 9 133 14 975 1
394 10 122 9 1645 1
395 9 121 9 1258 1
396 9 130 15 1135 1
397 8 122 12 1202 1
398 15 122 12 1202 1
399 22 122 12 1202 1
400 9 141 13 1955 1
401 17 141 13 1955 1
402 9 143 10 1717 1
403 17 143 10 1717 1
404 7 144 10 1728 1
405 13 144 10 1728 1
406 19 144 10 1728 1
407 7 141 12 2432 1
408 8 115 10 1178 1
409 15 115 10 1178 1
410 22 115 10 1178 1
411 20 102 8 664 1
412 8 147 11 2319 1
413 14 109 13 1778 1
414 27 109 13 1778 1
415 26 146 13 1468 1
416 16 108 12 1488 1
417 31 108 12 1488 1
418 46 108 12 1488 1
419 61 108 12 1488 1
420 76 108 12 1488 1
421 8 108 6 417 1
422 10 124 12 1195 1
423 13 102 12 979 1
424 9 108 8 683 1
425 17 109 10 1422 1
426 8 136 10 956 1
427 15 136 10 956 1
428 18 108 9 546 1
429 35 108 9 546 1
430 52 108 9 546 1
431 8 124 8 1253 1
432 24 170 12 1881 1
433 23 161 11 2593 1
434 23 164 18 2051 1
435 45 164 18 2051 1
436 24 179 16 2437 1
437 47 179 16 2437 1
438 9 176 11 1051 1
439 29 170 14 3380 1
440 26 171 22 5040 1
441 23 174 10 1350 1
442 17 171 15 2539 1
443 9 162 13 1464 1
444 23 182 17 3906 1
445 22 158 15 3245 1
446 14 165 12 1697 1
447 13 171 7 1012 1
448 25 171 7 1012 1
449 37 171 7 1012 1
450 15 161 9 820 1
451 20 160 8 987 1
452 12 165 20 2863 1
453 22 164 16 3524 1
454 23 160 11 2525 1
455 37 183 13 3264 1
456 21 151 17 2411 1
457 41 151 17 2411 1
458 10 173 12 2127 1
459 19 173 12 2127 1
460 49 158 11 1821 1
461 8 158 1 163 1
462 35 151 8 1581 1
463 69 151 8 1581 1
464 11 182 18 4707 1
465 22 150 8 1285 1
466 22 171 15 1402 1
467 16 170 9 1382 1
468 9 165 14 1249 1
469 8 159 6 789 1
470 23 164 10 996 1
471 20 171 13 1457 1
472 39 171 13 1457 1
473 8 161 13 2873 1
474 30 176 18 3354 1
475 47 160 11 1325 1
476 23 170 6 652 1
477 45 170 6 652 1
478 16 177 6 1253 1
479 23 151 13 2351 1
480 24 178 18 1658 1
481 47 178 18 1658 1
482 70 178 18 1658 1
483 13 171 10 1476 1
484 8 164 6 1294 1
485 22 171 11 2214 1
486 9 182 11 2849 1
487 16 159 17 2626 1
488 50 165 11 2059 1
489 20 158 9 1795 1
490 50 159 9 1997 1
491 21 165 3 538 1
492 34 165 7 1071 1
493 9 165 13 1842 1
494 30 172 7 1480 1
495 41 169 14 2279 1
496 15 167 13 1223 1
497 23 174 12 2042 1
498 22 155 18 2236 1
499 9 182 16 3485 1
500 17 182 16 3485 1
501 25 182 16 3485 1
502 117 160 18 2144 1
503 49 160 7 1528 1
504 24 154 13 2132 1
505 14 176 22 3320 1
506 44 183 19 3776 1
507 10 168 7 1645 1
508 19 168 7 1645 1
509 26 167 12 1512 1
510 51 167 12 1512 1
511 21 155 8 1498 1
512 9 154 10 1207 1
513 20 162 19 3674 1
514 9 167 15 1485 1
515 29 179 12 2876 1
516 9 163 13 1825 1
517 8 178 13 1218 1
518 24 150 12 2317 1
519 17 181 12 2112 1
520 16 172 12 2854 1
521 15 164 12 988 1
522 9 150 3 478 1
523 22 160 13 2470 1
524 132 178 11 1682 1
525 9 152 9 940 1
526 20 150 9 1972 1
527 24 152 13 2081 1
528 31 152 12 2615 1
529 21 177 8 1634 1
530 23 150 2 425 1
531 33 160 5 701 1
532 8 176 21 3088 1
533 15 176 21 3088 1
534 44 168 6 575 1
535 34 183 12 3114 1
536 24 179 19 2908 1
537 9 181 2 504 1
538 17 181 2 504 1
539 25 181 2 504 1
540 10 173 13 1389 1
541 30 171 10 1663 1
542 8 151 7 1344 1
543 17 158 8 1244 1
544 33 170 11 1544 1
545 16 175 20 4433 1
546 31 175 20 4433 1
547 8 165 8 1303 1
548 24 176 16 3473 1
549 9 183 11 1331 1
550 27 155 11 1755 1
551 16 181 16 4010 1
552 23 150 9 1708 1
553 20 162 19 2882 1
554 29 178 16 1684 1
555 22 163 12 2692 1
556 43 163 12 2692 1
557 43 183 17 2856 1
558 24 163 9 1622 1
559 9 183 15 2727 1
560 9 152 9 1764 1
561 17 152 9 1764 1
562 46 168 6 1021 1
563 23 155 17 2198 1
564 45 155 17 2198 1
565 67 155 17 2198 1
566 89 155 17 2198 1
567 111 155 17 2198 1
568 162 161 10 1511 1
569 12 176 4 613 1
570 23 176 4 613 1
571 44 176 19 4332 1
572 4 161 16 3720 1
573 8 168 10 2315 1
574 29 161 12 1758 1
575 23 162 10 1425 1
576 22 159 12 1626 1
577 10 160 6 685 1
578 8 159 10 1212 1
579 22 170 19 3652 1
580 8 164 8 955 1
581 10 172 8 1894 1
582 19 172 8 1894 1
583 28 172 8 1894 1
584 37 172 8 1894 1
585 20 162 13 1446 1
586 10 158 15 2202 1
587 24 174 19 2578 1
588 10 164 15 3269 1
589 9 162 15 2874 1
590 15 173 16 3528 1
591 1 150 1 194 1
592 10 179 12 2049 1
593 8 174 7 1218 1
594 7 179 12 3002 1
595 45 178 18 4283 1
596 21 168 21 4150 1
597 25 170 13 1355 1
598 18 181 13 1981 1
599 35 181 13 1981 1
600 11 179 16 1884 1
601 43 155 6 1295 1
602 8 170 19 2414 1
603 9 177 10 1109 1
604 17 177 10 1109 1
605 17 168 11 2384 1
606 33 168 11 2384 1
607 20 158 20 4074 1
608 22 183 15 3843 1
609 25 155 17 3395 1
610 8 176 13 2130 1
611 23 161 3 488 1
612 45 161 3 488 1
613 33 155 16 2382 1
614 33 181 12 1343 1
615 22 178 12 1973 1
616 23 182 11 2278 1
617 8 162 13 1595 1
618 21 159 6 566 1
619 9 179 12 2490 1
620 20 177 17 3642 1
621 22 158 1 116 1
622 43 158 1 116 1
623 16 165 9 2189 1
624 43 182 9 1942 1
625 16 162 14 1623 1
626 43 176 11 2163 1
627 1 159 6 1350 1
628 8 173 11 2835 1
629 22 150 16 1709 1
630 14 154 9 967 1
631 28 167 18 3916 1
632 23 182 17 2857 1
633 16 165 14 1927 1
634 22 210 16 2165 1
635 38 200 4 1127 1
636 14 188 7 773 1
637 28 184 9 1101 1
638 20 184 15 2956 1
639 30 222 14 2596 1
640 18 199 5 1059 1
641 24 229 5 718 1
642 6 199 9 1385 1
643 44 231 14 4716 1
644 27 231 12 3495 1
645 57 184 16 3134 1
646 22 189 12 3049 1
647 22 184 20 1856 1
648 27 202 8 1903 1
649 41 216 11 2967 1
650 81 216 11 2967 1
651 10 196 13 1343 1
652 13 221 13 2992 1
653 29 211 16 4190 1
654 27 229 14 3351 1
655 8 191 6 627 1
656 15 191 6 627 1
657 23 184 9 1586 1
658 39 188 5 925 1
659 22 210 17 3931 1
660 22 196 8 1712 1
661 43 196 8 1712 1
662 64 196 8 1712 1
663 16 212 16 4145 1
664 15 222 13 3278 1
665 23 211 12 2131 1
666 31 231 11 3225 1
667 46 192 13 1256 1
668 16 192 4 418 1
669 15 198 15 4090 1
670 23 218 10 2120 1
671 45 218 10 2120 1
672 124 223 16 3819 1
673 14 197 5 1273 1
674 30 189 14 1899 1
675 25 213 13 3527 1
676 49 213 13 3527 1
677 26 213 10 1243 1
678 65 188 21 3168 1
679 27 213 9 2027 1
680 8 188 17 3944 1
681 21 232 21 4691 1
682 24 223 6 1317 1
683 23 216 12 1864 1
684 30 184 12 1616 1
685 40 227 16 2955 1
686 22 216 16 2963 1
687 15 191 14 2116 1
688 35 221 13 2900 1
689 11 210 14 3264 1
690 70 184 10 1976 1
691 25 186 10 2007 1
692 33 211 13 3852 1
693 17 208 10 1225 1
694 34 199 14 3842 1
695 29 232 13 1727 1
696 38 217 16 4488 1
697 5 216 8 2055 1
698 7 185 6 626 1
699 30 202 10 2301 1
700 31 210 9 1918 1
701 26 228 12 4091 1
702 17 217 13 1855 1
703 38 232 17 5117 1
704 38 232 10 1808 1
705 27 185 11 2156 1
706 9 213 9 1073 1
707 41 191 9 1539 1
708 26 211 10 1060 1
709 51 211 10 1060 1
710 56 193 19 2871 1
711 54 197 17 3424 1
712 16 191 11 1063 1
713 7 208 15 3549 1
714 6 200 20 4461 1
715 34 186 14 3105 1
716 67 186 14 3105 1
717 15 200 25 7018 1
718 16 217 20 5426 1
719 34 223 19 2720 1
720 67 223 19 2720 1
721 100 223 19 2720 1
722 28 196 13 1808 1
723 21 222 17 4903 1
724 25 188 12 2155 1
725 49 188 12 2155 1
726 73 188 12 2155 1
727 9 222 8 2347 1
728 28 189 12 2981 1
729 28 210 6 1722 1
730 12 185 8 1660 1
731 29 195 13 3550 1
732 28 231 17 4948 1
733 36 220 22 4329 1
734 14 195 13 3181 1
735 20 194 14 1787 1
736 14 222 3 932 1
737 27 222 3 932 1
738 24 202 7 1423 1
739 47 202 7 1423 1
740 70 202 7 1423 1
741 30 232 19 4851 1
742 35 191 15 2655 1
743 22 184 9 2020 1
744 6 192 11 1744 1
745 7 228 10 2011 1
746 13 228 10 2011 1
747 9 231 11 2000 1
748 17 231 11 2000 1
749 30 192 9 1958 1
750 9 229 19 4061 1
751 9 198 8 895 1
752 7 218 11 1640 1
753 17 218 10 3106 1
754 92 200 14 4193 1
755 30 188 6 1687 1
756 34 195 17 4142 1
757 22 194 11 2932 1
758 21 229 18 3461 1
759 41 229 18 3461 1
760 39 192 11 2546 1
761 66 195 10 2054 1
762 35 197 4 467 1
763 39 228 16 2271 1
764 59 231 19 2416 1
765 27 232 13 3556 1
766 27 188 13 1733 1
767 53 188 13 1733 1
768 9 196 9 1338 1
769 17 196 9 1338 1
770 25 196 9 1338 1
771 16 202 14 2758 1
772 29 188 15 1543 1
773 57 188 15 1543 1
774 15 200 11 2755 1
775 44 266 10 2388 1
776 163 240 7 1179 1
777 44 295 21 6977 1
778 45 276 15 3589 1
779 49 267 27 6662 1
780 37 277 8 1352 1
781 43 295 9 1596 1
782 64 287 15 3298 1
783 127 287 15 3298 1
784 190 287 15 3298 1
785 253 287 15 3298 1
786 316 287 15 3298 1
787 45 247 17 2238 1
788 37 267 15 2412 1
789 56 265 20 6454 1
790 66 276 7 1638 1
791 131 276 7 1638 1
792 43 241 11 1660 1
793 60 277 22 8489 1
794 17 271 27 5736 1
795 14 270 11 2628 1
796 27 270 11 2628 1
797 75 281 19 4552 1
798 44 277 20 7405 1
799 76 295 10 4196 1
800 151 295 10 4196 1
801 226 295 10 4196 1
802 43 267 30 8132 1
803 72 269 20 5051 1
804 37 295 17 6575 1
805 45 268 13 4291 1
806 51 250 6 1912 1
807 61 263 20 2664 1
808 42 279 17 6792 1
809 43 261 11 4170 1
810 51 290 21 7387 1
811 18 267 10 1947 1
812 35 267 10 1947 1
813 52 267 10 1947 1
814 69 267 10 1947 1
815 86 267 10 1947 1
816 103 267 10 1947 1
817 120 267 10 1947 1
818 44 290 23 9100 1
819 43 290 30 10913 1
820 63 282 9 3406 1
821 125 282 9 3406 1
822 43 282 18 4006 1
823 44 240 17 2397 1
824 43 262 10 1765 1
825 62 294 34 14508 1
826 49 276 11 4188 1
827 43 281 28 7774 1
828 43 287 17 5531 1
829 85 287 17 5531 1
830 64 280 13 3643 1
831 16 277 10 3862 1
832 43 290 9 1366 1
833 85 290 9 1366 1
834 44 247 10 1700 1
835 52 250 9 1605 1
836 11 290 24 8527 1
837 44 278 19 3406 1
838 87 278 19 3406 1
839 28 259 16 6183 1
840 55 259 16 6183 1
841 44 247 8 2103 1
842 44 255 9 1867 1
843 87 255 9 1867 1
844 44 261 16 5316 1
845 44 264 32 9771 1
846 87 264 32 9771 1
847 51 266 19 5546 1
848 9 267 8 2537 1
849 41 256 15 3110 1
850 81 256 15 3110 1
851 121 256 15 3110 1
852 44 269 12 3449 1
853 87 269 12 3449 1
854 37 277 13 4947 1
855 44 261 24 8887 1
856 87 261 24 8887 1
857 62 241 15 2614 1
858 123 241 15 2614 1
859 184 241 15 2614 1
860 40 240 14 3008 1
861 79 240 14 3008 1
862 45 262 22 4865 1
863 89 262 22 4865 1
864 133 262 22 4865 1
865 177 262 22 4865 1
866 221 262 22 4865 1
867 265 262 22 4865 1
868 71 270 13 5241 1
869 37 280 36 9682 1
870 79 290 20 7119 1
871 36 239 5 746 1
872 44 266 9 1497 1
873 43 264 9 2318 1
874 42 269 19 2861 1
875 2 239 10 2067 1
876 35 264 24 6059 1
877 69 264 24 6059 1
878 103 264 24 6059 1
879 42 262 16 5360 1
880 83 262 16 5360 1
881 3 266 11 3472 1
882 45 283 18 7432 1
883 37 271 17 6612 1
884 67 283 14 3294 1
885 20 239 15 2784 1
886 37 239 8 973 1
887 37 265 12 3552 1
888 37 270 37 14022 1
889 73 270 37 14022 1
890 30 279 19 2875 1
891 59 279 19 2875 1
892 2 263 25 8634 1
893 208 261 16 5409 1
894 162 275 15 2861 1
895 22 240 25 3115 1
896 43 240 25 3115 1
897 64 240 25 3115 1
898 85 240 25 3115 1
899 106 240 25 3115 1
900 42 271 36 7361 1
901 83 271 36 7361 1
902 34 264 21 6309 1
903 67 264 21 6309 1
904 100 264 21 6309 1
905 41 265 24 6790 1
906 41 250 11 1448 1
907 81 250 11 1448 1
908 121 250 11 1448 1
909 42 262 17 3294 1
910 57 267 16 5479 1
911 113 267 16 5479 1
912 169 267 16 5479 1
913 43 296 24 4194 1
914 84 256 11 3307 1
915 69 240 11 3631 1
916 58 241 17 3815 1
917 115 241 17 3815 1
918 172 241 17 3815 1
919 43 285 36 10334 1
920 50 282 7 2328 1
921 87 271 11 3385 1
922 173 271 11 3385 1
923 53 275 12 3608 1
924 43 267 14 2117 1
925 83 240 13 2531 1
926 165 240 13 2531 1
927 43 260 9 1459 1
928 193 287 24 7546 1
929 42 256 11 3428 1
930 43 269 15 4140 1
931 10 239 11 2242 1
932 44 271 9 2968 1
933 50 261 10 3416 1
934 44 260 26 3596 1
935 43 323 18 4862 1
936 4 321 22 7946 1
937 63 333 15 4434 1
938 50 301 12 2479 1
939 43 323 21 9286 1
940 58 332 20 7510 1
941 37 333 23 9397 1
942 76 329 35 6541 1
943 139 337 16 3321 1
944 156 306 19 6691 1
945 311 306 19 6691 1
946 65 300 33 7195 1
947 30 324 19 3434 1
948 58 324 9 2090 1
949 65 332 17 7257 1
950 41 305 10 2145 1
951 56 335 17 4758 1
952 44 333 28 12779 1
953 44 321 8 3343 1
954 87 321 8 3343 1
955 101 316 34 13156 1
956 43 332 39 15618 1
957 85 332 39 15618 1
958 127 332 39 15618 1
959 169 332 39 15618 1
960 50 306 14 3445 1
961 37 319 17 7431 1
962 42 329 7 3269 1
963 40 334 15 7396 1
964 65 300 68 20693 1
965 5 325 30 14510 1
966 44 325 68 13547 1
967 87 325 68 13547 1
968 35 318 9 1976 1
969 8 325 19 8286 1
970 42 305 8 1288 1
971 83 305 8 1288 1
972 47 316 34 10895 1
973 43 325 13 2262 1
974 54 305 22 7019 1
975 52 332 20 8905 1
976 43 334 12 3522 1
977 43 329 20 6444 1
978 116 325 22 4560 1
979 44 335 23 4139 1
980 87 335 23 4139 1
981 44 323 13 2777 1
982 59 305 17 6921 1
983 7 334 11 5459 1
984 71 321 26 9714 1
985 45 300 24 3788 1
986 84 321 25 10193 1
987 50 301 19 5207 1
988 49 333 23 10412 1
989 57 300 17 3020 1
990 44 334 18 4554 1
991 58 300 29 7975 1
992 115 300 29 7975 1
993 42 302 18 4946 1
994 83 302 18 4946 1
995 103 337 33 15900 1
996 46 318 9 3685 1
997 128 302 24 9154 1
998 44 321 8 3375 1
999 54 302 11 4021 1
1000 107 302 11 4021 1
1001 57 301 11 3999 1
1002 37 319 13 5354 1
1003 43 333 33 15700 1
1004 102 319 22 6643 1
1005 51 334 10 2853 1
1006 44 316 12 3504 1
1007 43 323 34 14723 1
1008 50 305 42 10204 1
1009 99 305 42 10204 1
1010 114 306 18 3063 1
1011 31 305 36 15573 1
1012 52 347 21 4961 1
1013 42 323 13 5808 1
1014 96 335 11 3376 1
1015 132 318 25 8641 1
1016 155 329 27 5835 1
1017 47 324 41 16501 1
1018 93 324 41 16501 1
1019 54 329 18 6390 1
1020 35 304 13 4230 1
1021 57 318 14 6531 1
1022 25 323 8 1512 1
1023 50 302 19 5187 1
1024 51 333 38 18780 1
1025 8 349 14 7026 1
1026 44 366 58 14118 1
1027 112 349 27 10738 1
1028 18 351 125 29924 1
1029 42 350 12 6262 1
1030 110 366 18 5148 1
1031 8 364 44 23829 1
1032 114 367 171 84494 1
1033 45 349 16 5737 1
1034 6 351 58 13106 1
1035 113 366 3 830 1
1036 3 349 19 5750 1
1037 56 349 8 2442 1
26
500 500 500 500 500 500 500 500 500 500 500 500 500 500 500 500 500 500 500 500 500 500 500 500 500 500 