1037
1 4 75 1 74 1
2 5 100 4 412 1
3 3 85 2 242 1
4 4 100 3 398 1
5 7 100 3 398 1
6 10 100 3 398 1
7 13 100 3 398 1
8 16 100 3 398 1
9 19 100 3 398 1
10 22 100 3 398 1
11 3 99 1 95 1
12 5 99 1 95 1
13 7 99 1 95 1
14 9 99 1 95 1
15 11 99 1 95 1
16 13 99 1 95 1
17 4 85 5 466 1
18 7 85 5 466 1
19 3 99 1 142 1
20 10 99 1 84 1
21 19 99 1 84 1
22 28 99 1 84 1
23 2 85 2 107 1
24 8 100 1 80 1
25 28 99 3 376 1
26 14 100 6 307 1
27 5 99 1 54 1
28 2 85 6 273 1
29 3 85 6 273 1
30 4 85 6 273 1
31 5 85 6 273 1
32 6 85 6 273 1
33 7 85 6 273 1
34 5 100 4 578 1
35 2 99 7 921 1
36 3 99 7 921 1
37 4 99 7 921 1
38 5 99 7 921 1
39 6 99 7 921 1
40 12 100 3 252 1
41 19 85 3 339 1
42 37 85 3 339 1
43 55 85 3 339 1
44 73 85 3 339 1
45 4 100 2 289 1
46 7 100 2 289 1
47 10 100 2 289 1
48 5 100 2 242 1
49 9 100 2 242 1
50 13 100 2 242 1
51 4 100 1 134 1
52 15 99 6 402 1
53 29 99 6 402 1
54 3 75 2 156 1
55 5 100 4 525 1
56 3 100 2 157 1
57 5 100 2 157 1
58 7 100 2 157 1
59 3 85 2 108 1
60 5 85 2 108 1
61 7 85 2 108 1
62 9 109 11 1000 1
63 9 146 14 1657 1
64 17 146 14 1657 1
65 11 108 10 981 1
66 21 108 10 981 1
67 18 137 7 1407 1
68 10 140 13 1363 1
69 19 140 13 1363 1
70 8 142 12 2256 1
71 8 141 14 1218 1
72 9 135 10 1567 1
73 17 135 10 1567 1
74 25 135 10 1567 1
75 3 149 8 916 1
76 8 125 8 1344 1
77 15 125 8 1344 1
78 12 124 4 500 1
79 23 124 4 500 1
80 17 145 13 1222 1
81 33 145 13 1222 1
82 49 145 13 1222 1
83 65 145 13 1222 1
84 15 136 13 1529 1
85 29 136 13 1529 1
86 43 136 13 1529 1
87 57 136 13 1529 1
88 71 136 13 1529 1
89 15 115 8 1197 1
90 29 115 8 1197 1
91 15 148 11 1642 1
92 29 148 11 1642 1
93 43 148 11 1642 1
94 9 143 14 2768 1
95 14 122 8 757 1
96 27 122 8 757 1
97 8 115 10 945 1
98 15 115 10 945 1
99 22 115 10 945 1
100 17 109 11 1120 1
101 33 109 11 1120 1
102 49 109 11 1120 1
103 65 109 11 1120 1
104 81 109 11 1120 1
105 18 149 9 910 1
106 35 149 9 910 1
107 9 147 13 2865 1
108 9 125 11 724 1
109 17 125 11 724 1
110 25 125 11 724 1
111 33 125 11 724 1
112 41 125 11 724 1
113 9 113 9 1398 1
114 8 143 11 1966 1
115 15 147 15 2124 1
116 8 135 10 1220 1
117 15 135 10 1220 1
118 17 137 15 1927 1
119 33 137 15 1927 1
120 49 137 15 1927 1
121 65 137 15 1927 1
122 18 138 12 1768 1
123 8 149 12 2359 1
124 15 149 12 2359 1
125 22 149 12 2359 1
126 9 122 8 1126 1
127 17 122 8 1126 1
128 14 136 7 789 1
129 7 146 11 1641 1
130 9 144 10 1993 1
131 9 140 12 1117 1
132 17 140 12 1117 1
133 5 125 8 919 1
134 9 125 8 919 1
135 13 125 8 919 1
136 17 125 8 919 1
137 21 125 8 919 1
138 25 125 8 919 1
139 29 125 8 919 1
140 8 138 14 2868 1
141 15 138 14 2868 1
142 8 116 12 1884 1
143 13 141 9 1865 1
144 16 147 13 1391 1
145 31 147 13 1391 1
146 8 138 17 2343 1
147 15 138 17 2343 1
148 9 139 13 1538 1
149 8 130 11 2054 1
150 8 143 11 2018 1
151 9 144 9 748 1
152 17 144 9 748 1
153 7 145 6 755 1
154 13 145 6 755 1
155 19 145 6 755 1
156 8 149 20 2065 1
157 15 149 20 2065 1
158 22 149 20 2065 1
159 5 115 9 1518 1
160 9 115 9 1518 1
161 13 115 9 1518 1
162 9 135 1 149 1
163 3 121 14 2136 1
164 5 121 14 2136 1
165 10 147 14 1625 1
166 19 147 14 1625 1
167 12 145 10 1113 1
168 23 145 10 1113 1
169 9 108 8 444 1
170 17 108 8 444 1
171 9 139 11 1624 1
172 17 139 11 1624 1
173 8 133 10 1703 1
174 15 133 10 1703 1
175 22 133 10 1703 1
176 14 130 9 1240 1
177 8 142 10 1665 1
178 8 149 12 1609 1
179 9 145 17 3083 1
180 15 124 10 1332 1
181 10 148 20 2424 1
182 19 148 20 2424 1
183 9 146 11 1486 1
184 13 116 11 1427 1
185 25 116 11 1427 1
186 37 116 11 1427 1
187 6 124 8 1320 1
188 12 116 9 1322 1
189 13 146 14 1058 1
190 25 146 14 1058 1
191 8 146 15 2226 1
192 8 115 9 646 1
193 20 141 15 1595 1
194 15 124 14 1133 1
195 15 141 11 1909 1
196 29 141 11 1909 1
197 8 146 13 2246 1
198 3 146 10 1699 1
199 5 146 10 1699 1
200 8 147 15 2564 1
201 15 147 15 2564 1
202 8 102 5 678 1
203 11 121 9 1517 1
204 17 133 8 1515 1
205 9 122 9 932 1
206 8 141 9 1857 1
207 9 113 6 579 1
208 8 135 11 1114 1
209 8 138 15 1291 1
210 15 138 15 1291 1
211 9 140 11 2047 1
212 8 136 6 909 1
213 2 136 12 2347 1
214 13 136 13 1182 1
215 25 136 13 1182 1
216 1 102 10 863 1
217 1 102 10 863 1
218 8 147 12 1007 1
219 15 147 12 1007 1
220 17 115 12 1413 1
221 33 115 12 1413 1
222 49 115 12 1413 1
223 65 115 12 1413 1
224 9 144 10 915 1
225 17 144 10 915 1
226 18 141 5 981 1
227 17 144 18 3011 1
228 9 121 13 1863 1
229 9 136 8 1462 1
230 9 116 20 2973 1
231 17 116 20 2973 1
232 8 142 9 1816 1
233 15 142 9 1816 1
234 22 142 9 1816 1
235 29 142 9 1816 1
236 36 142 9 1816 1
237 43 142 9 1816 1
238 50 142 9 1816 1
239 8 148 18 3960 1
240 15 148 18 3960 1
241 9 147 15 2558 1
242 17 147 15 2558 1
243 25 147 15 2558 1
244 33 147 15 2558 1
245 41 147 15 2558 1
246 49 147 15 2558 1
247 57 147 15 2558 1
248 9 143 12 2287 1
249 17 143 12 2287 1
250 25 143 12 2287 1
251 33 143 12 2287 1
252 7 140 12 1774 1
253 13 140 12 1774 1
254 9 108 13 1745 1
255 17 108 13 1745 1
256 8 115 8 572 1
257 7 141 11 965 1
258 24 134 12 1104 1
259 47 134 12 1104 1
260 7 130 7 1351 1
261 7 134 9 1222 1
262 9 148 12 2102 1
263 16 135 13 1996 1
264 8 149 8 1124 1
265 9 121 9 1041 1
266 9 108 9 545 1
267 8 136 11 878 1
268 38 138 15 2455 1
269 8 133 13 1045 1
270 8 136 11 1198 1
271 15 136 11 1198 1
272 8 121 8 1425 1
273 9 141 12 1084 1
274 17 141 12 1084 1
275 14 122 8 775 1
276 8 115 10 1402 1
277 36 146 9 1718 1
278 9 113 13 2146 1
279 17 113 13 2146 1
280 25 113 13 2146 1
281 33 113 13 2146 1
282 41 113 13 2146 1
283 9 133 11 844 1
284 17 133 11 844 1
285 10 125 11 848 1
286 19 125 11 848 1
287 28 125 11 848 1
288 8 133 11 1129 1
289 15 133 11 1129 1
290 22 133 11 1129 1
291 9 143 7 1179 1
292 8 108 11 1111 1
293 15 108 11 1111 1
294 22 108 11 1111 1
295 19 138 9 1544 1
296 9 130 7 458 1
297 17 130 7 458 1
298 8 122 7 435 1
299 3 144 13 2057 1
300 10 122 9 869 1
301 9 133 5 873 1
302 12 135 12 1306 1
303 23 135 12 1306 1
304 8 147 14 2484 1
305 8 109 9 916 1
306 15 109 9 916 1
307 10 143 5 680 1
308 7 142 17 1256 1
309 9 125 12 1086 1
310 9 109 11 1579 1
311 17 109 11 1579 1
312 8 141 19 1940 1
313 25 113 9 1360 1
314 49 113 9 1360 1
315 9 142 8 630 1
316 8 130 10 1694 1
317 9 102 12 1014 1
318 7 134 16 1499 1
319 8 142 12 910 1
320 8 125 10 918 1
321 10 141 19 1861 1
322 8 108 13 1586 1
323 15 108 13 1586 1
324 22 108 13 1586 1
325 13 136 8 705 1
326 25 136 8 705 1
327 9 136 12 1411 1
328 17 136 12 1411 1
329 9 116 9 767 1
330 17 116 9 767 1
331 9 108 9 1355 1
332 8 149 13 2445 1
333 10 116 10 781 1
334 9 108 5 437 1
335 8 116 9 564 1
336 9 124 8 1235 1
337 12 141 11 915 1
338 8 133 22 2443 1
339 8 136 13 1981 1
340 9 115 16 2721 1
341 17 115 16 2721 1
342 9 145 12 2426 1
343 8 113 9 1478 1
344 9 147 13 1778 1
345 17 147 13 1778 1
346 19 148 9 1191 1
347 8 140 14 1558 1
348 15 140 14 1558 1
349 4 139 14 1691 1
350 9 134 14 2522 1
351 8 142 23 3792 1
352 15 142 23 3792 1
353 22 142 23 3792 1
354 29 142 23 3792 1
355 9 137 8 1387 1
356 17 137 8 1387 1
357 25 137 8 1387 1
358 33 137 8 1387 1
359 41 137 8 1387 1
360 8 122 13 2121 1
361 15 122 13 2121 1
362 11 130 14 2324 1
363 8 102 9 483 1
364 16 125 15 1471 1
365 31 125 15 1471 1
366 46 125 15 1471 1
367 10 113 10 1254 1
368 8 142 12 2509 1
369 8 121 10 1013 1
370 15 121 10 1013 1
371 8 102 16 1358 1
372 15 102 16 1358 1
373 22 102 16 1358 1
374 29 102 16 1358 1
375 36 102 16 1358 1
376 43 102 16 1358 1
377 8 133 12 1879 1
378 9 136 13 963 1
379 17 136 13 963 1
380 9 108 1 141 1
381 17 108 1 141 1
382 25 108 1 141 1
383 33 108 1 141 1
384 9 116 8 1076 1
385 12 134 10 991 1
386 23 134 10 991 1
387 34 134 10 991 1
388 15 121 10 1262 1
389 29 121 10 1262 1
390 43 121 10 1262 1
391 57 121 10 1262 1
392 8 116 8 531 1
393 15 116 8 531 1
394 7 113 2 202 1
395 13 113 2 202 1
396 19 113 2 202 1
397 25 113 2 202 1
398 31 113 2 202 1
399 37 113 2 202 1
400 43 113 2 202 1
401 49 113 2 202 1
402 55 113 2 202 1
403 8 138 13 2210 1
404 8 116 9 1183 1
405 15 116 9 1183 1
406 8 130 11 1931 1
407 8 113 10 1401 1
408 12 143 12 1035 1
409 11 113 6 874 1
410 21 113 6 874 1
411 21 121 11 1897 1
412 41 121 11 1897 1
413 8 147 13 1915 1
414 10 102 11 601 1
415 19 102 11 601 1
416 7 133 10 1422 1
417 9 148 16 2813 1
418 17 148 16 2813 1
419 25 148 16 2813 1
420 12 122 11 1614 1
421 8 108 11 746 1
422 16 137 14 1464 1
423 6 137 12 1760 1
424 11 137 12 1760 1
425 8 149 8 614 1
426 15 149 8 614 1
427 22 149 8 614 1
428 11 108 9 1335 1
429 6 147 12 1240 1
430 11 147 12 1240 1
431 21 130 10 1829 1
432 21 154 6 1381 1
433 30 176 11 1414 1
434 16 181 23 6154 1
435 25 158 10 971 1
436 10 177 13 1305 1
437 9 155 17 2349 1
438 17 155 17 2349 1
439 24 171 10 2318 1
440 16 179 8 1575 1
441 30 177 20 3119 1
442 111 154 9 863 1
443 14 150 10 896 1
444 27 150 10 896 1
445 24 173 18 2396 1
446 24 152 18 2632 1
447 47 152 18 2632 1
448 8 152 10 1223 1
449 15 152 10 1223 1
450 16 182 14 3464 1
451 31 182 14 3464 1
452 49 173 17 2206 1
453 27 183 14 2841 1
454 53 183 14 2841 1
455 24 181 19 3289 1
456 9 158 13 1456 1
457 22 150 2 380 1
458 43 150 2 380 1
459 64 150 2 380 1
460 16 164 15 2383 1
461 10 178 4 456 1
462 22 160 12 1718 1
463 43 174 21 2270 1
464 9 181 12 2940 1
465 25 164 4 924 1
466 49 164 4 924 1
467 73 164 4 924 1
468 9 170 18 1810 1
469 8 177 10 1548 1
470 22 163 12 1496 1
471 32 161 10 1751 1
472 12 180 10 1889 1
473 14 168 15 3450 1
474 27 168 15 3450 1
475 40 168 15 3450 1
476 53 168 15 3450 1
477 15 183 14 3102 1
478 11 155 6 702 1
479 11 169 11 2279 1
480 15 183 14 3808 1
481 23 160 9 1136 1
482 19 173 13 1805 1
483 16 177 9 1958 1
484 15 179 24 4052 1
485 26 169 12 1936 1
486 23 168 9 1588 1
487 8 181 18 2858 1
488 11 167 13 3056 1
489 16 164 10 1472 1
490 31 164 10 1472 1
491 46 164 10 1472 1
492 22 172 18 2829 1
493 43 172 18 2829 1
494 9 175 11 1544 1
495 9 175 13 2821 1
496 16 183 12 1788 1
497 130 162 4 568 1
498 11 151 6 1161 1
499 20 182 13 1637 1
500 39 182 13 1637 1
501 25 163 8 1935 1
502 22 163 26 6340 1
503 8 179 14 3256 1
504 8 168 10 1636 1
505 24 178 10 2272 1
506 10 180 10 1614 1
507 8 183 9 2371 1
508 18 171 5 469 1
509 4 164 12 2712 1
510 11 154 7 659 1
511 21 154 7 659 1
512 20 169 17 3843 1
513 10 163 1 244 1
514 8 150 14 1472 1
515 8 172 14 3217 1
516 15 172 14 3217 1
517 8 159 14 1801 1
518 14 162 8 1059 1
519 9 174 18 2845 1
520 23 155 10 2062 1
521 8 169 2 483 1
522 31 169 14 1321 1
523 40 154 3 663 1
524 10 173 15 1688 1
525 23 177 10 1165 1
526 11 152 9 780 1
527 196 183 15 3889 1
528 23 160 15 2359 1
529 19 179 12 2101 1
530 37 179 12 2101 1
531 23 177 14 2813 1
532 8 159 16 1884 1
533 33 176 10 2101 1
534 9 180 15 2381 1
535 11 173 15 3698 1
536 41 183 18 1903 1
537 8 163 9 1953 1
538 24 150 10 915 1
539 32 159 7 569 1
540 8 164 5 1039 1
541 23 154 11 1527 1
542 15 174 8 724 1
543 22 151 13 1812 1
544 43 151 13 1812 1
545 64 151 13 1812 1
546 9 174 11 1434 1
547 29 154 5 1075 1
548 8 151 13 1218 1
549 8 172 18 2109 1
550 15 172 18 2109 1
551 15 162 8 1217 1
552 20 159 5 818 1
553 9 165 25 3473 1
554 8 179 9 924 1
555 15 179 9 924 1
556 14 179 19 4571 1
557 27 163 15 2075 1
558 9 159 14 2943 1
559 17 159 14 2943 1
560 22 176 11 1262 1
561 21 161 18 2974 1
562 23 174 18 4268 1
563 45 174 18 4268 1
564 25 165 10 1944 1
565 24 159 5 681 1
566 54 165 12 2116 1
567 22 181 17 2660 1
568 43 181 17 2660 1
569 17 176 8 800 1
570 15 182 7 823 1
571 8 164 7 1148 1
572 16 167 3 296 1
573 17 158 18 3792 1
574 2 160 20 3200 1
575 32 161 5 1168 1
576 63 161 5 1168 1
577 94 161 5 1168 1
578 125 161 5 1168 1
579 23 171 8 1442 1
580 45 171 8 1442 1
581 22 182 19 4839 1
582 43 182 19 4839 1
583 22 176 8 904 1
584 30 176 7 1504 1
585 15 164 11 2364 1
586 29 164 11 2364 1
587 43 164 11 2364 1
588 57 164 11 2364 1
589 27 163 12 2106 1
590 24 163 14 3039 1
591 24 161 8 1159 1
592 26 162 11 2660 1
593 9 160 15 1488 1
594 8 182 16 1948 1
595 15 182 16 1948 1
596 23 165 17 1429 1
597 22 181 21 4243 1
598 20 181 13 1803 1
599 23 171 15 3103 1
600 45 171 15 3103 1
601 26 152 11 2110 1
602 44 182 5 684 1
603 22 170 2 316 1
604 25 173 12 2761 1
605 49 173 12 2761 1
606 9 183 10 1269 1
607 22 159 8 983 1
608 9 176 12 1077 1
609 28 177 14 2593 1
610 9 167 14 2846 1
611 17 167 14 2846 1
612 52 158 13 1443 1
613 20 165 5 905 1
614 39 165 5 905 1
615 58 165 5 905 1
616 23 179 7 1174 1
617 24 167 19 2619 1
618 19 151 11 1946 1
619 42 171 14 3248 1
620 10 175 19 4663 1
621 43 155 14 3022 1
622 8 179 8 1283 1
623 15 179 8 1283 1
624 9 167 18 3965 1
625 21 182 11 2782 1
626 2 161 11 1631 1
627 15 175 15 3180 1
628 29 175 15 3180 1
629 43 175 15 3180 1
630 57 175 15 3180 1
631 2 180 11 1899 1
632 3 180 11 1899 1
633 23 168 17 1452 1
634 11 194 8 1569 1
635 25 200 12 3595 1
636 24 195 17 3713 1
637 29 212 18 4903 1
638 23 221 9 1653 1
639 28 195 7 1559 1
640 55 195 7 1559 1
641 34 229 12 2088 1
642 21 191 9 941 1
643 36 196 11 1884 1
644 20 191 4 944 1
645 28 208 16 3347 1
646 7 193 18 3138 1
647 60 184 10 2402 1
648 2 208 11 2257 1
649 16 188 3 432 1
650 31 188 3 432 1
651 29 185 16 1829 1
652 31 221 7 1354 1
653 27 196 7 1030 1
654 25 231 26 3484 1
655 23 221 11 2579 1
656 45 221 11 2579 1
657 67 221 11 2579 1
658 89 221 11 2579 1
659 111 221 11 2579 1
660 15 212 11 1974 1
661 4 200 8 2228 1
662 25 212 9 2035 1
663 49 212 9 2035 1
664 17 213 12 1402 1
665 26 198 8 1881 1
666 32 208 11 3133 1
667 29 228 12 2021 1
668 16 212 9 1022 1
669 11 211 13 2512 1
670 61 194 11 1224 1
671 30 223 8 2417 1
672 38 211 15 4205 1
673 28 227 9 1374 1
674 10 191 11 2422 1
675 27 213 11 2165 1
676 17 212 16 4497 1
677 16 189 11 2559 1
678 40 193 10 2328 1
679 26 232 13 1872 1
680 51 232 13 1872 1
681 35 185 8 2124 1
682 69 185 8 2124 1
683 103 185 8 2124 1
684 37 194 9 1070 1
685 73 194 9 1070 1
686 31 185 14 3255 1
687 2 227 16 3128 1
688 35 198 6 716 1
689 69 198 6 716 1
690 29 208 9 2787 1
691 12 232 9 2043 1
692 27 188 4 1039 1
693 7 196 18 3065 1
694 17 200 12 2098 1
695 21 199 5 612 1
696 23 223 13 1957 1
697 45 223 2 236 1
698 6 196 12 3405 1
699 11 196 12 3405 1
700 16 196 12 3405 1
701 66 218 13 4074 1
702 24 220 12 3886 1
703 47 220 12 3886 1
704 27 210 13 4011 1
705 12 200 15 2762 1
706 21 192 9 1995 1
707 38 223 8 2545 1
708 24 194 11 1722 1
709 62 227 12 1791 1
710 5 232 3 965 1
711 5 228 3 605 1
712 15 193 8 2133 1
713 30 194 7 1653 1
714 14 217 23 3080 1
715 74 194 10 1178 1
716 20 221 10 2033 1
717 16 222 7 1847 1
718 44 188 6 1475 1
719 87 188 6 1475 1
720 64 227 11 2505 1
721 46 216 12 2362 1
722 91 216 12 2362 1
723 15 185 20 2728 1
724 54 200 20 4429 1
725 10 211 21 4281 1
726 19 211 21 4281 1
727 24 223 14 2983 1
728 13 212 7 1947 1
729 7 193 9 2217 1
730 40 232 8 2640 1
731 29 185 17 4502 1
732 40 209 6 1404 1
733 8 223 1 121 1
734 17 185 11 1313 1
735 6 199 8 1395 1
736 17 218 11 3475 1
737 29 220 6 1739 1
738 25 212 11 3249 1
739 7 200 11 1869 1
740 23 221 9 2074 1
741 39 232 13 2991 1
742 9 193 11 3061 1
743 16 200 13 1819 1
744 18 191 5 666 1
745 6 232 7 1509 1
746 20 216 15 2993 1
747 39 216 15 2993 1
748 31 216 15 4445 1
749 61 212 11 3342 1
750 28 213 19 3177 1
751 14 198 9 1224 1
752 5 188 12 1312 1
753 29 202 9 1296 1
754 7 222 11 2953 1
755 24 199 11 2656 1
756 23 229 20 3621 1
757 15 185 9 2411 1
758 29 185 9 2411 1
759 9 193 15 1956 1
760 15 188 10 2539 1
761 29 188 10 2539 1
762 59 231 7 1545 1
763 8 197 19 2662 1
764 40 220 11 1583 1
765 30 211 9 2190 1
766 41 193 4 552 1
767 37 195 25 6035 1
768 9 195 6 588 1
769 17 195 6 588 1
770 25 195 6 588 1
771 28 199 7 1898 1
772 10 194 13 2007 1
773 9 210 13 3409 1
774 15 217 19 4796 1
775 54 270 18 6767 1
776 42 283 23 9001 1
777 66 264 12 2894 1
778 43 260 16 6065 1
779 45 282 21 6537 1
780 89 282 21 6537 1
781 133 282 21 6537 1
782 44 281 12 3921 1
783 87 281 12 3921 1
784 130 281 12 3921 1
785 173 281 12 3921 1
786 45 240 30 6029 1
787 89 240 30 6029 1
788 43 282 28 6471 1
789 44 292 15 4345 1
790 87 292 15 4345 1
791 52 269 15 2175 1
792 37 241 12 2659 1
793 43 279 8 2966 1
794 85 279 8 2966 1
795 127 279 8 2966 1
796 44 264 8 2192 1
797 44 239 19 2841 1
798 87 239 19 2841 1
799 44 292 21 5748 1
800 36 263 14 2125 1
801 24 240 24 4564 1
802 47 240 24 4564 1
803 70 240 24 4564 1
804 43 255 12 3758 1
805 44 287 12 2449 1
806 87 287 12 2449 1
807 46 278 13 3233 1
808 91 278 13 3233 1
809 44 255 10 3122 1
810 87 255 10 3122 1
811 14 264 12 3190 1
812 27 264 12 3190 1
813 40 264 12 3190 1
814 53 264 12 3190 1
815 51 239 21 5307 1
816 48 259 13 4667 1
817 66 281 19 4033 1
818 43 276 11 1655 1
819 50 283 31 8980 1
820 50 239 15 2390 1
821 99 239 15 2390 1
822 148 239 15 2390 1
823 31 294 11 2999 1
824 61 294 11 2999 1
825 26 276 22 6677 1
826 53 264 10 2412 1
827 105 264 10 2412 1
828 34 260 26 4146 1
829 42 279 12 1695 1
830 43 287 44 17588 1
831 36 239 14 4672 1
832 44 267 28 4244 1
833 87 267 28 4244 1
834 130 267 28 4244 1
835 42 268 17 4502 1
836 83 268 17 4502 1
837 44 290 12 4379 1
838 37 275 12 4580 1
839 44 255 10 3345 1
840 87 255 10 3345 1
841 37 270 25 4875 1
842 17 296 10 2269 1
843 51 268 17 2417 1
844 43 276 17 2601 1
845 85 276 17 2601 1
846 45 264 40 8132 1
847 89 264 40 8132 1
848 6 279 27 4577 1
849 11 279 27 4577 1
850 50 270 10 2263 1
851 42 266 23 5377 1
852 83 266 23 5377 1
853 124 266 23 5377 1
854 165 266 23 5377 1
855 206 266 23 5377 1
856 16 256 12 2425 1
857 31 256 12 2425 1
858 83 267 14 2625 1
859 36 241 28 3436 1
860 52 278 22 5006 1
861 42 281 19 3500 1
862 11 270 10 3626 1
863 21 270 10 3626 1
864 31 270 10 3626 1
865 41 270 10 3626 1
866 51 270 10 3626 1
867 61 270 10 3626 1
868 71 270 10 3626 1
869 81 270 10 3626 1
870 38 250 7 2502 1
871 43 271 13 2512 1
872 85 271 13 2512 1
873 127 271 13 2512 1
874 169 271 13 2512 1
875 44 239 27 7083 1
876 87 239 27 7083 1
877 130 239 27 7083 1
878 43 281 14 2815 1
879 85 281 14 2815 1
880 127 281 14 2815 1
881 169 281 14 2815 1
882 211 281 14 2815 1
883 106 283 8 3384 1
884 211 283 8 3384 1
885 316 283 8 3384 1
886 421 283 8 3384 1
887 526 283 8 3384 1
888 54 269 18 3480 1
889 44 263 11 2004 1
890 32 281 27 9900 1
891 43 264 13 2655 1
892 43 276 35 10152 1
893 50 255 10 2277 1
894 43 279 22 5438 1
895 85 279 22 5438 1
896 127 279 22 5438 1
897 21 239 9 1746 1
898 29 277 9 2615 1
899 44 294 19 2916 1
900 40 271 11 3584 1
901 43 287 32 8384 1
902 30 270 15 2371 1
903 51 290 8 2349 1
904 36 250 12 4484 1
905 90 282 18 7557 1
906 49 263 9 2736 1
907 50 262 11 1654 1
908 66 282 17 5192 1
909 43 250 16 5096 1
910 95 292 23 4691 1
911 23 250 16 5243 1
912 42 241 5 687 1
913 44 256 10 2284 1
914 87 256 10 2284 1
915 130 256 10 2284 1
916 44 283 13 1945 1
917 44 259 24 8239 1
918 42 268 17 6396 1
919 83 268 17 6396 1
920 124 268 17 6396 1
921 165 268 17 6396 1
922 63 256 16 2070 1
923 57 267 28 8569 1
924 113 267 28 8569 1
925 43 250 10 3594 1
926 35 264 7 1062 1
927 43 240 7 2518 1
928 85 240 7 2518 1
929 65 247 21 3394 1
930 43 241 8 2717 1
931 85 241 8 2717 1
932 60 290 20 8405 1
933 44 283 23 9196 1
934 50 264 28 8675 1
935 43 305 19 6728 1
936 50 324 15 5319 1
937 99 324 15 5319 1
938 18 334 34 12349 1
939 56 305 18 5152 1
940 50 306 17 2817 1
941 99 306 17 2817 1
942 43 306 30 8181 1
943 58 323 14 4302 1
944 57 325 15 6498 1
945 44 321 11 4190 1
946 43 316 5 2185 1
947 37 333 10 4266 1
948 43 301 34 6240 1
949 85 301 34 6240 1
950 44 340 34 14021 1
951 87 340 34 14021 1
952 43 324 39 7247 1
953 57 332 14 3155 1
954 57 321 23 7219 1
955 45 323 18 5211 1
956 89 323 18 5211 1
957 44 302 13 4478 1
958 51 300 16 2911 1
959 59 347 15 4093 1
960 41 305 13 3410 1
961 22 336 31 5460 1
962 57 316 39 8879 1
963 42 319 19 7699 1
964 58 323 20 5617 1
965 65 347 32 15262 1
966 44 325 12 2768 1
967 87 325 12 2768 1
968 130 325 12 2768 1
969 173 325 12 2768 1
970 46 306 15 5094 1
971 91 306 15 5094 1
972 42 318 11 1846 1
973 51 316 12 4591 1
974 44 305 21 4682 1
975 87 305 21 4682 1
976 43 340 32 7513 1
977 42 300 14 6028 1
978 38 325 24 7747 1
979 44 300 23 4993 1
980 50 332 7 2239 1
981 57 335 20 9413 1
982 134 306 20 5063 1
983 45 305 11 1706 1
984 43 333 12 5347 1
985 85 333 12 5347 1
986 127 333 12 5347 1
987 44 335 17 7481 1
988 87 335 17 7481 1
989 49 302 16 2695 1
990 133 323 16 3469 1
991 265 323 16 3469 1
992 44 316 9 1602 1
993 45 336 13 3756 1
994 42 333 16 6323 1
995 83 333 16 6323 1
996 6 305 10 2169 1
997 16 321 9 3534 1
998 44 301 15 5928 1
999 64 336 19 7744 1
1000 15 333 18 3977 1
1001 43 336 30 11860 1
1002 43 334 25 9276 1
1003 85 334 25 9276 1
1004 8 325 35 11909 1
1005 85 319 17 4690 1
1006 50 324 12 3979 1
1007 83 304 34 13028 1
1008 49 333 10 4436 1
1009 44 337 12 4032 1
1010 96 323 30 11910 1
1011 51 333 23 11056 1
1012 41 319 34 15436 1
1013 81 319 34 15436 1
1014 121 319 34 15436 1
1015 41 325 17 8056 1
1016 43 336 23 7422 1
1017 44 337 18 7893 1
1018 42 321 18 6350 1
1019 42 302 18 4983 1
1020 36 316 41 8142 1
1021 57 329 21 5402 1
1022 40 301 27 8043 1
1023 45 332 22 5297 1
1024 65 334 21 8350 1
1025 9 351 43 16475 1
1026 116 367 11 4004 1
1027 114 364 91 35527 1
1028 227 364 91 35527 1
1029 46 351 21 5658 1
1030 152 367 43 20797 1
1031 5 367 60 18976 1
1032 47 349 62 17646 1
1033 93 349 62 17646 1
1034 139 349 62 17646 1
1035 4 351 19 7424 1
1036 7 351 19 7424 1
1037 5 350 24 8824 1
26
500 500 500 500 500 500 500 500 500 500 500 500 500 500 500 500 500 500 500 500 500 500 500 500 500 500 