1037
1 9 99 2 190 1
2 10 99 10 892 1
3 19 99 10 892 1
4 4 99 3 253 1
5 33 75 13 1080 1
6 4 75 1 84 1
7 7 75 1 84 1
8 10 75 1 84 1
9 13 75 1 84 1
10 17 100 10 852 1
11 7 100 8 452 1
12 2 100 1 91 1
13 4 75 3 161 1
14 3 75 7 306 1
15 5 75 7 306 1
16 7 75 7 306 1
17 2 100 1 97 1
18 4 85 3 299 1
19 7 85 3 299 1
20 24 99 5 519 1
21 2 75 5 416 1
22 3 75 5 416 1
23 4 75 5 416 1
24 5 75 5 416 1
25 6 75 5 416 1
26 7 75 5 416 1
27 3 75 2 150 1
28 5 75 2 150 1
29 7 75 2 150 1
30 9 75 2 150 1
31 26 100 8 651 1
32 26 75 2 84 1
33 6 75 3 173 1
34 7 100 2 155 1
35 50 75 1 99 1
36 6 100 6 764 1
37 11 100 6 764 1
38 16 100 6 764 1
39 44 100 2 122 1
40 87 100 2 122 1
41 3 99 2 147 1
42 9 100 1 123 1
43 17 100 1 123 1
44 2 85 4 424 1
45 3 85 4 424 1
46 3 100 4 240 1
47 5 100 4 240 1
48 4 99 10 527 1
49 7 99 10 527 1
50 25 100 4 403 1
51 3 99 4 465 1
52 5 99 4 465 1
53 7 99 4 465 1
54 9 99 4 465 1
55 11 99 4 465 1
56 13 99 4 465 1
57 2 85 2 188 1
58 3 99 2 124 1
59 3 100 8 1174 1
60 3 75 6 664 1
61 5 75 6 664 1
62 9 136 13 1861 1
63 17 136 13 1861 1
64 25 136 13 1861 1
65 33 136 13 1861 1
66 8 102 7 1064 1
67 15 102 7 1064 1
68 22 102 7 1064 1
69 9 147 11 2054 1
70 17 147 11 2054 1
71 25 147 11 2054 1
72 33 147 11 2054 1
73 8 145 13 2691 1
74 15 145 13 2691 1
75 22 145 13 2691 1
76 8 136 12 1207 1
77 15 136 12 1207 1
78 22 136 12 1207 1
79 29 136 12 1207 1
80 8 121 12 1493 1
81 15 121 12 1493 1
82 22 121 12 1493 1
83 29 121 12 1493 1
84 8 113 10 733 1
85 15 113 10 733 1
86 22 113 10 733 1
87 14 136 10 1808 1
88 8 124 14 1597 1
89 15 124 14 1597 1
90 9 149 8 1033 1
91 17 149 8 1033 1
92 5 130 10 1276 1
93 9 130 10 1276 1
94 13 130 10 1276 1
95 8 113 6 464 1
96 15 113 6 464 1
97 33 125 15 1895 1
98 9 144 10 728 1
99 8 109 9 1039 1
100 9 137 10 704 1
101 10 148 8 1153 1
102 19 148 8 1153 1
103 5 109 8 1115 1
104 9 109 8 1115 1
105 8 124 11 1937 1
106 24 116 13 920 1
107 9 136 10 991 1
108 17 136 10 991 1
109 43 149 11 2426 1
110 8 133 11 738 1
111 8 139 9 1328 1
112 15 139 9 1328 1
113 22 139 9 1328 1
114 29 139 9 1328 1
115 10 124 12 1514 1
116 9 145 8 994 1
117 17 145 8 994 1
118 17 124 10 740 1
119 33 124 10 740 1
120 49 124 10 740 1
121 9 134 8 1131 1
122 17 134 8 1131 1
123 25 134 8 1131 1
124 33 134 8 1131 1
125 9 143 12 2315 1
126 17 143 12 2315 1
127 25 143 12 2315 1
128 33 143 12 2315 1
129 17 108 9 1109 1
130 22 143 9 758 1
131 8 145 12 1953 1
132 15 145 12 1953 1
133 22 145 12 1953 1
134 29 145 12 1953 1
135 36 145 12 1953 1
136 9 134 13 2423 1
137 11 136 6 955 1
138 8 102 11 1198 1
139 15 102 11 1198 1
140 13 109 10 688 1
141 25 109 10 688 1
142 9 115 12 1654 1
143 17 115 12 1654 1
144 25 115 12 1654 1
145 9 109 12 682 1
146 17 109 12 682 1
147 38 149 11 1203 1
148 12 116 11 1250 1
149 23 116 11 1250 1
150 17 148 4 781 1
151 9 116 7 1054 1
152 8 108 14 1415 1
153 15 108 14 1415 1
154 22 108 14 1415 1
155 29 108 14 1415 1
156 36 108 14 1415 1
157 13 142 16 1805 1
158 25 142 16 1805 1
159 14 148 11 1533 1
160 27 148 11 1533 1
161 40 148 11 1533 1
162 9 148 16 3075 1
163 8 134 7 732 1
164 8 145 9 1019 1
165 14 144 12 2140 1
166 11 140 10 1993 1
167 21 140 10 1993 1
168 9 139 12 1787 1
169 13 149 10 1834 1
170 8 136 19 2279 1
171 9 130 13 1855 1
172 17 130 13 1855 1
173 9 122 7 441 1
174 17 122 7 441 1
175 18 142 8 1700 1
176 35 142 8 1700 1
177 52 142 8 1700 1
178 69 142 8 1700 1
179 86 142 8 1700 1
180 103 142 8 1700 1
181 8 141 12 1481 1
182 9 148 12 2397 1
183 8 133 11 2178 1
184 9 142 15 1466 1
185 10 135 18 2519 1
186 19 135 18 2519 1
187 41 134 6 711 1
188 8 149 16 2348 1
189 15 149 16 2348 1
190 7 140 12 901 1
191 10 122 5 457 1
192 9 148 9 1402 1
193 17 148 9 1402 1
194 25 148 9 1402 1
195 12 136 14 2767 1
196 23 136 14 2767 1
197 15 102 6 442 1
198 25 142 14 2078 1
199 12 134 14 2679 1
200 13 134 8 958 1
201 4 148 14 1743 1
202 7 148 14 1743 1
203 9 135 1 146 1
204 11 144 14 2430 1
205 6 109 8 509 1
206 9 113 11 847 1
207 8 130 7 541 1
208 9 140 14 2317 1
209 9 143 10 2001 1
210 9 135 12 1482 1
211 28 143 13 2322 1
212 16 142 9 1692 1
213 9 142 13 2020 1
214 17 142 13 2020 1
215 25 142 13 2020 1
216 7 124 6 1060 1
217 8 142 16 2599 1
218 15 142 16 2599 1
219 22 142 16 2599 1
220 29 142 16 2599 1
221 8 148 14 2704 1
222 15 148 14 2704 1
223 22 148 14 2704 1
224 8 102 5 681 1
225 15 102 5 681 1
226 12 146 11 1847 1
227 23 146 11 1847 1
228 9 149 9 1748 1
229 7 149 3 387 1
230 8 136 12 1608 1
231 75 138 8 1420 1
232 15 149 15 1870 1
233 9 116 10 1646 1
234 9 142 13 1131 1
235 17 135 14 1627 1
236 9 102 12 1054 1
237 13 122 8 944 1
238 25 122 8 944 1
239 37 122 8 944 1
240 8 135 11 1346 1
241 19 109 11 1549 1
242 8 102 10 1109 1
243 8 145 9 887 1
244 15 145 9 887 1
245 22 145 9 887 1
246 29 145 9 887 1
247 23 143 9 1428 1
248 45 143 9 1428 1
249 12 146 17 1638 1
250 14 141 14 1759 1
251 9 109 6 371 1
252 17 109 6 371 1
253 16 146 8 718 1
254 31 146 8 718 1
255 9 125 21 1962 1
256 11 115 11 1239 1
257 21 115 11 1239 1
258 31 115 11 1239 1
259 41 115 11 1239 1
260 51 115 11 1239 1
261 61 115 11 1239 1
262 18 122 7 924 1
263 35 122 7 924 1
264 19 141 15 3025 1
265 37 141 15 3025 1
266 55 141 15 3025 1
267 73 141 15 3025 1
268 91 141 15 3025 1
269 8 130 9 1183 1
270 8 122 8 934 1
271 8 148 9 809 1
272 94 135 10 694 1
273 4 102 4 232 1
274 7 102 4 232 1
275 9 148 4 746 1
276 8 102 11 699 1
277 15 102 11 699 1
278 36 145 14 2199 1
279 8 115 7 586 1
280 15 115 7 586 1
281 22 115 7 586 1
282 29 115 7 586 1
283 7 109 10 1395 1
284 13 109 10 1395 1
285 8 149 10 1947 1
286 7 137 14 2216 1
287 13 137 14 2216 1
288 19 137 14 2216 1
289 25 137 14 2216 1
290 31 137 14 2216 1
291 19 148 16 2951 1
292 37 148 16 2951 1
293 9 145 4 618 1
294 8 138 16 2582 1
295 15 138 16 2582 1
296 22 138 16 2582 1
297 29 138 16 2582 1
298 9 108 8 1220 1
299 17 108 8 1220 1
300 8 108 10 1334 1
301 8 102 7 736 1
302 15 102 7 736 1
303 9 144 14 2623 1
304 17 144 14 2623 1
305 19 121 11 1827 1
306 37 121 11 1827 1
307 55 121 11 1827 1
308 9 115 8 1095 1
309 6 121 10 610 1
310 11 121 10 610 1
311 16 121 10 610 1
312 21 121 10 610 1
313 26 121 10 610 1
314 7 102 8 719 1
315 14 135 12 2155 1
316 27 135 12 2155 1
317 40 135 12 2155 1
318 53 135 12 2155 1
319 66 135 12 2155 1
320 79 135 12 2155 1
321 8 108 12 1891 1
322 8 122 7 873 1
323 15 122 7 873 1
324 6 124 15 2314 1
325 8 149 12 2104 1
326 16 145 14 2693 1
327 6 122 14 1346 1
328 11 122 14 1346 1
329 13 134 12 1969 1
330 8 140 17 2146 1
331 15 140 17 2146 1
332 34 125 16 2299 1
333 8 140 9 1439 1
334 15 140 9 1439 1
335 8 122 12 814 1
336 15 122 12 814 1
337 22 122 12 814 1
338 29 122 12 814 1
339 36 122 12 814 1
340 17 113 7 478 1
341 33 113 7 478 1
342 49 113 7 478 1
343 65 113 7 478 1
344 81 113 7 478 1
345 9 102 11 1125 1
346 17 102 11 1125 1
347 17 102 11 1381 1
348 33 102 11 1381 1
349 49 102 11 1381 1
350 7 115 12 1668 1
351 13 115 12 1668 1
352 19 115 12 1668 1
353 8 139 13 2087 1
354 10 116 9 787 1
355 22 116 10 1647 1
356 43 116 10 1647 1
357 22 144 13 1225 1
358 43 144 13 1225 1
359 9 149 10 907 1
360 7 141 10 1209 1
361 13 141 10 1209 1
362 19 141 10 1209 1
363 25 141 10 1209 1
364 31 141 10 1209 1
365 9 109 9 1356 1
366 17 109 9 1356 1
367 12 116 9 551 1
368 23 116 9 551 1
369 34 116 9 551 1
370 45 116 9 551 1
371 9 115 7 1090 1
372 9 144 20 3023 1
373 17 144 20 3023 1
374 9 122 12 2004 1
375 17 122 12 2004 1
376 9 146 11 2105 1
377 17 146 11 2105 1
378 25 146 11 2105 1
379 33 146 11 2105 1
380 41 146 11 2105 1
381 20 142 11 1901 1
382 14 137 12 2087 1
383 14 136 10 811 1
384 27 136 10 811 1
385 9 109 11 1446 1
386 8 130 8 924 1
387 15 130 8 924 1
388 9 116 4 615 1
389 17 121 9 1193 1
390 6 138 12 2050 1
391 9 125 8 510 1
392 17 125 8 510 1
393 25 125 8 510 1
394 33 125 8 510 1
395 41 125 8 510 1
396 49 125 8 510 1
397 9 121 10 695 1
398 17 121 10 695 1
399 10 124 13 1238 1
400 8 139 11 1979 1
401 9 136 9 1270 1
402 17 136 9 1270 1
403 25 136 9 1270 1
404 33 136 9 1270 1
405 15 140 8 664 1
406 8 115 11 1768 1
407 15 115 11 1768 1
408 22 115 11 1768 1
409 9 137 12 1834 1
410 17 137 12 1834 1
411 9 124 14 2250 1
412 9 116 8 900 1
413 17 116 8 900 1
414 25 116 8 900 1
415 33 116 8 900 1
416 9 138 10 1581 1
417 17 138 10 1581 1
418 18 136 13 1865 1
419 15 140 15 2147 1
420 29 140 15 2147 1
421 43 140 15 2147 1
422 15 121 12 731 1
423 29 121 12 731 1
424 43 121 12 731 1
425 57 121 12 731 1
426 14 141 12 2346 1
427 27 141 12 2346 1
428 9 124 10 1849 1
429 17 124 10 1849 1
430 25 124 10 1849 1
431 33 124 10 1849 1
432 21 165 21 3148 1
433 15 154 16 2451 1
434 7 183 9 1337 1
435 13 183 9 1337 1
436 21 169 11 2180 1
437 22 179 27 4501 1
438 43 179 27 4501 1
439 26 173 9 1809 1
440 17 180 20 4174 1
441 18 159 13 1871 1
442 17 168 1 204 1
443 11 159 10 2098 1
444 31 180 17 3434 1
445 21 164 10 1642 1
446 19 159 11 1715 1
447 25 173 11 2186 1
448 49 173 11 2186 1
449 20 170 6 1372 1
450 39 170 6 1372 1
451 58 170 6 1372 1
452 26 165 17 1762 1
453 44 160 10 2219 1
454 8 161 4 359 1
455 67 158 16 3578 1
456 10 155 20 3136 1
457 26 161 1 145 1
458 51 161 1 145 1
459 76 161 1 145 1
460 11 176 16 2461 1
461 16 150 11 1257 1
462 38 154 15 2154 1
463 49 177 7 1354 1
464 23 162 14 1607 1
465 45 162 14 1607 1
466 21 161 10 1636 1
467 41 161 10 1636 1
468 9 151 18 2912 1
469 23 165 14 1229 1
470 45 165 14 1229 1
471 10 171 11 1806 1
472 10 176 17 1522 1
473 2 154 12 1534 1
474 8 174 9 1908 1
475 17 181 5 996 1
476 8 171 14 2050 1
477 23 170 11 2412 1
478 9 168 16 2671 1
479 17 168 16 2671 1
480 20 168 14 3308 1
481 15 159 14 2979 1
482 14 163 17 1753 1
483 8 183 15 3413 1
484 126 176 14 1958 1
485 9 154 12 1570 1
486 17 154 12 1570 1
487 16 183 16 3394 1
488 21 155 6 884 1
489 15 169 12 3031 1
490 8 167 6 1328 1
491 23 167 10 2031 1
492 45 167 10 2031 1
493 67 167 10 2031 1
494 89 167 10 2031 1
495 23 174 10 971 1
496 45 174 10 971 1
497 23 179 8 2004 1
498 11 173 17 3082 1
499 21 173 17 3082 1
500 33 158 13 2572 1
501 3 164 5 592 1
502 35 182 19 4060 1
503 8 176 21 2400 1
504 43 177 13 2348 1
505 9 176 20 2290 1
506 11 169 20 2326 1
507 23 168 17 2917 1
508 45 168 17 2917 1
509 8 170 16 2022 1
510 24 173 3 712 1
511 10 163 21 3617 1
512 23 173 13 2231 1
513 45 173 13 2231 1
514 24 174 12 3108 1
515 47 174 12 3108 1
516 20 180 15 1578 1
517 28 150 11 1517 1
518 24 165 16 1357 1
519 23 167 23 5506 1
520 45 167 23 5506 1
521 67 167 23 5506 1
522 18 154 6 1117 1
523 24 169 5 731 1
524 15 176 10 2364 1
525 23 183 19 3731 1
526 45 183 19 3731 1
527 67 183 19 3731 1
528 28 165 17 3663 1
529 171 178 14 2227 1
530 29 164 15 2695 1
531 8 162 3 420 1
532 10 178 7 959 1
533 19 178 7 959 1
534 9 182 6 561 1
535 15 161 19 3476 1
536 6 151 16 2413 1
537 38 154 15 1376 1
538 32 175 6 931 1
539 23 181 13 2223 1
540 35 152 15 2113 1
541 8 155 4 779 1
542 24 174 6 738 1
543 16 183 16 3355 1
544 30 168 13 2797 1
545 10 150 9 1830 1
546 9 154 13 1968 1
547 17 154 13 1968 1
548 22 164 15 1657 1
549 44 183 26 6097 1
550 15 171 8 2042 1
551 2 169 9 1636 1
552 23 171 17 1578 1
553 17 182 9 2096 1
554 33 182 9 2096 1
555 21 173 14 2646 1
556 43 177 18 3975 1
557 43 174 18 3276 1
558 85 174 18 3276 1
559 127 174 18 3276 1
560 35 169 12 2401 1
561 20 169 13 2847 1
562 39 169 13 2847 1
563 26 164 12 1090 1
564 22 176 10 1377 1
565 24 179 21 4147 1
566 47 179 21 4147 1
567 20 163 9 1390 1
568 10 169 13 2135 1
569 9 169 10 2380 1
570 26 165 13 1199 1
571 7 162 19 4016 1
572 44 171 11 1354 1
573 19 159 10 1092 1
574 24 171 9 1211 1
575 7 163 17 3515 1
576 13 163 17 3515 1
577 15 162 7 664 1
578 12 181 17 2696 1
579 9 160 8 1447 1
580 26 177 15 3725 1
581 32 170 9 1427 1
582 13 150 9 954 1
583 34 178 14 2109 1
584 16 161 13 2944 1
585 31 161 13 2944 1
586 46 161 13 2944 1
587 31 181 14 3051 1
588 61 181 14 3051 1
589 12 179 16 3080 1
590 15 175 14 2361 1
591 15 160 30 3249 1
592 20 173 19 4646 1
593 12 167 9 1021 1
594 20 155 15 1306 1
595 39 155 15 1306 1
596 58 155 15 1306 1
597 20 161 17 2897 1
598 22 158 13 2696 1
599 10 177 7 1305 1
600 13 172 9 1031 1
601 37 173 12 1914 1
602 2 180 12 1252 1
603 1 180 11 1435 1
604 10 163 8 1039 1
605 2 183 12 2376 1
606 20 162 10 936 1
607 39 162 10 936 1
608 58 162 10 936 1
609 16 176 15 2614 1
610 29 155 6 858 1
611 34 158 2 364 1
612 23 176 12 1583 1
613 22 171 15 2215 1
614 43 171 15 2215 1
615 35 183 15 1611 1
616 17 182 9 2202 1
617 9 181 6 766 1
618 9 183 10 2211 1
619 9 177 16 2660 1
620 10 174 11 1853 1
621 44 182 9 1948 1
622 23 151 23 4776 1
623 9 173 5 581 1
624 17 173 5 581 1
625 10 178 13 2837 1
626 15 162 13 3111 1
627 36 163 15 1676 1
628 15 163 12 1051 1
629 29 163 12 1051 1
630 43 163 12 1051 1
631 29 160 14 3315 1
632 57 160 14 3315 1
633 85 160 14 3315 1
634 3 209 5 1196 1
635 28 186 7 925 1
636 23 202 10 2725 1
637 19 229 12 2614 1
638 25 198 9 1998 1
639 49 198 9 1998 1
640 14 218 11 2819 1
641 15 185 9 1890 1
642 26 202 15 2360 1
643 51 202 15 2360 1
644 28 228 24 4764 1
645 13 222 22 4656 1
646 34 217 16 2351 1
647 16 198 17 4897 1
648 16 212 9 2572 1
649 26 185 13 2655 1
650 19 208 6 1788 1
651 23 212 11 3310 1
652 45 212 11 3310 1
653 70 188 6 1479 1
654 30 209 7 1497 1
655 41 195 9 1159 1
656 58 212 16 3931 1
657 30 197 12 3060 1
658 22 228 11 3357 1
659 14 217 17 3855 1
660 27 217 17 3855 1
661 10 188 11 1384 1
662 19 188 11 1384 1
663 27 196 2 305 1
664 53 196 2 305 1
665 38 210 11 2488 1
666 29 185 5 1350 1
667 16 209 18 2716 1
668 31 209 18 2716 1
669 46 209 18 2716 1
670 35 222 12 1836 1
671 25 217 17 5182 1
672 49 217 17 5182 1
673 73 217 17 5182 1
674 29 198 9 1739 1
675 22 189 8 935 1
676 17 222 15 4438 1
677 168 192 16 2293 1
678 28 189 9 1275 1
679 56 185 10 1838 1
680 23 212 12 2699 1
681 45 212 12 2699 1
682 22 229 15 3303 1
683 43 229 15 3303 1
684 27 217 10 2811 1
685 35 227 12 2652 1
686 8 198 18 4411 1
687 30 211 11 2508 1
688 29 200 12 1904 1
689 9 213 11 2910 1
690 17 213 11 2910 1
691 25 213 11 2910 1
692 10 208 13 3388 1
693 2 194 10 1228 1
694 16 198 14 1943 1
695 39 195 9 1366 1
696 24 217 10 2594 1
697 47 217 10 2594 1
698 29 193 3 673 1
699 29 202 4 954 1
700 14 227 17 2996 1
701 21 213 5 1345 1
702 41 213 5 1345 1
703 61 213 5 1345 1
704 35 218 8 881 1
705 44 216 13 3201 1
706 33 194 14 2379 1
707 32 209 13 1528 1
708 63 209 13 1528 1
709 39 202 2 530 1
710 12 184 16 3784 1
711 23 228 8 1740 1
712 20 184 14 2947 1
713 76 193 11 1993 1
714 38 192 15 3127 1
715 6 196 6 1193 1
716 67 217 16 3498 1
717 19 197 14 3256 1
718 37 212 7 1553 1
719 25 198 1 142 1
720 6 194 10 2868 1
721 11 194 10 2868 1
722 16 189 12 2977 1
723 30 191 8 972 1
724 7 200 6 1097 1
725 26 208 17 3769 1
726 19 199 10 1931 1
727 26 211 6 1575 1
728 44 218 14 3064 1
729 23 217 6 1238 1
730 45 217 6 1238 1
731 38 210 9 1573 1
732 16 198 11 2022 1
733 55 217 10 2133 1
734 22 229 15 2665 1
735 30 186 15 1892 1
736 5 193 11 2573 1
737 37 212 10 2883 1
738 24 218 10 2272 1
739 47 218 10 2272 1
740 14 188 15 3009 1
741 16 232 11 3795 1
742 38 221 15 3009 1
743 17 199 17 3100 1
744 22 210 14 3801 1
745 25 212 13 2724 1
746 15 197 4 967 1
747 23 184 2 463 1
748 25 212 3 896 1
749 40 202 7 1179 1
750 17 202 11 2406 1
751 33 202 11 2406 1
752 25 220 9 2000 1
753 49 220 9 2000 1
754 19 196 9 1842 1
755 37 196 9 1842 1
756 15 208 11 1570 1
757 29 208 11 1570 1
758 17 184 11 1861 1
759 29 185 9 2334 1
760 36 199 20 3548 1
761 9 199 10 1598 1
762 12 218 32 4182 1
763 23 218 32 4182 1
764 28 197 13 2504 1
765 50 193 17 4176 1
766 6 208 12 2806 1
767 14 221 9 2349 1
768 26 188 16 2234 1
769 46 210 14 2132 1
770 30 197 18 3034 1
771 29 196 9 2527 1
772 27 216 17 3730 1
773 8 222 9 1692 1
774 11 221 20 3530 1
775 42 270 18 4274 1
776 2 279 26 9539 1
777 44 271 10 3237 1
778 87 271 10 3237 1
779 51 280 13 2933 1
780 44 294 14 3018 1
781 50 250 36 12181 1
782 45 276 10 3206 1
783 43 285 15 5700 1
784 51 268 11 2397 1
785 36 267 24 8400 1
786 43 247 10 1495 1
787 85 247 10 1495 1
788 63 239 10 3208 1
789 45 259 23 5798 1
790 89 259 23 5798 1
791 133 259 23 5798 1
792 36 259 11 3044 1
793 11 279 9 1615 1
794 21 279 9 1615 1
795 66 277 42 11970 1
796 131 277 42 11970 1
797 196 277 42 11970 1
798 42 296 16 6345 1
799 83 296 16 6345 1
800 42 255 17 4954 1
801 3 247 17 4871 1
802 44 259 13 4948 1
803 87 259 13 4948 1
804 43 247 9 1534 1
805 85 247 9 1534 1
806 50 240 11 3757 1
807 99 240 11 3757 1
808 43 283 19 6379 1
809 74 241 26 4500 1
810 43 287 21 4450 1
811 85 287 21 4450 1
812 127 287 21 4450 1
813 42 259 9 1359 1
814 46 278 16 2871 1
815 91 278 16 2871 1
816 136 278 16 2871 1
817 181 278 16 2871 1
818 226 278 16 2871 1
819 26 283 15 3183 1
820 51 283 15 3183 1
821 76 283 15 3183 1
822 101 283 15 3183 1
823 70 295 7 1486 1
824 44 268 26 9507 1
825 45 247 28 9390 1
826 89 247 28 9390 1
827 133 247 28 9390 1
828 177 247 28 9390 1
829 50 283 13 2157 1
830 50 295 13 3242 1
831 99 295 13 3242 1
832 18 267 25 7769 1
833 35 267 25 7769 1
834 31 266 6 1013 1
835 22 292 16 2638 1
836 36 241 18 5833 1
837 37 275 18 6709 1
838 73 275 18 6709 1
839 109 275 18 6709 1
840 44 265 12 3367 1
841 29 256 9 1484 1
842 36 279 15 2678 1
843 43 283 18 6367 1
844 43 259 33 7637 1
845 85 259 33 7637 1
846 45 259 9 1446 1
847 46 262 31 5170 1
848 13 262 8 1950 1
849 25 262 8 1950 1
850 37 262 8 1950 1
851 49 262 8 1950 1
852 61 262 8 1950 1
853 73 262 8 1950 1
854 36 269 25 9635 1
855 54 279 15 6144 1
856 64 277 8 1561 1
857 127 277 8 1561 1
858 44 280 9 3074 1
859 87 280 9 3074 1
860 130 280 9 3074 1
861 42 262 11 3759 1
862 83 262 11 3759 1
863 124 262 11 3759 1
864 165 262 11 3759 1
865 36 268 15 5135 1
866 34 239 16 3682 1
867 51 240 6 2074 1
868 44 292 14 2288 1
869 87 292 14 2288 1
870 130 292 14 2288 1
871 37 296 17 2725 1
872 73 296 17 2725 1
873 83 268 17 2851 1
874 165 268 17 2851 1
875 43 267 11 2141 1
876 85 267 11 2141 1
877 37 296 22 5461 1
878 51 270 12 2822 1
879 40 282 16 4458 1
880 43 239 23 4904 1
881 85 239 23 4904 1
882 127 239 23 4904 1
883 169 239 23 4904 1
884 211 239 23 4904 1
885 45 264 13 2370 1
886 48 264 16 3048 1
887 28 269 8 1534 1
888 55 269 8 1534 1
889 50 285 11 4245 1
890 35 287 22 8725 1
891 45 268 5 1461 1
892 89 268 5 1461 1
893 133 268 5 1461 1
894 69 277 12 3084 1
895 137 277 12 3084 1
896 50 255 11 2458 1
897 86 262 16 4916 1
898 35 269 8 2172 1
899 69 269 8 2172 1
900 238 276 7 2315 1
901 44 290 21 7223 1
902 40 255 9 2391 1
903 79 255 9 2391 1
904 118 255 9 2391 1
905 157 255 9 2391 1
906 42 263 11 2090 1
907 43 239 17 5806 1
908 25 276 11 3018 1
909 52 278 22 3184 1
910 103 278 22 3184 1
911 44 278 28 9132 1
912 54 247 25 5447 1
913 107 247 25 5447 1
914 160 247 25 5447 1
915 34 239 11 3295 1
916 45 277 16 6180 1
917 89 277 16 6180 1
918 45 268 10 3254 1
919 43 285 13 3503 1
920 42 241 12 3719 1
921 41 261 18 6714 1
922 43 280 34 10403 1
923 38 279 16 4221 1
924 75 279 16 4221 1
925 42 282 11 3925 1
926 61 290 15 3395 1
927 74 264 16 5251 1
928 43 267 20 6937 1
929 85 267 20 6937 1
930 43 281 9 3766 1
931 43 280 20 3204 1
932 85 280 20 3204 1
933 43 255 6 1514 1
934 37 283 9 2339 1
935 66 321 24 5758 1
936 37 335 13 4577 1
937 44 319 14 5108 1
938 87 319 14 5108 1
939 57 333 9 3842 1
940 37 335 34 16679 1
941 2 304 15 5603 1
942 43 302 25 9443 1
943 57 337 24 6282 1
944 45 300 29 12122 1
945 89 300 29 12122 1
946 239 321 12 2372 1
947 45 333 16 5727 1
948 12 347 27 5822 1
949 54 300 16 3360 1
950 107 300 16 3360 1
951 178 347 21 5203 1
952 64 332 17 8254 1
953 127 332 17 8254 1
954 57 302 23 5674 1
955 43 337 68 19967 1
956 51 305 20 7871 1
957 125 323 19 4785 1
958 90 321 12 1991 1
959 50 304 30 8089 1
960 320 323 42 14129 1
961 58 321 21 5423 1
962 45 316 32 6697 1
963 191 321 42 9325 1
964 49 323 26 10894 1
965 50 332 12 5160 1
966 47 306 9 3005 1
967 58 323 21 3459 1
968 54 329 15 6781 1
969 49 323 17 3358 1
970 43 300 14 4893 1
971 82 340 22 6768 1
972 118 347 19 3962 1
973 57 301 20 3832 1
974 75 334 39 7780 1
975 50 347 26 9763 1
976 86 318 17 6185 1
977 42 306 14 4665 1
978 44 319 11 3943 1
979 50 347 31 16081 1
980 41 302 22 6676 1
981 81 302 22 6676 1
982 121 302 22 6676 1
983 105 336 19 6477 1
984 246 335 18 7032 1
985 46 321 9 1867 1
986 44 306 15 2622 1
987 58 340 33 14733 1
988 217 318 18 5856 1
989 66 301 18 6530 1
990 20 340 41 9491 1
991 47 332 25 6272 1
992 93 332 25 6272 1
993 139 332 25 6272 1
994 185 332 25 6272 1
995 231 332 25 6272 1
996 277 332 25 6272 1
997 323 332 25 6272 1
998 5 336 15 5499 1
999 44 334 13 5796 1
1000 44 306 14 5715 1
1001 87 306 14 5715 1
1002 130 306 14 5715 1
1003 173 306 14 5715 1
1004 48 333 20 9437 1
1005 49 318 36 9996 1
1006 43 300 26 8190 1
1007 50 323 20 4193 1
1008 50 329 23 6344 1
1009 57 319 18 3821 1
1010 44 305 22 7532 1
1011 43 318 25 9155 1
1012 40 305 15 4192 1
1013 152 323 12 2292 1
1014 43 347 19 9576 1
1015 44 300 20 4042 1
1016 44 306 12 2370 1
1017 44 332 42 7437 1
1018 43 319 12 2735 1
1019 85 319 12 2735 1
1020 127 319 12 2735 1
1021 169 319 12 2735 1
1022 211 319 12 2735 1
1023 50 300 21 8417 1
1024 42 319 41 12989 1
1025 4 364 9 1940 1
1026 150 350 6 3071 1
1027 114 367 19 10373 1
1028 227 367 19 10373 1
1029 251 350 38 16677 1
1030 501 350 38 16677 1
1031 5 349 26 5401 1
1032 9 349 26 5401 1
1033 112 364 20 3981 1
1034 223 364 20 3981 1
1035 6 364 17 3512 1
1036 11 364 17 3512 1
1037 6 351 23 8164 1
26
500 500 500 500 500 500 500 500 500 500 500 500 500 500 500 500 500 500 500 500 500 500 500 500 500 500 