1037
1 2 75 4 429 1
2 32 85 4 182 1
3 63 85 4 182 1
4 94 85 4 182 1
5 4 100 3 423 1
6 3 99 4 428 1
7 2 75 25 1268 1
8 3 75 2 162 1
9 5 75 2 162 1
10 7 75 2 162 1
11 9 75 2 162 1
12 11 75 2 162 1
13 13 75 2 162 1
14 15 75 2 162 1
15 25 99 1 83 1
16 49 99 1 83 1
17 4 100 4 394 1
18 7 100 4 394 1
19 10 100 4 394 1
20 13 100 4 394 1
21 16 100 4 394 1
22 41 99 3 382 1
23 3 99 1 77 1
24 2 85 2 242 1
25 3 85 2 242 1
26 23 99 1 104 1
27 45 99 1 104 1
28 30 85 6 309 1
29 1 85 3 340 1
30 10 100 5 371 1
31 19 100 5 371 1
32 28 100 5 371 1
33 37 100 5 371 1
34 29 100 3 376 1
35 57 100 3 376 1
36 14 99 4 556 1
37 4 85 3 320 1
38 28 85 8 836 1
39 55 85 8 836 1
40 24 85 2 143 1
41 3 100 2 277 1
42 2 99 7 740 1
43 3 99 7 740 1
44 5 100 2 204 1
45 20 85 3 260 1
46 39 85 3 260 1
47 4 99 18 1774 1
48 7 99 18 1774 1
49 10 99 18 1774 1
50 13 99 18 1774 1
51 16 99 18 1774 1
52 19 99 18 1774 1
53 22 99 18 1774 1
54 25 99 18 1774 1
55 28 99 18 1774 1
56 31 99 18 1774 1
57 34 99 18 1774 1
58 37 99 18 1774 1
59 40 99 18 1774 1
60 43 99 18 1774 1
61 2 99 11 1114 1
62 8 122 6 489 1
63 15 122 6 489 1
64 22 122 6 489 1
65 29 122 6 489 1
66 36 122 6 489 1
67 43 122 6 489 1
68 50 122 6 489 1
69 57 122 6 489 1
70 8 140 10 1737 1
71 15 140 10 1737 1
72 12 133 10 1359 1
73 8 113 2 216 1
74 15 113 2 216 1
75 22 113 2 216 1
76 10 148 6 684 1
77 12 139 16 3305 1
78 18 135 11 1039 1
79 8 144 16 2664 1
80 8 142 10 1500 1
81 15 142 10 1500 1
82 22 142 10 1500 1
83 9 124 11 2031 1
84 17 124 11 2031 1
85 9 113 8 1263 1
86 17 113 8 1263 1
87 25 113 8 1263 1
88 33 113 8 1263 1
89 41 113 8 1263 1
90 22 130 10 1038 1
91 43 130 10 1038 1
92 64 130 10 1038 1
93 9 130 8 1249 1
94 17 130 8 1249 1
95 25 130 8 1249 1
96 9 143 13 2014 1
97 15 121 12 867 1
98 29 121 12 867 1
99 43 121 12 867 1
100 57 121 12 867 1
101 71 121 12 867 1
102 9 138 10 1405 1
103 17 138 10 1405 1
104 8 121 11 1432 1
105 15 121 11 1432 1
106 22 121 11 1432 1
107 29 121 11 1432 1
108 36 121 11 1432 1
109 8 115 10 1486 1
110 15 115 10 1486 1
111 9 124 14 2154 1
112 17 124 14 2154 1
113 9 149 14 2636 1
114 17 149 14 2636 1
115 11 144 11 1478 1
116 21 144 11 1478 1
117 9 115 3 276 1
118 17 115 3 276 1
119 9 144 16 1683 1
120 8 144 14 2314 1
121 10 147 19 2444 1
122 19 147 19 2444 1
123 28 147 19 2444 1
124 37 147 19 2444 1
125 46 147 19 2444 1
126 55 147 19 2444 1
127 19 116 13 912 1
128 21 135 8 701 1
129 10 148 10 2140 1
130 4 142 13 1184 1
131 7 142 13 1184 1
132 20 148 14 1535 1
133 39 148 14 1535 1
134 8 136 17 1550 1
135 8 136 13 2318 1
136 15 136 13 2318 1
137 24 125 17 1448 1
138 9 143 9 1661 1
139 17 143 9 1661 1
140 8 122 15 1907 1
141 14 149 9 1514 1
142 27 124 10 1159 1
143 9 143 14 1772 1
144 17 143 14 1772 1
145 9 122 13 1059 1
146 17 122 13 1059 1
147 25 122 13 1059 1
148 33 122 13 1059 1
149 41 122 13 1059 1
150 49 122 13 1059 1
151 20 116 13 1917 1
152 39 116 13 1917 1
153 58 116 13 1917 1
154 9 141 12 1765 1
155 9 122 11 1460 1
156 13 146 18 2653 1
157 25 146 18 2653 1
158 19 138 10 769 1
159 8 121 7 687 1
160 15 121 7 687 1
161 17 148 10 1879 1
162 33 148 10 1879 1
163 8 142 4 691 1
164 15 142 4 691 1
165 22 142 4 691 1
166 29 142 4 691 1
167 12 130 11 1254 1
168 9 142 15 2002 1
169 17 142 15 2002 1
170 9 143 14 1397 1
171 17 143 14 1397 1
172 9 135 11 1069 1
173 8 102 9 925 1
174 15 102 9 925 1
175 22 102 9 925 1
176 8 133 11 1363 1
177 15 133 11 1363 1
178 9 115 13 1568 1
179 17 115 13 1568 1
180 25 115 13 1568 1
181 7 130 12 1379 1
182 21 113 7 666 1
183 41 113 7 666 1
184 61 113 7 666 1
185 9 109 13 2057 1
186 17 109 13 2057 1
187 25 109 13 2057 1
188 16 108 12 1226 1
189 1 149 13 2488 1
190 1 149 13 2488 1
191 9 141 11 1067 1
192 13 116 8 1341 1
193 25 116 8 1341 1
194 37 116 8 1341 1
195 9 141 15 1516 1
196 17 141 15 1516 1
197 8 135 13 2064 1
198 9 113 10 905 1
199 17 113 10 905 1
200 25 113 10 905 1
201 22 109 8 1200 1
202 8 142 8 900 1
203 15 142 8 900 1
204 21 146 12 1745 1
205 41 146 12 1745 1
206 61 146 12 1745 1
207 15 140 6 467 1
208 29 140 6 467 1
209 43 140 6 467 1
210 57 140 6 467 1
211 8 125 5 631 1
212 23 136 14 2641 1
213 45 136 14 2641 1
214 67 136 14 2641 1
215 9 134 8 1543 1
216 17 134 8 1543 1
217 20 137 15 2438 1
218 9 116 12 885 1
219 9 139 11 1901 1
220 13 143 7 1091 1
221 25 143 7 1091 1
222 11 109 5 535 1
223 21 109 5 535 1
224 8 143 9 1370 1
225 8 136 15 1153 1
226 15 136 15 1153 1
227 22 136 15 1153 1
228 19 143 16 2202 1
229 8 148 17 3467 1
230 15 148 17 3467 1
231 22 148 17 3467 1
232 29 148 17 3467 1
233 9 142 12 1999 1
234 17 142 12 1999 1
235 8 102 7 1029 1
236 8 137 11 2002 1
237 15 137 11 2002 1
238 9 133 7 868 1
239 8 108 12 1768 1
240 13 125 11 1161 1
241 23 141 18 1424 1
242 7 140 13 1819 1
243 20 148 9 763 1
244 8 135 18 3236 1
245 8 115 6 508 1
246 15 115 6 508 1
247 17 115 7 735 1
248 24 109 13 1967 1
249 47 109 13 1967 1
250 70 109 13 1967 1
251 93 109 13 1967 1
252 116 109 13 1967 1
253 139 109 13 1967 1
254 9 115 15 1600 1
255 12 136 16 2393 1
256 23 136 16 2393 1
257 10 136 12 2117 1
258 19 136 12 2117 1
259 9 140 12 2351 1
260 16 130 10 1899 1
261 31 130 10 1899 1
262 8 143 9 1551 1
263 15 143 9 1551 1
264 22 143 9 1551 1
265 29 143 9 1551 1
266 36 143 9 1551 1
267 8 108 10 874 1
268 15 108 10 874 1
269 22 108 10 874 1
270 29 108 10 874 1
271 36 108 10 874 1
272 43 108 10 874 1
273 50 108 10 874 1
274 9 146 13 2454 1
275 17 146 13 2454 1
276 15 124 8 872 1
277 15 141 9 1354 1
278 29 141 9 1354 1
279 16 124 6 1088 1
280 10 143 12 1491 1
281 9 139 14 2071 1
282 15 144 9 846 1
283 8 148 16 3472 1
284 15 148 16 3472 1
285 22 148 16 3472 1
286 29 148 16 3472 1
287 10 102 6 403 1
288 8 135 13 2148 1
289 15 135 13 2148 1
290 22 135 13 2148 1
291 29 135 13 2148 1
292 8 149 15 3232 1
293 20 102 8 536 1
294 39 102 8 536 1
295 20 142 15 1827 1
296 6 121 9 741 1
297 11 121 9 741 1
298 8 138 18 1551 1
299 6 133 6 433 1
300 11 133 6 433 1
301 16 133 6 433 1
302 19 133 17 1440 1
303 9 149 11 2017 1
304 48 137 14 2313 1
305 33 148 14 1112 1
306 65 148 14 1112 1
307 8 133 11 2167 1
308 15 133 11 2167 1
309 12 142 19 1729 1
310 23 142 19 1729 1
311 9 121 11 759 1
312 9 124 13 1231 1
313 8 140 11 1962 1
314 8 145 13 976 1
315 18 142 11 1434 1
316 35 142 11 1434 1
317 3 113 13 1361 1
318 5 113 13 1361 1
319 7 147 21 2320 1
320 10 138 10 1726 1
321 12 122 12 1328 1
322 9 121 11 1482 1
323 17 121 11 1482 1
324 25 121 11 1482 1
325 9 130 13 1390 1
326 17 121 11 1146 1
327 17 143 9 1411 1
328 33 143 9 1411 1
329 8 143 12 1999 1
330 15 143 12 1999 1
331 22 143 12 1999 1
332 11 145 10 1047 1
333 21 145 10 1047 1
334 31 145 10 1047 1
335 41 145 10 1047 1
336 51 145 10 1047 1
337 9 142 13 2492 1
338 17 142 13 2492 1
339 25 142 13 2492 1
340 33 142 13 2492 1
341 41 142 13 2492 1
342 49 142 13 2492 1
343 57 142 13 2492 1
344 6 148 11 907 1
345 9 138 11 1418 1
346 8 145 12 1557 1
347 15 145 12 1557 1
348 22 145 12 1557 1
349 29 145 12 1557 1
350 36 145 12 1557 1
351 8 115 13 913 1
352 15 115 13 913 1
353 9 136 17 1759 1
354 17 136 17 1759 1
355 9 122 8 552 1
356 22 113 9 1521 1
357 43 113 9 1521 1
358 64 113 9 1521 1
359 9 108 12 1192 1
360 8 109 8 644 1
361 15 109 8 644 1
362 8 124 13 855 1
363 11 108 7 462 1
364 9 147 8 1712 1
365 9 102 10 542 1
366 17 102 10 542 1
367 25 102 10 542 1
368 33 102 10 542 1
369 41 102 10 542 1
370 49 102 10 542 1
371 8 149 16 1381 1
372 9 133 12 1046 1
373 17 133 12 1046 1
374 19 137 15 1553 1
375 12 142 5 781 1
376 23 142 5 781 1
377 34 142 5 781 1
378 9 125 11 1325 1
379 16 144 10 1266 1
380 31 144 10 1266 1
381 46 144 10 1266 1
382 8 125 11 1858 1
383 15 125 11 1858 1
384 22 125 11 1858 1
385 8 124 7 1249 1
386 15 124 7 1249 1
387 13 141 13 1903 1
388 16 113 12 1082 1
389 9 125 13 1998 1
390 17 125 13 1998 1
391 16 140 13 2611 1
392 8 139 15 1227 1
393 15 139 15 1227 1
394 8 133 16 2897 1
395 9 108 8 724 1
396 17 108 8 724 1
397 25 108 8 724 1
398 33 108 8 724 1
399 9 116 8 1048 1
400 18 130 8 939 1
401 15 149 10 1116 1
402 29 149 10 1116 1
403 43 149 10 1116 1
404 7 139 5 478 1
405 9 148 11 1019 1
406 17 148 11 1019 1
407 25 148 11 1019 1
408 33 148 11 1019 1
409 9 147 9 1684 1
410 17 147 9 1684 1
411 25 147 9 1684 1
412 33 147 9 1684 1
413 8 138 12 917 1
414 15 138 12 917 1
415 22 138 12 917 1
416 11 140 12 1683 1
417 7 109 10 1512 1
418 13 109 10 1512 1
419 9 141 16 1931 1
420 17 141 16 1931 1
421 25 141 16 1931 1
422 33 141 16 1931 1
423 9 102 9 801 1
424 17 102 9 801 1
425 8 140 14 2475 1
426 15 140 14 2475 1
427 22 140 14 2475 1
428 29 140 14 2475 1
429 36 140 14 2475 1
430 7 109 13 1485 1
431 9 144 13 2273 1
432 24 162 10 1133 1
433 47 162 10 1133 1
434 22 169 13 1920 1
435 25 177 15 2440 1
436 49 177 15 2440 1
437 22 164 12 2165 1
438 23 150 2 238 1
439 28 161 12 2753 1
440 44 160 8 1904 1
441 38 168 15 1717 1
442 23 177 12 2536 1
443 10 155 14 1597 1
444 19 155 14 1597 1
445 9 162 13 1747 1
446 23 177 2 531 1
447 20 152 10 890 1
448 13 177 15 2093 1
449 45 176 10 1594 1
450 21 171 15 3654 1
451 9 173 13 3012 1
452 21 182 18 4182 1
453 41 182 18 4182 1
454 23 177 13 3009 1
455 45 177 13 3009 1
456 67 177 13 3009 1
457 8 162 17 2529 1
458 20 168 14 1744 1
459 22 163 8 1214 1
460 43 163 8 1214 1
461 31 155 10 1918 1
462 38 174 11 1403 1
463 42 176 11 1773 1
464 12 158 7 1534 1
465 9 169 5 494 1
466 9 182 12 2135 1
467 44 168 16 2211 1
468 115 158 11 2002 1
469 44 183 15 2689 1
470 16 155 6 1079 1
471 9 175 14 3447 1
472 17 175 14 3447 1
473 25 152 8 1398 1
474 25 172 13 2217 1
475 49 172 13 2217 1
476 24 175 11 2224 1
477 22 170 7 956 1
478 23 152 16 1254 1
479 22 161 9 1089 1
480 43 161 9 1089 1
481 12 165 19 4357 1
482 15 171 17 1527 1
483 20 159 6 538 1
484 12 162 12 2111 1
485 22 178 6 1596 1
486 25 182 15 1612 1
487 49 182 15 1612 1
488 51 169 15 2390 1
489 9 152 11 1534 1
490 9 180 10 1450 1
491 23 179 4 740 1
492 45 179 4 740 1
493 24 180 10 1694 1
494 15 159 8 1894 1
495 9 154 9 1893 1
496 17 154 9 1893 1
497 22 167 14 2227 1
498 22 178 9 1778 1
499 22 162 8 714 1
500 43 178 9 1605 1
501 12 151 3 506 1
502 29 158 14 1496 1
503 10 161 5 1097 1
504 17 172 15 3357 1
505 10 162 19 4025 1
506 11 150 14 1487 1
507 23 163 9 1622 1
508 8 176 11 1468 1
509 16 177 11 1273 1
510 18 179 10 2506 1
511 35 179 10 2506 1
512 20 154 5 608 1
513 39 154 5 608 1
514 9 154 6 479 1
515 23 167 15 3688 1
516 9 168 13 2302 1
517 105 159 5 682 1
518 9 173 17 1594 1
519 23 151 4 372 1
520 12 170 12 1627 1
521 22 162 11 970 1
522 7 171 12 1437 1
523 8 154 23 4386 1
524 15 154 23 4386 1
525 22 154 23 4386 1
526 29 176 16 2519 1
527 14 164 12 2228 1
528 9 178 7 1738 1
529 17 178 7 1738 1
530 21 178 19 2119 1
531 34 161 14 1756 1
532 19 154 10 808 1
533 16 161 11 1597 1
534 31 161 11 1597 1
535 46 161 11 1597 1
536 61 161 11 1597 1
537 34 162 9 1083 1
538 67 162 9 1083 1
539 32 151 9 1652 1
540 22 180 13 2501 1
541 38 155 10 1631 1
542 8 179 9 1531 1
543 15 179 9 1531 1
544 9 165 11 1524 1
545 25 170 8 1276 1
546 36 178 12 1430 1
547 23 178 12 2403 1
548 45 180 11 1419 1
549 12 176 13 2803 1
550 9 168 21 5292 1
551 11 182 17 2365 1
552 11 155 8 935 1
553 9 180 13 2816 1
554 15 171 15 2931 1
555 37 178 15 2624 1
556 24 182 12 2898 1
557 47 182 12 2898 1
558 18 150 10 2043 1
559 8 179 16 3297 1
560 27 160 15 2927 1
561 16 176 6 1314 1
562 8 181 14 3699 1
563 15 181 14 3699 1
564 10 161 10 1578 1
565 19 161 10 1578 1
566 28 161 10 1578 1
567 29 158 13 1936 1
568 11 169 7 1686 1
569 25 165 11 1389 1
570 9 175 7 1831 1
571 15 179 10 1385 1
572 54 176 11 1786 1
573 31 160 15 1928 1
574 61 160 15 1928 1
575 79 151 8 1379 1
576 8 164 10 1690 1
577 26 171 11 1371 1
578 22 179 14 3369 1
579 43 179 14 3369 1
580 9 172 14 3325 1
581 11 182 12 2668 1
582 24 179 12 1244 1
583 24 154 8 1053 1
584 24 151 5 790 1
585 8 165 7 1121 1
586 15 165 7 1121 1
587 9 172 4 791 1
588 35 171 16 3381 1
589 33 174 10 1987 1
590 1 158 12 1552 1
591 26 161 15 2433 1
592 22 155 1 201 1
593 21 150 12 1994 1
594 41 150 12 1994 1
595 61 150 12 1994 1
596 29 180 18 3729 1
597 24 161 10 1233 1
598 37 163 16 3188 1
599 89 179 6 809 1
600 13 183 15 2109 1
601 25 183 15 2109 1
602 34 155 11 1396 1
603 15 178 16 4128 1
604 44 175 19 3598 1
605 22 168 6 860 1
606 23 181 7 1434 1
607 129 165 6 1465 1
608 19 152 12 2508 1
609 18 160 6 630 1
610 30 154 15 1296 1
611 11 165 10 2128 1
612 23 164 14 2680 1
613 45 164 14 2680 1
614 7 150 12 1522 1
615 8 171 9 926 1
616 32 162 8 1823 1
617 24 168 15 2024 1
618 22 178 15 1446 1
619 43 152 18 3969 1
620 44 161 7 1390 1
621 15 179 7 1730 1
622 23 178 14 2465 1
623 25 168 21 5195 1
624 9 173 12 2945 1
625 23 152 12 2106 1
626 45 152 12 2106 1
627 23 164 21 3142 1
628 22 154 6 1317 1
629 17 152 15 2532 1
630 27 178 12 2571 1
631 53 178 12 2571 1
632 21 162 12 2341 1
633 41 162 12 2341 1
634 5 208 7 1391 1
635 9 208 7 1391 1
636 14 196 11 2497 1
637 22 229 14 3719 1
638 23 218 10 1332 1
639 10 227 11 2527 1
640 15 194 5 737 1
641 65 212 12 1873 1
642 39 193 11 1917 1
643 16 211 21 6006 1
644 31 211 21 6006 1
645 56 210 12 1909 1
646 193 185 9 1992 1
647 28 197 13 3071 1
648 55 197 13 3071 1
649 40 231 18 2796 1
650 79 231 18 2796 1
651 12 192 9 1765 1
652 25 191 11 1488 1
653 33 191 11 1190 1
654 29 208 11 2697 1
655 61 200 11 1425 1
656 29 197 12 2494 1
657 29 211 18 4862 1
658 84 189 12 1776 1
659 167 189 12 1776 1
660 8 196 12 2631 1
661 16 223 20 4242 1
662 25 198 13 2983 1
663 34 199 10 1191 1
664 21 186 4 395 1
665 41 186 4 395 1
666 22 221 9 1674 1
667 43 221 9 1674 1
668 64 221 9 1674 1
669 16 227 19 4866 1
670 31 227 19 4866 1
671 26 184 14 2472 1
672 30 189 8 1274 1
673 20 228 18 4375 1
674 41 218 6 1169 1
675 40 200 7 1616 1
676 22 196 16 1742 1
677 43 196 16 1742 1
678 64 196 16 1742 1
679 24 228 19 4890 1
680 30 223 13 3318 1
681 10 227 11 2877 1
682 42 198 14 3248 1
683 83 198 14 3248 1
684 9 208 9 1076 1
685 30 191 4 1120 1
686 8 213 9 2083 1
687 24 227 22 6895 1
688 47 227 22 6895 1
689 21 211 17 3157 1
690 41 211 17 3157 1
691 21 216 16 2927 1
692 41 216 16 2927 1
693 59 218 13 3538 1
694 14 188 12 2609 1
695 24 193 11 2098 1
696 27 200 12 3024 1
697 21 202 13 2242 1
698 41 202 13 2242 1
699 12 220 20 4292 1
700 69 188 7 844 1
701 21 229 14 1675 1
702 3 221 14 2209 1
703 37 227 10 3029 1
704 24 232 18 4101 1
705 16 185 7 1400 1
706 14 211 20 5202 1
707 27 211 20 5202 1
708 8 228 3 350 1
709 1 220 9 2163 1
710 29 229 19 4234 1
711 27 192 13 1765 1
712 7 191 15 1530 1
713 92 189 11 2550 1
714 8 217 12 2745 1
715 25 216 13 1985 1
716 28 184 11 1220 1
717 9 229 12 1654 1
718 2 196 7 1820 1
719 35 210 12 3576 1
720 21 232 8 1631 1
721 41 232 8 1631 1
722 61 232 8 1631 1
723 26 220 12 1682 1
724 18 189 12 2395 1
725 31 185 11 1163 1
726 29 228 22 7100 1
727 44 213 11 3122 1
728 18 213 15 3600 1
729 35 213 15 3600 1
730 206 185 11 1935 1
731 16 200 13 2833 1
732 28 227 16 2482 1
733 55 227 16 2482 1
734 23 208 12 3618 1
735 74 216 13 3893 1
736 14 221 11 3100 1
737 38 198 17 4927 1
738 15 195 10 1261 1
739 16 191 6 574 1
740 36 184 10 1245 1
741 29 195 13 1448 1
742 16 184 18 1807 1
743 24 197 9 1568 1
744 22 210 14 2671 1
745 16 229 17 2453 1
746 22 184 8 1792 1
747 17 184 7 1858 1
748 23 199 9 1951 1
749 2 222 16 1930 1
750 20 184 14 3547 1
751 17 189 13 1677 1
752 33 213 12 3185 1
753 30 193 15 3304 1
754 41 209 19 4264 1
755 8 228 17 4998 1
756 64 200 11 1828 1
757 6 185 10 2057 1
758 21 209 13 2251 1
759 76 188 9 2355 1
760 27 191 7 1846 1
761 35 193 10 2404 1
762 16 220 8 1503 1
763 9 198 11 1779 1
764 140 195 7 1803 1
765 30 202 12 1873 1
766 24 192 15 2513 1
767 9 188 21 3818 1
768 17 188 21 3818 1
769 6 199 14 4103 1
770 10 212 5 1413 1
771 75 211 10 1658 1
772 149 211 10 1658 1
773 8 218 16 3670 1
774 10 217 12 3539 1
775 31 287 15 4384 1
776 44 275 20 5494 1
777 87 275 20 5494 1
778 37 275 14 3658 1
779 36 239 17 2931 1
780 42 264 23 3386 1
781 88 256 12 4356 1
782 37 264 12 2839 1
783 21 280 15 5785 1
784 49 292 8 2287 1
785 97 292 8 2287 1
786 47 239 10 1396 1
787 44 239 16 2630 1
788 28 239 18 4802 1
789 43 282 19 4034 1
790 85 282 19 4034 1
791 42 283 18 5715 1
792 83 283 18 5715 1
793 1 283 24 5470 1
794 50 255 14 3031 1
795 138 292 17 5279 1
796 44 266 18 2682 1
797 42 275 10 2629 1
798 83 275 10 2629 1
799 42 292 26 5572 1
800 62 262 19 4020 1
801 123 262 19 4020 1
802 44 279 9 3100 1
803 40 270 24 5741 1
804 43 247 10 2890 1
805 15 294 26 10022 1
806 29 294 26 10022 1
807 36 281 9 2644 1
808 43 269 14 2878 1
809 85 269 14 2878 1
810 42 292 17 4187 1
811 36 264 20 4236 1
812 71 264 20 4236 1
813 44 267 43 8029 1
814 43 279 11 2996 1
815 43 259 9 1422 1
816 43 285 10 4223 1
817 85 285 10 4223 1
818 127 285 10 4223 1
819 2 255 14 4572 1
820 39 260 28 10587 1
821 54 241 16 3837 1
822 50 271 11 2959 1
823 36 250 9 1427 1
824 52 280 8 2404 1
825 35 255 14 5263 1
826 72 266 24 7962 1
827 85 287 9 3794 1
828 35 269 18 6995 1
829 43 266 8 1234 1
830 85 266 8 1234 1
831 127 266 8 1234 1
832 169 266 8 1234 1
833 211 266 8 1234 1
834 253 266 8 1234 1
835 295 266 8 1234 1
836 36 264 17 2853 1
837 44 265 10 2346 1
838 87 265 10 2346 1
839 130 265 10 2346 1
840 43 278 7 2048 1
841 85 278 7 2048 1
842 43 281 22 3934 1
843 45 261 8 1055 1
844 43 275 14 3534 1
845 29 262 14 4493 1
846 57 262 14 4493 1
847 45 282 23 3447 1
848 59 261 16 4853 1
849 50 267 13 4113 1
850 49 287 12 2568 1
851 43 263 8 1196 1
852 85 263 8 1196 1
853 127 263 8 1196 1
854 169 263 8 1196 1
855 43 267 15 3451 1
856 44 275 8 2244 1
857 45 255 11 2166 1
858 36 279 11 4188 1
859 43 276 48 12883 1
860 75 295 8 1680 1
861 43 266 12 3465 1
862 43 295 11 3648 1
863 43 239 10 2402 1
864 48 264 9 2228 1
865 41 266 16 3455 1
866 81 266 16 3455 1
867 121 266 16 3455 1
868 51 261 16 5972 1
869 42 239 9 1847 1
870 83 239 9 1847 1
871 44 295 32 6261 1
872 52 256 12 1812 1
873 103 256 12 1812 1
874 44 256 11 4009 1
875 87 256 11 4009 1
876 130 256 11 4009 1
877 173 256 11 4009 1
878 37 261 24 5528 1
879 73 261 24 5528 1
880 43 281 27 7996 1
881 85 281 27 7996 1
882 43 271 9 1391 1
883 85 271 9 1391 1
884 127 271 9 1391 1
885 169 271 9 1391 1
886 44 247 17 4030 1
887 87 247 17 4030 1
888 45 281 17 3662 1
889 63 256 9 1389 1
890 125 256 9 1389 1
891 187 256 9 1389 1
892 52 260 23 6932 1
893 103 260 23 6932 1
894 23 275 7 2529 1
895 42 250 19 5399 1
896 83 250 19 5399 1
897 42 269 15 5362 1
898 43 255 15 3945 1
899 85 255 15 3945 1
900 127 255 15 3945 1
901 43 262 11 2907 1
902 85 262 11 2907 1
903 43 278 19 5168 1
904 38 247 25 7284 1
905 44 265 8 1801 1
906 87 265 8 1801 1
907 36 267 11 3671 1
908 23 241 9 2919 1
909 36 275 8 1112 1
910 43 268 31 12004 1
911 43 290 19 4809 1
912 85 290 19 4809 1
913 43 256 23 8637 1
914 85 256 23 8637 1
915 43 275 25 6919 1
916 36 290 12 2347 1
917 43 239 8 1739 1
918 43 239 5 1631 1
919 85 239 5 1631 1
920 127 239 5 1631 1
921 49 295 10 3432 1
922 37 264 8 1197 1
923 44 269 9 2339 1
924 3 276 14 2345 1
925 42 281 24 4896 1
926 83 281 24 4896 1
927 124 281 24 4896 1
928 165 281 24 4896 1
929 206 281 24 4896 1
930 247 281 24 4896 1
931 288 281 24 4896 1
932 329 281 24 4896 1
933 370 281 24 4896 1
934 411 281 24 4896 1
935 44 305 27 11352 1
936 108 302 13 2081 1
937 215 302 13 2081 1
938 322 302 13 2081 1
939 57 306 19 5922 1
940 44 324 32 13122 1
941 56 304 24 7031 1
942 133 321 20 8594 1
943 9 318 10 3090 1
944 43 334 23 11001 1
945 51 337 49 9713 1
946 43 321 18 2980 1
947 43 333 20 6346 1
948 102 304 12 2702 1
949 113 336 12 2471 1
950 55 301 10 2038 1
951 109 301 10 2038 1
952 163 301 10 2038 1
953 117 347 38 11282 1
954 46 319 16 7528 1
955 43 335 17 8235 1
956 44 333 16 4966 1
957 44 324 13 5204 1
958 51 334 65 11543 1
959 42 340 25 7663 1
960 49 304 15 6503 1
961 58 302 28 5065 1
962 45 304 34 11369 1
963 47 333 26 6698 1
964 43 316 23 10358 1
965 51 302 7 3101 1
966 44 347 26 12886 1
967 49 321 24 10357 1
968 50 336 16 2776 1
969 58 300 18 2714 1
970 37 318 16 7051 1
971 2 306 23 6173 1
972 42 340 22 5169 1
973 44 305 17 6171 1
974 87 305 17 6171 1
975 129 325 20 6965 1
976 43 337 24 10901 1
977 193 332 22 6416 1
978 116 337 21 10569 1
979 54 333 33 13182 1
980 43 319 17 7780 1
981 43 329 51 24597 1
982 85 329 51 24597 1
983 127 329 51 24597 1
984 53 340 14 4935 1
985 105 340 14 4935 1
986 157 340 14 4935 1
987 209 340 14 4935 1
988 261 340 14 4935 1
989 313 340 14 4935 1
990 77 325 21 8496 1
991 116 319 6 1853 1
992 42 329 7 1153 1
993 22 318 18 8218 1
994 42 336 23 4149 1
995 83 336 23 4149 1
996 57 325 27 9729 1
997 8 302 7 2811 1
998 85 334 24 5045 1
999 169 334 24 5045 1
1000 253 334 24 5045 1
1001 158 323 44 15344 1
1002 114 340 63 13610 1
1003 72 301 18 7466 1
1004 143 301 18 7466 1
1005 110 323 11 5125 1
1006 38 301 31 10374 1
1007 22 334 14 3126 1
1008 50 332 16 6605 1
1009 57 318 28 4462 1
1010 58 335 22 10854 1
1011 45 334 21 4684 1
1012 43 337 24 8866 1
1013 85 337 24 8866 1
1014 38 325 25 4849 1
1015 44 318 28 10181 1
1016 87 318 28 10181 1
1017 34 300 19 4419 1
1018 58 347 37 18644 1
1019 46 323 15 6989 1
1020 91 323 15 6989 1
1021 37 336 15 3085 1
1022 58 324 31 10922 1
1023 42 336 25 4937 1
1024 42 336 16 6975 1
1025 9 364 7 3340 1
1026 4 349 43 16654 1
1027 112 366 116 58116 1
1028 44 367 56 23416 1
1029 4 351 34 9944 1
1030 112 350 20 9631 1
1031 8 351 21 7370 1
1032 15 351 21 7370 1
1033 113 350 178 37723 1
1034 225 350 178 37723 1
1035 46 351 7 2894 1
1036 6 351 27 11529 1
1037 11 351 27 11529 1
26
500 500 500 500 500 500 500 500 500 500 500 500 500 500 500 500 500 500 500 500 500 500 500 500 500 500 