1037
1 3 100 7 948 1
2 5 100 7 948 1
3 7 100 7 948 1
4 4 99 2 122 1
5 7 99 2 122 1
6 10 99 2 122 1
7 3 85 2 187 1
8 3 99 4 199 1
9 6 100 2 154 1
10 11 100 2 154 1
11 16 100 2 154 1
12 2 85 15 687 1
13 22 85 7 492 1
14 1 100 2 117 1
15 1 100 2 117 1
16 1 100 2 117 1
17 1 100 2 117 1
18 4 85 2 243 1
19 21 99 2 280 1
20 27 100 5 472 1
21 53 100 5 472 1
22 79 100 5 472 1
23 105 100 5 472 1
24 131 100 5 472 1
25 157 100 5 472 1
26 37 99 2 263 1
27 8 99 5 694 1
28 15 99 5 694 1
29 22 99 5 694 1
30 4 99 13 1764 1
31 7 99 13 1764 1
32 10 99 13 1764 1
33 13 99 13 1764 1
34 16 99 13 1764 1
35 19 99 13 1764 1
36 22 99 13 1764 1
37 25 99 13 1764 1
38 28 99 13 1764 1
39 31 99 13 1764 1
40 12 99 8 525 1
41 3 85 3 331 1
42 3 85 4 314 1
43 5 85 4 314 1
44 7 85 4 314 1
45 9 85 4 314 1
46 11 85 4 314 1
47 2 85 3 297 1
48 3 85 3 297 1
49 4 85 3 297 1
50 5 85 3 297 1
51 3 100 6 870 1
52 5 100 6 870 1
53 7 100 6 870 1
54 9 100 6 870 1
55 11 100 6 870 1
56 13 100 6 870 1
57 15 100 6 870 1
58 20 99 3 420 1
59 4 75 8 786 1
60 33 75 3 244 1
61 3 100 2 136 1
62 8 109 9 560 1
63 15 109 9 560 1
64 14 137 15 1128 1
65 14 148 13 2807 1
66 27 148 13 2807 1
67 40 148 13 2807 1
68 9 149 14 2673 1
69 17 149 14 2673 1
70 8 147 11 1535 1
71 15 147 11 1535 1
72 9 102 12 996 1
73 9 125 5 385 1
74 17 125 5 385 1
75 25 125 5 385 1
76 13 133 11 797 1
77 25 133 11 797 1
78 37 133 11 797 1
79 49 133 11 797 1
80 8 146 17 1350 1
81 15 146 17 1350 1
82 22 146 17 1350 1
83 29 146 17 1350 1
84 36 146 17 1350 1
85 43 146 17 1350 1
86 19 122 9 1158 1
87 37 122 9 1158 1
88 11 140 12 1657 1
89 9 108 5 515 1
90 15 102 6 702 1
91 29 102 6 702 1
92 43 102 6 702 1
93 18 140 13 1598 1
94 35 140 13 1598 1
95 9 135 9 761 1
96 8 133 10 1041 1
97 8 146 16 2153 1
98 10 149 8 1663 1
99 8 122 8 1005 1
100 8 146 15 2491 1
101 17 133 12 1624 1
102 33 133 12 1624 1
103 15 135 10 1378 1
104 4 144 11 1597 1
105 8 138 10 1623 1
106 8 113 9 1307 1
107 9 125 11 1321 1
108 9 122 14 1887 1
109 17 122 14 1887 1
110 18 130 11 1133 1
111 8 139 7 1199 1
112 8 102 10 1224 1
113 9 145 17 2438 1
114 9 109 10 1360 1
115 17 109 10 1360 1
116 25 109 10 1360 1
117 8 145 9 1773 1
118 15 145 9 1773 1
119 22 145 9 1773 1
120 29 145 9 1773 1
121 8 139 13 2462 1
122 8 147 13 2304 1
123 15 147 13 2304 1
124 15 124 13 940 1
125 19 148 9 1931 1
126 37 148 9 1931 1
127 8 122 9 1006 1
128 15 122 9 1006 1
129 22 122 9 1006 1
130 9 140 6 1008 1
131 4 142 12 1188 1
132 12 135 12 835 1
133 18 109 5 543 1
134 9 133 10 1456 1
135 8 149 14 3019 1
136 8 122 6 997 1
137 9 144 13 1918 1
138 17 144 13 1918 1
139 8 135 13 1704 1
140 15 135 13 1704 1
141 22 135 13 1704 1
142 29 135 13 1704 1
143 36 135 13 1704 1
144 8 108 10 1182 1
145 15 108 10 1182 1
146 22 108 10 1182 1
147 18 109 11 1018 1
148 35 109 11 1018 1
149 14 125 13 1062 1
150 9 138 11 1326 1
151 22 133 13 919 1
152 43 133 13 919 1
153 14 139 10 719 1
154 27 139 10 719 1
155 40 139 10 719 1
156 15 113 10 954 1
157 29 113 10 954 1
158 43 113 10 954 1
159 57 113 10 954 1
160 9 142 15 1397 1
161 17 142 15 1397 1
162 7 124 9 1555 1
163 13 124 9 1555 1
164 19 124 9 1555 1
165 24 141 17 2861 1
166 8 141 13 2631 1
167 15 141 13 2631 1
168 22 141 13 2631 1
169 7 142 12 1806 1
170 17 147 16 1980 1
171 8 142 14 1906 1
172 9 116 9 1467 1
173 9 149 16 2817 1
174 17 149 16 2817 1
175 9 139 8 1358 1
176 9 130 6 667 1
177 31 147 12 2088 1
178 10 148 10 1552 1
179 19 148 10 1552 1
180 28 148 10 1552 1
181 37 148 10 1552 1
182 5 122 6 492 1
183 21 122 12 917 1
184 41 122 12 917 1
185 9 122 15 2149 1
186 17 122 15 2149 1
187 25 122 15 2149 1
188 8 135 8 1618 1
189 15 135 8 1618 1
190 22 135 8 1618 1
191 21 122 13 2272 1
192 15 134 7 491 1
193 9 142 15 1962 1
194 17 142 15 1962 1
195 25 142 15 1962 1
196 33 142 15 1962 1
197 19 142 11 1178 1
198 8 147 13 2108 1
199 15 147 13 2108 1
200 22 147 13 2108 1
201 29 147 13 2108 1
202 5 136 13 1546 1
203 9 136 13 1546 1
204 13 136 13 1546 1
205 17 136 13 1546 1
206 21 136 13 1546 1
207 25 136 13 1546 1
208 29 136 13 1546 1
209 33 136 13 1546 1
210 19 109 10 622 1
211 37 109 10 622 1
212 11 148 13 1217 1
213 18 122 15 1663 1
214 9 122 16 1561 1
215 17 122 16 1561 1
216 8 139 12 1800 1
217 15 139 12 1800 1
218 22 139 12 1800 1
219 15 124 7 497 1
220 29 124 7 497 1
221 11 109 12 1770 1
222 8 102 10 1250 1
223 15 102 10 1250 1
224 22 102 10 1250 1
225 8 146 18 1896 1
226 8 148 16 2421 1
227 15 148 16 2421 1
228 10 148 10 895 1
229 8 139 14 1901 1
230 15 139 14 1901 1
231 13 133 17 1855 1
232 9 147 14 2588 1
233 17 147 14 2588 1
234 25 147 14 2588 1
235 33 147 14 2588 1
236 41 147 14 2588 1
237 9 121 7 781 1
238 17 121 7 781 1
239 9 125 7 603 1
240 17 125 7 603 1
241 25 125 7 603 1
242 8 130 12 1058 1
243 15 130 12 1058 1
244 22 130 12 1058 1
245 29 130 12 1058 1
246 7 130 10 1399 1
247 16 144 19 2740 1
248 31 144 19 2740 1
249 7 125 5 802 1
250 8 145 10 1466 1
251 16 135 9 1777 1
252 8 140 9 1655 1
253 16 137 11 1310 1
254 31 137 11 1310 1
255 46 137 11 1310 1
256 61 137 11 1310 1
257 12 148 11 1916 1
258 12 145 8 1028 1
259 9 124 10 1733 1
260 8 102 14 2095 1
261 15 124 10 1273 1
262 9 143 13 2642 1
263 17 143 13 2642 1
264 8 146 10 1884 1
265 15 146 10 1884 1
266 10 136 13 1243 1
267 9 102 12 1791 1
268 17 102 12 1791 1
269 25 102 12 1791 1
270 33 102 12 1791 1
271 9 115 10 1006 1
272 17 115 10 1006 1
273 25 115 10 1006 1
274 22 149 10 2115 1
275 43 149 10 2115 1
276 64 149 10 2115 1
277 85 149 10 2115 1
278 8 142 8 773 1
279 15 142 8 773 1
280 9 113 6 993 1
281 17 113 6 993 1
282 8 125 10 874 1
283 8 149 14 1555 1
284 8 145 13 1096 1
285 9 144 15 1496 1
286 17 144 15 1496 1
287 16 102 8 836 1
288 31 102 8 836 1
289 46 102 8 836 1
290 9 125 12 1010 1
291 17 125 12 1010 1
292 23 133 17 1262 1
293 45 133 17 1262 1
294 67 133 17 1262 1
295 7 140 20 1616 1
296 8 142 9 1186 1
297 9 134 17 1544 1
298 22 133 7 561 1
299 43 133 7 561 1
300 7 136 10 1372 1
301 8 138 13 2254 1
302 15 138 13 2254 1
303 22 138 13 2254 1
304 9 113 3 396 1
305 17 113 3 396 1
306 25 113 3 396 1
307 6 141 12 1117 1
308 11 141 12 1117 1
309 12 137 11 1460 1
310 9 149 11 1269 1
311 17 149 11 1269 1
312 12 148 20 3467 1
313 23 148 20 3467 1
314 22 136 9 964 1
315 43 136 9 964 1
316 64 136 9 964 1
317 9 113 9 1329 1
318 17 113 9 1329 1
319 25 113 9 1329 1
320 9 138 15 1519 1
321 9 136 10 840 1
322 17 136 10 840 1
323 15 136 9 1746 1
324 29 136 9 1746 1
325 8 146 16 1610 1
326 2 122 13 1165 1
327 8 149 16 3042 1
328 16 102 10 1065 1
329 31 102 10 1065 1
330 7 102 6 318 1
331 13 102 6 318 1
332 9 108 11 888 1
333 17 108 11 888 1
334 14 140 10 875 1
335 27 140 10 875 1
336 40 140 10 875 1
337 2 133 3 381 1
338 9 130 9 769 1
339 17 130 9 769 1
340 9 148 10 2068 1
341 17 148 10 2068 1
342 8 125 12 1091 1
343 15 125 12 1091 1
344 11 125 9 694 1
345 21 125 9 694 1
346 17 102 12 910 1
347 33 102 12 910 1
348 9 142 8 1514 1
349 13 115 13 1026 1
350 10 148 3 382 1
351 9 141 13 2733 1
352 17 141 13 2733 1
353 10 121 8 1202 1
354 8 147 10 1051 1
355 15 147 10 1051 1
356 22 147 10 1051 1
357 29 147 10 1051 1
358 36 147 10 1051 1
359 8 133 14 2628 1
360 15 133 14 2628 1
361 22 133 14 2628 1
362 16 137 12 2319 1
363 31 137 12 2319 1
364 46 137 12 2319 1
365 61 137 12 2319 1
366 8 136 7 567 1
367 9 147 11 1920 1
368 17 147 11 1920 1
369 25 147 11 1920 1
370 3 135 8 1423 1
371 9 144 11 2016 1
372 10 115 11 1456 1
373 19 115 11 1456 1
374 28 115 11 1456 1
375 37 115 11 1456 1
376 8 137 4 668 1
377 20 108 6 328 1
378 39 108 6 328 1
379 58 108 6 328 1
380 77 108 6 328 1
381 96 108 6 328 1
382 8 134 15 1642 1
383 17 102 7 932 1
384 8 121 11 1159 1
385 15 133 4 275 1
386 11 125 13 1964 1
387 21 125 13 1964 1
388 31 125 13 1964 1
389 41 125 13 1964 1
390 51 125 13 1964 1
391 61 125 13 1964 1
392 71 125 13 1964 1
393 20 144 14 2155 1
394 39 144 14 2155 1
395 10 144 11 1810 1
396 11 124 11 1089 1
397 9 137 11 1584 1
398 17 137 11 1584 1
399 9 115 8 831 1
400 9 149 15 2044 1
401 17 149 15 2044 1
402 25 149 15 2044 1
403 33 149 15 2044 1
404 10 139 15 1564 1
405 19 139 15 1564 1
406 28 139 15 1564 1
407 9 136 11 1138 1
408 17 136 11 1138 1
409 25 136 11 1138 1
410 33 136 11 1138 1
411 41 136 11 1138 1
412 8 149 17 3775 1
413 15 149 17 3775 1
414 22 149 17 3775 1
415 29 149 17 3775 1
416 36 149 17 3775 1
417 43 149 17 3775 1
418 9 121 7 712 1
419 17 121 7 712 1
420 8 143 15 1682 1
421 15 143 15 1682 1
422 11 134 14 964 1
423 21 134 14 964 1
424 31 134 14 964 1
425 20 130 10 1376 1
426 39 130 10 1376 1
427 8 148 6 987 1
428 15 148 6 987 1
429 22 148 6 987 1
430 9 135 9 1174 1
431 17 135 9 1174 1
432 23 175 7 656 1
433 20 178 8 849 1
434 39 178 8 849 1
435 58 178 8 849 1
436 23 174 12 2154 1
437 9 151 10 2197 1
438 15 181 19 3273 1
439 9 183 3 545 1
440 7 159 9 733 1
441 8 168 10 1392 1
442 23 174 15 3058 1
443 9 168 8 996 1
444 8 180 10 1380 1
445 12 154 14 3077 1
446 23 154 14 3077 1
447 27 182 7 1501 1
448 8 178 6 1529 1
449 15 178 6 1529 1
450 15 182 10 1534 1
451 29 182 10 1534 1
452 8 168 11 2545 1
453 23 180 19 3344 1
454 173 178 16 3178 1
455 23 154 7 1608 1
456 45 154 7 1608 1
457 31 170 9 2207 1
458 21 154 11 2214 1
459 9 181 11 1255 1
460 23 151 12 1485 1
461 20 183 14 1376 1
462 13 169 13 1761 1
463 15 182 13 3105 1
464 21 183 14 2714 1
465 24 167 16 1381 1
466 10 169 17 2840 1
467 8 183 20 1840 1
468 43 173 6 902 1
469 25 150 13 1829 1
470 49 150 13 1829 1
471 73 150 13 1829 1
472 97 150 13 1829 1
473 121 150 13 1829 1
474 8 154 8 1024 1
475 34 178 8 1587 1
476 23 154 11 1230 1
477 11 178 15 1450 1
478 25 182 10 1585 1
479 19 183 17 1652 1
480 20 173 13 3213 1
481 10 151 9 695 1
482 33 159 10 1162 1
483 9 183 12 2453 1
484 9 176 14 3634 1
485 22 158 9 1276 1
486 43 158 9 1276 1
487 9 151 17 3496 1
488 17 151 17 3496 1
489 20 173 12 2692 1
490 7 180 22 3858 1
491 8 158 9 719 1
492 23 162 13 2742 1
493 15 179 19 3851 1
494 9 152 20 2809 1
495 17 152 20 2809 1
496 27 176 13 3097 1
497 18 169 13 1969 1
498 16 162 12 1051 1
499 15 180 11 1885 1
500 22 176 14 3292 1
501 43 176 14 3292 1
502 17 168 21 2672 1
503 33 168 21 2672 1
504 8 170 23 2515 1
505 9 176 3 552 1
506 22 159 14 1920 1
507 28 171 10 1557 1
508 15 162 5 685 1
509 8 182 4 825 1
510 17 167 7 1524 1
511 17 159 15 1711 1
512 17 179 14 3470 1
513 23 163 14 3110 1
514 45 163 14 3110 1
515 11 168 7 675 1
516 21 168 7 675 1
517 23 179 20 3503 1
518 22 181 15 2618 1
519 22 178 9 819 1
520 43 178 9 819 1
521 8 182 13 2979 1
522 22 154 15 3374 1
523 43 154 15 3374 1
524 30 160 21 1723 1
525 22 169 12 2459 1
526 22 159 2 282 1
527 26 159 14 2263 1
528 9 162 6 1453 1
529 21 152 8 1463 1
530 41 152 8 1463 1
531 16 180 12 2828 1
532 22 173 14 2819 1
533 8 158 10 1948 1
534 15 158 10 1948 1
535 15 181 12 1564 1
536 25 163 17 3816 1
537 49 163 17 3816 1
538 17 159 8 640 1
539 33 159 8 640 1
540 49 159 8 640 1
541 9 170 17 1460 1
542 17 170 17 1460 1
543 25 170 17 1460 1
544 16 180 8 1486 1
545 31 180 8 1486 1
546 20 152 9 1089 1
547 11 152 18 1999 1
548 23 183 15 1672 1
549 45 183 15 1672 1
550 67 183 15 1672 1
551 27 170 11 1779 1
552 53 170 11 1779 1
553 16 160 4 694 1
554 9 176 10 1167 1
555 12 163 9 1954 1
556 26 173 9 1611 1
557 9 173 16 2361 1
558 8 175 16 2984 1
559 15 175 16 2984 1
560 7 162 15 2526 1
561 23 154 14 1286 1
562 32 169 6 1460 1
563 21 164 8 1675 1
564 41 164 8 1675 1
565 8 158 11 1459 1
566 8 159 7 1397 1
567 15 159 7 1397 1
568 19 162 12 1763 1
569 8 151 12 2270 1
570 36 168 8 1230 1
571 25 175 12 1161 1
572 9 177 8 2042 1
573 30 173 19 4129 1
574 21 179 13 3186 1
575 10 178 15 3464 1
576 23 176 14 2731 1
577 45 176 14 2731 1
578 43 179 12 2523 1
579 9 182 14 2869 1
580 125 176 11 1887 1
581 23 179 6 789 1
582 24 151 9 1094 1
583 47 151 9 1094 1
584 70 151 9 1094 1
585 23 160 10 1793 1
586 45 160 10 1793 1
587 22 171 13 2186 1
588 1 176 8 1221 1
589 16 160 14 3045 1
590 31 160 14 3045 1
591 23 170 10 1445 1
592 17 151 10 883 1
593 23 172 10 1957 1
594 8 171 10 1860 1
595 24 173 9 1185 1
596 8 173 19 4020 1
597 9 159 14 2229 1
598 17 159 14 2229 1
599 22 182 14 1776 1
600 23 169 15 3143 1
601 12 168 14 3015 1
602 8 168 2 251 1
603 22 162 8 1336 1
604 8 168 26 3037 1
605 15 168 26 3037 1
606 10 176 14 2266 1
607 11 155 10 1484 1
608 21 155 10 1484 1
609 31 155 10 1484 1
610 22 154 7 1432 1
611 18 177 12 1247 1
612 24 181 13 2653 1
613 47 181 13 2653 1
614 28 161 7 1225 1
615 22 177 13 3419 1
616 14 160 14 3179 1
617 27 160 14 3179 1
618 40 160 14 3179 1
619 9 183 25 6563 1
620 15 180 9 2322 1
621 10 163 8 1109 1
622 2 182 18 4195 1
623 31 154 13 2440 1
624 10 172 13 3251 1
625 8 162 10 1958 1
626 23 160 19 2787 1
627 8 155 7 778 1
628 25 183 14 3181 1
629 49 183 14 3181 1
630 77 171 12 1274 1
631 25 178 16 2055 1
632 10 179 22 3088 1
633 24 182 23 2653 1
634 60 193 9 2291 1
635 10 228 2 350 1
636 23 200 10 1209 1
637 65 186 10 1133 1
638 39 232 13 3283 1
639 16 195 11 1403 1
640 29 218 14 2838 1
641 34 210 11 1649 1
642 40 186 8 1773 1
643 39 199 10 2946 1
644 36 218 17 2575 1
645 29 199 14 2014 1
646 22 185 6 955 1
647 18 209 14 1830 1
648 35 211 7 2005 1
649 69 211 7 2005 1
650 4 228 24 5258 1
651 35 227 12 2276 1
652 15 216 16 2897 1
653 25 209 11 2086 1
654 49 209 11 2086 1
655 16 228 8 1956 1
656 22 199 17 4870 1
657 24 213 13 3085 1
658 24 195 13 1695 1
659 30 196 12 2129 1
660 40 185 10 1201 1
661 19 210 15 2093 1
662 30 199 8 1849 1
663 37 184 4 526 1
664 51 195 5 531 1
665 30 184 8 2197 1
666 48 232 18 2891 1
667 30 186 11 2067 1
668 25 211 18 3500 1
669 32 198 9 1514 1
670 35 213 8 1258 1
671 31 227 11 2999 1
672 22 198 14 3645 1
673 23 209 5 1514 1
674 17 221 18 5557 1
675 14 184 7 1626 1
676 31 216 8 1688 1
677 30 220 2 647 1
678 10 188 5 782 1
679 34 188 8 2126 1
680 16 208 7 1262 1
681 29 222 7 859 1
682 24 189 10 2216 1
683 47 189 10 2216 1
684 70 189 10 2216 1
685 23 211 13 3466 1
686 18 232 7 961 1
687 30 227 8 2386 1
688 34 213 15 2810 1
689 28 195 8 1852 1
690 34 184 10 1774 1
691 38 228 16 2693 1
692 75 228 16 2693 1
693 31 210 8 914 1
694 14 200 10 1966 1
695 13 186 14 3585 1
696 73 231 22 4080 1
697 15 218 12 2651 1
698 37 199 19 3734 1
699 73 199 19 3734 1
700 109 199 19 3734 1
701 73 209 10 1157 1
702 31 184 15 2010 1
703 61 184 15 2010 1
704 77 210 5 561 1
705 54 210 2 601 1
706 30 223 15 4428 1
707 5 218 16 1802 1
708 17 213 7 2222 1
709 22 186 10 2438 1
710 43 186 10 2438 1
711 21 222 15 2170 1
712 41 222 15 2170 1
713 61 222 15 2170 1
714 81 222 15 2170 1
715 11 216 15 3385 1
716 10 185 13 2899 1
717 31 195 12 3504 1
718 23 211 15 2059 1
719 28 208 2 327 1
720 22 227 19 6046 1
721 29 213 17 3034 1
722 8 197 26 4003 1
723 33 200 12 1893 1
724 27 217 2 568 1
725 21 199 18 4579 1
726 6 185 16 1795 1
727 16 227 14 2772 1
728 16 192 12 2939 1
729 29 229 11 2161 1
730 21 199 14 3796 1
731 28 192 10 1279 1
732 24 195 12 1767 1
733 18 228 13 2855 1
734 23 212 2 424 1
735 22 212 13 3039 1
736 70 186 5 1046 1
737 30 231 13 3435 1
738 30 198 10 1460 1
739 36 200 9 2467 1
740 30 195 8 899 1
741 59 195 8 899 1
742 40 194 22 2288 1
743 23 217 19 4526 1
744 24 209 10 2584 1
745 24 198 13 1404 1
746 47 198 13 1404 1
747 17 216 11 1992 1
748 22 223 12 1448 1
749 43 223 12 1448 1
750 64 223 12 1448 1
751 50 185 7 1798 1
752 10 202 15 3093 1
753 35 195 14 2465 1
754 7 227 13 4378 1
755 6 194 11 2272 1
756 9 221 18 2580 1
757 17 221 18 2580 1
758 14 209 12 3492 1
759 35 202 11 2890 1
760 59 191 13 2481 1
761 27 198 14 3447 1
762 11 199 11 3136 1
763 24 189 13 2066 1
764 30 197 4 638 1
765 23 191 12 3001 1
766 24 216 8 2420 1
767 60 213 22 3890 1
768 23 222 17 4158 1
769 10 211 14 2634 1
770 19 211 14 2634 1
771 27 191 21 5515 1
772 16 191 15 1957 1
773 41 200 7 1616 1
774 22 194 13 1554 1
775 58 260 12 4551 1
776 115 260 12 4551 1
777 172 260 12 4551 1
778 25 287 38 6350 1
779 43 280 23 8726 1
780 36 294 15 5415 1
781 36 262 14 5317 1
782 42 261 18 6512 1
783 44 260 17 5156 1
784 76 283 10 4013 1
785 44 270 12 3707 1
786 37 280 41 9796 1
787 43 240 19 2377 1
788 85 240 19 2377 1
789 55 296 18 7950 1
790 43 280 29 11707 1
791 43 292 24 9218 1
792 43 260 24 3364 1
793 41 276 19 6557 1
794 40 280 30 10177 1
795 44 266 13 3498 1
796 87 266 13 3498 1
797 130 266 13 3498 1
798 173 266 13 3498 1
799 216 266 13 3498 1
800 259 266 13 3498 1
801 302 266 13 3498 1
802 44 287 11 2365 1
803 36 256 22 5842 1
804 44 256 15 5672 1
805 44 276 21 8308 1
806 87 276 21 8308 1
807 130 276 21 8308 1
808 173 276 21 8308 1
809 216 276 21 8308 1
810 259 276 21 8308 1
811 43 292 15 5191 1
812 85 292 15 5191 1
813 37 283 17 6336 1
814 43 280 18 5347 1
815 85 280 18 5347 1
816 19 241 22 5554 1
817 51 247 13 2882 1
818 36 285 14 4479 1
819 25 267 7 1415 1
820 49 267 7 1415 1
821 37 255 22 4154 1
822 36 277 15 4236 1
823 43 283 17 5630 1
824 85 283 17 5630 1
825 127 283 17 5630 1
826 36 269 21 3176 1
827 34 269 12 3804 1
828 67 269 12 3804 1
829 100 269 12 3804 1
830 1 287 16 2390 1
831 92 270 16 2935 1
832 51 270 13 1803 1
833 101 270 13 1803 1
834 43 295 19 4499 1
835 52 250 7 2618 1
836 103 250 7 2618 1
837 154 250 7 2618 1
838 46 295 40 14895 1
839 45 279 32 11083 1
840 89 279 32 11083 1
841 133 279 32 11083 1
842 13 280 13 5148 1
843 17 262 18 4505 1
844 33 262 18 4505 1
845 43 240 10 1993 1
846 42 250 10 3040 1
847 44 296 12 3859 1
848 36 264 15 2875 1
849 71 264 15 2875 1
850 36 267 17 2499 1
851 46 239 5 1556 1
852 91 239 5 1556 1
853 37 296 15 3708 1
854 44 290 13 2152 1
855 87 290 13 2152 1
856 130 290 13 2152 1
857 173 290 13 2152 1
858 216 290 13 2152 1
859 69 276 13 1962 1
860 61 296 39 14656 1
861 34 290 14 3300 1
862 38 241 12 4022 1
863 15 295 24 6598 1
864 70 267 22 7529 1
865 139 267 22 7529 1
866 208 267 22 7529 1
867 90 276 20 6081 1
868 44 290 12 3155 1
869 87 290 12 3155 1
870 43 271 27 5328 1
871 32 255 7 1182 1
872 38 255 10 2306 1
873 75 255 10 2306 1
874 37 295 25 7277 1
875 73 295 25 7277 1
876 50 279 22 7849 1
877 43 261 17 2719 1
878 85 261 17 2719 1
879 68 294 15 4149 1
880 50 282 16 5289 1
881 99 282 16 5289 1
882 43 250 11 1524 1
883 42 277 20 4989 1
884 83 277 20 4989 1
885 41 294 13 5198 1
886 43 255 18 6221 1
887 50 296 14 2956 1
888 42 275 12 1891 1
889 83 275 12 1891 1
890 43 260 13 2520 1
891 85 260 13 2520 1
892 43 277 15 4847 1
893 85 277 15 4847 1
894 50 270 19 7187 1
895 50 285 14 5197 1
896 99 285 14 5197 1
897 44 270 8 3124 1
898 12 267 6 1855 1
899 66 275 27 7704 1
900 44 266 18 4806 1
901 87 266 18 4806 1
902 43 287 12 2113 1
903 85 287 12 2113 1
904 127 287 12 2113 1
905 44 292 18 6642 1
906 87 292 18 6642 1
907 130 292 18 6642 1
908 173 292 18 6642 1
909 36 255 13 3932 1
910 51 241 23 4645 1
911 50 283 9 3267 1
912 41 283 31 10895 1
913 43 283 9 1564 1
914 85 282 30 4951 1
915 49 261 32 4325 1
916 97 261 32 4325 1
917 145 261 32 4325 1
918 46 262 36 7274 1
919 43 261 22 6045 1
920 85 261 22 6045 1
921 44 255 19 3619 1
922 44 276 29 5753 1
923 87 276 29 5753 1
924 44 259 24 6728 1
925 87 259 24 6728 1
926 130 259 24 6728 1
927 43 255 9 2481 1
928 46 256 8 1854 1
929 91 256 8 1854 1
930 136 256 8 1854 1
931 46 290 16 4398 1
932 91 290 16 4398 1
933 136 290 16 4398 1
934 181 290 16 4398 1
935 44 300 18 4748 1
936 46 334 12 5382 1
937 44 321 21 4819 1
938 40 321 21 3615 1
939 41 347 11 2042 1
940 81 347 11 2042 1
941 43 336 10 2937 1
942 85 336 10 2937 1
943 49 306 24 10585 1
944 44 325 29 6122 1
945 57 301 30 9213 1
946 42 335 18 3556 1
947 51 347 40 20167 1
948 46 318 21 5984 1
949 64 300 21 8309 1
950 17 329 38 17686 1
951 33 329 38 17686 1
952 51 325 21 7289 1
953 29 323 52 20657 1
954 50 321 12 4239 1
955 99 321 12 4239 1
956 46 329 31 15019 1
957 96 325 24 10829 1
958 37 319 16 6778 1
959 43 340 14 5842 1
960 43 337 30 8322 1
961 103 323 32 9515 1
962 43 306 37 13006 1
963 44 337 16 7606 1
964 43 321 23 4844 1
965 52 301 23 5497 1
966 44 321 13 3680 1
967 44 333 25 10511 1
968 55 318 18 6287 1
969 44 304 47 19189 1
970 87 304 47 19189 1
971 45 321 7 1133 1
972 89 321 7 1133 1
973 56 301 41 18412 1
974 38 329 16 7654 1
975 43 340 10 2268 1
976 21 319 27 9637 1
977 42 332 20 3915 1
978 57 316 30 6275 1
979 45 347 29 12505 1
980 89 347 29 12505 1
981 107 329 18 5435 1
982 46 329 11 4206 1
983 51 304 34 5764 1
984 78 325 23 4836 1
985 45 306 22 6277 1
986 58 323 18 3280 1
987 49 329 12 2958 1
988 52 316 16 4142 1
989 38 300 17 4770 1
990 48 302 35 5326 1
991 95 302 35 5326 1
992 116 332 35 17237 1
993 59 340 10 4292 1
994 47 324 19 4392 1
995 47 302 26 6656 1
996 44 323 29 7736 1
997 42 340 15 7644 1
998 104 324 17 8024 1
999 43 334 17 4164 1
1000 42 324 9 4247 1
1001 46 323 15 2458 1
1002 91 323 15 2458 1
1003 45 332 11 3164 1
1004 89 332 11 3164 1
1005 64 334 19 7877 1
1006 48 323 41 13479 1
1007 95 323 41 13479 1
1008 54 337 35 14980 1
1009 51 319 18 5636 1
1010 45 335 47 12620 1
1011 63 347 20 9650 1
1012 45 319 24 10366 1
1013 116 304 11 3170 1
1014 231 304 11 3170 1
1015 7 324 38 12936 1
1016 57 304 25 7547 1
1017 45 305 24 4406 1
1018 49 336 15 3353 1
1019 141 324 13 5705 1
1020 281 324 13 5705 1
1021 48 300 43 10683 1
1022 95 300 43 10683 1
1023 142 300 43 10683 1
1024 90 340 26 7390 1
1025 50 367 88 48113 1
1026 3 351 100 51823 1
1027 5 349 44 19397 1
1028 7 351 35 11649 1
1029 13 351 35 11649 1
1030 19 351 35 11649 1
1031 25 351 35 11649 1
1032 1 351 88 30002 1
1033 1 351 88 30002 1
1034 8 364 32 10694 1
1035 113 366 72 22826 1
1036 225 366 72 22826 1
1037 12 350 80 19343 1
26
500 500 500 500 500 500 500 500 500 500 500 500 500 500 500 500 500 500 500 500 500 500 500 500 500 500 