1037
1 2 100 1 121 1
2 3 85 1 79 1
3 2 75 2 92 1
4 4 100 10 765 1
5 7 100 10 765 1
6 10 100 10 765 1
7 4 75 1 55 1
8 7 75 1 55 1
9 10 75 1 55 1
10 13 75 1 55 1
11 15 85 6 761 1
12 29 85 6 761 1
13 43 85 6 761 1
14 20 85 1 47 1
15 2 100 2 243 1
16 3 100 2 243 1
17 4 100 2 243 1
18 5 100 2 243 1
19 5 85 2 125 1
20 9 85 2 125 1
21 13 85 2 125 1
22 36 100 2 278 1
23 71 100 2 278 1
24 106 100 2 278 1
25 141 100 2 278 1
26 176 100 2 278 1
27 9 100 4 339 1
28 17 100 4 339 1
29 22 75 1 55 1
30 20 85 2 90 1
31 39 85 2 90 1
32 58 85 2 90 1
33 77 85 2 90 1
34 23 100 2 270 1
35 24 99 4 430 1
36 6 85 1 82 1
37 8 99 2 109 1
38 20 85 6 400 1
39 14 75 1 80 1
40 27 75 1 80 1
41 40 75 1 80 1
42 13 75 1 101 1
43 3 85 9 855 1
44 5 85 9 855 1
45 3 99 10 1482 1
46 5 99 10 1482 1
47 7 99 10 1482 1
48 4 85 6 640 1
49 7 85 6 640 1
50 10 85 6 640 1
51 13 85 6 640 1
52 16 85 6 640 1
53 14 99 9 993 1
54 27 99 9 993 1
55 2 100 2 208 1
56 3 100 2 208 1
57 3 85 12 894 1
58 5 85 12 894 1
59 7 85 12 894 1
60 9 85 12 894 1
61 11 85 12 894 1
62 14 148 13 2571 1
63 27 148 13 2571 1
64 8 113 14 1157 1
65 15 113 14 1157 1
66 4 135 8 767 1
67 7 135 8 767 1
68 9 144 12 1520 1
69 16 137 12 972 1
70 31 137 12 972 1
71 9 135 11 1298 1
72 17 135 11 1298 1
73 25 135 11 1298 1
74 12 116 9 981 1
75 7 141 16 2975 1
76 13 141 16 2975 1
77 22 140 13 1910 1
78 43 140 13 1910 1
79 64 140 13 1910 1
80 15 149 14 2444 1
81 29 149 14 2444 1
82 7 109 10 673 1
83 13 143 12 1935 1
84 25 143 12 1935 1
85 37 143 12 1935 1
86 49 143 12 1935 1
87 9 146 4 594 1
88 17 146 4 594 1
89 8 133 16 3019 1
90 15 133 16 3019 1
91 8 145 13 1771 1
92 15 145 13 1771 1
93 22 145 13 1771 1
94 29 145 13 1771 1
95 36 145 13 1771 1
96 43 145 13 1771 1
97 10 134 12 2128 1
98 19 134 12 2128 1
99 28 134 12 2128 1
100 9 109 7 400 1
101 17 109 7 400 1
102 25 109 7 400 1
103 33 109 7 400 1
104 41 109 7 400 1
105 9 143 5 411 1
106 10 143 11 1919 1
107 19 143 11 1919 1
108 8 113 15 1863 1
109 15 113 15 1863 1
110 8 115 11 993 1
111 15 115 11 993 1
112 9 144 8 1355 1
113 8 145 4 455 1
114 15 145 4 455 1
115 22 145 4 455 1
116 9 137 11 1897 1
117 17 137 11 1897 1
118 16 139 11 1578 1
119 8 142 8 1227 1
120 15 142 8 1227 1
121 12 115 8 1338 1
122 23 115 8 1338 1
123 34 115 8 1338 1
124 19 136 11 1353 1
125 7 122 14 2348 1
126 13 122 14 2348 1
127 8 109 8 509 1
128 7 135 10 1254 1
129 13 135 10 1254 1
130 9 141 22 1798 1
131 17 141 22 1798 1
132 25 141 22 1798 1
133 9 135 15 2447 1
134 7 138 10 1008 1
135 13 138 10 1008 1
136 8 137 8 1329 1
137 15 137 8 1329 1
138 8 143 12 2075 1
139 9 146 8 804 1
140 17 146 8 804 1
141 25 146 8 804 1
142 10 142 6 491 1
143 9 130 10 1208 1
144 9 125 13 2341 1
145 17 125 13 2341 1
146 25 125 13 2341 1
147 33 125 13 2341 1
148 41 125 13 2341 1
149 9 125 11 1201 1
150 9 148 6 1246 1
151 8 142 12 1417 1
152 15 142 12 1417 1
153 17 141 20 4169 1
154 6 143 6 660 1
155 12 102 9 683 1
156 23 102 9 683 1
157 34 102 9 683 1
158 45 102 9 683 1
159 9 148 15 2195 1
160 14 134 11 1107 1
161 5 116 10 1251 1
162 9 138 10 1581 1
163 17 138 10 1581 1
164 14 121 12 1235 1
165 27 121 12 1235 1
166 40 121 12 1235 1
167 53 121 12 1235 1
168 66 121 12 1235 1
169 9 124 11 768 1
170 9 113 3 433 1
171 17 113 3 433 1
172 10 145 5 868 1
173 19 145 5 868 1
174 28 145 5 868 1
175 8 125 13 1618 1
176 15 125 13 1618 1
177 15 121 12 1988 1
178 29 121 12 1988 1
179 43 121 12 1988 1
180 57 121 12 1988 1
181 71 121 12 1988 1
182 85 121 12 1988 1
183 8 139 19 1370 1
184 9 134 12 886 1
185 3 121 5 761 1
186 5 121 5 761 1
187 7 121 5 761 1
188 9 121 5 761 1
189 11 121 5 761 1
190 36 148 10 1754 1
191 15 133 16 1552 1
192 29 133 16 1552 1
193 28 133 12 2341 1
194 9 135 11 1363 1
195 9 124 10 998 1
196 9 122 10 1682 1
197 20 147 6 496 1
198 39 147 6 496 1
199 58 147 6 496 1
200 11 141 1 165 1
201 9 135 10 1568 1
202 17 135 10 1568 1
203 9 144 12 981 1
204 17 144 12 981 1
205 15 115 11 755 1
206 9 139 7 708 1
207 17 139 7 708 1
208 9 134 9 830 1
209 17 134 9 830 1
210 25 134 9 830 1
211 33 134 9 830 1
212 17 149 18 1528 1
213 8 136 12 2222 1
214 15 136 12 2222 1
215 16 134 14 2318 1
216 31 134 14 2318 1
217 9 145 12 925 1
218 17 145 12 925 1
219 25 145 12 925 1
220 33 145 12 925 1
221 8 108 9 1439 1
222 13 102 10 938 1
223 8 137 14 2271 1
224 15 137 14 2271 1
225 22 137 14 2271 1
226 14 137 13 1447 1
227 27 137 13 1447 1
228 40 137 13 1447 1
229 53 137 13 1447 1
230 16 145 11 2200 1
231 31 145 11 2200 1
232 9 116 8 589 1
233 17 116 8 589 1
234 8 130 15 2223 1
235 9 130 27 1876 1
236 18 146 8 687 1
237 9 124 10 1522 1
238 17 124 10 1522 1
239 9 136 10 1383 1
240 22 121 8 1235 1
241 43 121 8 1235 1
242 64 121 8 1235 1
243 85 121 8 1235 1
244 8 148 15 3019 1
245 15 148 15 3019 1
246 13 148 9 1401 1
247 8 147 9 1039 1
248 8 149 8 1322 1
249 15 149 8 1322 1
250 22 149 8 1322 1
251 29 149 8 1322 1
252 8 139 11 1560 1
253 15 139 11 1560 1
254 22 139 11 1560 1
255 18 122 17 1683 1
256 35 122 17 1683 1
257 10 134 10 1942 1
258 19 134 10 1942 1
259 5 142 12 1781 1
260 9 142 6 509 1
261 7 135 7 1111 1
262 9 138 13 1471 1
263 12 141 14 1413 1
264 23 141 14 1413 1
265 34 141 14 1413 1
266 45 141 14 1413 1
267 56 141 14 1413 1
268 9 142 16 2330 1
269 17 142 16 2330 1
270 8 124 1 133 1
271 16 122 9 1194 1
272 31 122 9 1194 1
273 8 122 13 2253 1
274 11 133 12 1385 1
275 9 142 23 1637 1
276 17 142 23 1637 1
277 25 142 23 1637 1
278 3 146 10 1657 1
279 32 146 16 1755 1
280 13 138 6 892 1
281 25 138 6 892 1
282 139 139 14 2590 1
283 13 121 10 1042 1
284 8 145 13 1735 1
285 15 145 13 1735 1
286 16 130 14 2187 1
287 89 141 11 2230 1
288 8 146 14 1676 1
289 15 146 14 1676 1
290 9 134 16 1755 1
291 17 134 16 1755 1
292 25 134 16 1755 1
293 33 134 16 1755 1
294 41 134 16 1755 1
295 2 142 15 1812 1
296 9 145 9 1480 1
297 17 145 9 1480 1
298 9 121 5 426 1
299 8 137 8 1317 1
300 15 137 8 1317 1
301 22 137 8 1317 1
302 29 137 8 1317 1
303 14 139 9 1103 1
304 27 139 9 1103 1
305 40 139 9 1103 1
306 13 134 12 1149 1
307 25 134 12 1149 1
308 37 134 12 1149 1
309 49 134 12 1149 1
310 10 140 9 1252 1
311 16 125 10 1520 1
312 8 139 11 800 1
313 15 139 11 800 1
314 22 139 11 800 1
315 24 133 15 2250 1
316 8 138 15 2411 1
317 9 144 16 2822 1
318 17 144 16 2822 1
319 25 144 16 2822 1
320 16 109 10 1124 1
321 31 109 10 1124 1
322 46 109 10 1124 1
323 8 134 14 1270 1
324 15 134 14 1270 1
325 22 134 14 1270 1
326 29 134 14 1270 1
327 15 141 11 1350 1
328 29 141 11 1350 1
329 12 108 13 2095 1
330 10 108 14 1441 1
331 8 108 13 918 1
332 15 108 13 918 1
333 8 121 11 1119 1
334 15 121 11 1119 1
335 22 121 11 1119 1
336 29 121 11 1119 1
337 9 122 10 618 1
338 17 122 10 618 1
339 9 136 19 3748 1
340 8 121 12 755 1
341 15 121 12 755 1
342 22 121 12 755 1
343 8 116 8 864 1
344 15 116 8 864 1
345 22 116 8 864 1
346 9 142 11 2229 1
347 9 141 11 1988 1
348 9 135 10 1356 1
349 16 135 11 1330 1
350 13 121 12 1609 1
351 8 140 12 1636 1
352 8 137 15 2621 1
353 8 122 9 1467 1
354 15 122 9 1467 1
355 22 122 9 1467 1
356 14 135 12 1623 1
357 8 141 12 1589 1
358 15 141 12 1589 1
359 22 141 12 1589 1
360 29 141 12 1589 1
361 36 141 12 1589 1
362 43 141 12 1589 1
363 50 141 12 1589 1
364 57 141 12 1589 1
365 64 141 12 1589 1
366 71 141 12 1589 1
367 9 135 15 1926 1
368 17 135 15 1926 1
369 16 136 14 1371 1
370 15 134 20 1697 1
371 29 134 20 1697 1
372 10 136 11 1058 1
373 8 142 8 903 1
374 15 142 8 903 1
375 22 142 8 903 1
376 29 142 8 903 1
377 12 145 9 1653 1
378 8 147 13 1982 1
379 8 130 12 1949 1
380 15 130 12 1949 1
381 22 130 12 1949 1
382 9 140 9 962 1
383 17 140 9 962 1
384 25 140 9 962 1
385 33 140 9 962 1
386 14 143 9 1549 1
387 10 144 13 1533 1
388 9 124 15 1109 1
389 17 124 15 1109 1
390 8 142 10 1347 1
391 8 149 15 1336 1
392 10 122 12 798 1
393 19 122 12 798 1
394 9 121 6 782 1
395 7 124 13 2194 1
396 13 124 13 2194 1
397 9 102 11 902 1
398 17 102 11 902 1
399 15 133 7 1215 1
400 8 122 12 1357 1
401 10 135 15 1460 1
402 9 149 8 1434 1
403 17 149 8 1434 1
404 14 138 12 1882 1
405 8 148 22 2224 1
406 15 148 22 2224 1
407 22 148 22 2224 1
408 29 148 22 2224 1
409 8 144 9 1493 1
410 9 149 11 1980 1
411 17 149 11 1980 1
412 25 149 11 1980 1
413 33 149 11 1980 1
414 9 145 18 2749 1
415 17 145 18 2749 1
416 25 145 18 2749 1
417 33 145 18 2749 1
418 12 137 14 1089 1
419 9 122 15 2730 1
420 17 122 15 2730 1
421 25 122 15 2730 1
422 9 138 11 1302 1
423 17 138 11 1302 1
424 8 142 8 827 1
425 17 102 8 551 1
426 33 102 8 551 1
427 49 102 8 551 1
428 9 109 11 1461 1
429 17 109 11 1461 1
430 25 109 11 1461 1
431 8 148 10 1945 1
432 24 179 15 1507 1
433 15 176 19 1898 1
434 25 178 19 4888 1
435 21 163 8 856 1
436 22 151 15 1216 1
437 41 154 10 2155 1
438 29 177 11 2012 1
439 25 170 12 2486 1
440 9 159 10 1996 1
441 29 174 13 2950 1
442 23 173 14 2705 1
443 9 154 13 1425 1
444 9 152 10 1603 1
445 17 163 22 4846 1
446 23 177 9 1339 1
447 45 177 9 1339 1
448 12 160 11 1206 1
449 15 177 10 2037 1
450 8 162 11 2026 1
451 3 172 7 1768 1
452 18 167 13 1365 1
453 22 169 4 951 1
454 49 174 17 4343 1
455 200 162 12 2431 1
456 21 183 12 2245 1
457 15 161 1 151 1
458 10 177 3 439 1
459 22 168 3 367 1
460 9 182 21 3865 1
461 8 152 13 1890 1
462 15 152 13 1890 1
463 13 174 9 1829 1
464 8 169 9 2054 1
465 50 175 11 2397 1
466 22 161 16 2288 1
467 43 161 16 2288 1
468 27 159 8 652 1
469 18 162 15 1247 1
470 35 162 15 1247 1
471 8 163 17 3296 1
472 9 177 10 925 1
473 10 181 15 2445 1
474 14 179 11 1008 1
475 29 175 8 1732 1
476 23 159 6 1421 1
477 28 150 9 1588 1
478 22 163 12 2721 1
479 3 155 11 2532 1
480 25 154 2 356 1
481 49 154 2 356 1
482 15 179 21 4008 1
483 19 168 11 1313 1
484 37 168 11 1313 1
485 55 168 11 1313 1
486 15 169 6 763 1
487 22 168 13 3005 1
488 16 172 16 3816 1
489 21 164 11 1654 1
490 24 182 15 2019 1
491 9 175 8 1939 1
492 23 160 14 2927 1
493 8 178 17 2916 1
494 9 152 5 575 1
495 23 161 18 1560 1
496 7 154 15 2266 1
497 9 182 7 1283 1
498 30 171 12 1659 1
499 2 170 11 2188 1
500 28 167 14 2430 1
501 32 179 13 2006 1
502 17 158 17 2681 1
503 6 162 15 1539 1
504 20 173 4 690 1
505 2 173 13 3279 1
506 9 173 15 1317 1
507 17 173 15 1317 1
508 8 180 16 3507 1
509 26 168 13 2900 1
510 51 168 13 2900 1
511 9 179 20 4591 1
512 21 163 7 879 1
513 36 175 7 1547 1
514 41 176 11 1059 1
515 19 173 15 2043 1
516 26 160 13 2224 1
517 15 179 8 2058 1
518 23 176 9 1119 1
519 9 179 11 1170 1
520 9 154 10 1206 1
521 17 167 10 1185 1
522 23 152 8 836 1
523 45 152 8 836 1
524 9 151 7 1575 1
525 42 169 18 3982 1
526 44 170 15 1933 1
527 17 154 12 2297 1
528 29 179 16 3869 1
529 22 177 11 1293 1
530 10 154 11 2089 1
531 24 181 6 1561 1
532 22 155 8 1091 1
533 43 155 8 1091 1
534 16 155 8 897 1
535 24 152 8 930 1
536 31 152 6 1110 1
537 26 158 15 3465 1
538 28 160 11 999 1
539 24 174 1 233 1
540 15 169 28 6054 1
541 29 150 14 3145 1
542 7 164 9 2032 1
543 21 164 9 925 1
544 26 167 12 2070 1
545 23 177 21 2311 1
546 22 175 8 1805 1
547 23 181 5 693 1
548 45 181 5 693 1
549 67 181 5 693 1
550 26 172 16 3022 1
551 51 172 16 3022 1
552 44 152 18 3578 1
553 19 152 8 780 1
554 22 170 9 2157 1
555 8 163 9 1744 1
556 9 162 17 1951 1
557 21 165 9 1037 1
558 18 173 14 2564 1
559 44 178 15 1931 1
560 23 159 4 733 1
561 7 167 9 1863 1
562 13 167 9 1863 1
563 9 170 13 2471 1
564 22 173 4 538 1
565 8 155 8 1703 1
566 19 182 23 3579 1
567 37 182 23 3579 1
568 55 182 23 3579 1
569 73 182 23 3579 1
570 9 151 7 912 1
571 17 151 7 912 1
572 9 175 2 271 1
573 9 154 11 1851 1
574 9 165 8 1669 1
575 111 175 8 1555 1
576 13 172 14 1816 1
577 9 181 13 1972 1
578 30 161 11 1474 1
579 3 169 25 2587 1
580 22 165 22 2008 1
581 12 167 11 1398 1
582 9 174 11 2663 1
583 27 158 12 2248 1
584 8 178 10 1488 1
585 21 164 14 1935 1
586 50 179 15 2172 1
587 19 154 9 997 1
588 23 182 6 744 1
589 23 182 10 1331 1
590 9 183 13 3331 1
591 29 172 12 2216 1
592 9 163 18 3819 1
593 22 162 9 1260 1
594 9 163 19 4315 1
595 8 163 14 3114 1
596 22 159 11 1652 1
597 24 173 10 2526 1
598 47 173 10 2526 1
599 9 162 11 997 1
600 9 175 7 1646 1
601 9 175 16 1623 1
602 10 151 4 476 1
603 29 175 14 2451 1
604 20 176 12 1947 1
605 39 176 12 1947 1
606 10 169 9 1757 1
607 20 177 6 1046 1
608 29 182 7 662 1
609 8 154 7 1117 1
610 32 170 12 2938 1
611 63 170 12 2938 1
612 26 180 15 2818 1
613 51 180 15 2818 1
614 23 163 13 3135 1
615 15 167 14 1872 1
616 25 168 6 671 1
617 49 168 6 671 1
618 10 165 9 2071 1
619 25 180 9 1649 1
620 26 150 1 198 1
621 28 160 3 472 1
622 22 159 12 2366 1
623 24 171 16 2081 1
624 21 181 11 2468 1
625 24 171 7 984 1
626 44 159 15 1868 1
627 13 178 18 2217 1
628 21 176 8 1214 1
629 29 172 18 3827 1
630 8 179 11 2739 1
631 123 172 19 2189 1
632 8 169 6 791 1
633 16 168 11 1693 1
634 22 211 8 2086 1
635 43 211 8 2086 1
636 21 184 4 831 1
637 41 184 4 831 1
638 61 184 4 831 1
639 2 216 10 1115 1
640 9 184 7 1471 1
641 19 202 13 2314 1
642 23 228 6 1205 1
643 45 228 6 1205 1
644 67 228 6 1205 1
645 5 216 10 2983 1
646 9 216 10 2983 1
647 24 189 9 2505 1
648 9 210 14 2564 1
649 22 217 9 2032 1
650 23 185 10 1654 1
651 45 185 10 1654 1
652 24 210 9 2114 1
653 47 210 9 2114 1
654 33 191 13 3504 1
655 31 200 11 1237 1
656 26 220 11 3009 1
657 51 220 11 3009 1
658 38 208 10 1959 1
659 15 200 13 1347 1
660 12 211 8 1089 1
661 26 191 6 938 1
662 23 213 6 1346 1
663 29 223 22 5561 1
664 35 223 6 824 1
665 69 223 6 824 1
666 11 228 10 2217 1
667 15 200 10 2287 1
668 25 221 12 1897 1
669 123 202 24 5401 1
670 16 227 25 6926 1
671 23 202 10 2660 1
672 19 193 15 2066 1
673 15 223 17 4313 1
674 31 186 11 3054 1
675 23 200 7 1392 1
676 26 185 3 793 1
677 9 216 12 3705 1
678 26 220 14 2890 1
679 51 220 14 2890 1
680 23 198 18 4071 1
681 41 209 13 2609 1
682 19 217 18 5522 1
683 37 217 18 5522 1
684 38 192 9 2444 1
685 7 220 11 1768 1
686 25 202 8 2135 1
687 21 208 10 1239 1
688 27 222 12 2720 1
689 53 222 12 2720 1
690 15 193 10 1071 1
691 28 186 5 1082 1
692 15 198 13 2500 1
693 24 198 8 2146 1
694 29 199 10 2390 1
695 33 197 10 1006 1
696 65 197 10 1006 1
697 22 184 9 1733 1
698 7 191 13 2644 1
699 22 209 17 3395 1
700 43 209 17 3395 1
701 64 209 17 3395 1
702 85 209 17 3395 1
703 23 216 10 2372 1
704 16 208 16 4287 1
705 90 231 7 2012 1
706 43 196 10 2686 1
707 11 195 10 1005 1
708 16 184 10 2675 1
709 9 232 17 5706 1
710 16 221 11 3090 1
711 7 228 16 2083 1
712 41 221 11 2809 1
713 24 216 11 2936 1
714 30 208 10 1258 1
715 14 227 11 3739 1
716 10 193 13 3469 1
717 35 189 11 1915 1
718 29 202 6 698 1
719 23 232 14 4064 1
720 45 232 14 4064 1
721 67 232 14 4064 1
722 89 232 14 4064 1
723 13 213 8 1415 1
724 30 202 10 1271 1
725 26 188 10 2458 1
726 42 191 13 3316 1
727 22 184 9 2383 1
728 30 188 22 5683 1
729 7 228 13 3217 1
730 17 232 16 3088 1
731 33 232 16 3088 1
732 11 184 9 2023 1
733 9 228 16 5089 1
734 61 196 14 2508 1
735 28 222 11 3596 1
736 63 218 14 4218 1
737 63 229 14 4382 1
738 23 212 13 3341 1
739 35 228 17 5269 1
740 2 196 11 2141 1
741 9 191 8 1054 1
742 37 195 12 2363 1
743 73 195 12 2363 1
744 25 195 9 2567 1
745 36 218 13 1752 1
746 30 220 11 2751 1
747 103 220 18 3221 1
748 7 186 14 3368 1
749 33 184 13 2384 1
750 23 199 14 2394 1
751 45 199 14 2394 1
752 28 191 1 199 1
753 7 212 11 3469 1
754 30 210 17 3478 1
755 24 218 15 2283 1
756 74 202 16 2817 1
757 30 223 21 3967 1
758 25 228 22 5223 1
759 24 218 16 2264 1
760 19 197 9 1415 1
761 11 211 10 1453 1
762 24 218 11 1503 1
763 23 221 24 6374 1
764 45 221 24 6374 1
765 30 211 12 2852 1
766 39 232 14 3875 1
767 53 211 13 3641 1
768 40 229 20 6110 1
769 67 227 11 2625 1
770 5 193 22 2406 1
771 41 208 11 1388 1
772 30 229 2 374 1
773 27 216 13 3641 1
774 8 189 14 3324 1
775 73 247 12 4387 1
776 44 280 22 5236 1
777 42 290 8 1536 1
778 83 290 8 1536 1
779 17 290 16 4438 1
780 33 290 16 4438 1
781 35 250 15 5617 1
782 69 250 15 5617 1
783 103 250 15 5617 1
784 76 260 14 4865 1
785 6 268 40 6716 1
786 28 280 13 2966 1
787 55 280 13 2966 1
788 82 280 13 2966 1
789 43 271 20 6820 1
790 43 283 38 14702 1
791 85 283 38 14702 1
792 127 283 38 14702 1
793 66 255 22 5760 1
794 131 255 22 5760 1
795 196 255 22 5760 1
796 43 275 22 6878 1
797 67 269 21 2928 1
798 133 269 21 2928 1
799 42 278 8 3087 1
800 83 278 8 3087 1
801 43 260 7 942 1
802 43 270 8 1281 1
803 85 270 8 1281 1
804 50 282 10 3317 1
805 28 295 23 6977 1
806 42 270 21 6879 1
807 44 239 25 7174 1
808 18 279 6 1318 1
809 44 283 18 5476 1
810 44 296 14 4819 1
811 45 250 9 1579 1
812 36 281 17 4710 1
813 42 256 34 6969 1
814 83 256 34 6969 1
815 43 260 11 2474 1
816 44 276 8 2482 1
817 87 276 8 2482 1
818 42 264 14 3814 1
819 83 264 14 3814 1
820 124 264 14 3814 1
821 43 255 22 5353 1
822 85 255 22 5353 1
823 44 247 12 4009 1
824 37 269 12 3742 1
825 45 283 39 13498 1
826 89 283 39 13498 1
827 45 263 13 1812 1
828 89 263 13 1812 1
829 133 263 13 1812 1
830 177 263 13 1812 1
831 45 269 9 3018 1
832 42 294 35 14924 1
833 23 269 23 3859 1
834 45 269 23 3859 1
835 67 269 23 3859 1
836 37 247 6 1881 1
837 143 270 14 2590 1
838 44 278 6 2164 1
839 43 276 22 4279 1
840 85 276 22 4279 1
841 13 278 19 5338 1
842 43 247 11 2147 1
843 90 276 23 9077 1
844 179 276 23 9077 1
845 70 295 19 3599 1
846 80 266 14 4204 1
847 44 266 10 2620 1
848 43 264 21 5698 1
849 37 269 14 3799 1
850 46 262 23 6129 1
851 38 261 16 4142 1
852 36 250 20 4308 1
853 44 239 10 3056 1
854 51 265 9 3207 1
855 101 265 9 3207 1
856 151 265 9 3207 1
857 36 285 16 2666 1
858 37 280 10 1578 1
859 13 240 21 5851 1
860 25 240 21 5851 1
861 37 240 21 5851 1
862 4 270 19 2944 1
863 43 268 20 5142 1
864 85 268 20 5142 1
865 127 268 20 5142 1
866 42 265 7 2457 1
867 83 265 7 2457 1
868 124 265 7 2457 1
869 45 275 16 4341 1
870 89 275 16 4341 1
871 43 270 24 6633 1
872 85 270 24 6633 1
873 127 270 24 6633 1
874 169 270 24 6633 1
875 45 240 7 2314 1
876 12 281 24 5922 1
877 37 271 21 7138 1
878 9 294 6 2099 1
879 17 294 6 2099 1
880 44 270 13 2383 1
881 79 262 17 6544 1
882 34 296 19 7075 1
883 43 267 11 2894 1
884 43 283 31 6051 1
885 57 275 6 1689 1
886 44 263 10 1403 1
887 65 296 15 4069 1
888 129 296 15 4069 1
889 45 267 10 2123 1
890 50 240 19 4203 1
891 43 247 15 4720 1
892 85 247 15 4720 1
893 87 240 11 3156 1
894 114 290 9 3909 1
895 31 276 13 4911 1
896 43 279 15 4331 1
897 51 241 18 4295 1
898 73 261 15 4741 1
899 43 285 14 2568 1
900 85 285 14 2568 1
901 127 285 14 2568 1
902 42 263 23 6229 1
903 83 263 23 6229 1
904 44 255 12 4099 1
905 43 240 9 2192 1
906 42 285 18 3266 1
907 12 296 5 852 1
908 23 296 5 852 1
909 103 295 19 4900 1
910 36 280 13 3460 1
911 45 294 11 2934 1
912 89 294 11 2934 1
913 29 295 36 8760 1
914 50 280 19 3689 1
915 33 285 21 5902 1
916 83 292 11 2681 1
917 165 292 11 2681 1
918 45 262 21 4057 1
919 50 262 11 2862 1
920 44 240 15 5153 1
921 43 277 19 5218 1
922 79 271 12 3616 1
923 43 285 11 4439 1
924 101 280 16 3606 1
925 42 241 9 1893 1
926 43 247 9 2010 1
927 44 279 16 3185 1
928 87 279 16 3185 1
929 130 279 16 3185 1
930 50 283 17 2988 1
931 45 294 16 4686 1
932 35 275 13 5354 1
933 23 276 40 13913 1
934 51 247 14 3091 1
935 41 306 20 7457 1
936 37 306 16 5765 1
937 106 319 21 9815 1
938 109 301 25 11043 1
939 43 321 17 6556 1
940 85 321 17 6556 1
941 44 316 16 7538 1
942 42 302 25 10164 1
943 52 302 30 9016 1
944 103 302 30 9016 1
945 44 318 20 4270 1
946 43 347 18 8759 1
947 37 318 12 3956 1
948 59 337 28 8653 1
949 41 319 17 4817 1
950 81 319 17 4817 1
951 57 347 24 4201 1
952 10 319 17 3574 1
953 43 318 32 8017 1
954 51 306 27 6214 1
955 101 306 27 6214 1
956 41 304 22 5274 1
957 81 304 22 5274 1
958 58 304 19 3736 1
959 92 336 19 6451 1
960 43 301 7 2733 1
961 43 337 26 5640 1
962 63 337 25 6262 1
963 123 300 17 7581 1
964 43 323 7 3307 1
965 51 304 21 3441 1
966 101 304 21 3441 1
967 40 321 30 14259 1
968 42 323 20 6455 1
969 83 323 20 6455 1
970 124 323 20 6455 1
971 165 323 20 6455 1
972 206 323 20 6455 1
973 247 323 20 6455 1
974 64 301 10 4123 1
975 6 335 18 3437 1
976 42 318 27 10558 1
977 47 318 21 7988 1
978 57 329 63 12421 1
979 57 335 11 2743 1
980 46 332 36 10181 1
981 37 302 45 17379 1
982 106 302 9 1732 1
983 43 302 33 14569 1
984 41 323 39 8443 1
985 81 323 39 8443 1
986 34 306 15 4286 1
987 67 306 15 4286 1
988 46 319 11 2354 1
989 61 301 19 4854 1
990 121 301 19 4854 1
991 58 324 20 8721 1
992 45 340 20 6137 1
993 44 337 31 15376 1
994 45 336 54 21216 1
995 50 325 9 4012 1
996 57 324 20 6516 1
997 43 306 15 6711 1
998 43 305 5 1017 1
999 147 337 15 6018 1
1000 43 324 12 3592 1
1001 121 301 29 13067 1
1002 42 329 11 2921 1
1003 43 323 25 4072 1
1004 57 332 17 4904 1
1005 40 336 9 2268 1
1006 79 336 9 2268 1
1007 55 300 27 9464 1
1008 52 324 11 4485 1
1009 43 333 15 2892 1
1010 51 334 16 5948 1
1011 44 335 22 9153 1
1012 87 335 22 9153 1
1013 34 300 14 5575 1
1014 50 329 33 6418 1
1015 38 319 11 3812 1
1016 58 335 36 14404 1
1017 43 305 25 7658 1
1018 55 316 29 12584 1
1019 109 316 29 12584 1
1020 49 306 12 2669 1
1021 101 306 16 5708 1
1022 43 319 24 10318 1
1023 85 319 24 10318 1
1024 127 319 24 10318 1
1025 7 350 17 8380 1
1026 42 364 16 8698 1
1027 50 367 7 2730 1
1028 3 367 16 5491 1
1029 4 350 108 40663 1
1030 4 350 11 2595 1
1031 7 350 11 2595 1
1032 7 366 49 16977 1
1033 13 366 49 16977 1
1034 19 366 49 16977 1
1035 7 364 10 4421 1
1036 5 349 112 39213 1
1037 9 349 112 39213 1
26
500 500 500 500 500 500 500 500 500 500 500 500 500 500 500 500 500 500 500 500 500 500 500 500 500 500 