1037
1 3 75 1 71 1
2 5 75 1 71 1
3 7 75 1 71 1
4 9 75 1 71 1
5 11 75 1 71 1
6 13 75 1 71 1
7 42 99 3 272 1
8 4 99 2 290 1
9 2 75 1 102 1
10 2 75 4 161 1
11 7 75 2 81 1
12 13 75 2 81 1
13 23 99 5 557 1
14 3 99 7 983 1
15 3 85 4 303 1
16 5 85 4 303 1
17 7 85 4 303 1
18 26 75 3 252 1
19 51 75 3 252 1
20 4 85 4 330 1
21 7 85 4 330 1
22 10 85 4 330 1
23 13 85 4 330 1
24 16 85 4 330 1
25 4 75 2 153 1
26 7 75 2 153 1
27 10 75 2 153 1
28 13 75 2 153 1
29 16 75 2 153 1
30 19 75 2 153 1
31 22 75 2 153 1
32 25 75 2 153 1
33 3 75 3 272 1
34 5 75 3 272 1
35 7 75 3 272 1
36 3 99 3 324 1
37 3 75 1 95 1
38 1 75 1 67 1
39 4 85 3 196 1
40 7 85 3 196 1
41 10 85 3 196 1
42 13 85 3 196 1
43 16 85 3 196 1
44 19 85 3 196 1
45 22 85 3 196 1
46 3 85 2 238 1
47 5 85 2 238 1
48 3 75 7 267 1
49 5 75 7 267 1
50 7 75 7 267 1
51 11 85 2 148 1
52 36 100 6 581 1
53 3 99 1 129 1
54 3 99 4 421 1
55 5 99 4 421 1
56 7 99 4 421 1
57 24 75 2 189 1
58 13 99 8 597 1
59 4 99 4 265 1
60 20 99 2 146 1
61 5 75 6 663 1
62 148 134 8 995 1
63 12 142 14 1490 1
64 9 139 15 1421 1
65 17 139 15 1421 1
66 9 139 11 1604 1
67 9 148 11 1667 1
68 16 125 4 390 1
69 8 141 13 1826 1
70 9 124 11 1622 1
71 19 142 14 2480 1
72 11 147 14 1311 1
73 21 147 14 1311 1
74 31 147 14 1311 1
75 41 147 14 1311 1
76 51 147 14 1311 1
77 61 147 14 1311 1
78 9 139 13 1030 1
79 17 139 13 1030 1
80 8 109 7 701 1
81 8 138 7 1267 1
82 15 138 7 1267 1
83 22 138 7 1267 1
84 29 138 7 1267 1
85 7 121 12 1924 1
86 9 146 10 850 1
87 35 124 5 790 1
88 3 125 9 1358 1
89 5 125 9 1358 1
90 12 130 14 1288 1
91 23 130 14 1288 1
92 9 138 13 2679 1
93 17 138 13 2679 1
94 19 135 17 1393 1
95 16 113 10 1260 1
96 8 122 9 903 1
97 4 134 7 613 1
98 9 145 20 4031 1
99 9 141 8 758 1
100 17 141 8 758 1
101 9 125 9 728 1
102 63 134 21 1841 1
103 9 109 10 1177 1
104 17 147 15 2176 1
105 33 147 15 2176 1
106 18 135 13 1574 1
107 8 130 9 592 1
108 9 138 12 1548 1
109 8 141 10 714 1
110 8 125 9 831 1
111 11 113 6 985 1
112 38 141 15 3044 1
113 8 124 14 1422 1
114 15 124 14 1422 1
115 12 116 11 860 1
116 8 122 10 1263 1
117 15 122 10 1263 1
118 9 134 13 1854 1
119 9 142 23 3745 1
120 8 145 10 2108 1
121 12 133 13 2286 1
122 23 133 13 2286 1
123 34 133 13 2286 1
124 16 125 16 1092 1
125 9 125 13 1000 1
126 17 125 13 1000 1
127 15 125 23 3655 1
128 29 125 23 3655 1
129 8 130 13 2286 1
130 15 130 13 2286 1
131 22 130 13 2286 1
132 7 124 4 513 1
133 7 142 15 2622 1
134 13 142 15 2622 1
135 19 142 15 2622 1
136 10 138 13 1729 1
137 8 138 2 147 1
138 19 130 14 1047 1
139 8 140 8 1033 1
140 15 140 8 1033 1
141 22 140 8 1033 1
142 8 109 11 1359 1
143 15 109 11 1359 1
144 6 139 8 1509 1
145 12 145 15 1489 1
146 8 148 11 1167 1
147 12 124 8 873 1
148 9 102 12 712 1
149 17 102 12 712 1
150 8 145 7 513 1
151 15 145 7 513 1
152 10 130 9 1126 1
153 6 142 15 1837 1
154 11 142 15 1837 1
155 16 142 15 1837 1
156 9 124 4 641 1
157 17 124 4 641 1
158 25 124 4 641 1
159 14 139 13 1356 1
160 27 139 13 1356 1
161 40 139 13 1356 1
162 8 124 12 1398 1
163 8 121 13 2331 1
164 15 121 13 2331 1
165 8 130 12 2176 1
166 15 130 12 2176 1
167 23 142 11 841 1
168 45 142 11 841 1
169 11 143 9 1112 1
170 9 125 8 647 1
171 17 125 8 647 1
172 9 109 8 951 1
173 17 109 8 951 1
174 13 136 10 857 1
175 18 136 12 989 1
176 8 108 9 605 1
177 15 108 9 605 1
178 22 108 9 605 1
179 20 135 11 2137 1
180 9 141 15 1832 1
181 8 113 13 2115 1
182 15 141 12 1872 1
183 21 147 11 1850 1
184 41 147 11 1850 1
185 8 137 13 1274 1
186 13 136 15 1877 1
187 16 142 11 1484 1
188 11 148 13 2689 1
189 13 115 10 1692 1
190 25 115 10 1692 1
191 8 149 5 394 1
192 15 149 5 394 1
193 22 149 5 394 1
194 13 143 8 1712 1
195 25 143 8 1712 1
196 11 147 19 1912 1
197 21 147 19 1912 1
198 31 147 19 1912 1
199 9 136 17 1994 1
200 17 136 17 1994 1
201 9 135 12 2354 1
202 8 134 12 1371 1
203 13 115 6 927 1
204 10 149 18 1424 1
205 13 115 8 1059 1
206 25 115 8 1059 1
207 8 134 10 1831 1
208 15 134 10 1831 1
209 10 146 16 2369 1
210 8 135 15 1074 1
211 15 135 15 1074 1
212 22 135 15 1074 1
213 29 135 15 1074 1
214 36 135 15 1074 1
215 9 124 12 1369 1
216 17 124 12 1369 1
217 9 143 9 1145 1
218 17 143 9 1145 1
219 25 143 9 1145 1
220 33 143 9 1145 1
221 41 143 9 1145 1
222 49 143 9 1145 1
223 57 143 9 1145 1
224 20 108 10 1489 1
225 39 108 10 1489 1
226 6 146 11 1791 1
227 8 125 2 325 1
228 8 125 12 1903 1
229 15 125 12 1903 1
230 22 125 12 1903 1
231 10 134 13 1078 1
232 11 140 14 1866 1
233 8 137 13 1673 1
234 7 121 12 1551 1
235 8 145 16 2445 1
236 8 144 15 2383 1
237 8 108 9 693 1
238 15 108 9 693 1
239 9 108 12 1141 1
240 8 136 11 1933 1
241 15 148 12 1501 1
242 29 148 12 1501 1
243 43 148 12 1501 1
244 57 148 12 1501 1
245 19 133 14 1904 1
246 12 141 14 2499 1
247 23 141 14 2499 1
248 11 139 12 993 1
249 9 124 11 1137 1
250 9 149 15 2075 1
251 17 149 15 2075 1
252 9 142 12 1426 1
253 8 133 5 398 1
254 15 133 5 398 1
255 13 143 13 2341 1
256 25 143 13 2341 1
257 37 143 13 2341 1
258 10 115 11 1610 1
259 9 142 12 2374 1
260 17 142 12 2374 1
261 25 142 12 2374 1
262 33 142 12 2374 1
263 10 122 20 3059 1
264 12 116 9 1153 1
265 23 116 9 1153 1
266 34 116 9 1153 1
267 9 108 7 807 1
268 9 121 8 1200 1
269 15 134 11 2061 1
270 29 134 11 2061 1
271 8 148 15 1298 1
272 15 148 15 1298 1
273 22 148 15 1298 1
274 14 113 10 1615 1
275 7 140 18 1861 1
276 13 140 18 1861 1
277 16 141 8 1393 1
278 31 141 8 1393 1
279 46 141 8 1393 1
280 61 141 8 1393 1
281 76 141 8 1393 1
282 91 141 8 1393 1
283 106 141 8 1393 1
284 121 141 8 1393 1
285 136 141 8 1393 1
286 151 141 8 1393 1
287 10 121 10 730 1
288 15 145 7 773 1
289 10 130 14 2589 1
290 17 147 10 2097 1
291 22 138 14 1495 1
292 43 138 14 1495 1
293 9 116 13 1029 1
294 17 139 6 969 1
295 33 139 6 969 1
296 9 143 15 3046 1
297 10 148 11 1296 1
298 17 144 10 1775 1
299 33 144 10 1775 1
300 15 149 14 1767 1
301 29 149 14 1767 1
302 43 149 14 1767 1
303 9 121 15 2153 1
304 17 121 15 2153 1
305 25 121 15 2153 1
306 33 121 15 2153 1
307 41 121 15 2153 1
308 49 121 15 2153 1
309 57 121 15 2153 1
310 7 115 13 1786 1
311 7 139 14 1746 1
312 11 134 9 1776 1
313 21 134 9 1776 1
314 18 122 9 604 1
315 35 122 9 604 1
316 52 122 9 604 1
317 9 147 15 3005 1
318 9 130 6 1050 1
319 17 130 6 1050 1
320 12 136 16 2125 1
321 23 136 16 2125 1
322 9 149 9 1574 1
323 12 143 13 1528 1
324 23 143 13 1528 1
325 13 115 4 528 1
326 25 115 4 528 1
327 10 148 7 519 1
328 25 133 8 874 1
329 8 134 11 1983 1
330 9 142 1 194 1
331 17 142 1 194 1
332 8 121 11 1312 1
333 15 121 11 1312 1
334 8 134 13 2318 1
335 15 134 13 2318 1
336 22 134 13 2318 1
337 7 121 7 665 1
338 11 116 7 1150 1
339 7 113 4 576 1
340 13 113 4 576 1
341 19 113 4 576 1
342 8 146 14 2112 1
343 15 146 14 2112 1
344 9 142 11 2144 1
345 8 145 22 2737 1
346 15 145 22 2737 1
347 22 145 22 2737 1
348 5 136 13 2234 1
349 13 139 12 1775 1
350 17 148 17 3440 1
351 33 148 17 3440 1
352 49 148 17 3440 1
353 9 148 12 1232 1
354 15 115 8 1081 1
355 9 115 10 1692 1
356 18 144 11 1079 1
357 8 115 12 1353 1
358 8 144 16 1229 1
359 9 140 14 1829 1
360 8 141 10 750 1
361 14 102 11 1632 1
362 15 149 10 1294 1
363 29 149 10 1294 1
364 8 122 11 1488 1
365 15 122 11 1488 1
366 9 145 15 1905 1
367 17 145 15 1905 1
368 17 145 13 2548 1
369 10 146 15 1949 1
370 8 142 7 866 1
371 13 142 9 1402 1
372 8 149 14 2785 1
373 15 149 14 2785 1
374 9 144 15 2991 1
375 17 144 15 2991 1
376 25 144 15 2991 1
377 13 113 9 879 1
378 25 113 9 879 1
379 37 113 9 879 1
380 11 116 13 970 1
381 8 135 10 1194 1
382 9 115 10 1478 1
383 8 140 19 3057 1
384 15 140 19 3057 1
385 22 140 19 3057 1
386 9 141 18 3711 1
387 17 141 18 3711 1
388 25 141 18 3711 1
389 9 135 12 932 1
390 13 135 14 2705 1
391 12 133 15 2014 1
392 23 133 15 2014 1
393 34 133 15 2014 1
394 45 133 15 2014 1
395 56 133 15 2014 1
396 10 130 9 787 1
397 12 109 8 528 1
398 9 113 8 482 1
399 17 113 8 482 1
400 16 138 14 2772 1
401 31 138 14 2772 1
402 46 138 14 2772 1
403 9 115 13 1332 1
404 8 139 9 802 1
405 14 113 8 466 1
406 27 113 8 466 1
407 39 116 11 1680 1
408 9 109 7 438 1
409 9 135 18 2375 1
410 12 149 7 1054 1
411 23 149 7 1054 1
412 11 147 12 1921 1
413 21 147 12 1921 1
414 10 145 6 1137 1
415 19 145 6 1137 1
416 28 145 6 1137 1
417 37 145 6 1137 1
418 46 145 6 1137 1
419 55 145 6 1137 1
420 8 140 10 1695 1
421 15 140 10 1695 1
422 22 140 10 1695 1
423 29 140 10 1695 1
424 36 140 10 1695 1
425 43 140 10 1695 1
426 9 102 2 165 1
427 8 146 20 3069 1
428 15 146 20 3069 1
429 22 146 20 3069 1
430 8 142 10 725 1
431 9 115 14 2205 1
432 8 167 5 930 1
433 15 180 16 3189 1
434 23 168 17 2783 1
435 45 168 17 2783 1
436 32 162 12 2455 1
437 23 173 7 1016 1
438 9 167 18 3141 1
439 23 159 10 1136 1
440 45 159 10 1136 1
441 26 179 17 3292 1
442 8 180 11 2461 1
443 25 151 14 1534 1
444 8 181 11 2398 1
445 22 152 8 1629 1
446 17 154 13 2514 1
447 26 174 8 1013 1
448 2 159 9 890 1
449 10 183 13 3070 1
450 49 179 9 1625 1
451 31 159 18 1453 1
452 10 177 11 1589 1
453 23 151 11 1682 1
454 45 151 11 1682 1
455 40 155 16 1687 1
456 43 174 18 2000 1
457 32 161 9 1811 1
458 8 178 9 1182 1
459 14 179 28 4130 1
460 27 179 28 4130 1
461 16 174 13 2069 1
462 9 182 13 1361 1
463 25 181 14 3170 1
464 31 151 20 3383 1
465 8 173 10 1074 1
466 10 150 11 1786 1
467 42 182 14 2119 1
468 16 183 12 1309 1
469 9 163 12 2762 1
470 17 163 12 2762 1
471 25 163 12 2762 1
472 26 154 5 546 1
473 29 173 9 1098 1
474 50 164 17 2230 1
475 20 172 3 362 1
476 11 154 12 1305 1
477 21 158 8 1400 1
478 15 151 15 2118 1
479 14 171 17 4349 1
480 22 177 8 1157 1
481 23 169 12 3004 1
482 28 158 10 2321 1
483 25 155 19 3302 1
484 49 155 19 3302 1
485 43 165 5 1088 1
486 17 181 19 2468 1
487 9 180 18 3145 1
488 24 159 14 1806 1
489 14 179 15 1857 1
490 29 179 17 2046 1
491 15 167 12 1383 1
492 21 158 6 862 1
493 8 169 11 1530 1
494 1 159 2 189 1
495 8 171 5 1273 1
496 15 171 5 1273 1
497 25 158 21 1845 1
498 11 150 6 794 1
499 21 150 6 794 1
500 8 181 8 1447 1
501 48 175 9 1399 1
502 25 158 2 186 1
503 18 169 11 1767 1
504 23 176 8 2049 1
505 45 176 8 2049 1
506 29 158 12 2199 1
507 17 171 12 2133 1
508 21 162 13 2591 1
509 7 152 13 1930 1
510 23 179 20 4515 1
511 9 164 3 481 1
512 9 151 3 284 1
513 22 155 11 1777 1
514 43 155 11 1777 1
515 19 159 12 2854 1
516 12 171 12 2075 1
517 13 169 9 2145 1
518 25 180 9 1999 1
519 25 171 15 3764 1
520 49 171 15 3764 1
521 21 150 10 1127 1
522 8 178 12 1951 1
523 8 155 5 625 1
524 15 155 5 625 1
525 7 165 12 1418 1
526 18 163 2 382 1
527 36 155 9 1949 1
528 23 167 12 2147 1
529 32 175 16 2171 1
530 30 150 12 2526 1
531 8 174 16 3187 1
532 43 154 10 939 1
533 9 159 15 2480 1
534 23 173 10 1609 1
535 25 173 19 1809 1
536 23 176 15 2186 1
537 11 155 7 1570 1
538 31 180 7 1286 1
539 17 172 7 1632 1
540 33 172 7 1632 1
541 49 172 7 1632 1
542 24 177 7 1746 1
543 47 177 7 1746 1
544 70 177 7 1746 1
545 8 175 2 369 1
546 10 178 18 4536 1
547 9 161 10 1005 1
548 26 163 12 1625 1
549 22 160 10 1289 1
550 31 180 10 1847 1
551 61 180 10 1847 1
552 2 154 11 2179 1
553 16 162 10 1808 1
554 2 183 9 1487 1
555 19 175 11 1784 1
556 23 181 20 2048 1
557 30 173 12 2931 1
558 28 155 13 2820 1
559 23 173 13 3045 1
560 45 173 13 3045 1
561 26 155 5 960 1
562 17 171 10 1429 1
563 22 164 14 1992 1
564 9 155 9 1856 1
565 9 172 10 2231 1
566 14 151 10 965 1
567 35 177 35 4194 1
568 2 155 6 976 1
569 8 164 12 2351 1
570 28 158 12 989 1
571 15 162 13 1116 1
572 23 150 14 1470 1
573 14 183 12 2489 1
574 49 167 20 3803 1
575 30 180 13 2322 1
576 59 180 13 2322 1
577 88 180 13 2322 1
578 33 177 20 3018 1
579 44 182 7 772 1
580 87 182 7 772 1
581 22 169 15 1969 1
582 22 167 16 3171 1
583 24 155 9 855 1
584 9 177 6 1574 1
585 21 177 9 919 1
586 20 162 19 1806 1
587 25 169 15 3102 1
588 8 171 5 684 1
589 21 154 6 700 1
590 41 154 6 700 1
591 18 172 9 935 1
592 35 172 9 935 1
593 19 158 10 1843 1
594 20 163 12 2516 1
595 22 179 21 2021 1
596 23 163 8 708 1
597 8 155 12 1457 1
598 8 181 16 3415 1
599 10 171 21 2335 1
600 26 161 17 3939 1
601 51 161 17 3939 1
602 23 171 13 1898 1
603 30 173 12 1597 1
604 16 160 8 713 1
605 19 160 10 2171 1
606 9 163 15 3551 1
607 24 172 20 2747 1
608 24 171 11 1449 1
609 47 171 11 1449 1
610 8 161 14 2400 1
611 28 179 13 2877 1
612 8 182 14 2423 1
613 8 152 5 737 1
614 23 168 12 1697 1
615 29 151 16 1495 1
616 21 154 13 2482 1
617 23 179 13 2905 1
618 45 179 13 2905 1
619 44 178 7 1532 1
620 10 161 3 684 1
621 30 151 19 2692 1
622 27 150 14 2963 1
623 53 150 14 2963 1
624 7 172 10 1523 1
625 11 165 9 2083 1
626 10 178 7 1297 1
627 19 178 7 1297 1
628 11 164 11 1277 1
629 24 151 6 1065 1
630 44 164 12 2652 1
631 25 176 9 1282 1
632 49 176 9 1282 1
633 25 152 10 1517 1
634 40 200 6 1223 1
635 16 211 10 1255 1
636 23 218 14 4165 1
637 29 211 16 3196 1
638 14 191 17 2058 1
639 29 189 13 3594 1
640 38 191 8 1331 1
641 18 209 8 1726 1
642 39 202 10 2060 1
643 77 202 10 2060 1
644 39 222 8 2164 1
645 19 208 9 1186 1
646 23 193 2 379 1
647 45 193 2 379 1
648 16 212 15 3559 1
649 25 222 11 3660 1
650 17 232 12 1410 1
651 18 216 9 1898 1
652 9 216 13 3086 1
653 24 196 7 1819 1
654 5 208 2 466 1
655 24 195 6 950 1
656 17 198 8 1788 1
657 16 191 19 1911 1
658 8 199 10 1205 1
659 65 199 8 1586 1
660 25 188 3 495 1
661 49 188 3 495 1
662 24 189 9 1171 1
663 34 228 13 3633 1
664 53 185 5 1121 1
665 38 232 14 3079 1
666 1 208 14 4146 1
667 1 208 14 4146 1
668 14 186 7 1590 1
669 41 199 13 2710 1
670 81 199 13 2710 1
671 121 199 13 2710 1
672 27 231 16 3868 1
673 19 222 12 3820 1
674 30 227 16 5388 1
675 40 202 10 1091 1
676 23 231 10 1275 1
677 25 189 10 1393 1
678 25 211 10 1525 1
679 80 217 11 2109 1
680 26 191 13 1264 1
681 23 223 12 3869 1
682 30 197 6 1449 1
683 7 184 8 842 1
684 10 195 9 1182 1
685 25 221 8 1336 1
686 8 231 15 2606 1
687 22 223 15 4756 1
688 43 223 15 4756 1
689 8 209 11 2928 1
690 51 209 14 3907 1
691 25 195 13 2557 1
692 49 195 13 2557 1
693 20 218 15 2838 1
694 20 194 10 1687 1
695 10 188 12 3306 1
696 29 231 14 4744 1
697 23 209 18 3872 1
698 22 223 9 2701 1
699 43 223 9 2701 1
700 64 223 9 2701 1
701 85 223 9 2701 1
702 106 223 9 2701 1
703 29 211 5 768 1
704 57 211 5 768 1
705 21 216 5 1221 1
706 37 223 10 2788 1
707 77 212 15 2002 1
708 26 217 7 1043 1
709 51 217 7 1043 1
710 22 221 7 2297 1
711 59 191 16 3100 1
712 14 221 12 1678 1
713 21 193 11 1325 1
714 54 189 6 1383 1
715 107 189 6 1383 1
716 29 221 14 3740 1
717 20 210 7 1403 1
718 31 191 8 1213 1
719 41 232 12 1636 1
720 40 209 14 3486 1
721 19 213 12 2170 1
722 10 213 22 5398 1
723 19 213 22 5398 1
724 24 196 6 1139 1
725 47 196 6 1139 1
726 7 229 13 4375 1
727 13 229 13 4375 1
728 18 193 10 1526 1
729 22 213 7 1004 1
730 30 198 10 2339 1
731 59 198 10 2339 1
732 31 200 11 3265 1
733 15 193 9 1039 1
734 8 221 11 1307 1
735 25 198 12 1864 1
736 28 188 11 1832 1
737 29 209 10 1945 1
738 5 192 15 4187 1
739 30 191 2 324 1
740 36 193 10 1285 1
741 30 223 6 761 1
742 36 195 16 2210 1
743 22 213 8 1563 1
744 43 213 8 1563 1
745 31 213 9 2599 1
746 17 229 11 2926 1
747 18 189 12 3038 1
748 25 198 15 3806 1
749 32 185 8 774 1
750 12 185 13 3228 1
751 23 185 13 3228 1
752 21 221 3 510 1
753 17 229 14 4461 1
754 30 212 9 2006 1
755 9 217 9 2527 1
756 2 217 12 3200 1
757 11 209 10 1582 1
758 21 209 10 1582 1
759 41 192 7 1889 1
760 30 192 15 3611 1
761 33 192 11 1079 1
762 24 231 11 1801 1
763 22 210 19 2458 1
764 46 192 9 2436 1
765 39 195 11 1430 1
766 23 209 13 2999 1
767 45 209 13 2999 1
768 35 211 11 2005 1
769 29 221 13 1439 1
770 65 227 14 3686 1
771 25 231 16 1974 1
772 30 209 14 3732 1
773 21 222 10 1788 1
774 24 228 12 2422 1
775 43 287 15 4563 1
776 24 264 23 5540 1
777 44 261 17 2892 1
778 43 278 14 4650 1
779 85 278 14 4650 1
780 51 276 12 2307 1
781 44 262 13 4411 1
782 44 259 9 2974 1
783 42 240 20 4012 1
784 44 290 11 2533 1
785 15 281 13 2019 1
786 29 281 13 2019 1
787 46 270 10 3329 1
788 44 255 13 4908 1
789 36 279 18 5288 1
790 71 279 18 5288 1
791 1 264 16 4603 1
792 59 240 15 3183 1
793 55 278 19 7339 1
794 37 285 17 6661 1
795 20 264 18 2655 1
796 39 264 18 2655 1
797 147 276 14 3543 1
798 30 270 26 10411 1
799 43 247 12 3264 1
800 43 281 11 1652 1
801 45 296 11 2138 1
802 6 279 40 16583 1
803 44 282 11 4195 1
804 42 247 19 2437 1
805 50 264 11 3697 1
806 11 296 12 4672 1
807 21 296 12 4672 1
808 44 255 15 4494 1
809 87 255 15 4494 1
810 130 255 15 4494 1
811 49 259 23 5109 1
812 174 278 17 2866 1
813 36 292 21 4610 1
814 39 276 23 8617 1
815 35 240 8 1190 1
816 43 264 31 5859 1
817 85 264 31 5859 1
818 78 265 27 6429 1
819 155 265 27 6429 1
820 21 276 19 6739 1
821 41 276 19 6739 1
822 61 276 19 6739 1
823 44 247 7 2184 1
824 43 281 15 3784 1
825 85 281 15 3784 1
826 127 281 15 3784 1
827 44 283 11 3136 1
828 87 283 11 3136 1
829 37 278 13 4636 1
830 44 260 21 4389 1
831 87 260 21 4389 1
832 44 281 31 9000 1
833 87 281 31 9000 1
834 130 281 31 9000 1
835 73 259 18 2588 1
836 145 259 18 2588 1
837 217 259 18 2588 1
838 289 259 18 2588 1
839 361 259 18 2588 1
840 433 259 18 2588 1
841 505 259 18 2588 1
842 43 266 10 3135 1
843 85 266 10 3135 1
844 41 241 15 2036 1
845 81 241 15 2036 1
846 121 241 15 2036 1
847 41 278 25 9217 1
848 45 265 16 2933 1
849 89 265 16 2933 1
850 18 278 15 5048 1
851 35 278 15 5048 1
852 52 278 15 5048 1
853 44 267 9 1283 1
854 45 277 21 4818 1
855 89 277 21 4818 1
856 133 277 21 4818 1
857 56 260 12 2787 1
858 44 261 13 1985 1
859 87 261 13 1985 1
860 43 239 14 4433 1
861 85 239 14 4433 1
862 127 239 14 4433 1
863 31 277 21 3853 1
864 50 265 33 5903 1
865 36 280 14 3451 1
866 47 285 14 5908 1
867 58 263 11 3955 1
868 51 280 21 4197 1
869 39 266 26 9037 1
870 77 266 26 9037 1
871 43 278 13 5180 1
872 67 270 25 8000 1
873 133 270 25 8000 1
874 44 256 22 3510 1
875 87 256 22 3510 1
876 130 256 22 3510 1
877 43 247 8 1736 1
878 85 247 8 1736 1
879 127 247 8 1736 1
880 48 283 25 3908 1
881 95 283 25 3908 1
882 142 283 25 3908 1
883 37 295 14 3843 1
884 36 292 18 7294 1
885 43 283 13 4197 1
886 44 239 13 3704 1
887 87 239 13 3704 1
888 130 239 13 3704 1
889 173 239 13 3704 1
890 216 239 13 3704 1
891 259 239 13 3704 1
892 2 281 22 4149 1
893 44 277 16 2937 1
894 87 277 16 2937 1
895 46 247 13 2898 1
896 91 247 13 2898 1
897 136 247 13 2898 1
898 60 279 11 3253 1
899 119 279 11 3253 1
900 178 279 11 3253 1
901 43 240 10 3586 1
902 13 290 59 24866 1
903 18 265 23 4197 1
904 43 260 11 4169 1
905 44 260 12 4041 1
906 38 278 11 2508 1
907 34 276 19 7737 1
908 44 270 18 2871 1
909 87 270 18 2871 1
910 44 295 11 2190 1
911 87 295 11 2190 1
912 7 263 11 2805 1
913 44 285 16 6521 1
914 87 285 16 6521 1
915 130 285 16 6521 1
916 43 259 26 10018 1
917 42 268 6 2240 1
918 83 268 6 2240 1
919 43 265 13 4857 1
920 37 287 12 2637 1
921 73 287 12 2637 1
922 44 270 15 2447 1
923 87 270 15 2447 1
924 44 287 26 8968 1
925 51 261 21 7393 1
926 71 264 20 7613 1
927 141 264 20 7613 1
928 58 292 17 6508 1
929 72 270 9 3218 1
930 83 285 13 2553 1
931 43 259 11 3096 1
932 44 266 9 3133 1
933 3 259 38 10419 1
934 43 268 19 3252 1
935 43 321 34 7949 1
936 50 333 25 8262 1
937 49 333 14 5885 1
938 39 336 22 4663 1
939 57 323 19 7473 1
940 9 323 16 6719 1
941 3 323 24 7270 1
942 45 301 12 4654 1
943 44 316 17 6533 1
944 87 316 17 6533 1
945 46 318 13 3557 1
946 118 332 27 4766 1
947 115 305 21 8988 1
948 88 305 19 7321 1
949 114 300 13 5340 1
950 81 335 47 23308 1
951 43 347 17 4785 1
952 14 304 15 2576 1
953 27 304 15 2576 1
954 95 302 20 3586 1
955 41 334 12 5517 1
956 70 323 21 9287 1
957 16 332 22 6023 1
958 69 329 23 3824 1
959 50 337 30 10676 1
960 43 306 10 4236 1
961 44 340 25 10190 1
962 87 340 25 10190 1
963 23 329 44 18882 1
964 50 335 20 6103 1
965 99 335 20 6103 1
966 57 335 14 5140 1
967 90 324 6 1653 1
968 50 305 21 4326 1
969 43 305 23 7591 1
970 85 305 23 7591 1
971 45 333 22 8350 1
972 140 324 24 4976 1
973 13 323 19 5895 1
974 50 304 10 3120 1
975 104 323 47 17509 1
976 45 305 27 10395 1
977 50 347 12 4306 1
978 107 334 22 6920 1
979 1 318 26 5600 1
980 45 302 30 13036 1
981 37 302 28 7855 1
982 44 300 22 7365 1
983 37 337 38 8469 1
984 53 333 29 11590 1
985 63 347 13 2898 1
986 103 336 12 4579 1
987 41 316 27 7003 1
988 81 316 27 7003 1
989 44 301 11 4084 1
990 51 304 9 1824 1
991 7 332 16 5259 1
992 51 318 16 4232 1
993 44 347 22 9818 1
994 242 347 55 10784 1
995 110 304 17 4711 1
996 38 300 26 11468 1
997 50 323 17 5534 1
998 99 323 17 5534 1
999 86 323 14 6391 1
1000 57 336 24 4610 1
1001 51 325 13 5050 1
1002 11 347 16 4850 1
1003 65 304 15 2555 1
1004 51 333 28 13406 1
1005 133 316 11 2431 1
1006 113 337 60 27702 1
1007 115 306 18 8068 1
1008 229 306 18 8068 1
1009 22 321 16 4022 1
1010 57 321 14 4615 1
1011 50 316 16 5576 1
1012 84 305 27 6682 1
1013 45 332 36 8972 1
1014 89 332 36 8972 1
1015 43 306 13 3612 1
1016 85 306 13 3612 1
1017 43 329 26 9576 1
1018 42 325 21 5151 1
1019 83 325 21 5151 1
1020 124 325 21 5151 1
1021 106 337 9 2040 1
1022 120 319 19 3996 1
1023 70 329 20 9454 1
1024 44 305 13 5191 1
1025 55 351 101 35618 1
1026 47 364 79 38619 1
1027 47 350 39 13472 1
1028 53 367 21 9556 1
1029 14 367 18 6897 1
1030 112 366 34 12061 1
1031 52 350 8 1536 1
1032 113 351 60 16677 1
1033 113 351 7 2060 1
1034 13 366 71 30078 1
1035 37 350 19 6435 1
1036 9 366 13 3239 1
1037 13 351 159 28067 1
26
500 500 500 500 500 500 500 500 500 500 500 500 500 500 500 500 500 500 500 500 500 500 500 500 500 500 