1037
1 3 75 6 607 1
2 5 75 6 607 1
3 16 99 14 2038 1
4 4 85 3 273 1
5 7 85 3 273 1
6 10 85 3 273 1
7 13 85 3 273 1
8 10 99 2 262 1
9 3 99 12 1400 1
10 35 85 21 1680 1
11 69 85 21 1680 1
12 1 100 3 432 1
13 1 100 3 432 1
14 1 100 3 432 1
15 5 100 2 158 1
16 9 100 2 158 1
17 13 100 2 158 1
18 3 100 1 57 1
19 3 75 6 661 1
20 5 75 6 661 1
21 2 75 1 112 1
22 3 75 1 112 1
23 4 75 1 112 1
24 38 99 1 71 1
25 21 99 4 449 1
26 2 100 2 189 1
27 4 85 7 591 1
28 7 85 7 591 1
29 3 100 3 414 1
30 5 100 3 414 1
31 7 100 3 414 1
32 9 100 3 414 1
33 3 75 7 459 1
34 5 75 7 459 1
35 7 75 7 459 1
36 3 85 7 399 1
37 5 85 7 399 1
38 7 85 7 399 1
39 19 100 13 1427 1
40 6 100 5 477 1
41 3 99 11 1153 1
42 5 99 11 1153 1
43 7 99 11 1153 1
44 9 99 11 1153 1
45 4 100 4 350 1
46 3 85 4 258 1
47 4 85 2 117 1
48 34 75 1 107 1
49 4 85 4 448 1
50 2 100 6 312 1
51 4 85 4 280 1
52 7 85 4 280 1
53 23 100 2 209 1
54 45 100 2 209 1
55 12 100 3 381 1
56 27 99 2 249 1
57 2 85 2 126 1
58 3 85 2 126 1
59 3 75 6 344 1
60 44 100 2 245 1
61 87 100 2 245 1
62 8 116 9 934 1
63 18 122 15 2223 1
64 8 138 14 2845 1
65 8 136 7 1089 1
66 7 116 10 1432 1
67 13 116 10 1432 1
68 8 109 8 971 1
69 9 137 12 1478 1
70 8 102 11 881 1
71 15 102 11 881 1
72 22 102 11 881 1
73 8 124 11 1569 1
74 15 124 11 1569 1
75 16 134 18 2877 1
76 31 134 18 2877 1
77 46 134 18 2877 1
78 17 134 17 1297 1
79 33 134 17 1297 1
80 15 142 11 1534 1
81 29 142 11 1534 1
82 43 142 11 1534 1
83 57 142 11 1534 1
84 71 142 11 1534 1
85 8 136 11 1486 1
86 15 136 11 1486 1
87 8 130 13 2154 1
88 15 130 13 2154 1
89 22 130 13 2154 1
90 13 142 14 2036 1
91 10 146 15 1206 1
92 10 145 6 789 1
93 9 124 10 846 1
94 7 143 15 1672 1
95 11 122 13 1401 1
96 21 122 13 1401 1
97 31 122 13 1401 1
98 41 122 13 1401 1
99 17 125 13 1999 1
100 33 125 13 1999 1
101 12 143 14 1839 1
102 8 139 9 1656 1
103 15 139 9 1656 1
104 15 133 13 1375 1
105 29 133 13 1375 1
106 43 133 13 1375 1
107 14 137 9 1726 1
108 8 102 11 1633 1
109 15 102 11 1633 1
110 17 113 10 1181 1
111 8 137 12 1123 1
112 15 137 12 1123 1
113 22 137 12 1123 1
114 12 121 10 789 1
115 23 121 10 789 1
116 8 138 5 807 1
117 18 115 12 741 1
118 35 115 12 741 1
119 52 115 12 741 1
120 17 130 10 1523 1
121 8 142 4 455 1
122 12 139 11 2163 1
123 23 139 11 2163 1
124 17 143 15 3102 1
125 13 121 9 965 1
126 25 121 9 965 1
127 19 147 19 4108 1
128 20 148 16 2579 1
129 39 148 16 2579 1
130 9 139 9 1846 1
131 8 146 18 2471 1
132 15 146 18 2471 1
133 8 135 12 1565 1
134 12 139 14 2398 1
135 23 139 14 2398 1
136 8 140 13 2363 1
137 6 137 12 1539 1
138 11 137 12 1539 1
139 16 137 12 1539 1
140 21 137 12 1539 1
141 26 137 12 1539 1
142 31 137 12 1539 1
143 9 139 12 1617 1
144 90 109 11 1254 1
145 15 139 12 2147 1
146 29 139 12 2147 1
147 43 139 12 2147 1
148 57 139 12 2147 1
149 18 113 7 435 1
150 9 143 16 1862 1
151 18 115 15 2424 1
152 8 113 8 1324 1
153 14 146 12 2276 1
154 27 146 12 2276 1
155 13 133 11 943 1
156 8 144 12 2061 1
157 8 147 15 2481 1
158 6 134 11 2180 1
159 9 116 8 1366 1
160 2 147 10 1011 1
161 10 108 12 1392 1
162 8 133 12 1004 1
163 9 149 10 2086 1
164 17 149 10 2086 1
165 9 146 9 1028 1
166 9 135 9 871 1
167 17 135 9 871 1
168 25 135 9 871 1
169 33 135 9 871 1
170 12 145 15 2761 1
171 9 113 8 468 1
172 17 113 8 468 1
173 9 109 6 762 1
174 17 109 6 762 1
175 9 125 11 1826 1
176 10 130 12 1199 1
177 8 138 12 1003 1
178 15 138 12 1003 1
179 22 138 12 1003 1
180 9 142 12 1537 1
181 17 142 12 1537 1
182 25 142 12 1537 1
183 33 142 12 1537 1
184 9 138 16 2662 1
185 17 138 16 2662 1
186 25 138 16 2662 1
187 12 124 14 1206 1
188 23 124 14 1206 1
189 10 116 7 467 1
190 9 121 9 837 1
191 17 121 9 837 1
192 12 115 9 704 1
193 23 115 9 704 1
194 34 115 9 704 1
195 8 108 12 1635 1
196 15 108 12 1635 1
197 22 108 12 1635 1
198 29 108 12 1635 1
199 36 108 12 1635 1
200 9 146 6 1301 1
201 12 121 11 1197 1
202 10 149 12 2418 1
203 19 149 12 2418 1
204 28 149 12 2418 1
205 37 149 12 2418 1
206 46 149 12 2418 1
207 8 133 15 1791 1
208 15 133 15 1791 1
209 22 133 15 1791 1
210 9 145 13 2116 1
211 23 137 10 2018 1
212 45 137 10 2018 1
213 11 109 7 565 1
214 9 130 10 1006 1
215 17 130 10 1006 1
216 25 130 10 1006 1
217 33 130 10 1006 1
218 41 130 10 1006 1
219 49 130 10 1006 1
220 8 136 14 1872 1
221 8 130 8 1546 1
222 15 130 8 1546 1
223 8 121 11 1453 1
224 3 149 13 1212 1
225 15 133 13 1065 1
226 13 139 14 1127 1
227 25 139 14 1127 1
228 18 146 7 849 1
229 35 146 7 849 1
230 52 146 7 849 1
231 9 125 12 1307 1
232 10 143 17 1423 1
233 5 122 14 2441 1
234 9 122 14 2441 1
235 13 122 14 2441 1
236 8 134 9 836 1
237 15 134 9 836 1
238 22 134 9 836 1
239 8 149 23 1998 1
240 9 149 15 1792 1
241 17 149 6 694 1
242 8 139 15 1454 1
243 14 144 18 3193 1
244 12 116 11 787 1
245 9 121 11 1928 1
246 17 121 11 1928 1
247 25 121 11 1928 1
248 33 121 11 1928 1
249 41 121 11 1928 1
250 17 102 9 547 1
251 24 147 12 2058 1
252 47 147 12 2058 1
253 9 143 14 1152 1
254 17 143 14 1152 1
255 12 145 19 1603 1
256 23 145 19 1603 1
257 8 149 13 1583 1
258 15 149 13 1583 1
259 22 149 13 1583 1
260 10 133 12 985 1
261 14 139 9 810 1
262 22 138 8 711 1
263 43 138 8 711 1
264 64 138 8 711 1
265 12 135 19 2079 1
266 11 138 13 2341 1
267 21 138 13 2341 1
268 9 140 5 704 1
269 17 140 5 704 1
270 16 125 6 709 1
271 31 125 6 709 1
272 46 125 6 709 1
273 61 125 6 709 1
274 9 109 8 480 1
275 17 109 8 480 1
276 25 109 8 480 1
277 33 109 8 480 1
278 14 124 8 1013 1
279 7 115 11 761 1
280 13 115 11 761 1
281 19 115 11 761 1
282 25 115 11 761 1
283 9 144 13 2340 1
284 9 137 11 1362 1
285 9 115 12 1189 1
286 17 115 12 1189 1
287 25 115 12 1189 1
288 33 115 12 1189 1
289 41 115 12 1189 1
290 49 115 12 1189 1
291 57 115 12 1189 1
292 65 115 12 1189 1
293 73 115 12 1189 1
294 9 121 8 1072 1
295 17 121 8 1072 1
296 25 121 8 1072 1
297 33 121 8 1072 1
298 15 130 12 1054 1
299 11 115 10 1271 1
300 21 115 10 1271 1
301 20 140 13 2411 1
302 9 108 14 1931 1
303 9 139 7 1241 1
304 17 139 7 1241 1
305 25 139 7 1241 1
306 12 144 10 2013 1
307 28 121 8 892 1
308 16 144 12 1745 1
309 31 144 12 1745 1
310 46 144 12 1745 1
311 12 139 3 305 1
312 23 139 3 305 1
313 8 139 8 1506 1
314 8 147 11 2311 1
315 15 147 11 2311 1
316 26 142 12 1134 1
317 51 142 12 1134 1
318 76 142 12 1134 1
319 101 142 12 1134 1
320 9 124 10 760 1
321 5 144 12 2363 1
322 9 144 12 2363 1
323 13 144 12 2363 1
324 17 144 12 2363 1
325 14 146 8 929 1
326 18 144 8 1193 1
327 9 130 15 1007 1
328 8 108 7 1055 1
329 15 108 7 1055 1
330 22 108 7 1055 1
331 29 108 7 1055 1
332 36 108 7 1055 1
333 43 108 7 1055 1
334 50 108 7 1055 1
335 9 122 17 2998 1
336 14 121 2 137 1
337 9 144 14 1828 1
338 9 134 11 830 1
339 17 134 11 830 1
340 25 134 11 830 1
341 33 134 11 830 1
342 41 134 11 830 1
343 8 122 9 1377 1
344 8 109 16 1094 1
345 15 109 16 1094 1
346 22 109 16 1094 1
347 9 115 11 1785 1
348 17 115 11 1785 1
349 8 145 16 3309 1
350 15 145 16 3309 1
351 22 145 16 3309 1
352 29 145 16 3309 1
353 7 140 16 1978 1
354 19 145 12 2272 1
355 37 145 12 2272 1
356 55 145 12 2272 1
357 9 143 9 1147 1
358 17 143 9 1147 1
359 25 143 9 1147 1
360 33 143 9 1147 1
361 41 143 9 1147 1
362 7 145 12 1218 1
363 13 145 12 1218 1
364 8 146 10 1697 1
365 11 130 9 995 1
366 9 115 12 2000 1
367 17 115 12 2000 1
368 9 140 17 1293 1
369 9 109 7 835 1
370 9 124 15 1951 1
371 17 124 15 1951 1
372 26 134 13 2079 1
373 13 130 10 1876 1
374 25 130 10 1876 1
375 37 130 10 1876 1
376 9 146 14 1050 1
377 18 147 14 1744 1
378 14 135 10 1853 1
379 18 140 21 3105 1
380 35 140 21 3105 1
381 9 144 15 3071 1
382 10 133 16 2922 1
383 10 144 5 785 1
384 16 143 19 3409 1
385 31 143 19 3409 1
386 46 143 19 3409 1
387 61 143 19 3409 1
388 6 121 7 684 1
389 12 135 13 962 1
390 23 135 13 962 1
391 8 124 14 1632 1
392 15 124 14 1632 1
393 4 141 11 1489 1
394 10 134 11 1466 1
395 19 134 11 1466 1
396 7 137 5 504 1
397 8 133 12 2331 1
398 15 133 12 2331 1
399 22 133 12 2331 1
400 8 125 8 1068 1
401 20 130 8 806 1
402 39 130 8 806 1
403 9 137 13 1863 1
404 17 137 13 1863 1
405 9 149 13 984 1
406 17 149 13 984 1
407 25 149 13 984 1
408 12 142 10 1330 1
409 9 113 9 875 1
410 17 113 9 875 1
411 8 108 10 559 1
412 15 108 10 559 1
413 22 108 10 559 1
414 18 141 12 2099 1
415 35 141 12 2099 1
416 15 121 15 2338 1
417 9 147 14 2795 1
418 17 147 14 2795 1
419 25 147 14 2795 1
420 33 147 14 2795 1
421 8 134 14 1645 1
422 15 134 14 1645 1
423 22 134 14 1645 1
424 17 125 10 1632 1
425 33 125 10 1632 1
426 49 125 10 1632 1
427 9 143 12 1963 1
428 17 143 12 1963 1
429 6 137 8 970 1
430 9 145 19 3112 1
431 17 145 19 3112 1
432 11 183 12 1873 1
433 21 160 14 1677 1
434 9 176 17 3140 1
435 17 176 17 3140 1
436 40 181 9 1373 1
437 26 161 11 1255 1
438 13 178 18 2403 1
439 25 178 18 2403 1
440 24 160 12 1192 1
441 47 160 12 1192 1
442 32 181 15 2579 1
443 63 181 15 2579 1
444 16 158 16 1707 1
445 31 158 16 1707 1
446 46 158 16 1707 1
447 20 159 14 3181 1
448 20 179 9 1234 1
449 19 171 13 3087 1
450 10 174 11 1892 1
451 43 150 9 1766 1
452 20 151 16 2297 1
453 39 151 16 2297 1
454 20 159 12 2336 1
455 39 152 1 145 1
456 21 178 9 2032 1
457 41 178 9 2032 1
458 24 158 7 1208 1
459 24 179 7 1280 1
460 9 180 11 2307 1
461 19 160 11 2374 1
462 37 160 11 2374 1
463 9 158 10 1749 1
464 9 154 14 3056 1
465 22 152 13 1301 1
466 24 163 15 3316 1
467 27 178 16 3136 1
468 10 178 15 2299 1
469 23 171 7 1382 1
470 8 169 11 1317 1
471 26 170 19 4245 1
472 51 170 19 4245 1
473 32 171 26 5832 1
474 10 172 14 2862 1
475 27 163 14 2233 1
476 23 183 18 3828 1
477 11 165 4 361 1
478 13 175 3 333 1
479 11 160 7 1049 1
480 27 176 8 1869 1
481 16 179 8 1699 1
482 10 181 18 2535 1
483 2 183 9 1853 1
484 43 163 12 1630 1
485 15 151 9 1587 1
486 8 164 15 3370 1
487 16 158 5 682 1
488 22 164 2 451 1
489 19 164 16 2447 1
490 8 159 12 1969 1
491 9 171 14 1397 1
492 8 151 20 2976 1
493 8 181 21 3894 1
494 11 174 10 2539 1
495 9 173 14 1297 1
496 21 159 8 1577 1
497 8 151 6 1092 1
498 15 151 6 1092 1
499 22 151 6 1092 1
500 8 160 6 1425 1
501 10 164 9 2024 1
502 3 170 8 997 1
503 8 158 7 1561 1
504 39 180 10 1838 1
505 102 181 19 3678 1
506 8 176 15 3053 1
507 19 151 9 980 1
508 23 155 15 3406 1
509 45 155 15 3406 1
510 44 176 18 2344 1
511 7 167 16 1603 1
512 7 154 5 890 1
513 10 151 6 923 1
514 13 160 18 1507 1
515 25 152 10 1916 1
516 49 152 10 1916 1
517 9 151 13 1549 1
518 18 158 19 1530 1
519 23 174 18 2118 1
520 8 161 10 1697 1
521 8 168 12 2882 1
522 10 181 1 99 1
523 9 177 13 3388 1
524 21 162 17 2609 1
525 28 155 2 453 1
526 23 155 9 710 1
527 45 155 9 710 1
528 23 159 13 2908 1
529 45 159 13 2908 1
530 67 159 13 2908 1
531 89 159 13 2908 1
532 9 161 9 818 1
533 28 174 4 755 1
534 26 150 12 1831 1
535 31 163 8 1795 1
536 10 155 8 802 1
537 9 160 7 1139 1
538 10 175 17 2065 1
539 19 175 17 2065 1
540 22 167 17 2198 1
541 23 154 9 2016 1
542 29 179 18 2182 1
543 12 177 11 1836 1
544 24 162 11 2410 1
545 25 154 15 3091 1
546 23 162 15 1978 1
547 24 174 14 2271 1
548 21 177 12 2277 1
549 23 171 5 1104 1
550 10 164 19 2811 1
551 23 171 16 2822 1
552 103 168 22 3582 1
553 9 170 10 1829 1
554 20 167 8 739 1
555 15 161 13 1868 1
556 10 164 20 3279 1
557 22 172 12 1897 1
558 43 172 12 1897 1
559 16 172 9 1340 1
560 19 150 7 1209 1
561 12 150 9 1915 1
562 24 170 7 784 1
563 37 168 13 2147 1
564 30 174 9 2019 1
565 19 178 16 1714 1
566 24 162 16 2924 1
567 40 164 9 2069 1
568 13 169 7 1656 1
569 14 170 17 3889 1
570 8 168 12 1715 1
571 23 158 17 1878 1
572 8 165 15 2066 1
573 28 158 18 2360 1
574 16 179 10 2402 1
575 24 164 16 2729 1
576 17 172 6 772 1
577 33 172 6 772 1
578 21 175 21 2069 1
579 8 181 20 2476 1
580 24 158 9 2102 1
581 12 171 8 727 1
582 9 174 14 2126 1
583 17 174 14 2126 1
584 130 158 13 1140 1
585 23 174 11 2459 1
586 11 172 13 1797 1
587 10 174 11 1712 1
588 6 164 13 2435 1
589 20 169 13 2406 1
590 2 158 16 3263 1
591 20 162 14 3165 1
592 1 183 14 3007 1
593 22 167 14 2416 1
594 2 182 11 1280 1
595 9 151 10 2196 1
596 15 172 13 1951 1
597 10 183 18 4470 1
598 17 179 18 1654 1
599 8 181 14 2510 1
600 19 161 4 530 1
601 26 168 10 2395 1
602 51 168 10 2395 1
603 9 182 10 1170 1
604 27 183 11 2572 1
605 34 177 9 1586 1
606 15 174 12 1325 1
607 85 171 9 1465 1
608 21 180 10 1349 1
609 12 161 10 832 1
610 9 154 6 1317 1
611 17 154 6 1317 1
612 12 178 8 1717 1
613 23 178 8 1717 1
614 28 182 16 1521 1
615 47 162 15 1453 1
616 10 158 8 698 1
617 23 171 14 2774 1
618 45 171 14 2774 1
619 67 171 14 2774 1
620 22 175 10 1589 1
621 8 170 17 1592 1
622 25 150 7 723 1
623 9 175 10 1106 1
624 23 151 11 2264 1
625 23 180 10 2639 1
626 16 178 13 2144 1
627 22 183 10 1290 1
628 14 178 7 1770 1
629 27 178 7 1770 1
630 40 178 7 1770 1
631 22 181 13 2224 1
632 43 181 13 2224 1
633 21 150 3 263 1
634 23 227 10 2021 1
635 24 202 13 2435 1
636 22 199 8 1583 1
637 20 199 9 1625 1
638 39 199 9 1625 1
639 58 199 9 1625 1
640 37 213 12 1713 1
641 29 199 18 3132 1
642 38 211 8 2489 1
643 7 212 19 3393 1
644 22 209 12 3234 1
645 9 229 12 3822 1
646 9 216 14 3560 1
647 23 221 15 3317 1
648 35 216 5 862 1
649 23 199 11 1613 1
650 2 184 4 752 1
651 25 194 9 2152 1
652 49 194 9 2152 1
653 28 213 8 2432 1
654 23 221 25 6339 1
655 45 221 25 6339 1
656 37 220 13 4015 1
657 24 222 11 2963 1
658 17 228 17 5154 1
659 158 220 13 4020 1
660 23 229 12 4013 1
661 45 229 12 4013 1
662 26 222 11 1818 1
663 51 222 11 1818 1
664 30 218 16 4861 1
665 23 211 14 3175 1
666 40 188 18 4096 1
667 29 192 9 1450 1
668 29 232 13 3648 1
669 6 229 11 3329 1
670 23 218 6 916 1
671 30 211 11 3064 1
672 81 229 14 3387 1
673 22 185 10 2051 1
674 43 185 10 2051 1
675 21 228 12 2620 1
676 29 198 14 4019 1
677 23 199 10 1929 1
678 17 223 16 3609 1
679 16 208 16 1695 1
680 23 192 5 520 1
681 15 208 8 2320 1
682 55 197 9 900 1
683 36 222 17 2634 1
684 71 222 17 2634 1
685 22 231 13 3125 1
686 14 228 12 3996 1
687 23 221 27 6281 1
688 47 231 13 1703 1
689 25 196 15 4267 1
690 24 217 10 1626 1
691 1 231 14 3814 1
692 25 231 8 2378 1
693 49 231 8 2378 1
694 37 184 5 1031 1
695 26 217 13 3545 1
696 33 192 13 3152 1
697 6 199 18 2182 1
698 11 194 3 675 1
699 26 216 15 3312 1
700 51 216 15 3312 1
701 25 208 13 3626 1
702 16 197 15 2603 1
703 22 194 9 1240 1
704 43 194 9 1240 1
705 23 222 15 2443 1
706 26 209 20 4372 1
707 51 209 20 4372 1
708 15 197 10 2722 1
709 30 198 6 1503 1
710 23 220 15 3471 1
711 16 227 5 921 1
712 9 199 13 2335 1
713 10 192 14 1866 1
714 18 211 9 2739 1
715 41 209 13 2002 1
716 1 185 7 1652 1
717 39 228 10 1761 1
718 26 200 9 2409 1
719 28 210 14 3768 1
720 23 198 9 1589 1
721 45 198 9 1589 1
722 25 212 15 4125 1
723 49 212 15 4125 1
724 28 221 19 4148 1
725 40 222 10 1581 1
726 79 222 10 1581 1
727 25 197 11 3131 1
728 49 197 11 3131 1
729 42 191 10 2398 1
730 21 211 8 1727 1
731 8 208 9 937 1
732 15 208 9 937 1
733 37 223 10 2882 1
734 2 194 6 1070 1
735 20 195 12 2291 1
736 16 232 1 164 1
737 15 196 2 204 1
738 1 188 15 3808 1
739 19 209 14 3554 1
740 37 209 14 3554 1
741 24 209 15 1601 1
742 39 200 11 2437 1
743 23 198 12 3044 1
744 1 232 15 4407 1
745 17 229 14 3257 1
746 28 217 13 1796 1
747 7 186 11 2448 1
748 13 186 11 2448 1
749 55 186 9 1327 1
750 17 188 12 2216 1
751 42 194 7 1319 1
752 29 185 13 2151 1
753 21 189 6 727 1
754 23 209 26 3196 1
755 11 216 5 561 1
756 39 196 13 1595 1
757 38 186 8 1623 1
758 61 217 12 2415 1
759 71 212 12 2696 1
760 141 212 12 2696 1
761 14 221 6 877 1
762 36 197 12 1998 1
763 18 220 15 3788 1
764 19 192 11 2118 1
765 9 186 10 2469 1
766 9 228 13 3337 1
767 28 216 16 1972 1
768 29 232 11 3717 1
769 9 199 13 2454 1
770 24 185 15 2079 1
771 47 185 15 2079 1
772 40 229 1 328 1
773 79 229 1 328 1
774 10 213 10 2427 1
775 44 281 18 3366 1
776 87 281 18 3366 1
777 130 281 18 3366 1
778 173 281 18 3366 1
779 216 281 18 3366 1
780 259 281 18 3366 1
781 37 261 19 4186 1
782 73 261 19 4186 1
783 45 287 37 14293 1
784 89 287 37 14293 1
785 43 296 15 4274 1
786 85 296 15 4274 1
787 41 269 24 8292 1
788 81 269 24 8292 1
789 11 287 16 2993 1
790 44 271 20 3221 1
791 87 271 20 3221 1
792 130 271 20 3221 1
793 173 271 20 3221 1
794 50 290 22 8524 1
795 43 247 13 2030 1
796 85 247 13 2030 1
797 127 247 13 2030 1
798 43 259 26 9717 1
799 44 266 18 6576 1
800 87 266 18 6576 1
801 130 266 18 6576 1
802 52 270 53 21160 1
803 43 292 13 2403 1
804 85 292 13 2403 1
805 127 292 13 2403 1
806 57 261 14 4949 1
807 51 277 19 4322 1
808 36 267 18 4039 1
809 37 296 13 2156 1
810 46 275 24 4232 1
811 29 287 31 5449 1
812 57 287 31 5449 1
813 60 279 10 1995 1
814 119 279 10 1995 1
815 178 279 10 1995 1
816 237 279 10 1995 1
817 296 279 10 1995 1
818 43 292 14 5414 1
819 44 270 6 1930 1
820 55 279 7 2482 1
821 50 256 16 4380 1
822 51 239 10 1356 1
823 45 250 24 6074 1
824 58 279 15 5051 1
825 44 287 13 4833 1
826 87 287 13 4833 1
827 130 287 13 4833 1
828 43 269 10 1363 1
829 37 287 10 4124 1
830 43 239 32 7148 1
831 85 239 32 7148 1
832 37 262 30 6828 1
833 73 262 30 6828 1
834 174 277 13 3883 1
835 43 285 12 3009 1
836 85 285 12 3009 1
837 127 285 12 3009 1
838 169 285 12 3009 1
839 211 285 12 3009 1
840 6 285 24 6155 1
841 49 240 10 2608 1
842 97 240 10 2608 1
843 45 266 18 3958 1
844 44 250 11 1990 1
845 43 290 17 3073 1
846 28 276 8 1407 1
847 55 260 14 2469 1
848 109 260 14 2469 1
849 65 240 20 6552 1
850 129 240 20 6552 1
851 91 285 8 1897 1
852 61 276 20 4751 1
853 121 276 20 4751 1
854 181 276 20 4751 1
855 58 263 18 2793 1
856 43 264 10 2368 1
857 64 240 24 7716 1
858 43 240 7 1690 1
859 85 240 7 1690 1
860 127 240 7 1690 1
861 49 241 6 1560 1
862 44 279 10 2043 1
863 43 275 35 9277 1
864 42 260 9 2858 1
865 83 260 9 2858 1
866 45 270 16 4953 1
867 89 270 16 4953 1
868 52 268 27 3795 1
869 31 262 41 15363 1
870 36 268 23 4033 1
871 4 292 21 6482 1
872 7 292 21 6482 1
873 43 279 28 9483 1
874 29 277 12 3380 1
875 18 240 11 3280 1
876 64 271 4 1034 1
877 36 240 7 2341 1
878 14 264 21 6965 1
879 27 264 21 6965 1
880 43 240 8 2592 1
881 85 240 8 2592 1
882 77 280 21 8688 1
883 43 285 25 8490 1
884 85 285 25 8490 1
885 50 294 28 9986 1
886 76 280 10 1915 1
887 151 280 10 1915 1
888 41 281 19 5884 1
889 81 281 19 5884 1
890 58 241 10 2475 1
891 115 241 10 2475 1
892 172 241 10 2475 1
893 229 241 10 2475 1
894 43 241 31 5263 1
895 85 241 31 5263 1
896 78 239 31 8651 1
897 155 239 31 8651 1
898 232 239 31 8651 1
899 309 239 31 8651 1
900 44 269 19 5115 1
901 87 269 19 5115 1
902 130 269 19 5115 1
903 43 269 13 3874 1
904 85 269 13 3874 1
905 127 269 13 3874 1
906 169 269 13 3874 1
907 38 295 6 1981 1
908 43 294 9 2255 1
909 23 256 22 4795 1
910 45 256 22 4795 1
911 44 263 27 4972 1
912 87 263 27 4972 1
913 130 263 27 4972 1
914 67 269 12 3157 1
915 20 241 15 2788 1
916 36 240 7 1782 1
917 28 294 21 7001 1
918 42 250 22 4668 1
919 83 250 22 4668 1
920 43 271 11 3823 1
921 44 283 34 12486 1
922 37 285 7 2275 1
923 42 290 16 4235 1
924 83 290 16 4235 1
925 43 261 12 3340 1
926 85 261 12 3340 1
927 127 261 12 3340 1
928 42 265 8 2223 1
929 85 292 20 8618 1
930 169 292 20 8618 1
931 42 292 31 5735 1
932 42 285 24 7419 1
933 37 287 14 4770 1
934 28 267 16 3089 1
935 89 304 20 4123 1
936 42 336 22 7821 1
937 83 336 22 7821 1
938 50 323 12 5159 1
939 45 340 25 10688 1
940 89 340 25 10688 1
941 133 340 25 10688 1
942 177 340 25 10688 1
943 58 318 16 6552 1
944 110 333 26 9784 1
945 49 302 14 5797 1
946 131 325 16 7111 1
947 57 336 15 3394 1
948 65 335 19 4703 1
949 45 337 22 10261 1
950 44 340 21 8661 1
951 87 340 21 8661 1
952 37 302 16 3915 1
953 43 305 8 3423 1
954 66 321 25 9688 1
955 103 316 29 10638 1
956 41 340 18 8292 1
957 58 305 18 3221 1
958 57 340 14 2502 1
959 36 347 13 3505 1
960 37 329 29 13402 1
961 43 329 24 10333 1
962 63 323 68 26879 1
963 45 335 25 12234 1
964 89 335 25 12234 1
965 149 340 21 7404 1
966 12 347 60 25012 1
967 44 347 11 3986 1
968 47 300 16 6349 1
969 93 300 16 6349 1
970 12 329 15 4518 1
971 43 325 14 4095 1
972 57 333 27 6693 1
973 248 325 11 4021 1
974 39 334 33 13016 1
975 57 300 19 3324 1
976 44 329 13 3181 1
977 43 304 9 4051 1
978 85 304 9 4051 1
979 53 334 15 5223 1
980 57 347 19 4323 1
981 32 336 16 8018 1
982 43 306 12 4019 1
983 156 300 13 2206 1
984 146 323 26 12538 1
985 52 321 13 4244 1
986 50 300 22 4212 1
987 41 323 21 5929 1
988 49 304 24 4437 1
989 5 332 21 4606 1
990 43 321 19 6248 1
991 50 305 31 9314 1
992 66 333 53 18847 1
993 50 301 17 6808 1
994 65 347 19 8847 1
995 26 304 17 7304 1
996 43 300 14 2230 1
997 47 325 32 5201 1
998 37 319 8 2468 1
999 226 337 24 7372 1
1000 37 329 18 5482 1
1001 13 333 5 991 1
1002 6 319 15 7009 1
1003 57 337 16 5230 1
1004 47 302 13 2032 1
1005 8 304 13 3227 1
1006 43 306 31 12317 1
1007 53 336 52 25772 1
1008 105 336 52 25772 1
1009 44 329 15 4169 1
1010 44 300 17 6783 1
1011 43 332 11 1924 1
1012 55 325 22 9627 1
1013 251 301 10 1864 1
1014 48 318 23 5387 1
1015 43 319 18 4850 1
1016 50 324 22 3582 1
1017 59 306 16 2845 1
1018 44 337 16 2805 1
1019 87 337 16 2805 1
1020 58 305 37 14133 1
1021 34 305 31 13868 1
1022 40 340 26 10054 1
1023 58 337 15 5404 1
1024 43 334 18 7027 1
1025 6 351 177 76809 1
1026 114 351 46 18623 1
1027 58 351 26 8147 1
1028 112 349 6 2235 1
1029 5 349 15 3371 1
1030 9 349 15 3371 1
1031 13 349 15 3371 1
1032 113 364 11 2676 1
1033 12 350 82 16658 1
1034 3 349 45 12193 1
1035 5 349 45 12193 1
1036 7 349 45 12193 1
1037 7 367 45 23304 1
26
500 500 500 500 500 500 500 500 500 500 500 500 500 500 500 500 500 500 500 500 500 500 500 500 500 500 