1037
1 3 99 1 68 1
2 5 99 1 68 1
3 7 99 1 68 1
4 3 100 21 1749 1
5 5 100 21 1749 1
6 6 100 2 247 1
7 2 100 2 284 1
8 3 100 2 284 1
9 4 100 2 284 1
10 5 100 2 284 1
11 6 100 2 284 1
12 2 100 2 287 1
13 2 99 5 298 1
14 1 99 3 352 1
15 3 99 6 611 1
16 5 99 6 611 1
17 29 75 5 266 1
18 57 75 5 266 1
19 3 85 1 89 1
20 5 85 1 89 1
21 2 85 1 62 1
22 3 85 1 62 1
23 2 75 1 74 1
24 35 75 2 214 1
25 69 75 2 214 1
26 103 75 2 214 1
27 1 85 1 61 1
28 3 75 2 85 1
29 4 99 6 501 1
30 7 99 6 501 1
31 10 99 6 501 1
32 13 99 6 501 1
33 16 99 6 501 1
34 19 99 6 501 1
35 4 75 2 197 1
36 7 75 2 197 1
37 10 75 2 197 1
38 13 75 2 197 1
39 16 75 2 197 1
40 19 75 2 197 1
41 3 75 1 46 1
42 5 75 1 46 1
43 4 99 2 185 1
44 18 85 4 235 1
45 35 85 4 235 1
46 18 75 2 221 1
47 2 100 2 248 1
48 9 99 7 464 1
49 14 100 2 282 1
50 3 75 1 54 1
51 5 75 1 54 1
52 7 75 1 54 1
53 4 99 2 172 1
54 7 99 2 172 1
55 10 99 2 172 1
56 13 99 2 172 1
57 33 100 10 734 1
58 5 100 8 637 1
59 9 100 8 637 1
60 13 100 8 637 1
61 17 100 8 637 1
62 8 109 7 409 1
63 15 109 7 409 1
64 22 109 7 409 1
65 13 147 11 2241 1
66 7 108 10 1071 1
67 13 108 10 1071 1
68 13 108 14 852 1
69 25 108 14 852 1
70 20 134 16 2611 1
71 4 143 8 870 1
72 9 141 11 2176 1
73 17 141 11 2176 1
74 9 121 9 1133 1
75 17 121 9 1133 1
76 25 121 9 1133 1
77 33 121 9 1133 1
78 9 109 7 690 1
79 17 109 7 690 1
80 25 109 7 690 1
81 33 109 7 690 1
82 41 109 7 690 1
83 8 139 19 1521 1
84 25 138 13 1345 1
85 49 138 13 1345 1
86 8 146 16 3272 1
87 15 146 16 3272 1
88 22 146 16 3272 1
89 29 146 16 3272 1
90 30 147 11 1649 1
91 22 124 8 989 1
92 7 136 12 1202 1
93 25 134 10 1841 1
94 49 134 10 1841 1
95 73 134 10 1841 1
96 97 134 10 1841 1
97 8 143 6 467 1
98 15 143 6 467 1
99 22 143 6 467 1
100 29 143 6 467 1
101 8 147 16 2935 1
102 21 136 13 1202 1
103 41 136 13 1202 1
104 61 136 13 1202 1
105 8 135 12 2380 1
106 15 135 12 2380 1
107 22 135 12 2380 1
108 9 136 12 1406 1
109 7 148 8 816 1
110 5 143 13 1718 1
111 20 143 17 2526 1
112 1 149 15 2191 1
113 8 140 10 1020 1
114 15 140 10 1020 1
115 22 140 10 1020 1
116 13 139 10 1517 1
117 25 139 10 1517 1
118 14 145 13 1559 1
119 8 138 12 1803 1
120 5 143 15 3157 1
121 9 143 15 3157 1
122 8 102 13 1688 1
123 15 102 13 1688 1
124 22 102 13 1688 1
125 10 135 8 1351 1
126 9 113 9 1051 1
127 17 113 9 1051 1
128 8 144 11 1986 1
129 8 122 11 1726 1
130 10 122 8 1261 1
131 8 138 11 982 1
132 9 134 14 1138 1
133 17 134 14 1138 1
134 25 134 14 1138 1
135 33 134 14 1138 1
136 17 108 8 1278 1
137 33 108 8 1278 1
138 8 139 9 1425 1
139 7 116 6 555 1
140 12 102 8 610 1
141 23 102 8 610 1
142 7 102 11 1045 1
143 8 109 10 629 1
144 15 109 10 629 1
145 22 109 10 629 1
146 29 109 10 629 1
147 36 109 10 629 1
148 43 109 10 629 1
149 23 147 19 3683 1
150 45 147 19 3683 1
151 67 147 19 3683 1
152 9 141 12 2129 1
153 17 141 12 2129 1
154 9 141 13 1136 1
155 17 141 13 1136 1
156 8 136 15 2286 1
157 9 116 12 999 1
158 10 122 5 851 1
159 9 108 12 830 1
160 8 137 7 575 1
161 15 137 7 575 1
162 22 137 7 575 1
163 22 121 10 1271 1
164 43 121 10 1271 1
165 64 121 10 1271 1
166 85 121 10 1271 1
167 13 130 11 1544 1
168 25 130 11 1544 1
169 9 125 12 2174 1
170 17 125 12 2174 1
171 9 144 12 1391 1
172 13 137 11 991 1
173 25 137 11 991 1
174 37 137 11 991 1
175 17 139 11 915 1
176 9 121 8 1420 1
177 17 121 8 1420 1
178 25 121 8 1420 1
179 33 121 8 1420 1
180 41 121 8 1420 1
181 49 121 8 1420 1
182 10 125 8 631 1
183 10 113 19 1252 1
184 3 135 15 1306 1
185 9 109 8 580 1
186 17 109 8 580 1
187 8 108 8 1020 1
188 15 108 8 1020 1
189 22 108 8 1020 1
190 29 108 8 1020 1
191 36 108 8 1020 1
192 8 108 5 444 1
193 9 149 11 1045 1
194 17 149 11 1045 1
195 25 149 11 1045 1
196 8 135 9 1557 1
197 8 136 15 2821 1
198 15 136 15 2821 1
199 8 130 10 1123 1
200 15 130 10 1123 1
201 15 147 11 2117 1
202 8 134 11 2057 1
203 9 143 16 2367 1
204 17 143 16 2367 1
205 14 121 10 1404 1
206 27 121 10 1404 1
207 40 121 10 1404 1
208 53 121 10 1404 1
209 8 134 15 2186 1
210 13 125 6 719 1
211 25 125 6 719 1
212 37 125 6 719 1
213 49 125 6 719 1
214 61 125 6 719 1
215 8 134 13 2384 1
216 15 134 13 2384 1
217 22 134 13 2384 1
218 29 134 13 2384 1
219 14 140 10 1901 1
220 12 115 11 1474 1
221 17 113 19 2751 1
222 33 113 19 2751 1
223 12 135 17 3361 1
224 15 148 13 2518 1
225 29 148 13 2518 1
226 8 147 14 2743 1
227 15 147 14 2743 1
228 8 140 15 2968 1
229 9 125 12 1350 1
230 17 125 12 1350 1
231 25 125 12 1350 1
232 8 121 13 1178 1
233 15 121 13 1178 1
234 22 121 13 1178 1
235 29 121 13 1178 1
236 36 121 13 1178 1
237 43 121 13 1178 1
238 50 121 13 1178 1
239 57 121 13 1178 1
240 9 133 12 1031 1
241 9 144 11 1863 1
242 9 140 14 1634 1
243 17 140 14 1634 1
244 9 137 12 1312 1
245 17 137 12 1312 1
246 25 137 12 1312 1
247 33 137 12 1312 1
248 8 145 11 828 1
249 15 145 11 828 1
250 11 130 13 1665 1
251 21 130 13 1665 1
252 9 149 7 553 1
253 5 115 9 884 1
254 12 130 14 1783 1
255 8 121 16 1569 1
256 1 133 9 1482 1
257 1 133 9 1482 1
258 15 144 14 1040 1
259 29 144 14 1040 1
260 9 121 8 765 1
261 17 121 8 765 1
262 13 148 17 2874 1
263 25 148 17 2874 1
264 14 147 20 1684 1
265 9 125 10 1357 1
266 17 125 10 1357 1
267 8 102 8 1162 1
268 9 116 6 539 1
269 17 116 6 539 1
270 25 116 6 539 1
271 33 116 6 539 1
272 41 116 6 539 1
273 49 116 6 539 1
274 57 116 6 539 1
275 65 116 6 539 1
276 73 116 6 539 1
277 8 140 10 1079 1
278 9 149 12 1147 1
279 9 113 10 780 1
280 17 113 10 780 1
281 13 125 10 966 1
282 25 125 10 966 1
283 12 136 5 944 1
284 23 136 5 944 1
285 34 136 5 944 1
286 9 137 15 1561 1
287 17 137 15 1561 1
288 9 138 12 2118 1
289 8 130 15 1026 1
290 15 130 15 1026 1
291 12 141 14 2949 1
292 8 148 17 1564 1
293 15 148 17 1564 1
294 5 135 11 1079 1
295 9 136 8 1414 1
296 9 115 9 1169 1
297 9 102 10 1457 1
298 17 102 10 1457 1
299 25 102 10 1457 1
300 33 102 10 1457 1
301 6 122 1 131 1
302 11 122 1 131 1
303 16 122 1 131 1
304 8 122 9 696 1
305 15 122 9 696 1
306 9 144 8 981 1
307 17 144 8 981 1
308 25 144 8 981 1
309 33 144 8 981 1
310 9 144 11 1767 1
311 17 144 11 1767 1
312 8 145 11 1601 1
313 9 115 5 680 1
314 17 115 5 680 1
315 25 115 5 680 1
316 33 115 5 680 1
317 41 115 5 680 1
318 49 115 5 680 1
319 57 115 5 680 1
320 65 115 5 680 1
321 73 115 5 680 1
322 1 135 5 502 1
323 9 134 14 1725 1
324 8 135 10 1236 1
325 9 148 13 1992 1
326 17 148 13 1992 1
327 12 148 9 1924 1
328 23 148 9 1924 1
329 34 148 9 1924 1
330 45 148 9 1924 1
331 56 148 9 1924 1
332 16 130 15 1915 1
333 8 149 7 980 1
334 8 133 16 2253 1
335 8 147 14 2983 1
336 9 134 8 836 1
337 9 122 8 1294 1
338 10 130 10 1897 1
339 9 113 6 566 1
340 17 113 6 566 1
341 25 113 6 566 1
342 33 113 6 566 1
343 41 113 6 566 1
344 10 138 9 1146 1
345 8 113 10 1418 1
346 15 113 10 1418 1
347 22 113 10 1418 1
348 29 113 10 1418 1
349 36 113 10 1418 1
350 43 113 10 1418 1
351 50 113 10 1418 1
352 7 146 10 737 1
353 13 146 10 737 1
354 9 124 12 2031 1
355 9 115 8 524 1
356 17 115 8 524 1
357 25 115 8 524 1
358 8 134 12 1276 1
359 15 134 12 1276 1
360 22 134 12 1276 1
361 29 134 12 1276 1
362 36 134 12 1276 1
363 4 109 7 1047 1
364 7 109 7 1047 1
365 8 125 10 1743 1
366 15 125 10 1743 1
367 22 125 10 1743 1
368 29 125 10 1743 1
369 9 144 12 1147 1
370 18 130 13 2133 1
371 35 130 13 2133 1
372 8 140 16 2882 1
373 9 115 7 858 1
374 17 115 7 858 1
375 25 115 7 858 1
376 18 130 11 1935 1
377 9 116 12 1962 1
378 17 116 12 1962 1
379 25 116 12 1962 1
380 16 116 7 688 1
381 9 135 13 2005 1
382 12 146 12 1898 1
383 23 146 12 1898 1
384 34 146 12 1898 1
385 45 146 12 1898 1
386 9 125 14 1291 1
387 17 125 14 1291 1
388 25 125 14 1291 1
389 8 115 9 590 1
390 15 115 9 590 1
391 22 115 9 590 1
392 29 115 9 590 1
393 36 115 9 590 1
394 43 115 9 590 1
395 8 135 15 1405 1
396 15 135 15 1405 1
397 22 135 15 1405 1
398 29 135 15 1405 1
399 9 116 8 479 1
400 17 116 8 479 1
401 9 115 12 1844 1
402 10 149 13 1297 1
403 8 108 7 1026 1
404 15 108 7 1026 1
405 8 135 14 1775 1
406 15 135 14 1775 1
407 4 137 2 237 1
408 7 137 2 237 1
409 10 145 12 1555 1
410 19 145 12 1555 1
411 8 141 13 2064 1
412 15 141 13 2064 1
413 22 141 13 2064 1
414 29 141 13 2064 1
415 36 141 13 2064 1
416 43 141 13 2064 1
417 50 141 13 2064 1
418 57 141 13 2064 1
419 64 141 13 2064 1
420 71 141 13 2064 1
421 78 141 13 2064 1
422 9 109 14 1088 1
423 17 109 14 1088 1
424 25 109 14 1088 1
425 33 109 14 1088 1
426 41 109 14 1088 1
427 49 109 14 1088 1
428 57 109 14 1088 1
429 65 109 14 1088 1
430 73 109 14 1088 1
431 81 109 14 1088 1
432 7 167 17 2089 1
433 33 175 17 2321 1
434 36 169 11 2001 1
435 21 159 11 1749 1
436 9 172 11 2415 1
437 17 172 11 2415 1
438 10 164 6 848 1
439 22 160 11 2433 1
440 11 181 10 1840 1
441 21 181 10 1840 1
442 21 165 2 172 1
443 23 174 14 1891 1
444 8 169 14 1619 1
445 8 158 11 1241 1
446 26 170 22 2948 1
447 22 174 16 4048 1
448 22 176 12 1858 1
449 8 163 6 1166 1
450 13 150 13 1275 1
451 25 183 11 2456 1
452 9 180 14 2808 1
453 16 180 12 2829 1
454 8 178 8 902 1
455 11 167 13 2448 1
456 13 167 6 1446 1
457 9 172 11 1578 1
458 22 175 7 1400 1
459 5 170 12 1534 1
460 29 158 9 1675 1
461 57 158 9 1675 1
462 20 177 13 1659 1
463 9 169 10 1997 1
464 8 182 15 2593 1
465 24 151 9 1462 1
466 18 176 6 667 1
467 22 173 17 1782 1
468 34 164 10 2044 1
469 47 162 9 1863 1
470 27 179 12 1584 1
471 23 168 10 2284 1
472 9 155 10 1622 1
473 22 176 4 894 1
474 14 176 16 1821 1
475 25 179 13 2340 1
476 19 159 11 1903 1
477 9 167 6 1329 1
478 17 167 6 1329 1
479 17 161 10 874 1
480 33 161 10 874 1
481 9 175 10 1048 1
482 25 160 10 1348 1
483 10 182 9 1048 1
484 10 181 15 3378 1
485 9 160 8 1385 1
486 25 150 8 1578 1
487 29 160 15 1781 1
488 27 172 14 2084 1
489 23 176 21 5307 1
490 7 167 8 839 1
491 11 171 29 4509 1
492 1 162 16 1854 1
493 8 160 14 3289 1
494 106 174 9 1287 1
495 8 158 9 2109 1
496 13 175 9 2077 1
497 8 169 21 3381 1
498 24 162 8 1457 1
499 41 152 18 3703 1
500 21 150 11 1614 1
501 7 183 14 1843 1
502 24 180 11 1107 1
503 8 154 17 2673 1
504 9 162 4 373 1
505 8 175 6 1360 1
506 10 175 13 2139 1
507 19 175 13 2139 1
508 21 152 8 1485 1
509 44 154 7 988 1
510 23 182 10 1570 1
511 15 179 10 1673 1
512 23 159 3 444 1
513 13 171 13 2880 1
514 25 171 13 2880 1
515 7 151 9 832 1
516 17 173 11 1199 1
517 27 170 16 2535 1
518 9 170 2 342 1
519 17 170 2 342 1
520 9 165 13 1735 1
521 31 181 13 2521 1
522 23 176 16 2352 1
523 21 176 9 912 1
524 22 154 12 1529 1
525 15 169 14 1579 1
526 24 179 11 2871 1
527 9 172 17 3292 1
528 25 182 14 2682 1
529 20 180 9 978 1
530 16 181 7 973 1
531 9 171 17 2808 1
532 24 171 17 3570 1
533 12 162 11 1260 1
534 9 179 20 3923 1
535 17 179 20 3923 1
536 23 171 16 1713 1
537 14 181 22 2156 1
538 18 152 15 2771 1
539 51 175 14 1905 1
540 23 158 15 3264 1
541 10 160 11 1664 1
542 19 154 9 1959 1
543 19 172 14 1510 1
544 8 181 19 4377 1
545 9 158 12 2220 1
546 37 178 20 2836 1
547 8 159 10 1059 1
548 8 161 11 2300 1
549 11 181 16 1996 1
550 28 177 5 1085 1
551 55 177 5 1085 1
552 10 168 19 2158 1
553 9 169 12 2858 1
554 23 152 10 1302 1
555 45 152 10 1302 1
556 67 152 10 1302 1
557 89 152 10 1302 1
558 9 169 6 1019 1
559 1 159 15 3534 1
560 9 163 13 2593 1
561 21 163 10 1121 1
562 8 163 12 1071 1
563 17 154 13 1652 1
564 23 165 19 2269 1
565 22 183 10 2093 1
566 16 154 14 1811 1
567 31 154 14 1811 1
568 46 154 14 1811 1
569 32 161 4 327 1
570 21 170 11 1880 1
571 23 183 14 2130 1
572 8 154 2 447 1
573 43 155 18 4121 1
574 18 181 28 6226 1
575 23 177 23 3703 1
576 22 181 13 3443 1
577 43 181 13 3443 1
578 24 178 10 1532 1
579 22 163 6 1436 1
580 19 159 13 2321 1
581 11 172 15 2310 1
582 21 172 15 2310 1
583 35 177 16 3345 1
584 24 169 12 2067 1
585 47 169 12 2067 1
586 70 169 12 2067 1
587 12 163 16 1534 1
588 8 152 14 1766 1
589 9 167 4 864 1
590 34 158 17 2862 1
591 9 169 13 1953 1
592 22 150 15 1827 1
593 24 178 8 1359 1
594 25 158 17 2302 1
595 9 179 15 1991 1
596 23 178 19 3150 1
597 23 154 5 723 1
598 19 158 11 1343 1
599 11 162 9 1757 1
600 3 172 13 2987 1
601 8 162 9 1875 1
602 15 163 13 2388 1
603 9 183 18 2249 1
604 8 159 11 2247 1
605 23 151 13 1924 1
606 45 151 13 1924 1
607 9 170 7 1542 1
608 23 164 16 2852 1
609 2 180 7 977 1
610 26 167 13 2015 1
611 24 152 9 1047 1
612 46 179 10 2062 1
613 9 163 10 1593 1
614 8 183 7 1024 1
615 17 176 8 1106 1
616 13 172 17 1537 1
617 14 177 13 2242 1
618 10 154 7 1367 1
619 9 165 6 1402 1
620 17 165 6 1402 1
621 22 173 6 768 1
622 2 170 7 649 1
623 8 164 15 3137 1
624 13 150 8 1494 1
625 16 160 8 1747 1
626 11 169 16 2856 1
627 9 160 13 2351 1
628 9 183 11 2722 1
629 43 163 14 1367 1
630 22 173 17 2456 1
631 9 167 7 1340 1
632 38 150 9 717 1
633 19 151 16 1218 1
634 28 197 4 856 1
635 18 193 11 1325 1
636 52 211 4 435 1
637 30 209 10 1816 1
638 59 209 10 1816 1
639 24 208 8 1696 1
640 8 185 16 1620 1
641 18 222 10 2000 1
642 23 199 13 3626 1
643 43 195 10 1580 1
644 36 193 10 1663 1
645 30 221 12 3471 1
646 59 221 12 3471 1
647 8 213 9 2073 1
648 15 213 9 2073 1
649 23 212 3 365 1
650 45 212 3 365 1
651 45 213 11 2099 1
652 9 202 18 2776 1
653 34 199 12 2739 1
654 36 218 20 5184 1
655 41 195 13 3057 1
656 41 191 14 3323 1
657 13 218 13 2013 1
658 23 196 13 3207 1
659 45 196 13 3207 1
660 39 227 13 2583 1
661 36 185 7 1727 1
662 30 191 12 1583 1
663 30 220 18 2944 1
664 28 185 8 1361 1
665 23 193 16 1811 1
666 45 193 16 1811 1
667 209 231 14 4569 1
668 8 218 13 3525 1
669 29 198 13 2550 1
670 23 199 11 1792 1
671 45 199 11 1792 1
672 8 220 6 1717 1
673 21 186 10 1013 1
674 41 186 10 1013 1
675 62 222 21 2902 1
676 8 185 12 3287 1
677 9 223 16 3592 1
678 35 188 9 1578 1
679 83 199 11 1267 1
680 24 213 12 2141 1
681 47 213 12 2141 1
682 7 188 13 1947 1
683 13 188 13 1947 1
684 9 220 12 2182 1
685 6 184 11 1259 1
686 30 200 10 1395 1
687 59 200 10 1395 1
688 30 232 6 1217 1
689 29 189 9 1684 1
690 11 197 10 1927 1
691 21 197 10 1927 1
692 15 223 13 3131 1
693 24 191 13 3024 1
694 13 231 21 3168 1
695 36 200 20 5339 1
696 34 228 14 1932 1
697 67 228 14 1932 1
698 39 217 18 2943 1
699 24 184 15 1651 1
700 22 222 18 2451 1
701 43 222 18 2451 1
702 64 222 18 2451 1
703 16 192 18 1812 1
704 31 192 18 1812 1
705 15 228 9 2834 1
706 41 229 11 3772 1
707 28 213 16 4024 1
708 44 218 14 3327 1
709 31 220 9 2177 1
710 23 198 7 778 1
711 29 184 11 1249 1
712 23 229 7 1509 1
713 36 196 9 2482 1
714 25 232 7 1602 1
715 21 194 16 3934 1
716 24 202 8 2329 1
717 47 202 8 2329 1
718 44 202 16 2543 1
719 87 202 16 2543 1
720 29 228 16 3456 1
721 12 213 17 5116 1
722 30 218 12 1345 1
723 29 213 1 234 1
724 36 189 6 1386 1
725 71 189 6 1386 1
726 106 189 6 1386 1
727 7 189 4 1131 1
728 143 209 11 1619 1
729 37 217 9 1309 1
730 73 217 9 1309 1
731 50 210 14 2944 1
732 34 210 11 1541 1
733 36 199 15 3568 1
734 26 229 11 3657 1
735 35 192 10 1311 1
736 69 192 10 1311 1
737 30 229 14 3273 1
738 17 186 7 1514 1
739 9 211 9 1948 1
740 34 191 16 2463 1
741 21 222 12 2548 1
742 20 212 6 1311 1
743 8 212 16 3320 1
744 66 227 7 2372 1
745 24 216 8 974 1
746 9 194 12 2867 1
747 17 193 11 1643 1
748 33 193 11 1643 1
749 9 229 12 2728 1
750 43 191 12 3367 1
751 22 223 5 1035 1
752 13 197 12 3287 1
753 22 193 5 520 1
754 43 193 5 520 1
755 8 197 11 2287 1
756 16 188 7 1678 1
757 29 218 10 2470 1
758 22 198 7 1620 1
759 43 198 7 1620 1
760 17 212 19 2421 1
761 21 208 14 3942 1
762 41 208 14 3942 1
763 15 223 10 1551 1
764 54 196 14 1679 1
765 23 198 19 4519 1
766 24 222 7 984 1
767 6 227 12 2874 1
768 8 209 6 1145 1
769 28 200 18 3381 1
770 29 220 8 1827 1
771 15 192 10 2006 1
772 40 220 12 3027 1
773 79 220 12 3027 1
774 53 197 14 3775 1
775 44 283 12 2059 1
776 87 283 12 2059 1
777 36 261 13 2474 1
778 43 262 10 3322 1
779 28 268 23 3201 1
780 55 268 23 3201 1
781 26 239 11 1793 1
782 43 294 23 6741 1
783 85 294 23 6741 1
784 127 294 23 6741 1
785 169 294 23 6741 1
786 44 263 8 3092 1
787 42 250 13 3419 1
788 83 250 13 3419 1
789 124 250 13 3419 1
790 165 250 13 3419 1
791 35 294 11 2127 1
792 43 241 9 2544 1
793 49 290 16 5758 1
794 97 290 16 5758 1
795 44 282 20 7939 1
796 27 247 15 5418 1
797 53 247 15 5418 1
798 44 240 7 1305 1
799 42 281 19 4666 1
800 54 259 13 3031 1
801 107 259 13 3031 1
802 160 259 13 3031 1
803 73 262 9 3470 1
804 145 262 9 3470 1
805 44 269 9 2862 1
806 16 255 28 6348 1
807 44 265 21 3245 1
808 44 287 26 8634 1
809 87 287 26 8634 1
810 50 259 17 3455 1
811 77 287 10 2764 1
812 153 287 10 2764 1
813 229 287 10 2764 1
814 305 287 10 2764 1
815 51 278 15 3011 1
816 43 267 10 2318 1
817 62 264 11 3674 1
818 123 264 11 3674 1
819 184 264 11 3674 1
820 245 264 11 3674 1
821 51 269 16 2585 1
822 40 255 15 4291 1
823 6 266 14 3160 1
824 80 281 9 3752 1
825 159 281 9 3752 1
826 55 283 20 3511 1
827 109 283 20 3511 1
828 31 285 15 3438 1
829 61 285 15 3438 1
830 45 247 13 3288 1
831 44 279 10 2094 1
832 87 279 10 2094 1
833 21 265 9 3556 1
834 41 265 9 3556 1
835 61 265 9 3556 1
836 81 265 9 3556 1
837 101 265 9 3556 1
838 121 265 9 3556 1
839 42 255 7 1795 1
840 42 292 16 5136 1
841 83 292 16 5136 1
842 124 292 16 5136 1
843 45 264 26 5991 1
844 42 292 12 2475 1
845 43 265 17 2469 1
846 85 265 17 2469 1
847 2 290 15 3562 1
848 36 270 25 8583 1
849 46 255 13 4169 1
850 52 277 14 4914 1
851 2 290 12 5196 1
852 3 290 12 5196 1
853 43 268 43 11666 1
854 85 268 43 11666 1
855 43 295 14 5557 1
856 44 275 23 5886 1
857 43 269 13 3078 1
858 85 269 13 3078 1
859 127 269 13 3078 1
860 169 269 13 3078 1
861 211 269 13 3078 1
862 253 269 13 3078 1
863 44 277 21 6427 1
864 87 277 21 6427 1
865 130 277 21 6427 1
866 35 269 9 1980 1
867 73 276 25 7943 1
868 37 271 8 2312 1
869 30 270 14 5403 1
870 43 250 9 2721 1
871 60 271 12 4593 1
872 44 250 16 2683 1
873 51 241 14 2958 1
874 41 279 20 3496 1
875 81 279 20 3496 1
876 96 281 11 3235 1
877 191 281 11 3235 1
878 103 271 12 3127 1
879 37 287 20 4393 1
880 42 281 14 5879 1
881 83 281 14 5879 1
882 124 281 14 5879 1
883 165 281 14 5879 1
884 39 283 12 4997 1
885 29 294 19 8355 1
886 57 294 19 8355 1
887 43 276 15 4794 1
888 85 276 15 4794 1
889 43 250 18 5179 1
890 83 265 15 2494 1
891 50 292 22 9302 1
892 48 275 11 2252 1
893 44 279 17 5165 1
894 87 279 17 5165 1
895 130 279 17 5165 1
896 44 295 9 1783 1
897 87 295 9 1783 1
898 130 295 9 1783 1
899 43 266 15 5055 1
900 85 266 15 5055 1
901 127 266 15 5055 1
902 169 266 15 5055 1
903 211 266 15 5055 1
904 61 262 23 8523 1
905 121 262 23 8523 1
906 181 262 23 8523 1
907 241 262 23 8523 1
908 43 294 21 8212 1
909 27 263 19 5093 1
910 44 290 7 2229 1
911 87 290 7 2229 1
912 130 290 7 2229 1
913 173 290 7 2229 1
914 172 247 27 5150 1
915 37 280 37 5344 1
916 45 250 8 1953 1
917 36 279 14 2896 1
918 42 261 24 7769 1
919 83 261 24 7769 1
920 44 285 16 4200 1
921 42 282 13 3710 1
922 42 275 9 2503 1
923 83 275 9 2503 1
924 44 270 23 3577 1
925 45 277 20 8163 1
926 37 294 19 8191 1
927 2 277 27 5345 1
928 43 267 10 2429 1
929 157 268 16 4678 1
930 35 281 13 3003 1
931 69 281 13 3003 1
932 42 278 17 5169 1
933 42 276 10 1975 1
934 23 279 22 8216 1
935 243 347 61 16550 1
936 50 325 28 7253 1
937 44 302 21 9381 1
938 23 347 13 2974 1
939 57 305 8 3087 1
940 101 334 30 5942 1
941 37 340 16 5210 1
942 97 301 10 3098 1
943 51 305 10 2811 1
944 78 305 27 10288 1
945 50 318 28 8695 1
946 19 319 17 5295 1
947 3 305 12 2750 1
948 49 334 18 7381 1
949 57 336 14 6496 1
950 121 304 17 5305 1
951 43 323 12 4014 1
952 44 324 31 9066 1
953 42 319 14 3341 1
954 58 335 15 4210 1
955 43 305 18 3110 1
956 32 316 17 3876 1
957 45 300 10 3063 1
958 37 333 21 6504 1
959 47 318 20 6376 1
960 44 324 13 3817 1
961 46 340 24 7513 1
962 50 332 9 3815 1
963 45 337 14 2512 1
964 48 301 13 3321 1
965 43 329 7 1199 1
966 136 300 46 14719 1
967 42 321 12 4704 1
968 57 337 19 7654 1
969 55 323 22 5460 1
970 36 337 24 5733 1
971 42 300 6 998 1
972 58 347 14 4354 1
973 58 324 16 4164 1
974 115 324 16 4164 1
975 41 324 44 10448 1
976 36 334 14 4619 1
977 51 323 25 7097 1
978 20 302 6 1284 1
979 62 301 20 3078 1
980 44 332 13 2618 1
981 87 332 13 2618 1
982 97 316 12 2597 1
983 50 336 15 6355 1
984 100 300 20 4591 1
985 42 318 45 15276 1
986 134 324 22 7766 1
987 107 332 34 16424 1
988 48 347 13 5962 1
989 47 332 11 4285 1
990 142 329 26 6032 1
991 43 336 18 4259 1
992 85 336 18 4259 1
993 41 334 17 7869 1
994 45 304 11 4347 1
995 44 336 16 6812 1
996 87 336 16 6812 1
997 130 336 16 6812 1
998 173 336 16 6812 1
999 171 318 20 3922 1
1000 56 319 26 6796 1
1001 111 319 26 6796 1
1002 166 319 26 6796 1
1003 42 336 75 36113 1
1004 83 336 75 36113 1
1005 42 347 23 11395 1
1006 13 318 23 6596 1
1007 45 302 35 8768 1
1008 43 300 25 9249 1
1009 41 301 24 10728 1
1010 58 301 13 2019 1
1011 51 347 45 13682 1
1012 58 304 16 2927 1
1013 46 323 37 16449 1
1014 37 336 36 12522 1
1015 57 336 15 2883 1
1016 49 336 12 3737 1
1017 97 336 12 3737 1
1018 44 316 16 6307 1
1019 58 319 24 6421 1
1020 43 323 34 12777 1
1021 85 323 34 12777 1
1022 43 332 26 11331 1
1023 113 336 12 2295 1
1024 42 324 16 4430 1
1025 2 364 41 10684 1
1026 113 351 44 19238 1
1027 3 366 24 6713 1
1028 5 366 24 6713 1
1029 15 366 4 1376 1
1030 29 366 4 1376 1
1031 6 366 75 30681 1
1032 113 351 23 8873 1
1033 8 364 163 34073 1
1034 6 349 30 7178 1
1035 11 349 30 7178 1
1036 51 349 18 7946 1
1037 141 349 66 31708 1
26
500 500 500 500 500 500 500 500 500 500 500 500 500 500 500 500 500 500 500 500 500 500 500 500 500 500 