1037
1 3 100 2 107 1
2 5 100 2 107 1
3 7 100 2 107 1
4 9 100 2 107 1
5 11 100 2 107 1
6 13 100 2 107 1
7 4 100 2 188 1
8 1 85 1 43 1
9 19 75 1 99 1
10 37 75 1 99 1
11 19 85 4 233 1
12 37 85 4 233 1
13 5 99 4 246 1
14 30 75 1 75 1
15 59 75 1 75 1
16 88 75 1 75 1
17 117 75 1 75 1
18 2 75 3 237 1
19 2 85 2 132 1
20 3 75 8 658 1
21 5 75 8 658 1
22 7 75 8 658 1
23 26 99 3 379 1
24 51 99 3 379 1
25 76 99 3 379 1
26 25 75 1 58 1
27 4 75 4 350 1
28 22 99 4 422 1
29 1 75 3 264 1
30 4 100 2 252 1
31 9 85 1 113 1
32 17 85 1 113 1
33 4 100 2 234 1
34 7 100 2 234 1
35 10 100 2 234 1
36 3 75 3 285 1
37 5 75 3 285 1
38 7 75 3 285 1
39 9 75 3 285 1
40 11 75 3 285 1
41 4 100 6 473 1
42 7 100 6 473 1
43 35 85 2 188 1
44 3 99 1 108 1
45 5 99 1 108 1
46 3 99 2 138 1
47 4 85 3 303 1
48 7 85 3 303 1
49 10 85 3 303 1
50 13 85 3 303 1
51 16 85 3 303 1
52 3 85 2 216 1
53 5 85 2 216 1
54 7 85 2 216 1
55 9 85 2 216 1
56 2 99 3 202 1
57 2 99 7 473 1
58 33 100 1 85 1
59 65 100 1 85 1
60 3 75 5 234 1
61 5 75 5 234 1
62 8 116 9 1325 1
63 15 116 9 1325 1
64 8 108 13 886 1
65 8 124 9 647 1
66 15 124 9 647 1
67 22 124 9 647 1
68 29 124 9 647 1
69 18 116 9 605 1
70 35 116 9 605 1
71 52 116 9 605 1
72 69 116 9 605 1
73 9 115 12 1396 1
74 17 115 12 1396 1
75 13 102 8 941 1
76 17 115 11 1708 1
77 33 115 11 1708 1
78 49 115 11 1708 1
79 65 115 11 1708 1
80 81 115 11 1708 1
81 10 147 12 2322 1
82 9 134 9 1467 1
83 9 121 12 2120 1
84 8 136 10 1614 1
85 9 147 13 1123 1
86 17 147 13 1123 1
87 8 121 11 1494 1
88 15 121 11 1494 1
89 22 121 11 1494 1
90 29 121 11 1494 1
91 36 121 11 1494 1
92 43 121 11 1494 1
93 50 121 11 1494 1
94 13 139 13 1709 1
95 9 146 12 2137 1
96 9 144 7 822 1
97 9 136 14 1312 1
98 8 124 14 1683 1
99 10 102 5 758 1
100 19 102 5 758 1
101 8 142 8 1608 1
102 15 142 8 1608 1
103 22 142 8 1608 1
104 29 142 8 1608 1
105 36 142 8 1608 1
106 43 142 8 1608 1
107 8 145 17 1728 1
108 16 140 13 1343 1
109 8 133 15 1111 1
110 15 133 15 1111 1
111 22 133 15 1111 1
112 19 148 10 1940 1
113 8 146 10 1492 1
114 8 102 4 484 1
115 14 141 15 1413 1
116 27 141 15 1413 1
117 40 141 15 1413 1
118 8 109 13 777 1
119 9 102 11 1627 1
120 17 102 11 1627 1
121 25 102 11 1627 1
122 33 102 11 1627 1
123 41 102 11 1627 1
124 8 124 13 1255 1
125 15 149 10 903 1
126 9 145 11 1942 1
127 7 121 9 849 1
128 15 115 11 1029 1
129 29 115 11 1029 1
130 33 125 10 1476 1
131 14 116 12 1079 1
132 27 116 12 1079 1
133 8 102 7 523 1
134 15 102 7 523 1
135 161 149 6 894 1
136 20 125 11 1904 1
137 13 141 13 2437 1
138 9 141 16 1145 1
139 17 141 16 1145 1
140 25 141 16 1145 1
141 33 141 16 1145 1
142 8 125 6 441 1
143 8 134 11 1200 1
144 9 122 9 1585 1
145 17 122 9 1585 1
146 25 122 9 1585 1
147 8 135 19 2320 1
148 8 142 14 1874 1
149 15 142 14 1874 1
150 22 142 14 1874 1
151 8 147 18 1625 1
152 15 147 18 1625 1
153 22 147 18 1625 1
154 22 141 21 3646 1
155 14 108 7 710 1
156 8 135 5 980 1
157 15 143 9 1299 1
158 9 138 13 2321 1
159 17 138 13 2321 1
160 25 138 13 2321 1
161 33 138 13 2321 1
162 41 138 13 2321 1
163 9 143 7 578 1
164 17 143 7 578 1
165 15 108 5 801 1
166 4 143 13 2523 1
167 8 143 16 2518 1
168 9 147 16 2522 1
169 17 147 16 2522 1
170 25 147 16 2522 1
171 33 147 16 2522 1
172 41 147 16 2522 1
173 49 147 16 2522 1
174 20 138 13 2466 1
175 9 135 18 2694 1
176 17 135 18 2694 1
177 25 135 18 2694 1
178 33 135 18 2694 1
179 8 133 9 1123 1
180 15 133 9 1123 1
181 22 133 9 1123 1
182 29 133 9 1123 1
183 36 133 9 1123 1
184 43 133 9 1123 1
185 50 133 9 1123 1
186 57 133 9 1123 1
187 8 134 15 2919 1
188 11 139 10 1563 1
189 21 139 10 1563 1
190 31 139 10 1563 1
191 15 141 10 2074 1
192 29 141 10 2074 1
193 10 138 12 1046 1
194 19 138 12 1046 1
195 19 134 13 935 1
196 37 134 13 935 1
197 55 134 13 935 1
198 9 130 10 1913 1
199 17 130 10 1913 1
200 8 130 9 1672 1
201 10 108 10 1197 1
202 8 135 9 642 1
203 8 122 9 720 1
204 15 122 9 720 1
205 22 122 9 720 1
206 29 122 9 720 1
207 19 121 8 1356 1
208 37 121 8 1356 1
209 55 121 8 1356 1
210 19 135 13 1519 1
211 13 116 9 1251 1
212 18 147 8 1080 1
213 7 147 12 1228 1
214 8 125 13 1715 1
215 15 125 13 1715 1
216 8 146 14 2365 1
217 8 115 7 673 1
218 10 124 6 1030 1
219 19 124 6 1030 1
220 9 115 4 532 1
221 9 137 9 1800 1
222 8 140 13 2234 1
223 15 140 13 2234 1
224 22 140 13 2234 1
225 6 116 10 1274 1
226 7 116 9 723 1
227 15 147 13 1132 1
228 8 148 10 1400 1
229 15 148 10 1400 1
230 22 148 10 1400 1
231 17 142 7 880 1
232 8 116 16 964 1
233 15 116 16 964 1
234 36 138 13 2085 1
235 9 145 11 1341 1
236 8 138 11 1843 1
237 8 141 12 2109 1
238 15 141 12 2109 1
239 8 143 9 1511 1
240 15 143 9 1511 1
241 8 108 13 808 1
242 15 108 13 808 1
243 14 115 8 597 1
244 9 137 15 1671 1
245 9 138 11 2213 1
246 17 138 11 2213 1
247 25 138 11 2213 1
248 33 138 11 2213 1
249 41 138 11 2213 1
250 49 138 11 2213 1
251 57 138 11 2213 1
252 65 138 11 2213 1
253 9 125 6 547 1
254 17 125 6 547 1
255 8 108 14 1003 1
256 15 108 14 1003 1
257 22 108 14 1003 1
258 29 108 14 1003 1
259 9 148 7 616 1
260 17 148 7 616 1
261 9 121 11 991 1
262 9 143 10 1622 1
263 17 143 10 1622 1
264 12 134 13 1129 1
265 9 122 10 1803 1
266 17 122 10 1803 1
267 25 122 10 1803 1
268 8 144 19 3848 1
269 8 141 9 978 1
270 15 141 9 978 1
271 9 146 9 1518 1
272 17 146 9 1518 1
273 8 109 10 547 1
274 9 102 7 525 1
275 9 148 18 2990 1
276 17 148 18 2990 1
277 16 138 11 2035 1
278 8 136 7 937 1
279 9 135 20 4037 1
280 17 135 20 4037 1
281 25 135 20 4037 1
282 33 135 20 4037 1
283 41 135 20 4037 1
284 14 149 12 1079 1
285 8 139 9 769 1
286 8 133 12 918 1
287 8 147 12 2154 1
288 15 147 12 2154 1
289 8 109 11 781 1
290 15 109 11 781 1
291 22 109 11 781 1
292 9 136 11 2158 1
293 17 136 11 2158 1
294 8 143 8 981 1
295 8 134 14 2277 1
296 15 134 14 2277 1
297 8 102 9 462 1
298 15 102 9 462 1
299 9 138 14 2122 1
300 8 140 10 1563 1
301 16 142 5 983 1
302 18 141 10 831 1
303 35 141 10 831 1
304 8 146 12 1185 1
305 15 146 12 1185 1
306 14 140 10 1133 1
307 7 109 7 635 1
308 13 109 7 635 1
309 8 130 12 1184 1
310 15 130 12 1184 1
311 22 130 12 1184 1
312 29 130 12 1184 1
313 8 125 9 1163 1
314 15 125 9 1163 1
315 22 125 9 1163 1
316 29 125 9 1163 1
317 9 139 17 3285 1
318 17 139 17 3285 1
319 25 139 17 3285 1
320 9 122 11 725 1
321 18 113 9 1219 1
322 35 113 9 1219 1
323 52 113 9 1219 1
324 9 113 7 841 1
325 10 144 12 2111 1
326 19 144 12 2111 1
327 28 144 12 2111 1
328 10 135 12 1843 1
329 19 135 12 1843 1
330 9 137 9 1063 1
331 9 144 11 1829 1
332 8 136 10 2016 1
333 15 136 10 2016 1
334 8 115 9 553 1
335 9 125 10 640 1
336 17 125 10 640 1
337 25 125 10 640 1
338 33 125 10 640 1
339 41 125 10 640 1
340 10 116 8 517 1
341 10 113 8 1049 1
342 17 122 12 821 1
343 13 144 12 2390 1
344 15 122 10 1420 1
345 29 122 10 1420 1
346 15 108 9 912 1
347 29 108 9 912 1
348 8 143 15 2655 1
349 19 142 13 1551 1
350 8 133 10 1995 1
351 9 146 17 2270 1
352 13 133 10 997 1
353 25 133 10 997 1
354 9 147 9 1141 1
355 9 125 6 878 1
356 17 125 6 878 1
357 25 125 6 878 1
358 9 113 13 1947 1
359 19 116 11 1106 1
360 8 124 12 1707 1
361 15 124 12 1707 1
362 22 124 12 1707 1
363 29 124 12 1707 1
364 15 141 3 394 1
365 29 141 3 394 1
366 8 124 8 1171 1
367 15 124 8 1171 1
368 8 139 13 1770 1
369 15 139 13 1770 1
370 8 146 8 1448 1
371 14 146 14 2471 1
372 9 141 10 1991 1
373 3 149 12 1634 1
374 5 149 12 1634 1
375 9 116 9 741 1
376 9 148 18 3509 1
377 8 137 11 1790 1
378 14 149 14 2299 1
379 8 149 14 1751 1
380 15 133 13 2341 1
381 9 130 8 1274 1
382 13 102 7 629 1
383 9 140 10 780 1
384 8 136 10 1756 1
385 13 140 8 720 1
386 25 140 8 720 1
387 37 140 8 720 1
388 21 138 16 3135 1
389 8 138 7 904 1
390 15 138 7 904 1
391 8 135 6 497 1
392 21 135 12 1374 1
393 41 135 12 1374 1
394 61 135 12 1374 1
395 8 144 18 2595 1
396 9 122 8 1432 1
397 17 122 8 1432 1
398 25 122 8 1432 1
399 9 113 9 1525 1
400 17 113 9 1525 1
401 25 113 9 1525 1
402 33 113 9 1525 1
403 41 113 9 1525 1
404 9 116 10 819 1
405 17 116 10 819 1
406 25 116 10 819 1
407 8 108 11 1552 1
408 8 133 8 1008 1
409 15 133 8 1008 1
410 22 133 8 1008 1
411 29 133 8 1008 1
412 36 133 8 1008 1
413 43 133 8 1008 1
414 50 133 8 1008 1
415 8 138 11 1135 1
416 9 143 13 2014 1
417 17 143 13 2014 1
418 25 143 13 2014 1
419 8 109 2 286 1
420 15 109 2 286 1
421 22 109 2 286 1
422 6 109 11 656 1
423 11 109 11 656 1
424 9 135 9 1070 1
425 17 142 15 3097 1
426 33 142 15 3097 1
427 49 142 15 3097 1
428 9 143 16 1745 1
429 17 143 16 1745 1
430 25 143 16 1745 1
431 17 125 10 1836 1
432 10 154 8 682 1
433 22 150 13 2786 1
434 21 163 16 2128 1
435 25 151 6 554 1
436 9 167 13 2245 1
437 3 158 14 1483 1
438 23 154 15 1848 1
439 9 174 12 1879 1
440 22 163 11 1225 1
441 21 183 19 4138 1
442 41 183 19 4138 1
443 26 159 3 702 1
444 14 169 23 4287 1
445 16 179 11 2037 1
446 46 154 6 1303 1
447 24 161 8 1416 1
448 8 168 12 2419 1
449 22 159 22 3686 1
450 43 159 22 3686 1
451 35 168 22 4964 1
452 69 168 22 4964 1
453 23 152 22 4419 1
454 45 152 22 4419 1
455 24 168 14 2965 1
456 22 178 9 867 1
457 10 179 18 2465 1
458 24 169 15 1883 1
459 24 174 21 5020 1
460 47 174 21 5020 1
461 70 174 21 5020 1
462 23 151 8 1753 1
463 45 151 8 1753 1
464 2 165 15 1844 1
465 9 173 17 2386 1
466 4 154 9 1501 1
467 20 175 14 2884 1
468 24 182 7 1511 1
469 24 154 13 2346 1
470 9 150 9 839 1
471 28 154 13 2894 1
472 55 154 13 2894 1
473 28 170 14 1436 1
474 21 151 5 590 1
475 8 174 18 4480 1
476 24 150 10 1905 1
477 22 162 12 1025 1
478 43 162 12 1025 1
479 26 161 9 1499 1
480 51 161 9 1499 1
481 1 168 2 483 1
482 9 158 15 2151 1
483 29 162 8 1643 1
484 9 177 7 1800 1
485 18 163 12 2425 1
486 35 163 12 2425 1
487 52 163 12 2425 1
488 69 163 12 2425 1
489 86 163 12 2425 1
490 22 171 9 883 1
491 10 180 16 3173 1
492 27 169 15 2819 1
493 44 159 8 1488 1
494 8 159 21 3803 1
495 1 171 18 1667 1
496 9 177 9 1122 1
497 17 177 9 1122 1
498 55 160 14 1900 1
499 25 152 11 1577 1
500 18 174 7 1803 1
501 189 177 9 1223 1
502 29 151 13 2079 1
503 43 158 15 3392 1
504 8 180 13 1639 1
505 21 162 11 2023 1
506 41 162 11 2023 1
507 38 178 15 2037 1
508 21 167 15 3073 1
509 41 167 15 3073 1
510 8 160 8 1520 1
511 9 170 14 1803 1
512 20 164 10 951 1
513 15 168 13 2864 1
514 9 168 15 1442 1
515 8 169 9 2079 1
516 8 173 23 3392 1
517 11 177 15 2448 1
518 21 177 15 2448 1
519 8 150 13 1379 1
520 9 183 13 1579 1
521 16 179 7 1475 1
522 21 150 8 1230 1
523 24 183 15 2013 1
524 21 173 16 3413 1
525 9 162 9 1982 1
526 17 162 9 1982 1
527 23 155 15 3422 1
528 45 155 15 3422 1
529 22 168 15 3289 1
530 46 183 16 3864 1
531 9 183 13 3084 1
532 9 172 7 1065 1
533 17 172 7 1065 1
534 25 172 7 1065 1
535 33 172 7 1065 1
536 22 170 10 1893 1
537 15 152 24 2417 1
538 21 180 17 3502 1
539 13 150 11 1448 1
540 25 150 11 1448 1
541 37 150 11 1448 1
542 42 159 12 1598 1
543 15 168 5 983 1
544 9 179 10 1909 1
545 14 175 13 1213 1
546 27 175 13 1213 1
547 40 175 13 1213 1
548 44 180 12 1674 1
549 15 174 9 1803 1
550 9 162 16 3845 1
551 17 162 16 3845 1
552 22 165 14 2708 1
553 9 154 12 945 1
554 9 175 14 3087 1
555 41 150 14 3094 1
556 25 150 8 1410 1
557 49 150 8 1410 1
558 24 179 13 1279 1
559 9 152 11 1130 1
560 17 152 11 1130 1
561 9 163 14 3045 1
562 27 170 7 1567 1
563 17 160 9 1243 1
564 24 180 19 4741 1
565 8 180 13 1231 1
566 9 167 18 2193 1
567 17 167 18 2193 1
568 15 152 12 1832 1
569 21 164 18 2932 1
570 41 164 18 2932 1
571 8 161 16 2338 1
572 15 161 16 2338 1
573 9 171 3 667 1
574 8 174 15 2388 1
575 15 174 15 2388 1
576 22 174 15 2388 1
577 22 151 7 630 1
578 9 151 18 1644 1
579 23 158 12 1988 1
580 12 183 10 1471 1
581 23 158 4 901 1
582 2 151 9 1866 1
583 23 159 14 1988 1
584 45 159 14 1988 1
585 10 170 14 1505 1
586 29 151 10 2122 1
587 20 160 16 2664 1
588 97 163 14 3338 1
589 14 183 5 1093 1
590 27 183 5 1093 1
591 37 167 13 2415 1
592 11 158 5 499 1
593 22 151 10 2190 1
594 22 170 11 1792 1
595 11 179 11 2034 1
596 2 159 13 2122 1
597 12 158 13 2435 1
598 8 179 12 1417 1
599 10 162 10 833 1
600 22 162 13 1845 1
601 43 162 13 1845 1
602 29 181 7 1183 1
603 22 158 2 439 1
604 23 178 9 866 1
605 15 150 11 1899 1
606 17 162 8 1356 1
607 20 179 9 2314 1
608 10 173 17 4041 1
609 26 167 11 1928 1
610 43 179 14 1897 1
611 22 182 14 1619 1
612 44 158 8 1592 1
613 23 159 10 1143 1
614 28 161 15 2660 1
615 9 174 13 3254 1
616 23 165 13 1686 1
617 45 165 13 1686 1
618 32 170 20 4670 1
619 63 170 20 4670 1
620 23 158 15 3395 1
621 9 168 16 3010 1
622 5 164 12 1642 1
623 22 182 13 3264 1
624 15 152 15 1359 1
625 22 180 12 2769 1
626 194 174 16 3094 1
627 9 175 12 1660 1
628 17 175 12 1660 1
629 9 160 6 695 1
630 8 159 5 820 1
631 11 183 16 1506 1
632 43 169 8 1257 1
633 9 181 16 2685 1
634 28 223 14 4311 1
635 94 229 9 2987 1
636 29 210 11 2796 1
637 16 221 14 2231 1
638 23 185 5 588 1
639 30 223 13 3784 1
640 34 222 8 1560 1
641 37 209 6 701 1
642 30 210 8 1950 1
643 58 208 15 2530 1
644 43 199 6 780 1
645 30 232 13 4179 1
646 29 217 22 6490 1
647 21 216 10 2541 1
648 37 185 4 867 1
649 39 210 5 1090 1
650 16 189 12 2027 1
651 23 221 9 1448 1
652 30 199 10 1763 1
653 17 199 13 2133 1
654 31 208 9 2199 1
655 29 200 15 2249 1
656 21 191 14 1958 1
657 20 217 7 1433 1
658 28 210 6 1873 1
659 18 212 6 1838 1
660 39 218 9 1130 1
661 77 218 9 1130 1
662 15 195 8 2060 1
663 11 213 17 2584 1
664 28 184 17 3427 1
665 55 184 17 3427 1
666 82 184 17 3427 1
667 9 194 10 1605 1
668 8 212 10 1646 1
669 28 184 12 1914 1
670 20 216 16 2145 1
671 39 216 16 2145 1
672 38 196 20 5133 1
673 30 184 11 2479 1
674 23 220 2 489 1
675 24 232 13 1891 1
676 37 213 13 2058 1
677 73 213 13 2058 1
678 34 184 16 2772 1
679 22 199 6 1281 1
680 16 212 14 2514 1
681 22 223 14 1734 1
682 17 211 18 4841 1
683 29 229 6 1752 1
684 35 185 11 2787 1
685 24 221 6 1925 1
686 35 198 3 812 1
687 29 211 8 1471 1
688 9 221 16 5297 1
689 22 231 16 4878 1
690 24 194 5 1349 1
691 15 211 18 4947 1
692 24 189 8 1012 1
693 10 232 7 2052 1
694 7 213 15 3959 1
695 51 220 4 977 1
696 31 185 13 1617 1
697 61 185 13 1617 1
698 11 184 14 2972 1
699 62 222 11 1605 1
700 24 232 6 2058 1
701 25 212 16 3405 1
702 17 220 13 2447 1
703 34 228 19 6413 1
704 67 228 19 6413 1
705 59 189 9 2422 1
706 21 222 6 1693 1
707 28 222 4 811 1
708 11 213 8 1969 1
709 22 220 11 1577 1
710 43 220 11 1577 1
711 22 185 13 1289 1
712 37 221 14 2248 1
713 30 185 12 3014 1
714 59 185 12 3014 1
715 38 194 15 4286 1
716 15 189 9 1954 1
717 7 192 13 1775 1
718 29 189 14 2661 1
719 8 188 12 2732 1
720 47 231 13 3892 1
721 30 188 11 2371 1
722 31 196 14 2623 1
723 22 192 9 2124 1
724 9 222 11 1680 1
725 29 196 8 794 1
726 20 185 6 898 1
727 41 218 10 1447 1
728 23 213 5 1206 1
729 26 221 17 2886 1
730 6 216 16 4458 1
731 11 216 16 4458 1
732 14 220 6 1303 1
733 23 184 10 2041 1
734 45 184 10 2041 1
735 38 220 8 1173 1
736 16 212 16 3432 1
737 31 212 16 3432 1
738 37 217 14 3849 1
739 17 189 14 1373 1
740 22 227 8 1874 1
741 32 212 15 2500 1
742 20 192 5 860 1
743 18 213 11 3377 1
744 30 212 9 2524 1
745 21 216 13 2501 1
746 15 200 5 1345 1
747 29 200 5 1345 1
748 37 216 8 1609 1
749 48 200 11 2014 1
750 24 208 18 2160 1
751 28 232 24 5588 1
752 24 194 7 859 1
753 47 194 7 859 1
754 70 194 7 859 1
755 93 194 7 859 1
756 22 194 12 2276 1
757 20 220 7 1025 1
758 26 191 9 1586 1
759 28 218 11 3146 1
760 55 218 11 3146 1
761 24 196 12 2214 1
762 47 196 12 2214 1
763 8 218 8 2387 1
764 14 208 10 1533 1
765 27 208 10 1533 1
766 17 212 13 2816 1
767 22 223 11 2212 1
768 21 227 12 1991 1
769 37 229 16 2208 1
770 7 227 9 2443 1
771 5 195 7 1833 1
772 9 195 7 1833 1
773 9 223 12 2966 1
774 9 185 10 1089 1
775 46 259 14 3319 1
776 202 250 11 2973 1
777 47 239 10 3525 1
778 93 239 10 3525 1
779 47 250 12 1677 1
780 46 241 21 4568 1
781 91 241 21 4568 1
782 136 241 21 4568 1
783 80 271 12 2281 1
784 159 271 12 2281 1
785 238 271 12 2281 1
786 44 256 9 1680 1
787 2 278 19 7667 1
788 3 278 19 7667 1
789 11 296 15 4460 1
790 21 296 15 4460 1
791 116 247 23 7211 1
792 55 241 7 856 1
793 63 294 20 6571 1
794 68 247 18 3634 1
795 43 277 12 2737 1
796 85 277 12 2737 1
797 42 269 19 7543 1
798 83 269 19 7543 1
799 124 269 19 7543 1
800 126 269 27 9064 1
801 45 265 16 2950 1
802 44 240 12 1670 1
803 53 255 21 4835 1
804 105 255 21 4835 1
805 157 255 21 4835 1
806 43 262 23 5678 1
807 85 262 23 5678 1
808 127 262 23 5678 1
809 43 296 19 4368 1
810 2 266 18 2648 1
811 50 280 18 6400 1
812 36 267 27 7463 1
813 36 259 18 6617 1
814 51 241 29 5595 1
815 43 282 6 878 1
816 43 279 13 2041 1
817 85 279 13 2041 1
818 44 285 17 5617 1
819 87 285 17 5617 1
820 130 285 17 5617 1
821 43 241 13 3706 1
822 85 241 13 3706 1
823 43 255 14 3820 1
824 43 270 21 4802 1
825 85 270 21 4802 1
826 127 270 21 4802 1
827 169 270 21 4802 1
828 211 270 21 4802 1
829 65 267 10 1511 1
830 54 250 16 3678 1
831 38 262 22 2900 1
832 54 247 14 2029 1
833 107 247 14 2029 1
834 43 280 21 4450 1
835 136 260 8 2415 1
836 55 283 18 5017 1
837 109 283 18 5017 1
838 33 294 15 3911 1
839 65 294 15 3911 1
840 48 278 27 5859 1
841 51 263 13 2580 1
842 42 263 22 7699 1
843 44 263 20 4286 1
844 37 290 10 2270 1
845 45 285 10 3028 1
846 89 285 10 3028 1
847 133 285 10 3028 1
848 25 283 21 3619 1
849 44 270 12 3486 1
850 87 270 12 3486 1
851 130 270 12 3486 1
852 173 270 12 3486 1
853 44 240 6 1688 1
854 43 294 17 7095 1
855 85 294 17 7095 1
856 43 279 20 3988 1
857 44 296 15 4643 1
858 42 266 9 3107 1
859 43 275 14 4554 1
860 43 294 47 10059 1
861 85 294 47 10059 1
862 43 266 5 1656 1
863 85 266 5 1656 1
864 127 266 5 1656 1
865 169 266 5 1656 1
866 211 266 5 1656 1
867 69 262 16 6134 1
868 137 262 16 6134 1
869 36 282 17 3718 1
870 48 275 13 4574 1
871 43 285 22 7115 1
872 85 285 22 7115 1
873 44 282 28 11081 1
874 87 282 28 11081 1
875 42 240 18 2817 1
876 83 240 18 2817 1
877 124 240 18 2817 1
878 2 269 24 4537 1
879 44 269 20 5839 1
880 44 285 26 7012 1
881 49 266 40 8369 1
882 50 271 17 6819 1
883 38 279 10 2553 1
884 37 295 10 2313 1
885 73 295 10 2313 1
886 42 264 15 2947 1
887 37 263 7 2097 1
888 57 240 11 1948 1
889 113 240 11 1948 1
890 169 240 11 1948 1
891 25 240 8 2246 1
892 49 240 8 2246 1
893 73 240 8 2246 1
894 97 240 8 2246 1
895 121 240 8 2246 1
896 225 247 8 2060 1
897 44 239 34 11949 1
898 87 239 34 11949 1
899 130 239 34 11949 1
900 44 259 14 5174 1
901 87 259 14 5174 1
902 44 294 5 2001 1
903 36 263 11 1830 1
904 71 263 11 1830 1
905 51 261 9 2125 1
906 101 261 9 2125 1
907 46 277 25 7285 1
908 54 268 12 2668 1
909 48 280 15 4328 1
910 95 280 15 4328 1
911 44 269 44 13763 1
912 87 269 44 13763 1
913 130 269 44 13763 1
914 173 269 44 13763 1
915 216 269 44 13763 1
916 259 269 44 13763 1
917 17 287 13 2504 1
918 43 290 18 6419 1
919 43 276 12 1727 1
920 44 239 11 2252 1
921 39 241 23 3443 1
922 42 262 7 2076 1
923 83 262 7 2076 1
924 124 262 7 2076 1
925 37 287 6 1976 1
926 43 262 25 3550 1
927 85 262 25 3550 1
928 44 241 10 2818 1
929 87 241 10 2818 1
930 130 241 10 2818 1
931 59 283 6 2034 1
932 117 283 6 2034 1
933 42 275 21 7869 1
934 83 275 21 7869 1
935 36 300 23 9182 1
936 44 336 11 2512 1
937 87 336 11 2512 1
938 43 302 16 5856 1
939 44 323 21 6925 1
940 120 302 29 12925 1
941 121 340 17 5036 1
942 50 324 16 6055 1
943 110 319 35 6148 1
944 90 306 20 4443 1
945 51 306 14 5869 1
946 37 300 10 4384 1
947 16 324 19 4198 1
948 51 323 12 3240 1
949 48 329 55 20433 1
950 59 304 30 6630 1
951 52 318 17 5713 1
952 45 325 15 6851 1
953 43 305 34 14653 1
954 85 305 34 14653 1
955 51 324 27 8717 1
956 93 325 17 6630 1
957 58 324 41 17773 1
958 52 324 15 3940 1
959 43 335 23 5889 1
960 85 335 23 5889 1
961 112 304 17 3788 1
962 44 324 29 4815 1
963 42 316 22 4233 1
964 57 337 16 3974 1
965 50 305 25 7980 1
966 10 337 13 2433 1
967 74 316 18 4301 1
968 61 316 14 3818 1
969 44 337 10 3167 1
970 42 334 25 9989 1
971 44 324 15 2620 1
972 76 335 16 4575 1
973 41 340 18 8737 1
974 81 340 18 8737 1
975 102 324 16 3092 1
976 42 305 24 4345 1
977 12 324 19 6612 1
978 49 340 19 8149 1
979 57 318 20 6451 1
980 128 306 7 3087 1
981 44 347 18 6106 1
982 41 337 41 19934 1
983 81 337 41 19934 1
984 47 340 22 10323 1
985 43 319 24 4775 1
986 66 318 21 4189 1
987 43 321 21 9350 1
988 85 321 21 9350 1
989 21 333 10 4482 1
990 7 329 20 6689 1
991 48 302 17 5661 1
992 142 319 12 4882 1
993 283 319 12 4882 1
994 36 304 8 3377 1
995 47 347 18 3360 1
996 44 335 17 5636 1
997 48 332 13 4005 1
998 95 332 13 4005 1
999 43 301 12 5397 1
1000 85 301 12 5397 1
1001 127 301 12 5397 1
1002 50 337 20 7741 1
1003 42 318 10 4594 1
1004 43 321 14 4153 1
1005 46 316 11 3562 1
1006 43 323 20 5382 1
1007 50 306 24 5765 1
1008 44 332 25 11097 1
1009 57 335 17 5245 1
1010 64 329 24 8465 1
1011 43 329 21 7172 1
1012 8 300 20 8400 1
1013 15 300 20 8400 1
1014 43 337 17 4792 1
1015 35 340 36 6669 1
1016 69 340 36 6669 1
1017 37 321 32 14095 1
1018 51 337 21 7820 1
1019 11 301 14 2464 1
1020 21 301 14 2464 1
1021 57 301 20 7361 1
1022 45 347 41 15913 1
1023 42 321 18 6293 1
1024 83 321 18 6293 1
1025 7 366 56 19104 1
1026 6 350 23 5200 1
1027 61 366 5 2086 1
1028 9 364 15 4148 1
1029 113 349 19 4785 1
1030 160 366 47 13030 1
1031 56 349 40 10870 1
1032 79 349 98 39255 1
1033 4 350 50 13288 1
1034 51 350 37 15672 1
1035 101 350 37 15672 1
1036 151 350 37 15672 1
1037 111 351 57 26701 1
26
500 500 500 500 500 500 500 500 500 500 500 500 500 500 500 500 500 500 500 500 500 500 500 500 500 500 