1037
1 5 100 4 414 1
2 9 100 4 414 1
3 16 75 1 109 1
4 3 100 1 89 1
5 5 100 1 89 1
6 40 75 4 271 1
7 79 75 4 271 1
8 3 75 2 105 1
9 5 75 2 105 1
10 2 85 6 351 1
11 14 99 1 102 1
12 3 100 3 396 1
13 5 100 3 396 1
14 7 100 3 396 1
15 9 100 3 396 1
16 11 100 3 396 1
17 13 100 3 396 1
18 5 100 5 481 1
19 9 100 5 481 1
20 13 100 5 481 1
21 5 85 1 80 1
22 9 85 1 80 1
23 13 85 1 80 1
24 5 100 3 417 1
25 9 100 3 417 1
26 5 99 1 90 1
27 9 99 1 90 1
28 2 75 2 81 1
29 3 75 2 81 1
30 4 75 2 81 1
31 5 75 2 81 1
32 6 75 2 81 1
33 7 75 2 81 1
34 8 75 2 81 1
35 9 75 2 81 1
36 30 99 3 346 1
37 27 99 3 159 1
38 8 85 5 399 1
39 18 100 3 309 1
40 35 100 3 309 1
41 5 100 2 110 1
42 29 85 2 240 1
43 4 100 4 467 1
44 5 99 10 1440 1
45 9 99 10 1440 1
46 2 100 7 909 1
47 3 100 7 909 1
48 24 100 4 245 1
49 15 85 1 97 1
50 29 85 1 97 1
51 43 85 1 97 1
52 57 85 1 97 1
53 3 85 2 160 1
54 3 100 1 145 1
55 32 85 2 212 1
56 4 100 8 711 1
57 2 99 2 233 1
58 3 99 2 233 1
59 4 99 2 233 1
60 5 99 2 233 1
61 3 99 2 178 1
62 8 113 8 532 1
63 8 139 10 1857 1
64 9 109 9 626 1
65 17 109 9 626 1
66 25 109 9 626 1
67 33 109 9 626 1
68 8 133 1 83 1
69 15 133 1 83 1
70 9 138 14 2325 1
71 2 147 16 1628 1
72 8 140 14 1160 1
73 15 140 14 1160 1
74 11 143 12 1976 1
75 9 102 8 979 1
76 8 113 11 1275 1
77 15 113 11 1275 1
78 9 115 12 1610 1
79 17 115 12 1610 1
80 13 125 12 1531 1
81 9 108 10 1496 1
82 17 108 10 1496 1
83 25 108 10 1496 1
84 33 108 10 1496 1
85 41 108 10 1496 1
86 9 135 9 948 1
87 9 138 7 545 1
88 8 113 12 1948 1
89 15 113 12 1948 1
90 22 113 12 1948 1
91 8 136 19 1974 1
92 11 144 7 572 1
93 16 149 14 2657 1
94 31 149 14 2657 1
95 7 109 15 1089 1
96 13 109 15 1089 1
97 10 136 6 480 1
98 19 136 6 480 1
99 28 136 6 480 1
100 17 134 13 1558 1
101 33 134 13 1558 1
102 13 122 10 1276 1
103 25 122 10 1276 1
104 37 122 10 1276 1
105 49 122 10 1276 1
106 61 122 10 1276 1
107 7 143 11 1299 1
108 135 115 4 548 1
109 8 136 8 1481 1
110 12 143 9 1717 1
111 37 146 11 2378 1
112 8 142 9 1125 1
113 15 142 9 1125 1
114 12 113 10 1104 1
115 10 138 11 1730 1
116 9 113 7 427 1
117 17 113 7 427 1
118 1 136 13 2316 1
119 1 136 13 2316 1
120 1 136 13 2316 1
121 1 136 13 2316 1
122 1 136 13 2316 1
123 1 136 13 2316 1
124 1 136 13 2316 1
125 1 136 13 2316 1
126 8 138 18 2094 1
127 15 138 18 2094 1
128 8 124 9 1604 1
129 18 146 11 2281 1
130 10 145 10 849 1
131 8 138 13 1638 1
132 15 138 13 1638 1
133 22 138 13 1638 1
134 14 125 7 511 1
135 27 125 7 511 1
136 40 125 7 511 1
137 15 130 17 2593 1
138 29 130 17 2593 1
139 43 130 17 2593 1
140 8 138 12 1406 1
141 16 133 7 676 1
142 9 133 6 858 1
143 17 133 6 858 1
144 25 133 6 858 1
145 33 133 6 858 1
146 41 133 6 858 1
147 49 133 6 858 1
148 15 133 16 3036 1
149 29 133 16 3036 1
150 5 146 11 2389 1
151 9 137 9 1123 1
152 8 139 11 1555 1
153 15 139 11 1555 1
154 22 139 11 1555 1
155 8 121 12 2173 1
156 15 121 12 2173 1
157 9 140 14 1590 1
158 17 140 14 1590 1
159 10 145 6 814 1
160 19 145 6 814 1
161 8 125 13 1261 1
162 8 141 6 749 1
163 15 141 6 749 1
164 3 122 10 1368 1
165 14 135 9 1394 1
166 27 135 9 1394 1
167 12 142 13 1841 1
168 19 133 15 2204 1
169 8 139 16 1421 1
170 15 139 16 1421 1
171 10 102 11 747 1
172 16 124 12 1370 1
173 31 124 12 1370 1
174 8 140 8 1050 1
175 8 130 11 1447 1
176 8 138 9 1611 1
177 15 138 9 1611 1
178 8 134 10 769 1
179 15 134 10 769 1
180 9 102 3 237 1
181 8 148 17 2531 1
182 8 113 13 881 1
183 15 113 13 881 1
184 8 144 16 1452 1
185 8 130 12 2147 1
186 9 146 11 1120 1
187 11 102 6 354 1
188 21 102 6 354 1
189 31 102 6 354 1
190 41 102 6 354 1
191 51 102 6 354 1
192 8 146 12 1357 1
193 9 140 5 737 1
194 17 140 5 737 1
195 25 140 5 737 1
196 8 102 6 361 1
197 15 102 6 361 1
198 22 102 6 361 1
199 29 102 6 361 1
200 4 116 9 1472 1
201 7 116 9 1472 1
202 7 146 16 3435 1
203 13 146 16 3435 1
204 19 146 16 3435 1
205 8 133 10 770 1
206 20 144 13 1106 1
207 7 134 13 2450 1
208 8 149 9 1426 1
209 15 149 9 1426 1
210 23 141 11 1621 1
211 6 133 9 886 1
212 7 144 12 2314 1
213 13 144 12 2314 1
214 8 121 8 619 1
215 9 115 10 931 1
216 8 141 13 2466 1
217 9 134 19 2693 1
218 12 146 7 514 1
219 9 135 10 1662 1
220 17 135 10 1662 1
221 9 122 12 1126 1
222 17 122 12 1126 1
223 25 122 12 1126 1
224 33 122 12 1126 1
225 41 122 12 1126 1
226 49 122 12 1126 1
227 11 109 13 1730 1
228 21 109 13 1730 1
229 31 109 13 1730 1
230 9 146 14 2765 1
231 17 146 14 2765 1
232 8 148 23 4462 1
233 9 130 12 1373 1
234 17 130 12 1373 1
235 25 130 12 1373 1
236 33 130 12 1373 1
237 8 140 12 1694 1
238 9 139 17 1433 1
239 17 139 17 1433 1
240 25 139 17 1433 1
241 9 137 8 1624 1
242 17 137 8 1624 1
243 25 137 8 1624 1
244 33 137 8 1624 1
245 41 137 8 1624 1
246 8 124 8 1163 1
247 17 145 11 1269 1
248 8 134 11 1768 1
249 15 134 11 1768 1
250 22 134 11 1768 1
251 8 124 14 2125 1
252 8 124 13 1195 1
253 14 146 9 759 1
254 8 140 11 1463 1
255 8 148 8 1244 1
256 15 148 8 1244 1
257 22 148 8 1244 1
258 8 142 11 1369 1
259 9 121 14 1767 1
260 18 148 16 2207 1
261 35 148 16 2207 1
262 52 148 16 2207 1
263 9 116 11 1685 1
264 17 116 11 1685 1
265 25 116 11 1685 1
266 10 140 9 1624 1
267 19 140 9 1624 1
268 28 140 9 1624 1
269 8 122 13 1802 1
270 15 122 13 1802 1
271 9 138 17 2057 1
272 17 138 17 2057 1
273 25 138 17 2057 1
274 13 115 8 493 1
275 25 115 8 493 1
276 13 109 8 1079 1
277 14 108 11 715 1
278 27 108 11 715 1
279 5 149 9 1657 1
280 9 149 9 1657 1
281 9 121 12 1649 1
282 17 121 12 1649 1
283 8 113 13 883 1
284 8 135 14 1595 1
285 15 135 14 1595 1
286 13 141 12 2069 1
287 7 145 9 1867 1
288 9 134 6 1201 1
289 9 108 13 1301 1
290 20 102 7 486 1
291 39 102 7 486 1
292 8 122 6 830 1
293 4 143 5 941 1
294 7 143 5 941 1
295 8 143 11 2141 1
296 15 143 11 2141 1
297 22 143 11 2141 1
298 6 134 6 905 1
299 12 137 13 2466 1
300 23 137 13 2466 1
301 34 137 13 2466 1
302 9 133 10 1014 1
303 17 133 10 1014 1
304 25 133 10 1014 1
305 8 109 10 844 1
306 15 109 10 844 1
307 22 109 10 844 1
308 29 109 10 844 1
309 7 121 6 1069 1
310 13 121 6 1069 1
311 8 109 9 855 1
312 15 109 9 855 1
313 22 109 9 855 1
314 29 109 9 855 1
315 36 109 9 855 1
316 20 141 10 2009 1
317 39 141 10 2009 1
318 8 141 11 2278 1
319 15 141 11 2278 1
320 9 113 16 1247 1
321 9 135 11 1810 1
322 17 135 11 1810 1
323 8 139 7 1103 1
324 15 139 7 1103 1
325 3 115 6 381 1
326 15 115 11 1323 1
327 29 115 11 1323 1
328 10 130 12 2247 1
329 19 130 12 2247 1
330 7 116 9 1511 1
331 19 144 13 1149 1
332 37 144 13 1149 1
333 18 121 5 456 1
334 35 121 5 456 1
335 52 121 5 456 1
336 8 124 13 2220 1
337 15 124 13 2220 1
338 17 137 18 1421 1
339 9 139 7 965 1
340 17 139 7 965 1
341 25 139 7 965 1
342 33 139 7 965 1
343 41 139 7 965 1
344 49 139 7 965 1
345 15 121 11 709 1
346 29 121 11 709 1
347 43 121 11 709 1
348 57 121 11 709 1
349 8 147 16 1538 1
350 15 147 16 1538 1
351 10 137 12 1500 1
352 19 137 12 1500 1
353 10 115 7 1074 1
354 9 115 14 1294 1
355 8 148 11 1207 1
356 15 148 11 1207 1
357 22 148 11 1207 1
358 8 147 15 1892 1
359 15 147 15 1892 1
360 22 147 15 1892 1
361 10 124 13 2046 1
362 8 148 9 1535 1
363 15 148 9 1535 1
364 9 133 15 2316 1
365 9 137 1 188 1
366 9 135 8 621 1
367 17 135 8 621 1
368 19 125 13 1830 1
369 9 147 11 2171 1
370 17 147 11 2171 1
371 9 130 9 1374 1
372 12 139 12 2200 1
373 11 138 11 2184 1
374 21 138 11 2184 1
375 31 138 11 2184 1
376 9 140 3 463 1
377 17 142 9 910 1
378 8 148 12 1288 1
379 8 143 13 1157 1
380 8 108 16 1791 1
381 15 108 16 1791 1
382 22 108 16 1791 1
383 29 108 16 1791 1
384 8 125 11 1502 1
385 15 125 11 1502 1
386 22 125 11 1502 1
387 29 125 11 1502 1
388 8 113 14 1918 1
389 15 113 14 1918 1
390 9 137 17 2162 1
391 9 143 13 2746 1
392 10 140 16 2501 1
393 8 121 13 1817 1
394 14 135 12 2027 1
395 27 135 12 2027 1
396 40 135 12 2027 1
397 53 135 12 2027 1
398 66 135 12 2027 1
399 8 149 17 2429 1
400 15 149 17 2429 1
401 22 149 17 2429 1
402 29 149 17 2429 1
403 36 149 17 2429 1
404 43 149 17 2429 1
405 50 149 17 2429 1
406 9 149 16 3408 1
407 17 149 16 3408 1
408 8 144 19 2563 1
409 15 144 19 2563 1
410 22 144 19 2563 1
411 9 139 8 832 1
412 17 139 8 832 1
413 25 139 8 832 1
414 9 145 20 1812 1
415 17 116 4 312 1
416 8 141 13 1005 1
417 15 141 13 1005 1
418 22 141 13 1005 1
419 29 141 13 1005 1
420 36 141 13 1005 1
421 43 141 13 1005 1
422 9 102 10 1386 1
423 17 102 10 1386 1
424 25 102 10 1386 1
425 33 102 10 1386 1
426 21 102 8 1050 1
427 9 137 12 1069 1
428 17 137 12 1069 1
429 8 135 17 3246 1
430 15 135 17 3246 1
431 8 122 11 824 1
432 9 162 10 2045 1
433 24 152 11 1372 1
434 118 150 12 1850 1
435 14 171 18 4383 1
436 43 163 17 2513 1
437 26 170 20 2100 1
438 9 161 10 1695 1
439 17 161 10 1695 1
440 25 161 10 1695 1
441 24 178 12 1646 1
442 27 172 10 902 1
443 9 174 8 1343 1
444 10 158 19 3109 1
445 22 183 15 4057 1
446 24 183 8 1133 1
447 23 165 21 5189 1
448 9 164 3 472 1
449 16 162 8 1359 1
450 23 183 13 2027 1
451 45 183 13 2027 1
452 31 163 2 238 1
453 61 163 2 238 1
454 8 162 9 1327 1
455 19 176 13 1545 1
456 37 176 13 1545 1
457 9 155 10 922 1
458 8 161 13 2265 1
459 9 161 15 3608 1
460 42 181 19 3760 1
461 9 152 9 1342 1
462 23 181 18 3443 1
463 44 171 1 161 1
464 9 175 10 2305 1
465 20 181 16 2583 1
466 10 152 17 2023 1
467 8 178 10 2055 1
468 15 178 10 2055 1
469 32 169 4 611 1
470 25 171 4 707 1
471 7 160 17 4039 1
472 29 158 9 833 1
473 24 154 12 1677 1
474 47 154 12 1677 1
475 15 165 9 959 1
476 12 173 13 2841 1
477 29 167 9 1717 1
478 22 178 16 1495 1
479 9 176 10 1622 1
480 12 176 13 1426 1
481 10 161 7 975 1
482 23 180 6 1589 1
483 3 158 16 1585 1
484 9 169 6 1150 1
485 21 161 16 2756 1
486 13 177 15 2015 1
487 8 177 15 1867 1
488 22 151 18 3400 1
489 23 171 14 1561 1
490 1 163 6 515 1
491 44 165 12 1490 1
492 8 183 6 811 1
493 17 181 9 1341 1
494 21 172 10 918 1
495 41 172 10 918 1
496 61 172 10 918 1
497 15 173 19 3926 1
498 15 178 14 1432 1
499 14 172 11 1929 1
500 10 151 14 2262 1
501 2 164 7 1698 1
502 11 154 2 357 1
503 23 179 17 3430 1
504 8 161 5 891 1
505 8 164 14 1702 1
506 21 150 6 907 1
507 41 150 6 907 1
508 21 164 13 3171 1
509 25 181 12 3016 1
510 9 179 15 2000 1
511 17 179 15 2000 1
512 8 154 5 516 1
513 8 179 20 4685 1
514 28 151 8 1606 1
515 12 167 18 3669 1
516 35 150 11 1454 1
517 69 150 11 1454 1
518 43 155 16 2669 1
519 11 182 13 1194 1
520 21 182 13 1194 1
521 8 150 12 1472 1
522 30 175 12 2472 1
523 20 152 16 1340 1
524 39 152 16 1340 1
525 25 176 16 2811 1
526 36 167 10 1274 1
527 27 174 19 2856 1
528 2 177 20 3202 1
529 25 168 14 2947 1
530 49 168 14 2947 1
531 7 154 11 1532 1
532 9 172 5 1268 1
533 19 165 1 111 1
534 37 165 1 111 1
535 21 154 5 1081 1
536 29 180 11 2559 1
537 117 158 11 2113 1
538 9 168 10 1923 1
539 8 172 11 1061 1
540 8 168 10 1332 1
541 9 171 10 1858 1
542 8 163 7 1186 1
543 22 170 18 1711 1
544 10 154 7 689 1
545 10 173 12 2872 1
546 23 168 11 2126 1
547 2 164 5 582 1
548 21 150 24 2706 1
549 27 161 14 2113 1
550 23 162 14 1231 1
551 2 170 9 1173 1
552 8 158 4 637 1
553 8 183 13 1210 1
554 15 183 13 1210 1
555 44 170 8 1568 1
556 16 183 12 2402 1
557 9 171 13 2258 1
558 17 171 13 2258 1
559 9 171 9 1826 1
560 22 150 15 3232 1
561 43 150 15 3232 1
562 10 179 12 1540 1
563 24 158 6 1276 1
564 26 170 6 1277 1
565 16 150 10 1056 1
566 9 174 13 2770 1
567 8 155 13 2552 1
568 9 163 15 2790 1
569 15 160 12 1071 1
570 29 168 16 1818 1
571 15 177 10 955 1
572 8 182 12 1619 1
573 15 182 12 1619 1
574 18 176 8 1723 1
575 28 161 14 2970 1
576 23 155 15 2437 1
577 45 155 15 2437 1
578 67 155 15 2437 1
579 15 168 12 2504 1
580 9 162 5 672 1
581 17 162 5 672 1
582 40 182 25 2358 1
583 11 163 12 2835 1
584 23 152 4 882 1
585 24 154 17 2010 1
586 11 169 17 3533 1
587 43 162 12 1223 1
588 14 159 9 793 1
589 22 179 11 1709 1
590 16 179 12 1116 1
591 9 170 6 542 1
592 21 170 11 2325 1
593 8 159 13 1227 1
594 28 178 13 2611 1
595 27 177 12 1741 1
596 30 170 10 1367 1
597 111 176 16 2293 1
598 24 162 8 726 1
599 23 183 11 2128 1
600 46 150 9 1614 1
601 8 183 21 3047 1
602 30 150 7 1036 1
603 9 171 20 3904 1
604 40 170 17 3976 1
605 34 152 12 1082 1
606 15 154 11 1851 1
607 7 180 12 2633 1
608 16 155 8 1165 1
609 30 160 2 340 1
610 59 160 2 340 1
611 1 152 10 1012 1
612 23 150 8 646 1
613 18 150 15 1461 1
614 35 183 15 2441 1
615 9 175 4 763 1
616 15 161 12 1808 1
617 16 150 7 988 1
618 9 152 5 817 1
619 31 168 13 1627 1
620 10 182 14 1532 1
621 9 180 17 4533 1
622 9 164 6 1320 1
623 16 170 4 567 1
624 7 173 15 2988 1
625 8 160 10 1865 1
626 27 178 15 3553 1
627 270 181 19 3112 1
628 11 160 7 574 1
629 30 154 16 3474 1
630 59 154 16 3474 1
631 28 168 22 2139 1
632 22 165 8 1020 1
633 43 165 8 1020 1
634 17 189 9 1472 1
635 33 189 9 1472 1
636 52 229 13 2049 1
637 24 188 5 594 1
638 9 208 14 3952 1
639 24 211 6 1388 1
640 47 211 6 1388 1
641 25 213 14 1825 1
642 16 231 18 6133 1
643 35 212 6 1002 1
644 30 231 17 4054 1
645 59 231 17 4054 1
646 24 199 9 1705 1
647 8 191 9 1507 1
648 15 191 9 1507 1
649 16 186 10 1134 1
650 30 221 1 216 1
651 23 208 13 3163 1
652 26 200 7 933 1
653 71 184 11 1922 1
654 10 210 14 2707 1
655 18 209 22 4432 1
656 17 211 14 2248 1
657 29 222 15 4990 1
658 22 191 12 1872 1
659 30 222 19 3733 1
660 24 197 9 2528 1
661 8 232 15 4440 1
662 24 221 14 4239 1
663 47 221 14 4239 1
664 70 221 14 4239 1
665 22 221 17 3486 1
666 20 217 7 1178 1
667 26 229 10 2229 1
668 51 229 10 2229 1
669 76 229 10 2229 1
670 101 229 10 2229 1
671 126 229 10 2229 1
672 151 229 10 2229 1
673 176 229 10 2229 1
674 17 221 11 3504 1
675 37 188 8 2200 1
676 24 211 18 4530 1
677 47 211 18 4530 1
678 70 211 18 4530 1
679 41 221 11 3225 1
680 23 191 13 2215 1
681 28 202 13 3803 1
682 9 195 8 1770 1
683 14 209 12 3284 1
684 84 191 5 564 1
685 21 213 14 3857 1
686 41 213 14 3857 1
687 47 222 21 4919 1
688 93 222 21 4919 1
689 32 222 9 2200 1
690 28 210 16 2996 1
691 46 216 12 3197 1
692 30 210 7 1344 1
693 59 210 7 1344 1
694 23 199 7 1878 1
695 45 199 7 1878 1
696 35 188 12 2689 1
697 69 188 12 2689 1
698 21 217 16 2824 1
699 23 231 15 4290 1
700 45 231 15 4290 1
701 2 185 11 2564 1
702 8 211 8 2085 1
703 15 211 8 2085 1
704 28 209 12 2365 1
705 23 212 9 1474 1
706 45 212 9 1474 1
707 67 212 9 1474 1
708 30 231 9 1875 1
709 59 231 9 1875 1
710 12 192 2 391 1
711 22 220 19 4146 1
712 50 208 15 3096 1
713 30 213 10 2988 1
714 17 194 10 2743 1
715 32 209 16 4734 1
716 22 193 7 1493 1
717 43 193 7 1493 1
718 64 193 7 1493 1
719 16 229 20 6836 1
720 39 189 7 789 1
721 31 227 18 2481 1
722 29 186 7 811 1
723 29 211 14 3212 1
724 30 220 8 2627 1
725 29 199 9 2348 1
726 29 199 8 906 1
727 34 184 8 1228 1
728 22 223 18 3420 1
729 12 185 6 763 1
730 51 220 8 1078 1
731 16 209 11 1898 1
732 22 218 9 1067 1
733 14 216 17 3474 1
734 7 212 18 2528 1
735 7 217 10 2398 1
736 25 211 9 1436 1
737 49 211 9 1436 1
738 73 211 9 1436 1
739 16 213 1 232 1
740 23 189 11 2390 1
741 15 231 9 2622 1
742 7 197 15 3332 1
743 33 232 19 4887 1
744 7 210 7 1206 1
745 35 188 11 1212 1
746 6 196 12 2480 1
747 11 196 12 2480 1
748 25 232 18 2489 1
749 31 185 6 1582 1
750 28 218 14 3853 1
751 10 211 13 3249 1
752 28 195 6 1506 1
753 35 210 3 649 1
754 15 200 8 1224 1
755 29 218 16 3393 1
756 23 231 15 3231 1
757 45 231 15 3231 1
758 24 223 16 3524 1
759 47 223 16 3524 1
760 7 222 19 2462 1
761 15 199 8 1141 1
762 17 196 15 3326 1
763 21 208 13 2918 1
764 30 196 6 1696 1
765 63 211 22 5090 1
766 125 211 22 5090 1
767 30 228 14 3965 1
768 22 200 13 2572 1
769 32 194 19 4242 1
770 35 212 13 2847 1
771 69 212 13 2847 1
772 30 227 19 3270 1
773 11 197 6 1742 1
774 16 195 10 2689 1
775 180 295 13 4394 1
776 44 268 15 3904 1
777 87 268 15 3904 1
778 35 281 15 5361 1
779 69 281 15 5361 1
780 38 263 16 5881 1
781 65 283 15 5707 1
782 37 263 15 3390 1
783 43 290 19 3141 1
784 85 290 19 3141 1
785 127 290 19 3141 1
786 169 290 19 3141 1
787 44 263 9 3312 1
788 43 262 16 4064 1
789 132 266 17 4054 1
790 42 264 19 5112 1
791 83 264 19 5112 1
792 124 264 19 5112 1
793 44 241 16 3134 1
794 75 260 13 4505 1
795 149 260 13 4505 1
796 42 266 16 3674 1
797 38 241 15 4937 1
798 63 239 10 3371 1
799 125 239 10 3371 1
800 26 295 18 2949 1
801 21 277 33 11510 1
802 44 241 35 9671 1
803 87 241 35 9671 1
804 130 241 35 9671 1
805 173 241 35 9671 1
806 216 241 35 9671 1
807 259 241 35 9671 1
808 302 241 35 9671 1
809 42 264 33 6734 1
810 36 261 15 4240 1
811 42 292 18 4332 1
812 83 292 18 4332 1
813 35 276 13 2100 1
814 49 276 9 3430 1
815 22 296 23 10077 1
816 44 247 23 2855 1
817 43 261 21 3115 1
818 37 292 11 1672 1
819 42 276 34 5385 1
820 42 259 43 6643 1
821 42 296 29 9677 1
822 83 296 29 9677 1
823 89 278 14 2321 1
824 177 278 14 2321 1
825 265 278 14 2321 1
826 353 278 14 2321 1
827 74 268 13 4976 1
828 43 278 18 5101 1
829 112 270 12 2438 1
830 36 241 13 3326 1
831 43 259 23 7157 1
832 85 259 23 7157 1
833 127 259 23 7157 1
834 169 259 23 7157 1
835 37 281 31 5538 1
836 42 261 12 3789 1
837 83 261 12 3789 1
838 63 241 32 9446 1
839 125 241 32 9446 1
840 42 285 9 3152 1
841 83 285 9 3152 1
842 31 261 14 3970 1
843 50 295 23 8090 1
844 66 271 27 4664 1
845 43 259 26 3991 1
846 85 259 26 3991 1
847 44 278 31 7248 1
848 41 276 13 2561 1
849 43 266 20 6168 1
850 85 266 20 6168 1
851 127 266 20 6168 1
852 72 281 17 3050 1
853 143 281 17 3050 1
854 43 292 11 2645 1
855 85 292 11 2645 1
856 127 292 11 2645 1
857 43 240 16 2576 1
858 43 266 15 2757 1
859 29 283 14 5004 1
860 43 264 12 4099 1
861 85 264 12 4099 1
862 2 247 9 3210 1
863 44 287 15 4920 1
864 37 294 12 3056 1
865 43 263 11 2242 1
866 85 263 11 2242 1
867 127 263 11 2242 1
868 82 290 67 22090 1
869 2 278 33 10880 1
870 44 278 13 4082 1
871 88 256 14 4195 1
872 41 259 24 4866 1
873 36 269 16 6030 1
874 50 240 7 1332 1
875 100 259 44 7043 1
876 42 263 21 3280 1
877 44 290 32 13818 1
878 33 287 29 8709 1
879 65 287 29 8709 1
880 97 287 29 8709 1
881 43 292 17 3461 1
882 85 292 17 3461 1
883 4 265 11 4288 1
884 65 240 7 1342 1
885 63 275 7 2302 1
886 41 287 9 2954 1
887 20 276 27 4043 1
888 43 261 22 5562 1
889 44 269 13 3042 1
890 87 269 13 3042 1
891 130 269 13 3042 1
892 43 296 40 15753 1
893 85 296 40 15753 1
894 127 296 40 15753 1
895 169 296 40 15753 1
896 211 296 40 15753 1
897 70 283 21 6524 1
898 54 267 8 3106 1
899 46 282 10 2417 1
900 22 283 18 2819 1
901 3 255 17 4819 1
902 5 255 17 4819 1
903 7 255 17 4819 1
904 54 266 12 3848 1
905 107 266 12 3848 1
906 160 266 12 3848 1
907 213 266 12 3848 1
908 266 266 12 3848 1
909 45 285 25 8735 1
910 89 285 25 8735 1
911 37 285 34 11592 1
912 73 285 34 11592 1
913 43 294 17 5287 1
914 44 265 24 7669 1
915 43 271 9 3446 1
916 85 271 9 3446 1
917 127 271 9 3446 1
918 37 280 13 5285 1
919 73 280 13 5285 1
920 109 280 13 5285 1
921 44 280 14 4807 1
922 87 280 14 4807 1
923 23 295 13 3357 1
924 45 295 13 3357 1
925 44 240 23 5122 1
926 87 240 23 5122 1
927 45 271 20 4016 1
928 44 276 11 2706 1
929 87 276 11 2706 1
930 130 276 11 2706 1
931 84 240 23 8153 1
932 44 292 13 4928 1
933 44 277 11 1658 1
934 43 290 9 3908 1
935 58 347 29 12581 1
936 42 333 20 8046 1
937 49 332 18 6287 1
938 50 340 23 11674 1
939 43 323 32 11210 1
940 57 300 15 2654 1
941 49 302 17 3450 1
942 97 302 17 3450 1
943 44 319 17 4432 1
944 59 329 40 10453 1
945 44 304 10 4076 1
946 77 329 16 7779 1
947 57 321 11 3418 1
948 44 319 10 2842 1
949 36 316 18 6451 1
950 45 324 29 14001 1
951 80 304 19 5175 1
952 44 329 25 10650 1
953 87 329 25 10650 1
954 10 323 23 9998 1
955 43 332 16 3154 1
956 50 332 34 12391 1
957 51 324 19 6928 1
958 47 318 18 3775 1
959 4 334 27 5450 1
960 114 334 33 5549 1
961 44 340 63 29470 1
962 44 335 17 7028 1
963 87 335 17 7028 1
964 37 316 12 2546 1
965 44 302 18 6853 1
966 87 302 18 6853 1
967 37 318 21 9509 1
968 73 318 21 9509 1
969 37 335 24 9057 1
970 59 336 26 6607 1
971 58 332 12 3926 1
972 85 306 12 2867 1
973 169 306 12 2867 1
974 48 335 11 4788 1
975 58 300 31 4849 1
976 102 300 24 3856 1
977 45 323 18 7539 1
978 115 304 34 5387 1
979 36 340 54 13838 1
980 52 305 9 3790 1
981 103 305 9 3790 1
982 56 332 21 9100 1
983 111 332 21 9100 1
984 55 324 14 4681 1
985 45 340 13 2352 1
986 89 340 13 2352 1
987 37 334 19 5289 1
988 103 325 27 8225 1
989 48 323 14 4954 1
990 95 323 14 4954 1
991 57 300 16 6033 1
992 44 301 18 7100 1
993 87 301 18 7100 1
994 43 334 17 4747 1
995 57 332 31 7409 1
996 50 337 18 4671 1
997 42 301 7 2277 1
998 44 347 17 5472 1
999 1 319 12 2631 1
1000 47 335 28 6173 1
1001 44 347 15 5398 1
1002 50 306 10 1853 1
1003 44 306 10 3582 1
1004 50 329 24 10783 1
1005 52 321 14 3390 1
1006 103 321 14 3390 1
1007 53 334 23 11365 1
1008 105 334 23 11365 1
1009 44 334 15 3990 1
1010 52 336 25 5475 1
1011 41 316 15 6544 1
1012 43 340 17 5714 1
1013 85 340 17 5714 1
1014 127 340 17 5714 1
1015 52 337 23 8755 1
1016 103 337 23 8755 1
1017 154 337 23 8755 1
1018 40 301 11 4528 1
1019 45 332 25 11844 1
1020 50 304 20 6073 1
1021 58 300 25 4905 1
1022 50 304 16 3280 1
1023 99 334 19 5403 1
1024 43 329 33 8311 1
1025 6 364 24 11933 1
1026 6 351 28 11415 1
1027 113 350 79 17013 1
1028 114 349 10 2536 1
1029 113 366 6 3145 1
1030 11 349 61 30021 1
1031 56 350 31 11292 1
1032 113 364 22 7840 1
1033 72 351 20 6459 1
1034 114 364 15 2804 1
1035 1 350 8 1464 1
1036 1 350 8 1464 1
1037 136 367 20 8983 1
26
500 500 500 500 500 500 500 500 500 500 500 500 500 500 500 500 500 500 500 500 500 500 500 500 500 500 