1037
1 2 85 7 379 1
2 3 85 7 379 1
3 4 85 7 379 1
4 5 85 7 379 1
5 6 85 7 379 1
6 4 100 6 742 1
7 7 100 6 742 1
8 10 100 6 742 1
9 13 100 6 742 1
10 16 100 6 742 1
11 19 100 6 742 1
12 22 100 6 742 1
13 25 100 6 742 1
14 28 100 6 742 1
15 31 100 6 742 1
16 6 85 3 375 1
17 11 85 3 375 1
18 28 99 4 306 1
19 3 85 3 287 1
20 1 75 4 266 1
21 1 75 4 266 1
22 19 85 6 295 1
23 3 75 3 261 1
24 5 75 3 261 1
25 7 75 3 261 1
26 9 75 3 261 1
27 9 85 4 257 1
28 3 99 3 165 1
29 5 99 3 165 1
30 7 99 3 165 1
31 3 99 1 100 1
32 5 99 1 100 1
33 7 99 1 100 1
34 29 85 2 170 1
35 4 75 5 336 1
36 4 85 1 118 1
37 7 85 1 118 1
38 10 85 1 118 1
39 13 85 1 118 1
40 5 99 3 200 1
41 9 99 3 200 1
42 13 99 3 200 1
43 12 99 3 151 1
44 4 85 3 207 1
45 7 85 3 207 1
46 3 85 2 238 1
47 5 85 2 238 1
48 2 75 2 89 1
49 4 85 3 246 1
50 7 85 3 246 1
51 26 100 2 186 1
52 12 85 3 150 1
53 3 100 2 231 1
54 5 100 2 231 1
55 4 75 1 101 1
56 3 99 11 896 1
57 4 75 2 164 1
58 3 100 5 723 1
59 5 100 5 723 1
60 26 99 8 793 1
61 3 75 2 97 1
62 8 146 9 1733 1
63 16 148 23 2734 1
64 31 148 23 2734 1
65 46 148 23 2734 1
66 19 142 13 2475 1
67 14 109 10 1213 1
68 27 109 10 1213 1
69 8 130 8 1278 1
70 15 130 8 1278 1
71 22 130 8 1278 1
72 29 130 8 1278 1
73 8 138 11 776 1
74 15 138 11 776 1
75 22 138 11 776 1
76 29 138 11 776 1
77 11 143 16 2898 1
78 21 143 16 2898 1
79 31 143 16 2898 1
80 13 138 15 1242 1
81 9 136 15 1850 1
82 9 109 13 2003 1
83 8 145 14 2929 1
84 15 145 14 2929 1
85 22 145 14 2929 1
86 29 145 14 2929 1
87 8 116 10 738 1
88 15 116 10 738 1
89 22 116 10 738 1
90 29 116 10 738 1
91 36 116 10 738 1
92 9 122 7 1055 1
93 9 109 11 1420 1
94 12 142 4 348 1
95 8 136 5 422 1
96 9 102 9 601 1
97 17 102 9 601 1
98 25 102 9 601 1
99 33 102 9 601 1
100 41 102 9 601 1
101 9 134 13 1324 1
102 8 113 13 1322 1
103 15 113 13 1322 1
104 22 113 13 1322 1
105 17 135 13 1016 1
106 33 135 13 1016 1
107 8 139 12 944 1
108 15 139 12 944 1
109 22 139 12 944 1
110 29 139 12 944 1
111 36 139 12 944 1
112 8 146 9 1254 1
113 15 137 19 3071 1
114 29 137 19 3071 1
115 43 137 19 3071 1
116 8 115 11 750 1
117 5 130 10 1598 1
118 9 130 10 1598 1
119 13 130 10 1598 1
120 17 130 10 1598 1
121 11 130 10 1946 1
122 8 149 5 379 1
123 15 149 5 379 1
124 22 149 5 379 1
125 29 149 5 379 1
126 36 149 5 379 1
127 43 149 5 379 1
128 50 149 5 379 1
129 8 136 15 1435 1
130 8 135 13 2315 1
131 15 135 13 2315 1
132 8 102 9 969 1
133 15 102 9 969 1
134 22 102 9 969 1
135 9 133 17 3211 1
136 17 133 17 3211 1
137 8 135 19 1314 1
138 15 135 19 1314 1
139 11 142 14 2542 1
140 10 138 6 1221 1
141 9 143 15 2089 1
142 17 143 15 2089 1
143 25 143 15 2089 1
144 26 139 12 1143 1
145 9 146 11 1166 1
146 17 146 11 1166 1
147 8 144 6 888 1
148 15 144 6 888 1
149 8 140 14 2508 1
150 9 121 10 882 1
151 19 108 6 910 1
152 37 108 6 910 1
153 15 149 8 1589 1
154 9 122 14 1147 1
155 17 122 14 1147 1
156 9 125 12 2074 1
157 17 125 12 2074 1
158 8 115 9 703 1
159 15 115 9 703 1
160 14 137 11 1639 1
161 27 137 11 1639 1
162 9 144 22 4729 1
163 17 144 22 4729 1
164 25 144 22 4729 1
165 33 144 22 4729 1
166 41 144 22 4729 1
167 49 144 22 4729 1
168 9 121 13 1179 1
169 17 121 13 1179 1
170 9 144 7 824 1
171 9 142 11 2007 1
172 16 133 14 1047 1
173 9 136 12 1731 1
174 8 135 10 1892 1
175 19 108 10 999 1
176 9 143 16 3088 1
177 10 141 18 2456 1
178 8 108 6 366 1
179 15 108 6 366 1
180 11 113 7 1154 1
181 21 113 7 1154 1
182 31 113 7 1154 1
183 9 143 10 1444 1
184 5 116 7 661 1
185 8 113 9 1518 1
186 17 108 11 1296 1
187 9 122 13 2054 1
188 6 102 5 433 1
189 11 102 5 433 1
190 8 140 10 901 1
191 15 140 10 901 1
192 13 144 19 4040 1
193 9 145 9 1553 1
194 17 145 9 1553 1
195 12 116 15 1810 1
196 8 109 8 1034 1
197 4 149 11 853 1
198 15 148 13 2540 1
199 12 145 7 997 1
200 4 122 5 595 1
201 7 122 5 595 1
202 10 122 5 595 1
203 13 122 5 595 1
204 9 137 11 1365 1
205 17 137 11 1365 1
206 8 143 7 824 1
207 9 125 13 1059 1
208 17 125 13 1059 1
209 8 141 10 770 1
210 15 141 10 770 1
211 22 141 10 770 1
212 29 141 10 770 1
213 36 141 10 770 1
214 9 124 14 2362 1
215 17 124 14 2362 1
216 8 113 7 860 1
217 15 113 7 860 1
218 8 125 7 1229 1
219 15 125 7 1229 1
220 9 122 10 1135 1
221 17 122 10 1135 1
222 25 122 10 1135 1
223 33 122 10 1135 1
224 41 122 10 1135 1
225 49 122 10 1135 1
226 57 122 10 1135 1
227 65 122 10 1135 1
228 15 142 10 1169 1
229 7 133 14 1008 1
230 11 149 10 1827 1
231 8 143 17 1238 1
232 9 140 16 1571 1
233 17 140 16 1571 1
234 25 140 16 1571 1
235 33 140 16 1571 1
236 41 140 16 1571 1
237 49 140 16 1571 1
238 57 140 16 1571 1
239 8 122 12 1863 1
240 15 122 12 1863 1
241 22 122 12 1863 1
242 10 140 16 1869 1
243 15 124 9 874 1
244 29 124 9 874 1
245 17 124 12 2106 1
246 33 124 12 2106 1
247 9 108 7 949 1
248 17 139 9 938 1
249 8 102 6 429 1
250 15 102 6 429 1
251 22 102 6 429 1
252 29 102 6 429 1
253 11 146 10 1691 1
254 8 116 8 753 1
255 15 116 8 753 1
256 8 140 12 1733 1
257 5 122 6 624 1
258 9 122 6 624 1
259 13 122 6 624 1
260 17 122 6 624 1
261 20 109 14 1769 1
262 8 145 14 1431 1
263 9 133 7 1331 1
264 17 133 7 1331 1
265 9 113 10 1244 1
266 17 113 10 1244 1
267 25 113 10 1244 1
268 33 113 10 1244 1
269 9 135 4 741 1
270 8 113 10 1027 1
271 15 113 10 1027 1
272 9 124 11 1715 1
273 9 124 7 975 1
274 17 124 7 975 1
275 20 109 13 797 1
276 39 109 13 797 1
277 14 143 13 2374 1
278 27 143 13 2374 1
279 9 141 11 1892 1
280 17 141 11 1892 1
281 8 130 10 1067 1
282 15 130 10 1067 1
283 22 130 10 1067 1
284 9 148 11 1632 1
285 13 138 12 1462 1
286 7 147 15 2536 1
287 18 146 27 3893 1
288 8 136 7 1351 1
289 9 135 14 1893 1
290 9 138 10 1764 1
291 6 108 10 894 1
292 9 146 6 619 1
293 17 146 6 619 1
294 25 146 6 619 1
295 8 138 11 2069 1
296 8 143 14 2186 1
297 15 143 14 2186 1
298 9 138 13 1938 1
299 17 138 13 1938 1
300 25 138 13 1938 1
301 33 138 13 1938 1
302 9 138 10 938 1
303 17 138 10 938 1
304 25 138 10 938 1
305 7 116 9 806 1
306 9 116 13 1699 1
307 17 116 13 1699 1
308 9 140 10 1753 1
309 8 113 8 745 1
310 15 113 8 745 1
311 22 113 8 745 1
312 13 148 14 1372 1
313 8 122 6 906 1
314 15 122 6 906 1
315 22 122 6 906 1
316 29 122 6 906 1
317 8 109 9 893 1
318 15 109 9 893 1
319 22 109 9 893 1
320 9 102 9 971 1
321 9 135 8 1522 1
322 17 135 8 1522 1
323 10 135 13 1087 1
324 8 139 10 2012 1
325 14 139 13 1283 1
326 8 125 11 1618 1
327 15 125 11 1618 1
328 21 122 7 968 1
329 11 135 13 1226 1
330 21 135 13 1226 1
331 9 122 10 1057 1
332 17 122 10 1057 1
333 8 125 14 1089 1
334 16 135 10 985 1
335 9 138 10 752 1
336 17 138 10 752 1
337 8 113 8 1160 1
338 5 141 8 797 1
339 9 113 6 856 1
340 9 109 14 1287 1
341 9 113 9 784 1
342 8 108 11 934 1
343 15 108 11 934 1
344 8 125 15 1014 1
345 15 125 15 1014 1
346 22 125 15 1014 1
347 9 135 12 930 1
348 17 135 12 930 1
349 25 135 12 930 1
350 18 149 17 1365 1
351 35 149 17 1365 1
352 52 149 17 1365 1
353 8 124 16 2225 1
354 15 124 16 2225 1
355 9 115 14 2036 1
356 9 113 8 809 1
357 14 142 16 2679 1
358 9 148 10 961 1
359 17 148 10 961 1
360 9 125 15 2334 1
361 17 125 15 2334 1
362 6 139 14 1225 1
363 11 139 14 1225 1
364 16 122 10 1122 1
365 31 122 10 1122 1
366 5 125 9 1412 1
367 9 125 9 1412 1
368 16 125 13 2427 1
369 31 125 13 2427 1
370 8 136 6 605 1
371 15 136 6 605 1
372 19 134 11 2034 1
373 37 134 11 2034 1
374 10 109 10 888 1
375 8 136 13 1154 1
376 10 121 7 584 1
377 19 121 7 584 1
378 28 121 7 584 1
379 36 133 18 2808 1
380 15 133 8 1384 1
381 29 133 8 1384 1
382 43 133 8 1384 1
383 57 133 8 1384 1
384 71 133 8 1384 1
385 85 133 8 1384 1
386 9 142 15 3182 1
387 17 142 15 3182 1
388 25 142 15 3182 1
389 16 125 13 1579 1
390 31 125 13 1579 1
391 46 125 13 1579 1
392 20 134 19 3086 1
393 8 139 14 2737 1
394 15 139 14 2737 1
395 22 139 14 2737 1
396 29 139 14 2737 1
397 12 122 10 1231 1
398 39 141 15 1345 1
399 8 135 6 769 1
400 8 122 14 1030 1
401 13 134 8 1037 1
402 17 141 9 1248 1
403 9 140 12 1626 1
404 15 121 8 517 1
405 29 121 8 517 1
406 9 140 11 1682 1
407 17 140 11 1682 1
408 25 140 11 1682 1
409 33 140 11 1682 1
410 41 140 11 1682 1
411 6 116 12 1521 1
412 11 116 12 1521 1
413 16 116 12 1521 1
414 21 116 12 1521 1
415 26 116 12 1521 1
416 8 143 14 1576 1
417 9 147 9 1314 1
418 17 147 9 1314 1
419 8 141 11 2283 1
420 15 141 11 2283 1
421 22 141 11 2283 1
422 29 141 11 2283 1
423 8 144 10 1873 1
424 8 113 5 843 1
425 9 138 10 1329 1
426 18 142 14 2782 1
427 35 142 14 2782 1
428 20 133 16 2425 1
429 22 144 14 2981 1
430 20 138 8 1249 1
431 39 138 8 1249 1
432 22 173 16 3017 1
433 34 163 14 3024 1
434 24 169 30 5708 1
435 47 169 30 5708 1
436 70 169 30 5708 1
437 9 160 13 2021 1
438 22 163 14 2911 1
439 23 154 4 805 1
440 45 154 4 805 1
441 67 154 4 805 1
442 89 154 4 805 1
443 24 183 10 1778 1
444 47 183 10 1778 1
445 14 181 16 2305 1
446 15 162 16 2569 1
447 23 158 11 1036 1
448 13 170 15 2179 1
449 8 176 1 232 1
450 30 180 9 2205 1
451 59 180 9 2205 1
452 26 179 6 1340 1
453 2 155 8 1319 1
454 29 152 14 2798 1
455 24 163 8 1469 1
456 43 174 14 2934 1
457 15 150 15 1383 1
458 22 160 10 1170 1
459 12 155 13 1992 1
460 17 154 14 1796 1
461 23 177 14 2702 1
462 15 161 10 2271 1
463 29 161 10 2271 1
464 22 182 10 1912 1
465 28 162 9 765 1
466 22 154 16 2419 1
467 22 152 17 3848 1
468 25 162 13 1194 1
469 10 161 12 1304 1
470 19 161 12 1304 1
471 10 180 16 1819 1
472 32 179 7 1702 1
473 63 179 7 1702 1
474 29 167 8 1472 1
475 25 158 8 1510 1
476 15 163 9 1914 1
477 17 163 20 1903 1
478 9 154 14 2219 1
479 9 176 15 3025 1
480 27 152 7 1511 1
481 53 152 7 1511 1
482 79 152 7 1511 1
483 105 152 7 1511 1
484 8 173 16 2428 1
485 22 160 14 3351 1
486 22 176 19 4694 1
487 43 176 19 4694 1
488 8 152 13 1721 1
489 42 181 12 1403 1
490 83 181 12 1403 1
491 23 172 8 1835 1
492 28 169 10 1698 1
493 55 169 10 1698 1
494 23 172 12 1656 1
495 58 179 15 1412 1
496 20 160 17 1743 1
497 39 160 17 1743 1
498 58 160 17 1743 1
499 24 180 12 1396 1
500 23 183 13 3124 1
501 45 183 13 3124 1
502 10 174 15 3002 1
503 15 180 23 5108 1
504 9 183 25 6019 1
505 23 171 4 552 1
506 9 155 10 1148 1
507 17 155 10 1148 1
508 35 181 18 4844 1
509 30 169 1 196 1
510 59 169 1 196 1
511 88 169 1 196 1
512 10 164 10 2296 1
513 9 158 10 2021 1
514 37 180 13 1675 1
515 73 180 13 1675 1
516 41 155 10 1615 1
517 40 174 12 1756 1
518 9 154 9 1580 1
519 23 175 12 2040 1
520 45 175 12 2040 1
521 22 154 14 2090 1
522 21 151 8 670 1
523 41 151 8 670 1
524 61 151 8 670 1
525 14 177 13 1609 1
526 8 164 4 615 1
527 15 164 4 615 1
528 15 177 9 1479 1
529 25 168 13 2888 1
530 49 168 13 2888 1
531 9 174 16 1990 1
532 8 151 9 898 1
533 37 158 4 496 1
534 9 174 3 658 1
535 10 152 4 367 1
536 2 180 7 1100 1
537 11 178 13 1740 1
538 15 163 6 926 1
539 23 168 8 759 1
540 45 168 8 759 1
541 24 173 16 3738 1
542 19 167 6 1247 1
543 22 165 16 1449 1
544 45 170 13 2741 1
545 54 163 10 1510 1
546 6 182 24 6286 1
547 25 167 12 1065 1
548 28 163 21 4891 1
549 32 159 14 2370 1
550 24 177 11 1068 1
551 13 180 12 1282 1
552 18 175 14 1837 1
553 7 170 10 1596 1
554 13 170 10 1596 1
555 18 152 7 735 1
556 44 159 2 210 1
557 9 162 16 3449 1
558 45 165 9 1871 1
559 9 165 10 2180 1
560 17 165 10 2180 1
561 25 165 10 2180 1
562 9 161 9 1634 1
563 17 161 9 1634 1
564 22 158 7 944 1
565 23 165 13 1482 1
566 23 154 6 1382 1
567 25 173 12 2710 1
568 49 173 12 2710 1
569 10 181 11 1080 1
570 29 152 15 3113 1
571 5 155 13 2254 1
572 15 174 26 6732 1
573 29 174 26 6732 1
574 37 152 12 1104 1
575 14 182 16 2964 1
576 27 182 16 2964 1
577 28 169 4 696 1
578 55 169 4 696 1
579 26 161 13 1256 1
580 27 167 10 953 1
581 10 180 12 2719 1
582 22 180 8 1391 1
583 24 181 15 3325 1
584 47 181 15 3325 1
585 70 181 15 3325 1
586 25 171 16 2693 1
587 9 150 13 2035 1
588 2 171 12 1421 1
589 10 179 11 2211 1
590 19 179 11 2211 1
591 24 152 12 1739 1
592 9 168 8 983 1
593 16 165 15 1287 1
594 9 182 12 1559 1
595 30 172 16 2094 1
596 10 162 14 2875 1
597 9 151 7 1463 1
598 8 175 18 4474 1
599 18 180 12 1846 1
600 8 183 9 2161 1
601 22 164 8 786 1
602 8 152 10 923 1
603 24 175 7 656 1
604 23 169 12 3038 1
605 45 169 12 3038 1
606 10 174 11 2747 1
607 12 155 3 363 1
608 45 179 14 1789 1
609 22 161 6 897 1
610 9 161 11 948 1
611 23 168 15 3666 1
612 14 176 12 3081 1
613 25 182 9 900 1
614 35 177 17 2464 1
615 11 150 11 2365 1
616 16 163 15 1364 1
617 26 176 12 2271 1
618 14 151 11 1364 1
619 153 172 15 2355 1
620 38 155 6 836 1
621 1 161 20 2030 1
622 8 169 16 1617 1
623 42 151 6 839 1
624 10 154 13 1561 1
625 27 181 13 3461 1
626 24 152 7 545 1
627 10 168 20 2408 1
628 22 161 8 731 1
629 43 161 8 731 1
630 64 161 8 731 1
631 25 163 13 1644 1
632 22 159 13 1429 1
633 210 161 15 3565 1
634 29 202 9 1806 1
635 10 232 12 3680 1
636 19 232 12 3680 1
637 28 193 12 1762 1
638 25 194 6 745 1
639 28 189 11 2186 1
640 40 188 15 2447 1
641 30 209 10 2002 1
642 49 212 15 3306 1
643 38 195 11 1898 1
644 9 193 22 5135 1
645 37 229 15 4763 1
646 64 227 7 1961 1
647 21 198 8 1635 1
648 41 198 8 1635 1
649 18 229 17 4404 1
650 15 220 20 4546 1
651 9 198 10 1019 1
652 22 196 9 2163 1
653 43 196 9 2163 1
654 82 185 4 398 1
655 35 228 20 5013 1
656 26 213 7 1131 1
657 29 232 16 2160 1
658 6 194 13 2710 1
659 11 194 13 2710 1
660 33 227 13 3615 1
661 28 232 10 2209 1
662 11 228 14 4348 1
663 23 208 12 1336 1
664 39 210 5 1525 1
665 29 221 13 1698 1
666 19 211 9 2649 1
667 10 210 15 3412 1
668 19 210 15 3412 1
669 28 210 15 3412 1
670 34 184 9 877 1
671 22 186 13 3465 1
672 30 211 13 3994 1
673 27 222 16 2761 1
674 26 198 6 1108 1
675 22 229 13 2908 1
676 22 192 14 2853 1
677 43 192 14 2853 1
678 38 220 17 4299 1
679 8 200 3 348 1
680 15 200 3 348 1
681 9 209 12 2521 1
682 7 212 14 4121 1
683 22 231 16 3372 1
684 43 231 16 3372 1
685 64 231 16 3372 1
686 28 197 13 2202 1
687 13 222 21 2797 1
688 30 191 9 2016 1
689 23 199 18 2436 1
690 45 199 18 2436 1
691 42 185 11 2284 1
692 24 210 21 4617 1
693 47 210 21 4617 1
694 25 223 15 2731 1
695 9 209 13 3087 1
696 21 200 2 483 1
697 18 189 17 4194 1
698 30 188 15 3564 1
699 23 193 11 2027 1
700 6 195 13 1587 1
701 40 188 18 4847 1
702 39 217 14 3876 1
703 30 197 10 2715 1
704 36 185 13 2322 1
705 25 229 15 3136 1
706 25 227 19 3977 1
707 30 189 13 2796 1
708 7 231 15 5166 1
709 15 197 11 1385 1
710 16 200 1 200 1
711 37 210 12 1965 1
712 15 232 14 2813 1
713 55 210 12 1830 1
714 17 232 9 1547 1
715 17 186 7 678 1
716 8 197 9 1015 1
717 11 194 12 3017 1
718 6 195 9 1601 1
719 13 188 10 2221 1
720 15 209 11 2507 1
721 30 227 15 3829 1
722 24 193 16 2578 1
723 65 223 18 5719 1
724 23 197 8 1822 1
725 31 210 13 2348 1
726 34 220 14 2164 1
727 29 194 9 2521 1
728 41 228 30 9692 1
729 8 231 12 3890 1
730 26 213 8 1524 1
731 7 202 21 2348 1
732 7 195 11 2080 1
733 13 195 12 3142 1
734 39 202 12 3344 1
735 23 231 12 1565 1
736 45 231 12 1565 1
737 67 231 12 1565 1
738 2 211 10 2935 1
739 22 222 25 5760 1
740 43 222 25 5760 1
741 9 192 9 914 1
742 17 192 9 914 1
743 25 192 9 914 1
744 37 200 9 1531 1
745 34 222 10 2399 1
746 23 221 12 3392 1
747 11 195 14 2766 1
748 42 200 13 2893 1
749 27 210 14 2541 1
750 53 210 14 2541 1
751 79 210 14 2541 1
752 17 184 18 3365 1
753 5 194 11 2307 1
754 8 208 10 1107 1
755 6 194 12 1388 1
756 23 218 13 2011 1
757 26 218 10 2729 1
758 31 221 8 2263 1
759 22 200 16 1775 1
760 14 229 9 1783 1
761 50 189 17 3811 1
762 40 191 12 2220 1
763 45 228 29 9327 1
764 21 221 7 1710 1
765 29 209 15 3629 1
766 16 218 18 5592 1
767 33 216 10 2802 1
768 20 218 16 3495 1
769 23 210 11 2021 1
770 45 210 11 2021 1
771 67 210 11 2021 1
772 36 192 9 1952 1
773 21 229 16 3379 1
774 39 213 6 1107 1
775 44 241 41 14083 1
776 44 265 10 1363 1
777 37 294 18 5504 1
778 43 268 11 1767 1
779 85 268 11 1767 1
780 127 268 11 1767 1
781 169 268 11 1767 1
782 43 275 13 1929 1
783 85 275 13 1929 1
784 127 275 13 1929 1
785 169 275 13 1929 1
786 41 261 31 7569 1
787 81 261 31 7569 1
788 121 261 31 7569 1
789 161 261 31 7569 1
790 201 261 31 7569 1
791 111 296 14 5157 1
792 221 296 14 5157 1
793 331 296 14 5157 1
794 43 295 24 5019 1
795 223 295 18 7855 1
796 50 290 19 4279 1
797 52 285 9 2377 1
798 50 262 13 2687 1
799 71 277 25 4272 1
800 35 295 17 7127 1
801 41 241 21 3043 1
802 35 282 8 1926 1
803 44 241 14 4473 1
804 44 285 23 8957 1
805 87 285 23 8957 1
806 81 268 12 4650 1
807 43 239 40 9052 1
808 16 281 25 4135 1
809 44 278 21 5771 1
810 45 282 19 5490 1
811 89 282 19 5490 1
812 133 282 19 5490 1
813 45 267 5 1469 1
814 47 247 12 3338 1
815 42 278 14 2800 1
816 83 278 14 2800 1
817 47 287 17 4396 1
818 42 275 21 6237 1
819 83 275 21 6237 1
820 3 264 18 4742 1
821 47 247 16 3535 1
822 93 247 16 3535 1
823 44 281 21 3086 1
824 42 292 15 6396 1
825 42 287 22 4399 1
826 83 287 22 4399 1
827 46 266 7 2344 1
828 31 262 13 2244 1
829 61 262 13 2244 1
830 2 294 14 5108 1
831 43 266 29 7628 1
832 85 266 29 7628 1
833 43 279 36 15023 1
834 85 279 36 15023 1
835 2 264 17 3143 1
836 44 240 6 1230 1
837 87 240 6 1230 1
838 130 240 6 1230 1
839 173 240 6 1230 1
840 50 282 20 5585 1
841 45 275 25 3689 1
842 89 275 25 3689 1
843 44 278 10 2154 1
844 87 278 10 2154 1
845 67 294 22 6600 1
846 50 282 9 2894 1
847 24 260 10 3230 1
848 47 260 10 3230 1
849 70 260 10 3230 1
850 93 260 10 3230 1
851 37 292 18 4303 1
852 2 247 8 2095 1
853 42 256 13 3878 1
854 45 277 22 5527 1
855 89 294 17 3955 1
856 177 294 17 3955 1
857 50 261 9 1648 1
858 99 261 9 1648 1
859 148 261 9 1648 1
860 38 268 9 2315 1
861 75 268 9 2315 1
862 112 268 9 2315 1
863 149 268 9 2315 1
864 32 265 15 3930 1
865 51 277 24 5425 1
866 50 264 22 8613 1
867 48 296 11 2188 1
868 95 296 11 2188 1
869 42 294 12 4339 1
870 83 294 12 4339 1
871 51 292 18 4497 1
872 36 255 13 4069 1
873 89 278 28 8558 1
874 177 278 28 8558 1
875 265 278 28 8558 1
876 43 279 24 7728 1
877 36 277 14 4527 1
878 71 277 14 4527 1
879 49 256 9 1361 1
880 36 269 13 1970 1
881 71 269 13 1970 1
882 24 278 16 4357 1
883 52 283 19 7982 1
884 27 259 16 4407 1
885 37 283 33 7248 1
886 73 283 33 7248 1
887 44 262 13 3015 1
888 46 295 13 2833 1
889 54 287 10 2813 1
890 107 287 10 2813 1
891 160 287 10 2813 1
892 45 276 10 3890 1
893 44 279 13 5038 1
894 87 279 13 5038 1
895 43 255 17 2484 1
896 102 247 10 2402 1
897 203 247 10 2402 1
898 226 294 10 3810 1
899 43 256 15 3521 1
900 85 256 15 3521 1
901 127 256 15 3521 1
902 169 256 15 3521 1
903 211 256 15 3521 1
904 42 276 17 5264 1
905 83 276 17 5264 1
906 124 276 17 5264 1
907 37 260 9 2861 1
908 50 239 13 4229 1
909 52 282 18 6105 1
910 20 266 6 2135 1
911 39 266 6 2135 1
912 43 267 13 5118 1
913 85 267 13 5118 1
914 38 285 13 3732 1
915 75 285 13 3732 1
916 40 260 17 5477 1
917 39 269 24 9278 1
918 44 268 27 10455 1
919 84 282 24 5448 1
920 43 239 17 5147 1
921 85 239 17 5147 1
922 127 239 17 5147 1
923 57 281 10 2883 1
924 34 279 13 2143 1
925 35 290 14 5072 1
926 69 290 14 5072 1
927 37 296 17 5171 1
928 73 296 17 5171 1
929 32 277 9 1628 1
930 63 277 9 1628 1
931 94 277 9 1628 1
932 125 277 9 1628 1
933 44 239 10 1958 1
934 87 239 10 1958 1
935 45 323 15 3608 1
936 44 316 11 4822 1
937 87 316 11 4822 1
938 37 325 37 17154 1
939 43 319 20 4090 1
940 58 301 15 4418 1
941 14 301 19 2898 1
942 50 316 16 4329 1
943 42 329 16 4003 1
944 83 329 16 4003 1
945 124 329 16 4003 1
946 165 329 16 4003 1
947 58 301 14 4445 1
948 247 325 12 4680 1
949 79 323 17 7704 1
950 38 347 28 5777 1
951 11 306 18 3517 1
952 21 306 18 3517 1
953 65 334 12 4891 1
954 50 318 9 1567 1
955 9 301 25 8890 1
956 24 321 19 6722 1
957 37 324 14 3453 1
958 57 335 19 6223 1
959 14 304 13 3844 1
960 27 304 13 3844 1
961 39 337 9 4536 1
962 56 336 13 2778 1
963 44 347 25 7795 1
964 87 347 25 7795 1
965 130 347 25 7795 1
966 38 347 8 1497 1
967 11 305 19 3337 1
968 21 305 19 3337 1
969 45 304 23 9914 1
970 43 300 15 5747 1
971 9 301 23 7412 1
972 70 316 13 4684 1
973 51 329 22 7949 1
974 43 302 9 1464 1
975 44 300 6 1761 1
976 87 300 6 1761 1
977 57 304 18 3400 1
978 36 324 28 11830 1
979 37 335 23 7257 1
980 113 318 20 4598 1
981 52 337 30 7904 1
982 42 300 21 4982 1
983 59 321 19 6911 1
984 44 302 18 7369 1
985 87 302 18 7369 1
986 43 319 36 15004 1
987 89 329 10 3760 1
988 44 319 13 6195 1
989 47 336 18 4072 1
990 117 324 20 8796 1
991 45 321 8 1685 1
992 25 329 18 7794 1
993 43 347 22 6894 1
994 43 301 34 8086 1
995 43 329 9 3858 1
996 130 306 31 5926 1
997 57 347 22 7666 1
998 5 337 13 2207 1
999 100 302 34 10586 1
1000 43 318 15 3071 1
1001 85 318 15 3071 1
1002 57 306 23 9180 1
1003 43 302 16 3374 1
1004 85 302 16 3374 1
1005 43 335 26 12699 1
1006 50 325 17 7907 1
1007 37 323 23 9549 1
1008 43 337 10 3677 1
1009 85 337 10 3677 1
1010 201 318 21 9751 1
1011 41 319 18 7888 1
1012 42 333 12 2156 1
1013 83 333 12 2156 1
1014 55 336 13 3479 1
1015 51 337 17 3540 1
1016 44 340 55 17348 1
1017 43 333 22 9020 1
1018 43 321 15 4876 1
1019 47 329 23 8097 1
1020 93 329 23 8097 1
1021 139 329 23 8097 1
1022 185 329 23 8097 1
1023 51 305 30 13607 1
1024 42 324 15 6737 1
1025 108 366 10 2989 1
1026 26 350 18 9301 1
1027 45 350 13 6761 1
1028 53 366 56 12185 1
1029 105 366 56 12185 1
1030 7 366 9 4518 1
1031 114 350 185 77974 1
1032 114 351 18 7277 1
1033 44 366 42 10169 1
1034 150 350 30 11230 1
1035 5 350 9 3239 1
1036 9 350 9 3239 1
1037 44 366 20 10335 1
26
500 500 500 500 500 500 500 500 500 500 500 500 500 500 500 500 500 500 500 500 500 500 500 500 500 500 