1037
1 16 99 2 180 1
2 31 99 2 180 1
3 46 99 2 180 1
4 1 100 1 131 1
5 1 100 1 131 1
6 1 100 1 131 1
7 1 100 1 131 1
8 1 100 1 131 1
9 1 100 1 131 1
10 1 100 1 131 1
11 1 100 1 131 1
12 1 100 1 131 1
13 3 100 6 829 1
14 5 100 6 829 1
15 29 75 2 105 1
16 57 75 2 105 1
17 3 85 3 171 1
18 30 75 3 254 1
19 3 99 2 211 1
20 5 99 2 211 1
21 3 99 1 101 1
22 5 99 1 101 1
23 7 99 1 101 1
24 1 100 7 677 1
25 1 100 7 677 1
26 3 100 3 208 1
27 5 100 3 208 1
28 17 99 2 222 1
29 1 75 4 408 1
30 1 75 4 408 1
31 19 100 2 116 1
32 26 85 3 346 1
33 51 85 3 346 1
34 3 99 2 118 1
35 15 85 2 86 1
36 29 85 2 86 1
37 3 75 4 241 1
38 5 75 4 241 1
39 7 75 4 241 1
40 3 100 1 96 1
41 5 99 4 339 1
42 9 99 4 339 1
43 3 100 1 137 1
44 4 75 1 46 1
45 2 75 3 190 1
46 2 85 2 179 1
47 1 85 3 256 1
48 20 100 5 261 1
49 3 85 2 172 1
50 4 99 2 183 1
51 3 100 4 528 1
52 5 100 4 528 1
53 7 100 4 528 1
54 9 100 4 528 1
55 11 100 4 528 1
56 13 100 4 528 1
57 15 100 4 528 1
58 17 100 4 528 1
59 4 99 5 579 1
60 7 99 5 579 1
61 10 99 5 579 1
62 8 137 12 1052 1
63 15 137 12 1052 1
64 10 144 15 2943 1
65 12 144 14 1985 1
66 8 149 9 944 1
67 10 148 13 2107 1
68 8 122 13 1415 1
69 9 142 15 2039 1
70 20 143 12 2422 1
71 39 143 12 2422 1
72 12 135 8 1086 1
73 8 135 11 1380 1
74 18 143 21 3119 1
75 16 139 15 1892 1
76 8 137 12 2074 1
77 16 139 18 2434 1
78 31 139 18 2434 1
79 46 139 18 2434 1
80 61 139 18 2434 1
81 9 142 8 1282 1
82 6 142 7 1181 1
83 8 144 8 743 1
84 15 144 8 743 1
85 22 144 8 743 1
86 8 136 13 957 1
87 15 136 13 957 1
88 22 136 13 957 1
89 29 136 13 957 1
90 23 137 10 1475 1
91 45 137 10 1475 1
92 8 137 13 1092 1
93 15 137 13 1092 1
94 13 130 6 1064 1
95 25 130 6 1064 1
96 37 130 6 1064 1
97 8 146 14 1302 1
98 9 141 7 811 1
99 8 108 9 1332 1
100 8 124 13 1122 1
101 15 124 13 1122 1
102 22 124 13 1122 1
103 29 124 13 1122 1
104 36 124 13 1122 1
105 8 115 8 744 1
106 15 115 8 744 1
107 22 115 8 744 1
108 29 115 8 744 1
109 36 115 8 744 1
110 8 136 20 1460 1
111 9 121 11 922 1
112 17 121 11 922 1
113 6 121 9 1506 1
114 11 134 13 2276 1
115 9 135 9 687 1
116 17 135 9 687 1
117 8 125 12 2120 1
118 9 148 12 983 1
119 17 148 12 983 1
120 25 148 12 983 1
121 10 122 12 1500 1
122 16 135 16 1129 1
123 9 109 8 826 1
124 17 109 8 826 1
125 25 109 8 826 1
126 35 124 10 746 1
127 9 140 15 2277 1
128 17 140 15 2277 1
129 25 140 15 2277 1
130 33 140 15 2277 1
131 41 140 15 2277 1
132 8 113 13 1171 1
133 11 125 5 805 1
134 92 137 11 1794 1
135 30 122 7 811 1
136 17 133 13 900 1
137 33 133 13 900 1
138 49 133 13 900 1
139 65 133 13 900 1
140 81 133 13 900 1
141 9 149 15 1753 1
142 9 146 10 1504 1
143 2 144 16 3127 1
144 18 125 13 2435 1
145 14 124 9 1343 1
146 10 138 12 1163 1
147 15 102 10 1325 1
148 9 138 12 1718 1
149 8 116 8 857 1
150 8 125 9 1540 1
151 5 141 13 1645 1
152 19 140 12 1607 1
153 37 140 12 1607 1
154 13 148 6 760 1
155 25 148 6 760 1
156 8 135 12 1405 1
157 39 116 8 1200 1
158 8 102 8 916 1
159 8 140 12 1758 1
160 9 139 12 2032 1
161 17 139 12 2032 1
162 25 139 12 2032 1
163 8 108 10 1241 1
164 5 142 12 1264 1
165 12 133 8 599 1
166 23 133 8 599 1
167 8 113 6 724 1
168 15 113 6 724 1
169 22 113 6 724 1
170 8 109 8 1216 1
171 13 122 7 884 1
172 25 122 7 884 1
173 8 109 10 571 1
174 15 109 10 571 1
175 22 109 10 571 1
176 29 109 10 571 1
177 17 122 11 1786 1
178 14 122 13 1251 1
179 27 122 13 1251 1
180 8 149 12 2014 1
181 15 149 12 2014 1
182 22 149 12 2014 1
183 8 136 13 906 1
184 15 136 13 906 1
185 9 137 12 2438 1
186 17 137 12 2438 1
187 25 137 12 2438 1
188 33 137 12 2438 1
189 10 140 10 1910 1
190 19 140 10 1910 1
191 28 140 10 1910 1
192 9 109 7 507 1
193 7 134 9 1512 1
194 9 122 9 982 1
195 8 135 15 1537 1
196 15 135 15 1537 1
197 14 116 8 535 1
198 27 116 8 535 1
199 40 116 8 535 1
200 53 116 8 535 1
201 66 116 8 535 1
202 79 116 8 535 1
203 92 116 8 535 1
204 23 145 13 1459 1
205 10 139 12 1650 1
206 9 148 15 1410 1
207 8 130 23 3330 1
208 17 130 14 2396 1
209 10 137 8 758 1
210 9 135 9 1062 1
211 17 135 9 1062 1
212 25 135 9 1062 1
213 10 115 8 613 1
214 13 142 15 2955 1
215 25 142 15 2955 1
216 28 141 17 3551 1
217 55 141 17 3551 1
218 8 121 15 2360 1
219 8 109 9 770 1
220 15 109 9 770 1
221 8 115 13 882 1
222 9 144 16 2430 1
223 9 146 12 1018 1
224 9 133 15 1692 1
225 12 143 12 1016 1
226 23 143 12 1016 1
227 8 109 9 1418 1
228 8 102 9 541 1
229 15 102 9 541 1
230 10 142 6 1255 1
231 9 116 6 420 1
232 17 116 6 420 1
233 16 142 7 1181 1
234 31 142 7 1181 1
235 46 142 7 1181 1
236 61 142 7 1181 1
237 76 142 7 1181 1
238 91 142 7 1181 1
239 106 142 7 1181 1
240 121 142 7 1181 1
241 19 122 9 926 1
242 8 148 11 1647 1
243 13 145 13 2640 1
244 7 122 14 1017 1
245 13 122 14 1017 1
246 19 122 14 1017 1
247 14 137 9 1411 1
248 27 137 9 1411 1
249 9 149 11 2353 1
250 17 149 11 2353 1
251 25 149 11 2353 1
252 33 149 11 2353 1
253 14 135 9 1513 1
254 27 135 9 1513 1
255 40 135 9 1513 1
256 53 135 9 1513 1
257 15 102 6 850 1
258 29 102 6 850 1
259 9 139 10 1779 1
260 8 141 14 995 1
261 9 143 16 1704 1
262 9 148 12 2052 1
263 17 148 12 2052 1
264 25 148 12 2052 1
265 8 142 19 1421 1
266 16 121 10 983 1
267 9 147 11 1853 1
268 17 147 11 1853 1
269 2 134 11 1696 1
270 8 149 16 2027 1
271 9 149 13 2094 1
272 17 149 13 2094 1
273 25 149 13 2094 1
274 33 149 13 2094 1
275 12 137 15 1681 1
276 7 149 17 1619 1
277 13 149 17 1619 1
278 19 149 17 1619 1
279 15 149 16 1682 1
280 9 122 7 458 1
281 8 142 14 1363 1
282 15 142 14 1363 1
283 22 142 14 1363 1
284 8 122 11 825 1
285 9 136 14 1152 1
286 17 136 14 1152 1
287 25 136 14 1152 1
288 33 136 14 1152 1
289 41 136 14 1152 1
290 49 136 14 1152 1
291 57 136 14 1152 1
292 65 136 14 1152 1
293 18 133 8 917 1
294 18 142 11 1538 1
295 9 139 10 1575 1
296 9 116 12 768 1
297 17 116 12 768 1
298 9 149 18 2197 1
299 16 147 10 2043 1
300 31 147 10 2043 1
301 46 147 10 2043 1
302 61 147 10 2043 1
303 6 102 6 711 1
304 9 149 12 2115 1
305 17 149 12 2115 1
306 25 149 12 2115 1
307 33 149 12 2115 1
308 41 149 12 2115 1
309 49 149 12 2115 1
310 57 149 12 2115 1
311 65 149 12 2115 1
312 9 136 13 2116 1
313 17 136 13 2116 1
314 25 136 13 2116 1
315 8 134 10 1493 1
316 15 134 10 1493 1
317 8 146 15 1621 1
318 10 108 10 1512 1
319 8 130 14 1543 1
320 15 130 14 1543 1
321 22 130 14 1543 1
322 9 148 10 2043 1
323 17 148 10 2043 1
324 25 148 10 2043 1
325 33 148 10 2043 1
326 41 148 10 2043 1
327 9 147 14 1467 1
328 17 147 14 1467 1
329 8 113 9 1331 1
330 9 146 18 3772 1
331 17 146 18 3772 1
332 25 146 18 3772 1
333 33 146 18 3772 1
334 9 136 17 3183 1
335 17 136 17 3183 1
336 25 136 17 3183 1
337 33 136 17 3183 1
338 41 136 17 3183 1
339 49 136 17 3183 1
340 8 141 11 886 1
341 15 141 11 886 1
342 22 141 11 886 1
343 29 141 11 886 1
344 36 141 11 886 1
345 43 141 11 886 1
346 8 121 12 799 1
347 15 121 12 799 1
348 22 121 12 799 1
349 8 130 10 1935 1
350 9 133 7 961 1
351 14 124 13 1943 1
352 27 124 13 1943 1
353 40 124 13 1943 1
354 15 149 8 1097 1
355 8 130 21 2162 1
356 15 130 21 2162 1
357 7 136 10 1770 1
358 13 136 10 1770 1
359 8 109 9 1157 1
360 16 147 17 2796 1
361 9 122 17 2677 1
362 17 122 17 2677 1
363 25 122 17 2677 1
364 43 140 7 1113 1
365 8 147 13 997 1
366 16 146 10 1350 1
367 199 144 7 1056 1
368 18 124 8 539 1
369 15 121 13 1779 1
370 12 135 8 702 1
371 8 116 14 841 1
372 15 116 14 841 1
373 22 116 14 841 1
374 11 147 8 1738 1
375 11 148 10 1318 1
376 20 116 7 1108 1
377 39 116 7 1108 1
378 17 122 10 1274 1
379 33 122 10 1274 1
380 49 122 10 1274 1
381 65 122 10 1274 1
382 8 140 13 1082 1
383 15 140 13 1082 1
384 22 140 13 1082 1
385 12 149 10 955 1
386 23 149 10 955 1
387 34 149 10 955 1
388 17 115 8 698 1
389 7 142 14 2383 1
390 8 138 15 2458 1
391 8 124 5 555 1
392 15 124 5 555 1
393 12 142 9 704 1
394 23 142 9 704 1
395 14 139 14 1163 1
396 8 140 10 1311 1
397 15 140 10 1311 1
398 22 140 10 1311 1
399 10 148 14 1451 1
400 6 108 14 1366 1
401 11 108 14 1366 1
402 16 108 14 1366 1
403 8 113 11 989 1
404 9 138 8 1189 1
405 17 138 8 1189 1
406 8 142 13 2159 1
407 35 140 14 1539 1
408 10 125 14 2425 1
409 19 125 14 2425 1
410 9 109 9 834 1
411 9 135 8 853 1
412 17 135 8 853 1
413 25 135 8 853 1
414 33 135 8 853 1
415 9 140 9 1470 1
416 17 140 9 1470 1
417 25 140 9 1470 1
418 8 109 10 1595 1
419 9 141 10 1123 1
420 17 141 10 1123 1
421 25 141 10 1123 1
422 33 141 10 1123 1
423 41 141 10 1123 1
424 18 108 12 1372 1
425 8 133 11 1804 1
426 17 140 13 984 1
427 8 116 12 947 1
428 8 116 8 939 1
429 15 116 8 939 1
430 22 116 8 939 1
431 8 134 14 1923 1
432 15 180 8 1402 1
433 11 162 13 2248 1
434 22 173 11 1894 1
435 20 183 14 1312 1
436 6 181 14 3374 1
437 11 181 14 3374 1
438 9 178 15 2127 1
439 9 170 10 2253 1
440 22 158 6 942 1
441 23 182 12 1633 1
442 21 174 13 2387 1
443 21 159 12 2337 1
444 41 159 12 2337 1
445 24 182 13 2849 1
446 13 167 16 3018 1
447 33 164 12 2635 1
448 9 150 20 3652 1
449 30 181 14 2963 1
450 17 180 5 605 1
451 9 171 15 1571 1
452 30 172 10 2551 1
453 20 173 16 2020 1
454 10 174 17 3023 1
455 20 175 13 2602 1
456 11 159 12 2751 1
457 24 171 16 3732 1
458 9 170 18 4533 1
459 28 175 6 1310 1
460 21 163 12 1784 1
461 9 167 3 515 1
462 17 167 3 515 1
463 25 167 3 515 1
464 33 167 3 515 1
465 23 180 14 2782 1
466 14 154 7 620 1
467 25 177 6 786 1
468 49 177 6 786 1
469 25 152 9 849 1
470 22 176 6 754 1
471 19 159 16 3772 1
472 10 159 19 4198 1
473 13 171 10 1832 1
474 25 168 20 3312 1
475 49 168 20 3312 1
476 23 159 14 1703 1
477 18 169 10 1843 1
478 15 170 8 1396 1
479 54 167 12 2414 1
480 8 174 21 2363 1
481 8 182 8 1507 1
482 10 175 12 2185 1
483 21 176 12 1209 1
484 41 176 12 1209 1
485 8 159 14 1667 1
486 12 170 5 1076 1
487 17 151 13 1423 1
488 26 168 10 943 1
489 16 177 12 1555 1
490 16 173 19 4136 1
491 8 154 12 2019 1
492 10 150 1 81 1
493 30 160 2 285 1
494 14 172 14 1510 1
495 32 163 16 2378 1
496 8 152 6 785 1
497 15 152 6 785 1
498 22 152 6 785 1
499 24 167 6 1093 1
500 8 177 7 1249 1
501 15 177 7 1249 1
502 22 177 7 1249 1
503 29 177 7 1249 1
504 36 177 7 1249 1
505 8 170 9 1059 1
506 49 155 12 1489 1
507 28 165 6 1144 1
508 10 173 9 889 1
509 27 172 15 3144 1
510 53 172 15 3144 1
511 19 150 9 961 1
512 21 183 13 1799 1
513 21 163 5 516 1
514 62 155 9 1125 1
515 9 170 16 3720 1
516 43 174 14 3245 1
517 28 155 9 1790 1
518 8 161 9 1404 1
519 19 179 17 3630 1
520 22 152 11 1196 1
521 69 176 11 1472 1
522 24 150 5 515 1
523 8 162 17 4098 1
524 23 158 20 3254 1
525 45 158 20 3254 1
526 19 168 11 1896 1
527 11 183 14 2016 1
528 15 175 5 512 1
529 18 158 7 1403 1
530 10 169 14 2732 1
531 28 155 9 1003 1
532 2 180 16 2050 1
533 3 180 16 2050 1
534 120 152 11 2157 1
535 20 177 9 1828 1
536 21 163 11 1483 1
537 25 181 26 5739 1
538 23 163 13 2343 1
539 19 158 17 3368 1
540 20 158 16 2178 1
541 9 182 10 2100 1
542 43 160 13 3117 1
543 9 175 12 1982 1
544 25 152 14 1993 1
545 21 155 8 1240 1
546 41 155 8 1240 1
547 23 159 10 1017 1
548 8 154 11 2316 1
549 15 154 11 2316 1
550 21 159 23 3931 1
551 9 183 14 2431 1
552 23 150 18 3487 1
553 29 179 7 1276 1
554 19 168 12 2584 1
555 15 174 17 3001 1
556 8 177 17 3500 1
557 15 177 17 3500 1
558 11 152 18 1535 1
559 24 167 9 831 1
560 11 151 15 2933 1
561 12 160 8 886 1
562 8 165 9 2041 1
563 27 173 15 2878 1
564 53 173 15 2878 1
565 37 175 20 3866 1
566 9 150 17 3208 1
567 8 178 12 1418 1
568 10 158 8 1465 1
569 2 180 13 3358 1
570 10 181 4 511 1
571 21 176 13 2662 1
572 8 158 12 1472 1
573 30 177 11 1218 1
574 59 177 11 1218 1
575 88 177 11 1218 1
576 24 155 12 2293 1
577 47 155 12 2293 1
578 43 179 14 3621 1
579 28 158 10 1722 1
580 55 158 10 1722 1
581 82 158 10 1722 1
582 8 167 10 2505 1
583 16 161 9 983 1
584 22 175 14 1287 1
585 43 175 14 1287 1
586 8 165 5 751 1
587 16 151 12 1415 1
588 20 168 8 993 1
589 9 169 5 615 1
590 22 161 8 674 1
591 13 162 20 4711 1
592 23 158 19 3370 1
593 9 178 11 2902 1
594 17 178 11 2902 1
595 22 183 9 1024 1
596 43 183 9 1024 1
597 64 183 9 1024 1
598 85 183 9 1024 1
599 29 154 7 912 1
600 142 174 15 2645 1
601 10 168 11 2656 1
602 24 178 10 2454 1
603 47 178 10 2454 1
604 32 183 13 3351 1
605 63 183 13 3351 1
606 9 182 13 1635 1
607 9 170 8 1563 1
608 24 170 15 2488 1
609 35 155 13 2904 1
610 69 155 13 2904 1
611 28 183 13 1295 1
612 14 177 16 1532 1
613 17 154 5 956 1
614 33 154 5 956 1
615 7 169 12 1238 1
616 8 167 15 2416 1
617 24 151 12 1734 1
618 33 170 21 2917 1
619 8 182 11 2753 1
620 15 182 11 2753 1
621 11 171 12 2165 1
622 26 171 7 1271 1
623 51 171 7 1271 1
624 21 177 13 2855 1
625 41 177 13 2855 1
626 83 171 11 1335 1
627 15 170 7 1376 1
628 23 169 6 1401 1
629 11 174 14 2037 1
630 8 178 14 3058 1
631 9 180 2 317 1
632 10 172 8 1860 1
633 44 164 11 1398 1
634 5 213 15 2498 1
635 35 217 13 2514 1
636 22 211 12 3251 1
637 24 216 15 2122 1
638 29 189 6 1659 1
639 36 202 8 1899 1
640 20 209 11 3390 1
641 39 209 11 3390 1
642 30 188 5 1101 1
643 22 198 7 1925 1
644 1 200 18 2476 1
645 19 192 9 1455 1
646 28 185 14 2248 1
647 40 223 10 2156 1
648 15 208 15 2357 1
649 21 210 11 1500 1
650 41 210 11 1500 1
651 61 210 11 1500 1
652 18 211 11 3210 1
653 7 186 21 5011 1
654 87 196 11 1959 1
655 24 194 12 1912 1
656 56 222 14 2983 1
657 37 228 13 1911 1
658 4 220 13 3965 1
659 38 217 19 2445 1
660 28 212 18 3739 1
661 24 209 15 2058 1
662 47 209 15 2058 1
663 16 216 12 2803 1
664 23 223 11 1520 1
665 17 218 9 1354 1
666 33 218 9 1354 1
667 49 218 9 1354 1
668 29 191 6 1456 1
669 11 220 10 3264 1
670 29 192 11 1124 1
671 24 223 19 2977 1
672 14 184 12 2346 1
673 46 195 6 1404 1
674 22 218 11 1463 1
675 24 199 13 1961 1
676 1 209 16 4567 1
677 1 209 16 4567 1
678 73 185 21 4518 1
679 24 197 8 2153 1
680 24 218 6 1401 1
681 8 189 24 5422 1
682 15 189 24 5422 1
683 20 202 12 3373 1
684 15 222 13 2933 1
685 29 229 12 2032 1
686 57 229 12 2032 1
687 74 221 11 2455 1
688 9 185 10 1856 1
689 17 198 7 1781 1
690 14 192 13 3362 1
691 56 195 14 2573 1
692 22 192 15 2538 1
693 21 210 17 2264 1
694 41 210 17 2264 1
695 22 194 18 4632 1
696 32 208 15 3143 1
697 63 208 15 3143 1
698 5 208 12 1451 1
699 22 209 10 1639 1
700 13 199 2 295 1
701 25 199 2 295 1
702 37 199 2 295 1
703 31 231 19 5682 1
704 53 197 9 980 1
705 14 209 15 3581 1
706 21 195 9 2423 1
707 68 188 13 1465 1
708 35 222 7 2305 1
709 41 196 15 3425 1
710 14 193 9 1447 1
711 30 227 8 2231 1
712 20 208 3 772 1
713 36 195 14 3288 1
714 71 195 14 3288 1
715 25 191 11 1355 1
716 29 218 6 1564 1
717 23 229 22 4221 1
718 31 221 15 1728 1
719 61 221 15 1728 1
720 35 185 10 2717 1
721 24 184 4 586 1
722 25 211 13 1687 1
723 23 212 11 2067 1
724 20 194 3 837 1
725 31 212 9 1055 1
726 36 200 5 722 1
727 39 199 9 1624 1
728 26 193 12 1169 1
729 6 189 18 3892 1
730 30 193 9 893 1
731 18 195 12 2568 1
732 8 228 22 5575 1
733 25 232 12 3213 1
734 16 221 19 4853 1
735 26 210 8 2185 1
736 25 213 5 1089 1
737 25 193 12 2650 1
738 49 193 12 2650 1
739 29 208 16 3442 1
740 5 193 9 2569 1
741 16 227 8 1283 1
742 16 185 12 2986 1
743 20 202 1 158 1
744 10 221 9 2838 1
745 27 193 12 1722 1
746 53 193 12 1722 1
747 5 209 14 2818 1
748 10 186 12 1331 1
749 30 218 16 2803 1
750 26 212 5 1361 1
751 2 210 11 2327 1
752 29 231 13 4095 1
753 7 218 15 2523 1
754 27 212 14 2022 1
755 17 197 18 3250 1
756 15 198 9 2595 1
757 22 216 13 3787 1
758 29 210 15 3245 1
759 22 185 12 1476 1
760 30 186 7 1331 1
761 24 229 14 2893 1
762 55 189 14 1781 1
763 38 192 14 1775 1
764 23 188 14 3332 1
765 33 202 11 1837 1
766 19 211 13 3561 1
767 37 211 13 3561 1
768 30 223 16 5325 1
769 30 228 7 1830 1
770 36 210 14 2593 1
771 73 200 9 1867 1
772 29 222 23 4939 1
773 9 185 7 876 1
774 21 209 16 4848 1
775 35 294 24 7542 1
776 26 295 22 8690 1
777 51 295 22 8690 1
778 21 262 11 2994 1
779 41 262 11 2994 1
780 43 263 21 4838 1
781 85 263 21 4838 1
782 127 263 21 4838 1
783 43 267 18 4043 1
784 71 268 46 13829 1
785 141 268 46 13829 1
786 211 268 46 13829 1
787 281 268 46 13829 1
788 351 268 46 13829 1
789 44 287 10 2108 1
790 87 287 10 2108 1
791 130 287 10 2108 1
792 173 287 10 2108 1
793 216 287 10 2108 1
794 259 287 10 2108 1
795 59 262 23 5544 1
796 43 264 17 5080 1
797 42 287 31 4868 1
798 31 260 9 2789 1
799 61 260 9 2789 1
800 91 260 9 2789 1
801 121 260 9 2789 1
802 21 271 8 1237 1
803 44 250 14 3037 1
804 87 250 14 3037 1
805 22 268 17 6001 1
806 16 256 24 4959 1
807 31 256 24 4959 1
808 43 280 8 3137 1
809 106 240 17 3938 1
810 43 263 8 1564 1
811 44 239 9 2354 1
812 87 239 9 2354 1
813 130 239 9 2354 1
814 173 239 9 2354 1
815 43 261 11 4083 1
816 85 261 11 4083 1
817 44 259 15 3006 1
818 87 259 15 3006 1
819 130 259 15 3006 1
820 44 290 12 4267 1
821 52 239 17 3599 1
822 51 295 28 4641 1
823 45 285 18 7085 1
824 89 285 18 7085 1
825 41 287 29 4460 1
826 81 287 29 4460 1
827 15 262 17 4446 1
828 43 279 13 1908 1
829 38 285 17 5652 1
830 43 264 26 6889 1
831 85 264 26 6889 1
832 127 264 26 6889 1
833 169 264 26 6889 1
834 211 264 26 6889 1
835 12 268 6 1695 1
836 23 268 6 1695 1
837 43 263 8 1865 1
838 42 264 34 9013 1
839 44 281 14 4455 1
840 24 292 14 4578 1
841 47 292 14 4578 1
842 37 250 16 5728 1
843 43 292 17 6723 1
844 63 295 28 9173 1
845 45 271 19 6924 1
846 45 276 17 3740 1
847 43 280 28 5705 1
848 44 241 12 2019 1
849 43 292 12 5025 1
850 45 255 11 2511 1
851 89 255 11 2511 1
852 133 255 11 2511 1
853 62 262 7 2110 1
854 123 262 7 2110 1
855 49 278 32 11632 1
856 97 278 32 11632 1
857 76 264 12 1859 1
858 73 276 10 3570 1
859 59 264 14 4524 1
860 43 263 9 2084 1
861 85 263 9 2084 1
862 10 266 34 10078 1
863 37 265 5 1764 1
864 73 265 5 1764 1
865 44 259 15 3729 1
866 43 290 8 1724 1
867 32 241 22 6574 1
868 13 295 15 4796 1
869 25 295 15 4796 1
870 37 295 15 4796 1
871 71 260 11 2534 1
872 141 260 11 2534 1
873 211 260 11 2534 1
874 37 276 12 2315 1
875 64 283 9 2112 1
876 43 264 11 1701 1
877 48 264 9 2546 1
878 44 270 20 2739 1
879 87 270 20 2739 1
880 43 280 18 4579 1
881 45 255 19 6261 1
882 17 264 15 5158 1
883 25 285 7 1154 1
884 49 285 7 1154 1
885 18 287 6 1560 1
886 44 268 12 3604 1
887 37 283 22 4921 1
888 43 241 14 4388 1
889 85 241 14 4388 1
890 44 296 26 6628 1
891 36 264 10 3819 1
892 41 241 28 8028 1
893 24 283 11 4217 1
894 29 268 12 4565 1
895 43 277 27 10195 1
896 85 277 27 10195 1
897 42 292 12 4287 1
898 28 271 7 1136 1
899 36 276 23 5813 1
900 48 282 26 10666 1
901 41 241 9 2102 1
902 81 241 9 2102 1
903 121 241 9 2102 1
904 161 241 9 2102 1
905 80 264 11 2207 1
906 159 264 11 2207 1
907 238 264 11 2207 1
908 42 268 12 3217 1
909 45 261 12 2982 1
910 89 261 12 2982 1
911 51 276 6 2316 1
912 101 276 6 2316 1
913 43 265 9 3104 1
914 268 285 24 7655 1
915 35 294 12 5098 1
916 44 268 11 4357 1
917 87 268 11 4357 1
918 130 268 11 4357 1
919 41 283 13 1849 1
920 42 266 17 5165 1
921 44 282 10 4022 1
922 43 285 16 3445 1
923 49 259 12 1886 1
924 43 264 14 4945 1
925 85 264 14 4945 1
926 127 264 14 4945 1
927 45 295 6 2460 1
928 89 295 6 2460 1
929 22 280 10 1413 1
930 43 280 10 1413 1
931 43 271 7 2744 1
932 85 271 7 2744 1
933 2 282 8 2765 1
934 3 282 8 2765 1
935 105 302 6 2616 1
936 43 336 16 8004 1
937 8 321 20 7990 1
938 15 321 20 7990 1
939 64 306 11 3603 1
940 51 333 22 8245 1
941 44 336 30 9494 1
942 2 329 28 13353 1
943 33 340 27 7732 1
944 45 306 27 12191 1
945 47 325 27 5573 1
946 44 316 14 5222 1
947 7 335 18 4284 1
948 45 347 16 3240 1
949 89 347 16 3240 1
950 50 321 40 18745 1
951 50 323 22 4489 1
952 37 302 15 5794 1
953 9 321 22 4494 1
954 47 319 24 9270 1
955 93 319 24 9270 1
956 42 337 18 7463 1
957 44 302 12 2902 1
958 3 333 14 2361 1
959 54 302 12 2360 1
960 107 302 12 2360 1
961 160 302 12 2360 1
962 213 302 12 2360 1
963 57 332 23 11254 1
964 59 301 11 2184 1
965 144 332 19 7108 1
966 43 325 25 5261 1
967 51 319 20 8747 1
968 53 300 10 2412 1
969 43 336 10 3867 1
970 85 336 10 3867 1
971 127 336 10 3867 1
972 44 302 21 9379 1
973 13 300 22 4184 1
974 35 304 6 1950 1
975 45 329 9 3976 1
976 58 305 22 7659 1
977 257 340 14 6603 1
978 20 334 21 7239 1
979 111 306 16 3650 1
980 63 321 25 5342 1
981 77 329 23 10144 1
982 3 305 36 11853 1
983 37 316 18 8065 1
984 43 340 22 6790 1
985 64 325 29 12767 1
986 49 329 12 3502 1
987 30 305 16 6504 1
988 44 302 11 3246 1
989 6 335 15 4469 1
990 89 321 14 6453 1
991 51 319 14 5934 1
992 87 302 52 17990 1
993 43 340 14 4530 1
994 85 340 14 4530 1
995 44 336 30 10545 1
996 44 319 22 5644 1
997 43 334 69 18996 1
998 125 324 18 5812 1
999 37 325 15 6089 1
1000 45 304 18 7353 1
1001 3 347 11 3172 1
1002 16 301 26 5683 1
1003 80 305 26 5319 1
1004 159 305 26 5319 1
1005 44 301 8 2857 1
1006 43 318 20 8479 1
1007 45 332 20 4438 1
1008 89 332 20 4438 1
1009 46 340 18 3336 1
1010 91 340 18 3336 1
1011 7 316 16 4117 1
1012 43 305 42 16911 1
1013 85 305 42 16911 1
1014 36 335 13 4465 1
1015 42 302 10 2275 1
1016 45 321 12 3949 1
1017 7 305 17 4568 1
1018 37 329 22 6981 1
1019 44 305 56 14821 1
1020 87 305 56 14821 1
1021 43 337 24 8876 1
1022 42 329 22 9165 1
1023 83 329 22 9165 1
1024 124 329 22 9165 1
1025 10 366 44 15453 1
1026 177 349 9 3368 1
1027 11 367 24 8696 1
1028 40 349 137 60221 1
1029 42 351 281 52601 1
1030 114 351 41 16401 1
1031 5 349 33 11182 1
1032 9 349 33 11182 1
1033 10 364 11 4083 1
1034 10 364 14 2666 1
1035 7 364 14 5105 1
1036 46 367 109 47914 1
1037 3 364 17 4575 1
26
500 500 500 500 500 500 500 500 500 500 500 500 500 500 500 500 500 500 500 500 500 500 500 500 500 500 