1037
1 4 100 4 389 1
2 7 100 4 389 1
3 3 85 5 262 1
4 5 85 5 262 1
5 7 85 5 262 1
6 18 85 5 590 1
7 22 99 6 717 1
8 3 75 2 177 1
9 5 75 2 177 1
10 7 75 2 177 1
11 9 75 2 177 1
12 2 85 2 170 1
13 3 85 2 170 1
14 4 99 1 60 1
15 20 99 11 742 1
16 2 75 4 288 1
17 5 75 1 80 1
18 3 85 5 257 1
19 5 85 5 257 1
20 7 85 5 257 1
21 9 85 5 257 1
22 11 85 5 257 1
23 13 85 5 257 1
24 15 85 5 257 1
25 17 85 5 257 1
26 19 85 5 257 1
27 21 85 5 257 1
28 23 85 5 257 1
29 25 85 5 257 1
30 27 85 5 257 1
31 42 85 3 195 1
32 3 99 3 318 1
33 17 85 3 353 1
34 18 99 6 425 1
35 35 99 6 425 1
36 3 85 1 126 1
37 5 85 1 126 1
38 7 85 1 126 1
39 4 75 2 98 1
40 7 75 2 98 1
41 10 75 2 98 1
42 13 75 2 98 1
43 16 75 2 98 1
44 19 75 2 98 1
45 22 75 2 98 1
46 25 75 2 98 1
47 28 75 2 98 1
48 31 75 2 98 1
49 4 100 2 235 1
50 2 85 4 510 1
51 3 85 4 510 1
52 4 85 4 510 1
53 5 85 4 510 1
54 20 99 4 427 1
55 25 99 8 713 1
56 2 100 3 436 1
57 4 100 6 766 1
58 7 100 6 766 1
59 10 100 6 766 1
60 1 75 3 297 1
61 1 75 3 297 1
62 9 134 14 2411 1
63 13 141 7 1240 1
64 15 141 10 1023 1
65 215 137 14 2416 1
66 8 109 10 668 1
67 30 148 17 3341 1
68 7 136 16 1197 1
69 13 136 16 1197 1
70 8 113 12 1354 1
71 9 125 12 1623 1
72 8 147 12 1452 1
73 8 149 10 1561 1
74 9 108 6 636 1
75 22 133 13 901 1
76 6 108 13 1645 1
77 8 125 12 1730 1
78 15 125 12 1730 1
79 22 125 12 1730 1
80 29 125 12 1730 1
81 9 135 11 1229 1
82 18 144 16 3296 1
83 22 135 17 2177 1
84 8 135 11 1526 1
85 8 137 14 1575 1
86 15 137 14 1575 1
87 22 137 14 1575 1
88 29 137 14 1575 1
89 36 137 14 1575 1
90 7 135 11 820 1
91 4 141 14 2543 1
92 7 141 14 2543 1
93 17 148 13 2480 1
94 33 148 13 2480 1
95 7 147 12 1864 1
96 10 137 14 2009 1
97 9 136 10 1487 1
98 17 136 10 1487 1
99 25 136 10 1487 1
100 13 124 11 1190 1
101 25 124 11 1190 1
102 37 124 11 1190 1
103 7 102 9 1073 1
104 13 102 9 1073 1
105 8 147 14 1262 1
106 12 140 20 3767 1
107 7 108 10 1417 1
108 13 108 10 1417 1
109 19 108 10 1417 1
110 9 141 11 2313 1
111 17 141 11 2313 1
112 25 141 11 2313 1
113 8 102 7 959 1
114 15 124 13 1918 1
115 29 124 13 1918 1
116 34 137 13 1372 1
117 9 147 12 2552 1
118 13 130 9 898 1
119 25 130 9 898 1
120 37 130 9 898 1
121 49 130 9 898 1
122 18 134 14 1939 1
123 8 148 11 2102 1
124 15 148 11 2102 1
125 22 148 11 2102 1
126 29 148 11 2102 1
127 12 122 17 2819 1
128 17 140 9 1720 1
129 122 136 10 1349 1
130 4 115 7 654 1
131 7 115 7 654 1
132 9 148 16 1850 1
133 8 145 11 1897 1
134 9 122 13 1335 1
135 17 122 13 1335 1
136 15 140 12 2325 1
137 10 149 13 1752 1
138 19 149 13 1752 1
139 28 149 13 1752 1
140 37 149 13 1752 1
141 12 130 11 1395 1
142 9 121 8 1073 1
143 14 108 8 518 1
144 9 141 9 1274 1
145 17 141 9 1274 1
146 25 141 9 1274 1
147 8 116 9 1051 1
148 15 116 9 1051 1
149 22 116 9 1051 1
150 16 113 10 966 1
151 31 113 10 966 1
152 46 113 10 966 1
153 61 113 10 966 1
154 76 113 10 966 1
155 91 113 10 966 1
156 106 113 10 966 1
157 9 149 20 2929 1
158 8 145 8 1429 1
159 15 145 8 1429 1
160 8 138 10 907 1
161 15 138 10 907 1
162 9 149 15 2552 1
163 9 144 12 2171 1
164 17 144 12 2171 1
165 8 134 17 1756 1
166 15 134 17 1756 1
167 9 102 9 815 1
168 9 145 11 1010 1
169 17 145 11 1010 1
170 22 145 13 2612 1
171 7 144 13 2685 1
172 17 145 14 2482 1
173 8 124 12 1749 1
174 15 124 12 1749 1
175 22 124 12 1749 1
176 8 116 9 1106 1
177 15 116 9 1106 1
178 22 116 9 1106 1
179 29 116 9 1106 1
180 8 143 13 2625 1
181 10 141 8 665 1
182 19 141 8 665 1
183 6 133 15 2379 1
184 8 146 6 1061 1
185 5 147 9 822 1
186 9 122 11 1345 1
187 17 122 11 1345 1
188 288 142 9 814 1
189 9 146 7 659 1
190 17 146 7 659 1
191 25 146 7 659 1
192 7 135 11 1127 1
193 8 147 15 1108 1
194 15 147 15 1108 1
195 22 147 15 1108 1
196 9 146 10 1572 1
197 19 124 1 146 1
198 8 121 10 941 1
199 9 125 12 1283 1
200 17 125 12 1283 1
201 25 125 12 1283 1
202 9 142 10 2108 1
203 17 142 10 2108 1
204 14 137 6 996 1
205 27 137 6 996 1
206 13 142 9 1410 1
207 14 139 17 2992 1
208 8 108 6 915 1
209 15 108 6 915 1
210 9 113 9 684 1
211 9 138 9 1527 1
212 17 138 9 1527 1
213 9 109 6 647 1
214 18 102 7 745 1
215 35 102 7 745 1
216 52 102 7 745 1
217 7 122 9 1210 1
218 8 135 8 1223 1
219 9 108 11 647 1
220 7 124 9 1334 1
221 8 144 16 3227 1
222 8 134 5 716 1
223 15 141 13 1842 1
224 29 141 13 1842 1
225 43 141 13 1842 1
226 9 125 12 2153 1
227 5 134 8 860 1
228 15 145 6 1229 1
229 29 145 6 1229 1
230 43 145 6 1229 1
231 57 145 6 1229 1
232 9 140 6 1073 1
233 17 140 6 1073 1
234 25 140 6 1073 1
235 33 140 6 1073 1
236 41 140 6 1073 1
237 49 140 6 1073 1
238 57 140 6 1073 1
239 9 115 11 1456 1
240 8 134 8 1326 1
241 15 134 8 1326 1
242 22 134 8 1326 1
243 29 134 8 1326 1
244 9 146 15 1258 1
245 17 146 15 1258 1
246 9 146 8 877 1
247 8 135 12 1095 1
248 19 139 18 1930 1
249 37 139 18 1930 1
250 13 139 14 2196 1
251 25 139 14 2196 1
252 7 141 12 1572 1
253 10 148 7 570 1
254 19 148 7 570 1
255 28 148 7 570 1
256 37 148 7 570 1
257 46 148 7 570 1
258 8 141 18 3313 1
259 15 141 18 3313 1
260 8 136 11 1537 1
261 8 146 9 953 1
262 20 139 9 1816 1
263 39 139 9 1816 1
264 58 139 9 1816 1
265 14 115 13 1054 1
266 27 115 13 1054 1
267 9 125 10 1176 1
268 8 133 11 987 1
269 15 133 11 987 1
270 22 133 11 987 1
271 29 133 11 987 1
272 8 113 12 1521 1
273 15 113 12 1521 1
274 22 113 12 1521 1
275 8 133 16 1104 1
276 15 133 16 1104 1
277 22 133 16 1104 1
278 9 147 12 1928 1
279 9 130 13 2267 1
280 17 130 13 2267 1
281 25 130 13 2267 1
282 33 130 13 2267 1
283 41 130 13 2267 1
284 20 108 10 1429 1
285 39 108 10 1429 1
286 9 133 9 1598 1
287 17 133 9 1598 1
288 9 108 4 429 1
289 17 108 4 429 1
290 12 139 16 2361 1
291 23 139 16 2361 1
292 34 139 16 2361 1
293 8 113 11 1171 1
294 15 113 11 1171 1
295 22 113 11 1171 1
296 9 122 11 1354 1
297 17 122 11 1354 1
298 6 141 14 1302 1
299 11 141 14 1302 1
300 23 137 11 1806 1
301 45 137 11 1806 1
302 9 115 10 775 1
303 9 146 11 1671 1
304 6 138 12 1434 1
305 11 138 12 1434 1
306 16 148 12 1142 1
307 9 142 7 1016 1
308 17 142 7 1016 1
309 25 142 7 1016 1
310 8 140 7 991 1
311 8 115 8 871 1
312 15 115 8 871 1
313 8 147 10 1606 1
314 15 147 10 1606 1
315 22 147 10 1606 1
316 29 147 10 1606 1
317 9 140 14 2363 1
318 17 140 14 2363 1
319 25 140 14 2363 1
320 33 140 14 2363 1
321 41 140 14 2363 1
322 10 130 19 2064 1
323 8 102 9 1020 1
324 8 148 10 1276 1
325 15 148 10 1276 1
326 7 144 11 945 1
327 13 144 11 945 1
328 8 140 12 975 1
329 15 140 12 975 1
330 22 140 12 975 1
331 8 145 10 867 1
332 9 121 10 1331 1
333 17 145 13 1026 1
334 33 145 13 1026 1
335 5 109 11 1219 1
336 8 136 13 2546 1
337 15 136 13 2546 1
338 9 140 12 2252 1
339 17 140 12 2252 1
340 25 140 12 2252 1
341 33 140 12 2252 1
342 41 140 12 2252 1
343 21 133 5 675 1
344 41 133 5 675 1
345 61 133 5 675 1
346 11 124 10 1100 1
347 11 133 10 1221 1
348 8 147 10 1505 1
349 15 147 10 1505 1
350 9 116 6 590 1
351 17 116 6 590 1
352 9 137 16 2680 1
353 17 137 16 2680 1
354 25 137 16 2680 1
355 8 130 12 2024 1
356 15 142 9 1254 1
357 29 142 9 1254 1
358 9 130 16 2206 1
359 17 130 16 2206 1
360 25 130 16 2206 1
361 9 102 7 403 1
362 17 102 7 403 1
363 9 124 11 1369 1
364 17 124 11 1369 1
365 25 124 11 1369 1
366 33 124 11 1369 1
367 41 124 11 1369 1
368 49 124 11 1369 1
369 57 124 11 1369 1
370 12 141 15 1734 1
371 8 137 12 1318 1
372 15 137 12 1318 1
373 22 137 12 1318 1
374 29 137 12 1318 1
375 36 137 12 1318 1
376 31 144 12 2078 1
377 6 140 17 2108 1
378 11 140 17 2108 1
379 8 121 11 1827 1
380 9 130 10 971 1
381 17 130 10 971 1
382 8 140 11 1513 1
383 8 149 10 1436 1
384 15 149 10 1436 1
385 10 139 13 2610 1
386 12 113 7 511 1
387 9 137 15 2419 1
388 8 116 8 685 1
389 15 116 8 685 1
390 3 121 11 835 1
391 18 136 6 1038 1
392 14 122 11 1645 1
393 27 122 11 1645 1
394 40 122 11 1645 1
395 53 122 11 1645 1
396 13 145 11 1916 1
397 25 145 11 1916 1
398 9 140 11 1090 1
399 9 130 8 838 1
400 17 130 8 838 1
401 25 130 8 838 1
402 8 108 15 837 1
403 8 141 4 393 1
404 8 109 10 1133 1
405 16 145 12 2299 1
406 31 145 12 2299 1
407 12 138 10 1341 1
408 23 138 10 1341 1
409 7 144 11 872 1
410 15 146 13 1457 1
411 7 148 14 1221 1
412 13 148 14 1221 1
413 19 148 14 1221 1
414 2 102 1 148 1
415 3 102 1 148 1
416 17 140 5 732 1
417 21 141 8 1530 1
418 41 141 8 1530 1
419 61 141 8 1530 1
420 3 102 7 481 1
421 5 102 7 481 1
422 7 102 7 481 1
423 9 102 7 481 1
424 8 136 9 933 1
425 8 149 12 1551 1
426 15 149 12 1551 1
427 22 149 12 1551 1
428 29 149 12 1551 1
429 10 113 10 1199 1
430 19 113 10 1199 1
431 28 113 10 1199 1
432 24 171 15 3646 1
433 9 152 11 2386 1
434 25 155 6 1089 1
435 29 172 15 2385 1
436 9 161 10 1770 1
437 10 183 8 784 1
438 8 168 13 3039 1
439 22 178 21 5061 1
440 18 182 6 604 1
441 15 169 27 2637 1
442 25 163 13 1572 1
443 77 163 28 3839 1
444 8 154 10 1714 1
445 119 155 13 2175 1
446 16 163 8 901 1
447 19 163 11 1777 1
448 24 180 17 3907 1
449 22 176 11 1413 1
450 21 175 11 1192 1
451 5 155 12 1211 1
452 9 155 12 1211 1
453 13 155 12 1211 1
454 29 159 12 2524 1
455 8 183 16 1865 1
456 25 165 4 911 1
457 7 182 17 2981 1
458 13 182 17 2981 1
459 23 172 14 3041 1
460 159 164 12 1094 1
461 11 161 7 1013 1
462 8 167 17 3068 1
463 15 167 17 3068 1
464 22 154 4 796 1
465 23 174 11 2214 1
466 16 180 7 1665 1
467 21 160 9 2063 1
468 23 174 15 2416 1
469 10 180 13 2159 1
470 43 180 11 1706 1
471 15 163 19 3413 1
472 29 163 19 3413 1
473 24 167 17 3889 1
474 30 162 12 1382 1
475 16 155 7 1133 1
476 9 168 6 1463 1
477 17 168 6 1463 1
478 22 179 8 1014 1
479 29 164 10 1425 1
480 12 154 19 2110 1
481 9 160 12 2025 1
482 11 178 12 2539 1
483 19 159 13 2296 1
484 11 172 19 4674 1
485 22 168 15 2274 1
486 40 162 8 1137 1
487 15 169 20 1851 1
488 23 181 16 3324 1
489 10 164 13 1305 1
490 48 160 8 1134 1
491 9 165 17 2820 1
492 17 165 17 2820 1
493 10 154 14 1089 1
494 19 154 14 1089 1
495 9 181 8 1961 1
496 25 150 12 1728 1
497 12 179 9 1307 1
498 22 159 8 860 1
499 51 183 16 3633 1
500 9 165 8 1685 1
501 17 165 8 1685 1
502 9 165 13 2169 1
503 8 151 17 3781 1
504 10 179 19 2189 1
505 19 174 7 1526 1
506 37 174 7 1526 1
507 7 172 19 2152 1
508 22 167 8 1251 1
509 9 155 7 1068 1
510 22 174 14 2134 1
511 27 169 9 2089 1
512 53 169 9 2089 1
513 10 177 12 1095 1
514 22 170 11 1673 1
515 23 155 11 1762 1
516 45 155 11 1762 1
517 17 164 15 2323 1
518 24 154 13 1225 1
519 24 175 8 1779 1
520 15 176 8 1656 1
521 10 173 12 1410 1
522 9 152 5 881 1
523 9 176 14 2034 1
524 53 161 11 1774 1
525 20 154 8 1524 1
526 24 151 5 969 1
527 9 168 11 1580 1
528 17 168 11 1580 1
529 29 151 8 953 1
530 11 169 14 2298 1
531 10 161 11 1957 1
532 9 160 11 889 1
533 21 167 12 2202 1
534 49 170 16 2327 1
535 48 163 12 1037 1
536 9 151 5 438 1
537 8 169 12 1505 1
538 9 171 22 3794 1
539 17 171 22 3794 1
540 15 165 6 1289 1
541 24 179 13 2622 1
542 20 183 9 1606 1
543 39 183 9 1606 1
544 58 183 9 1606 1
545 24 180 13 1504 1
546 42 171 17 4192 1
547 83 171 17 4192 1
548 9 170 8 1648 1
549 11 152 11 2318 1
550 9 164 10 2088 1
551 29 155 13 2976 1
552 22 171 2 263 1
553 25 150 15 2032 1
554 9 165 10 1334 1
555 17 165 10 1334 1
556 25 165 10 1334 1
557 43 163 12 2136 1
558 21 150 10 859 1
559 41 150 10 859 1
560 8 171 9 2300 1
561 15 171 9 2300 1
562 22 171 9 2300 1
563 5 171 13 2842 1
564 22 169 16 3976 1
565 9 162 27 6260 1
566 23 168 13 2349 1
567 12 176 12 1719 1
568 29 173 10 1413 1
569 8 151 9 993 1
570 19 150 11 1755 1
571 16 176 13 3123 1
572 9 172 7 722 1
573 25 151 12 2584 1
574 49 151 12 2584 1
575 23 168 13 1547 1
576 17 163 9 2086 1
577 13 168 14 3061 1
578 8 175 12 2800 1
579 15 175 12 2800 1
580 25 150 18 2289 1
581 35 167 16 3040 1
582 9 168 5 770 1
583 26 163 10 1754 1
584 51 163 10 1754 1
585 76 163 10 1754 1
586 25 174 10 1097 1
587 11 165 11 1684 1
588 17 160 19 2684 1
589 30 183 11 2714 1
590 16 181 12 3215 1
591 31 181 12 3215 1
592 24 169 10 1595 1
593 9 168 13 1645 1
594 17 167 2 359 1
595 21 170 11 1290 1
596 41 170 11 1290 1
597 46 151 4 338 1
598 40 160 13 1745 1
599 23 182 12 1713 1
600 45 182 12 1713 1
601 30 171 9 1145 1
602 59 171 9 1145 1
603 1 172 6 1527 1
604 34 177 12 2424 1
605 16 181 15 2049 1
606 32 171 8 855 1
607 11 167 12 1906 1
608 9 177 6 1100 1
609 17 177 6 1100 1
610 26 179 20 2687 1
611 31 151 12 1510 1
612 24 151 9 1058 1
613 47 151 9 1058 1
614 19 164 12 1356 1
615 29 168 9 1528 1
616 23 150 10 1214 1
617 10 171 1 251 1
618 10 183 13 2317 1
619 16 161 5 1097 1
620 22 182 13 1282 1
621 8 182 28 6276 1
622 21 165 12 2942 1
623 22 155 12 1612 1
624 43 155 12 1612 1
625 21 162 11 1913 1
626 28 173 9 2047 1
627 27 177 11 1158 1
628 22 180 15 3209 1
629 43 180 15 3209 1
630 64 180 15 3209 1
631 85 180 15 3209 1
632 15 177 5 594 1
633 29 177 5 594 1
634 2 218 7 856 1
635 41 193 9 1106 1
636 19 196 16 3698 1
637 22 227 12 3393 1
638 36 208 11 2771 1
639 71 208 11 2771 1
640 39 198 12 2488 1
641 77 198 12 2488 1
642 18 222 9 1025 1
643 17 231 8 2442 1
644 24 211 11 1782 1
645 7 193 10 2673 1
646 6 196 2 383 1
647 56 185 9 2201 1
648 235 221 9 1469 1
649 11 185 10 2128 1
650 30 208 4 858 1
651 39 229 15 3992 1
652 6 184 9 1940 1
653 11 184 9 1940 1
654 16 184 9 1940 1
655 24 198 10 999 1
656 47 198 10 999 1
657 2 192 19 4268 1
658 52 184 8 1036 1
659 22 195 9 2427 1
660 25 197 15 2263 1
661 22 192 11 1866 1
662 30 220 11 3612 1
663 21 194 16 4390 1
664 10 222 12 1763 1
665 19 222 12 1763 1
666 81 231 20 5133 1
667 24 217 13 3543 1
668 47 217 13 3543 1
669 70 217 13 3543 1
670 29 202 14 2875 1
671 42 185 14 1503 1
672 6 212 11 3336 1
673 22 188 7 1568 1
674 9 228 18 4500 1
675 9 229 13 4045 1
676 8 193 10 1514 1
677 10 202 12 2365 1
678 19 202 12 2365 1
679 64 197 15 2931 1
680 18 186 12 2744 1
681 8 198 13 2412 1
682 30 227 11 3246 1
683 28 189 20 5453 1
684 8 191 2 517 1
685 24 212 6 1191 1
686 29 212 11 2602 1
687 29 198 11 3227 1
688 15 191 13 3259 1
689 16 221 5 1399 1
690 27 213 14 3980 1
691 21 231 11 1570 1
692 41 231 11 1570 1
693 33 220 10 2171 1
694 65 220 10 2171 1
695 15 191 11 2821 1
696 16 232 7 1387 1
697 25 232 20 2794 1
698 7 195 5 1437 1
699 22 228 13 4438 1
700 30 186 2 312 1
701 39 202 1 180 1
702 36 210 7 1347 1
703 18 220 5 1598 1
704 21 191 18 2131 1
705 41 191 18 2131 1
706 61 191 18 2131 1
707 81 191 18 2131 1
708 25 184 14 2037 1
709 49 184 14 2037 1
710 36 186 12 2116 1
711 34 197 12 2418 1
712 17 202 9 2286 1
713 24 223 14 3507 1
714 47 223 14 3507 1
715 28 188 8 1444 1
716 34 212 11 2407 1
717 9 192 8 1849 1
718 31 218 2 576 1
719 69 186 11 2145 1
720 16 188 11 1842 1
721 18 188 15 3714 1
722 38 217 9 1800 1
723 22 185 4 931 1
724 36 229 14 2940 1
725 8 196 11 2518 1
726 15 216 7 1489 1
727 75 192 10 2063 1
728 28 218 6 1065 1
729 16 212 12 1927 1
730 24 194 1 114 1
731 47 194 1 114 1
732 22 232 17 2023 1
733 43 232 17 2023 1
734 64 232 17 2023 1
735 58 209 12 3331 1
736 23 229 15 2147 1
737 31 202 17 3457 1
738 10 191 7 1689 1
739 24 220 15 3643 1
740 47 220 15 3643 1
741 29 196 5 945 1
742 8 228 10 1832 1
743 15 228 10 1832 1
744 21 208 11 2396 1
745 26 208 8 2203 1
746 28 199 13 1567 1
747 25 208 8 1415 1
748 33 220 8 1129 1
749 26 228 15 1876 1
750 4 218 19 4025 1
751 23 202 18 3659 1
752 45 202 18 3659 1
753 27 223 2 362 1
754 8 210 13 3520 1
755 76 188 12 1969 1
756 36 209 13 3758 1
757 19 232 8 2254 1
758 17 192 9 1953 1
759 18 221 17 4475 1
760 35 221 17 4475 1
761 7 194 14 3895 1
762 23 209 5 780 1
763 62 196 9 2478 1
764 25 217 13 3892 1
765 49 217 13 3892 1
766 23 229 15 1910 1
767 45 229 15 1910 1
768 27 216 15 4294 1
769 27 213 14 3714 1
770 8 200 7 882 1
771 23 198 10 1146 1
772 23 186 12 1304 1
773 8 232 21 6039 1
774 9 191 11 2830 1
775 49 250 9 3300 1
776 97 250 9 3300 1
777 145 250 9 3300 1
778 43 240 16 2471 1
779 85 240 16 2471 1
780 88 266 12 3461 1
781 175 266 12 3461 1
782 71 292 14 3340 1
783 44 239 23 7284 1
784 37 239 13 3954 1
785 44 264 38 11284 1
786 48 261 29 4402 1
787 43 287 37 6369 1
788 38 267 14 2514 1
789 50 264 25 6697 1
790 33 265 26 10197 1
791 44 267 23 7895 1
792 18 268 16 4329 1
793 35 268 16 4329 1
794 67 266 26 8568 1
795 12 277 16 2310 1
796 23 277 16 2310 1
797 34 277 16 2310 1
798 45 277 16 2310 1
799 43 250 10 1691 1
800 85 250 10 1691 1
801 43 241 14 4939 1
802 59 295 20 5848 1
803 44 277 17 3579 1
804 87 277 17 3579 1
805 69 280 29 12165 1
806 137 280 29 12165 1
807 37 265 28 10640 1
808 45 247 10 1279 1
809 71 250 22 4180 1
810 45 263 12 4168 1
811 89 263 12 4168 1
812 23 247 7 2145 1
813 45 277 15 4853 1
814 37 259 12 1940 1
815 43 292 12 3563 1
816 85 292 12 3563 1
817 127 292 12 3563 1
818 44 290 10 3311 1
819 212 266 9 1744 1
820 19 296 17 5339 1
821 37 296 17 5339 1
822 58 259 24 7025 1
823 115 259 24 7025 1
824 172 259 24 7025 1
825 229 259 24 7025 1
826 286 259 24 7025 1
827 42 256 17 5255 1
828 83 256 17 5255 1
829 124 256 17 5255 1
830 212 268 12 3193 1
831 173 290 14 4105 1
832 62 239 8 1100 1
833 43 278 16 4094 1
834 22 260 45 6022 1
835 44 268 9 2126 1
836 87 268 9 2126 1
837 25 279 30 11879 1
838 27 262 19 2714 1
839 53 262 19 2714 1
840 79 262 19 2714 1
841 25 290 28 4089 1
842 43 259 13 2989 1
843 85 259 13 2989 1
844 127 259 13 2989 1
845 45 255 14 2456 1
846 51 290 7 1597 1
847 42 265 23 5113 1
848 50 240 13 3313 1
849 18 259 13 3257 1
850 35 259 13 3257 1
851 39 261 11 2318 1
852 77 261 11 2318 1
853 115 261 11 2318 1
854 42 278 12 2000 1
855 83 278 12 2000 1
856 124 278 12 2000 1
857 52 290 26 8677 1
858 103 290 26 8677 1
859 154 290 26 8677 1
860 38 241 13 3776 1
861 43 282 19 7858 1
862 19 264 37 5921 1
863 38 262 37 8865 1
864 43 268 14 2628 1
865 85 268 14 2628 1
866 44 296 15 5562 1
867 41 269 11 1548 1
868 81 269 11 1548 1
869 43 262 16 4336 1
870 85 262 16 4336 1
871 127 262 16 4336 1
872 45 280 29 11868 1
873 44 280 25 4259 1
874 87 280 25 4259 1
875 130 280 25 4259 1
876 44 270 14 3376 1
877 42 278 16 2992 1
878 83 278 16 2992 1
879 124 278 16 2992 1
880 50 295 20 5887 1
881 42 269 22 8474 1
882 44 269 8 2865 1
883 37 296 15 5721 1
884 44 256 15 3054 1
885 36 247 11 3948 1
886 3 281 17 7009 1
887 41 256 8 2596 1
888 43 266 18 6021 1
889 85 266 18 6021 1
890 127 266 18 6021 1
891 169 266 18 6021 1
892 211 266 18 6021 1
893 38 260 13 3754 1
894 44 270 32 7390 1
895 16 275 22 5910 1
896 31 275 22 5910 1
897 46 275 22 5910 1
898 52 294 22 6781 1
899 28 265 27 8693 1
900 55 265 27 8693 1
901 82 265 27 8693 1
902 36 265 10 2338 1
903 42 275 17 4813 1
904 83 275 17 4813 1
905 19 279 9 3406 1
906 37 279 9 3406 1
907 39 241 11 3093 1
908 43 240 9 2012 1
909 85 240 9 2012 1
910 77 296 18 5306 1
911 44 256 17 5579 1
912 52 268 18 2525 1
913 103 268 18 2525 1
914 43 294 12 2228 1
915 85 294 12 2228 1
916 127 294 12 2228 1
917 37 261 7 2274 1
918 43 270 9 2157 1
919 43 276 21 4675 1
920 75 265 28 5437 1
921 149 265 28 5437 1
922 43 296 18 3441 1
923 85 296 18 3441 1
924 45 275 14 4500 1
925 89 275 14 4500 1
926 133 275 14 4500 1
927 37 285 19 6217 1
928 44 296 31 13272 1
929 44 279 18 4540 1
930 87 279 18 4540 1
931 44 296 16 5314 1
932 87 296 16 5314 1
933 130 296 16 5314 1
934 12 259 22 8493 1
935 49 337 38 15242 1
936 50 325 31 9478 1
937 49 324 19 8975 1
938 97 324 19 8975 1
939 145 324 19 8975 1
940 44 302 13 5145 1
941 87 302 13 5145 1
942 51 301 16 3213 1
943 50 336 33 12111 1
944 65 347 15 3972 1
945 44 340 23 9832 1
946 58 335 19 8064 1
947 57 301 16 6252 1
948 119 316 12 2056 1
949 57 337 30 7240 1
950 113 337 30 7240 1
951 105 324 17 6779 1
952 58 336 15 3034 1
953 22 319 10 3243 1
954 49 347 36 15099 1
955 97 347 36 15099 1
956 43 335 30 9612 1
957 44 332 12 5655 1
958 43 334 18 6793 1
959 48 318 13 4647 1
960 41 336 21 5740 1
961 43 300 20 5626 1
962 45 324 21 9874 1
963 45 301 17 3526 1
964 114 333 18 7418 1
965 37 318 8 3762 1
966 43 329 18 5708 1
967 85 329 18 5708 1
968 127 329 18 5708 1
969 235 316 13 2550 1
970 53 325 8 3900 1
971 57 337 28 12514 1
972 51 321 30 6453 1
973 90 347 29 14590 1
974 43 321 15 2983 1
975 44 336 17 7858 1
976 118 319 14 3913 1
977 45 335 22 6666 1
978 43 340 18 7590 1
979 100 319 22 7294 1
980 58 329 10 4270 1
981 44 319 25 10543 1
982 87 319 25 10543 1
983 130 319 25 10543 1
984 173 319 25 10543 1
985 50 300 11 2591 1
986 115 325 12 4050 1
987 57 319 20 5032 1
988 64 302 15 2397 1
989 53 325 11 4017 1
990 64 316 20 7697 1
991 52 333 19 6992 1
992 144 319 36 9881 1
993 12 323 25 4854 1
994 17 336 31 13059 1
995 66 323 24 5914 1
996 43 319 16 7386 1
997 59 323 7 2709 1
998 117 323 7 2709 1
999 40 336 23 7547 1
1000 64 336 13 5288 1
1001 49 347 20 9906 1
1002 44 323 13 5322 1
1003 51 318 44 7948 1
1004 79 325 8 3719 1
1005 41 335 12 2013 1
1006 44 335 24 11701 1
1007 44 318 35 10756 1
1008 5 319 24 6980 1
1009 42 337 26 6337 1
1010 37 325 29 8579 1
1011 73 325 29 8579 1
1012 16 321 14 6188 1
1013 66 324 50 14459 1
1014 44 321 26 5086 1
1015 137 301 20 5447 1
1016 58 318 14 5573 1
1017 269 332 28 7641 1
1018 51 319 26 7071 1
1019 57 324 20 7848 1
1020 48 337 20 7348 1
1021 95 337 20 7348 1
1022 142 333 11 5107 1
1023 43 347 17 6716 1
1024 123 325 16 6473 1
1025 8 351 19 4912 1
1026 48 349 17 3401 1
1027 92 350 18 4867 1
1028 8 351 26 12005 1
1029 49 349 15 4647 1
1030 43 366 18 4343 1
1031 85 366 18 4343 1
1032 46 350 39 12981 1
1033 4 364 32 12393 1
1034 9 366 45 11160 1
1035 8 351 31 15206 1
1036 8 366 93 43914 1
1037 114 349 20 4242 1
26
500 500 500 500 500 500 500 500 500 500 500 500 500 500 500 500 500 500 500 500 500 500 500 500 500 500 