1037
1 3 99 3 400 1
2 5 99 3 400 1
3 7 99 3 400 1
4 9 99 3 400 1
5 36 99 2 227 1
6 4 75 1 88 1
7 3 99 1 125 1
8 5 99 1 125 1
9 7 99 1 125 1
10 9 99 1 125 1
11 11 99 1 125 1
12 3 75 4 364 1
13 36 100 5 493 1
14 28 85 5 416 1
15 10 75 6 510 1
16 24 75 7 703 1
17 47 75 7 703 1
18 70 75 7 703 1
19 93 75 7 703 1
20 29 75 2 218 1
21 4 100 5 537 1
22 7 100 5 537 1
23 10 100 5 537 1
24 2 99 4 495 1
25 3 99 4 495 1
26 4 100 12 1304 1
27 7 100 12 1304 1
28 10 100 12 1304 1
29 13 100 12 1304 1
30 16 100 12 1304 1
31 19 100 12 1304 1
32 22 100 12 1304 1
33 25 100 12 1304 1
34 28 100 12 1304 1
35 3 85 4 215 1
36 5 85 4 215 1
37 2 85 4 221 1
38 3 85 4 221 1
39 4 85 4 221 1
40 3 100 2 275 1
41 3 100 7 448 1
42 21 85 1 106 1
43 4 75 1 101 1
44 7 75 1 101 1
45 10 75 1 101 1
46 13 75 1 101 1
47 16 75 1 101 1
48 19 75 1 101 1
49 22 75 1 101 1
50 25 75 1 101 1
51 28 75 1 101 1
52 31 75 1 101 1
53 9 85 3 170 1
54 31 99 3 398 1
55 3 99 7 492 1
56 3 100 4 589 1
57 7 75 2 185 1
58 9 99 3 189 1
59 2 99 8 741 1
60 12 85 3 293 1
61 23 85 3 293 1
62 4 136 21 4162 1
63 7 136 21 4162 1
64 11 124 13 2213 1
65 21 124 13 2213 1
66 31 124 13 2213 1
67 14 124 11 1210 1
68 27 124 11 1210 1
69 40 124 11 1210 1
70 8 147 9 1647 1
71 8 116 10 1691 1
72 15 116 10 1691 1
73 22 116 10 1691 1
74 16 130 8 1536 1
75 9 141 9 693 1
76 8 136 14 1061 1
77 15 136 14 1061 1
78 8 113 2 286 1
79 8 142 11 1924 1
80 15 142 11 1924 1
81 22 142 11 1924 1
82 29 142 11 1924 1
83 36 142 11 1924 1
84 43 142 11 1924 1
85 17 113 14 2181 1
86 33 113 14 2181 1
87 8 149 7 996 1
88 9 102 11 1483 1
89 9 138 13 2148 1
90 17 138 13 2148 1
91 15 108 12 827 1
92 8 143 12 2382 1
93 15 143 12 2382 1
94 22 143 12 2382 1
95 10 142 10 796 1
96 19 142 10 796 1
97 28 142 10 796 1
98 37 142 10 796 1
99 46 142 10 796 1
100 9 136 12 931 1
101 17 136 12 931 1
102 25 136 12 931 1
103 9 136 13 1691 1
104 2 124 12 773 1
105 8 137 13 1834 1
106 15 143 9 1140 1
107 9 130 12 1223 1
108 17 130 12 1223 1
109 25 130 12 1223 1
110 8 108 6 927 1
111 11 138 13 1152 1
112 21 138 13 1152 1
113 31 138 13 1152 1
114 41 138 13 1152 1
115 15 102 7 926 1
116 10 138 8 1233 1
117 19 138 8 1233 1
118 28 138 8 1233 1
119 8 109 10 550 1
120 15 109 10 550 1
121 22 109 10 550 1
122 12 113 10 848 1
123 8 146 11 1074 1
124 9 148 14 1686 1
125 17 148 14 1686 1
126 11 144 13 2754 1
127 9 149 10 2147 1
128 17 149 10 2147 1
129 25 149 10 2147 1
130 9 140 14 2448 1
131 15 137 9 1072 1
132 9 124 10 1353 1
133 15 138 4 790 1
134 29 138 4 790 1
135 43 138 4 790 1
136 9 102 10 779 1
137 17 102 10 779 1
138 8 141 11 1809 1
139 15 141 11 1809 1
140 16 148 8 1696 1
141 31 148 8 1696 1
142 46 148 8 1696 1
143 12 125 6 1032 1
144 8 124 5 451 1
145 15 124 5 451 1
146 22 124 5 451 1
147 15 109 9 1223 1
148 29 109 9 1223 1
149 8 139 11 2154 1
150 8 121 16 1740 1
151 8 102 7 1012 1
152 11 121 8 1399 1
153 21 121 8 1399 1
154 9 141 16 2970 1
155 17 141 16 2970 1
156 13 140 11 1533 1
157 8 137 12 1700 1
158 15 137 12 1700 1
159 22 137 12 1700 1
160 29 137 12 1700 1
161 36 137 12 1700 1
162 43 137 12 1700 1
163 9 116 15 2267 1
164 15 137 12 1641 1
165 9 139 11 1942 1
166 17 139 11 1942 1
167 14 134 13 2024 1
168 27 134 13 2024 1
169 8 136 8 1292 1
170 7 136 12 1857 1
171 13 136 12 1857 1
172 19 136 12 1857 1
173 21 130 14 945 1
174 41 130 14 945 1
175 9 133 12 1369 1
176 9 136 11 1455 1
177 17 136 11 1455 1
178 25 136 11 1455 1
179 33 136 11 1455 1
180 41 136 11 1455 1
181 9 139 17 2269 1
182 11 136 16 1347 1
183 11 144 15 1646 1
184 9 109 13 1547 1
185 14 145 15 2749 1
186 27 145 15 2749 1
187 40 145 15 2749 1
188 53 145 15 2749 1
189 66 145 15 2749 1
190 8 133 8 689 1
191 16 136 12 1420 1
192 13 142 12 1288 1
193 15 134 13 2349 1
194 29 134 13 2349 1
195 43 134 13 2349 1
196 25 145 14 2686 1
197 49 145 14 2686 1
198 8 122 7 528 1
199 15 122 7 528 1
200 22 122 7 528 1
201 29 122 7 528 1
202 36 122 7 528 1
203 43 122 7 528 1
204 50 122 7 528 1
205 57 122 7 528 1
206 64 122 7 528 1
207 71 122 7 528 1
208 7 102 7 554 1
209 8 143 10 1740 1
210 9 138 15 1746 1
211 17 138 15 1746 1
212 25 138 15 1746 1
213 9 134 13 2438 1
214 17 134 13 2438 1
215 25 134 13 2438 1
216 33 134 13 2438 1
217 8 121 11 768 1
218 15 121 11 768 1
219 9 145 14 2027 1
220 17 145 14 2027 1
221 25 145 14 2027 1
222 33 145 14 2027 1
223 41 145 14 2027 1
224 26 138 8 874 1
225 9 141 7 1240 1
226 17 141 7 1240 1
227 25 141 7 1240 1
228 33 141 7 1240 1
229 8 113 7 432 1
230 3 145 12 2074 1
231 8 145 9 1132 1
232 8 144 13 2767 1
233 9 136 8 1095 1
234 10 116 7 768 1
235 19 116 7 768 1
236 28 116 7 768 1
237 37 116 7 768 1
238 9 146 4 378 1
239 17 146 4 378 1
240 25 146 4 378 1
241 33 146 4 378 1
242 41 146 4 378 1
243 8 142 6 437 1
244 15 142 6 437 1
245 22 142 6 437 1
246 13 122 14 1126 1
247 25 122 14 1126 1
248 8 115 10 1614 1
249 15 115 10 1614 1
250 22 115 10 1614 1
251 29 115 10 1614 1
252 13 102 10 1400 1
253 25 102 10 1400 1
254 37 102 10 1400 1
255 49 102 10 1400 1
256 9 108 7 692 1
257 9 146 26 2489 1
258 17 146 26 2489 1
259 12 140 11 1426 1
260 12 121 12 1090 1
261 23 121 12 1090 1
262 34 121 12 1090 1
263 45 121 12 1090 1
264 56 121 12 1090 1
265 9 147 11 1099 1
266 17 147 11 1099 1
267 9 133 14 1922 1
268 8 145 12 2464 1
269 11 141 8 1016 1
270 15 148 14 2886 1
271 50 122 7 1281 1
272 8 102 13 784 1
273 8 116 10 1001 1
274 15 116 10 1001 1
275 6 143 10 2020 1
276 11 143 10 2020 1
277 16 143 10 2020 1
278 21 143 10 2020 1
279 8 109 2 144 1
280 14 115 13 1813 1
281 27 115 13 1813 1
282 40 115 13 1813 1
283 13 109 8 702 1
284 16 139 8 1054 1
285 31 139 8 1054 1
286 8 136 11 2104 1
287 15 136 11 2104 1
288 8 145 10 765 1
289 15 145 10 765 1
290 8 108 7 458 1
291 8 145 12 1312 1
292 9 147 13 1678 1
293 8 109 16 2470 1
294 15 109 16 2470 1
295 16 141 17 2861 1
296 31 141 17 2861 1
297 46 141 17 2861 1
298 61 141 17 2861 1
299 76 141 17 2861 1
300 8 149 15 1711 1
301 15 149 15 1711 1
302 22 149 15 1711 1
303 9 125 12 1269 1
304 8 108 7 766 1
305 8 138 16 2918 1
306 15 138 16 2918 1
307 8 133 9 1593 1
308 15 133 9 1593 1
309 22 133 9 1593 1
310 29 133 9 1593 1
311 8 122 16 1080 1
312 15 122 16 1080 1
313 22 122 16 1080 1
314 15 133 4 735 1
315 8 136 10 1871 1
316 15 136 10 1871 1
317 8 142 12 1559 1
318 9 116 7 902 1
319 9 135 11 1757 1
320 17 135 11 1757 1
321 25 135 11 1757 1
322 33 135 11 1757 1
323 41 135 11 1757 1
324 17 143 11 2201 1
325 33 143 11 2201 1
326 12 125 10 1114 1
327 14 108 8 869 1
328 18 136 19 2369 1
329 13 147 16 2533 1
330 25 147 16 2533 1
331 10 122 11 1441 1
332 9 149 13 1598 1
333 9 135 10 1328 1
334 17 135 10 1328 1
335 25 135 10 1328 1
336 33 135 10 1328 1
337 41 135 10 1328 1
338 49 135 10 1328 1
339 18 122 5 312 1
340 7 133 9 1075 1
341 13 133 9 1075 1
342 19 133 9 1075 1
343 11 140 12 1733 1
344 8 134 13 1339 1
345 8 134 11 1949 1
346 15 134 11 1949 1
347 21 102 8 634 1
348 41 102 8 634 1
349 15 108 14 1104 1
350 8 102 14 1181 1
351 8 142 15 1151 1
352 15 142 15 1151 1
353 8 122 10 752 1
354 15 122 10 752 1
355 17 109 10 1396 1
356 12 149 11 1505 1
357 23 149 11 1505 1
358 34 149 11 1505 1
359 45 149 11 1505 1
360 18 113 6 754 1
361 9 147 12 962 1
362 9 138 12 2296 1
363 15 149 12 1130 1
364 29 149 12 1130 1
365 8 140 13 1539 1
366 15 140 13 1539 1
367 8 136 7 692 1
368 15 136 7 692 1
369 9 135 14 1981 1
370 8 146 13 1112 1
371 15 146 13 1112 1
372 22 146 13 1112 1
373 8 134 16 2976 1
374 15 134 16 2976 1
375 7 144 5 459 1
376 13 144 5 459 1
377 19 144 5 459 1
378 16 145 8 1451 1
379 8 147 11 2315 1
380 15 147 11 2315 1
381 22 147 11 2315 1
382 29 147 11 2315 1
383 36 147 11 2315 1
384 13 139 9 1523 1
385 15 124 10 1066 1
386 29 124 10 1066 1
387 9 142 10 890 1
388 17 142 10 890 1
389 9 138 14 1820 1
390 17 138 14 1820 1
391 24 147 12 1811 1
392 47 147 12 1811 1
393 8 137 8 661 1
394 15 125 11 1389 1
395 10 136 8 1451 1
396 19 136 8 1451 1
397 9 102 15 1474 1
398 17 102 15 1474 1
399 25 102 15 1474 1
400 11 147 18 1445 1
401 3 139 8 911 1
402 9 124 9 1649 1
403 17 124 9 1649 1
404 25 124 9 1649 1
405 9 122 11 702 1
406 8 102 5 730 1
407 12 133 11 1350 1
408 23 133 11 1350 1
409 15 146 8 608 1
410 8 140 18 1481 1
411 8 135 7 1096 1
412 15 135 7 1096 1
413 6 109 11 1690 1
414 8 136 7 1182 1
415 15 136 7 1182 1
416 22 136 7 1182 1
417 29 136 7 1182 1
418 12 147 9 1461 1
419 23 147 9 1461 1
420 9 124 12 1772 1
421 7 121 8 637 1
422 13 121 8 637 1
423 8 143 9 1511 1
424 7 122 7 709 1
425 13 122 7 709 1
426 34 148 13 2295 1
427 7 143 12 1250 1
428 13 143 12 1250 1
429 19 143 12 1250 1
430 8 109 9 1362 1
431 15 109 9 1362 1
432 23 183 12 2947 1
433 45 183 12 2947 1
434 22 167 9 1869 1
435 17 151 11 2307 1
436 22 179 11 2722 1
437 8 155 2 293 1
438 15 155 2 293 1
439 22 155 2 293 1
440 21 167 12 2478 1
441 99 151 15 1634 1
442 23 178 14 3213 1
443 9 182 18 3666 1
444 11 162 7 1387 1
445 11 171 13 2807 1
446 8 159 13 1758 1
447 21 165 8 1956 1
448 42 176 15 2963 1
449 25 160 15 2821 1
450 15 169 13 2428 1
451 20 179 9 972 1
452 39 179 9 972 1
453 23 159 4 644 1
454 23 162 8 883 1
455 23 162 15 1603 1
456 22 183 10 2600 1
457 24 173 8 1414 1
458 16 151 17 2373 1
459 22 179 21 5468 1
460 8 168 12 1598 1
461 24 155 11 2435 1
462 15 180 12 3195 1
463 8 174 9 1473 1
464 8 164 9 811 1
465 12 180 24 2386 1
466 43 158 9 1078 1
467 21 173 9 1670 1
468 41 173 9 1670 1
469 22 176 7 1848 1
470 5 170 17 3662 1
471 9 176 10 2256 1
472 23 152 9 1483 1
473 22 167 13 2629 1
474 9 154 8 777 1
475 9 180 15 3197 1
476 22 155 11 1223 1
477 32 150 9 1764 1
478 25 165 6 777 1
479 8 170 9 1955 1
480 25 158 8 1445 1
481 10 181 16 1691 1
482 43 167 13 3137 1
483 28 152 10 1695 1
484 10 152 14 2196 1
485 33 181 9 1914 1
486 15 154 1 98 1
487 27 175 13 2192 1
488 8 152 16 3148 1
489 19 167 16 2281 1
490 20 169 9 1439 1
491 112 169 6 878 1
492 26 182 18 2763 1
493 58 182 11 2753 1
494 9 151 7 1088 1
495 44 160 14 2805 1
496 25 176 15 1325 1
497 49 176 15 1325 1
498 7 170 13 2649 1
499 22 152 10 1642 1
500 25 154 18 1892 1
501 49 154 18 1892 1
502 26 159 10 1585 1
503 13 167 16 2215 1
504 9 174 23 2566 1
505 17 174 23 2566 1
506 18 172 14 1414 1
507 19 154 16 2715 1
508 37 154 16 2715 1
509 20 161 9 1117 1
510 2 172 16 2418 1
511 22 159 13 1435 1
512 20 164 6 572 1
513 44 175 9 2324 1
514 22 154 8 738 1
515 32 173 19 2455 1
516 9 170 2 223 1
517 26 175 8 1686 1
518 51 175 8 1686 1
519 76 175 8 1686 1
520 22 174 14 3258 1
521 27 151 9 1005 1
522 16 161 10 1202 1
523 15 160 10 2259 1
524 22 174 14 3212 1
525 2 170 7 1429 1
526 7 164 12 1885 1
527 16 174 24 4354 1
528 22 176 21 4196 1
529 43 176 21 4196 1
530 12 165 13 3032 1
531 36 181 17 4444 1
532 9 172 8 703 1
533 17 172 8 703 1
534 15 160 2 211 1
535 22 167 10 2028 1
536 23 177 13 2138 1
537 9 162 12 2755 1
538 7 150 7 762 1
539 22 161 14 2813 1
540 43 161 14 2813 1
541 7 180 16 3161 1
542 13 180 16 3161 1
543 15 175 3 531 1
544 29 152 22 3541 1
545 24 171 10 1765 1
546 19 168 17 2030 1
547 23 180 12 2015 1
548 10 175 8 1327 1
549 19 175 8 1327 1
550 28 175 8 1327 1
551 24 181 15 3803 1
552 20 174 15 1711 1
553 44 173 17 3318 1
554 25 159 18 3421 1
555 49 159 18 3421 1
556 73 159 18 3421 1
557 23 181 14 2215 1
558 11 162 10 2228 1
559 29 152 7 1578 1
560 57 152 7 1578 1
561 22 182 8 1783 1
562 43 182 8 1783 1
563 64 182 8 1783 1
564 15 175 20 2736 1
565 16 161 16 3502 1
566 23 183 17 1937 1
567 24 176 12 2003 1
568 28 151 9 1026 1
569 23 164 11 916 1
570 9 167 11 1685 1
571 32 169 11 1841 1
572 9 174 4 965 1
573 17 174 4 965 1
574 25 152 12 1984 1
575 49 152 12 1984 1
576 27 167 16 1806 1
577 15 162 6 1441 1
578 24 159 13 2439 1
579 47 159 13 2439 1
580 20 170 10 1998 1
581 43 158 11 1185 1
582 9 164 9 1466 1
583 24 170 10 2362 1
584 19 180 15 4031 1
585 9 155 18 3509 1
586 11 171 12 2602 1
587 22 176 13 1860 1
588 43 176 13 1860 1
589 35 174 16 3775 1
590 20 169 15 1876 1
591 23 176 7 1097 1
592 22 165 10 1601 1
593 10 155 5 426 1
594 19 155 5 426 1
595 27 174 16 1778 1
596 14 183 17 3832 1
597 9 155 11 949 1
598 21 151 8 813 1
599 8 163 8 1669 1
600 15 180 13 1640 1
601 16 181 9 1391 1
602 36 164 11 1465 1
603 29 177 8 1159 1
604 27 168 4 519 1
605 53 168 4 519 1
606 9 167 18 3034 1
607 23 182 8 1287 1
608 23 175 13 1402 1
609 45 175 13 1402 1
610 67 175 13 1402 1
611 8 174 12 1914 1
612 13 163 6 864 1
613 23 173 16 2916 1
614 22 173 12 2570 1
615 8 168 8 1314 1
616 28 154 20 3853 1
617 22 182 11 1660 1
618 40 162 12 1610 1
619 44 177 12 2190 1
620 11 164 10 2381 1
621 26 160 3 602 1
622 23 161 12 2028 1
623 45 161 12 2028 1
624 11 183 8 1754 1
625 22 173 14 2548 1
626 24 162 8 743 1
627 24 163 6 1034 1
628 16 180 12 1305 1
629 16 154 9 1926 1
630 22 160 14 2872 1
631 29 171 8 818 1
632 19 170 20 4433 1
633 12 174 11 2470 1
634 7 218 10 3032 1
635 7 222 8 1471 1
636 13 222 8 1471 1
637 31 191 10 2338 1
638 29 210 7 2140 1
639 30 208 6 847 1
640 21 198 3 533 1
641 37 195 13 1298 1
642 29 211 20 4907 1
643 28 221 14 2184 1
644 55 221 14 2184 1
645 9 213 13 2470 1
646 36 197 14 1800 1
647 22 212 21 2818 1
648 30 217 10 2988 1
649 35 212 14 2745 1
650 10 221 11 2428 1
651 21 213 13 1989 1
652 29 220 13 3097 1
653 12 232 10 2560 1
654 15 202 13 1913 1
655 29 202 13 1913 1
656 24 229 12 3480 1
657 47 229 12 3480 1
658 66 188 13 2053 1
659 8 185 6 1528 1
660 15 185 6 1528 1
661 2 231 16 4503 1
662 31 223 8 1723 1
663 35 198 12 2953 1
664 17 196 11 2432 1
665 71 198 12 1589 1
666 23 213 15 4189 1
667 25 229 7 1349 1
668 49 229 7 1349 1
669 73 229 7 1349 1
670 30 198 12 2796 1
671 8 189 12 3133 1
672 19 210 18 3867 1
673 25 196 4 891 1
674 74 192 17 3350 1
675 147 192 17 3350 1
676 21 189 11 1373 1
677 41 189 11 1373 1
678 61 189 11 1373 1
679 11 189 8 1353 1
680 21 189 8 1353 1
681 40 213 12 2536 1
682 79 213 12 2536 1
683 15 195 5 580 1
684 8 209 3 315 1
685 23 211 18 2259 1
686 40 184 12 2029 1
687 4 218 12 2695 1
688 28 227 10 2269 1
689 40 198 14 2415 1
690 91 227 14 1963 1
691 26 228 14 3443 1
692 51 228 14 3443 1
693 6 231 4 629 1
694 71 216 15 4105 1
695 24 212 10 3112 1
696 30 229 12 2065 1
697 8 211 17 5370 1
698 15 211 17 5370 1
699 63 198 15 2854 1
700 125 198 15 2854 1
701 41 213 10 2416 1
702 33 197 13 2172 1
703 65 197 13 2172 1
704 97 197 13 2172 1
705 8 184 9 973 1
706 5 198 14 2015 1
707 9 198 14 2015 1
708 41 232 6 1091 1
709 81 232 6 1091 1
710 29 185 10 1102 1
711 1 221 10 2701 1
712 45 202 13 1757 1
713 8 188 9 1080 1
714 15 231 17 5492 1
715 8 211 17 1817 1
716 15 211 17 1817 1
717 30 232 13 4452 1
718 38 186 10 2741 1
719 16 228 16 2906 1
720 34 209 10 1647 1
721 36 228 12 2333 1
722 29 196 10 2740 1
723 7 202 14 3722 1
724 32 223 16 3620 1
725 38 185 14 1678 1
726 15 229 19 5965 1
727 23 194 19 5102 1
728 17 202 9 1083 1
729 33 202 9 1083 1
730 22 231 18 4630 1
731 23 228 17 2412 1
732 36 232 14 4342 1
733 24 229 16 3168 1
734 31 231 17 5839 1
735 61 231 17 5839 1
736 15 200 16 2003 1
737 79 186 11 2925 1
738 176 199 14 3845 1
739 30 223 8 2670 1
740 36 223 14 4413 1
741 13 202 13 3630 1
742 37 198 11 1611 1
743 9 194 10 1377 1
744 10 217 6 1227 1
745 35 231 1 214 1
746 16 192 13 3692 1
747 84 193 8 1537 1
748 23 210 14 3399 1
749 5 227 13 3549 1
750 26 186 10 1990 1
751 157 196 12 1314 1
752 26 208 3 725 1
753 36 191 8 1637 1
754 24 216 8 1831 1
755 38 231 10 2948 1
756 20 232 13 4109 1
757 38 194 16 4045 1
758 6 220 17 4124 1
759 25 216 19 2763 1
760 10 232 16 2678 1
761 19 232 16 2678 1
762 24 198 10 2775 1
763 47 198 10 2775 1
764 70 198 10 2775 1
765 8 232 10 1789 1
766 13 186 10 1164 1
767 25 186 10 1164 1
768 26 196 9 1033 1
769 51 196 9 1033 1
770 29 195 21 2125 1
771 16 231 13 3451 1
772 12 185 6 1162 1
773 29 195 11 1111 1
774 57 195 11 1111 1
775 44 275 8 3250 1
776 87 275 8 3250 1
777 130 275 8 3250 1
778 173 275 8 3250 1
779 44 240 15 3585 1
780 4 295 16 2791 1
781 44 268 15 4617 1
782 46 280 11 4426 1
783 44 296 20 8160 1
784 64 283 11 1995 1
785 127 283 11 1995 1
786 190 283 11 1995 1
787 58 261 35 10039 1
788 21 296 18 3083 1
789 41 296 18 3083 1
790 43 275 10 2981 1
791 85 275 10 2981 1
792 31 292 7 1393 1
793 61 292 7 1393 1
794 12 268 12 3835 1
795 23 268 12 3835 1
796 21 269 16 4276 1
797 52 261 13 4123 1
798 69 280 9 3762 1
799 137 280 9 3762 1
800 29 263 20 6599 1
801 57 263 20 6599 1
802 85 263 20 6599 1
803 10 292 12 2764 1
804 19 292 12 2764 1
805 28 292 12 2764 1
806 37 292 12 2764 1
807 46 292 12 2764 1
808 55 292 12 2764 1
809 64 292 12 2764 1
810 73 292 12 2764 1
811 45 268 9 2671 1
812 89 268 9 2671 1
813 133 268 9 2671 1
814 177 268 9 2671 1
815 36 261 11 3602 1
816 54 262 17 2757 1
817 68 275 10 3646 1
818 135 275 10 3646 1
819 202 275 10 3646 1
820 269 275 10 3646 1
821 336 275 10 3646 1
822 277 283 14 5712 1
823 57 280 15 4338 1
824 43 287 13 2853 1
825 43 279 11 1895 1
826 85 279 11 1895 1
827 127 279 11 1895 1
828 169 279 11 1895 1
829 60 266 10 3971 1
830 51 279 21 6235 1
831 31 250 19 6654 1
832 94 281 10 3519 1
833 187 281 10 3519 1
834 26 270 21 5655 1
835 51 270 21 5655 1
836 43 259 16 4472 1
837 85 259 16 4472 1
838 44 294 26 11318 1
839 34 247 13 3277 1
840 43 292 18 6492 1
841 50 266 14 2938 1
842 43 290 36 7888 1
843 54 259 13 3404 1
844 71 261 23 7721 1
845 141 261 23 7721 1
846 211 261 23 7721 1
847 44 287 28 11829 1
848 45 256 9 2904 1
849 89 256 9 2904 1
850 43 277 18 4845 1
851 45 296 11 2776 1
852 43 283 25 5410 1
853 85 283 25 5410 1
854 127 283 25 5410 1
855 43 263 11 2996 1
856 72 263 32 4351 1
857 143 263 32 4351 1
858 43 294 17 7228 1
859 85 294 17 7228 1
860 127 294 17 7228 1
861 169 294 17 7228 1
862 211 294 17 7228 1
863 253 294 17 7228 1
864 42 295 8 2176 1
865 43 260 11 2318 1
866 24 261 7 1326 1
867 44 267 25 4878 1
868 11 290 21 7562 1
869 54 295 15 4962 1
870 10 282 15 3178 1
871 19 282 15 3178 1
872 28 282 15 3178 1
873 37 282 15 3178 1
874 43 239 16 2648 1
875 37 290 12 4911 1
876 34 261 11 2394 1
877 67 261 11 2394 1
878 100 261 11 2394 1
879 133 261 11 2394 1
880 166 261 11 2394 1
881 199 261 11 2394 1
882 44 280 15 3817 1
883 54 271 28 11316 1
884 30 268 16 3142 1
885 43 269 15 5652 1
886 44 271 11 1965 1
887 50 263 13 3960 1
888 36 279 12 2958 1
889 36 275 10 4028 1
890 35 279 13 2686 1
891 69 279 13 2686 1
892 19 239 9 2011 1
893 49 241 16 3265 1
894 70 266 13 1837 1
895 139 266 13 1837 1
896 208 266 13 1837 1
897 42 285 10 3943 1
898 83 285 10 3943 1
899 65 276 9 1364 1
900 129 276 9 1364 1
901 56 283 22 8885 1
902 47 255 34 12944 1
903 44 261 46 9466 1
904 43 276 16 3724 1
905 42 268 25 3913 1
906 36 290 33 11495 1
907 49 255 13 4869 1
908 97 255 13 4869 1
909 145 255 13 4869 1
910 193 255 13 4869 1
911 44 269 39 5450 1
912 51 247 15 3435 1
913 52 241 6 800 1
914 103 241 6 800 1
915 41 277 26 4799 1
916 81 277 26 4799 1
917 45 265 15 4881 1
918 89 265 15 4881 1
919 26 277 27 9856 1
920 51 277 27 9856 1
921 44 290 5 1614 1
922 87 290 5 1614 1
923 40 296 17 7316 1
924 43 285 26 4191 1
925 44 264 9 1388 1
926 70 239 5 875 1
927 44 296 16 4002 1
928 87 296 16 4002 1
929 32 259 13 3433 1
930 43 263 19 5943 1
931 42 266 5 1685 1
932 83 266 5 1685 1
933 124 266 5 1685 1
934 165 266 5 1685 1
935 45 306 27 9449 1
936 57 332 22 9742 1
937 49 321 23 4750 1
938 37 321 27 9072 1
939 47 300 41 13941 1
940 50 340 33 14557 1
941 56 347 17 6092 1
942 126 324 11 2523 1
943 45 305 20 6501 1
944 51 319 25 8797 1
945 102 321 8 3203 1
946 203 321 8 3203 1
947 44 300 15 2858 1
948 44 325 31 10965 1
949 87 325 31 10965 1
950 130 325 31 10965 1
951 173 325 31 10965 1
952 44 325 23 9441 1
953 117 347 50 19075 1
954 51 304 27 10635 1
955 44 319 10 2547 1
956 7 305 27 11234 1
957 134 304 20 7993 1
958 45 301 18 5993 1
959 87 304 14 5183 1
960 173 304 14 5183 1
961 259 304 14 5183 1
962 44 321 24 4329 1
963 87 321 24 4329 1
964 114 321 16 4959 1
965 42 304 20 4540 1
966 83 304 20 4540 1
967 124 304 20 4540 1
968 165 304 20 4540 1
969 86 302 31 6343 1
970 48 336 23 4883 1
971 95 336 23 4883 1
972 41 321 20 4264 1
973 44 300 17 3965 1
974 37 300 14 4644 1
975 49 324 22 4613 1
976 97 324 22 4613 1
977 44 334 9 4050 1
978 115 318 23 9092 1
979 58 337 8 3760 1
980 43 340 14 5131 1
981 85 340 14 5131 1
982 46 319 21 7819 1
983 37 329 16 6217 1
984 13 319 16 6016 1
985 50 302 23 5204 1
986 99 302 23 5204 1
987 43 335 18 5276 1
988 43 316 13 5444 1
989 105 300 64 14262 1
990 33 301 46 7393 1
991 120 318 11 4320 1
992 55 324 24 5835 1
993 45 323 13 2818 1
994 44 334 21 10000 1
995 87 334 21 10000 1
996 56 340 21 5002 1
997 37 335 13 4428 1
998 45 323 20 5113 1
999 10 300 15 2956 1
1000 44 302 20 8941 1
1001 43 335 11 3916 1
1002 43 334 22 9181 1
1003 85 334 22 9181 1
1004 66 347 30 8716 1
1005 39 306 22 10046 1
1006 77 306 22 10046 1
1007 115 306 22 10046 1
1008 45 333 27 8952 1
1009 89 333 27 8952 1
1010 133 333 27 8952 1
1011 44 336 32 6382 1
1012 87 336 32 6382 1
1013 130 336 32 6382 1
1014 47 321 27 10603 1
1015 45 340 28 5703 1
1016 38 337 11 4247 1
1017 123 340 15 7143 1
1018 245 340 15 7143 1
1019 60 325 14 3373 1
1020 50 329 28 7035 1
1021 43 301 15 3438 1
1022 72 319 14 5759 1
1023 43 325 32 14347 1
1024 36 334 23 9340 1
1025 7 350 40 14328 1
1026 1 364 10 3628 1
1027 5 364 107 41784 1
1028 9 364 107 41784 1
1029 13 364 30 5713 1
1030 4 367 72 38338 1
1031 45 351 25 6315 1
1032 113 366 103 55382 1
1033 47 367 8 1632 1
1034 47 367 46 15402 1
1035 47 366 13 4626 1
1036 115 349 38 11416 1
1037 164 351 5 1085 1
26
500 500 500 500 500 500 500 500 500 500 500 500 500 500 500 500 500 500 500 500 500 500 500 500 500 500 