1037
1 31 75 2 103 1
2 4 85 6 556 1
3 7 85 6 556 1
4 22 75 1 78 1
5 5 75 1 47 1
6 7 85 2 224 1
7 1 100 4 509 1
8 1 100 4 509 1
9 4 85 1 127 1
10 7 85 1 127 1
11 4 75 3 118 1
12 7 75 3 118 1
13 10 75 3 118 1
14 4 85 4 475 1
15 7 85 4 475 1
16 2 100 4 348 1
17 4 75 1 58 1
18 7 75 1 58 1
19 23 75 4 239 1
20 45 75 4 239 1
21 2 85 1 110 1
22 3 85 1 110 1
23 4 85 1 110 1
24 21 75 1 82 1
25 5 100 3 429 1
26 9 100 3 429 1
27 2 85 1 54 1
28 3 85 1 54 1
29 4 85 1 54 1
30 5 85 1 54 1
31 6 85 1 54 1
32 7 85 1 54 1
33 8 85 1 54 1
34 3 100 8 723 1
35 2 99 18 2485 1
36 5 100 4 557 1
37 9 100 4 557 1
38 13 100 4 557 1
39 17 100 4 557 1
40 3 99 4 431 1
41 5 99 4 431 1
42 3 100 3 364 1
43 5 100 3 364 1
44 24 100 5 633 1
45 3 99 3 152 1
46 17 99 2 248 1
47 6 99 1 143 1
48 11 99 1 143 1
49 16 99 1 143 1
50 21 99 1 143 1
51 26 99 1 143 1
52 3 100 1 58 1
53 5 100 1 58 1
54 7 100 1 58 1
55 4 99 12 1331 1
56 20 100 2 240 1
57 3 99 2 265 1
58 5 99 2 265 1
59 2 75 3 177 1
60 2 100 2 195 1
61 3 100 2 195 1
62 6 135 9 1095 1
63 11 135 9 1095 1
64 8 146 11 991 1
65 15 146 11 991 1
66 5 102 4 319 1
67 9 102 4 319 1
68 19 147 14 2559 1
69 9 143 12 1523 1
70 17 143 12 1523 1
71 25 143 12 1523 1
72 4 109 10 827 1
73 9 124 13 1081 1
74 8 125 11 1878 1
75 8 141 17 1692 1
76 15 141 17 1692 1
77 8 116 15 2276 1
78 15 116 15 2276 1
79 22 116 15 2276 1
80 29 116 15 2276 1
81 9 135 9 1617 1
82 17 135 9 1617 1
83 7 148 12 2160 1
84 9 147 12 1974 1
85 17 147 12 1974 1
86 8 121 8 516 1
87 12 143 14 2400 1
88 9 135 12 1221 1
89 17 135 12 1221 1
90 25 135 12 1221 1
91 33 135 12 1221 1
92 9 138 8 1107 1
93 9 136 11 2125 1
94 11 109 8 537 1
95 37 137 11 1734 1
96 15 139 15 2831 1
97 19 148 15 2731 1
98 37 148 15 2731 1
99 9 147 15 1186 1
100 17 147 15 1186 1
101 25 147 15 1186 1
102 33 147 15 1186 1
103 16 143 11 1526 1
104 31 143 11 1526 1
105 46 143 11 1526 1
106 61 143 11 1526 1
107 7 145 11 1950 1
108 13 145 11 1950 1
109 19 145 11 1950 1
110 16 142 15 1538 1
111 31 142 15 1538 1
112 46 142 15 1538 1
113 61 142 15 1538 1
114 8 148 17 2622 1
115 15 148 17 2622 1
116 18 124 6 738 1
117 35 124 6 738 1
118 52 124 6 738 1
119 9 148 14 2567 1
120 17 148 14 2567 1
121 12 148 13 2832 1
122 23 148 13 2832 1
123 9 139 12 2336 1
124 9 135 9 998 1
125 17 135 9 998 1
126 7 133 11 1353 1
127 9 133 19 3000 1
128 17 133 19 3000 1
129 8 145 8 680 1
130 15 145 8 680 1
131 22 145 8 680 1
132 29 145 8 680 1
133 4 122 8 1158 1
134 10 135 4 593 1
135 19 135 4 593 1
136 8 143 18 1536 1
137 17 141 11 803 1
138 33 141 11 803 1
139 49 141 11 803 1
140 65 141 11 803 1
141 81 141 11 803 1
142 9 125 8 599 1
143 9 145 18 2303 1
144 17 116 13 1547 1
145 33 116 13 1547 1
146 9 113 9 1495 1
147 8 136 8 562 1
148 15 136 8 562 1
149 22 136 8 562 1
150 29 136 8 562 1
151 8 141 9 1523 1
152 9 116 11 1022 1
153 17 116 11 1022 1
154 25 116 11 1022 1
155 33 116 11 1022 1
156 41 116 11 1022 1
157 49 116 11 1022 1
158 57 116 11 1022 1
159 9 140 12 1868 1
160 8 141 3 462 1
161 15 141 3 462 1
162 15 135 11 1387 1
163 9 124 5 780 1
164 12 122 16 1423 1
165 23 122 16 1423 1
166 34 122 16 1423 1
167 13 141 11 1529 1
168 25 141 11 1529 1
169 16 140 8 1347 1
170 9 115 7 887 1
171 17 115 7 887 1
172 25 115 7 887 1
173 8 145 10 924 1
174 19 124 11 1139 1
175 18 142 9 1462 1
176 35 142 9 1462 1
177 52 142 9 1462 1
178 9 140 11 1396 1
179 17 140 11 1396 1
180 9 149 16 1964 1
181 17 149 16 1964 1
182 25 149 16 1964 1
183 11 121 12 2064 1
184 21 136 11 908 1
185 20 108 9 632 1
186 39 108 9 632 1
187 58 108 9 632 1
188 77 108 9 632 1
189 19 148 11 2437 1
190 8 149 12 2184 1
191 9 137 13 1220 1
192 8 139 10 1595 1
193 15 139 10 1595 1
194 22 139 10 1595 1
195 29 139 10 1595 1
196 8 113 9 704 1
197 9 145 8 1721 1
198 5 130 12 2240 1
199 9 124 12 2144 1
200 17 124 12 2144 1
201 14 125 9 1010 1
202 27 125 9 1010 1
203 40 125 9 1010 1
204 9 148 15 1459 1
205 17 148 15 1459 1
206 9 124 16 2530 1
207 19 138 10 1606 1
208 37 138 10 1606 1
209 55 138 10 1606 1
210 8 141 16 2037 1
211 12 148 14 1840 1
212 23 148 14 1840 1
213 8 134 9 956 1
214 15 134 9 956 1
215 8 143 8 952 1
216 9 145 12 1740 1
217 17 145 12 1740 1
218 25 145 12 1740 1
219 33 145 12 1740 1
220 41 145 12 1740 1
221 24 149 14 2196 1
222 9 136 8 1045 1
223 8 113 8 482 1
224 15 113 8 482 1
225 9 116 11 1756 1
226 17 116 11 1756 1
227 8 138 10 725 1
228 9 135 8 1168 1
229 17 135 8 1168 1
230 25 135 8 1168 1
231 33 135 8 1168 1
232 9 108 11 1608 1
233 8 144 8 1533 1
234 17 139 10 1304 1
235 8 116 12 1407 1
236 15 116 12 1407 1
237 8 116 12 1618 1
238 15 116 12 1618 1
239 11 130 10 1585 1
240 21 130 10 1585 1
241 31 130 10 1585 1
242 41 130 10 1585 1
243 20 142 15 1455 1
244 121 113 12 888 1
245 10 124 4 315 1
246 19 124 4 315 1
247 8 145 14 2207 1
248 15 145 14 2207 1
249 8 130 12 2316 1
250 13 141 12 1055 1
251 10 102 9 1306 1
252 19 102 9 1306 1
253 7 149 7 1240 1
254 13 149 7 1240 1
255 17 124 9 1056 1
256 8 146 12 2243 1
257 15 146 12 2243 1
258 22 146 12 2243 1
259 29 146 12 2243 1
260 36 146 12 2243 1
261 43 146 12 2243 1
262 50 146 12 2243 1
263 57 146 12 2243 1
264 64 146 12 2243 1
265 71 146 12 2243 1
266 78 146 12 2243 1
267 18 138 5 871 1
268 20 136 10 1337 1
269 8 137 8 1195 1
270 17 144 12 1995 1
271 33 144 12 1995 1
272 49 144 12 1995 1
273 65 144 12 1995 1
274 14 139 12 2249 1
275 27 139 12 2249 1
276 9 115 5 481 1
277 17 115 5 481 1
278 6 108 11 677 1
279 11 108 11 677 1
280 16 108 11 677 1
281 38 133 13 1344 1
282 13 143 11 1247 1
283 7 133 8 1285 1
284 19 146 16 2190 1
285 37 146 16 2190 1
286 14 144 17 3414 1
287 27 144 17 3414 1
288 8 146 11 1187 1
289 8 141 15 3012 1
290 9 142 12 2423 1
291 17 142 12 2423 1
292 9 140 9 1300 1
293 11 116 8 1170 1
294 16 139 5 710 1
295 31 139 5 710 1
296 10 134 10 1245 1
297 19 134 10 1245 1
298 28 134 10 1245 1
299 37 134 10 1245 1
300 46 134 10 1245 1
301 18 122 6 521 1
302 35 122 6 521 1
303 52 122 6 521 1
304 69 122 6 521 1
305 86 122 6 521 1
306 103 122 6 521 1
307 120 122 6 521 1
308 137 122 6 521 1
309 154 122 6 521 1
310 15 147 16 1261 1
311 14 140 19 1642 1
312 27 140 19 1642 1
313 13 139 18 2896 1
314 25 139 18 2896 1
315 9 136 13 2045 1
316 17 136 13 2045 1
317 25 136 13 2045 1
318 33 136 13 2045 1
319 41 136 13 2045 1
320 10 136 11 909 1
321 19 136 11 909 1
322 28 136 11 909 1
323 37 136 11 909 1
324 15 148 10 1397 1
325 29 148 10 1397 1
326 16 139 4 357 1
327 9 136 12 1631 1
328 17 136 12 1631 1
329 25 136 12 1631 1
330 9 135 11 1245 1
331 13 148 11 830 1
332 25 148 11 830 1
333 37 148 11 830 1
334 3 124 7 460 1
335 5 124 7 460 1
336 8 141 13 1988 1
337 15 141 13 1988 1
338 9 130 12 2067 1
339 10 125 11 1620 1
340 9 144 13 978 1
341 17 144 13 978 1
342 25 144 13 978 1
343 18 147 15 3289 1
344 10 122 6 837 1
345 19 122 6 837 1
346 28 122 6 837 1
347 37 122 6 837 1
348 46 122 6 837 1
349 21 139 10 1290 1
350 24 141 16 1180 1
351 47 141 16 1180 1
352 9 124 8 1200 1
353 17 124 8 1200 1
354 16 141 11 2039 1
355 8 148 12 1257 1
356 15 148 12 1257 1
357 22 148 12 1257 1
358 29 148 12 1257 1
359 18 115 10 576 1
360 35 115 10 576 1
361 52 115 10 576 1
362 69 115 10 576 1
363 17 115 12 828 1
364 18 115 12 1181 1
365 35 115 12 1181 1
366 6 109 8 802 1
367 15 116 9 1444 1
368 29 116 9 1444 1
369 6 121 12 1783 1
370 8 138 14 2203 1
371 14 149 12 1116 1
372 27 149 12 1116 1
373 5 124 10 1105 1
374 20 142 11 1492 1
375 39 142 11 1492 1
376 8 121 12 2134 1
377 15 121 12 2134 1
378 20 135 7 1300 1
379 136 134 20 3830 1
380 23 145 12 1065 1
381 8 148 7 1526 1
382 9 148 14 1573 1
383 17 148 14 1573 1
384 25 148 14 1573 1
385 33 148 14 1573 1
386 41 148 14 1573 1
387 49 148 14 1573 1
388 4 134 16 2751 1
389 8 108 14 1619 1
390 10 109 9 658 1
391 19 109 9 658 1
392 13 139 6 562 1
393 9 143 6 954 1
394 17 143 6 954 1
395 17 134 14 2106 1
396 9 130 13 1050 1
397 17 130 13 1050 1
398 25 130 13 1050 1
399 4 134 15 2900 1
400 13 113 11 1717 1
401 25 113 11 1717 1
402 8 140 11 1895 1
403 15 140 11 1895 1
404 22 140 11 1895 1
405 8 140 7 646 1
406 15 140 7 646 1
407 22 140 7 646 1
408 29 140 7 646 1
409 36 140 7 646 1
410 9 144 12 1974 1
411 9 138 9 867 1
412 8 145 11 1133 1
413 15 145 11 1133 1
414 22 145 11 1133 1
415 29 145 11 1133 1
416 36 145 11 1133 1
417 9 149 16 2012 1
418 17 149 16 2012 1
419 8 145 19 1587 1
420 8 108 8 1264 1
421 7 142 9 1514 1
422 8 130 14 1759 1
423 15 144 15 2633 1
424 9 130 9 1543 1
425 13 140 9 1323 1
426 9 113 2 121 1
427 17 116 7 1201 1
428 11 122 10 1696 1
429 8 143 16 1471 1
430 15 143 16 1471 1
431 22 143 16 1471 1
432 25 175 1 187 1
433 49 183 16 3947 1
434 97 183 16 3947 1
435 11 173 11 2828 1
436 23 169 10 2367 1
437 9 175 4 984 1
438 27 162 11 1876 1
439 13 167 13 2792 1
440 8 150 11 1415 1
441 23 152 11 1917 1
442 22 158 19 2456 1
443 43 158 19 2456 1
444 64 158 19 2456 1
445 85 158 19 2456 1
446 9 163 3 429 1
447 8 180 4 1034 1
448 15 180 4 1034 1
449 26 175 12 2563 1
450 43 183 7 1600 1
451 22 155 18 3733 1
452 43 155 18 3733 1
453 21 167 25 5742 1
454 41 154 14 2241 1
455 23 158 9 907 1
456 31 150 13 2127 1
457 7 150 9 1916 1
458 11 172 10 1647 1
459 40 158 8 795 1
460 8 171 9 1001 1
461 15 171 9 1001 1
462 8 175 19 3792 1
463 23 163 4 633 1
464 15 175 30 4723 1
465 26 182 16 4158 1
466 51 182 16 4158 1
467 11 154 6 1106 1
468 15 161 7 630 1
469 9 176 13 2541 1
470 8 158 14 3089 1
471 15 158 14 3089 1
472 2 168 9 1799 1
473 19 152 3 548 1
474 24 163 6 1462 1
475 20 178 7 1589 1
476 39 178 7 1589 1
477 17 177 12 1460 1
478 20 160 7 1131 1
479 39 160 7 1131 1
480 15 154 1 97 1
481 29 154 1 97 1
482 47 170 11 2357 1
483 29 169 4 1006 1
484 15 163 10 1194 1
485 16 183 11 1730 1
486 16 171 11 2683 1
487 28 171 15 2360 1
488 23 183 8 1200 1
489 15 160 6 1096 1
490 24 159 14 2747 1
491 3 159 16 1928 1
492 5 159 16 1928 1
493 7 159 16 1928 1
494 6 164 13 1771 1
495 24 163 8 656 1
496 8 154 12 2447 1
497 22 183 10 1155 1
498 24 150 9 905 1
499 47 150 9 905 1
500 27 177 16 2440 1
501 64 173 12 2482 1
502 11 152 8 1391 1
503 38 164 11 1518 1
504 24 176 9 1755 1
505 21 183 13 2234 1
506 21 171 8 1914 1
507 24 150 13 1202 1
508 22 178 11 2743 1
509 43 178 11 2743 1
510 23 179 20 4656 1
511 16 174 13 1855 1
512 11 170 17 2643 1
513 23 165 14 1471 1
514 45 165 14 1471 1
515 23 170 9 1912 1
516 30 154 21 2526 1
517 25 164 9 2003 1
518 42 170 14 2703 1
519 10 150 11 1354 1
520 21 152 14 1670 1
521 9 182 21 3728 1
522 20 171 15 3013 1
523 61 150 11 1744 1
524 16 150 7 1297 1
525 2 172 14 2351 1
526 48 183 15 1865 1
527 95 183 15 1865 1
528 20 155 7 1496 1
529 39 155 7 1496 1
530 58 155 7 1496 1
531 3 174 15 2818 1
532 24 170 24 5115 1
533 47 170 24 5115 1
534 24 176 12 1622 1
535 24 167 10 1518 1
536 21 150 9 1361 1
537 8 154 16 3402 1
538 15 154 16 3402 1
539 8 171 20 4531 1
540 23 167 19 4194 1
541 18 160 14 3130 1
542 24 152 7 1010 1
543 24 177 12 2296 1
544 9 161 13 1457 1
545 17 161 13 1457 1
546 25 161 13 1457 1
547 43 155 17 2531 1
548 25 161 17 1866 1
549 1 150 9 1481 1
550 10 183 1 93 1
551 10 167 13 2011 1
552 10 173 15 2256 1
553 24 152 6 874 1
554 21 173 10 2094 1
555 20 182 8 1201 1
556 9 171 14 2023 1
557 17 171 14 2023 1
558 23 173 14 2769 1
559 24 167 2 484 1
560 47 167 2 484 1
561 70 167 2 484 1
562 93 167 2 484 1
563 116 167 2 484 1
564 8 154 4 570 1
565 15 150 1 213 1
566 29 150 1 213 1
567 16 179 23 4964 1
568 31 179 23 4964 1
569 46 179 23 4964 1
570 61 179 23 4964 1
571 8 150 5 453 1
572 63 174 16 1800 1
573 26 175 15 3392 1
574 20 181 11 2785 1
575 39 181 11 2785 1
576 15 171 9 1042 1
577 16 151 8 1547 1
578 10 179 12 2548 1
579 22 154 9 1940 1
580 25 179 16 3169 1
581 49 179 16 3169 1
582 73 179 16 3169 1
583 31 172 14 2275 1
584 61 172 14 2275 1
585 31 162 7 630 1
586 17 161 8 1820 1
587 29 178 15 1778 1
588 23 174 20 3409 1
589 24 152 14 1697 1
590 7 155 18 3277 1
591 8 182 10 2579 1
592 15 182 10 2579 1
593 22 182 10 2579 1
594 25 170 15 2270 1
595 29 182 19 1915 1
596 9 168 12 2147 1
597 43 167 13 2458 1
598 24 176 2 315 1
599 12 182 18 4743 1
600 11 175 13 2612 1
601 23 167 11 1235 1
602 11 171 9 1982 1
603 15 179 15 3645 1
604 48 183 13 2994 1
605 9 178 15 2319 1
606 17 178 15 2319 1
607 25 178 15 2319 1
608 23 162 10 938 1
609 45 162 10 938 1
610 23 177 9 980 1
611 45 177 9 980 1
612 67 177 9 980 1
613 27 179 21 5254 1
614 22 150 11 1162 1
615 13 158 15 3262 1
616 25 165 10 2081 1
617 9 180 15 1885 1
618 17 180 15 1885 1
619 25 180 15 1885 1
620 16 170 13 2164 1
621 33 165 11 1795 1
622 65 165 11 1795 1
623 24 164 22 3182 1
624 22 179 14 2432 1
625 22 178 23 4759 1
626 23 177 18 3120 1
627 12 158 4 693 1
628 15 178 3 723 1
629 15 178 17 2282 1
630 23 183 10 2051 1
631 25 154 10 1598 1
632 12 163 6 511 1
633 23 172 6 671 1
634 5 188 6 1159 1
635 9 188 6 1159 1
636 15 232 15 3046 1
637 24 217 3 327 1
638 58 211 11 3444 1
639 29 193 13 2732 1
640 17 231 9 2586 1
641 41 217 23 3795 1
642 16 222 9 2168 1
643 8 212 5 1348 1
644 22 217 22 5236 1
645 18 220 12 2464 1
646 22 231 13 1772 1
647 30 217 12 2468 1
648 59 217 12 2468 1
649 25 209 9 1339 1
650 84 222 11 1652 1
651 27 202 14 2110 1
652 30 197 12 2837 1
653 59 197 12 2837 1
654 22 189 15 2629 1
655 21 232 10 1508 1
656 41 232 10 1508 1
657 61 232 10 1508 1
658 22 221 1 253 1
659 10 218 26 6156 1
660 9 185 10 1171 1
661 18 209 9 1131 1
662 14 200 17 4665 1
663 23 218 22 4829 1
664 10 209 9 1086 1
665 13 213 9 1639 1
666 15 222 1 269 1
667 8 195 12 1350 1
668 43 211 10 2436 1
669 76 210 8 1921 1
670 23 231 13 2972 1
671 45 208 14 2416 1
672 15 189 9 1730 1
673 29 189 9 1730 1
674 23 188 16 1668 1
675 45 188 16 1668 1
676 29 213 14 4256 1
677 15 195 15 3127 1
678 21 184 11 2811 1
679 15 210 15 1618 1
680 7 196 16 2929 1
681 11 221 14 1993 1
682 6 184 7 1663 1
683 43 212 8 1068 1
684 85 212 8 1068 1
685 16 195 10 2458 1
686 24 202 10 1291 1
687 47 202 10 1291 1
688 20 209 10 2084 1
689 39 209 10 2084 1
690 35 198 18 3704 1
691 15 185 17 3590 1
692 16 199 17 4043 1
693 311 200 14 1852 1
694 33 184 12 2709 1
695 65 184 12 2709 1
696 73 232 14 4748 1
697 8 216 13 3909 1
698 29 216 13 3185 1
699 8 198 14 2635 1
700 18 213 16 2948 1
701 16 223 12 1399 1
702 9 196 11 3152 1
703 37 202 6 999 1
704 10 196 18 2432 1
705 37 220 15 4197 1
706 6 227 12 3927 1
707 35 217 9 1878 1
708 69 217 9 1878 1
709 10 189 7 1826 1
710 43 191 12 1772 1
711 35 194 13 1698 1
712 69 194 13 1698 1
713 5 197 13 2755 1
714 30 232 14 3894 1
715 28 209 5 967 1
716 33 197 5 857 1
717 29 200 12 2643 1
718 19 185 18 4575 1
719 15 188 9 2511 1
720 29 188 9 2511 1
721 30 221 13 4242 1
722 7 218 8 1056 1
723 252 186 6 755 1
724 29 195 13 3620 1
725 28 208 13 2240 1
726 55 208 13 2240 1
727 29 184 9 1355 1
728 57 184 9 1355 1
729 22 194 9 907 1
730 30 231 17 4906 1
731 30 184 8 1536 1
732 58 188 9 1153 1
733 115 188 9 1153 1
734 34 189 8 1707 1
735 24 223 15 4783 1
736 62 221 14 3144 1
737 25 208 16 3553 1
738 60 212 15 3902 1
739 25 218 10 1890 1
740 51 209 15 1913 1
741 16 186 6 1060 1
742 11 193 17 2981 1
743 15 202 14 1679 1
744 22 231 18 4265 1
745 30 212 3 392 1
746 5 199 14 2368 1
747 18 185 5 1299 1
748 131 210 11 3170 1
749 18 185 8 1682 1
750 23 211 25 4420 1
751 21 227 30 5389 1
752 26 217 8 2322 1
753 21 199 16 2464 1
754 41 199 16 2464 1
755 30 229 9 3084 1
756 15 184 5 581 1
757 26 197 15 2908 1
758 51 197 15 2908 1
759 21 198 9 2229 1
760 41 198 9 2229 1
761 61 198 9 2229 1
762 7 221 13 2124 1
763 19 191 8 1577 1
764 23 231 18 3280 1
765 16 217 9 1500 1
766 29 189 12 2415 1
767 16 189 9 1696 1
768 22 192 13 2269 1
769 7 196 14 1962 1
770 5 194 11 2069 1
771 17 228 2 254 1
772 33 228 2 254 1
773 13 192 12 2597 1
774 29 210 11 3334 1
775 50 241 26 4865 1
776 36 283 26 9997 1
777 2 270 17 4274 1
778 44 283 13 3748 1
779 87 283 13 3748 1
780 44 260 11 4107 1
781 50 261 15 2249 1
782 43 262 12 2199 1
783 85 262 12 2199 1
784 127 262 12 2199 1
785 60 296 21 5021 1
786 56 290 37 8677 1
787 37 268 21 6314 1
788 48 270 22 7279 1
789 44 283 17 4336 1
790 87 283 17 4336 1
791 130 283 17 4336 1
792 51 264 14 2587 1
793 68 285 56 11313 1
794 42 247 10 3258 1
795 83 247 10 3258 1
796 43 295 23 4292 1
797 85 295 23 4292 1
798 127 295 23 4292 1
799 42 264 23 3647 1
800 37 281 12 2832 1
801 73 281 12 2832 1
802 45 266 26 6657 1
803 89 266 26 6657 1
804 133 266 26 6657 1
805 21 270 20 6477 1
806 37 269 9 2503 1
807 44 276 9 2963 1
808 43 259 15 3208 1
809 43 247 8 999 1
810 42 283 21 5309 1
811 83 283 21 5309 1
812 39 277 13 4781 1
813 43 276 16 4779 1
814 85 276 16 4779 1
815 20 264 15 4467 1
816 43 240 9 2897 1
817 85 240 9 2897 1
818 43 265 17 3657 1
819 2 295 16 6365 1
820 58 277 12 2675 1
821 37 240 8 2452 1
822 44 287 17 6259 1
823 45 287 10 2847 1
824 38 281 22 3407 1
825 75 281 22 3407 1
826 44 263 13 2168 1
827 269 285 22 7783 1
828 46 281 14 4124 1
829 42 276 10 1547 1
830 83 276 10 1547 1
831 124 276 10 1547 1
832 36 292 12 2898 1
833 43 294 33 7675 1
834 85 294 33 7675 1
835 14 240 23 6815 1
836 44 296 21 3888 1
837 58 241 10 1350 1
838 44 283 22 5760 1
839 87 283 22 5760 1
840 130 283 22 5760 1
841 173 283 22 5760 1
842 216 283 22 5760 1
843 259 283 22 5760 1
844 302 283 22 5760 1
845 3 255 7 1785 1
846 4 285 18 7533 1
847 45 292 11 3945 1
848 89 292 11 3945 1
849 4 269 23 4818 1
850 43 262 19 5517 1
851 85 262 19 5517 1
852 127 262 19 5517 1
853 169 262 19 5517 1
854 211 262 19 5517 1
855 253 262 19 5517 1
856 295 262 19 5517 1
857 37 278 51 11230 1
858 73 278 51 11230 1
859 58 285 21 6566 1
860 59 270 23 6363 1
861 37 283 17 3836 1
862 44 271 12 3872 1
863 44 267 18 6864 1
864 55 260 12 2563 1
865 44 239 19 4675 1
866 87 239 19 4675 1
867 130 239 19 4675 1
868 173 239 19 4675 1
869 49 250 11 2997 1
870 36 256 20 4835 1
871 43 287 22 5328 1
872 50 277 17 6062 1
873 36 239 18 4832 1
874 42 282 33 8051 1
875 83 282 33 8051 1
876 124 282 33 8051 1
877 78 290 13 2280 1
878 42 250 20 5799 1
879 37 282 13 5151 1
880 73 282 13 5151 1
881 109 282 13 5151 1
882 49 290 8 3253 1
883 44 241 12 4035 1
884 49 278 13 4653 1
885 97 278 13 4653 1
886 145 278 13 4653 1
887 37 267 20 4015 1
888 43 241 11 2484 1
889 41 264 10 2975 1
890 42 285 27 10499 1
891 43 256 9 2529 1
892 85 256 9 2529 1
893 44 269 15 2865 1
894 62 260 11 4109 1
895 123 260 11 4109 1
896 184 260 11 4109 1
897 61 259 20 6357 1
898 121 259 20 6357 1
899 51 281 19 7219 1
900 22 278 19 2919 1
901 43 278 19 2919 1
902 42 275 7 1965 1
903 83 275 7 1965 1
904 124 275 7 1965 1
905 8 277 14 2442 1
906 15 277 14 2442 1
907 63 269 15 4442 1
908 52 240 15 3189 1
909 34 263 10 2381 1
910 44 275 13 4927 1
911 43 240 17 5388 1
912 41 287 17 3809 1
913 71 296 8 1635 1
914 141 296 8 1635 1
915 44 260 16 5565 1
916 71 283 21 7868 1
917 98 278 19 3427 1
918 49 240 15 3955 1
919 97 240 15 3955 1
920 145 240 15 3955 1
921 193 240 15 3955 1
922 87 265 14 3213 1
923 44 241 7 2032 1
924 32 279 14 4294 1
925 44 294 19 6416 1
926 76 241 16 2165 1
927 43 250 9 1501 1
928 85 250 9 1501 1
929 127 250 9 1501 1
930 169 250 9 1501 1
931 43 240 15 3859 1
932 85 240 15 3859 1
933 70 296 17 6614 1
934 43 269 21 7039 1
935 230 332 23 8894 1
936 45 329 17 3513 1
937 89 329 17 3513 1
938 133 329 17 3513 1
939 44 300 13 5451 1
940 42 340 26 7265 1
941 58 340 21 9488 1
942 44 304 13 2397 1
943 59 306 18 6118 1
944 44 300 13 2033 1
945 34 332 8 3448 1
946 67 332 8 3448 1
947 101 316 13 4874 1
948 216 324 7 2546 1
949 61 302 38 5832 1
950 43 332 13 2438 1
951 45 304 12 3971 1
952 93 306 26 9109 1
953 93 305 19 5279 1
954 43 340 34 9121 1
955 56 316 20 7497 1
956 93 321 6 2306 1
957 43 323 26 12508 1
958 42 316 21 6661 1
959 57 333 29 6918 1
960 43 318 13 5561 1
961 38 306 37 9757 1
962 64 347 43 11272 1
963 36 302 20 7090 1
964 43 316 14 5538 1
965 109 304 16 3719 1
966 37 302 13 2973 1
967 51 319 15 3452 1
968 3 321 15 2521 1
969 43 301 12 3562 1
970 44 318 34 9186 1
971 21 335 8 2620 1
972 40 304 11 1807 1
973 50 334 29 5870 1
974 63 336 16 6686 1
975 124 321 13 4385 1
976 35 304 14 3744 1
977 36 329 15 6474 1
978 50 321 11 4165 1
979 99 321 11 4165 1
980 51 329 8 3571 1
981 10 302 21 6793 1
982 98 329 16 4238 1
983 114 340 40 12587 1
984 227 340 40 12587 1
985 44 323 25 10026 1
986 45 334 24 5478 1
987 89 334 24 5478 1
988 43 301 31 9212 1
989 43 332 28 11381 1
990 4 332 25 5351 1
991 56 335 27 7273 1
992 49 333 12 5303 1
993 41 302 39 17002 1
994 44 332 18 6357 1
995 33 321 22 3610 1
996 65 321 22 3610 1
997 80 319 15 6500 1
998 52 321 23 4883 1
999 157 335 5 1956 1
1000 44 305 19 6711 1
1001 94 305 16 6192 1
1002 41 329 22 3838 1
1003 43 347 27 11115 1
1004 44 337 14 3076 1
1005 43 304 18 5883 1
1006 52 332 15 6486 1
1007 103 332 15 6486 1
1008 42 337 18 6198 1
1009 83 337 18 6198 1
1010 59 319 24 8691 1
1011 11 347 9 4028 1
1012 46 304 17 6779 1
1013 5 302 14 5695 1
1014 44 305 16 4466 1
1015 108 306 29 12379 1
1016 127 300 21 3669 1
1017 19 302 31 7560 1
1018 109 334 21 9161 1
1019 49 325 10 4016 1
1020 43 337 17 8230 1
1021 40 334 17 5979 1
1022 8 305 12 5117 1
1023 45 332 10 4391 1
1024 179 332 22 10725 1
1025 46 367 24 11408 1
1026 52 349 23 5503 1
1027 16 366 129 28142 1
1028 8 364 353 154330 1
1029 15 364 353 154330 1
1030 52 367 10 3090 1
1031 42 349 21 3993 1
1032 8 351 4 1370 1
1033 7 364 50 20716 1
1034 10 366 38 8422 1
1035 4 366 6 1880 1
1036 7 366 6 1880 1
1037 5 367 95 52242 1
26
500 500 500 500 500 500 500 500 500 500 500 500 500 500 500 500 500 500 500 500 500 500 500 500 500 500 