1037
1 4 75 5 196 1
2 7 75 5 196 1
3 10 75 5 196 1
4 13 75 5 196 1
5 16 75 5 196 1
6 19 75 5 196 1
7 22 75 5 196 1
8 29 100 8 408 1
9 4 75 5 443 1
10 7 75 5 443 1
11 4 85 3 205 1
12 7 85 3 205 1
13 5 75 2 144 1
14 3 99 5 402 1
15 5 99 5 402 1
16 3 75 3 142 1
17 11 75 20 1649 1
18 13 85 6 679 1
19 25 85 6 679 1
20 37 85 6 679 1
21 49 85 6 679 1
22 15 100 5 382 1
23 34 99 2 109 1
24 30 75 2 175 1
25 34 100 2 155 1
26 27 100 2 102 1
27 53 100 2 102 1
28 4 100 2 101 1
29 4 100 10 1137 1
30 7 100 10 1137 1
31 10 100 10 1137 1
32 13 100 10 1137 1
33 16 100 10 1137 1
34 19 100 10 1137 1
35 4 99 4 391 1
36 16 99 3 267 1
37 2 100 2 262 1
38 3 100 2 262 1
39 4 100 2 262 1
40 4 100 3 337 1
41 7 100 3 337 1
42 3 75 2 151 1
43 5 75 2 151 1
44 4 100 5 487 1
45 3 75 7 595 1
46 3 99 5 503 1
47 17 85 5 435 1
48 33 85 5 435 1
49 26 100 5 547 1
50 51 100 5 547 1
51 76 100 5 547 1
52 101 100 5 547 1
53 3 100 2 223 1
54 5 100 2 223 1
55 3 75 2 218 1
56 3 100 9 936 1
57 6 99 1 80 1
58 11 99 1 80 1
59 16 99 1 80 1
60 4 85 6 671 1
61 3 100 3 251 1
62 7 122 7 940 1
63 13 122 7 940 1
64 18 142 13 973 1
65 15 102 10 1245 1
66 10 142 13 1832 1
67 9 142 13 1360 1
68 7 122 10 1009 1
69 9 148 11 1214 1
70 8 108 8 693 1
71 15 108 8 693 1
72 22 108 8 693 1
73 29 108 8 693 1
74 9 125 10 1545 1
75 8 139 13 2552 1
76 8 125 13 1935 1
77 15 125 13 1935 1
78 8 142 14 2639 1
79 8 135 14 1338 1
80 22 121 7 469 1
81 8 149 9 759 1
82 3 134 19 1865 1
83 9 113 10 1178 1
84 17 113 10 1178 1
85 8 136 11 1803 1
86 15 136 11 1803 1
87 22 136 11 1803 1
88 9 122 8 1176 1
89 9 141 17 3574 1
90 17 141 17 3574 1
91 25 141 17 3574 1
92 9 133 11 2046 1
93 17 133 11 2046 1
94 8 142 19 2852 1
95 9 136 11 1840 1
96 17 136 11 1840 1
97 25 136 11 1840 1
98 33 102 8 949 1
99 9 125 15 2466 1
100 17 125 15 2466 1
101 14 121 7 1269 1
102 10 147 6 1001 1
103 19 147 6 1001 1
104 10 124 13 1493 1
105 19 124 13 1493 1
106 8 139 10 2068 1
107 15 125 8 507 1
108 29 125 8 507 1
109 43 125 8 507 1
110 8 134 7 678 1
111 8 136 11 1746 1
112 15 136 11 1746 1
113 14 108 5 623 1
114 10 125 12 1005 1
115 9 125 12 1118 1
116 9 145 9 1418 1
117 14 136 7 1117 1
118 8 138 12 1219 1
119 15 138 12 1219 1
120 1 143 14 2147 1
121 7 125 12 1827 1
122 19 116 11 1048 1
123 37 116 11 1048 1
124 55 116 11 1048 1
125 73 116 11 1048 1
126 91 116 11 1048 1
127 9 139 14 1132 1
128 17 139 14 1132 1
129 25 139 14 1132 1
130 33 139 14 1132 1
131 41 139 14 1132 1
132 8 108 7 710 1
133 15 108 7 710 1
134 22 108 7 710 1
135 16 145 11 1771 1
136 31 145 11 1771 1
137 46 145 11 1771 1
138 61 145 11 1771 1
139 76 145 11 1771 1
140 91 145 11 1771 1
141 106 145 11 1771 1
142 121 145 11 1771 1
143 9 113 6 1016 1
144 12 102 10 562 1
145 23 102 10 562 1
146 9 134 8 1531 1
147 17 134 8 1531 1
148 25 134 8 1531 1
149 14 109 11 1498 1
150 9 121 12 1714 1
151 9 137 16 1277 1
152 17 137 16 1277 1
153 25 137 16 1277 1
154 17 125 12 1128 1
155 8 116 11 841 1
156 15 116 11 841 1
157 22 116 11 841 1
158 144 147 9 1960 1
159 9 140 10 924 1
160 8 135 4 713 1
161 8 124 12 2020 1
162 15 124 12 2020 1
163 16 148 10 1233 1
164 31 148 10 1233 1
165 8 102 5 694 1
166 15 102 5 694 1
167 8 116 10 665 1
168 15 116 10 665 1
169 9 125 14 1426 1
170 17 125 14 1426 1
171 25 125 14 1426 1
172 33 125 14 1426 1
173 14 121 11 680 1
174 27 121 11 680 1
175 8 116 9 1426 1
176 9 133 14 2259 1
177 17 133 14 2259 1
178 8 130 12 1658 1
179 15 130 12 1658 1
180 9 146 15 2641 1
181 8 137 8 1386 1
182 15 137 8 1386 1
183 9 140 12 1497 1
184 17 140 12 1497 1
185 25 140 12 1497 1
186 33 140 12 1497 1
187 9 146 8 1350 1
188 9 139 10 2053 1
189 7 139 10 1098 1
190 8 143 13 2069 1
191 9 140 18 3573 1
192 17 140 18 3573 1
193 9 121 9 1359 1
194 8 116 9 846 1
195 8 108 11 1515 1
196 15 108 11 1515 1
197 22 108 11 1515 1
198 29 108 11 1515 1
199 9 102 9 937 1
200 8 141 10 2092 1
201 15 141 10 2092 1
202 22 141 10 2092 1
203 18 147 25 5313 1
204 19 142 15 1348 1
205 37 142 15 1348 1
206 55 142 15 1348 1
207 73 142 15 1348 1
208 91 142 15 1348 1
209 7 144 13 2643 1
210 18 140 13 1481 1
211 9 124 7 699 1
212 9 121 13 1581 1
213 17 121 13 1581 1
214 14 141 10 1458 1
215 10 137 10 724 1
216 19 137 10 724 1
217 28 137 10 724 1
218 37 137 10 724 1
219 11 147 15 1679 1
220 21 147 15 1679 1
221 12 116 10 1485 1
222 9 135 18 1582 1
223 9 116 13 1365 1
224 17 116 13 1365 1
225 15 148 20 3433 1
226 29 148 20 3433 1
227 43 148 20 3433 1
228 57 148 20 3433 1
229 71 148 20 3433 1
230 9 145 17 3445 1
231 17 145 17 3445 1
232 8 144 8 1269 1
233 15 144 8 1269 1
234 11 116 8 790 1
235 21 116 8 790 1
236 31 116 8 790 1
237 41 116 8 790 1
238 51 116 8 790 1
239 61 116 8 790 1
240 9 122 9 632 1
241 25 115 13 2152 1
242 49 115 13 2152 1
243 9 139 16 2303 1
244 17 139 16 2303 1
245 25 139 16 2303 1
246 33 139 16 2303 1
247 41 139 16 2303 1
248 4 147 14 1325 1
249 2 121 6 529 1
250 8 113 11 714 1
251 17 144 18 1976 1
252 33 144 18 1976 1
253 49 144 18 1976 1
254 6 102 7 824 1
255 8 124 11 961 1
256 8 139 14 1519 1
257 15 139 14 1519 1
258 15 138 12 1172 1
259 8 115 9 1322 1
260 15 115 9 1322 1
261 22 115 9 1322 1
262 29 115 9 1322 1
263 11 145 10 1274 1
264 21 145 10 1274 1
265 31 145 10 1274 1
266 9 108 7 1021 1
267 17 108 7 1021 1
268 25 108 7 1021 1
269 8 137 11 1007 1
270 15 137 11 1007 1
271 22 137 11 1007 1
272 18 113 11 1238 1
273 9 139 12 1150 1
274 17 139 12 1150 1
275 25 139 12 1150 1
276 33 139 12 1150 1
277 41 139 12 1150 1
278 49 139 12 1150 1
279 57 139 12 1150 1
280 9 143 14 1240 1
281 9 108 6 443 1
282 10 146 11 900 1
283 19 146 11 900 1
284 28 146 11 900 1
285 37 146 11 900 1
286 46 146 11 900 1
287 55 146 11 900 1
288 64 146 11 900 1
289 73 146 11 900 1
290 9 108 10 776 1
291 9 116 8 1129 1
292 17 116 8 1129 1
293 25 116 8 1129 1
294 8 116 7 1094 1
295 4 109 9 1292 1
296 7 109 9 1292 1
297 10 109 9 1292 1
298 13 109 9 1292 1
299 16 109 9 1292 1
300 16 148 12 2374 1
301 31 148 12 2374 1
302 9 147 12 1189 1
303 17 147 12 1189 1
304 13 121 16 1311 1
305 8 102 6 360 1
306 15 102 6 360 1
307 10 136 12 824 1
308 10 122 15 1179 1
309 19 122 15 1179 1
310 28 122 15 1179 1
311 9 143 8 1024 1
312 10 144 8 1491 1
313 19 144 8 1491 1
314 8 122 8 1385 1
315 17 134 9 1575 1
316 33 134 9 1575 1
317 14 147 11 1126 1
318 27 147 11 1126 1
319 15 122 7 1185 1
320 29 122 7 1185 1
321 43 122 7 1185 1
322 57 122 7 1185 1
323 39 147 18 3349 1
324 8 140 10 798 1
325 8 142 15 2975 1
326 10 113 7 749 1
327 19 113 7 749 1
328 28 113 7 749 1
329 12 124 8 926 1
330 23 124 8 926 1
331 15 148 15 3048 1
332 9 138 13 2669 1
333 9 148 11 1117 1
334 8 130 13 906 1
335 15 130 13 906 1
336 9 109 12 778 1
337 8 140 10 933 1
338 9 124 9 963 1
339 9 113 11 1081 1
340 17 113 11 1081 1
341 25 113 11 1081 1
342 11 122 11 984 1
343 21 122 11 984 1
344 31 122 11 984 1
345 13 121 11 1691 1
346 3 108 17 2338 1
347 5 108 17 2338 1
348 8 139 8 796 1
349 22 147 9 1762 1
350 43 147 9 1762 1
351 13 144 12 1165 1
352 8 145 8 1394 1
353 15 145 8 1394 1
354 22 145 8 1394 1
355 29 145 8 1394 1
356 36 145 8 1394 1
357 6 135 10 1175 1
358 16 134 14 1666 1
359 31 134 14 1666 1
360 9 130 16 1590 1
361 13 138 16 1560 1
362 8 109 16 1546 1
363 16 113 9 1216 1
364 9 143 14 2219 1
365 11 149 9 1448 1
366 9 108 8 1179 1
367 8 109 7 544 1
368 15 109 7 544 1
369 8 143 13 2686 1
370 9 133 14 2737 1
371 17 133 14 2737 1
372 8 121 11 1272 1
373 15 121 11 1272 1
374 9 115 12 725 1
375 10 125 13 2022 1
376 19 125 13 2022 1
377 7 142 15 1879 1
378 13 142 15 1879 1
379 19 142 15 1879 1
380 25 142 15 1879 1
381 31 142 15 1879 1
382 9 148 18 2969 1
383 16 102 5 578 1
384 6 125 6 1063 1
385 15 139 8 1227 1
386 29 139 8 1227 1
387 43 139 8 1227 1
388 57 139 8 1227 1
389 71 139 8 1227 1
390 8 125 16 2821 1
391 12 135 16 1971 1
392 9 148 11 926 1
393 17 148 11 926 1
394 9 113 14 794 1
395 17 113 14 794 1
396 20 134 16 2652 1
397 9 144 18 2187 1
398 10 130 14 1087 1
399 19 130 14 1087 1
400 9 109 11 1197 1
401 17 109 11 1197 1
402 25 109 11 1197 1
403 33 109 11 1197 1
404 17 141 9 1753 1
405 22 143 14 2074 1
406 9 135 9 1555 1
407 13 108 8 894 1
408 8 130 14 1539 1
409 15 130 14 1539 1
410 18 133 8 1161 1
411 8 137 9 626 1
412 10 115 10 712 1
413 19 115 10 712 1
414 28 115 10 712 1
415 37 115 10 712 1
416 10 143 11 1292 1
417 19 143 11 1292 1
418 19 133 6 510 1
419 37 133 6 510 1
420 7 142 9 1182 1
421 13 142 9 1182 1
422 19 142 9 1182 1
423 25 142 9 1182 1
424 31 142 9 1182 1
425 14 146 6 472 1
426 12 109 8 624 1
427 20 137 13 1205 1
428 19 108 10 729 1
429 19 122 16 2788 1
430 37 122 16 2788 1
431 8 115 9 1402 1
432 15 158 14 1447 1
433 10 178 15 2046 1
434 9 151 14 2664 1
435 22 154 11 891 1
436 30 165 26 2910 1
437 24 160 17 3437 1
438 24 177 8 1741 1
439 10 172 26 4017 1
440 22 172 2 377 1
441 24 168 11 1858 1
442 23 169 6 564 1
443 45 169 6 564 1
444 43 163 13 1550 1
445 22 162 8 1349 1
446 22 165 18 2707 1
447 7 167 14 3407 1
448 29 182 13 2184 1
449 57 182 13 2184 1
450 8 179 9 2050 1
451 44 155 13 2093 1
452 50 151 16 2774 1
453 47 163 6 1363 1
454 22 176 12 1962 1
455 14 173 9 886 1
456 24 170 9 934 1
457 8 159 13 2708 1
458 25 176 10 2066 1
459 15 155 12 977 1
460 8 159 11 2469 1
461 9 160 16 1296 1
462 197 162 8 1698 1
463 9 154 14 2999 1
464 8 173 10 2254 1
465 15 173 10 2254 1
466 6 167 10 2087 1
467 15 165 9 1594 1
468 17 161 7 719 1
469 10 177 18 2517 1
470 7 162 13 3087 1
471 37 183 11 2849 1
472 12 170 13 1902 1
473 24 160 13 1578 1
474 8 181 7 1793 1
475 15 173 13 2934 1
476 29 173 13 2934 1
477 43 173 13 2934 1
478 57 173 13 2934 1
479 22 175 14 3014 1
480 43 175 14 3014 1
481 41 150 9 1663 1
482 8 177 13 3415 1
483 22 155 12 1518 1
484 9 180 10 2450 1
485 23 165 4 850 1
486 8 167 15 2765 1
487 23 172 15 2764 1
488 17 171 16 3433 1
489 9 151 11 836 1
490 8 158 16 3778 1
491 15 158 16 3778 1
492 36 180 10 2470 1
493 16 159 11 1610 1
494 24 183 17 4261 1
495 23 165 5 431 1
496 45 165 5 431 1
497 8 170 11 2263 1
498 18 171 12 2351 1
499 10 183 17 4349 1
500 21 182 21 3357 1
501 23 151 8 1769 1
502 23 180 11 1885 1
503 9 167 4 599 1
504 15 162 6 1375 1
505 21 173 5 778 1
506 7 179 16 2583 1
507 30 174 12 1952 1
508 23 167 13 2847 1
509 22 165 13 2094 1
510 9 175 4 376 1
511 10 150 18 3931 1
512 19 150 18 3931 1
513 28 150 18 3931 1
514 23 150 11 1040 1
515 24 178 13 2689 1
516 9 176 12 2965 1
517 17 176 12 2965 1
518 24 155 15 2122 1
519 18 151 11 1640 1
520 12 164 11 1760 1
521 15 183 16 1531 1
522 9 162 13 1156 1
523 17 162 13 1156 1
524 24 170 11 1142 1
525 30 176 16 3238 1
526 9 151 7 1504 1
527 9 181 11 1860 1
528 9 176 18 2238 1
529 22 161 8 694 1
530 24 168 9 1494 1
531 27 181 14 2689 1
532 9 168 16 2483 1
533 17 168 16 2483 1
534 22 152 11 2313 1
535 25 167 8 779 1
536 23 183 17 4461 1
537 59 155 6 1298 1
538 117 155 6 1298 1
539 19 158 9 1528 1
540 8 179 16 2736 1
541 23 159 3 270 1
542 45 159 3 270 1
543 8 155 19 2457 1
544 15 155 19 2457 1
545 8 182 19 3920 1
546 11 160 17 1714 1
547 22 175 12 1746 1
548 43 175 12 1746 1
549 24 159 16 3427 1
550 12 167 14 1573 1
551 28 175 11 2363 1
552 22 169 15 2966 1
553 20 177 17 1808 1
554 16 167 14 2668 1
555 44 180 17 2893 1
556 50 152 5 1023 1
557 3 161 4 646 1
558 7 154 7 1346 1
559 10 182 12 2053 1
560 23 170 10 2027 1
561 23 167 13 1215 1
562 45 167 13 1215 1
563 21 174 9 1550 1
564 33 162 9 1192 1
565 22 164 12 2677 1
566 16 170 8 1823 1
567 19 179 5 1073 1
568 15 172 10 1295 1
569 9 167 15 3466 1
570 9 175 4 474 1
571 2 170 17 3147 1
572 23 178 11 2270 1
573 39 160 8 1082 1
574 77 160 8 1082 1
575 20 167 11 1057 1
576 28 182 13 3205 1
577 24 167 3 608 1
578 21 175 7 1171 1
579 6 172 13 3009 1
580 9 179 17 2116 1
581 2 181 14 2586 1
582 9 170 6 1399 1
583 25 163 11 2164 1
584 9 174 11 1100 1
585 14 160 20 2143 1
586 46 152 12 1881 1
587 43 167 10 1504 1
588 23 183 24 3940 1
589 22 179 10 1456 1
590 27 169 26 2468 1
591 53 169 26 2468 1
592 21 150 10 1923 1
593 23 151 11 1358 1
594 45 151 11 1358 1
595 22 173 8 1814 1
596 14 177 12 1990 1
597 36 170 15 2490 1
598 24 169 5 706 1
599 47 169 5 706 1
600 43 167 15 2175 1
601 15 178 16 1878 1
602 23 160 9 1778 1
603 23 181 22 5619 1
604 15 161 15 1420 1
605 25 163 21 3746 1
606 8 165 9 2094 1
607 15 165 9 2094 1
608 22 165 9 2094 1
609 24 183 14 3356 1
610 47 183 14 3356 1
611 23 150 14 2455 1
612 26 182 10 2405 1
613 255 161 9 2136 1
614 23 168 3 439 1
615 7 152 15 1272 1
616 13 152 15 1272 1
617 16 160 9 1298 1
618 25 169 10 1760 1
619 7 155 10 984 1
620 14 172 20 4842 1
621 20 150 8 865 1
622 8 174 16 4028 1
623 21 176 12 2807 1
624 25 163 4 610 1
625 49 181 13 3436 1
626 23 178 1 264 1
627 9 180 24 4937 1
628 9 172 12 1573 1
629 17 172 12 1573 1
630 23 168 14 3366 1
631 32 172 15 2132 1
632 20 177 6 923 1
633 39 177 6 923 1
634 10 220 13 2884 1
635 50 199 12 3412 1
636 15 221 5 1486 1
637 22 194 12 2460 1
638 15 195 7 1449 1
639 24 202 11 2384 1
640 51 217 15 2172 1
641 44 218 11 2055 1
642 2 188 7 1334 1
643 11 217 14 3404 1
644 27 222 22 2493 1
645 53 222 22 2493 1
646 30 188 7 1058 1
647 21 200 16 3919 1
648 19 198 6 721 1
649 29 185 7 1536 1
650 57 185 7 1536 1
651 6 227 14 3723 1
652 35 210 9 2695 1
653 21 222 10 3152 1
654 26 216 12 2116 1
655 36 185 4 581 1
656 24 184 9 2178 1
657 48 213 12 2533 1
658 34 197 11 1763 1
659 9 196 16 3226 1
660 7 194 12 2539 1
661 13 194 12 2539 1
662 22 196 17 2269 1
663 43 196 17 2269 1
664 7 217 11 2645 1
665 16 196 12 1334 1
666 19 232 3 557 1
667 24 184 12 1667 1
668 47 184 12 1667 1
669 39 216 12 2278 1
670 77 216 12 2278 1
671 37 198 17 4568 1
672 7 192 12 3369 1
673 13 192 12 3369 1
674 8 213 17 4855 1
675 21 231 4 1322 1
676 30 223 11 3508 1
677 29 229 16 4881 1
678 23 216 8 2430 1
679 45 216 8 2430 1
680 61 228 14 1684 1
681 29 211 8 2153 1
682 22 196 8 1827 1
683 24 222 10 1916 1
684 19 218 13 2807 1
685 37 218 13 2807 1
686 9 186 12 1981 1
687 10 227 17 2057 1
688 19 227 17 2057 1
689 29 223 8 1027 1
690 26 191 9 2237 1
691 25 232 26 6626 1
692 14 193 8 1006 1
693 10 212 16 3883 1
694 19 200 8 2101 1
695 24 223 6 1773 1
696 47 223 6 1773 1
697 15 198 6 1392 1
698 29 198 10 1458 1
699 23 228 15 3658 1
700 18 217 7 782 1
701 21 223 10 2970 1
702 41 223 10 2970 1
703 23 197 7 1127 1
704 143 199 11 1153 1
705 36 193 12 2556 1
706 5 184 7 1044 1
707 23 196 7 1768 1
708 11 194 11 2864 1
709 23 212 16 3416 1
710 45 212 16 3416 1
711 40 192 24 5779 1
712 13 185 13 2098 1
713 77 198 10 1153 1
714 29 209 13 2154 1
715 23 223 16 3603 1
716 9 223 14 4612 1
717 37 223 6 1449 1
718 25 220 15 1891 1
719 40 194 10 1280 1
720 9 189 8 1825 1
721 10 185 15 1779 1
722 23 210 13 2421 1
723 45 210 13 2421 1
724 67 210 13 2421 1
725 14 216 17 4441 1
726 29 184 11 2606 1
727 5 222 8 2389 1
728 9 222 8 2389 1
729 8 228 29 8033 1
730 15 228 29 8033 1
731 19 189 13 2847 1
732 37 189 13 2847 1
733 55 189 13 2847 1
734 57 197 15 1500 1
735 16 195 5 825 1
736 22 212 14 2913 1
737 78 200 13 1428 1
738 57 198 13 2126 1
739 180 223 4 892 1
740 18 209 8 2372 1
741 25 217 20 4848 1
742 78 192 23 3158 1
743 20 189 16 3153 1
744 23 198 14 2410 1
745 31 210 12 3765 1
746 22 186 17 2528 1
747 43 186 17 2528 1
748 35 231 17 3499 1
749 8 208 11 2094 1
750 9 184 14 1994 1
751 34 193 7 1974 1
752 23 213 10 2327 1
753 45 213 10 2327 1
754 19 195 12 3415 1
755 19 213 16 2433 1
756 16 195 11 2141 1
757 43 223 12 2533 1
758 27 184 9 1074 1
759 168 212 10 1157 1
760 19 217 9 1401 1
761 37 217 9 1401 1
762 38 192 14 3884 1
763 38 228 17 3990 1
764 8 232 20 3776 1
765 15 232 20 3776 1
766 16 193 11 1507 1
767 30 210 11 2092 1
768 80 198 9 2051 1
769 25 217 18 5147 1
770 49 217 18 5147 1
771 22 228 8 1853 1
772 15 184 9 1258 1
773 11 191 10 2187 1
774 21 191 10 2187 1
775 43 290 43 9062 1
776 85 290 43 9062 1
777 127 290 43 9062 1
778 169 290 43 9062 1
779 211 290 43 9062 1
780 253 290 43 9062 1
781 45 276 12 2318 1
782 89 276 12 2318 1
783 133 276 12 2318 1
784 79 279 6 1523 1
785 51 268 21 5894 1
786 42 267 12 3160 1
787 37 256 13 4815 1
788 43 240 12 2911 1
789 85 240 12 2911 1
790 41 277 15 4932 1
791 43 287 24 7282 1
792 59 259 15 5515 1
793 117 259 15 5515 1
794 52 267 15 4981 1
795 52 287 33 13125 1
796 49 294 9 3012 1
797 36 241 23 5836 1
798 43 241 19 6746 1
799 43 290 15 4848 1
800 85 290 15 4848 1
801 127 290 15 4848 1
802 169 290 15 4848 1
803 44 282 12 4145 1
804 43 282 27 4166 1
805 35 279 24 9265 1
806 43 239 18 4191 1
807 43 296 10 3107 1
808 85 296 10 3107 1
809 127 296 10 3107 1
810 169 296 10 3107 1
811 211 296 10 3107 1
812 253 296 10 3107 1
813 295 296 10 3107 1
814 337 296 10 3107 1
815 379 296 10 3107 1
816 421 296 10 3107 1
817 45 279 10 2805 1
818 44 280 16 5405 1
819 14 256 9 2258 1
820 2 294 11 3376 1
821 1 247 14 1750 1
822 46 239 6 1915 1
823 43 279 20 3602 1
824 49 261 18 6610 1
825 34 264 18 5392 1
826 67 264 18 5392 1
827 100 264 18 5392 1
828 49 270 11 2916 1
829 44 270 19 5786 1
830 1 256 24 6002 1
831 45 255 19 4426 1
832 29 262 18 3678 1
833 45 270 14 4189 1
834 13 265 12 4079 1
835 32 270 25 6969 1
836 47 295 28 9963 1
837 51 259 22 5124 1
838 42 239 16 2357 1
839 83 239 16 2357 1
840 51 267 21 3465 1
841 45 275 20 3632 1
842 37 240 39 13828 1
843 44 277 25 7392 1
844 43 247 21 6142 1
845 44 270 29 10486 1
846 34 241 8 1017 1
847 67 241 8 1017 1
848 100 241 8 1017 1
849 44 241 15 4264 1
850 56 240 12 3496 1
851 43 241 11 2456 1
852 44 241 9 1633 1
853 22 255 12 2458 1
854 50 271 9 3274 1
855 43 250 25 7022 1
856 85 250 25 7022 1
857 50 283 22 4870 1
858 34 287 15 5383 1
859 44 277 20 3956 1
860 87 277 20 3956 1
861 43 250 9 1464 1
862 85 250 9 1464 1
863 43 295 16 2363 1
864 43 290 20 5247 1
865 42 264 17 6216 1
866 2 275 10 1906 1
867 51 277 16 3792 1
868 44 265 15 2357 1
869 42 280 29 11779 1
870 42 240 13 2402 1
871 83 240 13 2402 1
872 124 240 13 2402 1
873 42 268 12 2615 1
874 50 294 21 4603 1
875 44 256 33 6190 1
876 87 256 33 6190 1
877 130 256 33 6190 1
878 42 266 17 5049 1
879 42 285 19 3979 1
880 67 278 22 7309 1
881 43 259 15 4368 1
882 37 259 10 2355 1
883 26 250 14 5138 1
884 44 255 17 6163 1
885 87 255 17 6163 1
886 36 265 17 4950 1
887 2 250 21 7348 1
888 38 285 7 2541 1
889 43 256 29 4808 1
890 45 280 33 12512 1
891 89 280 33 12512 1
892 133 280 33 12512 1
893 28 265 18 4532 1
894 43 282 15 3956 1
895 85 282 15 3956 1
896 127 282 15 3956 1
897 43 296 10 2950 1
898 85 296 10 2950 1
899 84 265 25 3494 1
900 167 265 25 3494 1
901 46 290 20 5946 1
902 91 290 20 5946 1
903 43 247 21 6194 1
904 44 256 10 1307 1
905 27 260 17 5341 1
906 53 260 17 5341 1
907 29 268 28 8556 1
908 57 268 28 8556 1
909 44 282 25 6283 1
910 43 292 18 4650 1
911 43 285 12 4620 1
912 51 264 9 3116 1
913 35 292 27 6125 1
914 45 276 16 6229 1
915 89 276 16 6229 1
916 133 276 16 6229 1
917 78 240 23 3751 1
918 155 240 23 3751 1
919 232 240 23 3751 1
920 50 285 11 3908 1
921 14 294 9 2609 1
922 43 256 8 2012 1
923 85 256 8 2012 1
924 42 281 14 5467 1
925 83 281 14 5467 1
926 37 241 30 8345 1
927 42 295 15 4900 1
928 43 282 26 8870 1
929 44 281 16 4655 1
930 87 281 16 4655 1
931 72 268 11 3584 1
932 44 269 17 3686 1
933 87 269 17 3686 1
934 23 265 11 4255 1
935 57 319 20 5888 1
936 45 335 36 15675 1
937 47 333 46 16339 1
938 93 333 46 16339 1
939 129 347 33 7472 1
940 43 337 16 3252 1
941 44 335 11 3313 1
942 15 305 15 6693 1
943 9 336 12 5714 1
944 95 329 23 8109 1
945 37 305 25 3898 1
946 57 337 34 7298 1
947 50 332 23 8705 1
948 48 347 25 5415 1
949 95 347 25 5415 1
950 42 340 21 9264 1
951 43 319 31 14586 1
952 85 319 31 14586 1
953 127 319 31 14586 1
954 90 324 10 3961 1
955 43 347 11 3759 1
956 95 337 23 6763 1
957 50 340 18 7940 1
958 43 318 50 20328 1
959 42 304 11 4306 1
960 39 335 23 7711 1
961 58 304 32 11903 1
962 47 335 28 10430 1
963 116 335 9 2606 1
964 36 319 15 4406 1
965 44 336 14 4352 1
966 87 336 14 4352 1
967 44 305 21 5009 1
968 44 318 6 2298 1
969 50 335 23 5144 1
970 51 332 25 9255 1
971 101 332 25 9255 1
972 44 321 12 5688 1
973 44 300 21 8699 1
974 87 300 21 8699 1
975 46 329 44 12323 1
976 36 323 28 12060 1
977 58 324 41 6869 1
978 119 306 6 1944 1
979 36 332 25 9063 1
980 71 332 25 9063 1
981 52 340 21 7166 1
982 82 306 11 3415 1
983 43 324 41 9327 1
984 85 324 41 9327 1
985 44 323 37 13598 1
986 4 302 17 5514 1
987 44 304 24 10240 1
988 43 301 36 11002 1
989 44 340 22 3806 1
990 136 301 15 3374 1
991 271 301 15 3374 1
992 46 323 19 6625 1
993 43 304 13 2697 1
994 44 324 29 4781 1
995 44 335 15 3788 1
996 51 333 33 11320 1
997 52 347 21 8170 1
998 49 301 27 7974 1
999 42 347 9 3469 1
1000 42 321 13 2446 1
1001 57 333 25 11153 1
1002 34 300 12 3871 1
1003 37 347 23 5879 1
1004 58 337 20 5394 1
1005 53 336 26 9615 1
1006 42 306 42 9372 1
1007 44 305 11 4960 1
1008 46 306 22 5952 1
1009 91 306 22 5952 1
1010 136 306 22 5952 1
1011 58 305 12 3402 1
1012 44 300 15 4895 1
1013 57 340 12 2539 1
1014 113 340 12 2539 1
1015 50 333 16 5421 1
1016 37 333 14 2694 1
1017 43 332 17 7033 1
1018 51 337 48 16866 1
1019 42 325 24 9222 1
1020 50 301 34 12087 1
1021 53 316 18 4261 1
1022 65 335 48 9180 1
1023 50 336 14 3466 1
1024 37 325 13 4674 1
1025 4 349 15 6612 1
1026 8 350 18 9279 1
1027 114 349 12 3198 1
1028 62 349 123 24536 1
1029 176 350 21 7756 1
1030 58 350 37 11091 1
1031 52 349 15 4872 1
1032 4 364 49 24738 1
1033 20 367 17 8028 1
1034 39 367 17 8028 1
1035 47 349 18 4453 1
1036 16 364 220 117408 1
1037 17 364 19 5854 1
26
500 500 500 500 500 500 500 500 500 500 500 500 500 500 500 500 500 500 500 500 500 500 500 500 500 500 