1037
1 5 99 4 335 1
2 32 100 4 374 1
3 63 100 4 374 1
4 94 100 4 374 1
5 125 100 4 374 1
6 156 100 4 374 1
7 3 99 1 141 1
8 1 75 1 43 1
9 2 99 2 189 1
10 3 99 2 189 1
11 2 100 2 221 1
12 3 100 2 221 1
13 4 100 2 221 1
14 5 100 2 221 1
15 3 85 2 87 1
16 5 85 2 87 1
17 7 85 2 87 1
18 9 85 2 87 1
19 11 85 2 87 1
20 13 85 2 87 1
21 3 100 3 249 1
22 5 100 3 249 1
23 7 100 3 249 1
24 9 100 3 249 1
25 3 85 2 177 1
26 5 85 2 177 1
27 7 85 2 177 1
28 19 99 5 709 1
29 37 99 5 709 1
30 55 99 5 709 1
31 48 75 1 47 1
32 95 75 1 47 1
33 14 99 1 105 1
34 12 85 1 86 1
35 23 85 1 86 1
36 20 100 5 591 1
37 16 99 7 642 1
38 31 99 7 642 1
39 46 99 7 642 1
40 2 99 7 964 1
41 5 75 1 79 1
42 6 99 5 610 1
43 5 99 2 214 1
44 3 85 2 204 1
45 3 85 2 214 1
46 5 85 2 214 1
47 9 75 5 281 1
48 2 75 2 97 1
49 2 100 8 464 1
50 3 100 8 464 1
51 22 100 5 375 1
52 4 99 2 109 1
53 7 99 2 109 1
54 2 100 2 134 1
55 3 100 2 134 1
56 4 100 2 134 1
57 5 100 2 134 1
58 2 85 2 116 1
59 3 75 5 378 1
60 17 99 1 69 1
61 4 100 2 108 1
62 8 134 8 1424 1
63 14 130 15 2720 1
64 9 108 9 806 1
65 8 144 16 1369 1
66 10 148 10 1755 1
67 17 138 17 1682 1
68 33 138 17 1682 1
69 8 145 13 1432 1
70 15 145 13 1432 1
71 22 145 13 1432 1
72 8 115 9 1121 1
73 15 115 9 1121 1
74 22 115 9 1121 1
75 29 115 9 1121 1
76 8 140 17 3520 1
77 15 140 17 3520 1
78 8 147 12 1773 1
79 15 147 12 1773 1
80 8 122 14 1468 1
81 15 122 14 1468 1
82 22 122 14 1468 1
83 8 148 10 1034 1
84 15 148 10 1034 1
85 22 148 10 1034 1
86 8 141 13 2335 1
87 8 109 10 959 1
88 15 109 10 959 1
89 22 109 10 959 1
90 5 138 7 1316 1
91 11 144 15 1468 1
92 21 144 15 1468 1
93 9 143 7 784 1
94 8 144 11 1995 1
95 15 144 11 1995 1
96 12 143 16 2815 1
97 9 147 13 1629 1
98 9 138 10 1439 1
99 7 122 13 855 1
100 15 108 9 737 1
101 29 108 9 737 1
102 9 139 13 1870 1
103 17 139 13 1870 1
104 25 139 13 1870 1
105 33 139 13 1870 1
106 41 139 13 1870 1
107 8 141 16 2237 1
108 11 137 11 831 1
109 9 144 12 1149 1
110 9 108 7 514 1
111 17 108 7 514 1
112 10 136 10 765 1
113 9 115 8 916 1
114 17 115 8 916 1
115 25 115 8 916 1
116 25 140 16 1710 1
117 49 140 16 1710 1
118 9 146 6 1284 1
119 18 139 16 2386 1
120 35 139 16 2386 1
121 52 139 16 2386 1
122 69 139 16 2386 1
123 8 139 4 281 1
124 9 108 7 940 1
125 9 142 11 2248 1
126 8 143 15 2469 1
127 15 143 15 2469 1
128 22 143 15 2469 1
129 17 144 11 815 1
130 33 144 11 815 1
131 8 144 16 2482 1
132 15 144 16 2482 1
133 22 144 16 2482 1
134 29 144 16 2482 1
135 8 137 10 901 1
136 15 137 10 901 1
137 22 137 10 901 1
138 9 144 17 1900 1
139 8 124 11 1618 1
140 8 140 8 938 1
141 15 140 8 938 1
142 9 124 13 1483 1
143 9 121 3 489 1
144 17 121 3 489 1
145 25 121 3 489 1
146 18 148 13 1510 1
147 35 148 13 1510 1
148 14 116 10 1626 1
149 13 130 12 1863 1
150 25 130 12 1863 1
151 14 122 11 1093 1
152 9 102 5 423 1
153 9 137 11 1949 1
154 8 147 9 1269 1
155 15 147 9 1269 1
156 22 147 9 1269 1
157 9 113 8 702 1
158 14 147 13 2396 1
159 9 135 12 1437 1
160 17 135 12 1437 1
161 25 135 12 1437 1
162 9 115 14 850 1
163 8 133 8 587 1
164 15 133 8 587 1
165 22 133 8 587 1
166 17 108 7 1030 1
167 9 142 15 1405 1
168 9 109 9 971 1
169 17 109 9 971 1
170 25 109 9 971 1
171 14 134 5 670 1
172 11 142 15 2824 1
173 21 142 15 2824 1
174 17 121 11 1265 1
175 33 121 11 1265 1
176 49 121 11 1265 1
177 9 137 12 926 1
178 8 116 12 1229 1
179 15 116 12 1229 1
180 18 134 13 2414 1
181 9 102 9 701 1
182 17 102 9 701 1
183 8 109 11 733 1
184 9 149 9 1005 1
185 9 142 11 1666 1
186 8 147 7 644 1
187 8 113 13 1424 1
188 8 139 16 3323 1
189 15 139 16 3323 1
190 24 139 8 1549 1
191 9 115 10 1613 1
192 19 113 13 786 1
193 37 113 13 786 1
194 55 113 13 786 1
195 73 113 13 786 1
196 91 113 13 786 1
197 8 140 16 2925 1
198 9 102 10 1088 1
199 17 102 10 1088 1
200 8 116 12 1943 1
201 15 116 12 1943 1
202 22 116 12 1943 1
203 8 125 13 1782 1
204 10 113 7 712 1
205 19 113 7 712 1
206 28 113 7 712 1
207 11 116 13 1766 1
208 21 116 13 1766 1
209 31 116 13 1766 1
210 14 113 12 1073 1
211 8 142 13 2559 1
212 8 130 10 1720 1
213 9 124 8 1002 1
214 8 140 9 1379 1
215 15 140 9 1379 1
216 22 140 9 1379 1
217 29 140 9 1379 1
218 12 135 14 1867 1
219 23 135 14 1867 1
220 3 146 14 1290 1
221 9 130 11 1982 1
222 17 130 11 1982 1
223 11 125 12 2000 1
224 18 136 5 856 1
225 9 124 9 848 1
226 17 124 9 848 1
227 25 124 9 848 1
228 14 115 12 702 1
229 27 115 12 702 1
230 9 134 12 948 1
231 9 116 12 1656 1
232 17 116 12 1656 1
233 8 121 10 1137 1
234 15 121 10 1137 1
235 22 121 10 1137 1
236 9 140 8 909 1
237 17 140 8 909 1
238 8 147 12 1877 1
239 24 145 14 3011 1
240 9 136 21 1896 1
241 43 138 13 934 1
242 19 116 11 1409 1
243 35 125 17 2404 1
244 10 141 17 3186 1
245 19 141 17 3186 1
246 28 141 17 3186 1
247 37 141 17 3186 1
248 46 141 17 3186 1
249 10 133 12 2347 1
250 7 135 15 1380 1
251 13 135 15 1380 1
252 19 135 15 1380 1
253 8 109 10 1512 1
254 10 125 9 1275 1
255 20 146 12 1469 1
256 16 108 9 1367 1
257 31 108 9 1367 1
258 46 108 9 1367 1
259 9 135 8 1410 1
260 10 147 10 737 1
261 9 125 11 1383 1
262 8 147 19 3141 1
263 9 139 13 2226 1
264 8 116 7 624 1
265 15 116 7 624 1
266 22 116 7 624 1
267 29 116 7 624 1
268 12 133 8 938 1
269 23 133 8 938 1
270 15 102 7 697 1
271 8 113 9 945 1
272 5 136 18 1931 1
273 8 115 8 1336 1
274 15 115 8 1336 1
275 8 134 13 1993 1
276 15 134 13 1993 1
277 8 102 2 166 1
278 9 109 8 1226 1
279 17 109 8 1226 1
280 25 109 8 1226 1
281 33 109 8 1226 1
282 41 109 8 1226 1
283 9 125 4 727 1
284 17 125 4 727 1
285 25 125 4 727 1
286 10 145 11 805 1
287 19 145 11 805 1
288 20 144 11 1774 1
289 39 144 11 1774 1
290 58 144 11 1774 1
291 44 124 11 1744 1
292 8 135 15 2545 1
293 15 135 15 2545 1
294 22 135 15 2545 1
295 9 108 7 729 1
296 17 108 7 729 1
297 9 139 12 1794 1
298 17 139 12 1794 1
299 7 143 14 2329 1
300 12 140 15 2933 1
301 9 115 10 1264 1
302 9 146 11 2024 1
303 5 143 10 894 1
304 9 109 7 575 1
305 17 116 10 1486 1
306 13 137 9 1082 1
307 26 139 14 2303 1
308 51 139 14 2303 1
309 76 139 14 2303 1
310 10 122 12 1621 1
311 9 141 13 2023 1
312 9 140 9 1097 1
313 17 140 9 1097 1
314 25 140 9 1097 1
315 8 136 16 2218 1
316 9 124 10 1372 1
317 4 135 13 1947 1
318 8 130 6 758 1
319 8 146 14 1749 1
320 15 146 14 1749 1
321 9 143 9 1102 1
322 17 143 9 1102 1
323 14 139 9 1639 1
324 27 139 9 1639 1
325 40 139 9 1639 1
326 8 102 9 588 1
327 15 130 13 977 1
328 29 130 13 977 1
329 7 148 10 794 1
330 8 145 19 1474 1
331 15 145 19 1474 1
332 8 108 3 311 1
333 15 108 3 311 1
334 22 108 3 311 1
335 29 108 3 311 1
336 7 116 10 754 1
337 13 116 10 754 1
338 19 116 10 754 1
339 25 116 10 754 1
340 24 122 7 782 1
341 4 144 12 1015 1
342 7 144 12 1015 1
343 8 140 9 1575 1
344 9 121 8 678 1
345 9 102 8 1141 1
346 17 102 8 1141 1
347 25 102 8 1141 1
348 33 102 8 1141 1
349 41 102 8 1141 1
350 8 139 11 1473 1
351 15 139 11 1473 1
352 22 139 11 1473 1
353 9 125 3 423 1
354 17 125 3 423 1
355 10 137 11 1800 1
356 19 137 11 1800 1
357 16 141 12 2153 1
358 14 145 10 1712 1
359 27 145 10 1712 1
360 40 145 10 1712 1
361 9 147 12 1656 1
362 17 147 12 1656 1
363 4 135 9 1319 1
364 8 121 10 922 1
365 15 121 10 922 1
366 9 121 9 1567 1
367 17 121 9 1567 1
368 25 121 9 1567 1
369 10 149 14 2805 1
370 8 121 8 1295 1
371 15 121 8 1295 1
372 8 145 13 1069 1
373 15 145 13 1069 1
374 16 121 12 1348 1
375 10 125 17 2392 1
376 19 125 17 2392 1
377 28 125 17 2392 1
378 10 149 10 1325 1
379 19 149 10 1325 1
380 8 135 14 1908 1
381 15 135 14 1908 1
382 22 135 14 1908 1
383 9 143 14 1665 1
384 17 143 14 1665 1
385 9 130 9 1358 1
386 8 145 3 557 1
387 11 116 7 877 1
388 21 116 7 877 1
389 31 116 7 877 1
390 7 124 8 1176 1
391 13 124 8 1176 1
392 9 113 9 1174 1
393 7 124 8 635 1
394 9 140 1 146 1
395 9 139 11 817 1
396 10 142 9 1569 1
397 19 142 9 1569 1
398 9 145 9 1561 1
399 8 141 13 1891 1
400 15 141 13 1891 1
401 9 125 7 863 1
402 17 125 7 863 1
403 25 125 7 863 1
404 9 141 9 1518 1
405 9 138 13 2465 1
406 8 125 12 2085 1
407 15 125 12 2085 1
408 22 125 12 2085 1
409 9 121 7 479 1
410 8 121 11 1774 1
411 15 121 11 1774 1
412 22 121 11 1774 1
413 9 136 11 2094 1
414 11 136 16 1657 1
415 9 134 15 2139 1
416 17 134 15 2139 1
417 9 144 4 614 1
418 7 137 10 1681 1
419 13 137 10 1681 1
420 9 102 17 1311 1
421 17 102 17 1311 1
422 10 115 3 303 1
423 8 125 12 1033 1
424 15 125 12 1033 1
425 7 139 8 872 1
426 8 144 16 2723 1
427 15 144 16 2723 1
428 25 142 3 383 1
429 8 125 9 1138 1
430 15 125 9 1138 1
431 22 125 9 1138 1
432 11 169 12 3001 1
433 22 154 14 1098 1
434 23 178 10 1539 1
435 12 155 8 1602 1
436 12 179 17 2137 1
437 20 165 12 1566 1
438 39 165 12 1566 1
439 58 165 12 1566 1
440 9 168 15 2633 1
441 43 151 13 1047 1
442 25 171 12 2146 1
443 9 151 5 479 1
444 21 169 11 2330 1
445 41 169 11 2330 1
446 23 167 13 1536 1
447 19 163 5 876 1
448 37 163 5 876 1
449 55 163 5 876 1
450 23 162 12 1539 1
451 14 170 16 3129 1
452 8 163 12 1754 1
453 23 177 19 3663 1
454 23 181 18 3758 1
455 23 161 4 842 1
456 8 164 13 2248 1
457 9 163 10 1013 1
458 18 152 13 2335 1
459 29 165 13 1816 1
460 18 150 17 1776 1
461 10 162 10 1529 1
462 62 183 16 2924 1
463 123 183 16 2924 1
464 9 175 9 1374 1
465 24 174 14 3023 1
466 47 174 14 3023 1
467 10 152 16 2628 1
468 10 151 15 1523 1
469 19 151 15 1523 1
470 8 172 17 1624 1
471 22 174 13 3002 1
472 43 174 13 3002 1
473 64 174 13 3002 1
474 21 161 11 1813 1
475 17 165 12 1655 1
476 33 165 12 1655 1
477 1 179 12 1648 1
478 73 174 8 709 1
479 9 164 8 1290 1
480 21 159 5 492 1
481 22 179 9 2313 1
482 21 159 8 660 1
483 11 176 15 3758 1
484 14 158 10 1009 1
485 9 161 14 1613 1
486 30 180 18 3959 1
487 18 169 23 3847 1
488 35 169 23 3847 1
489 18 183 18 4703 1
490 10 175 17 2195 1
491 15 169 7 851 1
492 9 158 9 2132 1
493 13 161 22 3214 1
494 25 161 22 3214 1
495 9 161 15 2409 1
496 10 155 9 1987 1
497 22 177 14 2394 1
498 9 180 18 1829 1
499 12 176 25 3660 1
500 21 175 11 1325 1
501 14 172 9 2317 1
502 24 182 13 1226 1
503 23 155 12 1123 1
504 8 161 11 914 1
505 9 182 7 838 1
506 22 159 13 2977 1
507 43 159 13 2977 1
508 23 178 12 1535 1
509 1 162 13 1903 1
510 9 170 13 1516 1
511 22 164 13 2841 1
512 23 172 8 1421 1
513 24 174 3 266 1
514 31 183 18 2161 1
515 13 167 9 1020 1
516 9 158 12 1717 1
517 9 154 3 473 1
518 14 170 6 680 1
519 19 152 10 1748 1
520 25 164 8 808 1
521 23 165 6 1078 1
522 24 171 11 2760 1
523 8 155 8 845 1
524 13 165 11 2534 1
525 15 169 15 3418 1
526 42 173 13 1368 1
527 21 159 13 2762 1
528 19 155 10 2249 1
529 37 155 10 2249 1
530 22 162 6 941 1
531 43 162 6 941 1
532 16 167 14 1379 1
533 31 167 14 1379 1
534 9 181 9 1175 1
535 17 181 9 1175 1
536 28 171 10 1900 1
537 16 154 10 960 1
538 31 154 10 960 1
539 24 176 15 1992 1
540 9 154 12 2121 1
541 62 164 3 423 1
542 23 163 10 1801 1
543 45 163 10 1801 1
544 29 159 12 2677 1
545 9 180 9 2262 1
546 18 154 12 2709 1
547 35 154 12 2709 1
548 22 167 13 2093 1
549 9 163 8 998 1
550 30 155 12 2766 1
551 59 155 12 2766 1
552 8 170 14 1555 1
553 23 152 21 2238 1
554 22 158 6 658 1
555 43 158 6 658 1
556 1 167 9 1486 1
557 17 161 21 4365 1
558 30 178 19 3894 1
559 22 165 17 1568 1
560 47 181 6 1615 1
561 24 175 17 3965 1
562 47 175 17 3965 1
563 23 170 12 2980 1
564 3 164 11 1533 1
565 28 171 9 2239 1
566 44 168 12 1156 1
567 17 180 17 3604 1
568 20 164 3 453 1
569 21 172 12 1681 1
570 20 162 6 1201 1
571 22 180 16 2363 1
572 16 179 12 1413 1
573 10 150 14 1132 1
574 8 181 6 1485 1
575 15 181 6 1485 1
576 1 158 10 884 1
577 43 180 14 2641 1
578 8 175 7 871 1
579 15 175 7 871 1
580 25 183 14 2344 1
581 24 159 11 1919 1
582 21 175 9 1152 1
583 28 183 22 2607 1
584 55 183 22 2607 1
585 24 163 11 1576 1
586 10 182 14 1955 1
587 24 177 5 787 1
588 47 177 5 787 1
589 70 177 5 787 1
590 9 174 9 1331 1
591 48 170 9 2237 1
592 9 167 10 2237 1
593 24 158 10 2041 1
594 47 158 10 2041 1
595 70 158 10 2041 1
596 24 158 11 1968 1
597 22 154 8 1788 1
598 34 165 9 2071 1
599 9 171 12 1553 1
600 14 161 12 1926 1
601 28 158 7 1203 1
602 55 158 7 1203 1
603 82 158 7 1203 1
604 41 172 12 1227 1
605 10 160 16 2541 1
606 13 177 9 1388 1
607 22 175 13 1940 1
608 43 175 13 1940 1
609 9 168 9 1380 1
610 15 176 3 420 1
611 11 159 13 2163 1
612 13 169 16 3279 1
613 12 159 13 1930 1
614 24 172 23 4529 1
615 9 150 12 1897 1
616 23 175 12 1310 1
617 7 170 10 1585 1
618 34 169 10 2292 1
619 16 172 9 1393 1
620 31 172 9 1393 1
621 19 160 21 3156 1
622 8 180 12 1533 1
623 17 176 14 1539 1
624 26 168 12 1070 1
625 43 162 10 1252 1
626 21 160 13 1928 1
627 29 163 11 1539 1
628 57 163 11 1539 1
629 85 163 11 1539 1
630 20 159 15 2446 1
631 18 159 10 1548 1
632 35 159 10 1548 1
633 29 181 17 3568 1
634 29 220 21 2901 1
635 9 195 12 1275 1
636 17 195 12 1275 1
637 28 198 16 3578 1
638 29 208 14 3456 1
639 211 200 13 2030 1
640 23 184 6 1065 1
641 36 202 13 2647 1
642 25 195 6 1048 1
643 9 217 7 1546 1
644 21 210 10 2718 1
645 41 210 10 2718 1
646 29 202 14 1757 1
647 62 210 13 2269 1
648 22 229 7 1164 1
649 10 210 8 873 1
650 31 191 8 2039 1
651 62 213 11 2416 1
652 41 212 17 4940 1
653 21 212 10 2079 1
654 28 221 4 1253 1
655 10 221 22 6819 1
656 12 185 13 1267 1
657 26 194 5 534 1
658 60 223 9 1741 1
659 28 189 11 2829 1
660 24 197 20 2902 1
661 22 199 9 1734 1
662 8 209 11 1665 1
663 9 212 16 2887 1
664 15 208 14 1878 1
665 29 208 14 1878 1
666 7 229 19 5579 1
667 91 191 8 1655 1
668 181 191 8 1655 1
669 32 198 13 1592 1
670 63 198 13 1592 1
671 29 184 2 362 1
672 40 229 25 2941 1
673 1 185 9 1399 1
674 21 212 16 5085 1
675 27 209 12 1840 1
676 53 209 12 1840 1
677 29 210 1 306 1
678 29 229 9 1062 1
679 9 197 13 2265 1
680 12 208 14 4214 1
681 24 195 11 3099 1
682 29 212 10 2445 1
683 19 212 13 1961 1
684 30 192 11 1129 1
685 19 209 8 1359 1
686 44 192 13 1429 1
687 22 227 9 2560 1
688 43 227 9 2560 1
689 29 216 15 3792 1
690 57 216 15 3792 1
691 22 208 8 1740 1
692 52 189 6 1591 1
693 5 223 6 935 1
694 37 200 11 1943 1
695 16 222 13 4050 1
696 2 212 18 4885 1
697 30 211 4 478 1
698 25 228 11 3417 1
699 22 222 16 5153 1
700 15 186 17 3309 1
701 44 199 11 2959 1
702 11 185 10 2519 1
703 15 191 14 3378 1
704 21 228 8 1493 1
705 8 216 18 4417 1
706 25 197 7 1153 1
707 8 185 10 1403 1
708 30 197 14 2847 1
709 44 194 6 1734 1
710 23 199 14 2445 1
711 27 229 20 6620 1
712 24 188 12 2732 1
713 10 186 8 1126 1
714 29 188 4 894 1
715 24 195 3 327 1
716 47 195 3 327 1
717 3 194 2 323 1
718 11 202 9 1551 1
719 9 220 13 2649 1
720 7 194 12 1608 1
721 28 198 5 588 1
722 15 210 18 5662 1
723 21 217 11 1242 1
724 28 196 9 1963 1
725 22 223 13 2186 1
726 67 216 9 1340 1
727 133 216 9 1340 1
728 21 216 15 2078 1
729 41 216 15 2078 1
730 34 222 13 2195 1
731 35 208 13 1402 1
732 38 199 14 2261 1
733 24 210 19 3197 1
734 9 194 14 2232 1
735 17 194 14 2232 1
736 41 220 16 3114 1
737 16 188 6 818 1
738 23 210 14 2190 1
739 16 199 11 2999 1
740 26 220 11 2164 1
741 30 184 10 2182 1
742 59 184 10 2182 1
743 72 222 24 6596 1
744 5 185 6 967 1
745 10 227 17 3175 1
746 22 228 14 3514 1
747 43 228 14 3514 1
748 9 211 13 3727 1
749 33 228 13 2522 1
750 47 211 16 3140 1
751 30 222 16 2034 1
752 25 223 21 4388 1
753 5 216 8 1235 1
754 36 200 13 2603 1
755 25 232 16 4209 1
756 49 232 16 4209 1
757 73 232 16 4209 1
758 15 192 8 1179 1
759 10 196 4 443 1
760 52 217 23 4254 1
761 17 200 8 1219 1
762 33 200 8 1219 1
763 8 229 10 2644 1
764 35 188 16 1707 1
765 30 186 11 1341 1
766 15 229 10 3257 1
767 17 221 11 2178 1
768 18 216 6 930 1
769 35 216 6 930 1
770 52 216 6 930 1
771 23 217 6 1601 1
772 11 218 14 3689 1
773 37 202 4 943 1
774 17 228 11 3095 1
775 34 262 9 1604 1
776 43 296 13 2697 1
777 50 265 9 1343 1
778 6 239 18 5023 1
779 11 239 18 5023 1
780 16 239 18 5023 1
781 43 264 12 2743 1
782 85 264 12 2743 1
783 127 264 12 2743 1
784 38 271 15 4010 1
785 59 241 9 1495 1
786 117 241 9 1495 1
787 49 279 10 3336 1
788 97 279 10 3336 1
789 44 271 19 6813 1
790 41 261 12 4170 1
791 81 261 12 4170 1
792 121 261 12 4170 1
793 32 267 10 3828 1
794 42 294 11 3148 1
795 2 260 10 3210 1
796 43 250 33 8274 1
797 85 250 33 8274 1
798 127 250 33 8274 1
799 169 250 33 8274 1
800 44 292 26 3977 1
801 52 277 17 2677 1
802 45 282 15 4589 1
803 89 282 15 4589 1
804 64 290 20 6517 1
805 127 290 20 6517 1
806 190 290 20 6517 1
807 37 247 14 2029 1
808 2 283 26 4144 1
809 32 285 12 2514 1
810 43 239 11 3929 1
811 63 241 11 3605 1
812 40 264 23 4477 1
813 43 268 18 5696 1
814 64 271 26 7732 1
815 127 271 26 7732 1
816 94 295 16 6018 1
817 187 295 16 6018 1
818 280 295 16 6018 1
819 43 296 10 3480 1
820 85 296 10 3480 1
821 44 239 10 3433 1
822 87 239 10 3433 1
823 43 269 14 2087 1
824 85 269 14 2087 1
825 43 267 27 9246 1
826 85 267 27 9246 1
827 127 267 27 9246 1
828 169 267 27 9246 1
829 30 263 21 2849 1
830 43 282 19 6217 1
831 36 279 12 2702 1
832 42 264 8 1528 1
833 36 256 23 7144 1
834 44 240 6 2120 1
835 87 240 6 2120 1
836 44 283 14 5257 1
837 87 283 14 5257 1
838 53 287 16 4157 1
839 105 287 16 4157 1
840 157 287 16 4157 1
841 209 287 16 4157 1
842 51 287 14 5741 1
843 101 287 14 5741 1
844 61 259 7 1501 1
845 121 259 7 1501 1
846 28 250 14 4577 1
847 55 250 14 4577 1
848 82 250 14 4577 1
849 47 296 14 3400 1
850 43 283 9 1294 1
851 85 283 9 1294 1
852 127 283 9 1294 1
853 169 283 9 1294 1
854 211 283 9 1294 1
855 253 283 9 1294 1
856 11 262 16 4032 1
857 21 262 16 4032 1
858 45 255 23 6064 1
859 46 260 13 2455 1
860 42 264 15 2100 1
861 44 269 11 2918 1
862 87 269 11 2918 1
863 130 269 11 2918 1
864 43 277 23 7808 1
865 85 277 23 7808 1
866 43 276 11 3164 1
867 31 262 15 2000 1
868 37 263 13 2499 1
869 43 282 15 4454 1
870 85 282 15 4454 1
871 56 241 13 2684 1
872 111 241 13 2684 1
873 75 241 26 8577 1
874 149 241 26 8577 1
875 223 241 26 8577 1
876 297 241 26 8577 1
877 32 285 12 3405 1
878 63 285 12 3405 1
879 43 287 17 5674 1
880 42 281 9 2012 1
881 43 285 9 2265 1
882 1 270 13 2044 1
883 43 250 12 3385 1
884 85 250 12 3385 1
885 127 250 12 3385 1
886 42 281 21 5138 1
887 43 256 19 4243 1
888 85 256 19 4243 1
889 127 256 19 4243 1
890 169 256 19 4243 1
891 50 264 7 1353 1
892 43 262 51 10564 1
893 58 280 10 2671 1
894 43 292 7 1943 1
895 85 292 7 1943 1
896 36 263 9 3178 1
897 44 256 10 3644 1
898 87 256 10 3644 1
899 52 277 14 5815 1
900 44 296 11 2242 1
901 87 296 11 2242 1
902 130 296 11 2242 1
903 33 279 21 7262 1
904 51 279 27 9897 1
905 42 276 11 2727 1
906 83 276 11 2727 1
907 43 240 19 3497 1
908 62 239 9 1600 1
909 42 259 27 10303 1
910 83 259 27 10303 1
911 78 270 16 5985 1
912 155 270 16 5985 1
913 232 270 16 5985 1
914 38 268 12 4026 1
915 58 280 13 3838 1
916 115 280 13 3838 1
917 44 241 33 4215 1
918 87 241 33 4215 1
919 130 241 33 4215 1
920 173 241 33 4215 1
921 44 296 18 6379 1
922 87 296 18 6379 1
923 43 296 22 7879 1
924 42 281 17 2562 1
925 83 281 17 2562 1
926 124 281 17 2562 1
927 41 261 12 1701 1
928 43 281 18 7107 1
929 44 283 10 3548 1
930 38 277 7 2095 1
931 23 239 13 3706 1
932 43 264 11 2724 1
933 85 264 11 2724 1
934 127 264 11 2724 1
935 48 318 21 4249 1
936 57 334 7 2070 1
937 9 321 18 4715 1
938 17 321 18 4715 1
939 50 335 26 10905 1
940 99 335 26 10905 1
941 21 302 23 9965 1
942 49 325 56 16324 1
943 37 300 10 2023 1
944 131 318 40 17129 1
945 38 333 19 6386 1
946 75 333 19 6386 1
947 112 333 19 6386 1
948 15 332 37 16044 1
949 42 337 7 1660 1
950 52 347 43 9066 1
951 45 335 21 8028 1
952 89 335 21 8028 1
953 46 335 23 9000 1
954 58 323 24 6361 1
955 13 300 8 2239 1
956 50 301 10 4063 1
957 46 332 18 4358 1
958 91 332 18 4358 1
959 219 333 28 7157 1
960 47 333 16 5779 1
961 42 305 13 5456 1
962 43 329 29 7936 1
963 51 335 12 5487 1
964 51 333 21 7234 1
965 50 332 14 6661 1
966 45 334 17 3067 1
967 52 334 26 12078 1
968 103 334 26 12078 1
969 43 300 13 4134 1
970 85 300 13 4134 1
971 50 337 22 5105 1
972 99 337 22 5105 1
973 46 304 13 3838 1
974 57 306 21 9074 1
975 118 325 12 3385 1
976 61 333 26 6405 1
977 24 300 14 5631 1
978 55 316 30 7992 1
979 37 305 28 9630 1
980 37 336 20 3535 1
981 42 340 9 3481 1
982 51 340 11 3117 1
983 101 340 11 3117 1
984 57 323 20 7122 1
985 88 335 20 3563 1
986 44 319 15 5985 1
987 45 347 15 5787 1
988 46 340 14 2465 1
989 43 305 18 3129 1
990 85 305 18 3129 1
991 50 318 20 6291 1
992 99 318 20 6291 1
993 43 347 9 4254 1
994 43 302 22 7832 1
995 56 316 13 4255 1
996 51 325 14 4960 1
997 101 325 14 4960 1
998 19 304 18 4146 1
999 43 301 24 5116 1
1000 51 306 7 1699 1
1001 42 325 56 26314 1
1002 50 301 18 7797 1
1003 43 347 14 6421 1
1004 58 316 32 11368 1
1005 43 340 13 4321 1
1006 45 318 79 35315 1
1007 15 337 13 2662 1
1008 38 329 13 5845 1
1009 36 329 17 5064 1
1010 49 332 30 7585 1
1011 97 332 30 7585 1
1012 54 306 12 2134 1
1013 38 321 10 3288 1
1014 44 329 15 3844 1
1015 50 323 21 5376 1
1016 41 301 7 2372 1
1017 50 318 29 13202 1
1018 99 318 29 13202 1
1019 55 335 34 7315 1
1020 109 335 34 7315 1
1021 57 336 28 7241 1
1022 50 304 15 4349 1
1023 64 335 16 7579 1
1024 45 304 10 4030 1
1025 5 349 60 11645 1
1026 9 349 60 11645 1
1027 13 349 60 11645 1
1028 3 349 36 8098 1
1029 9 351 46 16325 1
1030 5 364 70 20505 1
1031 112 364 220 62099 1
1032 6 367 20 10284 1
1033 11 367 20 10284 1
1034 16 367 20 10284 1
1035 21 367 20 10284 1
1036 49 350 61 15563 1
1037 3 367 35 7148 1
26
500 500 500 500 500 500 500 500 500 500 500 500 500 500 500 500 500 500 500 500 500 500 500 500 500 500 