1037
1 4 85 2 130 1
2 3 75 1 47 1
3 5 75 1 47 1
4 7 75 1 47 1
5 9 75 1 47 1
6 15 99 6 367 1
7 29 99 6 367 1
8 43 99 6 367 1
9 25 85 2 216 1
10 15 99 2 251 1
11 29 99 2 251 1
12 43 99 2 251 1
13 57 99 2 251 1
14 71 99 2 251 1
15 7 99 2 198 1
16 13 99 2 198 1
17 8 100 6 813 1
18 22 100 4 292 1
19 1 100 3 222 1
20 21 100 3 401 1
21 41 100 3 401 1
22 61 100 3 401 1
23 26 85 2 97 1
24 18 75 2 143 1
25 4 75 2 108 1
26 7 75 2 108 1
27 13 100 5 460 1
28 5 99 3 228 1
29 4 75 4 184 1
30 7 75 4 184 1
31 10 75 4 184 1
32 3 85 3 136 1
33 5 85 3 136 1
34 4 99 2 157 1
35 10 75 1 84 1
36 5 85 2 242 1
37 9 85 2 242 1
38 13 85 2 242 1
39 15 99 4 491 1
40 5 100 2 286 1
41 9 100 2 286 1
42 27 99 7 373 1
43 53 99 7 373 1
44 79 99 7 373 1
45 9 75 2 187 1
46 17 75 2 187 1
47 3 75 3 141 1
48 5 75 3 141 1
49 7 75 3 141 1
50 3 99 5 730 1
51 5 99 5 730 1
52 7 99 5 730 1
53 9 99 5 730 1
54 11 99 5 730 1
55 13 99 5 730 1
56 14 100 2 244 1
57 4 99 5 407 1
58 7 99 5 407 1
59 10 99 5 407 1
60 4 75 1 109 1
61 5 75 3 184 1
62 9 137 4 471 1
63 9 148 22 3954 1
64 17 148 22 3954 1
65 8 102 10 603 1
66 15 102 10 603 1
67 18 121 13 1201 1
68 35 121 13 1201 1
69 2 130 11 737 1
70 9 109 6 802 1
71 17 109 6 802 1
72 4 108 7 569 1
73 8 134 15 1644 1
74 15 134 15 1644 1
75 21 135 13 1957 1
76 41 135 13 1957 1
77 8 102 12 727 1
78 15 102 12 727 1
79 16 144 19 2404 1
80 31 144 19 2404 1
81 8 134 7 838 1
82 6 115 8 565 1
83 11 115 8 565 1
84 1 109 12 1492 1
85 1 109 12 1492 1
86 9 130 11 1365 1
87 17 130 11 1365 1
88 25 130 11 1365 1
89 4 147 15 1258 1
90 9 140 16 2290 1
91 9 146 14 2234 1
92 17 146 14 2234 1
93 12 122 10 1262 1
94 20 147 11 2081 1
95 8 102 13 1825 1
96 15 102 13 1825 1
97 22 102 13 1825 1
98 29 102 13 1825 1
99 36 102 13 1825 1
100 9 135 12 1394 1
101 9 133 12 2060 1
102 8 122 10 1078 1
103 12 142 11 2268 1
104 9 143 13 1646 1
105 17 143 13 1646 1
106 25 143 13 1646 1
107 33 143 13 1646 1
108 41 143 13 1646 1
109 49 143 13 1646 1
110 57 143 13 1646 1
111 65 143 13 1646 1
112 73 143 13 1646 1
113 14 149 13 1378 1
114 9 124 11 1174 1
115 17 124 11 1174 1
116 25 124 11 1174 1
117 33 124 11 1174 1
118 41 124 11 1174 1
119 10 135 13 1463 1
120 9 140 15 1700 1
121 17 140 15 1700 1
122 19 130 8 622 1
123 37 130 8 622 1
124 16 108 9 901 1
125 16 109 9 752 1
126 31 109 9 752 1
127 46 109 9 752 1
128 8 124 14 1495 1
129 15 124 14 1495 1
130 22 124 14 1495 1
131 12 145 10 898 1
132 9 133 7 1392 1
133 9 115 13 1228 1
134 17 115 13 1228 1
135 25 115 13 1228 1
136 33 115 13 1228 1
137 41 115 13 1228 1
138 49 115 13 1228 1
139 57 115 13 1228 1
140 9 139 11 1578 1
141 17 139 11 1578 1
142 8 142 18 2635 1
143 18 115 9 1503 1
144 10 136 11 985 1
145 8 149 11 1648 1
146 15 149 11 1648 1
147 69 102 8 972 1
148 8 144 9 1479 1
149 8 149 11 1482 1
150 15 149 11 1482 1
151 22 149 11 1482 1
152 10 148 8 1273 1
153 19 148 8 1273 1
154 28 148 8 1273 1
155 8 124 10 1626 1
156 10 144 14 1578 1
157 19 144 14 1578 1
158 9 125 13 2222 1
159 9 121 12 902 1
160 9 147 17 1498 1
161 15 121 8 1170 1
162 29 121 8 1170 1
163 12 135 9 1782 1
164 23 135 9 1782 1
165 8 121 11 1591 1
166 7 143 10 1582 1
167 13 143 10 1582 1
168 19 143 10 1582 1
169 25 143 10 1582 1
170 8 144 7 623 1
171 1 125 8 1122 1
172 8 139 13 2039 1
173 15 139 13 2039 1
174 22 139 13 2039 1
175 8 148 10 1148 1
176 15 148 10 1148 1
177 10 122 9 1217 1
178 19 122 9 1217 1
179 28 122 9 1217 1
180 37 122 9 1217 1
181 8 147 8 1206 1
182 19 148 13 2285 1
183 9 121 11 1388 1
184 17 121 11 1388 1
185 25 121 11 1388 1
186 33 121 11 1388 1
187 8 148 14 2940 1
188 19 133 10 1544 1
189 37 133 10 1544 1
190 8 102 8 1184 1
191 15 102 8 1184 1
192 8 136 10 1375 1
193 8 115 12 780 1
194 10 113 10 1169 1
195 19 113 10 1169 1
196 14 140 10 1875 1
197 13 139 13 1211 1
198 25 139 13 1211 1
199 37 139 13 1211 1
200 4 142 12 1658 1
201 7 146 11 1427 1
202 13 146 11 1427 1
203 27 137 11 1644 1
204 9 141 12 1185 1
205 17 141 12 1185 1
206 13 149 10 888 1
207 9 143 12 1409 1
208 10 135 12 906 1
209 4 130 12 1396 1
210 7 130 12 1396 1
211 10 130 12 1396 1
212 13 130 12 1396 1
213 16 130 12 1396 1
214 8 102 14 1566 1
215 8 115 9 532 1
216 15 115 9 532 1
217 22 115 9 532 1
218 17 146 12 1504 1
219 33 146 12 1504 1
220 49 146 12 1504 1
221 65 146 12 1504 1
222 20 142 11 1273 1
223 9 108 4 272 1
224 17 108 4 272 1
225 25 108 4 272 1
226 7 116 9 695 1
227 9 146 10 1478 1
228 6 130 21 3056 1
229 11 130 21 3056 1
230 15 133 11 2080 1
231 9 147 13 2688 1
232 17 147 13 2688 1
233 8 124 10 1456 1
234 15 124 10 1456 1
235 22 124 10 1456 1
236 9 140 14 1731 1
237 13 116 11 806 1
238 9 144 14 2257 1
239 17 144 14 2257 1
240 25 144 14 2257 1
241 9 109 9 582 1
242 17 109 9 582 1
243 25 109 9 582 1
244 33 109 9 582 1
245 41 109 9 582 1
246 10 141 10 1423 1
247 15 109 9 503 1
248 29 109 9 503 1
249 7 143 19 2312 1
250 9 137 14 2676 1
251 17 137 14 2676 1
252 25 137 14 2676 1
253 9 136 12 1322 1
254 17 136 12 1322 1
255 25 136 12 1322 1
256 33 136 12 1322 1
257 41 136 12 1322 1
258 9 137 10 1997 1
259 17 137 10 1997 1
260 25 137 10 1997 1
261 7 116 11 1799 1
262 9 109 9 923 1
263 17 109 9 923 1
264 25 109 9 923 1
265 33 109 9 923 1
266 41 109 9 923 1
267 8 148 14 2314 1
268 15 148 14 2314 1
269 22 148 14 2314 1
270 29 148 14 2314 1
271 36 148 14 2314 1
272 43 148 14 2314 1
273 8 137 15 1206 1
274 15 137 15 1206 1
275 8 125 13 982 1
276 18 137 16 1807 1
277 17 121 10 1483 1
278 15 140 8 1567 1
279 29 140 8 1567 1
280 4 125 8 1375 1
281 17 130 10 1090 1
282 9 135 12 2086 1
283 12 109 6 797 1
284 23 109 6 797 1
285 34 109 6 797 1
286 45 109 6 797 1
287 9 122 11 1366 1
288 17 122 11 1366 1
289 25 122 11 1366 1
290 15 124 12 1212 1
291 9 121 14 1874 1
292 22 134 13 2145 1
293 11 144 11 1665 1
294 21 144 11 1665 1
295 31 144 11 1665 1
296 8 113 12 1992 1
297 9 125 4 619 1
298 9 148 16 1921 1
299 9 135 13 1733 1
300 32 116 8 1118 1
301 8 108 9 989 1
302 15 108 9 989 1
303 22 108 9 989 1
304 29 108 9 989 1
305 36 108 9 989 1
306 1 147 10 2040 1
307 1 147 10 2040 1
308 9 148 12 2175 1
309 8 145 16 3205 1
310 9 130 9 1484 1
311 11 145 18 2212 1
312 23 145 7 740 1
313 9 130 14 2453 1
314 17 130 14 2453 1
315 8 135 23 2031 1
316 15 135 23 2031 1
317 15 148 17 2913 1
318 11 147 11 2291 1
319 9 134 15 2420 1
320 11 148 8 1250 1
321 21 148 8 1250 1
322 31 148 8 1250 1
323 41 148 8 1250 1
324 51 148 8 1250 1
325 61 148 8 1250 1
326 71 148 8 1250 1
327 5 139 12 1056 1
328 9 139 12 1056 1
329 8 142 8 1140 1
330 9 109 11 1523 1
331 8 133 10 1331 1
332 15 133 10 1331 1
333 8 134 10 1234 1
334 9 108 6 395 1
335 17 108 6 395 1
336 10 109 11 1335 1
337 19 109 11 1335 1
338 28 109 11 1335 1
339 37 109 11 1335 1
340 12 115 8 636 1
341 23 115 8 636 1
342 7 136 11 1722 1
343 7 145 10 1897 1
344 9 136 11 994 1
345 7 116 11 1229 1
346 13 116 11 1229 1
347 19 116 11 1229 1
348 25 116 11 1229 1
349 31 116 11 1229 1
350 8 138 14 1199 1
351 15 138 14 1199 1
352 22 138 14 1199 1
353 29 138 14 1199 1
354 14 138 12 1211 1
355 8 140 9 1662 1
356 15 140 9 1662 1
357 9 135 11 1189 1
358 17 135 11 1189 1
359 25 135 11 1189 1
360 33 135 11 1189 1
361 8 141 9 1129 1
362 8 124 9 1088 1
363 15 124 9 1088 1
364 22 124 9 1088 1
365 29 124 9 1088 1
366 8 142 15 1658 1
367 8 109 5 596 1
368 8 102 13 979 1
369 9 149 17 3714 1
370 17 149 17 3714 1
371 8 116 11 1359 1
372 8 144 9 1744 1
373 15 144 9 1744 1
374 22 144 9 1744 1
375 13 147 11 1757 1
376 8 116 14 1269 1
377 16 124 8 977 1
378 17 139 4 585 1
379 8 138 5 758 1
380 15 138 5 758 1
381 22 138 5 758 1
382 8 130 12 1437 1
383 8 139 11 819 1
384 9 133 6 536 1
385 17 133 6 536 1
386 25 133 6 536 1
387 5 125 11 1327 1
388 288 122 16 2699 1
389 6 113 7 1171 1
390 15 145 11 1823 1
391 29 145 11 1823 1
392 43 145 11 1823 1
393 9 147 15 2356 1
394 9 116 10 1133 1
395 17 116 10 1133 1
396 25 116 10 1133 1
397 33 116 10 1133 1
398 41 116 10 1133 1
399 49 116 10 1133 1
400 57 116 10 1133 1
401 65 116 10 1133 1
402 73 116 10 1133 1
403 9 115 14 964 1
404 20 108 7 456 1
405 8 144 6 563 1
406 4 145 10 1052 1
407 7 145 10 1052 1
408 10 145 10 1052 1
409 9 144 14 1422 1
410 15 146 13 1819 1
411 8 148 13 1834 1
412 15 148 13 1834 1
413 15 141 21 2635 1
414 7 125 16 2002 1
415 13 136 15 1145 1
416 8 124 13 2188 1
417 9 109 9 621 1
418 17 109 9 621 1
419 25 109 9 621 1
420 19 137 16 1495 1
421 8 147 4 412 1
422 9 135 13 2261 1
423 17 135 13 2261 1
424 9 124 17 2095 1
425 17 124 17 2095 1
426 8 125 7 840 1
427 15 125 7 840 1
428 8 138 13 1497 1
429 15 138 13 1497 1
430 22 138 13 1497 1
431 7 142 14 2357 1
432 8 183 14 2959 1
433 22 177 10 1425 1
434 43 177 10 1425 1
435 43 151 13 1648 1
436 44 164 1 148 1
437 8 161 11 2145 1
438 15 161 11 2145 1
439 2 151 13 1146 1
440 8 161 13 1373 1
441 28 176 15 3187 1
442 16 168 9 1078 1
443 31 168 9 1078 1
444 23 164 13 1216 1
445 45 164 13 1216 1
446 21 176 15 1662 1
447 9 165 10 976 1
448 24 175 17 4281 1
449 30 152 6 564 1
450 23 175 13 1191 1
451 45 175 13 1191 1
452 21 172 13 1621 1
453 41 172 13 1621 1
454 35 171 10 2097 1
455 9 168 10 1423 1
456 25 152 14 2143 1
457 38 175 11 1213 1
458 10 160 13 3112 1
459 17 168 13 1885 1
460 33 168 13 1885 1
461 24 171 10 2521 1
462 7 171 14 2153 1
463 13 171 14 2153 1
464 22 183 10 1202 1
465 92 170 10 1339 1
466 22 176 6 1140 1
467 17 162 8 1701 1
468 33 162 8 1701 1
469 12 168 11 2702 1
470 23 168 11 2702 1
471 24 162 11 961 1
472 7 175 9 837 1
473 19 151 10 930 1
474 37 151 10 930 1
475 9 167 10 1569 1
476 12 175 14 2541 1
477 23 164 13 1458 1
478 24 164 13 1087 1
479 9 176 13 2837 1
480 17 176 13 2837 1
481 25 176 13 2837 1
482 24 176 7 1359 1
483 47 176 7 1359 1
484 15 165 9 1810 1
485 24 171 16 3084 1
486 8 177 13 3084 1
487 9 167 11 1115 1
488 10 164 3 343 1
489 24 155 12 1973 1
490 22 173 17 3326 1
491 22 158 12 2167 1
492 17 181 9 1874 1
493 8 167 11 1028 1
494 83 150 11 1714 1
495 2 160 12 1864 1
496 24 167 6 671 1
497 47 167 6 671 1
498 3 163 18 2492 1
499 11 167 15 1719 1
500 9 163 4 462 1
501 22 152 14 2521 1
502 23 167 14 1409 1
503 45 167 14 1409 1
504 8 158 15 3304 1
505 28 176 10 954 1
506 15 160 13 1379 1
507 8 177 16 1742 1
508 56 165 8 893 1
509 8 159 11 1091 1
510 24 161 17 2966 1
511 47 161 17 2966 1
512 70 161 17 2966 1
513 16 170 14 3551 1
514 10 181 23 5906 1
515 23 173 1 247 1
516 23 168 12 2072 1
517 45 168 12 2072 1
518 9 175 11 1495 1
519 22 180 21 3552 1
520 16 151 8 1606 1
521 31 151 8 1606 1
522 22 160 13 1722 1
523 22 164 9 817 1
524 8 169 4 934 1
525 23 181 11 1422 1
526 43 150 12 1519 1
527 22 170 11 2701 1
528 9 179 10 2104 1
529 22 162 13 2722 1
530 9 171 16 2810 1
531 17 171 16 2810 1
532 8 170 4 734 1
533 20 154 10 1101 1
534 39 154 10 1101 1
535 20 164 14 2117 1
536 23 175 16 2490 1
537 20 175 21 3657 1
538 20 181 21 4517 1
539 39 181 21 4517 1
540 41 151 15 2609 1
541 23 165 19 2041 1
542 9 172 19 1635 1
543 23 163 13 1325 1
544 20 181 5 819 1
545 39 181 5 819 1
546 10 152 13 2426 1
547 11 159 2 242 1
548 24 160 11 1398 1
549 30 179 21 3115 1
550 23 169 26 3462 1
551 45 169 26 3462 1
552 23 163 10 2201 1
553 23 174 2 459 1
554 31 177 18 2140 1
555 25 171 7 1477 1
556 49 171 7 1477 1
557 23 176 10 2496 1
558 45 176 10 2496 1
559 21 180 21 5658 1
560 10 180 9 994 1
561 22 178 19 2321 1
562 29 171 6 1339 1
563 23 177 12 1671 1
564 8 163 10 2031 1
565 22 159 5 807 1
566 43 159 5 807 1
567 33 172 11 2531 1
568 20 172 11 2340 1
569 39 172 11 2340 1
570 27 181 11 2361 1
571 22 151 13 1531 1
572 43 151 13 1531 1
573 8 168 13 1297 1
574 29 179 17 2501 1
575 43 165 9 796 1
576 7 183 3 316 1
577 13 179 14 2045 1
578 8 181 7 951 1
579 23 154 2 284 1
580 8 170 3 368 1
581 15 170 3 368 1
582 22 170 3 368 1
583 22 176 11 1777 1
584 22 150 8 760 1
585 43 150 8 760 1
586 10 175 23 3120 1
587 19 175 23 3120 1
588 28 175 23 3120 1
589 15 171 17 3084 1
590 22 162 7 1639 1
591 8 173 21 4073 1
592 9 163 12 1874 1
593 8 172 18 3018 1
594 15 168 15 3293 1
595 23 169 15 2601 1
596 9 151 7 723 1
597 15 158 9 1463 1
598 52 154 7 1299 1
599 31 173 19 3356 1
600 21 165 14 2472 1
601 20 168 10 2169 1
602 39 168 10 2169 1
603 22 170 20 2497 1
604 10 173 12 3015 1
605 50 177 15 3303 1
606 43 176 19 4291 1
607 8 150 11 1284 1
608 8 163 19 2975 1
609 15 163 19 2975 1
610 30 150 7 1367 1
611 39 175 9 1781 1
612 77 175 9 1781 1
613 9 151 6 696 1
614 17 151 6 696 1
615 9 174 8 1118 1
616 18 152 12 2604 1
617 35 152 12 2604 1
618 52 152 12 2604 1
619 34 158 3 343 1
620 23 158 9 777 1
621 22 169 9 1445 1
622 25 180 19 3948 1
623 3 167 13 2160 1
624 23 174 10 2188 1
625 8 158 10 841 1
626 2 178 15 1427 1
627 39 165 12 1104 1
628 22 174 10 2405 1
629 43 174 10 2405 1
630 3 158 20 4685 1
631 9 160 17 2833 1
632 9 173 14 3167 1
633 10 179 15 1846 1
634 32 220 8 2184 1
635 37 223 15 2737 1
636 8 231 9 1457 1
637 15 231 9 1457 1
638 24 232 8 2272 1
639 57 200 7 1912 1
640 28 195 23 5957 1
641 41 208 13 2086 1
642 23 216 16 1832 1
643 25 220 18 3847 1
644 61 195 5 948 1
645 30 188 9 1992 1
646 61 186 9 2374 1
647 31 189 12 1519 1
648 7 191 10 1594 1
649 13 191 10 1594 1
650 39 223 21 3994 1
651 23 222 4 445 1
652 45 222 4 445 1
653 9 211 11 2730 1
654 27 186 11 2646 1
655 53 186 11 2646 1
656 55 218 6 1426 1
657 23 222 13 2336 1
658 26 221 19 3296 1
659 28 191 8 1139 1
660 55 191 8 1139 1
661 17 217 16 3540 1
662 42 208 11 1853 1
663 83 208 11 1853 1
664 28 209 17 3573 1
665 22 191 9 2331 1
666 9 194 8 1010 1
667 15 199 14 1911 1
668 17 216 14 2240 1
669 22 199 11 2893 1
670 15 216 13 2128 1
671 30 195 21 4544 1
672 25 217 21 4568 1
673 65 218 22 6881 1
674 30 193 11 1618 1
675 9 193 11 3109 1
676 39 196 13 3180 1
677 41 188 8 1803 1
678 17 231 19 3733 1
679 7 200 19 4439 1
680 11 217 20 3133 1
681 22 191 12 3376 1
682 43 191 12 3376 1
683 24 222 20 4890 1
684 30 229 12 2641 1
685 28 202 9 2673 1
686 21 213 15 4741 1
687 24 195 14 3783 1
688 16 218 11 1820 1
689 24 220 8 2150 1
690 15 189 11 3033 1
691 20 220 10 2984 1
692 67 231 13 3137 1
693 20 211 12 1728 1
694 39 211 12 1728 1
695 58 211 12 1728 1
696 10 231 16 1862 1
697 19 231 16 1862 1
698 22 222 7 1617 1
699 38 199 9 1664 1
700 37 212 10 2464 1
701 2 209 19 4358 1
702 7 198 12 3404 1
703 40 197 12 2515 1
704 62 189 13 2443 1
705 31 191 9 1853 1
706 36 208 10 2101 1
707 23 209 12 2349 1
708 78 212 14 2414 1
709 21 191 9 2303 1
710 9 216 13 1463 1
711 17 216 13 1463 1
712 8 202 5 735 1
713 19 232 18 2326 1
714 25 186 8 2065 1
715 49 186 8 2065 1
716 30 192 14 1640 1
717 58 196 10 1142 1
718 23 212 9 2684 1
719 45 212 9 2684 1
720 67 212 9 2684 1
721 28 197 21 3186 1
722 29 184 10 1388 1
723 23 198 12 3040 1
724 45 198 12 3040 1
725 65 199 15 2466 1
726 31 192 12 1405 1
727 16 231 15 3430 1
728 31 231 15 3430 1
729 46 231 15 3430 1
730 39 231 20 2363 1
731 36 227 14 2751 1
732 35 194 12 2455 1
733 18 199 11 1949 1
734 60 197 9 1559 1
735 30 208 13 3880 1
736 35 200 15 3684 1
737 22 208 14 2361 1
738 43 208 14 2361 1
739 30 223 6 1485 1
740 59 223 6 1485 1
741 33 192 9 1149 1
742 15 193 7 1312 1
743 29 193 7 1312 1
744 43 193 7 1312 1
745 34 228 17 4657 1
746 11 188 9 1913 1
747 21 231 10 2673 1
748 41 231 10 2673 1
749 6 196 10 1101 1
750 22 191 13 1635 1
751 23 188 9 903 1
752 40 232 14 3814 1
753 21 221 17 5528 1
754 41 221 17 5528 1
755 8 218 12 2497 1
756 24 212 12 1908 1
757 34 210 9 1532 1
758 9 231 12 3932 1
759 23 194 10 1678 1
760 36 194 12 3277 1
761 15 227 11 2370 1
762 30 212 16 3175 1
763 59 212 16 3175 1
764 26 208 14 2514 1
765 51 208 14 2514 1
766 33 212 9 2567 1
767 7 211 16 3382 1
768 4 220 8 1505 1
769 12 200 13 1680 1
770 40 200 13 1348 1
771 46 196 5 1216 1
772 91 196 5 1216 1
773 17 221 11 1947 1
774 33 221 11 1947 1
775 43 239 13 3269 1
776 44 255 14 4869 1
777 44 239 18 3800 1
778 166 294 25 10220 1
779 43 268 10 2835 1
780 85 268 10 2835 1
781 58 263 12 3140 1
782 37 269 47 12973 1
783 73 269 47 12973 1
784 69 250 23 5834 1
785 137 250 23 5834 1
786 50 259 24 5865 1
787 99 259 24 5865 1
788 36 268 15 5350 1
789 44 261 14 4043 1
790 87 261 14 4043 1
791 51 295 20 5487 1
792 44 295 19 4337 1
793 43 280 27 7229 1
794 85 280 27 7229 1
795 43 296 12 2485 1
796 85 296 12 2485 1
797 127 296 12 2485 1
798 8 268 9 1342 1
799 44 279 29 9609 1
800 43 263 16 5750 1
801 85 263 16 5750 1
802 44 282 16 2738 1
803 87 282 16 2738 1
804 99 256 11 3129 1
805 42 264 15 5471 1
806 42 262 24 4944 1
807 44 283 24 5442 1
808 87 283 24 5442 1
809 130 283 24 5442 1
810 44 277 22 8653 1
811 87 277 22 8653 1
812 51 240 13 4090 1
813 54 280 41 7300 1
814 107 280 41 7300 1
815 160 280 41 7300 1
816 43 295 11 1975 1
817 26 295 14 3371 1
818 43 256 15 3497 1
819 85 256 15 3497 1
820 127 256 15 3497 1
821 41 279 15 4184 1
822 55 280 29 10280 1
823 66 277 25 9495 1
824 32 270 20 5809 1
825 56 276 10 3614 1
826 36 294 28 12014 1
827 42 269 17 4457 1
828 83 269 17 4457 1
829 42 281 18 5742 1
830 83 281 18 5742 1
831 124 281 18 5742 1
832 165 281 18 5742 1
833 39 295 18 7307 1
834 74 292 19 5497 1
835 147 292 19 5497 1
836 220 292 19 5497 1
837 44 241 16 2342 1
838 87 241 16 2342 1
839 130 241 16 2342 1
840 173 241 16 2342 1
841 216 241 16 2342 1
842 38 290 24 7747 1
843 36 295 14 4109 1
844 44 275 25 4369 1
845 43 281 12 3632 1
846 85 281 12 3632 1
847 44 279 27 7588 1
848 87 279 27 7588 1
849 130 279 27 7588 1
850 54 290 40 15239 1
851 107 290 40 15239 1
852 160 290 40 15239 1
853 213 290 40 15239 1
854 43 263 12 3833 1
855 85 263 12 3833 1
856 127 263 12 3833 1
857 169 263 12 3833 1
858 211 263 12 3833 1
859 8 276 22 7227 1
860 15 276 22 7227 1
861 48 267 29 9705 1
862 59 282 10 2811 1
863 43 255 43 6623 1
864 44 241 19 3377 1
865 30 271 14 1908 1
866 59 271 14 1908 1
867 88 271 14 1908 1
868 50 247 14 2952 1
869 41 287 15 2278 1
870 43 295 16 4789 1
871 85 295 16 4789 1
872 43 278 29 6544 1
873 85 278 29 6544 1
874 43 283 13 3050 1
875 45 255 20 3140 1
876 89 255 20 3140 1
877 133 255 20 3140 1
878 50 276 13 3228 1
879 44 270 16 4374 1
880 44 281 30 10319 1
881 87 281 30 10319 1
882 130 281 30 10319 1
883 43 277 24 7452 1
884 85 277 24 7452 1
885 127 277 24 7452 1
886 44 247 19 5889 1
887 87 247 19 5889 1
888 50 250 28 5748 1
889 63 269 10 1409 1
890 125 269 10 1409 1
891 187 269 10 1409 1
892 42 264 11 3749 1
893 43 280 23 7543 1
894 43 265 11 3373 1
895 43 250 18 2559 1
896 43 280 16 5592 1
897 41 276 17 4575 1
898 43 241 27 7236 1
899 85 241 27 7236 1
900 127 241 27 7236 1
901 52 275 16 4846 1
902 103 275 16 4846 1
903 55 261 8 1754 1
904 109 261 8 1754 1
905 43 287 30 7437 1
906 44 240 20 4528 1
907 29 294 25 7041 1
908 43 282 19 6237 1
909 28 295 15 5069 1
910 55 295 15 5069 1
911 36 256 16 5356 1
912 44 277 12 4599 1
913 87 277 12 4599 1
914 52 277 29 4771 1
915 44 264 15 3244 1
916 43 239 16 2222 1
917 85 239 16 2222 1
918 127 239 16 2222 1
919 44 281 17 6639 1
920 44 276 28 5711 1
921 44 239 12 1699 1
922 43 280 14 5608 1
923 40 282 15 2455 1
924 57 239 12 1603 1
925 113 239 12 1603 1
926 44 275 15 3504 1
927 35 296 7 1368 1
928 44 241 11 3423 1
929 87 241 11 3423 1
930 2 276 30 4524 1
931 44 267 21 5321 1
932 87 267 21 5321 1
933 130 267 21 5321 1
934 36 275 12 2956 1
935 109 333 11 1927 1
936 51 305 28 11713 1
937 45 336 14 5010 1
938 89 336 14 5010 1
939 59 316 26 10992 1
940 43 334 12 5632 1
941 43 319 30 6151 1
942 54 324 16 5026 1
943 58 304 16 3367 1
944 47 306 7 2211 1
945 44 332 17 6287 1
946 87 332 17 6287 1
947 58 319 9 2642 1
948 103 302 31 9925 1
949 205 302 31 9925 1
950 64 333 16 4429 1
951 119 333 11 3114 1
952 237 333 11 3114 1
953 37 347 20 3641 1
954 39 319 15 5516 1
955 77 319 15 5516 1
956 45 347 34 8311 1
957 65 321 20 5819 1
958 20 304 17 5421 1
959 46 319 31 12220 1
960 91 319 31 12220 1
961 40 304 19 7313 1
962 49 316 18 4404 1
963 39 302 14 6323 1
964 77 302 14 6323 1
965 45 340 12 2523 1
966 42 347 28 12103 1
967 83 347 28 12103 1
968 11 325 22 4881 1
969 57 347 17 7138 1
970 8 335 14 5204 1
971 43 306 41 11172 1
972 85 306 41 11172 1
973 25 306 22 3491 1
974 103 319 29 8122 1
975 52 302 24 10859 1
976 51 325 11 2573 1
977 50 301 15 5996 1
978 43 335 16 6397 1
979 43 301 30 7357 1
980 85 301 30 7357 1
981 44 335 31 10736 1
982 68 347 15 3794 1
983 80 333 56 19966 1
984 43 332 28 10450 1
985 65 323 38 7652 1
986 103 336 29 10837 1
987 43 337 11 2409 1
988 51 321 28 9261 1
989 46 337 15 3421 1
990 91 337 15 3421 1
991 42 305 26 4660 1
992 56 333 15 2999 1
993 44 305 23 7324 1
994 43 337 16 7753 1
995 36 337 17 4181 1
996 42 306 18 5044 1
997 83 306 18 5044 1
998 124 306 18 5044 1
999 43 335 29 9331 1
1000 2 336 6 1039 1
1001 44 306 17 5425 1
1002 50 325 49 21765 1
1003 41 300 85 20343 1
1004 50 337 23 10931 1
1005 50 321 22 9667 1
1006 40 335 32 7928 1
1007 43 323 28 7908 1
1008 4 302 22 6408 1
1009 50 336 28 9267 1
1010 40 306 9 3085 1
1011 43 334 25 11770 1
1012 85 334 25 11770 1
1013 43 321 17 2756 1
1014 44 347 10 2135 1
1015 87 347 10 2135 1
1016 23 329 10 3379 1
1017 43 318 29 11529 1
1018 85 318 29 11529 1
1019 127 318 29 11529 1
1020 169 318 29 11529 1
1021 43 319 20 9054 1
1022 78 306 36 12288 1
1023 48 336 18 5968 1
1024 44 340 13 2605 1
1025 3 367 50 14428 1
1026 5 367 50 14428 1
1027 4 367 91 23720 1
1028 2 350 16 7101 1
1029 3 350 16 7101 1
1030 149 351 178 32457 1
1031 3 367 35 12614 1
1032 50 349 64 28202 1
1033 58 367 36 13840 1
1034 115 367 36 13840 1
1035 8 367 28 15295 1
1036 6 351 40 13628 1
1037 50 351 22 7417 1
26
500 500 500 500 500 500 500 500 500 500 500 500 500 500 500 500 500 500 500 500 500 500 500 500 500 500 