1037
1 3 85 2 184 1
2 5 85 2 184 1
3 28 85 2 127 1
4 55 85 2 127 1
5 82 85 2 127 1
6 4 85 2 221 1
7 4 85 3 135 1
8 7 85 3 135 1
9 10 85 3 135 1
10 17 85 6 302 1
11 33 85 6 302 1
12 3 100 2 144 1
13 2 75 3 177 1
14 3 75 3 177 1
15 3 99 2 221 1
16 1 99 1 57 1
17 24 85 4 342 1
18 21 75 1 41 1
19 41 75 1 41 1
20 61 75 1 41 1
21 4 75 3 286 1
22 19 100 6 315 1
23 2 75 4 348 1
24 3 75 4 348 1
25 4 75 3 338 1
26 3 100 3 259 1
27 5 100 3 259 1
28 28 75 3 305 1
29 4 85 1 126 1
30 7 85 1 126 1
31 10 85 1 126 1
32 13 85 1 126 1
33 16 85 1 126 1
34 19 85 1 126 1
35 4 85 7 484 1
36 7 85 7 484 1
37 10 85 7 484 1
38 13 85 7 484 1
39 4 75 1 76 1
40 19 100 3 425 1
41 4 99 4 323 1
42 7 99 4 323 1
43 10 99 4 323 1
44 32 100 3 327 1
45 63 100 3 327 1
46 19 99 2 194 1
47 19 99 3 187 1
48 4 75 5 234 1
49 3 85 1 59 1
50 5 85 1 59 1
51 7 85 1 59 1
52 9 85 1 59 1
53 3 75 1 75 1
54 5 75 1 75 1
55 7 75 1 75 1
56 9 75 1 75 1
57 11 75 1 75 1
58 4 99 7 832 1
59 2 85 1 90 1
60 3 85 1 90 1
61 4 85 1 90 1
62 14 136 15 1236 1
63 27 136 15 1236 1
64 8 137 18 2589 1
65 8 147 11 1344 1
66 8 141 11 1792 1
67 15 141 11 1792 1
68 8 142 15 2623 1
69 10 108 12 1856 1
70 18 108 10 631 1
71 9 142 7 529 1
72 17 142 7 529 1
73 11 135 13 1826 1
74 21 135 13 1826 1
75 31 135 13 1826 1
76 9 130 9 1243 1
77 17 130 9 1243 1
78 25 130 9 1243 1
79 33 130 9 1243 1
80 41 130 9 1243 1
81 49 130 9 1243 1
82 57 130 9 1243 1
83 9 143 14 1809 1
84 17 143 14 1809 1
85 8 143 11 2335 1
86 7 109 9 1223 1
87 7 148 16 1560 1
88 9 144 13 1398 1
89 11 115 11 1592 1
90 21 115 11 1592 1
91 8 134 15 2540 1
92 24 136 12 1137 1
93 9 108 7 694 1
94 17 108 7 694 1
95 9 122 14 1928 1
96 8 147 13 1979 1
97 15 147 13 1979 1
98 12 125 10 1118 1
99 23 125 10 1118 1
100 8 116 10 1106 1
101 8 147 13 2179 1
102 15 147 13 2179 1
103 9 143 9 1088 1
104 18 147 13 1096 1
105 35 147 13 1096 1
106 52 147 13 1096 1
107 69 147 13 1096 1
108 9 147 13 2471 1
109 17 147 13 2471 1
110 25 147 13 2471 1
111 9 130 10 1260 1
112 17 130 10 1260 1
113 10 136 11 1173 1
114 19 136 11 1173 1
115 9 141 8 1350 1
116 9 140 12 956 1
117 9 116 10 1442 1
118 8 144 12 1439 1
119 15 144 12 1439 1
120 22 144 12 1439 1
121 29 144 12 1439 1
122 36 144 12 1439 1
123 43 144 12 1439 1
124 20 142 11 1648 1
125 9 140 8 1233 1
126 8 143 13 2134 1
127 9 136 7 1140 1
128 9 149 9 1783 1
129 17 149 9 1783 1
130 25 149 9 1783 1
131 33 149 9 1783 1
132 8 139 11 2036 1
133 15 139 11 2036 1
134 22 139 11 2036 1
135 8 124 6 956 1
136 15 124 6 956 1
137 8 122 4 252 1
138 9 108 1 134 1
139 17 108 1 134 1
140 25 108 1 134 1
141 9 113 9 1361 1
142 17 113 9 1361 1
143 25 113 9 1361 1
144 33 113 9 1361 1
145 8 139 7 659 1
146 9 146 11 1130 1
147 17 146 11 1130 1
148 17 143 14 1565 1
149 9 145 14 1254 1
150 8 139 13 934 1
151 15 139 13 934 1
152 9 133 12 2186 1
153 9 141 16 1793 1
154 8 137 9 1302 1
155 10 140 6 905 1
156 8 133 17 1136 1
157 10 136 4 732 1
158 19 136 4 732 1
159 28 136 4 732 1
160 14 145 13 1804 1
161 22 149 16 1220 1
162 12 143 14 1699 1
163 6 116 11 1510 1
164 8 147 11 1002 1
165 15 147 11 1002 1
166 22 147 11 1002 1
167 29 147 11 1002 1
168 15 141 13 1253 1
169 9 124 11 1125 1
170 14 133 9 695 1
171 27 133 9 695 1
172 15 143 10 1699 1
173 29 143 10 1699 1
174 43 143 10 1699 1
175 57 143 10 1699 1
176 9 122 4 339 1
177 17 122 4 339 1
178 9 134 11 1841 1
179 5 139 9 1463 1
180 9 139 9 1463 1
181 13 139 9 1463 1
182 16 135 11 2084 1
183 15 122 8 1382 1
184 9 109 7 1024 1
185 17 109 7 1024 1
186 8 144 8 1290 1
187 15 144 8 1290 1
188 9 149 13 2822 1
189 8 144 15 1435 1
190 21 122 16 1424 1
191 41 122 16 1424 1
192 9 115 12 1875 1
193 17 115 12 1875 1
194 25 115 12 1875 1
195 33 115 12 1875 1
196 10 141 10 1778 1
197 6 142 9 1620 1
198 19 145 13 2635 1
199 37 145 13 2635 1
200 55 145 13 2635 1
201 11 115 9 721 1
202 21 115 9 721 1
203 31 115 9 721 1
204 8 144 13 2756 1
205 9 122 9 733 1
206 17 122 9 733 1
207 11 122 9 671 1
208 21 122 9 671 1
209 8 144 12 993 1
210 9 130 9 1133 1
211 17 130 9 1133 1
212 25 130 9 1133 1
213 33 130 9 1133 1
214 41 130 9 1133 1
215 49 130 9 1133 1
216 9 139 14 1977 1
217 20 134 12 1051 1
218 12 141 9 1647 1
219 19 147 9 1387 1
220 37 147 9 1387 1
221 17 108 6 961 1
222 33 108 6 961 1
223 9 141 11 1114 1
224 17 141 11 1114 1
225 9 143 13 1701 1
226 8 115 6 638 1
227 9 144 18 1969 1
228 10 149 11 1881 1
229 19 149 11 1881 1
230 9 124 11 1231 1
231 17 124 11 1231 1
232 8 133 13 2388 1
233 15 133 13 2388 1
234 9 116 6 367 1
235 11 134 11 902 1
236 9 149 8 742 1
237 9 140 12 1444 1
238 17 140 12 1444 1
239 9 147 13 1227 1
240 7 138 11 947 1
241 9 147 18 2632 1
242 14 144 14 2955 1
243 12 148 12 1723 1
244 24 108 7 847 1
245 8 138 11 1628 1
246 10 115 8 982 1
247 13 113 11 1743 1
248 25 113 11 1743 1
249 37 113 11 1743 1
250 49 113 11 1743 1
251 61 113 11 1743 1
252 9 135 12 1990 1
253 17 135 12 1990 1
254 17 136 16 3144 1
255 8 143 14 2891 1
256 22 143 16 2234 1
257 8 148 16 1405 1
258 16 134 11 1304 1
259 9 135 9 1258 1
260 17 135 9 1258 1
261 25 135 9 1258 1
262 13 146 10 751 1
263 12 113 6 367 1
264 23 113 6 367 1
265 34 113 6 367 1
266 45 113 6 367 1
267 56 113 6 367 1
268 9 108 8 770 1
269 17 108 8 770 1
270 11 130 11 1316 1
271 9 108 5 308 1
272 17 108 5 308 1
273 25 108 5 308 1
274 8 125 5 620 1
275 15 125 5 620 1
276 22 125 5 620 1
277 29 125 5 620 1
278 14 125 16 2579 1
279 27 125 16 2579 1
280 40 125 16 2579 1
281 53 125 16 2579 1
282 8 145 8 1515 1
283 10 122 15 1468 1
284 19 122 15 1468 1
285 9 137 4 410 1
286 17 137 4 410 1
287 8 139 9 1821 1
288 9 140 11 2121 1
289 8 146 10 1691 1
290 15 146 10 1691 1
291 21 144 10 1788 1
292 41 144 10 1788 1
293 61 144 10 1788 1
294 81 144 10 1788 1
295 101 144 10 1788 1
296 121 144 10 1788 1
297 19 108 7 1079 1
298 37 108 7 1079 1
299 55 108 7 1079 1
300 9 137 12 1981 1
301 17 137 12 1981 1
302 14 142 11 810 1
303 8 121 11 1458 1
304 12 113 10 736 1
305 23 113 10 736 1
306 9 113 10 1490 1
307 9 144 12 1879 1
308 22 113 11 969 1
309 43 113 11 969 1
310 64 113 11 969 1
311 85 113 11 969 1
312 8 141 13 2620 1
313 15 141 13 2620 1
314 22 141 13 2620 1
315 8 140 14 1058 1
316 15 140 14 1058 1
317 8 144 2 232 1
318 15 144 2 232 1
319 22 144 2 232 1
320 29 144 2 232 1
321 36 144 2 232 1
322 43 144 2 232 1
323 50 144 2 232 1
324 10 121 9 771 1
325 16 113 12 1955 1
326 31 113 12 1955 1
327 46 113 12 1955 1
328 61 113 12 1955 1
329 76 113 12 1955 1
330 19 122 12 1798 1
331 37 122 12 1798 1
332 9 146 11 2354 1
333 17 146 11 2354 1
334 10 140 16 2234 1
335 19 140 16 2234 1
336 28 140 16 2234 1
337 9 109 7 513 1
338 9 108 8 680 1
339 7 121 11 1621 1
340 16 142 9 793 1
341 31 142 9 793 1
342 9 116 9 1120 1
343 14 108 9 1292 1
344 13 102 16 2196 1
345 40 121 11 1905 1
346 13 145 10 1490 1
347 25 145 10 1490 1
348 11 121 14 2140 1
349 9 136 9 1310 1
350 12 133 9 733 1
351 23 133 9 733 1
352 34 133 9 733 1
353 8 102 7 395 1
354 8 146 14 1707 1
355 156 116 12 1843 1
356 18 108 4 284 1
357 35 108 4 284 1
358 52 108 4 284 1
359 69 108 4 284 1
360 86 108 4 284 1
361 103 108 4 284 1
362 120 108 4 284 1
363 16 141 10 1757 1
364 31 141 10 1757 1
365 46 141 10 1757 1
366 13 116 11 899 1
367 7 148 11 1849 1
368 10 116 10 1107 1
369 19 116 10 1107 1
370 19 115 6 944 1
371 37 115 6 944 1
372 55 115 6 944 1
373 18 115 10 1431 1
374 9 122 10 1146 1
375 18 121 10 1199 1
376 2 144 12 1518 1
377 35 139 12 1380 1
378 8 143 13 1241 1
379 15 143 13 1241 1
380 22 143 13 1241 1
381 29 143 13 1241 1
382 36 143 13 1241 1
383 9 139 14 2907 1
384 198 139 19 2664 1
385 8 115 12 1476 1
386 15 115 12 1476 1
387 22 115 12 1476 1
388 29 115 12 1476 1
389 36 115 12 1476 1
390 13 142 14 2086 1
391 15 113 5 479 1
392 12 136 12 1406 1
393 23 136 12 1406 1
394 9 144 15 2504 1
395 15 102 13 1915 1
396 29 102 13 1915 1
397 8 121 10 1704 1
398 15 121 10 1704 1
399 22 121 10 1704 1
400 29 121 10 1704 1
401 8 121 11 1347 1
402 11 115 8 626 1
403 7 148 12 2301 1
404 13 148 12 2301 1
405 8 136 7 1210 1
406 9 145 8 1191 1
407 8 141 13 1525 1
408 9 124 6 695 1
409 7 108 2 138 1
410 9 143 14 1609 1
411 17 143 14 1609 1
412 25 143 14 1609 1
413 8 125 10 739 1
414 9 144 16 2379 1
415 17 144 16 2379 1
416 7 140 19 3824 1
417 13 140 19 3824 1
418 14 140 7 977 1
419 8 130 13 1437 1
420 15 130 13 1437 1
421 7 124 5 563 1
422 13 124 5 563 1
423 8 133 5 660 1
424 8 122 13 1430 1
425 15 122 13 1430 1
426 22 122 13 1430 1
427 29 122 13 1430 1
428 9 144 16 1617 1
429 17 144 16 1617 1
430 9 149 9 717 1
431 17 149 9 717 1
432 18 183 13 2181 1
433 10 155 9 1744 1
434 19 163 10 1396 1
435 37 163 10 1396 1
436 22 158 19 3839 1
437 43 158 19 3839 1
438 8 180 12 1715 1
439 15 180 12 1715 1
440 27 170 14 3127 1
441 25 160 4 659 1
442 49 160 4 659 1
443 73 160 4 659 1
444 97 160 4 659 1
445 24 162 11 2016 1
446 34 165 10 1216 1
447 8 158 12 981 1
448 17 162 8 1047 1
449 8 151 13 2010 1
450 9 155 15 2271 1
451 23 177 16 2724 1
452 30 163 12 1442 1
453 11 151 12 1102 1
454 21 151 12 1102 1
455 24 161 16 1950 1
456 22 180 19 5013 1
457 9 161 13 2318 1
458 35 165 15 2699 1
459 16 171 10 906 1
460 23 155 18 2770 1
461 42 169 13 2162 1
462 26 182 14 2942 1
463 22 158 11 1100 1
464 43 158 11 1100 1
465 11 181 14 2326 1
466 22 169 9 1841 1
467 19 160 15 1547 1
468 37 160 15 1547 1
469 43 164 16 2619 1
470 17 172 10 1934 1
471 11 152 10 2247 1
472 19 180 9 1824 1
473 19 182 12 2257 1
474 8 176 6 1493 1
475 39 158 14 1747 1
476 8 169 16 2156 1
477 20 162 11 1819 1
478 39 162 11 1819 1
479 9 150 7 831 1
480 29 150 10 814 1
481 22 169 13 1335 1
482 43 169 13 1335 1
483 64 169 13 1335 1
484 25 150 14 1292 1
485 22 170 8 1180 1
486 2 160 9 973 1
487 24 155 15 1553 1
488 29 155 16 1915 1
489 9 165 12 1156 1
490 35 169 16 1909 1
491 69 169 16 1909 1
492 103 169 16 1909 1
493 26 162 18 1558 1
494 51 162 18 1558 1
495 76 162 18 1558 1
496 25 155 11 1217 1
497 23 180 18 3574 1
498 28 164 15 2504 1
499 55 164 15 2504 1
500 21 165 8 1199 1
501 15 170 10 1045 1
502 21 150 9 1215 1
503 41 150 9 1215 1
504 8 154 15 1363 1
505 23 176 9 2203 1
506 24 169 14 3238 1
507 9 163 16 2012 1
508 17 163 16 2012 1
509 22 150 12 1628 1
510 43 150 12 1628 1
511 15 174 14 2739 1
512 22 183 15 2068 1
513 22 167 4 455 1
514 8 174 2 395 1
515 22 161 4 453 1
516 11 169 7 1647 1
517 21 169 7 1647 1
518 22 181 11 2129 1
519 52 162 13 3144 1
520 32 182 18 1646 1
521 23 183 13 2509 1
522 24 158 5 513 1
523 23 164 15 2930 1
524 10 155 14 3104 1
525 9 168 14 2951 1
526 17 168 14 2951 1
527 38 181 14 1930 1
528 13 151 16 1953 1
529 25 151 16 1953 1
530 16 171 12 1033 1
531 23 178 13 3152 1
532 23 181 19 4665 1
533 29 165 8 1370 1
534 18 169 13 1271 1
535 30 172 9 1802 1
536 8 169 19 2017 1
537 8 150 12 1313 1
538 23 172 12 1039 1
539 28 154 10 2245 1
540 55 154 10 2245 1
541 8 160 14 2116 1
542 8 161 6 1011 1
543 25 155 10 1793 1
544 11 176 10 966 1
545 21 176 10 966 1
546 22 167 9 1126 1
547 16 176 17 4375 1
548 44 172 20 3930 1
549 2 167 18 2032 1
550 9 170 15 1848 1
551 45 162 17 1514 1
552 9 164 15 3476 1
553 25 150 6 1044 1
554 35 180 19 3947 1
555 9 182 14 1452 1
556 17 170 14 1341 1
557 24 174 14 1294 1
558 38 162 7 755 1
559 26 182 12 1606 1
560 29 177 8 855 1
561 57 177 8 855 1
562 9 180 17 2320 1
563 17 180 17 2320 1
564 20 158 14 2487 1
565 9 150 10 964 1
566 9 177 7 1396 1
567 163 164 8 1003 1
568 45 174 15 1938 1
569 10 150 13 1178 1
570 30 164 8 672 1
571 16 182 14 3711 1
572 23 182 4 917 1
573 23 170 12 2163 1
574 15 154 11 2232 1
575 21 164 10 2285 1
576 20 159 11 1333 1
577 39 159 11 1333 1
578 9 163 2 181 1
579 22 160 9 1911 1
580 32 163 9 1666 1
581 13 180 13 1814 1
582 9 171 2 251 1
583 14 169 17 2116 1
584 9 170 11 2266 1
585 17 170 11 2266 1
586 13 151 5 446 1
587 9 177 15 2215 1
588 20 172 6 939 1
589 39 172 6 939 1
590 9 161 14 3351 1
591 23 167 14 1436 1
592 17 159 19 4341 1
593 9 164 2 304 1
594 39 158 11 934 1
595 9 162 17 1468 1
596 13 175 13 3177 1
597 25 175 13 3177 1
598 21 152 11 898 1
599 10 163 24 3165 1
600 13 176 8 1329 1
601 30 163 2 300 1
602 11 167 8 843 1
603 15 164 10 1648 1
604 23 177 29 4713 1
605 45 177 29 4713 1
606 8 169 12 1866 1
607 16 181 9 1449 1
608 23 154 14 2129 1
609 24 179 3 615 1
610 15 174 20 4882 1
611 9 160 13 2848 1
612 9 172 25 6347 1
613 8 159 7 879 1
614 9 162 7 898 1
615 17 162 7 898 1
616 39 164 11 1087 1
617 21 151 12 1932 1
618 14 168 15 3186 1
619 21 171 8 1790 1
620 7 161 8 1749 1
621 7 164 15 2951 1
622 8 183 32 5066 1
623 29 177 21 4114 1
624 57 177 21 4114 1
625 20 173 19 3769 1
626 39 173 19 3769 1
627 58 173 19 3769 1
628 77 173 19 3769 1
629 96 173 19 3769 1
630 115 173 19 3769 1
631 16 182 15 1510 1
632 25 168 13 3060 1
633 43 182 8 812 1
634 24 212 13 3662 1
635 41 213 14 2977 1
636 81 213 14 2977 1
637 121 213 14 2977 1
638 28 199 12 1880 1
639 34 227 10 2996 1
640 36 200 11 1802 1
641 13 223 12 3194 1
642 28 209 14 2899 1
643 24 223 24 5497 1
644 47 223 24 5497 1
645 7 212 13 3615 1
646 22 208 9 1792 1
647 24 199 7 1795 1
648 21 216 22 4201 1
649 22 211 9 1690 1
650 22 211 19 2531 1
651 24 198 15 2256 1
652 28 213 4 1261 1
653 10 202 5 1215 1
654 23 227 1 168 1
655 37 213 14 2685 1
656 37 229 11 2348 1
657 18 185 8 2088 1
658 35 185 8 2088 1
659 52 185 8 2088 1
660 29 218 7 2147 1
661 57 218 7 2147 1
662 5 193 6 1484 1
663 23 192 9 1417 1
664 45 192 9 1417 1
665 30 192 20 5750 1
666 22 196 11 1102 1
667 23 208 9 1003 1
668 45 208 9 1003 1
669 67 208 9 1003 1
670 23 197 5 548 1
671 45 197 5 548 1
672 39 229 6 1266 1
673 35 194 12 2863 1
674 27 222 18 5980 1
675 24 210 7 1734 1
676 28 208 4 853 1
677 70 216 14 1814 1
678 37 188 9 1915 1
679 17 191 9 1134 1
680 22 200 8 1302 1
681 43 200 8 1302 1
682 30 231 13 1656 1
683 15 185 13 1835 1
684 23 199 11 1726 1
685 29 213 14 4229 1
686 36 221 13 3147 1
687 30 191 12 2867 1
688 24 192 9 1592 1
689 70 200 13 1617 1
690 11 228 7 1373 1
691 71 194 12 3472 1
692 22 217 11 3067 1
693 15 188 10 1448 1
694 29 188 10 1448 1
695 43 188 10 1448 1
696 16 212 10 2333 1
697 9 217 17 1991 1
698 17 217 17 1991 1
699 25 217 17 1991 1
700 23 192 11 2247 1
701 21 216 11 1539 1
702 41 216 11 1539 1
703 21 218 16 3901 1
704 8 208 13 4043 1
705 20 217 9 1331 1
706 38 202 16 3831 1
707 75 202 16 3831 1
708 30 218 5 558 1
709 16 210 14 3976 1
710 20 188 9 1909 1
711 37 212 6 1842 1
712 27 220 6 1617 1
713 53 220 6 1617 1
714 22 216 17 2342 1
715 24 195 13 2242 1
716 30 199 5 904 1
717 25 196 14 1552 1
718 49 196 14 1552 1
719 73 196 14 1552 1
720 8 228 7 2286 1
721 9 199 5 688 1
722 35 228 11 1746 1
723 23 227 12 3983 1
724 29 218 14 3090 1
725 49 232 17 3846 1
726 39 188 4 402 1
727 77 188 4 402 1
728 38 198 8 1430 1
729 50 221 8 1735 1
730 99 221 8 1735 1
731 26 209 8 1402 1
732 29 184 15 1484 1
733 57 184 15 1484 1
734 20 202 11 2867 1
735 29 184 4 511 1
736 35 218 14 4411 1
737 20 216 9 2874 1
738 30 189 17 2846 1
739 34 229 6 765 1
740 67 229 6 765 1
741 21 197 10 2159 1
742 26 227 10 2750 1
743 24 221 26 7528 1
744 47 221 26 7528 1
745 23 195 3 465 1
746 7 199 7 2001 1
747 9 220 19 2820 1
748 17 220 19 2820 1
749 25 220 19 2820 1
750 19 231 11 2836 1
751 37 231 11 2836 1
752 87 208 12 2020 1
753 26 213 9 1034 1
754 30 228 13 3148 1
755 59 228 13 3148 1
756 25 232 14 2374 1
757 24 211 14 4205 1
758 47 211 14 4205 1
759 29 184 11 2869 1
760 22 210 8 2317 1
761 42 200 10 1871 1
762 14 222 18 5363 1
763 15 217 16 3091 1
764 21 202 15 1713 1
765 20 199 13 2977 1
766 28 189 9 1764 1
767 55 189 9 1764 1
768 38 199 15 1847 1
769 75 199 15 1847 1
770 21 194 5 1254 1
771 28 210 16 4508 1
772 63 223 12 3941 1
773 11 232 17 3940 1
774 42 229 10 2444 1
775 1 276 18 3979 1
776 1 276 18 3979 1
777 43 277 15 3796 1
778 85 277 15 3796 1
779 127 277 15 3796 1
780 37 264 20 3415 1
781 43 277 17 2943 1
782 85 277 17 2943 1
783 127 277 17 2943 1
784 35 261 18 6241 1
785 44 256 6 2203 1
786 21 294 24 5292 1
787 41 281 15 3686 1
788 49 283 18 5750 1
789 44 287 16 2869 1
790 19 296 15 5442 1
791 37 296 15 5442 1
792 55 296 15 5442 1
793 44 267 10 1883 1
794 87 267 10 1883 1
795 44 295 22 6870 1
796 43 240 24 3962 1
797 43 281 10 2598 1
798 44 261 9 1686 1
799 46 279 16 6381 1
800 91 279 16 6381 1
801 43 292 26 4157 1
802 37 241 22 4155 1
803 36 264 9 2161 1
804 43 294 22 8194 1
805 85 294 22 8194 1
806 37 268 24 4392 1
807 73 268 24 4392 1
808 56 256 12 4150 1
809 46 264 42 9970 1
810 91 264 42 9970 1
811 43 276 13 1947 1
812 70 267 15 3423 1
813 40 256 9 2241 1
814 35 270 15 4644 1
815 41 292 6 2140 1
816 44 256 22 3409 1
817 87 256 22 3409 1
818 130 256 22 3409 1
819 173 256 22 3409 1
820 53 296 11 2036 1
821 105 296 11 2036 1
822 33 262 15 5518 1
823 43 283 15 2782 1
824 29 292 10 1883 1
825 25 283 37 10676 1
826 44 278 18 5997 1
827 44 292 25 3669 1
828 87 292 25 3669 1
829 130 292 25 3669 1
830 173 292 25 3669 1
831 216 292 25 3669 1
832 259 292 25 3669 1
833 41 277 14 4718 1
834 81 277 14 4718 1
835 121 277 14 4718 1
836 161 277 14 4718 1
837 43 275 8 1151 1
838 85 275 8 1151 1
839 32 241 15 3182 1
840 44 279 16 4474 1
841 43 256 8 1945 1
842 44 256 16 4177 1
843 87 256 16 4177 1
844 43 275 21 4353 1
845 85 275 21 4353 1
846 127 275 21 4353 1
847 43 265 12 1642 1
848 85 265 12 1642 1
849 44 268 9 2398 1
850 43 265 16 2548 1
851 32 270 9 3104 1
852 63 270 9 3104 1
853 94 270 9 3104 1
854 43 275 38 14233 1
855 66 261 10 2343 1
856 131 261 10 2343 1
857 41 250 12 2449 1
858 43 247 12 2379 1
859 36 290 8 2803 1
860 48 259 19 4241 1
861 95 259 19 4241 1
862 44 250 11 2988 1
863 87 250 11 2988 1
864 62 295 43 10185 1
865 123 295 43 10185 1
866 43 256 15 5738 1
867 45 283 17 4236 1
868 87 287 18 5255 1
869 42 271 22 8867 1
870 83 271 22 8867 1
871 43 271 13 4142 1
872 43 247 18 6552 1
873 45 261 13 3865 1
874 89 261 13 3865 1
875 47 280 21 8522 1
876 20 262 17 2533 1
877 7 268 12 4060 1
878 13 268 12 4060 1
879 52 239 21 3848 1
880 42 256 19 6007 1
881 83 256 19 6007 1
882 124 256 19 6007 1
883 165 256 19 6007 1
884 44 255 16 2051 1
885 87 255 16 2051 1
886 53 268 16 3517 1
887 105 268 16 3517 1
888 51 269 11 2092 1
889 43 287 15 3918 1
890 44 255 24 5351 1
891 44 266 20 3015 1
892 45 280 17 6904 1
893 89 280 17 6904 1
894 83 283 13 4440 1
895 59 259 13 3085 1
896 85 279 14 5416 1
897 17 278 8 3193 1
898 33 278 8 3193 1
899 14 285 27 11329 1
900 26 256 8 2596 1
901 79 268 17 4578 1
902 237 295 15 4161 1
903 51 270 9 2916 1
904 44 247 20 2508 1
905 59 256 15 3358 1
906 117 256 15 3358 1
907 175 256 15 3358 1
908 55 290 24 5292 1
909 232 280 25 5427 1
910 13 240 9 1081 1
911 25 240 9 1081 1
912 37 240 9 1081 1
913 43 262 17 5668 1
914 85 262 17 5668 1
915 43 295 25 10535 1
916 42 290 15 4849 1
917 83 290 15 4849 1
918 124 290 15 4849 1
919 165 290 15 4849 1
920 43 287 9 1630 1
921 43 240 11 2361 1
922 85 240 11 2361 1
923 43 256 15 2047 1
924 57 259 30 10882 1
925 71 255 13 1815 1
926 3 250 17 5256 1
927 41 239 22 3469 1
928 81 239 22 3469 1
929 121 239 22 3469 1
930 42 247 31 10356 1
931 44 262 12 3235 1
932 87 262 12 3235 1
933 130 262 12 3235 1
934 44 241 19 5340 1
935 6 323 18 6355 1
936 52 300 17 7489 1
937 45 305 47 18309 1
938 45 325 13 5765 1
939 89 325 13 5765 1
940 42 340 18 8988 1
941 83 340 18 8988 1
942 45 335 30 10022 1
943 89 335 30 10022 1
944 43 323 10 2746 1
945 85 323 10 2746 1
946 127 323 10 2746 1
947 169 323 10 2746 1
948 43 316 13 4551 1
949 44 318 15 6206 1
950 51 333 22 9726 1
951 101 333 22 9726 1
952 139 334 20 8037 1
953 49 321 13 3142 1
954 49 335 21 9186 1
955 57 347 31 5865 1
956 6 333 12 2231 1
957 41 340 31 13688 1
958 81 340 31 13688 1
959 46 333 20 5362 1
960 91 333 20 5362 1
961 45 300 19 7500 1
962 89 300 19 7500 1
963 48 306 26 7407 1
964 58 302 9 3960 1
965 54 324 24 5762 1
966 65 335 11 4469 1
967 43 306 21 7456 1
968 85 306 21 7456 1
969 126 332 11 4692 1
970 51 332 18 5346 1
971 77 318 19 5392 1
972 141 302 11 3502 1
973 53 305 11 4786 1
974 36 306 14 4258 1
975 45 334 27 10256 1
976 89 334 27 10256 1
977 45 305 31 7456 1
978 44 334 20 8753 1
979 44 302 17 6126 1
980 87 302 17 6126 1
981 113 336 16 4026 1
982 114 325 22 8050 1
983 30 340 17 4439 1
984 43 335 16 3305 1
985 44 333 39 9247 1
986 43 301 25 7360 1
987 14 337 11 2530 1
988 44 321 22 6124 1
989 44 340 12 5762 1
990 87 340 12 5762 1
991 99 337 9 2865 1
992 42 340 23 5064 1
993 83 340 23 5064 1
994 44 347 28 8007 1
995 103 324 16 6543 1
996 43 300 28 9248 1
997 43 337 18 7402 1
998 85 337 18 7402 1
999 51 335 25 11041 1
1000 47 300 16 2860 1
1001 42 319 16 2696 1
1002 42 306 20 9101 1
1003 83 306 20 9101 1
1004 95 332 31 14556 1
1005 189 332 31 14556 1
1006 46 318 19 6370 1
1007 91 318 19 6370 1
1008 45 302 27 7896 1
1009 57 340 13 6421 1
1010 48 340 31 9882 1
1011 99 300 19 5465 1
1012 37 323 16 3624 1
1013 50 321 10 1649 1
1014 97 347 9 2877 1
1015 51 325 15 2459 1
1016 82 321 21 5101 1
1017 37 334 19 6337 1
1018 58 304 16 3187 1
1019 115 304 16 3187 1
1020 43 329 23 11100 1
1021 42 318 35 8202 1
1022 83 318 35 8202 1
1023 36 324 12 3837 1
1024 44 305 29 12491 1
1025 48 350 20 6388 1
1026 95 350 20 6388 1
1027 113 366 16 3918 1
1028 114 367 25 6386 1
1029 45 350 23 4168 1
1030 3 349 21 8886 1
1031 5 349 21 8886 1
1032 8 351 55 26121 1
1033 47 367 89 18673 1
1034 3 366 29 11358 1
1035 5 366 29 11358 1
1036 97 350 93 17809 1
1037 47 366 75 29943 1
26
500 500 500 500 500 500 500 500 500 500 500 500 500 500 500 500 500 500 500 500 500 500 500 500 500 500 