1037
1 4 100 2 218 1
2 7 100 2 218 1
3 10 100 2 218 1
4 2 75 5 228 1
5 3 75 5 228 1
6 7 99 3 264 1
7 13 100 4 405 1
8 11 100 13 1803 1
9 3 75 3 135 1
10 5 75 3 135 1
11 7 75 3 135 1
12 2 100 3 212 1
13 3 100 3 212 1
14 4 100 3 212 1
15 5 100 3 212 1
16 6 100 3 212 1
17 27 85 4 281 1
18 53 85 4 281 1
19 79 85 4 281 1
20 105 85 4 281 1
21 4 100 2 134 1
22 3 100 6 427 1
23 4 100 4 313 1
24 7 100 4 313 1
25 10 100 4 313 1
26 4 100 1 68 1
27 4 99 3 296 1
28 27 75 4 248 1
29 3 85 1 56 1
30 5 85 1 56 1
31 7 85 1 56 1
32 3 100 3 296 1
33 5 100 3 296 1
34 2 75 2 91 1
35 2 75 5 368 1
36 3 99 9 805 1
37 10 99 2 173 1
38 19 99 2 173 1
39 3 75 3 266 1
40 5 75 3 266 1
41 7 75 3 266 1
42 9 75 3 266 1
43 11 75 3 266 1
44 3 99 3 226 1
45 5 99 3 226 1
46 7 99 3 226 1
47 4 85 1 109 1
48 1 99 2 254 1
49 1 99 2 254 1
50 1 99 2 254 1
51 1 99 2 254 1
52 2 85 1 112 1
53 2 75 8 444 1
54 3 75 8 444 1
55 4 75 8 444 1
56 5 75 8 444 1
57 6 75 8 444 1
58 3 85 4 382 1
59 5 85 4 382 1
60 3 85 2 128 1
61 5 85 2 128 1
62 13 148 9 1099 1
63 14 116 17 1433 1
64 8 130 14 1921 1
65 8 109 10 791 1
66 9 137 12 2083 1
67 17 137 12 2083 1
68 12 135 12 2345 1
69 9 144 9 1154 1
70 17 144 9 1154 1
71 8 146 7 722 1
72 15 146 7 722 1
73 8 148 12 2632 1
74 8 139 12 957 1
75 8 146 12 2362 1
76 8 108 9 648 1
77 8 116 9 988 1
78 9 138 18 2611 1
79 17 138 18 2611 1
80 25 138 18 2611 1
81 33 138 18 2611 1
82 12 138 13 1442 1
83 8 138 17 2534 1
84 8 140 13 1464 1
85 15 140 13 1464 1
86 15 121 10 1194 1
87 9 135 15 2478 1
88 17 135 15 2478 1
89 25 135 15 2478 1
90 17 138 16 2338 1
91 33 138 16 2338 1
92 49 138 16 2338 1
93 65 138 16 2338 1
94 8 125 11 1857 1
95 16 116 11 1907 1
96 11 125 16 2137 1
97 8 146 16 3212 1
98 9 147 19 2524 1
99 8 149 12 1855 1
100 9 136 12 1442 1
101 8 141 13 926 1
102 13 136 12 1620 1
103 25 136 12 1620 1
104 37 136 12 1620 1
105 8 140 9 783 1
106 8 145 29 4002 1
107 15 145 29 4002 1
108 8 144 12 1842 1
109 15 144 12 1842 1
110 22 144 12 1842 1
111 29 144 12 1842 1
112 36 144 12 1842 1
113 13 125 11 1193 1
114 14 142 15 1716 1
115 27 142 15 1716 1
116 22 122 10 1714 1
117 43 122 10 1714 1
118 64 122 10 1714 1
119 95 122 6 786 1
120 4 143 17 2922 1
121 7 143 17 2922 1
122 10 143 17 2922 1
123 13 143 17 2922 1
124 9 113 12 1504 1
125 17 113 12 1504 1
126 25 113 12 1504 1
127 33 113 12 1504 1
128 16 143 6 1164 1
129 20 138 19 3014 1
130 39 138 19 3014 1
131 58 138 19 3014 1
132 77 138 19 3014 1
133 96 138 19 3014 1
134 115 138 19 3014 1
135 134 138 19 3014 1
136 9 113 7 1066 1
137 21 148 14 1807 1
138 10 102 10 1377 1
139 19 102 10 1377 1
140 8 138 9 1040 1
141 15 138 9 1040 1
142 22 138 9 1040 1
143 18 144 22 4222 1
144 35 144 22 4222 1
145 8 144 20 3988 1
146 15 144 20 3988 1
147 8 138 10 1741 1
148 8 125 11 932 1
149 15 125 11 932 1
150 22 125 11 932 1
151 29 125 11 932 1
152 36 125 11 932 1
153 18 137 9 1456 1
154 8 141 10 1767 1
155 12 115 11 1696 1
156 23 115 11 1696 1
157 34 115 11 1696 1
158 16 144 3 476 1
159 31 144 3 476 1
160 6 113 10 1427 1
161 9 122 7 785 1
162 15 122 9 1146 1
163 18 102 8 757 1
164 3 116 10 1016 1
165 5 116 10 1016 1
166 7 116 10 1016 1
167 9 116 10 1016 1
168 9 140 9 1078 1
169 17 140 9 1078 1
170 25 140 9 1078 1
171 33 140 9 1078 1
172 41 140 9 1078 1
173 49 140 9 1078 1
174 57 140 9 1078 1
175 65 140 9 1078 1
176 7 102 13 1177 1
177 9 115 8 773 1
178 17 115 8 773 1
179 9 142 12 876 1
180 9 109 12 1367 1
181 17 109 12 1367 1
182 8 140 12 1039 1
183 20 143 15 1727 1
184 39 143 15 1727 1
185 15 121 14 1510 1
186 29 121 14 1510 1
187 43 121 14 1510 1
188 13 145 12 1907 1
189 11 143 13 995 1
190 21 143 13 995 1
191 31 143 13 995 1
192 10 121 16 1643 1
193 19 121 16 1643 1
194 8 142 12 911 1
195 13 139 16 2751 1
196 25 139 16 2751 1
197 10 134 7 968 1
198 10 139 13 2686 1
199 21 149 8 890 1
200 9 134 6 804 1
201 17 134 6 804 1
202 25 134 6 804 1
203 33 134 6 804 1
204 9 137 8 1506 1
205 17 137 8 1506 1
206 6 116 13 1362 1
207 11 116 13 1362 1
208 16 116 13 1362 1
209 21 116 13 1362 1
210 14 122 8 1239 1
211 27 122 8 1239 1
212 9 121 17 2365 1
213 9 116 7 807 1
214 9 146 11 2093 1
215 10 147 7 1048 1
216 8 148 14 2788 1
217 15 148 14 2788 1
218 22 148 14 2788 1
219 29 148 14 2788 1
220 36 148 14 2788 1
221 43 148 14 2788 1
222 50 148 14 2788 1
223 57 148 14 2788 1
224 9 144 11 1454 1
225 17 144 11 1454 1
226 8 109 10 831 1
227 13 139 13 1598 1
228 25 139 13 1598 1
229 18 140 7 1272 1
230 35 140 7 1272 1
231 52 140 7 1272 1
232 7 124 10 1534 1
233 9 144 13 2755 1
234 17 144 13 2755 1
235 17 141 18 2992 1
236 33 141 18 2992 1
237 10 141 15 2384 1
238 19 141 15 2384 1
239 28 141 15 2384 1
240 37 141 15 2384 1
241 46 141 15 2384 1
242 15 134 12 1199 1
243 8 130 9 1135 1
244 8 137 11 1055 1
245 15 137 11 1055 1
246 22 137 11 1055 1
247 9 121 9 1078 1
248 17 121 9 1078 1
249 25 121 9 1078 1
250 33 121 9 1078 1
251 14 122 9 1096 1
252 12 148 14 3073 1
253 9 138 13 2120 1
254 9 142 10 1692 1
255 17 142 10 1692 1
256 25 142 10 1692 1
257 33 142 10 1692 1
258 41 142 10 1692 1
259 15 145 13 2293 1
260 15 145 14 1737 1
261 29 145 14 1737 1
262 14 143 21 3318 1
263 7 141 7 519 1
264 8 109 3 292 1
265 6 113 11 1304 1
266 11 113 11 1304 1
267 16 113 11 1304 1
268 17 125 12 813 1
269 14 113 8 793 1
270 27 113 8 793 1
271 13 135 6 429 1
272 12 138 14 2591 1
273 23 138 14 2591 1
274 20 143 6 682 1
275 39 143 6 682 1
276 20 102 7 779 1
277 8 121 8 1191 1
278 18 135 15 1043 1
279 12 130 18 2494 1
280 23 130 18 2494 1
281 9 144 15 2784 1
282 6 142 6 1163 1
283 9 135 10 1101 1
284 17 135 10 1101 1
285 9 145 11 1616 1
286 17 145 11 1616 1
287 15 113 7 826 1
288 29 113 7 826 1
289 11 137 13 989 1
290 23 145 15 2422 1
291 45 145 15 2422 1
292 67 145 15 2422 1
293 11 130 13 2007 1
294 9 115 6 695 1
295 17 115 6 695 1
296 25 115 6 695 1
297 33 115 6 695 1
298 8 109 12 1050 1
299 15 109 12 1050 1
300 22 109 12 1050 1
301 9 145 14 2838 1
302 10 109 10 713 1
303 24 109 9 1223 1
304 8 108 9 752 1
305 15 108 9 752 1
306 11 144 10 1854 1
307 2 121 12 1100 1
308 3 121 12 1100 1
309 9 149 13 2343 1
310 10 125 8 633 1
311 8 143 10 1441 1
312 15 143 10 1441 1
313 10 137 10 1771 1
314 10 130 10 1475 1
315 8 133 11 1364 1
316 10 109 6 532 1
317 19 109 6 532 1
318 28 109 6 532 1
319 4 134 15 1235 1
320 7 134 15 1235 1
321 10 134 15 1235 1
322 18 147 15 1791 1
323 35 147 15 1791 1
324 9 146 8 1306 1
325 13 140 15 1400 1
326 14 139 4 484 1
327 27 139 4 484 1
328 8 109 12 1768 1
329 8 134 12 1529 1
330 19 108 6 836 1
331 4 122 12 927 1
332 9 116 6 816 1
333 11 135 10 1007 1
334 8 109 13 927 1
335 15 109 13 927 1
336 13 113 12 1437 1
337 10 139 2 315 1
338 9 137 8 1282 1
339 4 133 10 1800 1
340 7 133 10 1800 1
341 7 108 8 773 1
342 9 116 13 1109 1
343 17 116 13 1109 1
344 25 116 13 1109 1
345 33 116 13 1109 1
346 6 121 12 2173 1
347 11 121 12 2173 1
348 16 121 12 2173 1
349 21 121 12 2173 1
350 13 121 12 1171 1
351 25 121 12 1171 1
352 9 116 10 1622 1
353 11 149 11 1236 1
354 17 148 17 2695 1
355 17 149 10 1193 1
356 4 149 14 2486 1
357 7 149 14 2486 1
358 13 137 13 2325 1
359 9 130 7 850 1
360 9 144 15 1391 1
361 17 144 15 1391 1
362 25 144 15 1391 1
363 33 144 15 1391 1
364 41 144 15 1391 1
365 49 144 15 1391 1
366 57 144 15 1391 1
367 65 144 15 1391 1
368 73 144 15 1391 1
369 10 130 11 747 1
370 9 136 10 1130 1
371 17 136 10 1130 1
372 25 136 10 1130 1
373 33 136 10 1130 1
374 41 136 10 1130 1
375 20 146 9 1625 1
376 8 141 17 3354 1
377 15 141 17 3354 1
378 44 108 8 1143 1
379 8 122 12 1101 1
380 15 122 12 1101 1
381 22 122 12 1101 1
382 29 122 12 1101 1
383 36 122 12 1101 1
384 8 134 13 2133 1
385 15 134 13 2133 1
386 8 108 7 696 1
387 15 108 7 696 1
388 22 108 7 696 1
389 29 108 7 696 1
390 9 138 17 1583 1
391 17 138 17 1583 1
392 25 138 17 1583 1
393 33 138 17 1583 1
394 41 138 17 1583 1
395 49 138 17 1583 1
396 8 115 11 1810 1
397 15 115 11 1810 1
398 9 136 12 1685 1
399 17 136 12 1685 1
400 15 147 11 1596 1
401 18 143 13 1427 1
402 10 145 12 2037 1
403 13 115 15 879 1
404 25 115 15 879 1
405 37 115 15 879 1
406 12 121 4 585 1
407 17 121 14 1271 1
408 6 143 12 1918 1
409 11 143 12 1918 1
410 16 143 12 1918 1
411 8 139 11 1744 1
412 15 139 11 1744 1
413 22 139 11 1744 1
414 29 139 11 1744 1
415 36 139 11 1744 1
416 43 139 11 1744 1
417 8 144 14 1135 1
418 20 116 10 1224 1
419 13 115 4 472 1
420 25 115 4 472 1
421 8 139 17 2220 1
422 15 139 17 2220 1
423 5 116 7 646 1
424 9 116 7 646 1
425 13 116 7 646 1
426 16 144 13 1263 1
427 31 144 13 1263 1
428 15 113 5 698 1
429 29 113 5 698 1
430 12 116 11 1115 1
431 15 122 6 375 1
432 8 175 13 1833 1
433 15 175 13 1833 1
434 23 172 6 1165 1
435 24 154 10 1265 1
436 15 158 10 1021 1
437 9 160 9 1300 1
438 27 173 9 1518 1
439 53 173 9 1518 1
440 79 173 9 1518 1
441 2 175 18 4460 1
442 11 165 6 981 1
443 16 150 17 3723 1
444 9 164 10 1261 1
445 17 164 10 1261 1
446 17 177 10 2501 1
447 26 180 11 2518 1
448 23 172 11 2407 1
449 3 154 6 1235 1
450 23 181 17 1698 1
451 19 180 9 1051 1
452 26 162 17 2808 1
453 13 150 8 1213 1
454 43 164 16 3101 1
455 8 173 15 2277 1
456 15 173 15 2277 1
457 24 163 14 1382 1
458 20 177 16 1443 1
459 17 152 11 2118 1
460 28 155 7 1039 1
461 24 151 9 823 1
462 23 168 12 2689 1
463 45 168 12 2689 1
464 2 150 11 1000 1
465 13 167 15 1528 1
466 25 167 15 1528 1
467 5 182 17 3682 1
468 13 163 14 2172 1
469 10 181 11 2869 1
470 9 171 13 1542 1
471 26 171 12 1659 1
472 8 176 13 1360 1
473 110 159 12 2462 1
474 44 182 18 3620 1
475 23 165 17 1824 1
476 29 151 10 891 1
477 22 165 10 1085 1
478 31 150 8 1398 1
479 8 167 14 3162 1
480 35 178 24 3807 1
481 9 158 14 1436 1
482 9 167 13 2914 1
483 43 155 15 2168 1
484 42 150 17 3038 1
485 31 175 11 2716 1
486 61 175 11 2716 1
487 24 162 24 5400 1
488 9 151 7 1207 1
489 41 162 22 2217 1
490 10 173 16 2370 1
491 15 161 11 1458 1
492 9 158 10 1254 1
493 22 150 12 1564 1
494 27 178 12 2099 1
495 15 151 13 1025 1
496 25 179 12 1078 1
497 15 158 5 981 1
498 29 163 1 167 1
499 22 181 9 941 1
500 32 175 14 3382 1
501 10 178 10 2090 1
502 9 183 18 2658 1
503 9 169 7 970 1
504 9 164 5 993 1
505 11 160 9 1067 1
506 15 163 24 2148 1
507 9 178 2 491 1
508 8 155 9 1117 1
509 16 178 11 1269 1
510 22 161 10 1068 1
511 26 180 6 999 1
512 51 180 6 999 1
513 43 168 12 2631 1
514 43 167 10 2306 1
515 8 179 11 2708 1
516 16 176 11 1517 1
517 34 151 1 152 1
518 67 151 1 152 1
519 33 179 12 1754 1
520 41 182 10 2290 1
521 16 159 15 1778 1
522 58 151 6 614 1
523 13 150 11 1384 1
524 9 152 3 319 1
525 22 178 14 2363 1
526 22 162 9 1009 1
527 2 155 18 2147 1
528 9 181 12 1108 1
529 23 173 7 723 1
530 45 173 7 723 1
531 43 178 12 2523 1
532 10 160 15 1729 1
533 15 178 17 4027 1
534 22 151 14 1067 1
535 42 168 14 1804 1
536 9 163 3 252 1
537 17 163 3 252 1
538 13 161 11 2253 1
539 9 151 9 703 1
540 15 178 20 4788 1
541 25 154 15 3241 1
542 45 181 10 1291 1
543 9 183 18 2466 1
544 17 183 18 2466 1
545 9 176 18 2573 1
546 8 173 15 3246 1
547 15 173 15 3246 1
548 23 183 15 2292 1
549 45 183 15 2292 1
550 16 151 2 178 1
551 21 171 11 2509 1
552 13 172 12 1347 1
553 25 172 12 1347 1
554 30 155 13 2176 1
555 143 175 12 2189 1
556 23 174 9 1819 1
557 26 173 8 1986 1
558 24 181 12 1311 1
559 8 160 9 1670 1
560 23 170 4 745 1
561 30 165 14 2170 1
562 59 165 14 2170 1
563 9 177 15 2095 1
564 27 162 8 674 1
565 53 162 8 674 1
566 79 162 8 674 1
567 105 162 8 674 1
568 21 170 19 3334 1
569 24 169 8 1825 1
570 47 169 8 1825 1
571 9 162 15 2861 1
572 43 173 16 1456 1
573 2 176 13 1920 1
574 23 170 12 1512 1
575 11 154 6 495 1
576 7 179 19 4799 1
577 25 160 16 2656 1
578 39 175 23 5489 1
579 43 158 11 1774 1
580 38 158 18 2098 1
581 10 167 15 3147 1
582 19 182 15 2220 1
583 37 182 15 2220 1
584 19 161 5 1176 1
585 15 162 7 1350 1
586 30 161 12 2467 1
587 29 174 13 2195 1
588 23 167 12 1633 1
589 16 177 15 3794 1
590 31 177 15 3794 1
591 21 154 11 891 1
592 8 175 1 196 1
593 22 161 12 2627 1
594 43 161 12 2627 1
595 24 162 10 1174 1
596 47 162 10 1174 1
597 14 164 9 1569 1
598 23 167 11 2157 1
599 22 178 12 2907 1
600 24 175 14 2598 1
601 9 162 11 2352 1
602 9 163 17 2421 1
603 17 163 17 2421 1
604 9 176 8 773 1
605 23 165 8 792 1
606 23 176 14 2271 1
607 8 178 12 3048 1
608 22 161 5 816 1
609 9 161 10 2325 1
610 29 155 12 1930 1
611 16 170 13 2222 1
612 6 155 12 2674 1
613 36 181 5 1121 1
614 71 181 5 1121 1
615 23 173 14 3222 1
616 23 169 18 2728 1
617 45 169 18 2728 1
618 23 169 14 1628 1
619 24 172 16 3065 1
620 10 162 12 1220 1
621 7 176 9 833 1
622 8 183 22 3762 1
623 15 183 22 3762 1
624 25 159 17 2268 1
625 10 158 5 888 1
626 12 171 10 1730 1
627 9 161 9 865 1
628 34 163 13 2478 1
629 9 179 8 1362 1
630 23 152 9 1163 1
631 45 152 9 1163 1
632 67 152 9 1163 1
633 12 168 3 495 1
634 28 184 12 2016 1
635 11 210 11 1498 1
636 30 211 7 1717 1
637 13 191 10 1865 1
638 16 218 14 4326 1
639 7 227 16 3422 1
640 22 216 1 169 1
641 43 216 1 169 1
642 27 194 12 1203 1
643 29 194 14 1969 1
644 32 209 12 2216 1
645 33 191 6 1158 1
646 18 193 4 581 1
647 35 193 4 581 1
648 52 193 4 581 1
649 25 199 12 3464 1
650 49 199 12 3464 1
651 38 186 13 3305 1
652 30 193 7 1171 1
653 8 213 14 2162 1
654 23 197 10 1837 1
655 13 202 7 1372 1
656 16 198 3 375 1
657 28 217 14 4314 1
658 28 194 5 533 1
659 29 200 6 782 1
660 29 195 13 3607 1
661 9 188 12 2556 1
662 22 221 12 1838 1
663 43 221 12 1838 1
664 29 231 5 1008 1
665 29 185 7 1643 1
666 41 209 12 1618 1
667 42 200 14 1897 1
668 20 222 5 619 1
669 22 202 5 1505 1
670 43 202 5 1505 1
671 64 202 5 1505 1
672 5 218 13 1585 1
673 43 184 7 1866 1
674 29 209 14 2056 1
675 57 209 14 2056 1
676 28 188 8 1908 1
677 29 232 12 1627 1
678 15 229 5 1071 1
679 9 227 15 4174 1
680 29 198 20 5575 1
681 21 191 10 1228 1
682 116 210 10 2846 1
683 27 223 9 1204 1
684 26 213 13 1686 1
685 7 213 16 2537 1
686 13 213 16 2537 1
687 30 202 16 2224 1
688 24 197 7 1926 1
689 87 197 13 1572 1
690 29 231 14 3168 1
691 37 227 15 2370 1
692 21 191 10 1960 1
693 19 216 15 2074 1
694 24 194 10 2419 1
695 47 194 10 2419 1
696 30 200 8 1069 1
697 14 198 16 4016 1
698 42 192 12 1243 1
699 22 227 16 2949 1
700 78 232 12 2663 1
701 7 217 14 1869 1
702 83 218 13 2216 1
703 6 184 13 1744 1
704 34 216 11 3404 1
705 29 200 10 1848 1
706 57 200 10 1848 1
707 24 188 13 2010 1
708 8 210 5 804 1
709 15 210 5 804 1
710 23 208 16 2103 1
711 45 208 16 2103 1
712 2 212 7 1410 1
713 14 188 12 2253 1
714 15 221 15 4727 1
715 24 216 17 2307 1
716 47 216 17 2307 1
717 35 189 14 3787 1
718 23 211 19 5099 1
719 29 227 13 2849 1
720 36 223 15 4902 1
721 30 218 23 2963 1
722 24 209 8 1115 1
723 26 229 23 2825 1
724 36 202 12 1425 1
725 71 202 12 1425 1
726 24 217 8 1428 1
727 37 216 22 5113 1
728 39 184 4 745 1
729 77 184 4 745 1
730 115 184 4 745 1
731 153 184 4 745 1
732 17 228 16 5102 1
733 38 217 11 3390 1
734 41 227 17 2990 1
735 25 231 10 2526 1
736 49 231 10 2526 1
737 50 188 10 1388 1
738 7 198 18 4847 1
739 40 197 4 767 1
740 13 211 13 3611 1
741 8 232 14 3721 1
742 31 213 12 2046 1
743 27 197 17 1769 1
744 23 209 6 1346 1
745 15 198 15 2462 1
746 49 202 16 3458 1
747 24 202 7 1697 1
748 22 193 14 1808 1
749 40 216 10 1136 1
750 26 212 17 5225 1
751 16 227 21 2804 1
752 10 208 10 1286 1
753 21 217 11 2000 1
754 14 228 19 5642 1
755 30 199 11 2413 1
756 30 195 17 4585 1
757 76 184 7 1045 1
758 9 194 21 5770 1
759 23 193 11 3165 1
760 20 195 14 3357 1
761 19 198 10 1297 1
762 38 218 12 2071 1
763 14 220 16 4625 1
764 8 227 11 2927 1
765 75 223 14 2203 1
766 149 223 14 2203 1
767 16 195 19 1946 1
768 31 195 19 1946 1
769 22 211 12 1391 1
770 84 188 9 1631 1
771 51 211 14 3270 1
772 6 196 10 1987 1
773 11 196 10 1987 1
774 14 223 12 3207 1
775 43 287 14 2159 1
776 85 287 14 2159 1
777 100 267 18 4323 1
778 38 287 24 4677 1
779 42 282 15 5084 1
780 90 262 16 5441 1
781 55 275 19 2987 1
782 43 282 11 2769 1
783 43 240 10 1263 1
784 50 270 33 9911 1
785 21 264 37 13285 1
786 41 264 37 13285 1
787 50 266 24 8983 1
788 99 266 24 8983 1
789 148 266 24 8983 1
790 197 266 24 8983 1
791 37 285 26 3712 1
792 44 270 28 6382 1
793 51 282 27 5267 1
794 50 292 12 3975 1
795 60 264 16 4149 1
796 44 256 14 4978 1
797 30 263 22 6070 1
798 44 280 23 5203 1
799 48 295 14 2833 1
800 43 279 25 7542 1
801 85 279 25 7542 1
802 43 287 16 4463 1
803 85 287 16 4463 1
804 37 259 10 3669 1
805 73 259 10 3669 1
806 54 275 17 6012 1
807 44 292 18 5426 1
808 44 287 39 11277 1
809 87 287 39 11277 1
810 50 247 15 5539 1
811 26 292 14 3748 1
812 45 267 10 2122 1
813 89 267 10 2122 1
814 133 267 10 2122 1
815 46 282 37 6070 1
816 36 285 9 3252 1
817 45 262 11 1663 1
818 44 268 21 3076 1
819 42 267 12 1660 1
820 83 267 12 1660 1
821 124 267 12 1660 1
822 43 276 18 2930 1
823 17 275 31 8980 1
824 45 256 14 3054 1
825 89 256 14 3054 1
826 2 259 9 1669 1
827 44 256 20 5838 1
828 87 256 20 5838 1
829 130 256 20 5838 1
830 173 256 20 5838 1
831 216 256 20 5838 1
832 259 256 20 5838 1
833 302 256 20 5838 1
834 345 256 20 5838 1
835 51 282 12 4181 1
836 101 282 12 4181 1
837 151 282 12 4181 1
838 201 282 12 4181 1
839 44 266 14 4731 1
840 87 266 14 4731 1
841 45 295 9 2664 1
842 43 250 9 3310 1
843 85 250 9 3310 1
844 127 250 9 3310 1
845 43 275 28 5925 1
846 42 263 28 4028 1
847 43 260 16 5812 1
848 34 295 22 5641 1
849 52 295 21 9238 1
850 37 239 22 5416 1
851 55 264 17 4330 1
852 37 280 14 3067 1
853 157 283 12 4500 1
854 43 294 13 5086 1
855 85 294 13 5086 1
856 127 294 13 5086 1
857 169 294 13 5086 1
858 11 259 21 5901 1
859 21 259 21 5901 1
860 40 283 26 3945 1
861 43 269 31 10220 1
862 42 270 10 1431 1
863 25 280 24 3604 1
864 43 290 18 6563 1
865 85 290 18 6563 1
866 127 290 18 6563 1
867 33 285 18 5119 1
868 44 283 22 3850 1
869 87 283 22 3850 1
870 42 241 23 4834 1
871 83 241 23 4834 1
872 50 279 15 5434 1
873 99 279 15 5434 1
874 148 279 15 5434 1
875 36 294 12 5072 1
876 44 262 11 1544 1
877 87 262 11 1544 1
878 130 262 11 1544 1
879 173 262 11 1544 1
880 44 268 21 4622 1
881 87 268 21 4622 1
882 130 268 21 4622 1
883 43 268 11 1611 1
884 85 268 11 1611 1
885 127 268 11 1611 1
886 59 282 14 2709 1
887 43 279 10 1629 1
888 43 290 11 1643 1
889 85 290 11 1643 1
890 49 290 17 4223 1
891 37 294 28 11142 1
892 73 294 28 11142 1
893 37 256 8 1087 1
894 45 282 24 4168 1
895 89 282 24 4168 1
896 133 282 24 4168 1
897 177 282 24 4168 1
898 221 282 24 4168 1
899 36 287 10 1456 1
900 40 294 24 7320 1
901 79 294 24 7320 1
902 118 294 24 7320 1
903 157 294 24 7320 1
904 36 268 10 2344 1
905 42 261 26 9606 1
906 50 283 17 2821 1
907 72 241 18 3082 1
908 44 250 7 2470 1
909 43 267 12 1726 1
910 45 295 5 2011 1
911 89 295 5 2011 1
912 133 295 5 2011 1
913 44 247 19 3979 1
914 59 295 16 4889 1
915 38 268 20 3463 1
916 43 267 13 2454 1
917 43 294 8 2519 1
918 43 280 22 8052 1
919 42 283 27 9933 1
920 83 283 27 9933 1
921 43 290 14 3481 1
922 85 290 14 3481 1
923 127 290 14 3481 1
924 169 290 14 3481 1
925 211 290 14 3481 1
926 253 290 14 3481 1
927 15 276 12 3984 1
928 14 282 10 2022 1
929 54 296 15 4112 1
930 107 296 15 4112 1
931 44 285 27 5369 1
932 45 280 22 9233 1
933 59 277 34 8733 1
934 44 266 16 4863 1
935 119 318 14 6154 1
936 57 347 15 3953 1
937 44 304 34 10028 1
938 87 304 34 10028 1
939 130 304 34 10028 1
940 37 318 28 7412 1
941 57 319 31 13317 1
942 71 329 14 4723 1
943 141 329 14 4723 1
944 36 336 18 6364 1
945 116 332 18 4825 1
946 43 321 34 10069 1
947 85 321 34 10069 1
948 127 321 34 10069 1
949 57 316 11 2052 1
950 36 306 14 2628 1
951 39 302 14 4936 1
952 77 302 14 4936 1
953 115 302 14 4936 1
954 45 332 17 5683 1
955 89 332 17 5683 1
956 37 340 23 10995 1
957 51 335 26 10255 1
958 46 304 17 5207 1
959 91 304 17 5207 1
960 116 323 31 5942 1
961 231 323 31 5942 1
962 44 324 30 13730 1
963 51 300 10 2120 1
964 55 321 21 4094 1
965 1 301 24 6458 1
966 49 319 39 8864 1
967 97 319 39 8864 1
968 145 319 39 8864 1
969 43 340 21 5391 1
970 85 340 21 5391 1
971 127 340 21 5391 1
972 45 318 14 4028 1
973 89 318 14 4028 1
974 44 318 13 3417 1
975 87 318 13 3417 1
976 130 318 13 3417 1
977 173 318 13 3417 1
978 98 304 24 5713 1
979 45 325 22 8792 1
980 43 318 15 5654 1
981 41 306 26 11810 1
982 81 306 26 11810 1
983 121 306 26 11810 1
984 44 337 13 2589 1
985 50 340 15 4265 1
986 110 300 19 2999 1
987 49 306 12 4391 1
988 42 334 20 5263 1
989 114 323 19 3514 1
990 227 323 19 3514 1
991 43 318 12 2506 1
992 51 304 36 10182 1
993 43 329 17 8122 1
994 85 329 17 8122 1
995 49 321 11 4188 1
996 43 316 9 3771 1
997 44 321 11 3531 1
998 51 347 14 4499 1
999 101 347 14 4499 1
1000 56 323 19 6302 1
1001 115 316 12 4340 1
1002 229 316 12 4340 1
1003 44 337 23 9914 1
1004 44 325 8 3468 1
1005 87 325 8 3468 1
1006 43 329 22 4838 1
1007 85 329 22 4838 1
1008 47 306 27 6101 1
1009 50 305 11 2189 1
1010 50 306 37 9306 1
1011 99 306 37 9306 1
1012 148 306 37 9306 1
1013 94 304 19 4829 1
1014 187 304 19 4829 1
1015 44 321 19 7887 1
1016 47 337 15 7355 1
1017 58 300 14 5913 1
1018 48 301 9 1573 1
1019 95 301 9 1573 1
1020 47 333 25 9916 1
1021 48 333 20 9898 1
1022 36 337 27 12060 1
1023 45 305 21 9213 1
1024 42 300 22 9373 1
1025 6 366 39 10041 1
1026 14 366 106 44061 1
1027 139 366 21 4071 1
1028 3 367 15 6456 1
1029 5 367 15 6456 1
1030 7 367 15 6456 1
1031 114 367 15 2954 1
1032 113 350 18 4479 1
1033 6 367 32 12447 1
1034 11 367 32 12447 1
1035 4 367 79 16599 1
1036 7 367 79 16599 1
1037 114 349 15 6714 1
26
500 500 500 500 500 500 500 500 500 500 500 500 500 500 500 500 500 500 500 500 500 500 500 500 500 500 