1037
1 5 85 2 219 1
2 22 85 3 160 1
3 29 85 2 191 1
4 57 85 2 191 1
5 2 85 7 695 1
6 2 100 3 317 1
7 3 100 3 317 1
8 2 85 9 889 1
9 29 100 9 1065 1
10 57 100 9 1065 1
11 85 100 9 1065 1
12 3 99 6 407 1
13 5 99 6 407 1
14 13 100 3 411 1
15 25 100 3 411 1
16 4 75 5 306 1
17 7 75 5 306 1
18 10 75 5 306 1
19 13 75 5 306 1
20 16 75 5 306 1
21 19 75 5 306 1
22 5 85 2 233 1
23 5 99 6 509 1
24 9 99 6 509 1
25 4 99 2 133 1
26 7 99 2 133 1
27 4 75 1 89 1
28 7 75 1 89 1
29 10 75 1 89 1
30 6 99 3 275 1
31 5 100 2 235 1
32 3 75 1 109 1
33 5 75 1 109 1
34 7 75 1 109 1
35 9 75 1 109 1
36 11 75 1 109 1
37 13 75 1 109 1
38 3 99 4 461 1
39 5 99 4 461 1
40 13 100 3 261 1
41 25 100 3 261 1
42 4 100 1 133 1
43 10 99 1 91 1
44 1 99 1 104 1
45 11 99 18 2202 1
46 4 99 1 131 1
47 7 99 1 131 1
48 1 99 2 146 1
49 1 99 2 146 1
50 1 99 2 146 1
51 1 99 2 146 1
52 13 75 2 86 1
53 4 99 7 976 1
54 7 99 7 976 1
55 10 99 7 976 1
56 13 99 7 976 1
57 16 99 7 976 1
58 19 99 7 976 1
59 1 100 1 113 1
60 1 100 1 113 1
61 4 99 13 834 1
62 14 102 10 871 1
63 27 102 10 871 1
64 40 102 10 871 1
65 53 102 10 871 1
66 66 102 10 871 1
67 79 102 10 871 1
68 8 142 13 2766 1
69 7 115 8 1317 1
70 11 124 8 901 1
71 15 140 8 1334 1
72 12 135 8 1560 1
73 23 135 8 1560 1
74 34 135 8 1560 1
75 45 135 8 1560 1
76 9 109 11 994 1
77 17 109 11 994 1
78 8 108 12 743 1
79 15 108 12 743 1
80 3 140 10 1104 1
81 9 113 11 1336 1
82 13 109 10 1338 1
83 25 109 10 1338 1
84 37 109 10 1338 1
85 49 109 10 1338 1
86 8 146 12 1445 1
87 15 146 12 1445 1
88 5 124 14 1262 1
89 8 133 3 400 1
90 15 141 10 1945 1
91 29 141 10 1945 1
92 9 133 10 1596 1
93 8 147 11 953 1
94 8 102 11 1640 1
95 8 140 12 2501 1
96 13 122 15 1373 1
97 8 108 11 918 1
98 7 136 9 739 1
99 8 113 3 219 1
100 8 125 12 1908 1
101 15 125 12 1908 1
102 22 125 12 1908 1
103 15 130 11 1129 1
104 29 130 11 1129 1
105 43 130 11 1129 1
106 57 130 11 1129 1
107 9 138 21 2586 1
108 17 138 21 2586 1
109 11 147 17 2119 1
110 23 140 14 1265 1
111 13 122 10 1607 1
112 12 144 12 1324 1
113 23 144 12 1324 1
114 34 144 12 1324 1
115 16 133 9 710 1
116 8 135 8 1112 1
117 15 135 8 1112 1
118 8 139 8 943 1
119 15 139 8 943 1
120 22 139 8 943 1
121 29 139 8 943 1
122 8 130 17 2924 1
123 15 130 17 2924 1
124 22 130 17 2924 1
125 29 130 17 2924 1
126 13 124 8 1347 1
127 14 121 8 1127 1
128 9 142 10 1434 1
129 17 142 10 1434 1
130 8 136 10 1923 1
131 9 108 9 668 1
132 15 109 13 1535 1
133 8 130 11 2056 1
134 47 140 11 2103 1
135 9 122 8 595 1
136 1 108 9 1402 1
137 1 108 9 1402 1
138 8 140 15 3064 1
139 15 140 15 3064 1
140 14 130 11 1610 1
141 6 143 8 1100 1
142 8 108 13 1803 1
143 4 144 13 2621 1
144 7 144 13 2621 1
145 10 144 13 2621 1
146 8 143 13 999 1
147 15 143 13 999 1
148 6 125 8 1394 1
149 11 125 8 1394 1
150 16 125 8 1394 1
151 21 125 8 1394 1
152 11 130 12 1422 1
153 21 130 12 1422 1
154 31 130 12 1422 1
155 41 130 12 1422 1
156 16 113 13 1519 1
157 31 113 13 1519 1
158 9 125 10 721 1
159 18 115 11 1094 1
160 35 115 11 1094 1
161 11 134 13 1060 1
162 21 134 13 1060 1
163 13 108 8 1089 1
164 19 140 14 2523 1
165 37 140 14 2523 1
166 55 140 14 2523 1
167 7 125 20 2146 1
168 9 143 11 829 1
169 17 143 11 829 1
170 13 134 13 2407 1
171 25 134 13 2407 1
172 9 135 21 2655 1
173 16 102 7 501 1
174 31 102 7 501 1
175 46 102 7 501 1
176 8 125 9 934 1
177 9 142 15 2886 1
178 8 141 13 2055 1
179 15 141 13 2055 1
180 8 124 9 1524 1
181 15 124 9 1524 1
182 7 137 4 419 1
183 13 125 9 574 1
184 25 125 9 574 1
185 9 102 7 567 1
186 17 102 7 567 1
187 13 137 8 1438 1
188 9 115 15 2557 1
189 9 102 7 491 1
190 17 102 7 491 1
191 25 102 7 491 1
192 33 102 7 491 1
193 41 102 7 491 1
194 9 148 8 631 1
195 17 148 8 631 1
196 7 137 8 1609 1
197 13 137 8 1609 1
198 19 137 8 1609 1
199 8 124 6 1113 1
200 15 124 6 1113 1
201 8 108 11 1255 1
202 15 108 11 1255 1
203 9 135 7 1046 1
204 17 135 7 1046 1
205 13 143 15 1245 1
206 25 143 15 1245 1
207 37 143 15 1245 1
208 49 143 15 1245 1
209 61 143 15 1245 1
210 9 139 14 1581 1
211 18 144 14 2046 1
212 8 140 8 1347 1
213 8 142 13 2289 1
214 20 125 9 1382 1
215 39 125 9 1382 1
216 7 140 8 840 1
217 13 140 8 840 1
218 19 140 8 840 1
219 25 140 8 840 1
220 31 140 8 840 1
221 37 140 8 840 1
222 12 124 14 2364 1
223 23 124 14 2364 1
224 34 124 14 2364 1
225 45 124 14 2364 1
226 9 147 10 1239 1
227 21 149 15 2359 1
228 8 115 10 1228 1
229 8 124 15 2197 1
230 15 124 15 2197 1
231 22 124 15 2197 1
232 8 149 14 1838 1
233 15 149 14 1838 1
234 22 149 14 1838 1
235 29 149 14 1838 1
236 10 124 7 497 1
237 9 143 11 1764 1
238 17 143 11 1764 1
239 25 143 11 1764 1
240 14 109 9 779 1
241 27 109 9 779 1
242 18 143 8 1493 1
243 15 144 13 1955 1
244 29 144 13 1955 1
245 9 121 9 1129 1
246 17 121 9 1129 1
247 25 121 9 1129 1
248 10 115 11 1716 1
249 19 115 11 1716 1
250 11 109 10 1259 1
251 7 130 12 924 1
252 13 130 12 924 1
253 12 147 13 2203 1
254 23 147 13 2203 1
255 34 147 13 2203 1
256 8 124 7 1035 1
257 15 124 7 1035 1
258 22 124 7 1035 1
259 9 115 12 1570 1
260 8 108 5 528 1
261 15 108 5 528 1
262 9 130 11 1077 1
263 10 124 14 1847 1
264 18 149 13 2550 1
265 15 133 16 2669 1
266 9 145 9 1900 1
267 6 116 8 1383 1
268 11 116 8 1383 1
269 16 116 8 1383 1
270 21 116 8 1383 1
271 26 116 8 1383 1
272 31 116 8 1383 1
273 14 149 10 1667 1
274 27 149 10 1667 1
275 40 149 10 1667 1
276 7 141 10 1449 1
277 13 141 10 1449 1
278 19 141 10 1449 1
279 8 108 10 1253 1
280 6 140 8 1381 1
281 8 113 10 778 1
282 15 113 10 778 1
283 8 143 12 2125 1
284 15 143 12 2125 1
285 22 143 12 2125 1
286 29 143 12 2125 1
287 36 143 12 2125 1
288 43 143 12 2125 1
289 50 143 12 2125 1
290 57 143 12 2125 1
291 7 148 12 2547 1
292 8 144 12 2385 1
293 15 144 12 2385 1
294 12 130 10 807 1
295 8 137 6 990 1
296 15 137 6 990 1
297 22 137 6 990 1
298 29 137 6 990 1
299 36 137 6 990 1
300 21 124 12 2123 1
301 10 136 9 1068 1
302 19 136 9 1068 1
303 28 136 9 1068 1
304 10 141 14 2207 1
305 19 141 14 2207 1
306 20 134 13 2310 1
307 12 133 6 1079 1
308 11 134 11 1845 1
309 21 134 11 1845 1
310 7 146 13 2243 1
311 21 102 7 1031 1
312 8 149 15 1521 1
313 15 149 15 1521 1
314 22 149 15 1521 1
315 8 145 13 2319 1
316 35 125 12 790 1
317 9 137 16 2895 1
318 17 137 16 2895 1
319 9 146 11 1830 1
320 10 108 14 1719 1
321 19 108 14 1719 1
322 8 141 11 1393 1
323 15 141 11 1393 1
324 22 141 11 1393 1
325 29 141 11 1393 1
326 8 139 11 1773 1
327 10 115 8 928 1
328 19 115 8 928 1
329 16 108 7 719 1
330 31 108 7 719 1
331 46 108 7 719 1
332 6 134 12 1294 1
333 21 124 14 1393 1
334 8 141 13 1083 1
335 15 141 13 1083 1
336 22 141 13 1083 1
337 7 143 12 1520 1
338 13 143 12 1520 1
339 19 143 12 1520 1
340 9 146 12 1271 1
341 9 148 20 3474 1
342 9 116 11 694 1
343 7 116 8 813 1
344 13 116 8 813 1
345 9 137 14 1522 1
346 9 148 3 617 1
347 17 148 3 617 1
348 8 124 7 992 1
349 8 133 13 915 1
350 15 133 13 915 1
351 22 133 13 915 1
352 29 133 13 915 1
353 36 133 13 915 1
354 43 133 13 915 1
355 50 133 13 915 1
356 57 133 13 915 1
357 8 122 8 1196 1
358 25 142 13 2559 1
359 10 130 12 1905 1
360 19 130 12 1905 1
361 8 121 12 1456 1
362 9 145 13 2148 1
363 15 135 5 607 1
364 8 109 12 1198 1
365 15 109 12 1198 1
366 22 109 12 1198 1
367 8 115 9 928 1
368 15 115 9 928 1
369 9 149 14 3027 1
370 8 147 13 1703 1
371 15 147 13 1703 1
372 71 125 6 724 1
373 9 115 12 1500 1
374 17 115 12 1500 1
375 9 113 9 886 1
376 8 136 7 1059 1
377 15 141 8 1528 1
378 29 141 8 1528 1
379 8 145 13 2181 1
380 15 145 13 2181 1
381 22 145 13 2181 1
382 8 140 10 984 1
383 15 140 10 984 1
384 10 138 11 1596 1
385 32 134 6 1152 1
386 63 134 6 1152 1
387 94 134 6 1152 1
388 125 134 6 1152 1
389 156 134 6 1152 1
390 187 134 6 1152 1
391 8 124 16 2891 1
392 15 124 16 2891 1
393 22 124 16 2891 1
394 29 124 16 2891 1
395 9 102 5 266 1
396 17 102 5 266 1
397 8 121 7 990 1
398 9 149 8 843 1
399 5 146 11 2055 1
400 9 146 11 2055 1
401 13 146 11 2055 1
402 7 116 7 1107 1
403 13 116 7 1107 1
404 15 134 10 1486 1
405 29 134 10 1486 1
406 43 134 10 1486 1
407 57 134 10 1486 1
408 9 122 10 1039 1
409 17 122 10 1039 1
410 75 144 17 1607 1
411 9 102 10 1200 1
412 13 148 13 2588 1
413 8 135 8 1390 1
414 7 134 7 1110 1
415 22 113 9 1489 1
416 43 113 9 1489 1
417 64 113 9 1489 1
418 85 113 9 1489 1
419 106 113 9 1489 1
420 8 130 9 1666 1
421 15 130 9 1666 1
422 8 142 13 2289 1
423 15 140 12 2314 1
424 12 139 18 2349 1
425 8 109 12 680 1
426 12 130 15 2732 1
427 23 130 15 2732 1
428 34 130 15 2732 1
429 16 149 4 352 1
430 31 149 4 352 1
431 46 149 4 352 1
432 23 154 16 2796 1
433 201 160 14 1816 1
434 8 164 31 2734 1
435 15 164 31 2734 1
436 8 178 8 1967 1
437 28 177 8 715 1
438 19 177 32 4871 1
439 22 176 14 1299 1
440 45 170 18 3929 1
441 29 180 6 997 1
442 20 170 14 1304 1
443 13 180 12 1699 1
444 15 172 10 1547 1
445 11 174 15 3561 1
446 8 152 14 1539 1
447 24 175 12 2867 1
448 15 183 8 1290 1
449 29 183 8 1290 1
450 10 175 9 1377 1
451 9 180 12 1795 1
452 8 158 14 3131 1
453 15 158 14 3131 1
454 9 170 18 4289 1
455 36 162 13 2708 1
456 8 163 12 1146 1
457 4 178 16 3633 1
458 24 180 16 3766 1
459 22 165 15 1273 1
460 8 159 18 2915 1
461 8 162 10 1787 1
462 31 176 18 4374 1
463 61 176 18 4374 1
464 22 161 7 1350 1
465 22 181 13 3153 1
466 43 181 13 3153 1
467 20 160 15 2739 1
468 8 178 12 1326 1
469 44 150 9 730 1
470 19 178 17 1648 1
471 20 171 8 2030 1
472 23 180 12 1503 1
473 45 180 12 1503 1
474 34 159 4 692 1
475 8 158 15 1505 1
476 15 159 18 2182 1
477 18 152 15 2755 1
478 29 165 10 1754 1
479 18 173 15 3590 1
480 25 174 9 1874 1
481 23 162 9 2119 1
482 24 171 8 702 1
483 8 154 11 855 1
484 37 176 5 623 1
485 9 171 16 2701 1
486 24 170 10 1115 1
487 10 159 14 2030 1
488 21 161 11 1097 1
489 24 160 7 1256 1
490 47 160 7 1256 1
491 8 155 13 2735 1
492 8 169 4 937 1
493 8 179 10 1562 1
494 15 179 10 1562 1
495 23 155 15 3079 1
496 45 155 15 3079 1
497 15 178 24 2186 1
498 35 170 21 2824 1
499 16 155 11 2395 1
500 9 151 10 2122 1
501 17 151 10 2122 1
502 25 151 10 2122 1
503 16 183 5 485 1
504 43 167 8 1562 1
505 27 169 11 1473 1
506 15 162 17 2675 1
507 18 174 12 3130 1
508 24 150 12 2368 1
509 9 150 14 1104 1
510 17 150 14 1104 1
511 13 175 30 2741 1
512 21 163 13 2981 1
513 41 163 13 2981 1
514 61 163 13 2981 1
515 22 170 9 1713 1
516 25 160 12 1019 1
517 9 158 2 267 1
518 24 163 15 1286 1
519 40 151 9 1215 1
520 23 159 10 1271 1
521 9 178 9 1797 1
522 24 178 15 3947 1
523 9 165 13 1980 1
524 24 169 10 1843 1
525 19 175 11 2635 1
526 37 175 11 2635 1
527 23 180 16 2559 1
528 11 158 10 2281 1
529 21 158 10 2281 1
530 13 177 14 2881 1
531 30 160 5 895 1
532 2 174 8 765 1
533 8 155 13 1321 1
534 3 170 16 3645 1
535 24 169 10 1227 1
536 9 158 9 786 1
537 17 158 9 786 1
538 20 167 10 2392 1
539 8 172 3 573 1
540 12 164 11 2559 1
541 23 164 11 2559 1
542 8 171 11 2483 1
543 25 161 13 3023 1
544 22 180 14 3365 1
545 12 182 12 2360 1
546 25 176 17 2807 1
547 8 159 6 1052 1
548 15 159 6 1052 1
549 9 161 4 631 1
550 33 164 12 2574 1
551 22 154 8 1362 1
552 35 177 7 1051 1
553 69 177 7 1051 1
554 24 172 8 1148 1
555 17 163 19 1579 1
556 23 177 17 2352 1
557 11 152 12 2715 1
558 23 168 9 2029 1
559 25 176 8 1187 1
560 8 163 6 995 1
561 25 164 12 1665 1
562 9 174 16 2693 1
563 35 177 13 1658 1
564 12 163 10 2095 1
565 14 158 11 1500 1
566 23 176 4 867 1
567 45 176 4 867 1
568 26 162 15 1229 1
569 10 182 11 1779 1
570 19 182 11 1779 1
571 14 172 20 5092 1
572 31 154 10 1177 1
573 24 169 8 1906 1
574 47 169 8 1906 1
575 24 182 15 3637 1
576 15 164 22 4386 1
577 35 182 21 3067 1
578 69 182 21 3067 1
579 103 182 21 3067 1
580 9 155 9 1193 1
581 7 176 8 1571 1
582 9 159 10 1280 1
583 23 150 9 986 1
584 22 152 5 1034 1
585 22 183 7 1617 1
586 18 159 8 800 1
587 21 151 7 1202 1
588 41 151 7 1202 1
589 9 173 12 2686 1
590 22 165 10 1997 1
591 2 151 11 1383 1
592 21 180 18 4283 1
593 17 160 15 3456 1
594 30 154 9 1783 1
595 22 183 16 1647 1
596 43 183 16 1647 1
597 24 172 6 751 1
598 47 172 6 751 1
599 70 172 6 751 1
600 24 164 9 1338 1
601 8 154 17 2769 1
602 34 173 15 3000 1
603 9 177 16 4127 1
604 21 151 12 1413 1
605 35 169 14 3241 1
606 10 183 23 4803 1
607 7 178 13 1338 1
608 8 165 16 2182 1
609 15 165 16 2182 1
610 21 171 13 2156 1
611 41 171 13 2156 1
612 43 178 9 1387 1
613 26 155 10 1001 1
614 51 155 10 1001 1
615 23 158 11 1753 1
616 9 152 9 1216 1
617 46 177 9 1430 1
618 21 168 12 2195 1
619 41 168 12 2195 1
620 9 175 9 1433 1
621 8 154 17 3122 1
622 26 175 18 2657 1
623 22 172 12 2713 1
624 32 173 11 2580 1
625 63 173 11 2580 1
626 25 159 15 1926 1
627 29 152 14 2620 1
628 43 183 10 1041 1
629 14 151 14 2545 1
630 18 176 13 3258 1
631 35 176 13 3258 1
632 23 177 12 1112 1
633 9 172 13 1383 1
634 97 185 4 985 1
635 23 229 13 3299 1
636 25 199 14 2419 1
637 49 199 14 2419 1
638 30 195 11 2161 1
639 59 195 11 2161 1
640 41 211 10 2401 1
641 81 211 10 2401 1
642 17 192 2 514 1
643 8 212 15 2074 1
644 17 197 11 2118 1
645 29 218 12 3883 1
646 22 195 5 1138 1
647 24 216 4 687 1
648 2 229 19 6222 1
649 15 212 11 2635 1
650 37 209 9 2174 1
651 18 223 14 3069 1
652 31 211 15 3956 1
653 38 218 10 1801 1
654 21 227 15 2373 1
655 30 200 12 1941 1
656 16 208 14 3877 1
657 99 198 17 4695 1
658 33 213 9 1005 1
659 23 232 13 4077 1
660 45 232 13 4077 1
661 22 188 10 1580 1
662 10 221 8 1016 1
663 19 221 8 1016 1
664 22 228 19 5312 1
665 43 228 19 5312 1
666 22 185 6 1498 1
667 24 194 7 924 1
668 39 212 18 3201 1
669 11 198 12 3022 1
670 19 227 10 2631 1
671 37 227 10 2631 1
672 23 195 9 1823 1
673 40 210 9 2728 1
674 25 193 7 1545 1
675 39 231 11 1544 1
676 40 223 11 2216 1
677 9 195 11 3190 1
678 29 195 9 2603 1
679 39 217 16 1788 1
680 29 195 13 1472 1
681 24 216 9 2818 1
682 30 213 15 4235 1
683 3 193 9 1298 1
684 5 193 9 1298 1
685 39 216 15 3879 1
686 7 212 3 415 1
687 72 209 14 3500 1
688 26 198 12 2296 1
689 6 220 7 806 1
690 29 184 10 2271 1
691 15 193 7 887 1
692 29 188 9 1049 1
693 22 232 13 4213 1
694 43 232 13 4213 1
695 64 232 13 4213 1
696 37 196 9 921 1
697 42 231 12 2340 1
698 39 216 4 651 1
699 10 199 11 2903 1
700 19 199 11 2903 1
701 67 185 3 661 1
702 19 217 11 1748 1
703 37 217 11 1748 1
704 55 217 11 1748 1
705 29 184 7 1682 1
706 16 211 11 2735 1
707 53 184 17 3424 1
708 22 193 12 2732 1
709 92 221 9 2081 1
710 33 231 4 752 1
711 16 193 9 949 1
712 31 193 9 949 1
713 8 202 7 1271 1
714 38 200 12 3002 1
715 14 216 10 1542 1
716 22 222 18 4845 1
717 29 189 16 3052 1
718 42 213 7 927 1
719 31 220 19 3123 1
720 23 192 20 1931 1
721 45 192 20 1931 1
722 22 199 12 2255 1
723 33 232 11 2214 1
724 67 210 10 2285 1
725 29 212 12 1688 1
726 23 210 9 1210 1
727 28 222 10 2796 1
728 27 217 15 2994 1
729 30 227 16 2310 1
730 22 184 8 1652 1
731 6 186 13 2247 1
732 22 229 23 7692 1
733 43 229 23 7692 1
734 40 218 13 3379 1
735 26 194 8 1625 1
736 74 231 20 5598 1
737 22 194 16 2174 1
738 19 216 14 2478 1
739 9 209 12 2915 1
740 16 217 25 5516 1
741 31 217 25 5516 1
742 29 213 6 1356 1
743 24 192 10 2536 1
744 9 195 6 789 1
745 20 194 12 2961 1
746 29 212 8 1920 1
747 28 220 21 4342 1
748 29 221 4 804 1
749 9 200 15 3506 1
750 23 213 13 2240 1
751 45 213 13 2240 1
752 67 213 13 2240 1
753 19 200 13 3231 1
754 24 200 12 2172 1
755 29 211 4 1149 1
756 9 189 13 2759 1
757 30 231 13 3135 1
758 19 197 6 1264 1
759 6 223 11 2179 1
760 33 231 6 1044 1
761 33 232 23 3371 1
762 29 211 11 1820 1
763 15 229 9 1267 1
764 23 184 12 1370 1
765 15 223 14 3423 1
766 8 193 14 3435 1
767 31 221 13 4068 1
768 30 222 9 2088 1
769 25 188 8 1936 1
770 23 189 13 2235 1
771 45 189 13 2235 1
772 9 217 7 2021 1
773 28 199 18 3836 1
774 8 217 8 1058 1
775 2 277 9 1536 1
776 43 250 18 4721 1
777 85 250 18 4721 1
778 127 250 18 4721 1
779 43 296 15 3125 1
780 2 270 8 3211 1
781 3 276 27 5001 1
782 35 292 14 2706 1
783 69 292 14 2706 1
784 31 269 13 4338 1
785 42 266 15 3624 1
786 83 266 15 3624 1
787 124 266 15 3624 1
788 44 268 23 7193 1
789 45 277 15 4833 1
790 89 277 15 4833 1
791 133 277 15 4833 1
792 45 268 11 2505 1
793 37 266 7 1678 1
794 126 294 14 3226 1
795 42 255 6 962 1
796 43 281 20 6147 1
797 35 239 24 4102 1
798 42 260 14 3826 1
799 83 260 14 3826 1
800 124 260 14 3826 1
801 36 268 16 2769 1
802 35 259 18 6686 1
803 69 259 18 6686 1
804 103 259 18 6686 1
805 137 259 18 6686 1
806 76 268 6 2154 1
807 151 268 6 2154 1
808 41 279 16 2546 1
809 56 281 29 9816 1
810 111 281 29 9816 1
811 166 281 29 9816 1
812 45 282 13 3822 1
813 62 269 23 3232 1
814 123 269 23 3232 1
815 43 265 17 5108 1
816 85 265 17 5108 1
817 127 265 17 5108 1
818 2 265 8 2859 1
819 43 270 18 5330 1
820 76 277 14 3895 1
821 151 277 14 3895 1
822 69 290 13 4978 1
823 34 250 9 3171 1
824 50 270 15 3997 1
825 43 281 25 7128 1
826 44 263 7 990 1
827 43 261 10 1442 1
828 48 285 16 3905 1
829 44 265 20 4507 1
830 87 265 20 4507 1
831 33 279 14 4087 1
832 44 280 17 5402 1
833 42 285 7 2312 1
834 44 260 10 2089 1
835 43 276 12 4690 1
836 44 290 15 4874 1
837 51 262 14 3301 1
838 24 277 20 3753 1
839 43 266 20 4669 1
840 85 266 20 4669 1
841 127 266 20 4669 1
842 169 266 20 4669 1
843 50 265 11 4216 1
844 99 265 11 4216 1
845 37 255 6 1260 1
846 35 239 8 2831 1
847 2 290 26 4420 1
848 44 247 21 6881 1
849 44 256 14 4094 1
850 38 283 13 2616 1
851 44 294 39 5761 1
852 44 281 21 3486 1
853 87 281 21 3486 1
854 88 247 23 7675 1
855 175 247 23 7675 1
856 43 247 9 3000 1
857 85 247 9 3000 1
858 44 255 25 5100 1
859 44 263 12 3159 1
860 111 278 21 4012 1
861 81 295 23 6205 1
862 161 295 23 6205 1
863 43 247 15 4483 1
864 37 250 19 6690 1
865 73 250 19 6690 1
866 44 265 19 5376 1
867 87 265 19 5376 1
868 47 259 10 1578 1
869 36 295 22 9588 1
870 43 247 16 3765 1
871 44 279 34 7738 1
872 87 279 34 7738 1
873 42 265 10 2032 1
874 83 265 10 2032 1
875 45 269 21 8286 1
876 89 269 21 8286 1
877 43 279 14 2945 1
878 85 279 14 2945 1
879 44 250 8 2745 1
880 42 268 15 2073 1
881 83 268 15 2073 1
882 45 247 14 4186 1
883 89 247 14 4186 1
884 45 241 8 1753 1
885 37 296 18 3435 1
886 44 296 16 3448 1
887 143 270 15 4116 1
888 42 260 10 3738 1
889 65 290 27 7592 1
890 129 290 27 7592 1
891 193 290 27 7592 1
892 257 290 27 7592 1
893 321 290 27 7592 1
894 385 290 27 7592 1
895 43 239 20 3449 1
896 85 239 20 3449 1
897 127 239 20 3449 1
898 169 239 20 3449 1
899 3 263 32 6747 1
900 43 269 24 5325 1
901 37 247 9 1875 1
902 45 256 9 1780 1
903 42 275 22 6380 1
904 44 295 29 5676 1
905 87 295 29 5676 1
906 37 266 23 5861 1
907 73 266 23 5861 1
908 54 276 23 5202 1
909 51 290 19 3351 1
910 37 268 12 3998 1
911 36 266 27 5271 1
912 44 250 8 2993 1
913 49 261 22 8196 1
914 97 261 22 8196 1
915 50 259 20 5735 1
916 35 270 13 1969 1
917 69 270 13 1969 1
918 43 260 9 3368 1
919 85 260 9 3368 1
920 32 280 22 7410 1
921 21 285 14 3344 1
922 41 285 14 3344 1
923 51 278 14 3444 1
924 101 278 14 3444 1
925 44 239 24 8068 1
926 87 239 24 8068 1
927 130 239 24 8068 1
928 173 239 24 8068 1
929 39 295 14 2114 1
930 43 278 14 5460 1
931 85 278 14 5460 1
932 43 287 34 8422 1
933 85 287 34 8422 1
934 127 287 34 8422 1
935 57 324 23 3975 1
936 17 334 18 8378 1
937 13 319 15 4745 1
938 51 301 16 4778 1
939 49 325 25 10193 1
940 44 323 15 4831 1
941 105 334 15 5521 1
942 118 325 37 13173 1
943 58 334 17 2887 1
944 11 334 11 3975 1
945 42 305 22 7712 1
946 50 325 10 4103 1
947 99 325 10 4103 1
948 109 319 19 4648 1
949 11 306 34 11668 1
950 43 318 17 5128 1
951 97 316 15 2592 1
952 63 340 15 5854 1
953 54 335 12 3657 1
954 44 301 20 6147 1
955 118 334 9 2014 1
956 38 319 31 11005 1
957 16 347 13 4166 1
958 31 347 13 4166 1
959 58 335 15 4778 1
960 62 347 24 7269 1
961 50 329 18 8621 1
962 58 329 17 7216 1
963 44 325 21 9050 1
964 87 325 21 9050 1
965 40 324 11 4776 1
966 43 340 23 7076 1
967 44 333 10 4547 1
968 50 318 14 4631 1
969 99 318 14 4631 1
970 57 321 20 4626 1
971 64 333 20 6467 1
972 50 301 10 2543 1
973 42 334 9 4403 1
974 12 302 15 6577 1
975 46 325 37 15812 1
976 91 325 37 15812 1
977 44 336 17 7323 1
978 43 319 27 6959 1
979 85 319 27 6959 1
980 127 319 27 6959 1
981 85 304 10 4099 1
982 47 333 20 7170 1
983 93 333 20 7170 1
984 26 318 39 7884 1
985 44 333 15 4760 1
986 39 332 19 3297 1
987 4 318 16 4365 1
988 124 318 24 6540 1
989 43 332 12 2738 1
990 85 332 12 2738 1
991 57 321 14 4049 1
992 106 301 15 6346 1
993 51 333 10 1855 1
994 58 301 20 4251 1
995 43 321 30 9255 1
996 9 306 9 2151 1
997 44 324 19 8701 1
998 43 321 18 3747 1
999 50 336 29 8199 1
1000 42 324 12 5649 1
1001 50 325 21 6125 1
1002 16 316 19 4469 1
1003 44 316 6 1176 1
1004 87 316 6 1176 1
1005 75 302 15 5885 1
1006 38 332 18 8604 1
1007 75 332 18 8604 1
1008 41 318 22 7026 1
1009 117 305 9 2028 1
1010 18 324 18 7684 1
1011 58 340 20 9020 1
1012 128 325 28 7453 1
1013 2 335 34 12547 1
1014 10 319 19 3461 1
1015 37 305 17 7305 1
1016 16 323 22 5426 1
1017 57 319 6 1713 1
1018 109 325 28 8578 1
1019 57 300 16 6011 1
1020 42 300 18 4299 1
1021 42 319 14 5162 1
1022 33 304 22 5986 1
1023 44 347 20 10066 1
1024 37 305 29 10369 1
1025 12 366 219 76845 1
1026 116 351 34 8963 1
1027 42 350 88 16907 1
1028 44 350 59 25914 1
1029 12 350 58 30325 1
1030 3 350 16 5209 1
1031 19 349 25 8220 1
1032 1 366 80 36591 1
1033 2 350 51 11487 1
1034 10 349 17 4933 1
1035 19 349 17 4933 1
1036 47 350 53 16788 1
1037 3 350 16 4660 1
26
500 500 500 500 500 500 500 500 500 500 500 500 500 500 500 500 500 500 500 500 500 500 500 500 500 500 