1037
1 21 99 2 171 1
2 41 99 2 171 1
3 2 85 2 191 1
4 3 85 2 191 1
5 7 85 2 132 1
6 2 99 8 1154 1
7 4 75 6 592 1
8 7 75 6 592 1
9 4 99 3 158 1
10 3 100 9 1082 1
11 4 85 4 344 1
12 11 100 2 238 1
13 17 99 4 229 1
14 33 99 4 229 1
15 2 75 1 73 1
16 3 75 1 73 1
17 3 75 5 320 1
18 5 75 5 320 1
19 7 75 5 320 1
20 9 75 5 320 1
21 5 75 1 71 1
22 9 75 1 71 1
23 30 85 1 111 1
24 59 85 1 111 1
25 88 85 1 111 1
26 3 99 2 224 1
27 5 99 2 224 1
28 7 99 2 224 1
29 9 99 2 224 1
30 11 99 2 224 1
31 2 99 6 566 1
32 3 85 1 90 1
33 3 75 5 399 1
34 5 75 5 399 1
35 7 75 5 399 1
36 3 100 4 334 1
37 5 100 4 334 1
38 7 100 4 334 1
39 9 100 4 334 1
40 38 85 4 296 1
41 3 75 10 933 1
42 3 75 16 696 1
43 3 85 2 103 1
44 5 85 2 103 1
45 7 85 2 103 1
46 9 85 2 103 1
47 11 85 2 103 1
48 13 85 2 103 1
49 16 75 2 105 1
50 2 99 5 573 1
51 31 75 2 100 1
52 1 100 3 338 1
53 1 100 3 338 1
54 24 75 3 210 1
55 2 75 1 76 1
56 3 75 1 76 1
57 30 99 2 188 1
58 5 100 2 221 1
59 9 100 2 221 1
60 13 100 2 221 1
61 4 75 4 269 1
62 10 115 11 1375 1
63 19 115 11 1375 1
64 9 144 19 1626 1
65 39 122 13 1900 1
66 16 124 8 1122 1
67 8 124 12 1659 1
68 15 124 12 1659 1
69 9 125 14 1422 1
70 17 125 14 1422 1
71 4 146 7 1467 1
72 8 147 12 1955 1
73 15 147 12 1955 1
74 21 149 15 3162 1
75 41 149 15 3162 1
76 61 149 15 3162 1
77 81 149 15 3162 1
78 101 149 15 3162 1
79 121 149 15 3162 1
80 141 149 15 3162 1
81 161 149 15 3162 1
82 17 109 10 1461 1
83 33 109 10 1461 1
84 6 108 13 1522 1
85 8 146 8 708 1
86 15 146 8 708 1
87 22 146 8 708 1
88 29 146 8 708 1
89 9 139 13 1927 1
90 9 121 11 1675 1
91 13 121 13 1388 1
92 25 121 13 1388 1
93 37 121 13 1388 1
94 49 121 13 1388 1
95 61 121 13 1388 1
96 73 121 13 1388 1
97 9 147 10 868 1
98 8 147 8 1391 1
99 20 145 6 765 1
100 39 145 6 765 1
101 58 145 6 765 1
102 77 145 6 765 1
103 96 145 6 765 1
104 9 113 7 989 1
105 17 113 7 989 1
106 8 140 12 1022 1
107 10 145 8 731 1
108 9 139 7 1113 1
109 17 139 7 1113 1
110 25 139 7 1113 1
111 33 139 7 1113 1
112 41 139 7 1113 1
113 9 135 10 1182 1
114 9 125 11 743 1
115 17 125 11 743 1
116 25 125 11 743 1
117 8 145 11 1234 1
118 15 145 11 1234 1
119 7 124 12 878 1
120 13 124 12 878 1
121 9 109 12 656 1
122 11 124 13 938 1
123 16 113 17 1208 1
124 9 147 13 1859 1
125 11 143 14 2116 1
126 17 135 12 1682 1
127 13 144 10 1813 1
128 8 130 17 2713 1
129 22 138 9 1245 1
130 8 124 10 1811 1
131 15 124 10 1811 1
132 11 109 9 786 1
133 8 116 6 837 1
134 15 116 6 837 1
135 22 116 6 837 1
136 9 144 15 3081 1
137 17 115 9 575 1
138 33 115 9 575 1
139 16 146 11 1898 1
140 8 109 7 495 1
141 15 109 7 495 1
142 22 109 7 495 1
143 29 109 7 495 1
144 36 109 7 495 1
145 43 109 7 495 1
146 14 115 11 672 1
147 14 141 9 1850 1
148 27 141 9 1850 1
149 40 141 9 1850 1
150 10 149 10 1695 1
151 6 122 8 1112 1
152 18 140 8 944 1
153 9 142 8 1112 1
154 8 113 10 1555 1
155 8 146 13 2207 1
156 15 115 11 1775 1
157 10 115 10 1287 1
158 19 115 10 1287 1
159 28 115 10 1287 1
160 37 115 10 1287 1
161 9 102 12 941 1
162 17 102 12 941 1
163 25 102 12 941 1
164 33 102 12 941 1
165 41 102 12 941 1
166 49 102 12 941 1
167 8 113 9 1210 1
168 9 134 7 761 1
169 10 122 9 1377 1
170 19 122 9 1377 1
171 7 124 12 2199 1
172 12 146 20 3764 1
173 8 140 13 2451 1
174 16 139 17 1898 1
175 19 142 15 1874 1
176 1 116 14 2068 1
177 1 116 14 2068 1
178 1 116 14 2068 1
179 9 140 13 1978 1
180 17 140 13 1978 1
181 25 140 13 1978 1
182 33 140 13 1978 1
183 9 113 10 1634 1
184 17 113 10 1634 1
185 8 124 11 1691 1
186 9 113 7 421 1
187 11 134 10 1311 1
188 21 134 10 1311 1
189 8 140 13 1111 1
190 15 140 13 1111 1
191 17 148 13 2279 1
192 33 148 13 2279 1
193 19 140 18 3665 1
194 37 140 18 3665 1
195 55 140 18 3665 1
196 69 149 10 1622 1
197 9 148 15 2254 1
198 9 138 16 2278 1
199 17 138 16 2278 1
200 25 138 16 2278 1
201 9 113 12 814 1
202 9 113 9 626 1
203 17 113 9 626 1
204 14 148 13 1962 1
205 27 148 13 1962 1
206 40 148 13 1962 1
207 53 148 13 1962 1
208 8 134 8 947 1
209 9 146 13 966 1
210 17 146 13 966 1
211 8 109 7 882 1
212 15 109 7 882 1
213 2 140 16 1424 1
214 9 140 9 756 1
215 8 134 9 1396 1
216 8 121 12 1868 1
217 11 136 11 1667 1
218 21 136 11 1667 1
219 9 102 9 650 1
220 17 102 9 650 1
221 25 102 9 650 1
222 33 102 9 650 1
223 8 144 14 2598 1
224 15 144 14 2598 1
225 22 144 14 2598 1
226 29 144 14 2598 1
227 36 144 14 2598 1
228 43 144 14 2598 1
229 50 144 14 2598 1
230 57 144 14 2598 1
231 18 141 11 2234 1
232 38 109 10 916 1
233 9 149 13 2446 1
234 17 149 13 2446 1
235 11 146 12 1618 1
236 2 116 7 561 1
237 3 116 7 561 1
238 9 142 7 694 1
239 17 135 7 553 1
240 8 109 12 1465 1
241 8 134 6 515 1
242 8 145 13 2467 1
243 15 145 13 2467 1
244 22 145 13 2467 1
245 29 145 13 2467 1
246 36 145 13 2467 1
247 43 145 13 2467 1
248 9 147 8 1622 1
249 8 149 10 899 1
250 15 149 10 899 1
251 12 115 10 866 1
252 15 147 8 871 1
253 29 147 8 871 1
254 8 125 17 1688 1
255 8 146 14 1695 1
256 15 146 14 1695 1
257 22 146 14 1695 1
258 22 148 14 1196 1
259 43 148 14 1196 1
260 64 148 14 1196 1
261 9 109 12 1879 1
262 16 102 12 793 1
263 31 102 12 793 1
264 8 148 21 2305 1
265 15 148 21 2305 1
266 22 148 21 2305 1
267 29 148 21 2305 1
268 17 145 15 1889 1
269 8 109 11 1111 1
270 15 109 11 1111 1
271 8 149 13 2229 1
272 10 122 10 1607 1
273 19 122 10 1607 1
274 28 122 10 1607 1
275 9 149 8 1041 1
276 7 109 8 1156 1
277 13 109 8 1156 1
278 19 109 8 1156 1
279 13 116 7 432 1
280 13 148 17 1921 1
281 25 148 17 1921 1
282 37 148 17 1921 1
283 49 148 17 1921 1
284 14 143 4 294 1
285 9 122 10 1487 1
286 17 122 10 1487 1
287 25 122 10 1487 1
288 33 122 10 1487 1
289 41 122 10 1487 1
290 49 122 10 1487 1
291 57 122 10 1487 1
292 8 121 10 1810 1
293 8 140 12 920 1
294 15 140 12 920 1
295 22 140 12 920 1
296 9 147 10 1989 1
297 17 147 10 1989 1
298 8 138 14 2346 1
299 7 142 12 1956 1
300 9 134 12 1892 1
301 9 140 14 2658 1
302 17 140 14 2658 1
303 16 141 17 1361 1
304 10 138 11 2217 1
305 19 138 11 2217 1
306 28 138 11 2217 1
307 37 138 11 2217 1
308 8 149 10 1224 1
309 15 149 10 1224 1
310 22 149 10 1224 1
311 29 149 10 1224 1
312 7 135 14 2100 1
313 8 148 13 1209 1
314 9 146 15 1753 1
315 17 146 15 1753 1
316 10 135 10 1692 1
317 13 137 15 2910 1
318 11 144 4 419 1
319 21 144 4 419 1
320 31 144 4 419 1
321 12 116 7 875 1
322 3 122 9 989 1
323 8 137 14 1168 1
324 15 137 14 1168 1
325 8 102 8 1164 1
326 8 116 8 873 1
327 15 116 8 873 1
328 22 116 8 873 1
329 11 149 11 1958 1
330 21 149 11 1958 1
331 31 149 11 1958 1
332 9 121 11 713 1
333 17 121 11 713 1
334 9 143 9 1029 1
335 8 102 7 434 1
336 19 139 11 2038 1
337 37 139 11 2038 1
338 55 139 11 2038 1
339 73 139 11 2038 1
340 91 139 11 2038 1
341 8 133 15 1982 1
342 17 147 10 1289 1
343 33 147 10 1289 1
344 9 121 13 1768 1
345 16 140 19 3115 1
346 10 148 7 710 1
347 9 149 10 2037 1
348 9 137 17 3290 1
349 8 122 7 750 1
350 15 122 7 750 1
351 9 149 13 2321 1
352 8 139 13 2485 1
353 15 139 13 2485 1
354 22 139 13 2485 1
355 29 139 13 2485 1
356 36 139 13 2485 1
357 2 115 10 1127 1
358 3 115 10 1127 1
359 4 115 10 1127 1
360 13 142 8 577 1
361 9 125 11 1027 1
362 17 125 11 1027 1
363 5 102 11 1069 1
364 9 102 11 1069 1
365 8 137 9 1690 1
366 9 108 12 1813 1
367 17 108 12 1813 1
368 14 144 15 1228 1
369 12 142 10 860 1
370 8 113 6 730 1
371 9 137 10 1981 1
372 17 137 10 1981 1
373 25 137 10 1981 1
374 33 137 10 1981 1
375 9 149 11 2149 1
376 17 149 11 2149 1
377 25 149 11 2149 1
378 33 149 11 2149 1
379 17 147 17 3003 1
380 10 116 8 944 1
381 6 136 10 1267 1
382 11 136 10 1267 1
383 8 134 6 826 1
384 9 133 13 2405 1
385 11 113 9 687 1
386 21 113 9 687 1
387 31 113 9 687 1
388 41 113 9 687 1
389 20 109 6 669 1
390 13 143 12 2085 1
391 9 116 9 870 1
392 10 121 11 732 1
393 19 121 11 732 1
394 28 121 11 732 1
395 8 139 17 1456 1
396 15 139 17 1456 1
397 22 139 17 1456 1
398 19 124 13 2416 1
399 20 121 11 1184 1
400 10 142 9 1217 1
401 8 144 15 2286 1
402 9 140 15 1403 1
403 13 147 15 2271 1
404 25 147 15 2271 1
405 9 145 8 1671 1
406 17 145 8 1671 1
407 25 145 8 1671 1
408 33 145 8 1671 1
409 41 145 8 1671 1
410 6 147 9 1188 1
411 11 147 9 1188 1
412 9 149 16 2052 1
413 17 149 16 2052 1
414 25 149 16 2052 1
415 7 134 12 1041 1
416 8 121 8 509 1
417 9 147 18 2419 1
418 17 147 18 2419 1
419 25 147 18 2419 1
420 33 147 18 2419 1
421 9 135 11 1080 1
422 8 141 2 406 1
423 15 141 2 406 1
424 8 116 11 904 1
425 9 148 11 2337 1
426 6 108 12 1057 1
427 11 108 12 1057 1
428 8 133 13 1430 1
429 15 133 13 1430 1
430 9 113 11 1314 1
431 17 113 11 1314 1
432 21 175 16 3313 1
433 47 177 10 1204 1
434 13 160 11 1041 1
435 23 169 11 2029 1
436 6 165 4 697 1
437 30 151 10 837 1
438 9 163 18 2691 1
439 17 163 18 2691 1
440 28 164 16 3197 1
441 24 160 15 1796 1
442 23 154 18 2026 1
443 17 173 9 1060 1
444 15 172 13 1682 1
445 29 159 6 550 1
446 23 181 11 1299 1
447 3 180 9 1322 1
448 9 159 11 2400 1
449 29 183 17 2111 1
450 15 174 17 3698 1
451 2 165 15 1780 1
452 8 159 12 2408 1
453 14 178 8 2031 1
454 27 178 8 2031 1
455 12 171 12 1896 1
456 35 151 12 2580 1
457 16 172 8 1567 1
458 10 177 8 2045 1
459 8 155 10 1834 1
460 9 163 11 969 1
461 23 168 9 1255 1
462 40 183 14 2213 1
463 22 162 11 1432 1
464 29 175 28 6398 1
465 9 182 13 1741 1
466 9 152 12 2704 1
467 8 174 12 2920 1
468 15 174 12 2920 1
469 8 178 7 718 1
470 28 173 13 1789 1
471 17 172 10 1249 1
472 16 179 18 1617 1
473 19 150 10 2102 1
474 28 173 12 2295 1
475 55 173 12 2295 1
476 32 165 11 1261 1
477 83 179 21 5235 1
478 24 154 14 2027 1
479 24 168 1 157 1
480 47 168 1 157 1
481 43 176 14 2830 1
482 8 165 15 1509 1
483 15 165 15 1509 1
484 7 171 11 2749 1
485 23 174 13 1180 1
486 23 171 6 652 1
487 8 160 9 1377 1
488 34 152 11 2426 1
489 24 180 16 3518 1
490 47 180 16 3518 1
491 2 168 10 1328 1
492 21 182 9 1707 1
493 38 180 11 2056 1
494 19 163 26 4663 1
495 27 167 9 1941 1
496 23 176 12 2628 1
497 22 150 10 1160 1
498 14 183 13 3194 1
499 9 183 14 3713 1
500 2 151 7 1138 1
501 15 183 16 4223 1
502 22 179 15 1960 1
503 31 155 9 755 1
504 26 158 1 206 1
505 14 158 14 2105 1
506 130 169 13 2762 1
507 10 183 13 1746 1
508 44 172 12 1540 1
509 87 172 12 1540 1
510 23 150 10 1247 1
511 45 150 10 1247 1
512 16 155 17 2593 1
513 23 179 17 1865 1
514 43 152 14 1975 1
515 28 171 12 1108 1
516 10 175 25 4879 1
517 19 175 25 4879 1
518 17 182 15 3269 1
519 46 167 10 1109 1
520 9 151 4 781 1
521 10 177 15 1346 1
522 22 151 20 3803 1
523 24 175 7 1357 1
524 18 171 10 1532 1
525 7 165 14 2304 1
526 13 165 14 2304 1
527 38 169 7 1103 1
528 16 178 8 713 1
529 29 168 10 2077 1
530 8 164 4 573 1
531 16 150 15 1288 1
532 9 168 17 4079 1
533 16 155 8 1274 1
534 8 180 13 3449 1
535 22 163 7 1679 1
536 44 159 6 534 1
537 29 159 7 1427 1
538 24 154 12 2719 1
539 47 154 12 2719 1
540 9 155 10 1576 1
541 17 155 10 1576 1
542 54 158 10 2016 1
543 46 178 12 2732 1
544 32 176 7 1031 1
545 16 161 9 1362 1
546 23 165 19 2914 1
547 9 163 7 1138 1
548 22 178 6 1179 1
549 24 161 11 2539 1
550 47 161 11 2539 1
551 32 180 12 2185 1
552 63 180 12 2185 1
553 43 171 12 2811 1
554 37 177 19 3975 1
555 23 175 14 1245 1
556 45 175 14 1245 1
557 28 162 7 666 1
558 55 162 7 666 1
559 8 150 14 1191 1
560 8 154 8 1562 1
561 14 180 15 1608 1
562 27 180 15 1608 1
563 21 183 20 2597 1
564 41 183 20 2597 1
565 61 183 20 2597 1
566 21 174 14 3642 1
567 9 155 6 915 1
568 17 155 6 915 1
569 25 155 6 915 1
570 21 155 10 1052 1
571 2 158 9 2045 1
572 42 173 5 1195 1
573 31 164 14 2317 1
574 8 181 13 2574 1
575 23 160 7 1150 1
576 30 160 15 2688 1
577 21 183 13 3547 1
578 28 180 15 1800 1
579 55 180 15 1800 1
580 82 180 15 1800 1
581 23 152 9 1250 1
582 31 179 17 1833 1
583 9 180 1 153 1
584 34 169 5 962 1
585 23 159 4 706 1
586 27 173 7 1014 1
587 26 181 15 4013 1
588 43 151 5 384 1
589 35 183 4 388 1
590 32 174 12 3034 1
591 15 163 7 1212 1
592 7 174 6 1009 1
593 41 155 15 1474 1
594 27 158 9 1802 1
595 22 152 10 1316 1
596 26 177 27 2651 1
597 40 183 18 2627 1
598 8 182 13 1526 1
599 15 182 13 1526 1
600 16 167 16 3092 1
601 31 167 16 3092 1
602 21 181 10 1858 1
603 15 171 22 2885 1
604 29 171 22 2885 1
605 15 175 14 2854 1
606 29 175 14 2854 1
607 10 175 6 1171 1
608 20 152 18 2303 1
609 26 161 13 1371 1
610 51 161 13 1371 1
611 12 171 14 2942 1
612 14 161 9 975 1
613 34 154 9 1190 1
614 16 163 8 1624 1
615 43 176 11 2246 1
616 29 159 13 2186 1
617 16 180 15 3215 1
618 31 180 15 3215 1
619 11 160 12 2047 1
620 20 174 13 2382 1
621 39 174 13 2382 1
622 34 159 7 1613 1
623 43 158 6 961 1
624 44 171 11 2754 1
625 25 165 12 2775 1
626 8 158 15 3231 1
627 15 158 15 3231 1
628 29 179 17 2284 1
629 13 180 8 2150 1
630 25 180 8 2150 1
631 13 180 12 1715 1
632 8 173 12 1645 1
633 8 171 11 1520 1
634 24 197 14 2270 1
635 32 192 15 3513 1
636 15 213 19 2342 1
637 22 185 11 2931 1
638 43 185 11 2931 1
639 31 198 5 556 1
640 58 194 10 1315 1
641 20 227 11 1568 1
642 29 220 11 2520 1
643 35 220 14 3579 1
644 23 208 18 4818 1
645 56 216 6 1244 1
646 8 232 11 3358 1
647 15 213 13 3783 1
648 52 222 3 781 1
649 38 213 10 1876 1
650 23 229 12 3457 1
651 5 210 15 2400 1
652 29 218 19 5986 1
653 29 184 13 1354 1
654 20 211 17 4535 1
655 2 213 16 3250 1
656 42 222 13 2899 1
657 23 196 9 1853 1
658 5 189 1 252 1
659 24 188 7 712 1
660 47 188 7 712 1
661 35 212 17 3136 1
662 13 228 13 1602 1
663 23 194 11 2134 1
664 1 195 8 2002 1
665 23 211 20 4596 1
666 45 211 20 4596 1
667 27 196 7 1027 1
668 53 196 7 1027 1
669 34 217 19 4457 1
670 36 192 8 1057 1
671 29 186 8 1220 1
672 30 220 15 3353 1
673 8 231 11 2099 1
674 17 195 12 3110 1
675 23 218 17 4398 1
676 23 211 11 2057 1
677 36 197 7 1867 1
678 78 223 9 2401 1
679 22 220 10 1488 1
680 16 221 13 3843 1
681 23 189 13 2867 1
682 23 191 11 2352 1
683 22 213 14 3263 1
684 43 213 14 3263 1
685 64 213 14 3263 1
686 30 208 11 1537 1
687 26 192 4 462 1
688 51 192 4 462 1
689 23 186 9 2376 1
690 8 192 8 2289 1
691 16 218 6 758 1
692 35 208 13 2931 1
693 26 217 12 3738 1
694 30 209 16 4766 1
695 23 217 7 2144 1
696 8 218 13 1997 1
697 20 220 5 927 1
698 37 231 20 3718 1
699 11 227 13 2676 1
700 19 194 6 1543 1
701 21 200 13 3617 1
702 23 209 8 1587 1
703 22 192 14 3866 1
704 33 197 10 1334 1
705 24 210 13 1914 1
706 47 210 13 1914 1
707 70 210 13 1914 1
708 93 210 13 1914 1
709 116 210 13 1914 1
710 21 229 11 2748 1
711 21 232 10 2413 1
712 41 232 10 2413 1
713 61 232 10 2413 1
714 81 232 10 2413 1
715 101 232 10 2413 1
716 86 208 13 2742 1
717 9 223 13 3002 1
718 35 189 8 1937 1
719 24 213 12 2008 1
720 22 217 11 3366 1
721 29 212 8 2453 1
722 57 212 8 2453 1
723 15 213 9 2843 1
724 25 184 16 3844 1
725 25 213 6 810 1
726 120 189 9 2426 1
727 40 213 17 5016 1
728 79 213 17 5016 1
729 7 227 20 5693 1
730 9 229 15 3912 1
731 6 200 12 3421 1
732 15 220 19 3906 1
733 29 220 19 3906 1
734 29 188 11 1294 1
735 57 188 11 1294 1
736 39 232 3 826 1
737 6 189 11 1443 1
738 23 196 13 1276 1
739 22 200 9 1888 1
740 37 231 7 1116 1
741 16 209 10 1874 1
742 37 217 13 1677 1
743 10 229 17 4165 1
744 35 231 12 3642 1
745 25 211 6 1541 1
746 7 216 13 2204 1
747 13 216 13 2204 1
748 46 216 15 2556 1
749 36 217 21 3261 1
750 30 209 20 2422 1
751 34 202 18 3744 1
752 67 202 18 3744 1
753 8 223 13 3383 1
754 14 217 24 6576 1
755 23 197 11 2532 1
756 29 212 21 6409 1
757 1 211 9 2457 1
758 11 208 18 4435 1
759 21 208 18 4435 1
760 29 195 9 1005 1
761 24 218 15 4231 1
762 19 232 15 4868 1
763 9 188 9 2295 1
764 17 188 9 2295 1
765 25 188 9 2295 1
766 30 209 15 4631 1
767 46 216 4 764 1
768 91 216 4 764 1
769 16 228 8 2701 1
770 59 192 8 1646 1
771 9 199 15 2757 1
772 38 186 7 1071 1
773 34 213 14 2095 1
774 67 213 14 2095 1
775 42 263 13 1849 1
776 45 269 18 6255 1
777 89 269 18 6255 1
778 133 269 18 6255 1
779 177 269 18 6255 1
780 38 285 14 4929 1
781 75 264 12 1798 1
782 21 241 18 2660 1
783 50 269 19 3387 1
784 20 265 13 5124 1
785 53 266 7 2776 1
786 59 247 18 6138 1
787 44 277 12 2012 1
788 87 277 12 2012 1
789 37 259 7 1301 1
790 45 294 16 6534 1
791 100 247 12 3937 1
792 43 295 20 6531 1
793 85 295 20 6531 1
794 47 265 20 7703 1
795 93 265 20 7703 1
796 37 287 21 6922 1
797 73 287 21 6922 1
798 44 270 15 2893 1
799 87 270 15 2893 1
800 61 267 11 4165 1
801 37 285 12 3810 1
802 25 261 10 1763 1
803 41 271 7 1385 1
804 81 271 7 1385 1
805 121 271 7 1385 1
806 43 278 13 2689 1
807 43 263 16 2712 1
808 85 263 16 2712 1
809 127 263 16 2712 1
810 44 292 23 8161 1
811 87 292 23 8161 1
812 53 241 15 3552 1
813 105 241 15 3552 1
814 44 260 14 2421 1
815 37 295 18 7309 1
816 43 263 13 2670 1
817 42 295 14 6186 1
818 70 287 12 4870 1
819 42 270 23 6165 1
820 47 279 13 3020 1
821 84 255 22 3760 1
822 8 296 24 6591 1
823 42 296 20 6595 1
824 43 239 16 2300 1
825 85 239 16 2300 1
826 45 264 17 6627 1
827 37 278 37 5961 1
828 42 260 19 2865 1
829 50 256 17 5940 1
830 43 280 27 6976 1
831 46 262 23 7188 1
832 43 292 20 5534 1
833 85 292 20 5534 1
834 127 292 20 5534 1
835 44 290 18 7450 1
836 87 290 18 7450 1
837 130 290 18 7450 1
838 173 290 18 7450 1
839 44 264 20 4492 1
840 35 280 9 1636 1
841 15 276 30 6321 1
842 35 281 15 2749 1
843 69 281 15 2749 1
844 57 264 34 7900 1
845 68 285 13 2531 1
846 43 250 20 4885 1
847 43 276 10 4031 1
848 42 271 15 3232 1
849 45 282 23 3924 1
850 89 282 23 3924 1
851 133 282 23 3924 1
852 177 282 23 3924 1
853 43 294 16 4439 1
854 85 294 16 4439 1
855 127 294 16 4439 1
856 57 268 14 4209 1
857 113 268 14 4209 1
858 169 268 14 4209 1
859 225 268 14 4209 1
860 64 250 26 6585 1
861 30 294 21 7349 1
862 55 260 26 4194 1
863 109 260 26 4194 1
864 37 283 65 24058 1
865 73 283 65 24058 1
866 44 281 14 2567 1
867 45 295 12 4819 1
868 89 295 12 4819 1
869 65 276 16 5889 1
870 43 281 15 6315 1
871 20 283 13 3962 1
872 39 283 13 3962 1
873 42 262 12 3965 1
874 68 250 13 3257 1
875 43 281 15 4351 1
876 45 264 29 9810 1
877 27 275 13 4865 1
878 53 275 13 4865 1
879 44 267 23 5941 1
880 46 262 12 3053 1
881 30 262 8 2625 1
882 2 276 17 4770 1
883 14 287 11 4066 1
884 32 276 40 10294 1
885 44 294 11 2708 1
886 87 294 11 2708 1
887 15 276 19 4259 1
888 29 276 19 4259 1
889 44 239 14 5014 1
890 44 283 26 9319 1
891 14 279 16 2885 1
892 37 262 13 4879 1
893 47 269 24 4911 1
894 93 269 24 4911 1
895 43 281 12 2952 1
896 85 281 12 2952 1
897 44 282 19 6291 1
898 87 282 19 6291 1
899 43 281 29 6315 1
900 56 270 12 2253 1
901 111 270 12 2253 1
902 166 270 12 2253 1
903 221 270 12 2253 1
904 61 271 18 6122 1
905 44 264 21 7358 1
906 65 260 12 2735 1
907 56 285 10 2926 1
908 111 285 10 2926 1
909 166 285 10 2926 1
910 43 270 17 3393 1
911 43 282 23 3903 1
912 46 282 14 2580 1
913 43 283 10 2069 1
914 55 279 6 1325 1
915 63 296 14 3002 1
916 42 255 8 2455 1
917 83 255 8 2455 1
918 57 287 24 8166 1
919 76 292 17 7189 1
920 43 250 16 4542 1
921 85 250 16 4542 1
922 127 250 16 4542 1
923 169 250 16 4542 1
924 43 262 43 11044 1
925 37 295 6 2520 1
926 50 281 9 2576 1
927 37 292 17 5631 1
928 41 277 20 3503 1
929 81 277 20 3503 1
930 37 279 8 1680 1
931 42 247 17 5770 1
932 45 263 18 4851 1
933 89 263 18 4851 1
934 50 281 21 8509 1
935 45 301 8 1884 1
936 44 304 18 7346 1
937 54 333 13 5270 1
938 44 329 14 6475 1
939 40 347 29 7319 1
940 1 336 24 9428 1
941 48 332 19 8166 1
942 50 304 8 1671 1
943 43 305 18 5819 1
944 85 305 18 5819 1
945 111 340 14 2991 1
946 261 329 15 5012 1
947 44 319 15 3739 1
948 44 302 20 3089 1
949 87 302 20 3089 1
950 130 302 20 3089 1
951 52 305 17 2712 1
952 46 319 45 13095 1
953 91 319 45 13095 1
954 136 319 45 13095 1
955 42 324 27 8003 1
956 83 324 27 8003 1
957 124 324 27 8003 1
958 43 329 14 3036 1
959 81 347 35 15661 1
960 51 340 18 5508 1
961 44 305 14 5283 1
962 87 305 14 5283 1
963 43 325 22 6137 1
964 57 316 13 2210 1
965 56 347 16 3624 1
966 64 329 19 4213 1
967 44 337 16 7385 1
968 51 332 30 10800 1
969 84 335 17 5909 1
970 17 306 13 4580 1
971 5 347 29 11464 1
972 9 347 29 11464 1
973 101 325 17 5843 1
974 201 325 17 5843 1
975 43 319 21 8399 1
976 85 319 21 8399 1
977 127 319 21 8399 1
978 40 321 21 6138 1
979 43 340 29 12872 1
980 85 340 29 12872 1
981 127 340 29 12872 1
982 44 316 11 4673 1
983 104 304 12 3955 1
984 58 301 37 6928 1
985 3 306 11 1776 1
986 43 305 31 8580 1
987 85 305 31 8580 1
988 57 306 22 7642 1
989 33 333 19 3424 1
990 42 333 22 8952 1
991 50 329 28 8493 1
992 49 321 8 2992 1
993 50 305 23 5269 1
994 115 323 20 8295 1
995 5 304 43 6825 1
996 48 334 28 7917 1
997 14 321 30 9842 1
998 47 321 24 7968 1
999 51 319 17 3090 1
1000 101 319 17 3090 1
1001 151 319 17 3090 1
1002 39 340 19 4724 1
1003 84 329 11 3871 1
1004 167 329 11 3871 1
1005 44 304 18 3247 1
1006 45 304 21 5469 1
1007 107 335 16 2754 1
1008 46 334 10 2545 1
1009 57 329 9 3005 1
1010 43 337 22 8731 1
1011 57 323 27 12446 1
1012 43 305 37 12347 1
1013 85 305 37 12347 1
1014 37 332 30 9979 1
1015 73 332 30 9979 1
1016 58 321 15 4011 1
1017 43 301 34 6393 1
1018 43 321 20 4889 1
1019 20 319 17 5837 1
1020 36 347 23 11235 1
1021 56 319 13 4272 1
1022 43 332 20 9251 1
1023 11 335 11 5196 1
1024 21 335 11 5196 1
1025 205 366 36 14528 1
1026 2 350 22 6886 1
1027 123 350 9 3106 1
1028 113 366 211 50282 1
1029 6 367 28 5143 1
1030 50 364 46 10782 1
1031 113 364 11 5270 1
1032 7 366 27 12348 1
1033 47 366 40 7387 1
1034 11 350 106 34045 1
1035 58 364 14 5068 1
1036 137 367 47 18620 1
1037 60 364 36 14494 1
26
500 500 500 500 500 500 500 500 500 500 500 500 500 500 500 500 500 500 500 500 500 500 500 500 500 500 