1037
1 4 75 1 41 1
2 7 75 1 41 1
3 10 75 1 41 1
4 13 75 1 41 1
5 16 75 1 41 1
6 19 75 1 41 1
7 22 75 1 41 1
8 25 75 1 41 1
9 35 100 2 129 1
10 3 75 8 461 1
11 5 75 8 461 1
12 7 75 8 461 1
13 9 75 8 461 1
14 12 85 2 187 1
15 32 99 4 207 1
16 3 75 1 94 1
17 5 75 1 94 1
18 4 85 4 469 1
19 4 99 3 373 1
20 2 75 2 97 1
21 20 100 8 951 1
22 39 100 8 951 1
23 3 100 31 4451 1
24 5 100 31 4451 1
25 3 75 3 249 1
26 5 75 3 249 1
27 7 75 3 249 1
28 9 75 3 249 1
29 1 85 1 122 1
30 1 85 1 122 1
31 9 99 9 1242 1
32 4 100 4 318 1
33 2 99 3 394 1
34 10 100 3 410 1
35 3 75 4 320 1
36 5 75 4 320 1
37 7 75 4 320 1
38 9 75 4 320 1
39 11 75 4 320 1
40 13 75 4 320 1
41 15 75 4 320 1
42 17 75 4 320 1
43 3 100 6 607 1
44 5 100 6 607 1
45 7 100 6 607 1
46 5 85 3 352 1
47 3 75 1 74 1
48 5 75 1 74 1
49 7 75 1 74 1
50 5 85 3 331 1
51 40 99 5 470 1
52 5 100 2 186 1
53 9 100 2 186 1
54 3 99 1 100 1
55 40 99 6 739 1
56 79 99 6 739 1
57 118 99 6 739 1
58 3 100 3 294 1
59 15 85 3 240 1
60 29 85 3 240 1
61 11 100 2 292 1
62 8 149 21 1634 1
63 8 149 9 1090 1
64 8 124 8 593 1
65 142 147 9 1826 1
66 12 124 7 886 1
67 23 124 7 886 1
68 8 147 6 1235 1
69 20 130 12 2219 1
70 39 130 12 2219 1
71 58 130 12 2219 1
72 77 130 12 2219 1
73 8 121 8 772 1
74 15 121 8 772 1
75 22 121 8 772 1
76 14 125 9 1457 1
77 8 141 14 2663 1
78 8 109 7 819 1
79 9 137 18 2651 1
80 17 137 18 2651 1
81 25 137 18 2651 1
82 33 137 18 2651 1
83 14 133 10 1820 1
84 27 133 10 1820 1
85 40 133 10 1820 1
86 53 133 10 1820 1
87 9 115 11 1606 1
88 9 109 8 670 1
89 12 109 10 1069 1
90 7 137 11 767 1
91 9 143 13 1773 1
92 17 143 13 1773 1
93 13 149 15 2216 1
94 9 148 13 1678 1
95 17 148 13 1678 1
96 19 142 12 1077 1
97 21 146 6 737 1
98 41 146 6 737 1
99 61 146 6 737 1
100 81 146 6 737 1
101 8 145 16 2945 1
102 8 142 12 1623 1
103 9 130 11 1024 1
104 8 145 14 1585 1
105 15 145 14 1585 1
106 22 145 14 1585 1
107 29 145 14 1585 1
108 8 140 13 1419 1
109 9 142 15 2422 1
110 9 149 5 877 1
111 12 144 14 1502 1
112 3 109 6 901 1
113 5 109 6 901 1
114 7 109 6 901 1
115 20 134 6 1127 1
116 9 140 10 725 1
117 17 140 10 725 1
118 8 116 8 907 1
119 7 140 15 1766 1
120 13 140 15 1766 1
121 19 140 15 1766 1
122 25 140 15 1766 1
123 31 140 15 1766 1
124 10 124 5 741 1
125 10 130 11 1279 1
126 19 130 11 1279 1
127 9 125 12 1109 1
128 17 125 12 1109 1
129 25 125 12 1109 1
130 33 125 12 1109 1
131 41 125 12 1109 1
132 9 122 7 969 1
133 14 138 18 2150 1
134 25 135 14 2511 1
135 8 144 12 1830 1
136 15 144 12 1830 1
137 22 144 12 1830 1
138 25 149 8 1671 1
139 23 148 12 1227 1
140 45 148 12 1227 1
141 8 125 10 1232 1
142 15 125 10 1232 1
143 9 130 7 1113 1
144 17 141 11 1316 1
145 8 149 16 2815 1
146 8 125 11 1683 1
147 15 125 11 1683 1
148 9 115 9 564 1
149 17 115 9 564 1
150 25 115 9 564 1
151 22 143 13 1454 1
152 43 143 13 1454 1
153 13 140 14 1407 1
154 14 121 11 1045 1
155 27 121 11 1045 1
156 40 121 11 1045 1
157 53 121 11 1045 1
158 8 133 13 2135 1
159 15 133 13 2135 1
160 7 124 13 1016 1
161 18 142 17 1793 1
162 9 136 13 1320 1
163 17 136 13 1320 1
164 9 113 9 765 1
165 17 113 9 765 1
166 10 124 15 1238 1
167 19 124 15 1238 1
168 28 124 15 1238 1
169 37 124 15 1238 1
170 46 124 15 1238 1
171 55 124 15 1238 1
172 64 124 15 1238 1
173 73 124 15 1238 1
174 2 141 12 1394 1
175 19 116 11 1115 1
176 37 116 11 1115 1
177 55 116 11 1115 1
178 73 116 11 1115 1
179 9 143 16 1473 1
180 36 109 11 1510 1
181 18 138 5 830 1
182 9 116 10 1426 1
183 17 116 10 1426 1
184 14 121 12 867 1
185 2 136 12 1501 1
186 14 108 8 1226 1
187 208 102 10 1220 1
188 11 144 11 1381 1
189 9 133 10 1821 1
190 17 133 10 1821 1
191 25 133 10 1821 1
192 33 133 10 1821 1
193 41 133 10 1821 1
194 49 133 10 1821 1
195 57 133 10 1821 1
196 65 133 10 1821 1
197 9 147 17 3200 1
198 17 137 12 2296 1
199 10 148 10 858 1
200 19 148 10 858 1
201 16 124 16 2225 1
202 9 141 9 1230 1
203 8 109 5 501 1
204 4 137 11 2253 1
205 8 109 9 1421 1
206 15 109 9 1421 1
207 22 109 9 1421 1
208 29 109 9 1421 1
209 36 109 9 1421 1
210 43 109 9 1421 1
211 13 133 12 1450 1
212 25 133 12 1450 1
213 23 108 6 662 1
214 45 108 6 662 1
215 9 138 15 1146 1
216 9 148 16 1310 1
217 10 139 9 942 1
218 19 139 9 942 1
219 28 139 9 942 1
220 19 141 11 1297 1
221 8 113 14 2229 1
222 9 137 6 909 1
223 17 137 6 909 1
224 25 137 6 909 1
225 8 143 8 889 1
226 7 133 6 526 1
227 9 116 13 934 1
228 17 116 13 934 1
229 25 116 13 934 1
230 9 124 11 1401 1
231 17 124 11 1401 1
232 25 124 11 1401 1
233 33 124 11 1401 1
234 41 124 11 1401 1
235 49 124 11 1401 1
236 9 122 8 1288 1
237 17 122 8 1288 1
238 25 122 8 1288 1
239 12 146 18 3384 1
240 17 125 9 1672 1
241 9 136 13 1512 1
242 6 124 12 2087 1
243 11 124 12 2087 1
244 16 124 12 2087 1
245 8 133 13 2358 1
246 12 135 13 2205 1
247 23 135 13 2205 1
248 19 125 12 1637 1
249 37 125 12 1637 1
250 55 125 12 1637 1
251 11 115 13 933 1
252 11 133 4 474 1
253 10 102 5 552 1
254 19 102 5 552 1
255 11 148 17 3245 1
256 21 108 6 762 1
257 8 121 14 1843 1
258 15 121 14 1843 1
259 9 121 14 2305 1
260 17 121 14 2305 1
261 25 121 14 2305 1
262 33 121 14 2305 1
263 34 135 18 2358 1
264 16 136 7 1166 1
265 31 136 7 1166 1
266 46 136 7 1166 1
267 61 136 7 1166 1
268 9 121 9 1513 1
269 17 121 9 1513 1
270 11 108 8 841 1
271 9 125 10 805 1
272 17 125 10 805 1
273 19 136 11 1379 1
274 37 136 11 1379 1
275 55 136 11 1379 1
276 73 136 11 1379 1
277 12 139 12 1139 1
278 23 139 12 1139 1
279 34 139 12 1139 1
280 12 124 9 588 1
281 12 130 9 612 1
282 23 130 9 612 1
283 34 130 9 612 1
284 45 130 9 612 1
285 10 113 11 1619 1
286 12 149 9 822 1
287 23 149 9 822 1
288 28 113 7 477 1
289 10 122 9 1248 1
290 12 139 12 2401 1
291 23 139 12 2401 1
292 10 133 7 648 1
293 19 133 7 648 1
294 7 124 7 1292 1
295 16 130 9 1199 1
296 9 142 16 2825 1
297 225 141 16 2921 1
298 7 141 13 1849 1
299 13 139 12 1063 1
300 25 139 12 1063 1
301 8 124 19 1806 1
302 12 102 6 351 1
303 9 141 11 1763 1
304 13 149 17 2364 1
305 14 116 11 806 1
306 27 116 11 806 1
307 40 116 11 806 1
308 14 145 10 1143 1
309 27 145 10 1143 1
310 40 145 10 1143 1
311 8 147 16 3438 1
312 9 102 11 1298 1
313 17 102 11 1298 1
314 25 102 11 1298 1
315 33 102 11 1298 1
316 41 102 11 1298 1
317 20 121 7 848 1
318 39 121 7 848 1
319 8 115 10 1595 1
320 15 115 10 1595 1
321 22 115 10 1595 1
322 29 115 10 1595 1
323 36 115 10 1595 1
324 43 115 10 1595 1
325 5 102 5 273 1
326 8 144 12 2422 1
327 15 144 12 2422 1
328 22 144 12 2422 1
329 9 122 9 1555 1
330 17 122 9 1555 1
331 7 115 12 1952 1
332 13 115 12 1952 1
333 19 115 12 1952 1
334 9 138 9 1424 1
335 9 115 13 1546 1
336 7 122 11 1551 1
337 8 125 11 1107 1
338 15 125 11 1107 1
339 18 143 13 2424 1
340 35 143 13 2424 1
341 13 146 5 452 1
342 25 146 5 452 1
343 37 146 5 452 1
344 49 146 5 452 1
345 8 141 8 828 1
346 8 124 10 1737 1
347 38 135 9 1118 1
348 9 108 8 1237 1
349 17 108 8 1237 1
350 25 108 8 1237 1
351 10 147 10 849 1
352 19 147 10 849 1
353 14 135 10 1389 1
354 27 135 10 1389 1
355 9 147 11 2391 1
356 17 147 11 2391 1
357 25 147 11 2391 1
358 33 147 11 2391 1
359 41 147 11 2391 1
360 8 140 11 802 1
361 8 146 13 1705 1
362 15 146 13 1705 1
363 11 121 14 2231 1
364 21 121 14 2231 1
365 22 138 10 1337 1
366 43 138 10 1337 1
367 8 140 8 760 1
368 15 140 8 760 1
369 10 147 16 2274 1
370 19 147 16 2274 1
371 9 124 7 515 1
372 13 134 9 1423 1
373 25 134 9 1423 1
374 33 108 6 505 1
375 8 142 9 990 1
376 15 142 9 990 1
377 22 142 9 990 1
378 29 142 9 990 1
379 36 142 9 990 1
380 43 142 9 990 1
381 50 142 9 990 1
382 57 142 9 990 1
383 64 142 9 990 1
384 7 115 8 1123 1
385 13 115 8 1123 1
386 12 143 14 2642 1
387 23 143 14 2642 1
388 34 143 14 2642 1
389 45 143 14 2642 1
390 56 143 14 2642 1
391 8 134 15 1260 1
392 15 134 15 1260 1
393 22 134 15 1260 1
394 9 142 7 1284 1
395 17 142 7 1284 1
396 25 142 7 1284 1
397 7 142 11 1735 1
398 13 142 11 1735 1
399 8 143 15 2823 1
400 15 143 15 2823 1
401 22 143 15 2823 1
402 29 143 15 2823 1
403 8 136 12 2218 1
404 15 136 12 2218 1
405 22 136 12 2218 1
406 29 136 12 2218 1
407 36 136 12 2218 1
408 43 136 12 2218 1
409 8 130 10 823 1
410 15 130 10 823 1
411 22 130 10 823 1
412 29 130 10 823 1
413 36 130 10 823 1
414 9 149 15 2656 1
415 17 149 15 2656 1
416 25 149 15 2656 1
417 39 109 10 879 1
418 77 109 10 879 1
419 18 124 8 535 1
420 9 138 18 1458 1
421 17 138 18 1458 1
422 25 138 18 1458 1
423 33 138 18 1458 1
424 41 138 18 1458 1
425 49 138 18 1458 1
426 57 138 18 1458 1
427 65 138 18 1458 1
428 73 138 18 1458 1
429 20 115 8 1156 1
430 9 143 14 1658 1
431 13 115 6 448 1
432 9 182 8 1216 1
433 9 167 12 2069 1
434 8 177 17 4122 1
435 16 178 13 1559 1
436 17 159 14 2866 1
437 22 173 14 1877 1
438 28 170 7 600 1
439 16 183 11 2675 1
440 14 164 12 1961 1
441 9 154 8 1091 1
442 22 162 2 396 1
443 32 154 13 2441 1
444 21 150 9 1048 1
445 9 155 8 1678 1
446 23 177 9 989 1
447 45 161 12 1325 1
448 30 175 14 2415 1
449 59 175 14 2415 1
450 13 158 8 1553 1
451 15 163 22 4255 1
452 24 177 18 1798 1
453 47 177 18 1798 1
454 18 161 19 2419 1
455 35 161 19 2419 1
456 3 158 12 1011 1
457 16 159 16 3307 1
458 31 173 19 2650 1
459 61 173 19 2650 1
460 27 180 14 3114 1
461 8 151 9 1314 1
462 26 175 10 2402 1
463 32 164 10 1037 1
464 63 164 10 1037 1
465 24 159 6 537 1
466 47 159 6 537 1
467 29 171 13 1371 1
468 42 178 9 2164 1
469 9 150 5 877 1
470 17 150 5 877 1
471 20 159 6 571 1
472 11 160 13 1136 1
473 9 180 14 1356 1
474 21 155 12 2080 1
475 26 175 11 1860 1
476 51 175 11 1860 1
477 31 158 4 394 1
478 25 167 10 2439 1
479 49 167 10 2439 1
480 21 161 7 1116 1
481 8 177 13 3000 1
482 15 177 13 3000 1
483 34 179 17 3812 1
484 9 167 15 3701 1
485 12 174 5 913 1
486 9 181 12 3237 1
487 8 150 9 1794 1
488 15 150 9 1794 1
489 16 174 11 2431 1
490 31 174 11 2431 1
491 22 175 13 2258 1
492 29 183 11 2842 1
493 12 179 8 889 1
494 30 154 14 2379 1
495 23 177 7 793 1
496 24 169 9 956 1
497 25 177 12 1438 1
498 21 177 18 2998 1
499 24 175 5 953 1
500 22 178 6 1482 1
501 43 178 6 1482 1
502 43 152 14 2777 1
503 24 162 13 2567 1
504 9 179 24 2268 1
505 17 179 24 2268 1
506 8 170 10 1878 1
507 8 183 17 3319 1
508 2 155 11 1802 1
509 8 159 14 3303 1
510 35 175 13 1598 1
511 9 171 5 582 1
512 8 179 17 2765 1
513 15 179 17 2765 1
514 23 173 10 1116 1
515 9 162 9 1254 1
516 17 162 9 1254 1
517 25 162 9 1254 1
518 21 162 12 2377 1
519 8 175 14 3675 1
520 42 154 14 1199 1
521 22 177 15 1526 1
522 9 168 10 910 1
523 24 154 7 1509 1
524 47 154 7 1509 1
525 23 165 13 1825 1
526 12 158 14 1471 1
527 28 180 11 2477 1
528 22 163 11 954 1
529 21 172 10 1554 1
530 15 180 11 2823 1
531 8 162 19 3171 1
532 2 181 11 2444 1
533 8 172 15 2354 1
534 43 181 12 1795 1
535 7 155 18 2494 1
536 13 182 7 1455 1
537 11 171 4 653 1
538 21 171 4 653 1
539 31 171 4 653 1
540 41 171 4 653 1
541 42 164 16 2722 1
542 83 164 16 2722 1
543 124 164 16 2722 1
544 8 171 17 3505 1
545 14 173 17 4349 1
546 27 173 17 4349 1
547 21 159 9 1067 1
548 11 176 10 2392 1
549 27 167 5 850 1
550 32 162 9 1015 1
551 63 162 9 1015 1
552 16 167 10 1225 1
553 23 177 19 2592 1
554 43 173 10 2379 1
555 7 151 18 2235 1
556 23 162 12 1776 1
557 9 171 15 3419 1
558 17 171 15 3419 1
559 25 171 15 3419 1
560 12 170 9 956 1
561 27 182 9 2398 1
562 11 161 8 1734 1
563 16 180 12 2433 1
564 31 180 12 2433 1
565 8 175 17 3073 1
566 24 152 18 3723 1
567 125 182 23 6075 1
568 9 179 19 4154 1
569 25 173 11 1640 1
570 21 154 18 2034 1
571 17 158 14 2514 1
572 15 154 13 2187 1
573 29 154 13 2187 1
574 22 162 9 1952 1
575 2 183 20 3342 1
576 29 179 24 3337 1
577 8 169 12 1075 1
578 15 169 12 1075 1
579 19 162 14 1267 1
580 10 177 14 3277 1
581 17 177 8 1815 1
582 10 154 7 1298 1
583 19 154 7 1298 1
584 15 180 10 2675 1
585 10 175 16 4117 1
586 23 163 12 1096 1
587 26 152 15 1770 1
588 17 150 6 1319 1
589 9 158 10 1022 1
590 8 167 12 1967 1
591 15 167 12 1967 1
592 22 167 12 1967 1
593 29 167 12 1967 1
594 8 151 11 1235 1
595 23 163 10 2356 1
596 45 163 10 2356 1
597 15 164 14 3249 1
598 15 182 18 2028 1
599 31 178 15 3820 1
600 9 150 8 730 1
601 20 161 6 1323 1
602 39 161 6 1323 1
603 28 171 1 200 1
604 55 171 1 200 1
605 28 180 11 1449 1
606 20 171 9 1621 1
607 6 164 20 1998 1
608 11 164 20 1998 1
609 90 161 17 3166 1
610 22 183 13 2084 1
611 43 183 13 2084 1
612 64 183 13 2084 1
613 25 159 2 284 1
614 17 160 10 852 1
615 20 163 10 984 1
616 22 161 14 1841 1
617 43 167 20 4686 1
618 8 150 13 2376 1
619 28 179 4 653 1
620 9 182 11 1451 1
621 24 170 13 1786 1
622 10 177 10 1386 1
623 52 172 16 1713 1
624 21 162 10 2352 1
625 39 178 26 5714 1
626 23 158 13 1373 1
627 24 161 5 874 1
628 2 175 12 1253 1
629 11 152 11 1343 1
630 42 170 3 704 1
631 28 162 15 1519 1
632 27 152 13 2547 1
633 53 152 13 2547 1
634 24 195 13 3762 1
635 7 222 10 1355 1
636 110 185 7 1071 1
637 15 211 13 3152 1
638 37 223 9 2091 1
639 23 216 2 282 1
640 30 185 11 2640 1
641 28 199 8 1574 1
642 10 228 21 2615 1
643 19 228 21 2615 1
644 21 220 10 3252 1
645 22 210 11 3130 1
646 38 193 13 1334 1
647 68 192 16 2496 1
648 5 221 10 2046 1
649 29 209 14 3218 1
650 34 194 14 3101 1
651 7 218 10 1213 1
652 35 229 9 1269 1
653 8 227 18 4189 1
654 30 185 10 2697 1
655 26 208 16 3002 1
656 39 188 9 1560 1
657 77 188 9 1560 1
658 30 217 8 1024 1
659 34 196 15 1593 1
660 31 210 12 1674 1
661 9 196 17 3052 1
662 6 196 14 1468 1
663 11 222 13 1657 1
664 21 222 13 1657 1
665 27 188 7 988 1
666 36 189 11 1323 1
667 39 199 10 1827 1
668 9 227 17 2067 1
669 15 228 8 1329 1
670 22 189 14 2547 1
671 28 195 11 2844 1
672 81 189 13 1576 1
673 8 210 16 4892 1
674 44 231 18 3997 1
675 16 186 11 1651 1
676 20 218 12 3000 1
677 39 218 12 3000 1
678 10 193 8 1853 1
679 30 221 19 3386 1
680 41 208 11 2254 1
681 28 197 12 1461 1
682 21 184 9 2262 1
683 16 222 10 2535 1
684 25 209 18 2253 1
685 30 223 7 1289 1
686 59 223 7 1289 1
687 23 211 13 4027 1
688 45 211 13 4027 1
689 67 211 13 4027 1
690 89 211 13 4027 1
691 69 191 16 3646 1
692 23 195 19 4684 1
693 23 213 12 3770 1
694 22 217 32 8078 1
695 9 198 15 2561 1
696 41 209 14 2800 1
697 81 209 14 2800 1
698 20 218 7 2246 1
699 9 209 14 3387 1
700 26 192 14 3272 1
701 22 186 4 901 1
702 24 223 27 3387 1
703 47 223 27 3387 1
704 70 223 27 3387 1
705 40 194 17 3579 1
706 8 209 14 3892 1
707 15 209 14 3892 1
708 21 209 13 1621 1
709 41 209 13 1621 1
710 14 227 14 4366 1
711 9 223 11 3447 1
712 39 209 13 3721 1
713 8 220 15 4683 1
714 35 213 14 2295 1
715 43 231 16 4008 1
716 10 228 16 3901 1
717 23 211 15 4457 1
718 22 186 9 2243 1
719 43 186 9 2243 1
720 64 186 9 2243 1
721 28 229 9 2961 1
722 39 194 14 4010 1
723 16 228 6 1719 1
724 69 199 7 1253 1
725 18 191 20 5599 1
726 15 196 18 5234 1
727 22 221 13 2493 1
728 43 221 13 2493 1
729 64 221 13 2493 1
730 85 221 13 2493 1
731 36 216 11 2199 1
732 30 208 15 3475 1
733 29 191 10 2672 1
734 24 185 12 3026 1
735 24 193 10 2093 1
736 39 192 11 1390 1
737 30 194 11 1262 1
738 16 213 12 3147 1
739 22 222 13 2224 1
740 43 222 13 2224 1
741 16 211 15 4019 1
742 16 209 12 1636 1
743 37 213 13 1658 1
744 9 208 11 2296 1
745 17 208 11 2296 1
746 16 229 11 3316 1
747 91 197 12 2439 1
748 10 212 10 2258 1
749 29 212 7 1659 1
750 9 209 9 2335 1
751 38 229 12 3258 1
752 37 220 4 815 1
753 73 195 10 2044 1
754 30 221 9 1594 1
755 16 213 13 2359 1
756 30 208 12 1972 1
757 17 228 18 4183 1
758 7 194 14 2515 1
759 19 188 6 730 1
760 25 189 8 2119 1
761 34 221 10 3005 1
762 67 221 10 3005 1
763 20 186 12 2297 1
764 23 211 12 3535 1
765 40 195 9 2601 1
766 9 221 14 2944 1
767 32 196 6 1171 1
768 7 218 19 3376 1
769 30 227 5 1563 1
770 21 210 13 4043 1
771 77 200 8 1244 1
772 153 200 8 1244 1
773 8 191 9 1882 1
774 30 192 10 1407 1
775 55 250 15 2843 1
776 51 260 20 6480 1
777 59 277 7 1933 1
778 64 281 8 2962 1
779 42 259 7 1468 1
780 83 259 7 1468 1
781 54 240 10 2857 1
782 95 250 22 6798 1
783 189 250 22 6798 1
784 43 267 19 3676 1
785 85 267 19 3676 1
786 127 267 19 3676 1
787 169 267 19 3676 1
788 211 267 19 3676 1
789 42 285 10 3001 1
790 83 285 10 3001 1
791 124 285 10 3001 1
792 43 250 13 4012 1
793 1 292 17 7151 1
794 7 275 45 12876 1
795 21 266 12 2939 1
796 41 266 12 2939 1
797 61 266 12 2939 1
798 81 266 12 2939 1
799 43 295 23 8372 1
800 85 295 23 8372 1
801 45 271 18 4833 1
802 43 240 13 2077 1
803 44 256 14 3223 1
804 87 256 14 3223 1
805 130 256 14 3223 1
806 173 256 14 3223 1
807 68 276 17 4827 1
808 43 256 10 3655 1
809 51 255 14 3697 1
810 45 261 15 2990 1
811 57 255 18 4689 1
812 113 255 18 4689 1
813 36 271 17 6054 1
814 43 271 20 5233 1
815 54 263 37 13221 1
816 107 263 37 13221 1
817 52 283 14 4445 1
818 103 283 14 4445 1
819 154 283 14 4445 1
820 36 266 13 2398 1
821 38 266 11 2955 1
822 53 277 19 4738 1
823 105 277 19 4738 1
824 28 287 18 3249 1
825 55 287 18 3249 1
826 44 266 12 2671 1
827 87 266 12 2671 1
828 43 260 12 3555 1
829 85 260 12 3555 1
830 127 260 12 3555 1
831 169 260 12 3555 1
832 211 260 12 3555 1
833 253 260 12 3555 1
834 295 260 12 3555 1
835 46 267 14 4565 1
836 50 296 25 9319 1
837 99 296 25 9319 1
838 47 280 10 3436 1
839 64 287 27 8312 1
840 43 265 30 9429 1
841 85 265 30 9429 1
842 127 265 30 9429 1
843 169 265 30 9429 1
844 211 265 30 9429 1
845 37 277 29 5591 1
846 44 260 17 3022 1
847 87 260 17 3022 1
848 130 260 17 3022 1
849 22 296 16 5072 1
850 43 266 7 1074 1
851 44 282 17 6909 1
852 37 275 42 9778 1
853 44 271 8 3087 1
854 87 271 8 3087 1
855 78 259 28 10790 1
856 49 261 31 4550 1
857 50 263 23 5122 1
858 43 239 17 5683 1
859 85 239 17 5683 1
860 44 275 38 11212 1
861 87 275 38 11212 1
862 37 266 26 5536 1
863 42 282 22 8594 1
864 43 265 7 2712 1
865 85 265 7 2712 1
866 43 277 10 2993 1
867 85 277 10 2993 1
868 14 294 15 2698 1
869 43 267 10 2953 1
870 65 290 27 5751 1
871 129 290 27 5751 1
872 44 263 10 2142 1
873 49 241 11 2654 1
874 39 281 18 5916 1
875 50 239 11 2096 1
876 30 294 28 11953 1
877 41 277 11 3794 1
878 43 268 21 3985 1
879 85 268 21 3985 1
880 44 262 21 8209 1
881 46 275 12 3262 1
882 20 270 17 3797 1
883 39 270 17 3797 1
884 58 270 17 3797 1
885 77 270 17 3797 1
886 96 270 17 3797 1
887 115 270 17 3797 1
888 43 294 23 7437 1
889 40 287 27 10139 1
890 38 268 20 3040 1
891 43 267 14 4354 1
892 42 279 24 9177 1
893 43 267 13 3178 1
894 85 267 13 3178 1
895 58 262 13 4300 1
896 115 262 13 4300 1
897 44 290 18 6513 1
898 59 264 12 3027 1
899 43 247 12 3865 1
900 43 269 10 3157 1
901 43 240 9 2736 1
902 23 275 21 5771 1
903 44 290 25 6086 1
904 87 290 25 6086 1
905 96 290 12 4693 1
906 2 296 28 5715 1
907 43 263 18 5791 1
908 42 281 14 4709 1
909 43 247 14 3420 1
910 85 247 14 3420 1
911 28 261 17 5703 1
912 36 279 15 4574 1
913 47 276 11 2704 1
914 93 276 11 2704 1
915 12 285 20 4074 1
916 23 285 20 4074 1
917 34 285 20 4074 1
918 45 285 20 4074 1
919 44 266 13 2431 1
920 87 266 13 2431 1
921 130 266 13 2431 1
922 44 278 20 5567 1
923 25 282 32 6827 1
924 44 294 13 2260 1
925 63 268 8 3023 1
926 43 261 16 5963 1
927 37 267 13 1759 1
928 37 285 7 2650 1
929 50 283 19 7938 1
930 43 277 9 1768 1
931 64 280 27 9605 1
932 36 250 10 3520 1
933 43 250 12 2749 1
934 85 250 12 2749 1
935 49 329 7 2380 1
936 36 305 18 7367 1
937 23 336 28 9047 1
938 48 336 16 6026 1
939 8 323 17 3968 1
940 37 323 45 14589 1
941 44 333 31 9926 1
942 43 319 16 4980 1
943 25 337 30 14811 1
944 50 324 15 5713 1
945 44 319 42 10615 1
946 44 323 16 6134 1
947 63 335 12 6017 1
948 63 347 12 5840 1
949 51 304 24 8323 1
950 15 340 15 5634 1
951 37 325 44 13454 1
952 43 333 31 15043 1
953 36 305 24 6683 1
954 237 302 14 5691 1
955 57 301 31 9156 1
956 41 325 35 6807 1
957 50 300 17 7569 1
958 46 302 29 11820 1
959 74 329 25 11061 1
960 124 335 23 11215 1
961 48 323 20 8694 1
962 171 336 16 6751 1
963 95 347 35 13033 1
964 44 335 22 5158 1
965 43 321 7 1922 1
966 45 329 14 5283 1
967 43 321 18 4972 1
968 64 300 15 2687 1
969 3 319 21 3548 1
970 53 319 23 8630 1
971 122 337 24 5956 1
972 14 325 39 14968 1
973 27 325 39 14968 1
974 4 306 42 11643 1
975 43 336 9 3779 1
976 52 301 12 4817 1
977 63 337 28 8951 1
978 125 337 28 8951 1
979 187 337 28 8951 1
980 42 316 20 3521 1
981 83 316 20 3521 1
982 124 316 20 3521 1
983 50 300 31 7337 1
984 10 340 20 8635 1
985 47 347 30 14309 1
986 43 332 9 2696 1
987 3 324 17 3881 1
988 5 324 17 3881 1
989 49 300 27 4710 1
990 14 325 15 4342 1
991 43 323 23 9154 1
992 93 318 16 5030 1
993 100 336 8 3180 1
994 50 324 19 4113 1
995 44 319 11 2996 1
996 105 300 19 5255 1
997 118 337 96 19100 1
998 132 324 18 4764 1
999 48 332 32 10851 1
1000 50 324 8 3556 1
1001 50 300 26 8099 1
1002 43 336 13 2572 1
1003 85 336 13 2572 1
1004 39 333 14 2780 1
1005 77 333 14 2780 1
1006 41 300 6 2203 1
1007 43 300 24 9976 1
1008 43 323 13 5520 1
1009 43 318 23 10429 1
1010 124 319 19 7398 1
1011 44 321 16 4527 1
1012 87 321 16 4527 1
1013 51 300 19 7247 1
1014 101 300 19 7247 1
1015 53 332 20 7735 1
1016 50 316 13 3862 1
1017 121 304 14 5256 1
1018 57 347 9 2139 1
1019 66 332 23 10310 1
1020 50 300 26 10300 1
1021 58 316 16 5720 1
1022 37 321 38 17769 1
1023 43 302 14 6235 1
1024 57 301 11 3561 1
1025 58 364 14 4234 1
1026 50 364 14 7024 1
1027 48 367 74 15830 1
1028 12 351 32 15766 1
1029 44 349 18 8614 1
1030 16 349 27 6304 1
1031 21 349 231 113198 1
1032 1 364 57 21089 1
1033 7 367 87 37873 1
1034 50 364 21 8532 1
1035 114 364 22 5492 1
1036 42 349 24 10704 1
1037 209 367 9 3895 1
26
500 500 500 500 500 500 500 500 500 500 500 500 500 500 500 500 500 500 500 500 500 500 500 500 500 500 