1037
1 2 99 3 232 1
2 3 99 3 232 1
3 3 100 5 692 1
4 5 100 5 692 1
5 7 100 5 692 1
6 9 100 5 692 1
7 3 75 1 92 1
8 3 75 4 408 1
9 5 75 4 408 1
10 7 75 4 408 1
11 9 75 4 408 1
12 29 75 4 416 1
13 17 100 2 174 1
14 15 100 4 448 1
15 4 75 5 380 1
16 7 75 5 380 1
17 10 75 5 380 1
18 7 99 5 275 1
19 1 99 4 553 1
20 7 99 5 259 1
21 11 100 1 73 1
22 30 85 1 59 1
23 25 100 1 75 1
24 2 100 2 216 1
25 3 100 2 216 1
26 4 100 2 216 1
27 5 100 2 216 1
28 25 100 4 256 1
29 49 100 4 256 1
30 73 100 4 256 1
31 97 100 4 256 1
32 121 100 4 256 1
33 31 100 2 205 1
34 61 100 2 205 1
35 3 75 9 509 1
36 5 75 9 509 1
37 7 75 9 509 1
38 2 85 1 120 1
39 3 85 6 670 1
40 12 99 2 263 1
41 23 99 2 263 1
42 19 75 4 285 1
43 37 75 4 285 1
44 55 75 4 285 1
45 3 85 4 334 1
46 3 100 1 133 1
47 5 100 1 133 1
48 40 99 2 188 1
49 5 100 2 249 1
50 3 75 3 129 1
51 16 99 2 112 1
52 35 75 2 183 1
53 4 100 1 91 1
54 7 100 1 91 1
55 10 100 1 91 1
56 13 100 1 91 1
57 16 100 1 91 1
58 19 100 1 91 1
59 22 100 1 91 1
60 25 100 1 91 1
61 4 100 5 436 1
62 19 137 13 1581 1
63 37 137 13 1581 1
64 55 137 13 1581 1
65 73 137 13 1581 1
66 8 144 8 825 1
67 15 144 8 825 1
68 8 141 20 1715 1
69 15 141 20 1715 1
70 22 141 20 1715 1
71 8 148 12 2140 1
72 11 143 9 1430 1
73 21 143 9 1430 1
74 8 144 9 1608 1
75 15 144 9 1608 1
76 22 144 9 1608 1
77 8 147 16 2976 1
78 17 138 13 2450 1
79 8 109 9 1225 1
80 9 141 6 448 1
81 17 141 6 448 1
82 25 141 6 448 1
83 9 140 11 1563 1
84 13 148 9 726 1
85 25 148 9 726 1
86 9 142 16 1683 1
87 17 142 16 1683 1
88 25 142 16 1683 1
89 3 142 12 2368 1
90 5 142 12 2368 1
91 7 142 12 2368 1
92 9 142 12 2368 1
93 9 135 13 2353 1
94 17 135 13 2353 1
95 16 109 8 1287 1
96 9 115 11 1224 1
97 17 115 11 1224 1
98 25 115 11 1224 1
99 9 143 8 973 1
100 17 143 8 973 1
101 9 144 10 926 1
102 17 144 10 926 1
103 7 121 9 1022 1
104 13 121 9 1022 1
105 9 121 9 899 1
106 8 144 16 2974 1
107 11 115 6 660 1
108 21 115 6 660 1
109 31 115 6 660 1
110 41 115 6 660 1
111 9 146 10 982 1
112 17 146 10 982 1
113 25 146 10 982 1
114 9 102 7 365 1
115 9 138 16 2751 1
116 17 138 16 2751 1
117 9 116 10 881 1
118 17 116 10 881 1
119 9 145 12 1933 1
120 8 137 11 1986 1
121 15 137 11 1986 1
122 22 137 11 1986 1
123 9 125 8 789 1
124 7 142 12 2257 1
125 7 135 11 1166 1
126 13 135 11 1166 1
127 8 149 15 1211 1
128 15 149 15 1211 1
129 22 149 15 1211 1
130 29 149 15 1211 1
131 10 130 9 957 1
132 9 142 13 2149 1
133 16 122 7 1198 1
134 8 145 16 2124 1
135 8 125 11 1451 1
136 8 147 7 1276 1
137 16 130 8 1458 1
138 31 130 8 1458 1
139 23 125 13 1884 1
140 9 144 9 917 1
141 17 144 9 917 1
142 25 144 9 917 1
143 33 144 9 917 1
144 9 133 11 1998 1
145 8 108 4 600 1
146 15 108 4 600 1
147 4 143 9 1586 1
148 7 143 9 1586 1
149 10 143 9 1586 1
150 8 135 13 2450 1
151 15 135 13 2450 1
152 9 102 11 736 1
153 14 102 10 558 1
154 9 113 8 1100 1
155 14 135 14 1793 1
156 27 135 14 1793 1
157 9 145 17 1942 1
158 17 145 17 1942 1
159 25 145 17 1942 1
160 6 102 11 1465 1
161 8 108 9 506 1
162 8 125 9 955 1
163 9 144 2 160 1
164 17 144 2 160 1
165 8 121 10 807 1
166 15 121 10 807 1
167 7 113 7 890 1
168 13 113 7 890 1
169 19 113 7 890 1
170 8 134 13 1484 1
171 15 134 13 1484 1
172 22 134 13 1484 1
173 29 134 13 1484 1
174 36 134 13 1484 1
175 8 116 10 1366 1
176 9 141 18 2981 1
177 9 108 18 2523 1
178 8 113 9 809 1
179 15 113 9 809 1
180 22 113 9 809 1
181 29 113 9 809 1
182 8 139 13 2227 1
183 15 139 13 2227 1
184 9 113 11 639 1
185 17 113 11 639 1
186 25 113 11 639 1
187 33 113 11 639 1
188 41 113 11 639 1
189 49 113 11 639 1
190 57 113 11 639 1
191 65 113 11 639 1
192 3 148 9 1723 1
193 5 148 9 1723 1
194 9 124 12 924 1
195 9 137 14 1844 1
196 17 137 14 1844 1
197 8 125 9 1510 1
198 15 108 9 808 1
199 8 145 3 230 1
200 15 145 3 230 1
201 22 145 3 230 1
202 8 135 8 1258 1
203 15 135 8 1258 1
204 22 135 8 1258 1
205 29 135 8 1258 1
206 9 134 6 504 1
207 8 148 6 1051 1
208 8 142 14 1859 1
209 12 144 18 1407 1
210 23 144 18 1407 1
211 12 145 10 1299 1
212 23 145 10 1299 1
213 8 115 14 2337 1
214 15 115 14 2337 1
215 22 115 14 2337 1
216 23 145 13 1553 1
217 33 140 7 1235 1
218 8 113 8 908 1
219 15 113 8 908 1
220 9 149 12 2217 1
221 17 149 12 2217 1
222 25 149 12 2217 1
223 16 122 8 493 1
224 31 122 8 493 1
225 46 122 8 493 1
226 8 122 15 2055 1
227 15 122 15 2055 1
228 22 122 15 2055 1
229 17 136 9 1116 1
230 33 136 9 1116 1
231 9 125 8 757 1
232 9 142 15 1303 1
233 17 142 15 1303 1
234 25 142 15 1303 1
235 8 102 11 748 1
236 15 102 11 748 1
237 18 149 7 587 1
238 9 113 12 819 1
239 8 141 12 2299 1
240 8 144 12 1585 1
241 15 144 12 1585 1
242 22 144 12 1585 1
243 10 144 9 995 1
244 8 102 10 664 1
245 15 102 10 664 1
246 22 102 10 664 1
247 29 102 10 664 1
248 9 145 11 1995 1
249 17 145 11 1995 1
250 10 149 9 1482 1
251 19 149 9 1482 1
252 28 149 9 1482 1
253 9 142 10 2050 1
254 10 115 12 1764 1
255 19 115 12 1764 1
256 9 116 14 2218 1
257 17 116 14 2218 1
258 25 116 14 2218 1
259 13 148 12 2629 1
260 25 148 12 2629 1
261 9 122 7 509 1
262 18 116 12 1128 1
263 16 145 17 2022 1
264 8 145 12 2596 1
265 15 145 12 2596 1
266 22 145 12 2596 1
267 21 115 10 993 1
268 9 146 15 1706 1
269 9 134 5 785 1
270 8 116 12 1698 1
271 15 116 12 1698 1
272 9 144 10 914 1
273 17 144 10 914 1
274 25 144 10 914 1
275 33 144 10 914 1
276 41 144 10 914 1
277 14 115 8 1017 1
278 10 113 9 1275 1
279 19 113 9 1275 1
280 17 145 11 1744 1
281 33 145 11 1744 1
282 8 149 9 1012 1
283 15 149 9 1012 1
284 8 115 7 561 1
285 10 147 16 1381 1
286 19 147 16 1381 1
287 11 137 16 2648 1
288 9 136 13 1081 1
289 35 140 10 1628 1
290 9 143 11 2046 1
291 17 143 11 2046 1
292 25 143 11 2046 1
293 8 135 11 863 1
294 27 138 10 1823 1
295 11 130 7 1096 1
296 7 113 16 2655 1
297 13 113 16 2655 1
298 19 113 16 2655 1
299 18 134 15 2935 1
300 9 133 6 569 1
301 17 133 6 569 1
302 8 124 8 1470 1
303 7 140 10 1710 1
304 9 125 11 896 1
305 9 141 9 1577 1
306 17 141 9 1577 1
307 25 141 9 1577 1
308 9 140 12 1556 1
309 17 140 12 1556 1
310 25 140 12 1556 1
311 18 142 11 2290 1
312 35 142 11 2290 1
313 52 142 11 2290 1
314 16 102 11 1430 1
315 31 102 11 1430 1
316 46 102 11 1430 1
317 9 140 17 2947 1
318 2 149 10 1487 1
319 9 149 15 1948 1
320 17 149 15 1948 1
321 8 121 9 657 1
322 15 121 9 657 1
323 10 140 9 1556 1
324 9 146 7 1313 1
325 16 102 10 1348 1
326 39 146 16 1752 1
327 8 130 11 2087 1
328 15 130 11 2087 1
329 18 141 11 1667 1
330 35 141 11 1667 1
331 52 141 11 1667 1
332 69 141 11 1667 1
333 10 113 13 2101 1
334 19 113 13 2101 1
335 28 113 13 2101 1
336 37 113 13 2101 1
337 46 113 13 2101 1
338 9 135 10 1588 1
339 13 108 7 904 1
340 9 147 8 1744 1
341 17 147 8 1744 1
342 20 145 13 1110 1
343 39 145 13 1110 1
344 10 145 5 1025 1
345 19 145 5 1025 1
346 28 145 5 1025 1
347 8 142 12 1950 1
348 15 142 12 1950 1
349 9 143 10 2125 1
350 17 143 10 2125 1
351 25 143 10 2125 1
352 14 141 16 1433 1
353 9 125 17 2883 1
354 8 143 14 2262 1
355 15 143 14 2262 1
356 22 143 14 2262 1
357 29 143 14 2262 1
358 10 125 11 1856 1
359 12 149 17 1529 1
360 23 149 17 1529 1
361 8 130 11 1680 1
362 9 141 18 2519 1
363 7 144 7 1214 1
364 13 144 7 1214 1
365 8 121 6 817 1
366 15 121 6 817 1
367 8 149 13 2289 1
368 15 149 13 2289 1
369 22 149 13 2289 1
370 7 122 15 1465 1
371 18 108 10 1337 1
372 35 108 10 1337 1
373 9 115 7 741 1
374 6 147 17 2745 1
375 9 143 15 1607 1
376 9 142 11 1336 1
377 17 142 11 1336 1
378 25 142 11 1336 1
379 9 140 15 1330 1
380 17 140 15 1330 1
381 8 145 12 1172 1
382 15 145 12 1172 1
383 22 145 12 1172 1
384 9 142 15 1204 1
385 9 145 11 2289 1
386 17 145 11 2289 1
387 25 145 11 2289 1
388 8 145 10 1426 1
389 15 145 10 1426 1
390 12 140 7 1006 1
391 9 141 12 1665 1
392 10 109 10 812 1
393 9 149 13 1082 1
394 8 146 16 1355 1
395 9 122 5 440 1
396 9 143 16 2448 1
397 17 143 16 2448 1
398 25 143 16 2448 1
399 9 137 12 1613 1
400 8 122 12 1770 1
401 10 135 14 2632 1
402 19 135 14 2632 1
403 28 135 14 2632 1
404 37 135 14 2632 1
405 46 135 14 2632 1
406 55 135 14 2632 1
407 8 137 8 1129 1
408 9 124 9 1410 1
409 13 113 5 569 1
410 17 149 11 1096 1
411 33 149 11 1096 1
412 8 136 11 1505 1
413 15 136 11 1505 1
414 22 136 11 1505 1
415 8 146 18 2036 1
416 19 125 6 998 1
417 12 141 12 2260 1
418 23 141 12 2260 1
419 9 143 9 1753 1
420 15 109 7 1009 1
421 29 109 7 1009 1
422 14 109 8 754 1
423 13 109 6 408 1
424 25 109 6 408 1
425 22 108 10 1318 1
426 5 149 10 985 1
427 9 149 10 985 1
428 11 124 14 1851 1
429 21 124 14 1851 1
430 15 108 8 1118 1
431 29 108 8 1118 1
432 9 150 11 1454 1
433 24 150 13 1929 1
434 9 155 22 3477 1
435 21 162 12 2492 1
436 25 165 10 1183 1
437 23 170 16 2275 1
438 7 179 9 1111 1
439 9 174 13 2747 1
440 9 161 13 1995 1
441 13 176 10 897 1
442 22 182 14 3214 1
443 14 165 12 2778 1
444 24 175 11 1183 1
445 47 175 11 1183 1
446 7 169 18 1648 1
447 10 164 15 1932 1
448 47 162 15 1487 1
449 8 159 10 1431 1
450 9 169 17 2583 1
451 17 169 17 2583 1
452 25 169 17 2583 1
453 9 163 5 679 1
454 9 174 23 2614 1
455 39 167 9 1454 1
456 9 152 12 1632 1
457 9 167 20 4503 1
458 29 152 14 3171 1
459 40 170 13 1450 1
460 27 170 10 2319 1
461 16 158 13 1288 1
462 33 174 8 1038 1
463 29 162 11 2443 1
464 57 162 11 2443 1
465 85 162 11 2443 1
466 113 162 11 2443 1
467 141 162 11 2443 1
468 9 152 5 535 1
469 21 158 7 981 1
470 26 150 7 919 1
471 16 170 14 2772 1
472 22 183 11 2561 1
473 10 177 8 824 1
474 40 175 12 3133 1
475 10 170 8 1678 1
476 8 160 10 1808 1
477 15 160 10 1808 1
478 10 182 15 2997 1
479 21 155 13 1255 1
480 11 170 12 2447 1
481 10 167 17 3164 1
482 8 168 10 1954 1
483 3 154 3 657 1
484 9 172 7 1433 1
485 34 177 14 3542 1
486 67 177 14 3542 1
487 52 183 6 1220 1
488 103 183 6 1220 1
489 21 174 9 2044 1
490 9 161 11 2610 1
491 19 160 12 2190 1
492 37 160 12 2190 1
493 19 159 17 3793 1
494 36 169 24 4827 1
495 18 150 8 1433 1
496 22 172 18 2508 1
497 12 174 11 1084 1
498 20 150 14 1948 1
499 7 178 5 1056 1
500 21 159 5 788 1
501 3 169 11 1649 1
502 11 163 13 1984 1
503 22 167 13 2616 1
504 43 167 13 2616 1
505 148 169 10 917 1
506 25 173 18 4056 1
507 49 173 18 4056 1
508 26 152 11 2307 1
509 51 152 11 2307 1
510 23 160 15 2928 1
511 25 164 17 3856 1
512 49 164 17 3856 1
513 23 172 7 1231 1
514 45 172 7 1231 1
515 28 183 17 2087 1
516 11 155 14 3157 1
517 25 182 2 276 1
518 20 152 12 957 1
519 22 175 21 2735 1
520 9 179 13 2605 1
521 7 182 20 4043 1
522 11 170 7 1306 1
523 22 174 27 5651 1
524 20 177 16 1670 1
525 39 177 16 1670 1
526 23 152 10 949 1
527 45 152 10 949 1
528 11 159 9 1095 1
529 12 172 12 2613 1
530 22 155 17 1585 1
531 8 160 5 653 1
532 10 163 13 1460 1
533 28 171 15 1632 1
534 8 162 14 2726 1
535 24 152 12 1575 1
536 6 163 5 519 1
537 23 168 23 2729 1
538 14 181 15 3219 1
539 24 160 16 2583 1
540 47 160 16 2583 1
541 70 160 16 2583 1
542 16 150 15 2450 1
543 23 171 14 1403 1
544 9 177 11 1515 1
545 17 177 11 1515 1
546 24 177 14 1800 1
547 33 182 16 4322 1
548 25 163 12 1465 1
549 43 178 16 3190 1
550 22 178 10 2540 1
551 43 178 10 2540 1
552 28 179 6 577 1
553 55 179 6 577 1
554 11 165 9 1355 1
555 9 183 7 1453 1
556 27 155 5 875 1
557 24 158 16 1411 1
558 45 167 21 3562 1
559 22 181 11 1056 1
560 43 181 11 1056 1
561 64 181 11 1056 1
562 9 171 23 4909 1
563 29 179 18 1892 1
564 21 151 4 375 1
565 15 177 13 3110 1
566 26 178 3 465 1
567 9 152 4 866 1
568 6 158 5 798 1
569 1 180 15 1907 1
570 8 182 13 1804 1
571 24 150 13 1610 1
572 10 163 17 1570 1
573 51 151 9 1343 1
574 101 151 9 1343 1
575 9 173 11 1793 1
576 17 173 11 1793 1
577 25 173 11 1793 1
578 9 181 14 3368 1
579 148 161 12 1909 1
580 29 151 8 1142 1
581 23 168 12 1841 1
582 9 175 18 3961 1
583 9 176 17 3959 1
584 24 151 6 939 1
585 47 151 6 939 1
586 70 151 6 939 1
587 93 151 6 939 1
588 116 151 6 939 1
589 139 151 6 939 1
590 19 165 15 2662 1
591 8 160 17 3853 1
592 25 162 5 506 1
593 23 165 14 2343 1
594 23 163 13 2926 1
595 27 165 8 915 1
596 9 171 3 759 1
597 17 171 3 759 1
598 25 171 3 759 1
599 14 160 9 814 1
600 10 170 12 1388 1
601 10 159 12 1799 1
602 8 152 11 1612 1
603 9 182 13 1789 1
604 26 168 11 2359 1
605 51 168 11 2359 1
606 76 168 11 2359 1
607 9 167 12 2590 1
608 17 167 12 2590 1
609 25 167 12 2590 1
610 33 167 12 2590 1
611 41 167 12 2590 1
612 9 152 16 2091 1
613 17 152 16 2091 1
614 10 155 4 821 1
615 20 170 7 1231 1
616 39 170 7 1231 1
617 58 170 7 1231 1
618 23 182 12 2329 1
619 9 155 8 1447 1
620 20 176 14 2493 1
621 2 152 6 1251 1
622 14 152 5 970 1
623 12 173 13 2789 1
624 23 173 13 2789 1
625 34 173 13 2789 1
626 45 173 13 2789 1
627 56 173 13 2789 1
628 20 179 12 2139 1
629 39 179 12 2139 1
630 15 170 9 1730 1
631 11 164 14 2980 1
632 32 170 13 2299 1
633 9 176 16 2890 1
634 37 197 12 2660 1
635 30 198 8 2366 1
636 8 211 15 3120 1
637 22 200 7 1114 1
638 17 189 6 976 1
639 9 197 14 2077 1
640 22 193 2 339 1
641 39 186 8 765 1
642 64 229 10 2586 1
643 39 231 17 4751 1
644 77 231 17 4751 1
645 15 193 9 2338 1
646 4 213 14 4425 1
647 8 229 9 1932 1
648 7 210 17 4573 1
649 34 188 11 1589 1
650 24 194 6 939 1
651 29 218 8 2354 1
652 29 199 12 2640 1
653 64 200 12 2345 1
654 127 200 12 2345 1
655 23 189 9 1399 1
656 30 212 8 2363 1
657 29 216 12 1638 1
658 25 213 10 1283 1
659 39 193 18 4823 1
660 21 232 14 1884 1
661 41 232 14 1884 1
662 57 195 16 2350 1
663 39 229 5 755 1
664 30 197 8 1674 1
665 79 202 10 1759 1
666 29 185 15 3900 1
667 16 232 8 2330 1
668 2 192 19 1853 1
669 21 220 23 4377 1
670 9 229 14 3175 1
671 9 228 8 2199 1
672 17 229 17 4468 1
673 22 212 12 1879 1
674 43 212 12 1879 1
675 26 216 8 2330 1
676 51 216 8 2330 1
677 34 232 15 4234 1
678 67 232 15 4234 1
679 30 197 13 2227 1
680 20 196 7 756 1
681 25 229 7 2359 1
682 142 191 11 2713 1
683 9 222 5 604 1
684 19 218 14 2866 1
685 11 185 3 605 1
686 71 216 10 2159 1
687 141 216 10 2159 1
688 9 200 16 4375 1
689 25 227 13 3760 1
690 28 186 11 2461 1
691 244 186 9 1430 1
692 10 232 29 4891 1
693 30 195 2 535 1
694 24 210 7 2075 1
695 47 210 7 2075 1
696 70 210 7 2075 1
697 25 195 3 529 1
698 49 195 3 529 1
699 25 222 11 3012 1
700 49 222 11 3012 1
701 21 220 17 1946 1
702 41 220 17 1946 1
703 15 185 7 1085 1
704 29 221 5 1533 1
705 36 212 14 3267 1
706 27 210 7 1503 1
707 20 212 17 2874 1
708 39 212 17 2874 1
709 58 212 17 2874 1
710 20 220 9 1228 1
711 13 228 13 2454 1
712 5 198 16 3436 1
713 8 216 11 1367 1
714 42 185 10 1981 1
715 9 231 15 2905 1
716 30 202 12 2770 1
717 68 202 12 3191 1
718 61 211 16 3703 1
719 24 194 15 2474 1
720 35 208 10 1227 1
721 31 229 13 4009 1
722 9 195 9 1100 1
723 9 217 12 3903 1
724 17 217 12 3903 1
725 10 191 11 3092 1
726 16 227 13 2429 1
727 6 217 9 2925 1
728 17 213 21 6425 1
729 8 222 9 1637 1
730 8 212 8 2397 1
731 28 220 11 2863 1
732 23 217 7 1961 1
733 45 217 7 1961 1
734 67 217 7 1961 1
735 89 217 7 1961 1
736 27 231 8 1027 1
737 38 222 12 3973 1
738 12 218 14 1742 1
739 30 192 6 1422 1
740 23 231 13 1854 1
741 45 231 13 1854 1
742 23 220 16 5040 1
743 20 212 11 2858 1
744 25 184 13 3451 1
745 29 212 8 990 1
746 22 211 12 2806 1
747 25 202 10 2636 1
748 20 221 15 1746 1
749 29 188 10 2171 1
750 30 197 14 4087 1
751 36 216 13 3197 1
752 31 209 13 2374 1
753 57 189 7 1725 1
754 28 220 14 3886 1
755 7 229 17 4985 1
756 25 209 11 2847 1
757 9 231 11 2808 1
758 30 232 8 2368 1
759 29 202 11 1694 1
760 62 216 10 1260 1
761 82 195 14 3178 1
762 10 186 15 3088 1
763 22 197 13 2858 1
764 43 197 13 2858 1
765 49 223 2 512 1
766 42 189 8 1042 1
767 16 211 11 3170 1
768 31 211 11 3170 1
769 46 221 13 2087 1
770 11 213 7 1102 1
771 18 216 9 1333 1
772 23 213 13 1964 1
773 45 213 13 1964 1
774 67 213 13 1964 1
775 43 256 11 2091 1
776 44 256 17 5670 1
777 87 256 17 5670 1
778 1 277 8 2289 1
779 37 280 16 5851 1
780 36 267 12 1675 1
781 54 266 26 9281 1
782 107 266 26 9281 1
783 160 266 26 9281 1
784 43 280 14 3042 1
785 245 240 8 2603 1
786 43 277 19 3412 1
787 100 247 19 6441 1
788 73 270 19 6309 1
789 64 265 18 3791 1
790 45 269 14 4677 1
791 89 269 14 4677 1
792 33 285 11 1705 1
793 43 250 11 4073 1
794 43 282 14 3793 1
795 33 271 31 9505 1
796 65 271 31 9505 1
797 97 271 31 9505 1
798 43 264 13 2593 1
799 43 256 11 3277 1
800 44 275 31 10419 1
801 87 275 31 10419 1
802 5 239 15 3787 1
803 43 255 11 1966 1
804 49 285 15 2920 1
805 50 268 24 9229 1
806 39 290 11 2270 1
807 77 290 11 2270 1
808 48 277 12 3121 1
809 95 277 12 3121 1
810 42 262 5 1547 1
811 44 268 15 4096 1
812 90 277 8 1320 1
813 179 277 8 1320 1
814 268 277 8 1320 1
815 44 290 19 7364 1
816 87 290 19 7364 1
817 43 264 44 8711 1
818 32 260 29 8352 1
819 44 275 23 4870 1
820 87 275 23 4870 1
821 130 275 23 4870 1
822 45 268 26 9305 1
823 41 266 32 10944 1
824 37 247 10 3529 1
825 69 280 15 4567 1
826 44 282 23 5818 1
827 87 282 23 5818 1
828 130 282 23 5818 1
829 173 282 23 5818 1
830 44 275 9 3700 1
831 87 275 9 3700 1
832 130 275 9 3700 1
833 51 247 8 1417 1
834 69 268 13 4065 1
835 137 268 13 4065 1
836 205 268 13 4065 1
837 273 268 13 4065 1
838 44 265 12 1967 1
839 87 265 12 1967 1
840 130 265 12 1967 1
841 173 265 12 1967 1
842 216 265 12 1967 1
843 44 250 27 10045 1
844 14 285 20 4359 1
845 44 290 12 2131 1
846 42 290 9 2463 1
847 3 266 15 5599 1
848 42 282 26 5010 1
849 43 287 18 5799 1
850 53 259 9 2372 1
851 43 296 13 4954 1
852 42 295 11 4785 1
853 3 240 9 1609 1
854 45 296 14 3298 1
855 36 241 18 6337 1
856 54 294 14 6040 1
857 43 277 13 2268 1
858 53 260 8 2005 1
859 105 260 8 2005 1
860 27 277 21 3376 1
861 7 296 13 3990 1
862 44 266 17 2534 1
863 41 239 8 1897 1
864 44 295 21 3417 1
865 36 281 10 2111 1
866 44 277 6 1231 1
867 43 263 21 6292 1
868 38 281 5 832 1
869 2 268 12 3049 1
870 44 275 17 2524 1
871 69 295 27 5025 1
872 28 268 24 6456 1
873 71 276 10 3704 1
874 44 270 13 2782 1
875 87 270 13 2782 1
876 130 270 13 2782 1
877 173 270 13 2782 1
878 43 241 28 5770 1
879 39 280 8 1250 1
880 19 276 29 5861 1
881 59 261 19 4559 1
882 117 261 19 4559 1
883 43 271 14 2484 1
884 27 295 20 7874 1
885 43 276 15 5293 1
886 2 282 27 4223 1
887 37 292 19 5592 1
888 64 280 29 4275 1
889 127 280 29 4275 1
890 15 256 11 2659 1
891 64 280 16 2846 1
892 127 280 16 2846 1
893 190 280 16 2846 1
894 44 261 15 3986 1
895 87 261 15 3986 1
896 41 260 23 3133 1
897 43 261 25 7051 1
898 43 276 19 5627 1
899 50 290 21 8319 1
900 62 268 14 2906 1
901 65 261 23 3556 1
902 44 255 15 2153 1
903 11 268 24 3437 1
904 21 268 24 3437 1
905 31 268 24 3437 1
906 41 268 24 3437 1
907 42 259 10 2955 1
908 83 259 10 2955 1
909 69 281 13 2195 1
910 35 292 15 2955 1
911 44 281 14 2550 1
912 7 255 13 4962 1
913 45 266 6 998 1
914 1 290 32 11980 1
915 51 265 13 4178 1
916 44 263 13 4018 1
917 87 263 13 4018 1
918 130 263 13 4018 1
919 37 296 33 8403 1
920 59 259 16 2382 1
921 51 256 19 6316 1
922 50 263 20 7250 1
923 66 239 33 8188 1
924 45 260 25 4881 1
925 42 280 12 3668 1
926 83 280 12 3668 1
927 124 280 12 3668 1
928 42 240 8 1071 1
929 83 240 8 1071 1
930 124 240 8 1071 1
931 165 240 8 1071 1
932 42 250 11 1885 1
933 83 250 11 1885 1
934 124 250 11 1885 1
935 99 300 35 5627 1
936 42 301 22 6873 1
937 15 321 14 6707 1
938 50 334 14 4264 1
939 14 324 28 11357 1
940 49 333 11 3364 1
941 97 333 11 3364 1
942 135 323 18 7389 1
943 56 336 18 4746 1
944 5 340 16 8083 1
945 17 329 27 7315 1
946 58 333 19 5974 1
947 59 336 17 5130 1
948 43 347 7 3256 1
949 85 347 7 3256 1
950 51 301 12 3536 1
951 43 323 19 7882 1
952 2 302 34 14123 1
953 38 325 8 2267 1
954 42 305 24 6584 1
955 43 336 21 3693 1
956 218 335 10 4668 1
957 44 329 20 3737 1
958 87 329 20 3737 1
959 42 306 26 8020 1
960 45 347 29 7846 1
961 89 347 29 7846 1
962 44 333 35 6996 1
963 42 304 12 5016 1
964 83 304 12 5016 1
965 44 335 28 9419 1
966 87 335 28 9419 1
967 57 325 18 5163 1
968 5 301 33 13757 1
969 43 321 32 10465 1
970 50 306 12 1969 1
971 51 323 19 3072 1
972 43 336 33 14284 1
973 43 318 33 7287 1
974 53 316 9 2603 1
975 91 321 10 4747 1
976 37 329 19 5956 1
977 43 329 32 7716 1
978 250 301 25 6779 1
979 57 319 28 8194 1
980 42 318 10 3378 1
981 83 318 10 3378 1
982 124 318 10 3378 1
983 1 340 24 6025 1
984 87 306 17 7210 1
985 37 329 22 6388 1
986 92 321 24 4745 1
987 40 300 14 2632 1
988 57 300 35 7038 1
989 42 301 33 6601 1
990 26 319 16 5965 1
991 100 347 13 2967 1
992 48 300 23 8024 1
993 95 300 23 8024 1
994 46 306 15 5292 1
995 109 336 29 6663 1
996 56 334 18 7437 1
997 57 301 26 5569 1
998 53 335 39 10002 1
999 48 318 28 11316 1
1000 39 306 9 1971 1
1001 135 334 15 7410 1
1002 44 337 16 3094 1
1003 45 332 25 8049 1
1004 51 329 19 4687 1
1005 101 329 19 4687 1
1006 32 304 16 6364 1
1007 19 323 11 3735 1
1008 42 337 8 3699 1
1009 37 318 28 12849 1
1010 73 318 28 12849 1
1011 9 323 25 5566 1
1012 42 324 26 5685 1
1013 49 337 23 7868 1
1014 97 337 23 7868 1
1015 4 329 34 15463 1
1016 37 336 14 3808 1
1017 41 329 20 9546 1
1018 81 329 20 9546 1
1019 22 316 19 6724 1
1020 58 321 14 3944 1
1021 50 305 19 4467 1
1022 38 321 20 8949 1
1023 51 306 11 3747 1
1024 9 321 17 3287 1
1025 97 351 12 4403 1
1026 113 367 53 21640 1
1027 225 367 53 21640 1
1028 2 367 8 1725 1
1029 11 366 20 6329 1
1030 7 366 33 16197 1
1031 13 366 33 16197 1
1032 19 366 33 16197 1
1033 113 366 71 26981 1
1034 3 350 95 30732 1
1035 5 350 95 30732 1
1036 113 364 69 16348 1
1037 112 367 69 34215 1
26
500 500 500 500 500 500 500 500 500 500 500 500 500 500 500 500 500 500 500 500 500 500 500 500 500 500 