1037
1 3 100 6 640 1
2 5 100 6 640 1
3 7 100 6 640 1
4 11 85 3 226 1
5 21 85 3 226 1
6 4 85 2 89 1
7 7 85 2 89 1
8 2 100 3 263 1
9 6 99 2 100 1
10 10 100 3 199 1
11 5 85 2 225 1
12 9 85 2 225 1
13 13 85 2 225 1
14 26 99 9 931 1
15 3 75 11 721 1
16 5 75 11 721 1
17 7 75 11 721 1
18 9 75 11 721 1
19 11 75 11 721 1
20 13 75 11 721 1
21 15 75 11 721 1
22 17 75 11 721 1
23 19 75 11 721 1
24 4 75 1 95 1
25 7 75 1 95 1
26 10 75 1 95 1
27 13 75 1 95 1
28 26 99 3 428 1
29 51 99 3 428 1
30 10 100 3 363 1
31 19 100 3 363 1
32 39 75 9 972 1
33 77 75 9 972 1
34 28 99 8 1045 1
35 55 99 8 1045 1
36 3 75 3 209 1
37 5 75 3 209 1
38 7 75 3 209 1
39 9 75 3 209 1
40 11 75 3 209 1
41 13 75 3 209 1
42 15 75 3 209 1
43 4 99 1 88 1
44 3 75 2 211 1
45 5 75 2 211 1
46 8 75 7 365 1
47 14 75 2 209 1
48 27 75 2 209 1
49 2 100 3 211 1
50 3 100 3 211 1
51 4 100 3 211 1
52 2 75 1 70 1
53 2 85 3 363 1
54 3 85 3 363 1
55 3 75 2 209 1
56 5 75 2 209 1
57 7 75 2 209 1
58 4 100 2 206 1
59 7 100 2 206 1
60 10 100 2 206 1
61 13 100 2 206 1
62 9 139 13 1875 1
63 17 139 13 1875 1
64 25 139 13 1875 1
65 33 139 13 1875 1
66 41 139 13 1875 1
67 49 139 13 1875 1
68 7 136 8 1111 1
69 19 147 15 3305 1
70 10 135 11 1821 1
71 5 141 15 1334 1
72 9 141 15 1334 1
73 13 141 15 1334 1
74 11 116 11 1475 1
75 21 116 11 1475 1
76 31 116 11 1475 1
77 41 116 11 1475 1
78 51 116 11 1475 1
79 8 121 8 676 1
80 15 147 13 1647 1
81 16 144 15 1115 1
82 31 144 15 1115 1
83 46 144 15 1115 1
84 61 144 15 1115 1
85 76 144 15 1115 1
86 11 124 9 703 1
87 21 124 10 1352 1
88 41 124 10 1352 1
89 61 124 10 1352 1
90 8 133 13 1329 1
91 15 133 13 1329 1
92 22 133 13 1329 1
93 29 133 13 1329 1
94 9 135 15 1398 1
95 17 135 15 1398 1
96 25 135 15 1398 1
97 33 135 15 1398 1
98 4 149 9 1611 1
99 7 149 9 1611 1
100 10 149 9 1611 1
101 8 138 17 2524 1
102 5 149 13 1319 1
103 9 149 13 1319 1
104 13 149 13 1319 1
105 17 149 13 1319 1
106 21 149 13 1319 1
107 13 121 11 1689 1
108 25 121 11 1689 1
109 8 113 10 1323 1
110 15 113 10 1323 1
111 13 102 8 491 1
112 12 144 14 1621 1
113 23 144 14 1621 1
114 15 102 12 1052 1
115 22 116 6 892 1
116 43 116 6 892 1
117 64 116 6 892 1
118 85 116 6 892 1
119 8 146 18 3256 1
120 15 146 18 3256 1
121 12 133 11 998 1
122 23 133 11 998 1
123 9 142 10 1637 1
124 17 142 10 1637 1
125 29 137 7 1295 1
126 18 124 15 1047 1
127 17 133 19 3753 1
128 9 147 10 845 1
129 7 143 13 1167 1
130 9 121 12 1909 1
131 9 116 9 1339 1
132 11 133 13 1500 1
133 20 124 19 3258 1
134 39 124 19 3258 1
135 11 108 9 1090 1
136 21 108 9 1090 1
137 9 122 8 1315 1
138 17 122 8 1315 1
139 10 109 8 1167 1
140 10 143 11 1640 1
141 8 136 11 1614 1
142 15 136 11 1614 1
143 22 136 11 1614 1
144 29 136 11 1614 1
145 36 136 11 1614 1
146 12 137 10 861 1
147 23 137 10 861 1
148 34 137 10 861 1
149 9 122 14 2039 1
150 9 139 11 1907 1
151 9 143 13 1961 1
152 17 143 13 1961 1
153 8 144 17 1289 1
154 15 144 17 1289 1
155 22 144 17 1289 1
156 29 144 17 1289 1
157 8 143 22 4150 1
158 8 133 10 1433 1
159 9 122 10 1815 1
160 8 139 12 1683 1
161 9 135 8 1058 1
162 17 135 8 1058 1
163 25 135 8 1058 1
164 5 143 10 2007 1
165 7 137 8 682 1
166 6 130 14 1960 1
167 8 130 5 445 1
168 15 130 5 445 1
169 22 130 5 445 1
170 29 130 5 445 1
171 45 138 12 1875 1
172 8 143 15 1479 1
173 15 143 15 1479 1
174 9 149 10 2021 1
175 17 149 10 2021 1
176 25 149 10 2021 1
177 33 149 10 2021 1
178 41 149 10 2021 1
179 49 149 10 2021 1
180 57 149 10 2021 1
181 65 149 10 2021 1
182 2 136 15 2785 1
183 11 116 4 572 1
184 11 130 9 712 1
185 8 135 8 1483 1
186 8 139 6 521 1
187 15 139 6 521 1
188 22 139 6 521 1
189 12 149 7 1462 1
190 23 149 7 1462 1
191 14 134 10 724 1
192 8 122 12 2117 1
193 7 113 10 1409 1
194 13 113 10 1409 1
195 19 113 10 1409 1
196 25 113 10 1409 1
197 31 113 10 1409 1
198 37 113 10 1409 1
199 43 113 10 1409 1
200 49 113 10 1409 1
201 55 113 10 1409 1
202 61 113 10 1409 1
203 19 138 21 2498 1
204 37 138 21 2498 1
205 8 133 8 1387 1
206 9 141 11 2222 1
207 17 141 11 2222 1
208 25 141 11 2222 1
209 33 141 11 2222 1
210 41 141 11 2222 1
211 49 141 11 2222 1
212 57 141 11 2222 1
213 8 113 8 1070 1
214 15 113 8 1070 1
215 22 113 8 1070 1
216 29 113 8 1070 1
217 8 108 14 1258 1
218 8 143 20 3811 1
219 15 143 20 3811 1
220 23 136 7 861 1
221 7 136 13 1806 1
222 13 136 13 1806 1
223 19 136 13 1806 1
224 25 136 13 1806 1
225 31 136 13 1806 1
226 9 125 11 962 1
227 7 125 11 1520 1
228 13 125 11 1520 1
229 10 143 11 1234 1
230 15 147 14 1124 1
231 9 145 12 1012 1
232 17 145 12 1012 1
233 17 121 8 624 1
234 9 143 8 1387 1
235 17 143 8 1387 1
236 25 143 8 1387 1
237 9 135 11 1416 1
238 17 135 11 1416 1
239 25 135 11 1416 1
240 17 108 15 870 1
241 23 136 14 1801 1
242 9 148 13 1177 1
243 17 148 13 1177 1
244 9 113 11 1570 1
245 14 149 15 1815 1
246 8 146 10 930 1
247 9 135 11 869 1
248 17 135 11 869 1
249 25 135 11 869 1
250 3 121 13 1161 1
251 8 139 11 1212 1
252 9 115 11 1046 1
253 17 115 11 1046 1
254 25 115 11 1046 1
255 33 115 11 1046 1
256 8 144 10 801 1
257 15 144 10 801 1
258 22 144 10 801 1
259 29 144 10 801 1
260 2 115 9 943 1
261 36 134 11 1600 1
262 9 102 14 1481 1
263 17 102 14 1481 1
264 25 102 14 1481 1
265 33 102 14 1481 1
266 8 141 8 756 1
267 15 141 8 756 1
268 22 141 8 756 1
269 29 141 8 756 1
270 11 139 13 1397 1
271 9 121 7 670 1
272 14 121 7 770 1
273 8 109 9 1443 1
274 15 109 9 1443 1
275 15 122 9 900 1
276 13 147 14 2360 1
277 18 134 11 1147 1
278 19 149 18 2328 1
279 37 149 18 2328 1
280 15 109 9 1119 1
281 29 109 9 1119 1
282 43 109 9 1119 1
283 41 145 13 1674 1
284 8 141 9 1658 1
285 8 145 5 905 1
286 15 145 5 905 1
287 22 145 5 905 1
288 29 145 5 905 1
289 9 116 11 1149 1
290 17 116 11 1149 1
291 25 116 11 1149 1
292 43 134 9 963 1
293 8 109 10 682 1
294 6 146 13 2494 1
295 11 146 13 2494 1
296 16 146 13 2494 1
297 21 146 13 2494 1
298 19 108 10 1195 1
299 37 108 10 1195 1
300 55 108 10 1195 1
301 7 134 11 744 1
302 13 134 11 744 1
303 9 130 14 2187 1
304 17 130 14 2187 1
305 25 130 14 2187 1
306 33 130 14 2187 1
307 9 147 21 3094 1
308 17 147 21 3094 1
309 23 149 2 412 1
310 8 137 12 2298 1
311 13 146 9 1907 1
312 25 146 9 1907 1
313 37 146 9 1907 1
314 49 146 9 1907 1
315 61 146 9 1907 1
316 8 115 14 2351 1
317 15 115 14 2351 1
318 15 139 7 550 1
319 29 139 7 550 1
320 43 139 7 550 1
321 8 122 10 1640 1
322 15 122 10 1640 1
323 15 122 13 2206 1
324 29 122 13 2206 1
325 43 122 13 2206 1
326 9 136 16 1110 1
327 11 122 10 1210 1
328 21 122 10 1210 1
329 20 144 11 1185 1
330 8 125 6 528 1
331 8 102 6 310 1
332 15 102 6 310 1
333 22 102 6 310 1
334 9 125 12 2211 1
335 17 125 12 2211 1
336 25 125 12 2211 1
337 8 121 12 1698 1
338 17 139 8 1098 1
339 8 143 12 2400 1
340 12 135 13 1700 1
341 23 135 13 1700 1
342 5 145 14 1236 1
343 9 145 14 1236 1
344 13 145 14 1236 1
345 19 147 8 788 1
346 37 147 8 788 1
347 159 124 12 935 1
348 12 134 11 2135 1
349 23 134 11 2135 1
350 9 144 4 325 1
351 17 144 4 325 1
352 25 144 4 325 1
353 8 139 13 1190 1
354 9 134 16 1185 1
355 9 145 9 1922 1
356 10 138 8 1433 1
357 19 138 8 1433 1
358 28 138 8 1433 1
359 9 144 11 805 1
360 17 144 11 805 1
361 25 144 11 805 1
362 33 144 11 805 1
363 8 139 9 1108 1
364 15 139 9 1108 1
365 16 136 16 1696 1
366 8 121 7 721 1
367 15 121 7 721 1
368 22 121 7 721 1
369 29 121 7 721 1
370 36 121 7 721 1
371 43 121 7 721 1
372 50 121 7 721 1
373 57 121 7 721 1
374 22 138 17 2890 1
375 43 138 17 2890 1
376 64 138 17 2890 1
377 18 109 12 1580 1
378 35 109 12 1580 1
379 8 109 7 1086 1
380 15 109 7 1086 1
381 22 109 7 1086 1
382 18 133 7 1068 1
383 35 133 7 1068 1
384 16 136 12 2010 1
385 31 136 12 2010 1
386 68 115 9 671 1
387 8 143 13 1286 1
388 7 136 15 1170 1
389 13 136 15 1170 1
390 21 102 4 235 1
391 9 144 14 2361 1
392 12 138 12 1756 1
393 23 138 12 1756 1
394 17 144 13 1322 1
395 16 146 12 2392 1
396 31 146 12 2392 1
397 46 146 12 2392 1
398 61 146 12 2392 1
399 76 146 12 2392 1
400 91 146 12 2392 1
401 9 133 10 1362 1
402 9 141 22 4375 1
403 9 146 16 1555 1
404 9 136 8 1218 1
405 20 109 11 621 1
406 8 108 12 1043 1
407 15 108 12 1043 1
408 12 125 10 1459 1
409 23 125 10 1459 1
410 4 137 12 2114 1
411 9 113 11 1687 1
412 8 145 15 2937 1
413 9 113 9 713 1
414 8 142 14 1761 1
415 8 143 11 926 1
416 15 143 11 926 1
417 9 124 12 1887 1
418 9 133 9 1104 1
419 17 133 9 1104 1
420 25 133 9 1104 1
421 8 113 13 1945 1
422 12 135 12 1429 1
423 7 139 11 1445 1
424 8 113 12 697 1
425 15 113 12 697 1
426 22 113 12 697 1
427 29 113 12 697 1
428 22 138 4 528 1
429 18 137 13 2631 1
430 22 109 10 1184 1
431 43 109 10 1184 1
432 10 169 17 1702 1
433 19 169 17 1702 1
434 28 169 17 1702 1
435 23 162 14 1878 1
436 45 162 14 1878 1
437 20 161 21 3818 1
438 39 161 21 3818 1
439 33 170 9 1196 1
440 9 175 19 2126 1
441 18 179 19 4448 1
442 35 179 19 4448 1
443 52 179 19 4448 1
444 69 179 19 4448 1
445 22 173 16 2618 1
446 43 173 16 2618 1
447 7 181 8 1445 1
448 27 173 7 1275 1
449 27 181 19 2221 1
450 16 167 12 2185 1
451 25 164 14 2215 1
452 49 164 14 2215 1
453 8 154 11 1130 1
454 10 167 12 1349 1
455 24 174 3 508 1
456 8 159 12 1730 1
457 26 163 11 1031 1
458 51 163 11 1031 1
459 24 152 8 637 1
460 9 176 11 987 1
461 28 180 8 2150 1
462 55 180 8 2150 1
463 82 180 8 2150 1
464 24 181 12 1609 1
465 15 176 8 1030 1
466 24 162 5 877 1
467 24 170 10 1695 1
468 47 170 10 1695 1
469 23 168 9 875 1
470 25 183 20 2644 1
471 24 171 19 4195 1
472 9 182 13 2438 1
473 17 182 13 2438 1
474 25 182 13 2438 1
475 10 159 6 762 1
476 10 162 12 1906 1
477 27 151 12 1410 1
478 27 164 13 2738 1
479 29 159 6 542 1
480 57 159 6 542 1
481 8 168 3 590 1
482 16 161 9 894 1
483 31 161 9 894 1
484 3 151 14 2761 1
485 12 169 14 3235 1
486 24 152 9 1376 1
487 47 152 9 1376 1
488 70 152 9 1376 1
489 93 152 9 1376 1
490 116 152 9 1376 1
491 139 152 9 1376 1
492 162 152 9 1376 1
493 14 169 16 2286 1
494 35 158 14 1824 1
495 24 183 8 875 1
496 44 172 16 2509 1
497 28 181 17 4465 1
498 8 168 3 255 1
499 29 150 16 1882 1
500 24 150 9 1405 1
501 15 177 2 262 1
502 18 165 10 1947 1
503 23 164 14 1972 1
504 22 181 5 563 1
505 9 181 7 1691 1
506 9 175 13 2887 1
507 9 163 14 3191 1
508 13 177 10 1621 1
509 2 152 3 334 1
510 24 160 6 922 1
511 9 159 21 3973 1
512 31 151 10 1284 1
513 20 178 18 4315 1
514 21 169 12 2261 1
515 16 165 2 385 1
516 23 160 11 1340 1
517 24 183 5 1101 1
518 47 183 5 1101 1
519 16 165 4 406 1
520 26 176 11 2304 1
521 11 150 16 2153 1
522 24 181 14 1650 1
523 11 170 15 2733 1
524 27 183 20 4074 1
525 10 161 10 2110 1
526 20 158 14 1796 1
527 39 158 14 1796 1
528 10 161 14 1938 1
529 145 168 9 1991 1
530 9 173 5 514 1
531 31 174 12 2799 1
532 19 151 7 1371 1
533 37 151 7 1371 1
534 16 163 11 1118 1
535 8 150 9 1783 1
536 49 163 12 1379 1
537 12 154 15 3300 1
538 23 154 15 3300 1
539 22 151 9 1632 1
540 43 151 9 1632 1
541 17 150 8 1345 1
542 9 172 16 2192 1
543 17 172 16 2192 1
544 27 155 11 1063 1
545 16 150 13 2501 1
546 2 183 10 2315 1
547 13 152 16 1723 1
548 9 179 10 1029 1
549 17 179 10 1029 1
550 18 165 14 2744 1
551 7 183 7 938 1
552 22 151 6 910 1
553 21 180 11 1526 1
554 41 180 11 1526 1
555 12 155 23 3868 1
556 23 169 8 860 1
557 45 169 8 860 1
558 12 176 16 1568 1
559 9 169 8 1696 1
560 25 183 16 3522 1
561 14 164 16 1940 1
562 14 151 10 1270 1
563 24 151 6 1105 1
564 9 177 16 2053 1
565 23 162 18 1974 1
566 29 174 12 2776 1
567 29 162 10 2347 1
568 23 155 5 405 1
569 8 169 3 603 1
570 25 165 4 880 1
571 9 150 16 1361 1
572 17 150 16 1361 1
573 23 173 12 2290 1
574 33 160 13 1808 1
575 22 176 13 2704 1
576 24 178 15 2048 1
577 23 180 15 3110 1
578 8 176 13 2720 1
579 15 176 13 2720 1
580 29 159 14 1157 1
581 24 181 12 1674 1
582 47 181 12 1674 1
583 8 168 15 2856 1
584 16 173 9 812 1
585 31 173 9 812 1
586 3 168 23 5796 1
587 33 176 19 4914 1
588 65 176 19 4914 1
589 37 180 12 2889 1
590 9 162 10 1194 1
591 22 165 7 1055 1
592 24 182 12 2146 1
593 47 182 12 2146 1
594 31 170 17 1930 1
595 27 154 16 2801 1
596 53 154 16 2801 1
597 23 154 7 582 1
598 45 154 7 582 1
599 22 174 17 1483 1
600 28 159 15 1622 1
601 15 168 16 1716 1
602 9 182 5 1203 1
603 24 181 6 1226 1
604 47 163 17 2286 1
605 28 161 14 1158 1
606 19 176 16 3391 1
607 23 164 9 1288 1
608 8 172 5 1006 1
609 14 176 13 1782 1
610 25 173 8 1585 1
611 25 183 16 2499 1
612 26 160 11 1712 1
613 51 160 11 1712 1
614 23 180 17 3463 1
615 45 180 17 3463 1
616 2 178 18 4002 1
617 16 172 13 2953 1
618 8 173 13 2799 1
619 9 177 7 630 1
620 8 174 5 592 1
621 15 174 5 592 1
622 22 174 5 592 1
623 10 180 13 1502 1
624 48 182 10 1955 1
625 23 176 13 2233 1
626 16 154 6 1241 1
627 8 178 11 1305 1
628 24 162 4 927 1
629 14 181 8 1218 1
630 13 176 11 1174 1
631 24 163 11 2062 1
632 8 155 9 1626 1
633 2 179 7 740 1
634 21 218 12 1956 1
635 21 217 17 2645 1
636 14 213 14 3442 1
637 33 208 11 1655 1
638 22 221 1 117 1
639 23 185 8 1511 1
640 45 185 8 1511 1
641 4 218 10 2949 1
642 22 222 11 2342 1
643 26 217 16 2644 1
644 29 198 5 752 1
645 4 223 9 2957 1
646 16 216 12 1848 1
647 14 223 13 3925 1
648 25 223 10 1337 1
649 9 229 20 2420 1
650 17 229 20 2420 1
651 29 209 6 1526 1
652 14 188 10 1581 1
653 7 227 15 3970 1
654 54 188 13 3071 1
655 36 218 6 1146 1
656 71 218 6 1146 1
657 29 195 12 3292 1
658 26 200 14 2035 1
659 51 200 14 2035 1
660 76 200 14 2035 1
661 8 198 6 1322 1
662 29 213 10 2676 1
663 57 213 10 2676 1
664 85 213 10 2676 1
665 16 210 28 6758 1
666 36 210 16 2395 1
667 71 210 16 2395 1
668 24 213 16 2530 1
669 21 217 19 2074 1
670 41 217 19 2074 1
671 20 213 16 4616 1
672 39 213 16 4616 1
673 51 216 9 1275 1
674 61 232 10 2259 1
675 20 228 9 2053 1
676 39 228 9 2053 1
677 47 186 7 882 1
678 15 209 13 2174 1
679 30 192 18 4324 1
680 29 196 14 3520 1
681 29 191 13 3430 1
682 22 220 12 2136 1
683 17 191 16 3539 1
684 15 216 8 2567 1
685 17 192 9 1019 1
686 1 189 14 3669 1
687 16 217 5 1312 1
688 31 217 5 1312 1
689 35 208 4 1065 1
690 16 216 10 3039 1
691 30 198 17 3946 1
692 68 186 8 1470 1
693 15 231 17 4783 1
694 8 208 9 2271 1
695 16 192 15 3179 1
696 31 192 15 3179 1
697 20 185 13 2887 1
698 22 221 13 3836 1
699 2 194 3 640 1
700 22 213 9 2624 1
701 43 213 9 2624 1
702 16 200 10 1861 1
703 9 200 10 2139 1
704 38 194 9 1825 1
705 75 194 9 1825 1
706 22 218 9 2889 1
707 24 195 9 2436 1
708 23 228 14 3144 1
709 23 228 17 2951 1
710 46 208 10 1385 1
711 91 208 10 1385 1
712 136 208 10 1385 1
713 35 195 13 3112 1
714 203 189 10 1389 1
715 20 208 6 761 1
716 51 216 16 3313 1
717 28 196 14 2738 1
718 9 202 22 2988 1
719 10 228 19 3823 1
720 28 212 11 1202 1
721 23 185 12 1558 1
722 21 227 18 2553 1
723 22 229 7 1425 1
724 33 228 7 1742 1
725 13 228 14 2062 1
726 34 222 15 3505 1
727 67 222 15 3505 1
728 9 223 13 3090 1
729 17 223 13 3090 1
730 8 231 18 2813 1
731 4 227 13 1486 1
732 30 213 10 2064 1
733 39 188 10 1812 1
734 23 184 9 1262 1
735 22 184 13 3179 1
736 24 194 12 2547 1
737 34 216 9 1988 1
738 8 213 18 2856 1
739 20 189 6 1015 1
740 39 189 6 1015 1
741 29 222 9 1174 1
742 36 200 8 2020 1
743 20 213 12 1561 1
744 37 213 10 1205 1
745 23 212 24 4493 1
746 45 212 24 4493 1
747 67 212 24 4493 1
748 89 212 24 4493 1
749 111 212 24 4493 1
750 17 193 15 2507 1
751 28 208 21 6410 1
752 6 191 10 2161 1
753 11 222 14 3516 1
754 18 213 13 3301 1
755 38 184 12 1841 1
756 16 202 12 1760 1
757 28 221 17 4940 1
758 18 228 17 2355 1
759 29 213 11 2007 1
760 25 209 19 3113 1
761 49 209 19 3113 1
762 23 198 6 1774 1
763 45 198 6 1774 1
764 26 227 12 2416 1
765 17 189 7 1345 1
766 33 189 7 1345 1
767 65 185 12 1206 1
768 37 213 4 773 1
769 32 222 9 1241 1
770 37 185 13 3465 1
771 17 193 6 1078 1
772 33 193 6 1078 1
773 42 188 15 3801 1
774 79 211 10 2636 1
775 45 277 16 5494 1
776 40 271 14 4281 1
777 75 287 18 5402 1
778 149 287 18 5402 1
779 44 268 23 8516 1
780 87 268 23 8516 1
781 130 268 23 8516 1
782 44 295 21 7272 1
783 44 276 26 5977 1
784 51 282 30 7101 1
785 43 295 31 5213 1
786 43 260 12 1726 1
787 85 260 12 1726 1
788 44 275 16 3319 1
789 87 275 16 3319 1
790 54 283 29 11102 1
791 107 283 29 11102 1
792 50 256 31 6392 1
793 99 256 31 6392 1
794 35 294 24 8270 1
795 65 255 20 4614 1
796 47 296 15 5412 1
797 10 267 9 3345 1
798 19 267 9 3345 1
799 28 267 9 3345 1
800 45 281 12 2545 1
801 42 261 32 4568 1
802 37 294 9 3054 1
803 37 296 40 15605 1
804 45 265 13 2584 1
805 16 267 32 11960 1
806 71 247 12 4068 1
807 37 263 16 5732 1
808 45 283 19 7794 1
809 42 283 10 3955 1
810 83 283 10 3955 1
811 124 283 10 3955 1
812 165 283 10 3955 1
813 41 285 9 1332 1
814 20 241 10 1964 1
815 43 266 21 8161 1
816 50 283 13 4767 1
817 45 267 12 2631 1
818 89 267 12 2631 1
819 40 271 15 5703 1
820 40 281 28 8732 1
821 79 281 28 8732 1
822 118 281 28 8732 1
823 50 250 33 11079 1
824 59 268 26 8629 1
825 36 292 12 4603 1
826 44 262 7 2014 1
827 36 279 16 4823 1
828 43 296 23 3568 1
829 85 296 23 3568 1
830 127 296 23 3568 1
831 169 296 23 3568 1
832 211 296 23 3568 1
833 253 296 23 3568 1
834 295 296 23 3568 1
835 337 296 23 3568 1
836 379 296 23 3568 1
837 45 283 30 11973 1
838 49 276 12 4074 1
839 64 250 10 1343 1
840 43 276 28 4834 1
841 36 271 18 5419 1
842 44 264 15 3960 1
843 87 264 15 3960 1
844 204 240 13 3975 1
845 2 239 15 4596 1
846 37 275 42 11311 1
847 47 261 7 2561 1
848 93 261 7 2561 1
849 139 261 7 2561 1
850 69 280 20 3714 1
851 137 280 20 3714 1
852 42 261 8 1950 1
853 43 266 13 4003 1
854 85 266 13 4003 1
855 127 266 13 4003 1
856 169 266 13 4003 1
857 31 266 14 3077 1
858 43 259 15 4549 1
859 44 290 22 7958 1
860 87 290 22 7958 1
861 130 290 22 7958 1
862 173 290 22 7958 1
863 37 267 16 5963 1
864 43 283 18 3081 1
865 85 283 18 3081 1
866 41 296 16 5019 1
867 19 266 12 4217 1
868 37 266 12 4217 1
869 50 259 13 2617 1
870 99 259 13 2617 1
871 76 262 8 2892 1
872 151 262 8 2892 1
873 156 262 9 1989 1
874 40 270 24 9142 1
875 67 264 20 4000 1
876 36 294 16 2567 1
877 272 240 44 12167 1
878 32 261 22 7621 1
879 15 281 27 4021 1
880 12 279 21 8434 1
881 23 279 21 8434 1
882 45 265 19 5713 1
883 42 278 9 1472 1
884 83 278 9 1472 1
885 124 278 9 1472 1
886 165 278 9 1472 1
887 206 278 9 1472 1
888 247 278 9 1472 1
889 44 295 32 10276 1
890 60 267 17 2861 1
891 35 261 10 2708 1
892 45 296 18 5097 1
893 89 296 18 5097 1
894 133 296 18 5097 1
895 177 296 18 5097 1
896 221 296 18 5097 1
897 265 296 18 5097 1
898 43 270 16 4017 1
899 85 270 16 4017 1
900 51 247 20 6898 1
901 65 295 37 9671 1
902 44 247 9 2046 1
903 87 247 9 2046 1
904 42 280 16 5974 1
905 42 295 29 7877 1
906 83 295 29 7877 1
907 41 295 12 2007 1
908 161 260 13 4047 1
909 83 296 19 3601 1
910 165 296 19 3601 1
911 41 276 14 4034 1
912 81 276 14 4034 1
913 121 276 14 4034 1
914 45 264 11 3336 1
915 89 264 11 3336 1
916 51 269 14 5123 1
917 101 269 14 5123 1
918 44 241 12 4189 1
919 43 262 22 3484 1
920 50 285 31 5730 1
921 76 259 4 840 1
922 151 259 4 840 1
923 226 259 4 840 1
924 43 265 29 11212 1
925 85 265 29 11212 1
926 58 290 8 1819 1
927 44 281 22 4781 1
928 87 281 22 4781 1
929 43 262 11 3298 1
930 10 255 14 3738 1
931 19 255 14 3738 1
932 56 255 22 5363 1
933 47 280 8 3174 1
934 43 287 32 11403 1
935 21 336 14 4408 1
936 79 306 22 5558 1
937 50 340 16 7187 1
938 99 340 16 7187 1
939 35 329 14 4410 1
940 44 318 13 4576 1
941 87 318 13 4576 1
942 24 304 31 8883 1
943 51 334 16 3555 1
944 44 304 24 6220 1
945 44 333 24 9004 1
946 42 301 31 10669 1
947 43 318 10 2249 1
948 57 335 11 5449 1
949 51 335 19 3674 1
950 43 301 13 3205 1
951 56 347 9 3992 1
952 47 336 52 16030 1
953 199 319 52 11876 1
954 44 334 30 11958 1
955 44 304 17 5576 1
956 87 304 17 5576 1
957 46 323 11 3656 1
958 91 323 11 3656 1
959 45 336 39 18387 1
960 107 319 15 2885 1
961 44 329 10 4811 1
962 48 336 11 2845 1
963 59 347 21 5402 1
964 58 332 14 5139 1
965 43 300 22 7724 1
966 21 301 28 5426 1
967 58 306 13 4565 1
968 50 324 12 2893 1
969 151 337 16 4849 1
970 43 300 16 6961 1
971 51 318 14 3435 1
972 145 347 16 2923 1
973 42 301 31 4896 1
974 83 301 31 4896 1
975 124 301 31 4896 1
976 212 321 21 3772 1
977 15 337 11 2351 1
978 42 334 9 4412 1
979 47 333 27 10601 1
980 43 324 41 12067 1
981 64 318 14 5854 1
982 46 306 23 9747 1
983 91 306 23 9747 1
984 50 304 12 4321 1
985 99 304 12 4321 1
986 71 301 12 1885 1
987 66 323 19 8081 1
988 3 336 32 12799 1
989 5 336 32 12799 1
990 7 336 32 12799 1
991 108 324 13 4878 1
992 44 335 16 3887 1
993 101 329 20 8077 1
994 44 340 23 9465 1
995 37 325 16 2794 1
996 58 335 41 9522 1
997 44 324 23 4245 1
998 51 318 19 3210 1
999 101 318 19 3210 1
1000 49 336 17 6714 1
1001 36 337 12 6062 1
1002 54 340 21 4935 1
1003 50 323 17 7141 1
1004 99 323 17 7141 1
1005 123 306 17 7169 1
1006 47 302 15 4514 1
1007 37 347 14 4581 1
1008 37 323 16 6421 1
1009 73 323 16 6421 1
1010 109 323 16 6421 1
1011 43 334 10 2284 1
1012 85 334 10 2284 1
1013 127 334 10 2284 1
1014 169 334 10 2284 1
1015 211 334 10 2284 1
1016 40 306 11 3819 1
1017 43 306 21 7950 1
1018 4 337 49 13494 1
1019 49 302 23 5953 1
1020 47 318 17 7148 1
1021 44 305 12 2155 1
1022 97 305 14 3171 1
1023 44 325 12 4265 1
1024 79 329 10 4109 1
1025 159 350 210 59005 1
1026 61 364 37 10367 1
1027 15 366 39 8287 1
1028 49 366 549 265011 1
1029 48 349 33 12708 1
1030 95 349 33 12708 1
1031 114 366 141 61521 1
1032 42 366 17 3880 1
1033 50 349 17 7831 1
1034 99 349 17 7831 1
1035 75 349 9 3627 1
1036 114 351 18 5507 1
1037 227 351 18 5507 1
26
500 500 500 500 500 500 500 500 500 500 500 500 500 500 500 500 500 500 500 500 500 500 500 500 500 500 