1037
1 4 85 2 175 1
2 3 75 9 749 1
3 5 75 9 749 1
4 7 75 9 749 1
5 9 75 9 749 1
6 11 75 9 749 1
7 13 75 9 749 1
8 15 75 9 749 1
9 17 75 9 749 1
10 4 75 2 107 1
11 14 85 2 243 1
12 32 99 6 768 1
13 3 85 5 467 1
14 4 99 3 211 1
15 7 99 3 211 1
16 5 99 1 72 1
17 9 99 1 72 1
18 13 99 1 72 1
19 17 99 1 72 1
20 21 99 1 72 1
21 25 99 1 72 1
22 28 85 3 208 1
23 55 85 3 208 1
24 5 75 2 152 1
25 9 75 2 152 1
26 2 100 4 349 1
27 3 100 4 349 1
28 4 100 4 349 1
29 4 99 5 400 1
30 6 99 1 141 1
31 11 99 1 141 1
32 16 85 1 83 1
33 3 100 4 532 1
34 5 100 4 532 1
35 19 100 1 103 1
36 2 99 2 294 1
37 3 99 2 294 1
38 4 99 2 294 1
39 4 85 8 559 1
40 7 85 8 559 1
41 10 85 8 559 1
42 13 85 8 559 1
43 16 85 8 559 1
44 19 85 8 559 1
45 19 85 4 354 1
46 3 75 2 137 1
47 34 99 4 312 1
48 4 85 3 159 1
49 7 85 3 159 1
50 10 85 3 159 1
51 13 85 3 159 1
52 11 99 1 125 1
53 3 100 7 809 1
54 2 75 1 55 1
55 3 75 1 55 1
56 4 75 1 55 1
57 33 75 2 172 1
58 65 75 2 172 1
59 97 75 2 172 1
60 2 100 4 579 1
61 3 100 4 579 1
62 8 116 9 1512 1
63 15 116 9 1512 1
64 22 116 9 1512 1
65 15 140 7 639 1
66 29 140 7 639 1
67 43 140 7 639 1
68 57 140 7 639 1
69 9 142 10 1917 1
70 17 142 10 1917 1
71 19 102 9 765 1
72 37 102 9 765 1
73 8 139 15 1327 1
74 15 139 15 1327 1
75 22 139 15 1327 1
76 9 146 15 2825 1
77 17 146 15 2825 1
78 25 146 15 2825 1
79 16 145 15 2743 1
80 31 145 15 2743 1
81 46 145 15 2743 1
82 24 145 12 2412 1
83 47 145 12 2412 1
84 13 125 13 1251 1
85 9 124 11 1983 1
86 9 144 9 877 1
87 8 109 21 2019 1
88 8 125 10 1258 1
89 15 125 10 1258 1
90 8 144 13 1187 1
91 15 144 13 1187 1
92 22 144 13 1187 1
93 16 124 12 1503 1
94 31 124 12 1503 1
95 8 146 14 1879 1
96 14 121 10 829 1
97 9 146 12 914 1
98 17 146 12 914 1
99 25 146 12 914 1
100 33 146 12 914 1
101 41 146 12 914 1
102 49 146 12 914 1
103 57 146 12 914 1
104 65 146 12 914 1
105 73 146 12 914 1
106 81 146 12 914 1
107 89 146 12 914 1
108 10 133 11 2028 1
109 19 133 11 2028 1
110 28 133 11 2028 1
111 37 133 11 2028 1
112 46 133 11 2028 1
113 55 133 11 2028 1
114 8 139 11 1299 1
115 15 139 11 1299 1
116 18 146 14 2230 1
117 35 146 14 2230 1
118 9 125 14 1415 1
119 17 125 14 1415 1
120 25 125 14 1415 1
121 33 125 14 1415 1
122 41 125 14 1415 1
123 49 125 14 1415 1
124 5 141 8 741 1
125 9 144 11 2275 1
126 17 144 11 2275 1
127 25 144 11 2275 1
128 19 135 9 756 1
129 9 137 14 2715 1
130 8 133 14 1714 1
131 15 133 14 1714 1
132 22 133 14 1714 1
133 29 133 14 1714 1
134 7 135 14 1942 1
135 13 135 14 1942 1
136 19 135 14 1942 1
137 8 130 10 788 1
138 15 130 10 788 1
139 16 135 13 1077 1
140 10 102 7 717 1
141 19 102 7 717 1
142 9 115 12 1300 1
143 17 115 12 1300 1
144 9 116 12 748 1
145 12 116 12 1195 1
146 9 113 5 402 1
147 17 113 5 402 1
148 25 113 5 402 1
149 33 113 5 402 1
150 19 109 5 423 1
151 6 144 10 1194 1
152 10 140 14 2649 1
153 19 140 14 2649 1
154 28 140 14 2649 1
155 37 140 14 2649 1
156 46 140 14 2649 1
157 55 140 14 2649 1
158 8 137 12 2067 1
159 15 137 12 2067 1
160 22 137 12 2067 1
161 29 137 12 2067 1
162 36 137 12 2067 1
163 7 149 19 2213 1
164 8 121 10 1391 1
165 11 130 11 1871 1
166 21 130 11 1871 1
167 31 130 11 1871 1
168 10 130 15 1193 1
169 8 145 8 659 1
170 15 145 8 659 1
171 22 145 8 659 1
172 9 138 22 3663 1
173 12 109 13 995 1
174 9 141 15 2729 1
175 9 149 19 2841 1
176 8 149 17 2827 1
177 15 149 17 2827 1
178 20 148 17 1731 1
179 39 148 17 1731 1
180 58 148 17 1731 1
181 8 143 11 1434 1
182 9 130 12 1719 1
183 9 137 10 1971 1
184 9 133 8 1351 1
185 17 133 8 1351 1
186 25 133 8 1351 1
187 33 133 8 1351 1
188 41 133 8 1351 1
189 9 133 10 815 1
190 17 133 10 815 1
191 11 125 12 970 1
192 8 113 12 1036 1
193 15 113 12 1036 1
194 14 124 17 1627 1
195 91 140 12 1490 1
196 7 136 17 2028 1
197 13 136 17 2028 1
198 23 147 10 1199 1
199 9 125 10 1713 1
200 14 145 21 3184 1
201 27 145 21 3184 1
202 9 148 20 3290 1
203 12 145 11 1892 1
204 117 140 14 1827 1
205 2 135 13 1971 1
206 8 124 6 441 1
207 14 139 5 884 1
208 27 139 5 884 1
209 6 147 18 1899 1
210 9 136 11 1732 1
211 14 133 13 1057 1
212 13 149 18 3900 1
213 16 142 13 1422 1
214 31 142 13 1422 1
215 15 122 15 1285 1
216 29 122 15 1285 1
217 8 116 5 435 1
218 10 124 11 913 1
219 9 146 14 1549 1
220 13 116 13 996 1
221 16 109 9 1386 1
222 9 136 5 413 1
223 15 140 12 1422 1
224 8 144 14 2206 1
225 11 141 9 1039 1
226 8 142 11 1919 1
227 15 142 11 1919 1
228 22 142 11 1919 1
229 10 146 6 573 1
230 12 147 8 1091 1
231 16 116 8 1080 1
232 7 115 9 1508 1
233 13 115 9 1508 1
234 8 125 9 1250 1
235 10 142 17 2393 1
236 13 145 13 2807 1
237 8 109 10 1487 1
238 15 109 10 1487 1
239 22 109 10 1487 1
240 29 109 10 1487 1
241 9 140 9 1454 1
242 17 140 9 1454 1
243 10 135 9 780 1
244 19 135 9 780 1
245 28 135 9 780 1
246 37 135 9 780 1
247 46 135 9 780 1
248 55 135 9 780 1
249 9 116 10 1201 1
250 17 116 10 1201 1
251 25 116 10 1201 1
252 33 116 10 1201 1
253 8 143 11 938 1
254 15 143 11 938 1
255 22 143 11 938 1
256 29 143 11 938 1
257 9 108 8 788 1
258 8 136 7 1021 1
259 15 136 7 1021 1
260 10 146 14 1439 1
261 9 143 17 1773 1
262 11 116 11 1081 1
263 9 130 6 1130 1
264 9 109 13 1252 1
265 17 109 13 1252 1
266 9 149 11 931 1
267 9 140 8 1334 1
268 8 125 12 1314 1
269 9 116 11 1140 1
270 9 113 14 1820 1
271 17 113 14 1820 1
272 8 138 14 1427 1
273 10 140 10 1399 1
274 11 140 10 1308 1
275 7 124 10 1076 1
276 8 121 11 1770 1
277 8 115 8 530 1
278 10 136 12 1167 1
279 78 124 12 1720 1
280 21 109 9 1009 1
281 8 141 10 1183 1
282 15 141 10 1183 1
283 22 141 10 1183 1
284 29 141 10 1183 1
285 9 102 5 388 1
286 17 102 5 388 1
287 25 102 5 388 1
288 10 122 10 1655 1
289 19 122 10 1655 1
290 28 122 10 1655 1
291 13 115 10 765 1
292 25 115 10 765 1
293 9 143 12 1187 1
294 9 121 11 1341 1
295 17 121 11 1341 1
296 25 121 11 1341 1
297 9 115 18 1712 1
298 17 147 15 3206 1
299 8 121 9 644 1
300 15 116 10 1551 1
301 29 116 10 1551 1
302 9 121 10 1487 1
303 9 124 11 902 1
304 17 124 11 902 1
305 25 124 11 902 1
306 9 115 17 2543 1
307 17 115 17 2543 1
308 16 125 17 2956 1
309 12 145 7 843 1
310 10 109 10 928 1
311 10 146 15 1127 1
312 9 121 14 1829 1
313 17 121 14 1829 1
314 25 121 14 1829 1
315 8 137 10 1945 1
316 9 143 14 1726 1
317 17 143 14 1726 1
318 25 143 14 1726 1
319 33 143 14 1726 1
320 41 143 14 1726 1
321 49 143 14 1726 1
322 8 130 17 2360 1
323 15 130 17 2360 1
324 22 130 17 2360 1
325 29 130 17 2360 1
326 36 130 17 2360 1
327 8 146 18 2999 1
328 8 115 10 1245 1
329 17 108 7 1100 1
330 33 108 7 1100 1
331 9 139 12 1466 1
332 17 139 12 1466 1
333 8 130 12 984 1
334 15 130 12 984 1
335 14 116 7 479 1
336 8 116 10 1383 1
337 15 116 10 1383 1
338 13 113 7 567 1
339 8 121 10 662 1
340 8 133 4 677 1
341 15 133 4 677 1
342 8 134 9 907 1
343 8 102 9 1071 1
344 15 102 9 1071 1
345 17 124 9 890 1
346 33 124 9 890 1
347 49 124 9 890 1
348 65 124 9 890 1
349 81 124 9 890 1
350 97 124 9 890 1
351 8 113 3 371 1
352 8 124 13 1794 1
353 8 121 19 2869 1
354 8 121 14 2350 1
355 15 121 14 2350 1
356 22 121 14 2350 1
357 29 121 14 2350 1
358 8 144 10 2133 1
359 15 144 10 2133 1
360 22 144 10 2133 1
361 21 124 6 1106 1
362 19 124 2 174 1
363 9 122 10 861 1
364 17 122 10 861 1
365 14 143 14 1529 1
366 27 143 14 1529 1
367 9 140 15 2730 1
368 17 140 15 2730 1
369 9 144 18 2643 1
370 17 144 18 2643 1
371 8 113 10 1347 1
372 9 137 13 2558 1
373 17 137 13 2558 1
374 25 137 13 2558 1
375 19 102 8 952 1
376 8 145 14 1151 1
377 11 109 9 573 1
378 9 124 9 825 1
379 8 136 11 1226 1
380 8 122 10 1778 1
381 15 122 10 1778 1
382 22 122 10 1778 1
383 29 122 10 1778 1
384 36 122 10 1778 1
385 3 142 11 1085 1
386 9 137 13 1306 1
387 15 139 9 892 1
388 8 138 8 1204 1
389 15 138 8 1204 1
390 9 134 8 873 1
391 17 134 8 873 1
392 11 134 10 1967 1
393 21 134 10 1967 1
394 31 134 10 1967 1
395 41 134 10 1967 1
396 51 134 10 1967 1
397 9 122 11 1839 1
398 8 124 13 945 1
399 6 144 5 492 1
400 11 144 5 492 1
401 16 144 5 492 1
402 8 143 6 1241 1
403 15 143 6 1241 1
404 22 143 6 1241 1
405 29 143 6 1241 1
406 36 143 6 1241 1
407 9 140 9 1348 1
408 8 108 10 937 1
409 15 108 10 937 1
410 23 116 8 915 1
411 16 140 9 835 1
412 31 140 9 835 1
413 9 142 13 1571 1
414 17 142 13 1571 1
415 25 142 13 1571 1
416 33 142 13 1571 1
417 16 149 9 1173 1
418 9 134 12 935 1
419 17 134 12 935 1
420 25 134 12 935 1
421 33 134 12 935 1
422 11 113 9 708 1
423 3 142 9 1533 1
424 8 149 13 2522 1
425 18 148 13 1446 1
426 35 148 13 1446 1
427 9 147 13 1756 1
428 17 147 13 1756 1
429 25 147 13 1756 1
430 8 116 5 465 1
431 16 135 13 1699 1
432 34 175 11 1380 1
433 22 182 16 1888 1
434 23 152 14 1363 1
435 23 163 12 2049 1
436 16 180 11 1384 1
437 24 169 12 2816 1
438 103 164 17 1787 1
439 10 175 17 3041 1
440 27 176 19 2657 1
441 53 176 19 2657 1
442 10 165 13 2582 1
443 9 155 13 1221 1
444 17 155 13 1221 1
445 25 180 8 1701 1
446 10 168 7 1034 1
447 22 151 7 1369 1
448 15 151 10 1484 1
449 31 167 16 3894 1
450 61 167 16 3894 1
451 8 173 23 2585 1
452 8 155 9 2058 1
453 21 155 12 2139 1
454 23 170 7 895 1
455 26 165 24 5762 1
456 51 165 24 5762 1
457 30 165 18 1979 1
458 8 172 4 955 1
459 15 172 4 955 1
460 25 168 8 1267 1
461 10 177 7 1243 1
462 22 171 22 4825 1
463 9 180 23 3419 1
464 23 163 9 797 1
465 43 176 9 1639 1
466 23 164 17 2282 1
467 24 161 10 2051 1
468 13 159 6 1302 1
469 18 180 13 3359 1
470 38 168 19 4194 1
471 75 168 19 4194 1
472 9 150 8 787 1
473 26 163 13 1455 1
474 30 182 13 1757 1
475 24 177 17 2183 1
476 27 152 8 879 1
477 11 170 12 1988 1
478 22 175 11 2258 1
479 43 175 11 2258 1
480 12 179 18 3713 1
481 9 172 5 1235 1
482 17 172 5 1235 1
483 25 172 5 1235 1
484 40 163 8 1759 1
485 9 174 12 2831 1
486 9 174 8 1484 1
487 17 174 8 1484 1
488 25 174 8 1484 1
489 11 162 10 2249 1
490 16 158 10 1177 1
491 10 178 15 3973 1
492 50 182 8 895 1
493 21 160 18 1813 1
494 21 151 12 2334 1
495 23 161 11 2418 1
496 45 161 11 2418 1
497 17 182 20 3442 1
498 9 159 12 2267 1
499 7 161 3 479 1
500 13 161 3 479 1
501 19 161 3 479 1
502 23 178 9 2391 1
503 9 183 9 839 1
504 17 183 9 839 1
505 22 178 12 1395 1
506 23 173 11 2614 1
507 15 158 11 2498 1
508 19 173 11 1384 1
509 24 168 8 1759 1
510 47 168 8 1759 1
511 12 178 11 2198 1
512 8 152 10 2110 1
513 9 173 16 3628 1
514 24 171 11 1956 1
515 10 163 11 2184 1
516 25 162 16 3285 1
517 49 162 16 3285 1
518 19 170 16 2111 1
519 44 167 18 2469 1
520 24 181 14 2480 1
521 24 159 10 1141 1
522 6 164 6 1435 1
523 23 165 9 2057 1
524 23 178 19 1756 1
525 8 151 7 1129 1
526 22 165 14 1950 1
527 43 165 14 1950 1
528 29 182 18 3022 1
529 1 182 23 4431 1
530 11 162 12 2877 1
531 9 162 16 2667 1
532 9 178 11 1426 1
533 23 169 7 793 1
534 45 169 7 793 1
535 8 173 9 1062 1
536 15 173 9 1062 1
537 22 173 9 1062 1
538 29 173 9 1062 1
539 15 177 10 2578 1
540 29 177 10 2578 1
541 11 183 12 2599 1
542 19 158 8 1778 1
543 37 158 8 1778 1
544 15 180 12 1177 1
545 22 170 13 1454 1
546 23 164 8 1046 1
547 8 173 11 2392 1
548 15 173 11 2392 1
549 9 159 11 1284 1
550 8 176 10 2023 1
551 15 176 10 2023 1
552 27 160 16 2463 1
553 19 179 12 1524 1
554 58 171 8 1220 1
555 8 179 8 1530 1
556 8 169 16 2522 1
557 25 150 11 1839 1
558 10 183 17 1931 1
559 8 169 15 2089 1
560 15 169 15 2089 1
561 34 178 8 965 1
562 67 178 8 965 1
563 23 159 12 1608 1
564 40 170 12 2897 1
565 1 180 9 2151 1
566 7 159 11 2370 1
567 13 154 11 1939 1
568 22 160 11 1867 1
569 24 173 18 4665 1
570 47 173 18 4665 1
571 70 173 18 4665 1
572 21 169 3 283 1
573 41 169 3 283 1
574 61 169 3 283 1
575 29 160 13 2156 1
576 19 175 19 1876 1
577 22 159 9 1566 1
578 43 159 9 1566 1
579 24 180 16 2936 1
580 47 180 16 2936 1
581 27 183 6 1517 1
582 17 152 13 1622 1
583 15 174 9 1103 1
584 22 178 8 1786 1
585 15 170 7 1112 1
586 29 170 7 1112 1
587 42 152 7 873 1
588 23 159 25 2314 1
589 45 159 25 2314 1
590 8 168 20 2279 1
591 22 155 14 2935 1
592 17 178 13 1445 1
593 33 178 13 1445 1
594 49 178 13 1445 1
595 26 158 9 1026 1
596 23 177 13 1407 1
597 45 177 13 1407 1
598 2 150 14 1223 1
599 9 162 9 1784 1
600 9 165 13 2935 1
601 11 161 15 2787 1
602 22 151 15 2187 1
603 35 154 6 614 1
604 9 174 16 3063 1
605 24 176 16 2026 1
606 47 176 16 2026 1
607 9 168 12 1476 1
608 28 160 13 3074 1
609 23 159 6 1048 1
610 8 172 10 1992 1
611 15 172 10 1992 1
612 21 176 12 2282 1
613 41 176 12 2282 1
614 22 158 6 867 1
615 24 181 9 1571 1
616 29 151 11 899 1
617 25 150 13 1781 1
618 8 176 20 4981 1
619 25 170 13 2888 1
620 49 170 13 2888 1
621 16 163 7 819 1
622 20 151 12 1146 1
623 22 174 18 2064 1
624 23 150 10 1124 1
625 17 180 16 2282 1
626 22 172 12 1513 1
627 15 170 10 1407 1
628 1 163 9 1345 1
629 28 179 12 2894 1
630 55 179 12 2894 1
631 8 158 14 1972 1
632 10 161 14 1918 1
633 8 170 19 1899 1
634 9 222 10 1349 1
635 19 194 18 2827 1
636 34 184 10 1595 1
637 29 210 15 3215 1
638 22 193 9 1819 1
639 43 193 9 1819 1
640 24 221 23 6568 1
641 33 192 13 3700 1
642 29 220 11 3159 1
643 8 209 14 3176 1
644 13 199 3 781 1
645 25 189 20 3058 1
646 22 217 10 2740 1
647 43 217 10 2740 1
648 50 208 5 984 1
649 30 195 6 1348 1
650 59 195 6 1348 1
651 16 212 19 2851 1
652 31 211 2 462 1
653 15 186 13 3494 1
654 18 222 12 2813 1
655 23 200 12 2116 1
656 30 216 23 4305 1
657 9 208 13 3341 1
658 17 208 13 3341 1
659 23 227 5 1233 1
660 20 197 13 2469 1
661 39 197 13 2469 1
662 68 189 14 3434 1
663 18 212 14 2674 1
664 16 213 9 2232 1
665 36 199 17 2222 1
666 10 196 8 1111 1
667 17 209 10 2851 1
668 66 200 9 2439 1
669 14 213 14 3392 1
670 7 229 10 2090 1
671 30 232 19 2602 1
672 14 185 9 2290 1
673 27 185 9 2290 1
674 40 185 9 2290 1
675 29 189 6 911 1
676 57 189 6 911 1
677 28 217 12 3105 1
678 24 193 13 3684 1
679 16 189 14 2246 1
680 10 227 8 1800 1
681 28 188 9 1886 1
682 9 202 13 2775 1
683 30 196 11 3071 1
684 59 196 11 3071 1
685 7 198 8 1266 1
686 22 188 12 1622 1
687 22 188 7 1664 1
688 40 220 9 2454 1
689 31 199 16 3500 1
690 31 231 12 2628 1
691 25 210 10 2553 1
692 49 210 10 2553 1
693 73 210 10 2553 1
694 97 210 10 2553 1
695 25 210 8 1377 1
696 49 210 8 1377 1
697 15 208 7 922 1
698 24 186 13 3449 1
699 29 229 6 1631 1
700 33 220 10 2998 1
701 23 193 8 1809 1
702 37 197 8 967 1
703 73 197 8 967 1
704 31 186 13 2278 1
705 61 186 13 2278 1
706 2 227 17 3691 1
707 29 222 16 3233 1
708 64 188 18 2107 1
709 15 220 14 3359 1
710 24 186 10 2682 1
711 29 213 8 2079 1
712 16 186 8 2116 1
713 11 191 4 575 1
714 23 199 12 2518 1
715 30 194 14 2657 1
716 27 192 6 602 1
717 7 232 20 2372 1
718 23 184 12 2209 1
719 45 184 12 2209 1
720 34 211 18 3880 1
721 10 232 14 4520 1
722 29 189 4 739 1
723 29 202 4 971 1
724 36 191 12 2978 1
725 36 188 11 2473 1
726 24 196 8 1216 1
727 9 223 14 3201 1
728 29 222 8 2624 1
729 37 196 9 2018 1
730 15 210 7 1177 1
731 29 202 1 173 1
732 22 202 9 2331 1
733 21 211 18 2739 1
734 42 198 9 2594 1
735 19 216 6 1941 1
736 79 196 9 2396 1
737 41 194 11 2634 1
738 21 210 13 2356 1
739 22 188 13 1760 1
740 37 228 15 3522 1
741 29 194 9 1248 1
742 29 227 13 4270 1
743 38 210 14 3825 1
744 75 210 14 3825 1
745 112 210 14 3825 1
746 18 198 10 2424 1
747 31 200 11 1530 1
748 38 213 15 3441 1
749 25 222 11 2352 1
750 49 222 11 2352 1
751 73 222 11 2352 1
752 18 222 25 5765 1
753 35 222 25 5765 1
754 52 222 25 5765 1
755 69 222 25 5765 1
756 7 223 11 3557 1
757 13 223 11 3557 1
758 10 231 16 2359 1
759 21 232 14 2364 1
760 41 193 6 1561 1
761 22 194 13 2603 1
762 43 194 13 2603 1
763 42 232 14 1646 1
764 38 192 6 1103 1
765 29 186 19 3175 1
766 23 220 18 3715 1
767 31 202 12 2525 1
768 30 220 11 2429 1
769 22 196 14 2310 1
770 24 199 7 1330 1
771 68 189 7 1276 1
772 31 229 14 3834 1
773 15 231 17 3698 1
774 26 217 9 2770 1
775 44 268 16 3439 1
776 51 280 19 4880 1
777 51 261 15 3093 1
778 41 260 10 2177 1
779 81 260 10 2177 1
780 121 260 10 2177 1
781 45 280 37 8776 1
782 61 241 9 1464 1
783 43 292 11 4419 1
784 36 294 13 5205 1
785 32 268 16 5422 1
786 44 278 11 4403 1
787 54 239 15 2978 1
788 107 239 15 2978 1
789 160 239 15 2978 1
790 48 285 17 6552 1
791 95 285 17 6552 1
792 45 280 12 3202 1
793 43 240 8 1274 1
794 85 240 8 1274 1
795 127 240 8 1274 1
796 169 240 8 1274 1
797 79 247 24 8733 1
798 43 262 10 3118 1
799 44 266 14 4610 1
800 40 271 23 8547 1
801 43 295 10 2055 1
802 59 278 18 5821 1
803 44 264 13 4031 1
804 43 239 16 2901 1
805 85 239 16 2901 1
806 23 294 34 11435 1
807 44 263 9 1897 1
808 43 261 18 6748 1
809 85 261 18 6748 1
810 43 263 16 5426 1
811 85 263 16 5426 1
812 42 271 40 10786 1
813 25 281 9 1573 1
814 18 240 19 2773 1
815 35 240 19 2773 1
816 45 287 25 10553 1
817 89 287 25 10553 1
818 133 287 25 10553 1
819 177 287 25 10553 1
820 56 281 14 3173 1
821 111 281 14 3173 1
822 37 267 16 5208 1
823 7 277 11 1817 1
824 55 279 12 2753 1
825 109 279 12 2753 1
826 163 279 12 2753 1
827 217 279 12 2753 1
828 44 275 18 6887 1
829 33 292 16 5347 1
830 35 255 11 2286 1
831 50 266 16 4418 1
832 21 262 15 3097 1
833 41 262 15 3097 1
834 61 262 15 3097 1
835 80 262 8 2011 1
836 36 247 9 1429 1
837 43 260 10 2084 1
838 44 239 22 5129 1
839 44 276 19 5645 1
840 87 276 19 5645 1
841 44 268 8 2532 1
842 87 268 8 2532 1
843 31 287 27 8471 1
844 45 250 8 2417 1
845 89 250 8 2417 1
846 45 296 16 4434 1
847 89 296 16 4434 1
848 133 296 16 4434 1
849 177 296 16 4434 1
850 221 296 16 4434 1
851 265 296 16 4434 1
852 28 267 21 6753 1
853 55 267 21 6753 1
854 82 267 21 6753 1
855 109 267 21 6753 1
856 37 287 20 3127 1
857 37 282 11 4491 1
858 44 295 38 16306 1
859 87 295 38 16306 1
860 27 250 21 7790 1
861 43 282 16 4682 1
862 45 287 14 2212 1
863 44 276 23 8267 1
864 87 276 23 8267 1
865 37 271 17 3090 1
866 61 241 19 5747 1
867 2 296 18 7810 1
868 51 285 10 3631 1
869 45 292 20 4346 1
870 27 264 17 3093 1
871 53 264 17 3093 1
872 10 260 34 8535 1
873 43 241 14 4992 1
874 44 267 21 3238 1
875 62 262 13 4939 1
876 42 294 13 3136 1
877 83 294 13 3136 1
878 47 261 25 6758 1
879 57 263 16 6086 1
880 75 265 9 2293 1
881 94 262 10 3290 1
882 187 262 10 3290 1
883 13 256 13 2698 1
884 25 256 13 2698 1
885 37 256 13 2698 1
886 49 256 13 2698 1
887 61 256 13 2698 1
888 65 266 35 4771 1
889 80 265 11 1670 1
890 44 275 9 1251 1
891 87 275 9 1251 1
892 44 294 29 7447 1
893 87 294 29 7447 1
894 42 268 24 4143 1
895 83 268 24 4143 1
896 124 268 24 4143 1
897 51 241 16 4491 1
898 43 278 10 3288 1
899 44 285 25 7188 1
900 50 281 6 1901 1
901 42 280 22 5040 1
902 48 290 18 3823 1
903 43 260 18 3126 1
904 35 281 11 4540 1
905 45 259 8 1331 1
906 89 259 8 1331 1
907 45 250 19 3429 1
908 89 250 19 3429 1
909 133 250 19 3429 1
910 43 266 17 6002 1
911 64 239 29 9561 1
912 40 287 13 3486 1
913 43 276 26 6888 1
914 14 255 14 2623 1
915 50 295 10 2680 1
916 99 295 10 2680 1
917 84 264 24 6799 1
918 44 247 10 1400 1
919 44 265 11 1999 1
920 87 265 11 1999 1
921 45 262 21 7560 1
922 2 283 27 8504 1
923 76 255 19 6386 1
924 151 255 19 6386 1
925 43 285 38 6975 1
926 42 247 12 3849 1
927 83 247 12 3849 1
928 46 278 28 10017 1
929 91 278 28 10017 1
930 62 277 8 1443 1
931 62 282 28 11557 1
932 123 282 28 11557 1
933 184 282 28 11557 1
934 44 270 18 3076 1
935 52 324 25 6251 1
936 51 335 32 11313 1
937 44 336 15 4069 1
938 24 329 15 5368 1
939 44 337 18 4329 1
940 44 332 41 7381 1
941 87 332 41 7381 1
942 41 332 23 6604 1
943 31 329 20 5901 1
944 44 300 23 3727 1
945 42 319 27 5777 1
946 83 319 27 5777 1
947 43 333 13 2178 1
948 85 333 13 2178 1
949 127 333 13 2178 1
950 44 332 8 3375 1
951 38 332 32 11596 1
952 44 334 40 8960 1
953 87 334 40 8960 1
954 130 334 40 8960 1
955 58 321 11 4029 1
956 11 340 20 8800 1
957 9 318 16 3202 1
958 58 304 33 14194 1
959 47 334 18 6208 1
960 93 334 18 6208 1
961 139 334 18 6208 1
962 106 321 46 21566 1
963 52 301 12 3943 1
964 45 324 22 6833 1
965 64 325 12 2343 1
966 42 304 20 6068 1
967 66 300 19 4119 1
968 45 304 15 6781 1
969 37 302 15 5602 1
970 65 332 12 2441 1
971 91 323 15 6386 1
972 181 323 15 6386 1
973 50 340 18 3916 1
974 99 340 18 3916 1
975 111 337 45 20355 1
976 44 306 15 6657 1
977 87 306 15 6657 1
978 44 306 18 3738 1
979 57 321 21 4429 1
980 42 305 14 4438 1
981 83 305 14 4438 1
982 43 305 12 5293 1
983 86 335 25 9881 1
984 50 334 40 13699 1
985 99 334 40 13699 1
986 43 336 28 4939 1
987 47 347 18 4818 1
988 93 347 18 4818 1
989 47 302 18 4440 1
990 93 302 18 4440 1
991 82 324 18 4694 1
992 138 302 10 2320 1
993 37 334 23 8522 1
994 50 301 10 3319 1
995 44 329 28 11968 1
996 57 321 8 1932 1
997 42 340 21 9112 1
998 54 335 15 3696 1
999 107 335 15 3696 1
1000 160 335 15 3696 1
1001 213 335 15 3696 1
1002 58 318 11 2531 1
1003 41 304 15 3333 1
1004 81 304 15 3333 1
1005 121 304 15 3333 1
1006 161 304 15 3333 1
1007 43 306 21 5558 1
1008 53 300 18 3799 1
1009 105 300 18 3799 1
1010 57 321 23 8459 1
1011 17 337 25 10953 1
1012 131 300 25 10713 1
1013 64 321 14 3673 1
1014 102 302 34 12749 1
1015 81 332 19 5211 1
1016 43 335 27 11561 1
1017 108 324 26 10499 1
1018 44 336 24 10690 1
1019 51 334 16 7396 1
1020 44 329 24 7398 1
1021 87 329 24 7398 1
1022 130 329 24 7398 1
1023 173 329 24 7398 1
1024 44 301 25 10788 1
1025 96 364 10 3562 1
1026 49 351 53 13500 1
1027 5 364 39 19428 1
1028 5 367 25 10122 1
1029 8 350 27 6353 1
1030 115 350 24 8803 1
1031 50 367 175 95421 1
1032 113 364 21 4712 1
1033 50 364 30 13025 1
1034 41 350 22 6968 1
1035 49 351 15 6813 1
1036 97 351 15 6813 1
1037 10 366 8 3729 1
26
500 500 500 500 500 500 500 500 500 500 500 500 500 500 500 500 500 500 500 500 500 500 500 500 500 500 