1037
1 2 99 5 307 1
2 3 99 5 307 1
3 4 99 5 307 1
4 11 100 3 356 1
5 21 100 3 356 1
6 3 100 4 286 1
7 5 100 4 286 1
8 7 100 4 286 1
9 1 99 6 507 1
10 1 99 6 507 1
11 1 99 6 507 1
12 1 99 6 507 1
13 4 75 8 729 1
14 12 75 6 353 1
15 23 75 6 353 1
16 34 75 6 353 1
17 1 85 2 146 1
18 1 85 2 146 1
19 1 85 2 146 1
20 1 85 2 146 1
21 3 85 1 96 1
22 4 75 2 137 1
23 7 75 2 137 1
24 10 75 2 137 1
25 13 75 2 137 1
26 16 75 2 137 1
27 19 75 2 137 1
28 22 75 2 137 1
29 3 99 2 240 1
30 4 99 2 217 1
31 7 99 2 217 1
32 10 99 2 217 1
33 13 99 2 217 1
34 1 75 1 60 1
35 17 85 1 81 1
36 33 85 1 81 1
37 49 85 1 81 1
38 65 85 1 81 1
39 81 85 1 81 1
40 2 85 6 738 1
41 21 99 2 109 1
42 20 75 3 286 1
43 6 75 8 729 1
44 2 85 3 327 1
45 8 85 2 130 1
46 15 85 2 130 1
47 24 85 2 171 1
48 24 100 2 175 1
49 13 85 5 336 1
50 43 85 13 1332 1
51 85 85 13 1332 1
52 127 85 13 1332 1
53 2 100 1 134 1
54 3 100 1 134 1
55 21 100 3 241 1
56 41 100 3 241 1
57 61 100 3 241 1
58 81 100 3 241 1
59 12 99 3 263 1
60 5 99 1 111 1
61 9 99 1 111 1
62 8 102 8 916 1
63 15 102 8 916 1
64 22 102 8 916 1
65 9 146 14 2245 1
66 17 146 14 2245 1
67 25 146 14 2245 1
68 19 138 10 1002 1
69 37 138 10 1002 1
70 55 138 10 1002 1
71 73 138 10 1002 1
72 10 145 12 1176 1
73 21 141 15 2178 1
74 41 141 15 2178 1
75 8 113 15 1759 1
76 15 113 15 1759 1
77 22 113 15 1759 1
78 18 116 7 475 1
79 16 141 8 1206 1
80 31 141 8 1206 1
81 7 137 10 1054 1
82 13 137 10 1054 1
83 8 137 11 1282 1
84 12 136 3 205 1
85 10 144 15 1120 1
86 9 142 12 2506 1
87 4 138 10 1207 1
88 40 108 15 818 1
89 7 148 12 2521 1
90 9 109 7 481 1
91 9 108 6 631 1
92 14 140 24 3146 1
93 16 139 9 672 1
94 8 141 18 3571 1
95 8 139 9 982 1
96 8 130 11 883 1
97 9 140 10 2071 1
98 17 140 10 2071 1
99 8 121 12 1996 1
100 15 121 12 1996 1
101 9 142 17 2967 1
102 17 142 17 2967 1
103 25 142 17 2967 1
104 8 102 7 552 1
105 15 102 7 552 1
106 22 102 7 552 1
107 11 137 6 589 1
108 8 142 7 1262 1
109 15 142 7 1262 1
110 11 130 10 753 1
111 21 130 10 753 1
112 31 130 10 753 1
113 41 130 10 753 1
114 8 147 13 1718 1
115 15 147 13 1718 1
116 7 121 8 1443 1
117 11 137 7 646 1
118 9 122 6 779 1
119 9 149 13 1197 1
120 17 149 13 1197 1
121 8 108 7 1126 1
122 9 146 10 1120 1
123 17 146 10 1120 1
124 25 146 10 1120 1
125 33 146 10 1120 1
126 9 144 16 1595 1
127 17 144 16 1595 1
128 25 144 16 1595 1
129 37 134 15 2939 1
130 8 108 8 770 1
131 15 108 8 770 1
132 22 108 8 770 1
133 8 146 10 1346 1
134 15 146 10 1346 1
135 18 136 8 1095 1
136 11 134 17 1803 1
137 21 134 17 1803 1
138 9 136 11 2111 1
139 17 136 11 2111 1
140 9 113 9 729 1
141 17 113 9 729 1
142 8 143 11 1397 1
143 15 143 11 1397 1
144 22 143 11 1397 1
145 29 143 11 1397 1
146 12 144 14 2723 1
147 23 144 14 2723 1
148 8 141 10 1851 1
149 9 134 14 2504 1
150 8 116 10 879 1
151 9 122 10 1375 1
152 10 143 12 1212 1
153 19 143 12 1212 1
154 28 143 12 1212 1
155 37 143 12 1212 1
156 46 143 12 1212 1
157 9 149 9 1441 1
158 10 148 3 381 1
159 19 148 3 381 1
160 28 148 3 381 1
161 42 140 11 2001 1
162 20 148 9 1259 1
163 8 141 10 1347 1
164 15 141 10 1347 1
165 22 141 10 1347 1
166 9 125 9 657 1
167 9 130 11 1158 1
168 8 116 10 1116 1
169 15 116 10 1116 1
170 9 102 12 911 1
171 9 148 13 2311 1
172 20 122 17 2262 1
173 39 122 17 2262 1
174 9 141 12 1490 1
175 17 102 10 1392 1
176 8 140 13 1086 1
177 15 140 13 1086 1
178 22 140 13 1086 1
179 8 145 7 1316 1
180 15 145 7 1316 1
181 22 145 7 1316 1
182 8 149 12 1628 1
183 9 135 7 1208 1
184 7 140 13 927 1
185 9 109 5 356 1
186 8 137 19 2168 1
187 16 143 14 1660 1
188 4 121 10 1052 1
189 17 149 16 1212 1
190 8 145 8 869 1
191 6 138 12 838 1
192 9 122 14 2136 1
193 9 109 10 1307 1
194 17 109 10 1307 1
195 9 137 13 1752 1
196 8 108 11 1444 1
197 8 109 6 653 1
198 15 109 6 653 1
199 22 109 6 653 1
200 29 109 6 653 1
201 20 141 13 2053 1
202 5 135 10 1149 1
203 9 135 10 1149 1
204 13 135 10 1149 1
205 6 141 8 1237 1
206 8 143 16 3349 1
207 8 147 15 1936 1
208 12 102 8 1131 1
209 23 102 8 1131 1
210 34 102 8 1131 1
211 8 134 14 2812 1
212 15 134 14 2812 1
213 14 141 14 2327 1
214 27 141 14 2327 1
215 9 148 15 1410 1
216 17 145 9 1363 1
217 33 145 9 1363 1
218 8 146 10 1161 1
219 9 134 10 1839 1
220 17 134 10 1839 1
221 25 134 10 1839 1
222 18 125 7 690 1
223 9 149 17 2363 1
224 9 149 5 378 1
225 8 109 10 1447 1
226 10 108 14 910 1
227 19 108 14 910 1
228 12 138 16 2447 1
229 26 125 16 2053 1
230 51 125 16 2053 1
231 76 125 16 2053 1
232 101 125 16 2053 1
233 9 146 11 1290 1
234 17 146 11 1290 1
235 13 141 15 2339 1
236 13 108 9 624 1
237 15 113 10 1103 1
238 203 142 13 1927 1
239 3 133 12 1202 1
240 5 133 12 1202 1
241 7 133 12 1202 1
242 9 133 12 1202 1
243 11 133 12 1202 1
244 7 130 16 2407 1
245 13 130 16 2407 1
246 16 113 12 706 1
247 7 133 12 2287 1
248 21 109 10 788 1
249 41 109 10 788 1
250 61 109 10 788 1
251 81 109 10 788 1
252 101 109 10 788 1
253 8 148 12 2307 1
254 8 139 13 1669 1
255 8 130 13 962 1
256 12 138 10 1057 1
257 22 124 12 1265 1
258 12 138 15 2368 1
259 23 138 15 2368 1
260 8 141 10 776 1
261 16 134 9 1314 1
262 31 134 9 1314 1
263 20 148 14 2556 1
264 7 136 8 998 1
265 9 125 9 1258 1
266 17 125 9 1258 1
267 21 138 8 1644 1
268 8 147 7 729 1
269 165 125 10 1234 1
270 15 121 12 1470 1
271 9 121 16 2324 1
272 16 133 12 1881 1
273 31 133 12 1881 1
274 9 115 18 1223 1
275 22 138 10 1319 1
276 13 135 4 774 1
277 13 137 6 688 1
278 25 137 6 688 1
279 37 137 6 688 1
280 49 137 6 688 1
281 61 137 6 688 1
282 16 116 9 1041 1
283 31 116 9 1041 1
284 46 116 9 1041 1
285 10 130 9 796 1
286 12 116 5 718 1
287 8 134 13 1463 1
288 15 134 13 1463 1
289 22 134 13 1463 1
290 29 134 13 1463 1
291 10 137 9 984 1
292 9 141 8 784 1
293 17 141 8 784 1
294 12 139 15 2387 1
295 23 139 15 2387 1
296 8 149 7 753 1
297 9 139 12 1446 1
298 17 139 12 1446 1
299 25 139 12 1446 1
300 33 139 12 1446 1
301 41 139 12 1446 1
302 8 122 14 1919 1
303 15 122 14 1919 1
304 22 122 14 1919 1
305 29 122 14 1919 1
306 36 122 14 1919 1
307 17 122 6 1043 1
308 9 143 8 883 1
309 17 143 8 883 1
310 25 143 8 883 1
311 33 143 8 883 1
312 13 124 7 622 1
313 15 136 10 1516 1
314 14 102 11 846 1
315 10 136 10 2030 1
316 8 138 6 945 1
317 17 139 12 1916 1
318 8 137 2 204 1
319 15 137 2 204 1
320 11 108 12 1665 1
321 21 108 12 1665 1
322 20 125 16 1807 1
323 9 139 11 1165 1
324 9 108 8 1004 1
325 10 113 9 698 1
326 19 113 9 698 1
327 10 145 5 609 1
328 19 145 5 609 1
329 28 145 5 609 1
330 37 145 5 609 1
331 46 145 5 609 1
332 55 145 5 609 1
333 64 145 5 609 1
334 15 144 6 743 1
335 29 144 6 743 1
336 8 116 14 831 1
337 15 116 14 831 1
338 22 116 14 831 1
339 51 130 8 1173 1
340 9 147 15 1984 1
341 9 115 5 638 1
342 8 134 11 1654 1
343 15 134 11 1654 1
344 22 134 11 1654 1
345 29 134 11 1654 1
346 36 134 11 1654 1
347 43 134 11 1654 1
348 9 122 15 1299 1
349 17 122 15 1299 1
350 25 122 15 1299 1
351 33 122 15 1299 1
352 8 138 11 1706 1
353 9 141 6 1240 1
354 8 147 15 1410 1
355 9 113 10 1417 1
356 17 113 10 1417 1
357 25 113 10 1417 1
358 7 113 11 668 1
359 20 140 8 1166 1
360 9 143 20 2298 1
361 17 136 13 1113 1
362 17 144 11 2254 1
363 16 136 16 2332 1
364 21 122 8 976 1
365 8 109 11 1156 1
366 9 139 9 882 1
367 17 139 9 882 1
368 25 139 9 882 1
369 9 142 13 1994 1
370 17 142 13 1994 1
371 25 142 13 1994 1
372 33 142 13 1994 1
373 8 138 11 2221 1
374 15 138 11 2221 1
375 22 138 11 2221 1
376 8 142 13 1152 1
377 15 142 13 1152 1
378 16 144 8 1517 1
379 8 136 14 2043 1
380 15 136 14 2043 1
381 26 124 10 870 1
382 17 147 11 1288 1
383 8 134 7 912 1
384 15 134 7 912 1
385 22 134 7 912 1
386 17 122 7 1259 1
387 24 130 9 1556 1
388 47 130 9 1556 1
389 9 125 13 1743 1
390 17 125 13 1743 1
391 9 141 14 2684 1
392 17 141 14 2684 1
393 25 141 14 2684 1
394 33 141 14 2684 1
395 10 133 10 1540 1
396 9 102 4 358 1
397 17 102 4 358 1
398 15 133 8 1208 1
399 3 122 11 775 1
400 14 125 11 958 1
401 17 102 9 805 1
402 7 116 11 1119 1
403 17 125 16 2304 1
404 9 141 11 1694 1
405 7 149 11 2106 1
406 9 121 6 715 1
407 10 142 7 998 1
408 19 142 7 998 1
409 8 121 10 1470 1
410 9 116 11 1396 1
411 17 116 11 1396 1
412 12 121 10 1158 1
413 23 121 10 1158 1
414 9 134 14 2091 1
415 17 134 14 2091 1
416 6 135 12 1062 1
417 19 130 13 1464 1
418 7 116 11 1720 1
419 2 142 10 959 1
420 9 149 10 816 1
421 17 149 10 816 1
422 6 125 11 1262 1
423 8 136 10 1723 1
424 8 140 13 1284 1
425 15 140 13 1284 1
426 18 143 10 1288 1
427 9 143 12 1349 1
428 17 143 12 1349 1
429 9 115 12 999 1
430 17 115 12 999 1
431 25 115 12 999 1
432 9 159 10 1172 1
433 15 182 20 2230 1
434 14 172 14 1515 1
435 9 181 13 3054 1
436 8 164 15 1480 1
437 15 164 15 1480 1
438 22 161 10 1610 1
439 9 162 6 553 1
440 23 151 6 1083 1
441 11 171 8 1695 1
442 21 182 11 2678 1
443 41 182 11 2678 1
444 8 174 11 1864 1
445 15 174 11 1864 1
446 22 178 12 2305 1
447 23 167 10 1142 1
448 9 183 6 1561 1
449 9 173 2 445 1
450 17 173 2 445 1
451 25 173 2 445 1
452 25 158 19 2020 1
453 12 151 9 1816 1
454 13 160 16 1919 1
455 17 177 13 2453 1
456 33 177 13 2453 1
457 49 177 13 2453 1
458 9 176 2 498 1
459 17 176 2 498 1
460 23 177 8 946 1
461 8 152 15 1293 1
462 15 152 15 1293 1
463 16 176 6 865 1
464 8 164 11 1974 1
465 23 150 9 1206 1
466 46 154 16 1707 1
467 31 181 19 4953 1
468 9 160 6 532 1
469 24 163 10 1469 1
470 47 163 10 1469 1
471 70 163 10 1469 1
472 93 163 10 1469 1
473 9 162 9 1474 1
474 10 172 15 2849 1
475 24 158 7 1630 1
476 43 151 4 798 1
477 9 159 8 1661 1
478 15 173 21 3206 1
479 8 179 15 3017 1
480 15 179 15 3017 1
481 36 177 12 2074 1
482 8 152 12 2612 1
483 32 178 14 3155 1
484 22 179 13 3308 1
485 43 179 13 3308 1
486 64 179 13 3308 1
487 16 159 14 2941 1
488 22 183 22 5716 1
489 46 178 7 759 1
490 8 173 12 1230 1
491 24 179 10 1537 1
492 47 179 10 1537 1
493 2 164 8 1550 1
494 42 168 8 1219 1
495 6 167 11 2139 1
496 13 168 6 1260 1
497 9 180 13 1807 1
498 29 180 18 4729 1
499 57 180 18 4729 1
500 9 162 17 2795 1
501 23 171 15 3555 1
502 23 152 12 1858 1
503 30 179 15 3386 1
504 27 171 11 2438 1
505 9 167 7 1641 1
506 17 167 7 1641 1
507 23 154 12 953 1
508 17 179 14 1739 1
509 33 179 14 1739 1
510 43 154 10 2281 1
511 14 151 8 796 1
512 22 162 5 898 1
513 43 162 5 898 1
514 64 162 5 898 1
515 85 162 5 898 1
516 10 158 11 1994 1
517 10 161 7 1098 1
518 42 162 8 1356 1
519 29 168 10 1416 1
520 40 151 4 696 1
521 7 168 9 1615 1
522 18 164 2 467 1
523 22 167 7 991 1
524 8 177 20 4808 1
525 14 161 5 807 1
526 30 176 11 1007 1
527 18 160 14 2387 1
528 23 151 11 1825 1
529 45 151 11 1825 1
530 8 154 15 1876 1
531 15 154 15 1876 1
532 23 163 11 1838 1
533 45 163 11 1838 1
534 15 152 8 960 1
535 8 179 9 1419 1
536 23 168 10 1518 1
537 18 154 21 4332 1
538 10 167 9 1365 1
539 24 170 12 1812 1
540 47 170 12 1812 1
541 30 174 2 223 1
542 59 174 2 223 1
543 23 167 15 1428 1
544 45 167 15 1428 1
545 23 168 18 4065 1
546 7 165 8 1161 1
547 13 165 8 1161 1
548 9 152 7 1069 1
549 17 152 7 1069 1
550 16 162 10 1988 1
551 27 164 10 1383 1
552 8 154 1 161 1
553 27 178 14 3053 1
554 21 150 7 881 1
555 22 181 15 4051 1
556 21 174 13 2129 1
557 18 162 13 1559 1
558 25 175 15 3639 1
559 12 173 14 3618 1
560 23 173 14 3618 1
561 9 182 14 3541 1
562 17 182 14 3541 1
563 25 178 14 3139 1
564 23 183 14 1735 1
565 29 163 21 2155 1
566 2 160 3 261 1
567 9 179 13 3342 1
568 19 183 10 2564 1
569 37 183 10 2564 1
570 39 181 17 1975 1
571 8 154 14 2872 1
572 8 161 9 1298 1
573 15 161 9 1298 1
574 21 164 5 682 1
575 11 178 12 2928 1
576 8 158 10 1537 1
577 33 178 8 1674 1
578 65 178 8 1674 1
579 97 178 8 1674 1
580 129 178 8 1674 1
581 23 179 14 1356 1
582 10 172 15 2959 1
583 28 165 13 2629 1
584 23 172 12 1848 1
585 45 172 12 1848 1
586 22 177 9 1742 1
587 20 152 1 140 1
588 9 151 13 1797 1
589 17 151 13 1797 1
590 25 151 13 1797 1
591 9 158 18 3089 1
592 26 168 11 972 1
593 35 151 8 1486 1
594 24 175 17 3863 1
595 8 150 9 1833 1
596 29 154 7 770 1
597 9 160 16 2763 1
598 29 155 5 715 1
599 17 150 3 623 1
600 8 176 17 4060 1
601 22 170 11 2030 1
602 11 158 10 1221 1
603 20 160 2 271 1
604 21 169 9 813 1
605 12 181 11 1599 1
606 9 169 9 1060 1
607 11 172 11 1194 1
608 25 177 10 2648 1
609 10 169 10 1034 1
610 93 171 20 1818 1
611 8 152 10 1405 1
612 9 176 21 4486 1
613 28 175 19 1874 1
614 8 162 5 454 1
615 15 179 12 1172 1
616 2 179 9 2397 1
617 2 155 14 1191 1
618 9 161 15 3350 1
619 26 182 2 319 1
620 13 174 17 3311 1
621 25 174 17 3311 1
622 16 165 13 2606 1
623 16 160 11 2218 1
624 31 160 11 2218 1
625 19 183 12 2995 1
626 151 178 12 2926 1
627 12 180 16 2010 1
628 23 164 11 1515 1
629 45 164 11 1515 1
630 67 164 11 1515 1
631 89 164 11 1515 1
632 12 164 16 1484 1
633 25 173 16 1953 1
634 54 194 11 2138 1
635 25 195 6 1588 1
636 16 192 13 2767 1
637 24 231 19 2944 1
638 25 213 11 2459 1
639 25 223 13 1916 1
640 37 202 7 1180 1
641 38 194 8 2012 1
642 75 194 8 2012 1
643 112 194 8 2012 1
644 15 229 15 5030 1
645 16 210 12 1741 1
646 31 210 12 1741 1
647 39 194 12 2026 1
648 77 194 12 2026 1
649 20 217 1 321 1
650 70 191 15 2400 1
651 41 192 10 2449 1
652 81 192 10 2449 1
653 81 208 11 2788 1
654 62 195 13 3602 1
655 30 216 15 2917 1
656 18 189 12 1352 1
657 35 189 12 1352 1
658 52 189 12 1352 1
659 69 218 16 3065 1
660 39 210 10 2382 1
661 15 232 16 4497 1
662 24 217 20 3682 1
663 9 227 16 4722 1
664 13 228 14 4071 1
665 25 228 14 4071 1
666 21 184 19 2026 1
667 15 210 17 2804 1
668 41 209 4 1095 1
669 16 194 14 3340 1
670 36 197 8 1923 1
671 47 193 7 1253 1
672 93 193 7 1253 1
673 21 191 14 1356 1
674 41 191 14 1356 1
675 2 189 11 2340 1
676 3 189 11 2340 1
677 47 193 7 1791 1
678 21 212 12 3243 1
679 25 200 16 2965 1
680 26 208 10 2278 1
681 16 223 16 2133 1
682 31 223 16 2133 1
683 59 231 11 1598 1
684 30 185 14 2694 1
685 30 212 1 229 1
686 74 212 8 1935 1
687 29 197 13 2431 1
688 21 202 10 2503 1
689 41 202 10 2503 1
690 22 208 11 2158 1
691 42 210 12 2506 1
692 8 195 10 1287 1
693 15 195 10 1287 1
694 9 199 14 2025 1
695 25 191 9 1160 1
696 29 223 9 1849 1
697 24 231 12 2780 1
698 22 184 14 1913 1
699 9 197 15 2988 1
700 25 184 11 2284 1
701 5 191 11 1481 1
702 42 185 14 2328 1
703 7 229 2 251 1
704 8 197 21 4638 1
705 24 211 9 1391 1
706 12 212 18 4114 1
707 30 188 4 859 1
708 18 193 8 1427 1
709 22 213 14 3295 1
710 20 221 12 1919 1
711 66 191 11 2057 1
712 21 184 12 1929 1
713 41 184 12 1929 1
714 21 196 7 1339 1
715 41 196 7 1339 1
716 30 184 12 2038 1
717 29 231 15 4107 1
718 23 223 15 1808 1
719 23 223 16 2045 1
720 21 199 6 943 1
721 41 199 6 943 1
722 61 199 6 943 1
723 17 229 12 1961 1
724 5 208 7 1152 1
725 23 222 16 4409 1
726 15 202 11 2709 1
727 23 221 24 7500 1
728 39 195 15 2232 1
729 77 195 15 2232 1
730 25 210 15 3306 1
731 15 194 10 2249 1
732 66 199 12 1637 1
733 34 189 12 1660 1
734 56 220 16 4168 1
735 20 188 15 3454 1
736 11 188 5 1011 1
737 80 184 6 1123 1
738 22 211 12 1924 1
739 13 186 10 2654 1
740 23 193 12 1791 1
741 45 193 12 1791 1
742 8 217 9 2696 1
743 17 200 5 1466 1
744 24 192 5 1054 1
745 16 185 4 890 1
746 16 213 14 1732 1
747 15 208 15 3876 1
748 37 213 11 2168 1
749 19 200 12 3112 1
750 15 193 18 3603 1
751 10 199 4 407 1
752 30 227 13 4419 1
753 77 198 15 2708 1
754 36 193 15 1947 1
755 27 211 9 1981 1
756 53 211 9 1981 1
757 18 211 9 1921 1
758 31 188 15 2420 1
759 35 228 16 4259 1
760 33 211 14 3244 1
761 65 211 14 3244 1
762 97 211 14 3244 1
763 26 202 15 4094 1
764 51 202 15 4094 1
765 16 198 12 1808 1
766 44 198 25 4887 1
767 21 200 12 1294 1
768 23 212 12 2683 1
769 45 212 12 2683 1
770 31 231 18 5294 1
771 130 211 9 2268 1
772 36 202 13 2641 1
773 9 211 10 1340 1
774 17 211 10 1340 1
775 1 263 14 5354 1
776 1 263 14 5354 1
777 70 240 24 3313 1
778 44 277 23 8793 1
779 37 282 11 2888 1
780 35 261 29 7284 1
781 42 263 13 2348 1
782 83 263 13 2348 1
783 124 263 13 2348 1
784 165 263 13 2348 1
785 37 282 11 1963 1
786 48 296 19 4754 1
787 95 296 19 4754 1
788 142 296 19 4754 1
789 189 296 19 4754 1
790 43 277 10 2580 1
791 1 263 19 2583 1
792 1 263 19 2583 1
793 30 264 7 2762 1
794 46 261 9 1814 1
795 91 261 9 1814 1
796 75 294 9 1569 1
797 96 290 12 4006 1
798 42 292 27 10550 1
799 42 280 31 7372 1
800 83 280 31 7372 1
801 44 263 15 4782 1
802 87 263 15 4782 1
803 130 263 15 4782 1
804 173 263 15 4782 1
805 22 283 21 6422 1
806 64 250 16 5745 1
807 48 279 30 7214 1
808 45 266 13 3607 1
809 89 266 13 3607 1
810 133 266 13 3607 1
811 50 279 21 5581 1
812 13 295 21 4949 1
813 60 269 50 12927 1
814 15 269 17 3152 1
815 29 269 17 3152 1
816 37 277 9 1416 1
817 50 294 43 9407 1
818 42 266 15 4709 1
819 45 275 13 5207 1
820 89 275 13 5207 1
821 133 275 13 5207 1
822 51 275 14 4276 1
823 44 283 17 3194 1
824 55 283 15 5792 1
825 37 275 10 3631 1
826 1 275 13 2111 1
827 65 296 6 2236 1
828 129 296 6 2236 1
829 32 259 10 2188 1
830 63 259 10 2188 1
831 94 259 10 2188 1
832 14 277 14 4696 1
833 23 255 19 2787 1
834 44 287 25 9926 1
835 45 279 23 4646 1
836 44 280 8 1861 1
837 87 280 8 1861 1
838 130 280 8 1861 1
839 49 275 17 6576 1
840 97 275 17 6576 1
841 145 275 17 6576 1
842 16 282 16 5597 1
843 51 250 14 3288 1
844 44 240 8 1221 1
845 58 241 15 4825 1
846 115 241 15 4825 1
847 45 295 10 2371 1
848 89 295 10 2371 1
849 43 259 12 1783 1
850 44 256 6 1218 1
851 50 290 25 9232 1
852 66 285 10 2646 1
853 131 285 10 2646 1
854 61 285 12 4494 1
855 121 285 12 4494 1
856 24 241 9 1649 1
857 43 281 15 3348 1
858 26 240 16 2483 1
859 44 260 9 2546 1
860 48 269 18 6684 1
861 44 247 12 2814 1
862 35 261 22 5249 1
863 37 259 15 2232 1
864 37 275 23 6322 1
865 36 260 21 6471 1
866 42 240 21 3998 1
867 83 240 21 3998 1
868 124 240 21 3998 1
869 165 240 21 3998 1
870 206 240 21 3998 1
871 247 240 21 3998 1
872 288 240 21 3998 1
873 37 256 18 2471 1
874 43 259 7 2193 1
875 85 259 7 2193 1
876 127 259 7 2193 1
877 43 260 24 7771 1
878 15 263 5 1939 1
879 29 263 5 1939 1
880 17 277 18 2614 1
881 33 277 18 2614 1
882 72 264 10 2792 1
883 28 239 24 7405 1
884 55 239 24 7405 1
885 82 239 24 7405 1
886 38 268 7 1522 1
887 45 271 12 3584 1
888 89 271 12 3584 1
889 45 290 18 4124 1
890 43 259 17 3890 1
891 85 259 17 3890 1
892 37 239 20 6429 1
893 44 270 11 4430 1
894 87 270 11 4430 1
895 51 292 7 1448 1
896 65 277 24 4341 1
897 34 287 11 4207 1
898 43 268 16 5078 1
899 43 295 15 4487 1
900 42 250 17 5117 1
901 45 268 17 3952 1
902 43 241 10 1690 1
903 65 250 16 4762 1
904 129 250 16 4762 1
905 43 256 13 1996 1
906 72 268 22 4323 1
907 42 255 21 2997 1
908 83 255 21 2997 1
909 124 255 21 2997 1
910 2 278 29 10174 1
911 36 296 48 16835 1
912 42 262 18 4346 1
913 43 275 25 9005 1
914 51 296 39 11021 1
915 110 241 14 4811 1
916 43 265 12 1666 1
917 36 256 12 3879 1
918 44 268 17 5929 1
919 87 268 17 5929 1
920 33 269 14 5284 1
921 43 296 18 4555 1
922 85 296 18 4555 1
923 41 260 8 2402 1
924 81 260 8 2402 1
925 43 265 11 1716 1
926 64 250 20 3166 1
927 43 260 19 4442 1
928 43 275 11 3021 1
929 44 262 10 2941 1
930 30 285 24 6652 1
931 59 285 24 6652 1
932 35 281 20 8063 1
933 37 282 15 3070 1
934 32 280 37 10521 1
935 45 337 12 5560 1
936 89 337 12 5560 1
937 133 337 12 5560 1
938 44 306 29 5042 1
939 87 306 29 5042 1
940 51 325 8 3546 1
941 52 337 30 12022 1
942 103 337 30 12022 1
943 43 329 18 6316 1
944 43 304 15 6076 1
945 85 304 15 6076 1
946 43 332 37 16968 1
947 51 329 67 13258 1
948 57 336 19 4404 1
949 50 321 8 1619 1
950 99 321 8 1619 1
951 47 329 9 3069 1
952 44 321 17 3811 1
953 44 336 26 9750 1
954 45 306 18 3331 1
955 44 302 15 4565 1
956 49 318 25 10538 1
957 37 340 19 4597 1
958 56 323 31 5609 1
959 44 347 18 5055 1
960 57 302 12 2264 1
961 134 323 21 10089 1
962 8 347 17 5809 1
963 44 333 18 5277 1
964 43 329 19 8077 1
965 50 336 25 12594 1
966 59 302 19 3255 1
967 44 335 20 5362 1
968 39 319 19 4814 1
969 40 304 13 3470 1
970 58 319 16 6085 1
971 57 333 21 7515 1
972 45 329 18 7919 1
973 89 329 18 7919 1
974 44 305 5 1547 1
975 87 305 5 1547 1
976 39 325 26 11969 1
977 77 325 26 11969 1
978 80 337 17 7797 1
979 7 335 58 24116 1
980 97 318 30 7922 1
981 49 337 12 3302 1
982 63 335 14 5911 1
983 43 304 47 19403 1
984 90 304 18 4539 1
985 53 333 38 6821 1
986 105 333 38 6821 1
987 48 306 10 4519 1
988 95 306 10 4519 1
989 15 337 22 6294 1
990 44 329 17 3410 1
991 79 324 14 4559 1
992 42 306 25 9728 1
993 57 337 21 6853 1
994 43 332 36 11954 1
995 58 347 19 8380 1
996 58 301 39 6890 1
997 115 301 39 6890 1
998 15 306 23 3912 1
999 5 306 26 6486 1
1000 9 306 26 6486 1
1001 112 302 28 9576 1
1002 80 323 8 2678 1
1003 36 324 8 1502 1
1004 42 325 22 9581 1
1005 45 335 16 4380 1
1006 9 316 27 5703 1
1007 51 301 28 11160 1
1008 63 301 11 4894 1
1009 110 329 16 3508 1
1010 43 305 32 12163 1
1011 64 319 16 3936 1
1012 32 324 63 15277 1
1013 107 300 16 3310 1
1014 213 300 16 3310 1
1015 64 347 30 9450 1
1016 57 319 28 6858 1
1017 48 304 19 8376 1
1018 56 329 8 1803 1
1019 56 300 12 2432 1
1020 42 335 25 6134 1
1021 50 321 22 10075 1
1022 137 336 46 13573 1
1023 273 336 46 13573 1
1024 232 336 15 7413 1
1025 114 367 18 6429 1
1026 14 350 8 2135 1
1027 12 350 83 28512 1
1028 4 366 58 20966 1
1029 43 367 127 49640 1
1030 198 349 136 62233 1
1031 395 349 136 62233 1
1032 42 366 158 60072 1
1033 4 366 20 9995 1
1034 113 351 12 2543 1
1035 225 351 12 2543 1
1036 337 351 12 2543 1
1037 114 349 29 10805 1
26
500 500 500 500 500 500 500 500 500 500 500 500 500 500 500 500 500 500 500 500 500 500 500 500 500 500 