1037
1 4 75 9 844 1
2 7 75 9 844 1
3 10 75 9 844 1
4 3 100 6 709 1
5 3 100 2 181 1
6 3 75 1 55 1
7 5 75 1 55 1
8 7 75 1 55 1
9 9 75 1 55 1
10 19 85 2 126 1
11 3 75 1 110 1
12 20 75 3 224 1
13 39 75 3 224 1
14 3 99 6 301 1
15 5 99 6 301 1
16 4 99 9 975 1
17 7 99 9 975 1
18 10 99 9 975 1
19 2 100 3 228 1
20 3 100 3 228 1
21 4 100 3 228 1
22 5 100 3 228 1
23 4 85 6 309 1
24 7 85 6 309 1
25 10 85 6 309 1
26 13 85 6 309 1
27 16 85 6 309 1
28 19 85 6 309 1
29 22 85 6 309 1
30 25 85 6 309 1
31 28 85 6 309 1
32 4 75 10 514 1
33 7 75 10 514 1
34 10 75 10 514 1
35 13 75 10 514 1
36 3 99 8 1138 1
37 5 99 8 1138 1
38 3 100 1 121 1
39 3 75 5 257 1
40 5 75 5 257 1
41 2 100 3 175 1
42 3 100 3 175 1
43 4 100 3 175 1
44 3 100 2 169 1
45 5 100 2 169 1
46 4 99 6 391 1
47 7 99 6 391 1
48 10 99 6 391 1
49 21 99 4 508 1
50 2 75 1 73 1
51 2 100 3 216 1
52 26 100 1 106 1
53 3 85 2 240 1
54 5 85 2 240 1
55 7 85 2 240 1
56 9 85 2 240 1
57 11 85 2 240 1
58 13 85 2 240 1
59 15 85 2 240 1
60 17 75 3 249 1
61 3 100 8 1005 1
62 15 115 10 1445 1
63 16 142 15 2309 1
64 9 138 15 1634 1
65 17 138 15 1634 1
66 25 138 15 1634 1
67 33 138 15 1634 1
68 41 138 15 1634 1
69 49 138 15 1634 1
70 57 138 15 1634 1
71 65 138 15 1634 1
72 73 138 15 1634 1
73 20 138 13 2165 1
74 39 138 13 2165 1
75 19 121 10 1471 1
76 37 121 10 1471 1
77 8 133 13 897 1
78 15 133 13 897 1
79 22 133 13 897 1
80 29 133 13 897 1
81 13 115 11 1406 1
82 25 115 11 1406 1
83 37 115 11 1406 1
84 49 115 11 1406 1
85 61 115 11 1406 1
86 75 139 10 1661 1
87 8 135 10 704 1
88 13 135 16 1655 1
89 25 135 16 1655 1
90 9 124 15 1624 1
91 17 124 15 1624 1
92 7 139 9 1168 1
93 13 139 9 1168 1
94 2 108 16 2111 1
95 3 108 16 2111 1
96 4 108 16 2111 1
97 9 136 16 1516 1
98 17 136 16 1516 1
99 9 148 14 2627 1
100 25 139 9 1577 1
101 49 139 9 1577 1
102 73 139 9 1577 1
103 97 139 9 1577 1
104 121 139 9 1577 1
105 12 135 12 1779 1
106 8 149 9 1046 1
107 8 124 12 1128 1
108 15 124 12 1128 1
109 22 124 12 1128 1
110 29 124 12 1128 1
111 36 124 12 1128 1
112 9 109 10 1373 1
113 17 109 10 1373 1
114 25 109 10 1373 1
115 4 108 8 625 1
116 16 147 14 1840 1
117 9 142 14 2239 1
118 17 142 14 2239 1
119 8 135 12 2288 1
120 17 108 12 1029 1
121 7 125 8 506 1
122 18 137 6 498 1
123 17 109 11 1633 1
124 33 109 11 1633 1
125 7 124 12 1125 1
126 13 124 12 1125 1
127 19 124 12 1125 1
128 9 141 13 921 1
129 17 141 13 921 1
130 8 122 18 1349 1
131 15 122 18 1349 1
132 22 122 18 1349 1
133 7 143 19 2941 1
134 9 116 16 1852 1
135 17 116 16 1852 1
136 25 116 16 1852 1
137 33 116 16 1852 1
138 8 121 14 2049 1
139 16 144 5 606 1
140 13 130 12 2112 1
141 9 115 12 1865 1
142 17 115 12 1865 1
143 9 140 8 1001 1
144 17 140 8 1001 1
145 11 142 8 723 1
146 8 142 13 1427 1
147 15 142 13 1427 1
148 8 148 13 1593 1
149 9 137 12 2097 1
150 17 137 12 2097 1
151 25 137 12 2097 1
152 33 137 12 2097 1
153 9 122 6 832 1
154 17 122 6 832 1
155 25 122 6 832 1
156 33 122 6 832 1
157 41 122 6 832 1
158 8 140 16 2293 1
159 14 136 7 569 1
160 8 130 11 743 1
161 18 141 21 2394 1
162 35 141 21 2394 1
163 17 121 7 506 1
164 8 146 12 2170 1
165 8 141 9 742 1
166 11 141 10 1233 1
167 10 135 9 1668 1
168 19 135 9 1668 1
169 9 146 12 2450 1
170 12 140 19 2001 1
171 11 145 10 1753 1
172 21 145 10 1753 1
173 31 145 10 1753 1
174 8 124 14 1744 1
175 8 147 8 1533 1
176 8 146 11 1677 1
177 8 124 20 3369 1
178 15 124 20 3369 1
179 9 141 18 1593 1
180 9 145 4 825 1
181 17 145 4 825 1
182 8 108 8 778 1
183 15 108 8 778 1
184 9 130 11 1014 1
185 17 130 11 1014 1
186 25 130 11 1014 1
187 8 143 9 1762 1
188 15 143 9 1762 1
189 18 116 7 424 1
190 35 116 7 424 1
191 32 116 12 1462 1
192 9 133 11 1442 1
193 17 133 11 1442 1
194 200 140 17 2710 1
195 14 108 13 2023 1
196 8 144 10 1736 1
197 10 108 11 900 1
198 19 108 11 900 1
199 28 108 11 900 1
200 37 108 11 900 1
201 10 109 8 514 1
202 9 121 3 427 1
203 9 138 11 842 1
204 17 138 11 842 1
205 25 138 11 842 1
206 33 138 11 842 1
207 41 138 11 842 1
208 7 133 16 2167 1
209 13 121 10 1484 1
210 25 121 10 1484 1
211 8 108 5 517 1
212 9 149 13 2098 1
213 19 146 10 824 1
214 9 146 18 2133 1
215 17 146 18 2133 1
216 15 121 15 1961 1
217 29 121 15 1961 1
218 8 108 10 926 1
219 15 108 10 926 1
220 11 121 10 905 1
221 13 142 10 953 1
222 8 139 15 1408 1
223 10 138 9 1732 1
224 9 102 6 572 1
225 17 102 6 572 1
226 25 102 6 572 1
227 33 102 6 572 1
228 41 102 6 572 1
229 49 102 6 572 1
230 57 102 6 572 1
231 9 113 6 549 1
232 17 113 6 549 1
233 13 143 14 2738 1
234 25 143 14 2738 1
235 12 122 7 704 1
236 24 109 10 1604 1
237 7 108 11 789 1
238 13 108 11 789 1
239 19 108 11 789 1
240 25 108 11 789 1
241 31 108 11 789 1
242 8 149 15 2122 1
243 15 149 15 2122 1
244 69 115 13 984 1
245 8 146 12 2044 1
246 15 146 12 2044 1
247 25 113 7 440 1
248 9 148 10 1598 1
249 17 148 10 1598 1
250 25 148 10 1598 1
251 33 148 10 1598 1
252 4 133 14 1641 1
253 9 135 13 1099 1
254 8 135 6 583 1
255 15 135 6 583 1
256 22 135 6 583 1
257 13 144 10 1451 1
258 8 148 7 712 1
259 15 148 7 712 1
260 22 148 7 712 1
261 18 133 9 1253 1
262 16 109 9 742 1
263 31 109 9 742 1
264 46 109 9 742 1
265 8 147 15 1723 1
266 15 147 15 1723 1
267 8 124 6 935 1
268 15 124 6 935 1
269 22 124 6 935 1
270 9 134 13 1745 1
271 17 134 13 1745 1
272 25 134 13 1745 1
273 8 102 2 249 1
274 42 115 9 868 1
275 10 139 12 2122 1
276 9 149 10 970 1
277 17 149 10 970 1
278 25 149 10 970 1
279 9 145 12 1858 1
280 17 145 12 1858 1
281 25 145 12 1858 1
282 47 143 15 1793 1
283 8 138 12 1454 1
284 9 108 7 1043 1
285 8 121 11 1813 1
286 9 138 13 1017 1
287 17 138 13 1017 1
288 9 124 20 3246 1
289 14 138 14 1725 1
290 27 138 14 1725 1
291 15 108 7 1052 1
292 8 115 13 1241 1
293 9 143 10 1127 1
294 17 143 10 1127 1
295 14 113 10 1574 1
296 8 137 9 1843 1
297 15 137 9 1843 1
298 9 139 9 1671 1
299 9 138 13 2136 1
300 8 145 14 2838 1
301 9 142 11 2071 1
302 17 142 11 2071 1
303 9 122 14 2105 1
304 17 122 14 2105 1
305 25 122 14 2105 1
306 8 144 10 900 1
307 15 144 10 900 1
308 9 137 9 1284 1
309 17 137 9 1284 1
310 15 139 17 2250 1
311 29 139 17 2250 1
312 14 144 10 1655 1
313 8 140 11 1703 1
314 15 140 11 1703 1
315 22 140 11 1703 1
316 29 140 11 1703 1
317 36 140 11 1703 1
318 43 140 11 1703 1
319 8 141 6 519 1
320 12 148 18 3274 1
321 12 147 15 2577 1
322 8 141 11 982 1
323 15 141 11 982 1
324 22 141 11 982 1
325 9 130 10 1429 1
326 17 130 10 1429 1
327 8 122 10 1192 1
328 8 115 13 2211 1
329 9 122 11 1255 1
330 17 122 11 1255 1
331 25 122 11 1255 1
332 33 122 11 1255 1
333 5 134 11 1966 1
334 17 122 9 1594 1
335 33 122 9 1594 1
336 12 149 17 1420 1
337 8 125 14 1172 1
338 9 149 13 1666 1
339 10 121 9 1209 1
340 8 148 12 1020 1
341 8 122 15 2131 1
342 15 122 15 2131 1
343 12 144 18 2182 1
344 9 145 5 539 1
345 9 142 11 1359 1
346 14 116 7 979 1
347 9 139 11 1305 1
348 9 144 18 3628 1
349 12 102 9 751 1
350 8 147 18 3511 1
351 11 130 6 510 1
352 9 143 8 667 1
353 11 146 13 2081 1
354 21 146 13 2081 1
355 8 136 13 1790 1
356 15 136 13 1790 1
357 8 116 7 1215 1
358 15 116 7 1215 1
359 22 116 7 1215 1
360 29 116 7 1215 1
361 36 116 7 1215 1
362 43 116 7 1215 1
363 50 116 7 1215 1
364 11 121 1 112 1
365 41 108 9 1094 1
366 9 133 10 1537 1
367 17 133 10 1537 1
368 25 133 10 1537 1
369 33 133 10 1537 1
370 9 135 1 143 1
371 11 143 14 1225 1
372 21 143 14 1225 1
373 31 143 14 1225 1
374 8 140 19 2965 1
375 15 140 19 2965 1
376 22 140 19 2965 1
377 29 140 19 2965 1
378 36 140 19 2965 1
379 43 140 19 2965 1
380 50 140 19 2965 1
381 57 140 19 2965 1
382 8 149 8 710 1
383 11 140 11 1684 1
384 21 140 11 1684 1
385 31 140 11 1684 1
386 41 140 11 1684 1
387 8 139 12 1606 1
388 38 133 13 1373 1
389 9 125 11 792 1
390 23 148 15 2600 1
391 15 115 11 1140 1
392 43 137 12 1106 1
393 19 141 8 1647 1
394 10 130 14 2359 1
395 19 130 14 2359 1
396 7 139 17 3037 1
397 10 145 13 1177 1
398 8 130 14 2518 1
399 15 130 14 2518 1
400 21 133 13 2376 1
401 41 133 13 2376 1
402 61 133 13 2376 1
403 81 133 13 2376 1
404 101 133 13 2376 1
405 121 133 13 2376 1
406 141 133 13 2376 1
407 161 133 13 2376 1
408 181 133 13 2376 1
409 11 116 7 642 1
410 8 144 12 1260 1
411 5 146 9 1399 1
412 9 146 9 1399 1
413 8 147 14 1693 1
414 15 147 14 1693 1
415 22 147 14 1693 1
416 29 147 14 1693 1
417 9 121 8 901 1
418 8 149 15 2897 1
419 15 149 15 2897 1
420 9 133 9 1619 1
421 116 148 17 3198 1
422 8 133 7 1377 1
423 15 133 7 1377 1
424 22 133 7 1377 1
425 8 136 14 2271 1
426 15 136 14 2271 1
427 22 136 14 2271 1
428 9 108 13 1210 1
429 17 108 13 1210 1
430 47 141 15 2304 1
431 12 116 14 2280 1
432 15 174 21 2316 1
433 18 152 5 744 1
434 9 178 5 870 1
435 17 178 5 870 1
436 34 155 16 3247 1
437 22 164 20 4123 1
438 195 171 12 2098 1
439 21 165 15 1706 1
440 22 177 15 3101 1
441 11 158 12 2844 1
442 10 169 14 2656 1
443 35 155 6 816 1
444 69 155 6 816 1
445 24 152 9 1252 1
446 44 151 11 1151 1
447 23 175 19 1674 1
448 18 169 19 2270 1
449 22 180 12 2665 1
450 24 168 12 1854 1
451 10 154 10 852 1
452 19 154 10 852 1
453 23 169 20 3148 1
454 9 171 7 898 1
455 8 154 16 3659 1
456 8 161 10 1119 1
457 9 163 14 1214 1
458 27 155 17 2584 1
459 53 155 17 2584 1
460 79 155 17 2584 1
461 13 178 18 3197 1
462 10 177 7 1511 1
463 19 177 7 1511 1
464 23 167 6 502 1
465 23 178 18 4129 1
466 8 162 16 3444 1
467 20 163 12 2234 1
468 27 159 8 1799 1
469 25 152 4 477 1
470 8 159 12 1921 1
471 9 178 17 1734 1
472 17 178 17 1734 1
473 9 150 13 1746 1
474 108 150 7 712 1
475 7 162 2 213 1
476 16 172 5 870 1
477 9 164 14 2715 1
478 24 183 8 1819 1
479 47 162 16 1716 1
480 31 173 1 94 1
481 12 164 9 1377 1
482 13 159 16 3623 1
483 9 163 8 1231 1
484 9 181 14 1533 1
485 11 151 8 1459 1
486 10 178 14 2289 1
487 8 177 11 2450 1
488 18 165 2 287 1
489 20 172 20 4186 1
490 26 169 9 1988 1
491 23 175 17 2985 1
492 44 160 11 2003 1
493 54 159 6 915 1
494 44 169 7 1426 1
495 8 180 11 1086 1
496 15 180 11 1086 1
497 7 155 12 1244 1
498 8 181 18 3854 1
499 15 181 18 3854 1
500 22 181 18 3854 1
501 29 181 18 3854 1
502 36 181 18 3854 1
503 24 165 18 4165 1
504 43 175 7 1569 1
505 13 152 15 1720 1
506 32 179 19 4972 1
507 27 155 8 1381 1
508 18 159 5 680 1
509 35 159 5 680 1
510 52 159 5 680 1
511 29 177 2 395 1
512 21 167 5 858 1
513 24 177 14 1250 1
514 47 177 14 1250 1
515 22 163 9 2152 1
516 8 160 5 558 1
517 11 174 13 1500 1
518 9 175 9 1117 1
519 9 172 11 1994 1
520 44 176 10 1288 1
521 11 181 11 2188 1
522 24 161 12 1719 1
523 25 178 16 2368 1
524 23 180 12 1282 1
525 32 152 3 556 1
526 15 181 5 979 1
527 36 152 12 1721 1
528 8 183 5 959 1
529 8 160 10 1093 1
530 15 160 10 1093 1
531 21 176 13 2349 1
532 41 176 13 2349 1
533 61 176 13 2349 1
534 9 162 14 1656 1
535 21 155 13 1550 1
536 41 155 13 1550 1
537 20 182 8 1800 1
538 39 182 8 1800 1
539 23 158 11 2504 1
540 10 177 9 1475 1
541 15 171 15 3642 1
542 42 176 16 3600 1
543 28 152 8 1615 1
544 55 152 8 1615 1
545 171 177 3 434 1
546 25 155 10 1226 1
547 49 155 10 1226 1
548 8 150 12 1384 1
549 15 150 12 1384 1
550 9 176 9 1262 1
551 24 169 8 790 1
552 27 177 13 2668 1
553 28 183 11 1057 1
554 9 161 15 2931 1
555 23 165 10 1259 1
556 20 155 10 2244 1
557 9 160 10 885 1
558 23 177 11 2678 1
559 45 177 11 2678 1
560 8 163 18 3753 1
561 15 163 18 3753 1
562 7 170 9 2012 1
563 7 154 7 666 1
564 13 154 7 666 1
565 29 171 11 2755 1
566 9 159 14 2758 1
567 25 169 7 927 1
568 19 168 3 736 1
569 9 161 9 1351 1
570 10 150 12 945 1
571 21 158 13 3039 1
572 8 181 14 2580 1
573 24 161 18 4242 1
574 34 174 12 1882 1
575 19 173 13 2026 1
576 8 168 13 2678 1
577 43 173 20 3838 1
578 8 182 17 2782 1
579 15 182 17 2782 1
580 25 159 10 1950 1
581 49 159 10 1950 1
582 39 158 11 1910 1
583 16 150 10 2054 1
584 24 154 10 1470 1
585 8 152 16 2299 1
586 15 163 3 593 1
587 16 174 15 1758 1
588 9 165 11 1677 1
589 23 171 11 2385 1
590 8 155 18 2463 1
591 23 155 17 3452 1
592 26 179 15 1459 1
593 19 164 21 2206 1
594 11 161 7 1441 1
595 30 175 7 644 1
596 22 170 14 2244 1
597 13 181 9 830 1
598 9 155 1 198 1
599 23 161 10 1896 1
600 43 170 14 1863 1
601 23 158 7 1006 1
602 20 173 21 5063 1
603 11 167 25 6162 1
604 11 159 19 3739 1
605 23 170 13 2431 1
606 11 176 4 677 1
607 21 176 4 677 1
608 9 180 5 526 1
609 17 180 5 526 1
610 12 154 18 1988 1
611 14 175 9 1708 1
612 19 150 10 1247 1
613 8 163 13 3146 1
614 34 177 10 2396 1
615 9 180 19 3346 1
616 18 168 4 957 1
617 16 161 11 1219 1
618 1 167 19 2566 1
619 9 183 7 1764 1
620 17 183 7 1764 1
621 9 151 9 1602 1
622 22 155 11 2023 1
623 26 169 15 3303 1
624 23 177 8 1435 1
625 45 177 8 1435 1
626 34 174 15 2559 1
627 9 179 13 2402 1
628 17 179 13 2402 1
629 23 180 12 1249 1
630 11 175 15 2608 1
631 23 167 14 1635 1
632 24 179 8 1785 1
633 23 155 8 1078 1
634 15 222 22 6303 1
635 6 227 14 2472 1
636 40 211 14 3555 1
637 43 216 9 1048 1
638 16 185 1 185 1
639 17 188 7 857 1
640 33 188 7 857 1
641 49 186 5 749 1
642 20 231 13 3089 1
643 4 194 7 998 1
644 14 222 15 3467 1
645 29 189 10 1841 1
646 27 217 14 3511 1
647 26 211 15 3904 1
648 51 211 15 3904 1
649 25 191 13 1310 1
650 37 195 14 1453 1
651 6 186 11 2115 1
652 15 229 16 2051 1
653 29 209 10 2270 1
654 21 184 17 3975 1
655 27 197 23 4403 1
656 24 221 11 1337 1
657 29 213 14 1803 1
658 38 192 9 2153 1
659 16 217 10 2839 1
660 35 188 15 1426 1
661 29 193 11 2955 1
662 28 221 15 3030 1
663 26 210 15 2190 1
664 60 220 12 3309 1
665 22 191 9 2517 1
666 29 194 11 2548 1
667 31 221 21 6555 1
668 23 196 7 1400 1
669 16 231 11 3153 1
670 39 184 14 2301 1
671 7 192 24 6117 1
672 72 189 2 433 1
673 37 186 10 1053 1
674 26 185 21 3782 1
675 51 185 21 3782 1
676 15 232 8 2504 1
677 14 208 15 3194 1
678 27 208 15 3194 1
679 1 229 16 4622 1
680 39 192 13 3457 1
681 17 197 24 4638 1
682 41 232 13 3327 1
683 40 200 15 2756 1
684 29 186 10 1423 1
685 30 198 10 2651 1
686 10 189 12 2949 1
687 9 216 17 4729 1
688 17 216 17 4729 1
689 23 192 11 1246 1
690 45 192 11 1246 1
691 15 186 10 1962 1
692 29 202 14 3304 1
693 57 202 14 3304 1
694 68 223 11 1491 1
695 22 213 6 929 1
696 1 218 7 942 1
697 22 209 15 3131 1
698 43 209 15 3131 1
699 28 216 11 2182 1
700 9 186 10 2765 1
701 36 211 16 5003 1
702 30 221 12 2700 1
703 29 194 11 2344 1
704 35 232 18 2399 1
705 34 212 13 2587 1
706 61 220 8 1063 1
707 27 200 9 1369 1
708 22 212 10 1468 1
709 25 232 6 1159 1
710 49 232 6 1159 1
711 7 211 14 2159 1
712 39 218 4 934 1
713 19 189 7 1701 1
714 36 197 9 1325 1
715 71 197 9 1325 1
716 25 223 10 3007 1
717 9 202 12 3238 1
718 15 195 13 3741 1
719 37 189 4 961 1
720 7 231 18 4518 1
721 2 211 15 4677 1
722 22 222 8 1499 1
723 26 222 4 581 1
724 51 222 4 581 1
725 76 222 4 581 1
726 28 227 7 1411 1
727 8 196 7 1020 1
728 36 200 8 2262 1
729 11 211 8 2430 1
730 23 189 27 4144 1
731 37 200 12 2832 1
732 27 199 12 2881 1
733 17 212 8 1003 1
734 38 218 18 3013 1
735 80 218 2 362 1
736 27 191 11 1745 1
737 9 217 12 3898 1
738 17 217 12 3898 1
739 16 184 9 842 1
740 9 191 16 4162 1
741 8 185 9 959 1
742 15 185 9 959 1
743 34 231 11 3089 1
744 17 228 16 4586 1
745 21 184 15 3216 1
746 22 196 8 1921 1
747 23 208 8 1010 1
748 66 202 10 2665 1
749 23 217 19 4794 1
750 45 217 19 4794 1
751 22 211 6 1800 1
752 54 191 11 1845 1
753 15 200 8 1773 1
754 29 200 8 1773 1
755 72 212 17 4175 1
756 16 202 16 3858 1
757 20 202 13 1734 1
758 17 209 19 5461 1
759 38 188 6 1437 1
760 29 194 12 1834 1
761 23 194 16 4294 1
762 25 210 17 4262 1
763 49 210 17 4262 1
764 51 216 2 626 1
765 16 223 18 4530 1
766 20 188 12 2371 1
767 2 209 8 1594 1
768 81 229 8 1828 1
769 24 193 10 2212 1
770 15 220 14 2974 1
771 6 220 15 2745 1
772 10 185 13 3260 1
773 37 189 13 3253 1
774 41 200 12 2255 1
775 2 290 10 2208 1
776 42 250 12 3897 1
777 44 280 21 7792 1
778 87 280 21 7792 1
779 130 280 21 7792 1
780 38 241 14 4850 1
781 43 247 32 6042 1
782 85 247 32 6042 1
783 127 247 32 6042 1
784 55 280 14 2915 1
785 43 296 15 2926 1
786 85 296 15 2926 1
787 127 296 15 2926 1
788 169 296 15 2926 1
789 43 268 18 2944 1
790 43 267 18 5194 1
791 85 267 18 5194 1
792 127 267 18 5194 1
793 28 260 24 4444 1
794 55 260 24 4444 1
795 44 294 9 3638 1
796 87 294 9 3638 1
797 130 294 9 3638 1
798 50 241 14 4185 1
799 44 264 12 2800 1
800 37 255 12 2900 1
801 54 264 12 2561 1
802 72 241 18 4907 1
803 45 283 17 4218 1
804 51 255 25 5733 1
805 101 255 25 5733 1
806 31 282 7 1131 1
807 58 285 15 5115 1
808 43 264 13 3086 1
809 85 264 13 3086 1
810 127 264 13 3086 1
811 31 270 28 3881 1
812 44 287 15 6094 1
813 87 287 15 6094 1
814 45 280 13 5129 1
815 89 280 13 5129 1
816 43 296 28 9611 1
817 85 296 28 9611 1
818 43 255 9 2305 1
819 85 255 9 2305 1
820 53 259 14 5435 1
821 44 283 18 5757 1
822 87 283 18 5757 1
823 42 279 11 1971 1
824 83 279 11 1971 1
825 124 279 11 1971 1
826 2 261 27 5998 1
827 44 280 30 5668 1
828 87 280 30 5668 1
829 42 267 7 1421 1
830 28 250 17 5453 1
831 40 263 12 2954 1
832 43 281 12 2528 1
833 43 295 31 12619 1
834 85 295 31 12619 1
835 127 295 31 12619 1
836 50 278 25 5599 1
837 44 241 29 3540 1
838 87 241 29 3540 1
839 29 280 13 4242 1
840 26 277 10 3201 1
841 51 277 10 3201 1
842 59 281 23 5244 1
843 36 266 13 4428 1
844 26 247 14 1746 1
845 51 287 21 8049 1
846 43 295 26 9516 1
847 36 268 15 5183 1
848 44 261 23 8224 1
849 87 261 23 8224 1
850 130 261 23 8224 1
851 50 241 9 3139 1
852 53 260 15 5609 1
853 105 260 15 5609 1
854 157 260 15 5609 1
855 43 282 29 8179 1
856 44 275 6 1087 1
857 13 282 14 2643 1
858 25 282 14 2643 1
859 19 277 13 4206 1
860 58 283 20 5373 1
861 115 283 20 5373 1
862 43 285 8 2558 1
863 2 294 18 4267 1
864 60 281 6 2112 1
865 119 281 6 2112 1
866 178 281 6 2112 1
867 72 276 10 3720 1
868 36 247 18 6110 1
869 43 241 15 5361 1
870 60 287 14 5783 1
871 119 287 14 5783 1
872 39 292 61 22352 1
873 77 292 61 22352 1
874 115 292 61 22352 1
875 15 259 22 3862 1
876 44 276 12 4690 1
877 52 250 18 5959 1
878 44 256 15 2218 1
879 87 256 15 2218 1
880 130 256 15 2218 1
881 58 290 23 6906 1
882 42 268 25 6688 1
883 83 268 25 6688 1
884 44 256 11 2455 1
885 87 256 11 2455 1
886 38 282 11 2300 1
887 39 239 19 3186 1
888 44 287 13 3508 1
889 67 267 24 3697 1
890 50 267 10 3831 1
891 43 265 10 1813 1
892 44 271 9 1798 1
893 44 287 16 2829 1
894 45 295 8 2967 1
895 44 269 16 3485 1
896 41 294 13 2946 1
897 43 265 18 3097 1
898 55 294 20 6638 1
899 44 256 6 1020 1
900 43 256 16 4743 1
901 43 281 53 8692 1
902 85 281 53 8692 1
903 15 265 34 8320 1
904 90 256 14 3168 1
905 33 282 13 3495 1
906 65 282 13 3495 1
907 97 282 13 3495 1
908 35 240 19 3033 1
909 35 281 17 6300 1
910 70 259 7 1125 1
911 43 292 54 21337 1
912 42 294 11 2148 1
913 83 294 11 2148 1
914 43 290 28 11313 1
915 43 285 25 9257 1
916 85 285 25 9257 1
917 51 285 20 7594 1
918 31 247 15 3422 1
919 58 259 20 7648 1
920 64 275 13 3367 1
921 127 275 13 3367 1
922 71 240 9 1298 1
923 36 287 12 4649 1
924 71 287 12 4649 1
925 51 240 9 2586 1
926 66 261 6 1236 1
927 43 261 13 1800 1
928 85 261 13 1800 1
929 43 239 30 8678 1
930 42 280 13 5309 1
931 24 260 28 10525 1
932 47 260 28 10525 1
933 70 260 28 10525 1
934 60 250 33 10182 1
935 23 340 27 9762 1
936 49 305 16 2591 1
937 10 300 13 4701 1
938 45 321 19 6986 1
939 89 321 19 6986 1
940 46 319 16 7379 1
941 58 319 14 2661 1
942 36 304 15 6513 1
943 51 319 16 3867 1
944 101 319 16 3867 1
945 57 329 18 8105 1
946 43 336 24 5758 1
947 44 318 17 6506 1
948 45 336 24 4237 1
949 89 336 24 4237 1
950 133 336 24 4237 1
951 177 336 24 4237 1
952 8 321 7 1646 1
953 26 304 12 4777 1
954 63 304 24 10842 1
955 125 304 24 10842 1
956 51 337 22 8113 1
957 44 335 29 7755 1
958 87 335 29 7755 1
959 130 335 29 7755 1
960 55 335 22 10227 1
961 40 333 9 3391 1
962 133 300 31 7525 1
963 265 300 31 7525 1
964 44 334 16 6562 1
965 101 335 13 5570 1
966 91 336 19 6149 1
967 43 302 16 3678 1
968 51 333 19 6110 1
969 43 347 28 11726 1
970 100 302 28 12622 1
971 54 329 13 4239 1
972 13 316 31 6735 1
973 49 300 13 4848 1
974 97 300 13 4848 1
975 145 300 13 4848 1
976 86 301 24 4558 1
977 66 316 10 3318 1
978 117 305 53 22006 1
979 233 305 53 22006 1
980 177 332 12 2938 1
981 41 329 28 12876 1
982 42 302 18 3737 1
983 83 302 18 3737 1
984 57 300 14 5707 1
985 45 301 14 2670 1
986 57 336 27 10419 1
987 141 318 23 5138 1
988 11 329 28 12746 1
989 25 333 24 5395 1
990 42 300 9 4041 1
991 44 334 22 5767 1
992 7 335 17 6413 1
993 110 335 18 6392 1
994 50 318 27 10223 1
995 49 333 14 3218 1
996 51 300 26 6067 1
997 43 316 33 9793 1
998 42 301 21 7651 1
999 11 347 22 11300 1
1000 43 337 16 3618 1
1001 50 325 29 12163 1
1002 42 340 29 13350 1
1003 23 319 29 13435 1
1004 43 325 12 4075 1
1005 20 302 9 3512 1
1006 43 321 29 13699 1
1007 85 321 29 13699 1
1008 50 340 18 7455 1
1009 22 347 15 5738 1
1010 57 321 26 5515 1
1011 44 334 8 3469 1
1012 36 323 19 7338 1
1013 45 325 28 4922 1
1014 97 300 17 4511 1
1015 44 333 9 4358 1
1016 87 333 9 4358 1
1017 51 304 13 4024 1
1018 201 304 30 13095 1
1019 43 321 10 3613 1
1020 83 337 8 1578 1
1021 44 337 18 6980 1
1022 87 337 18 6980 1
1023 46 323 23 8464 1
1024 37 319 34 8400 1
1025 6 364 45 15425 1
1026 11 364 45 15425 1
1027 16 364 45 15425 1
1028 47 350 12 6258 1
1029 93 350 12 6258 1
1030 113 349 175 41188 1
1031 45 351 29 12187 1
1032 17 349 196 69354 1
1033 5 351 57 16602 1
1034 57 367 34 17726 1
1035 1 351 41 14873 1
1036 1 351 41 14873 1
1037 1 351 41 14873 1
26
500 500 500 500 500 500 500 500 500 500 500 500 500 500 500 500 500 500 500 500 500 500 500 500 500 500 