1036
1 7 99 23 1216 1
2 6 101 9 608 1
3 11 101 9 608 1
4 16 101 9 608 1
5 6 101 8 1016 1
6 24 101 13 1006 1
7 47 101 13 1006 1
8 70 101 13 1006 1
9 93 101 13 1006 1
10 116 101 13 1006 1
11 6 99 11 752 1
12 7 101 11 1232 1
13 13 101 11 1232 1
14 19 101 11 1232 1
15 23 101 9 537 1
16 3 101 49 6388 1
17 17 101 25 2917 1
18 6 99 12 1156 1
19 6 101 11 1050 1
20 11 101 11 1050 1
21 4 99 35 2588 1
22 7 99 35 2588 1
23 10 99 35 2588 1
24 7 101 11 1520 1
25 18 99 24 2506 1
26 35 99 24 2506 1
27 20 101 11 767 1
28 7 99 53 5597 1
29 10 101 6 507 1
30 4 99 19 1795 1
31 6 99 23 1469 1
32 16 101 24 2372 1
33 4 99 17 1375 1
34 4 101 33 3685 1
35 7 101 33 3685 1
36 3 101 8 499 1
37 6 101 17 2325 1
38 5 99 14 1860 1
39 9 99 14 1860 1
40 4 138 15 2588 1
41 5 110 12 740 1
42 9 110 12 740 1
43 13 110 12 740 1
44 13 139 14 1805 1
45 25 139 14 1805 1
46 37 139 14 1805 1
47 49 139 14 1805 1
48 61 139 14 1805 1
49 73 139 14 1805 1
50 14 140 21 2184 1
51 12 140 12 1846 1
52 5 134 37 2769 1
53 7 126 4 556 1
54 13 126 4 556 1
55 11 141 45 4104 1
56 12 138 23 4255 1
57 23 138 23 4255 1
58 34 138 23 4255 1
59 45 138 23 4255 1
60 56 138 23 4255 1
61 67 138 23 4255 1
62 12 132 17 3287 1
63 5 132 10 1313 1
64 9 132 10 1313 1
65 7 132 20 3773 1
66 13 132 20 3773 1
67 19 132 20 3773 1
68 25 132 20 3773 1
69 4 140 34 3424 1
70 6 125 17 2113 1
71 11 125 17 2113 1
72 16 125 17 2113 1
73 21 125 17 2113 1
74 26 125 17 2113 1
75 31 125 17 2113 1
76 36 125 17 2113 1
77 41 125 17 2113 1
78 46 125 17 2113 1
79 51 125 17 2113 1
80 18 110 24 2018 1
81 11 138 9 740 1
82 3 129 47 4820 1
83 13 118 10 1548 1
84 4 126 18 1204 1
85 19 134 19 3700 1
86 37 134 19 3700 1
87 55 134 19 3700 1
88 15 140 17 1965 1
89 29 140 17 1965 1
90 43 140 17 1965 1
91 14 129 7 920 1
92 9 137 23 1916 1
93 17 137 23 1916 1
94 25 137 23 1916 1
95 33 137 23 1916 1
96 41 137 23 1916 1
97 49 137 23 1916 1
98 4 134 5 477 1
99 7 134 5 477 1
100 11 110 8 774 1
101 21 110 8 774 1
102 4 139 5 482 1
103 10 126 12 1555 1
104 20 121 16 1730 1
105 39 121 16 1730 1
106 58 121 16 1730 1
107 14 138 17 1205 1
108 27 138 17 1205 1
109 37 132 14 1316 1
110 7 121 15 957 1
111 13 121 15 957 1
112 19 121 15 957 1
113 25 121 15 957 1
114 31 121 15 957 1
115 4 127 10 1701 1
116 13 118 10 1497 1
117 12 137 17 3104 1
118 4 118 13 2133 1
119 4 125 13 1501 1
120 11 118 3 235 1
121 21 118 3 235 1
122 31 118 3 235 1
123 41 118 3 235 1
124 5 138 30 3710 1
125 9 138 30 3710 1
126 13 138 30 3710 1
127 13 129 17 2444 1
128 25 129 17 2444 1
129 37 129 17 2444 1
130 49 129 17 2444 1
131 61 129 17 2444 1
132 73 129 17 2444 1
133 85 129 17 2444 1
134 97 129 17 2444 1
135 2 126 17 1800 1
136 8 141 7 878 1
137 15 141 7 878 1
138 22 141 7 878 1
139 17 122 18 2077 1
140 8 110 8 658 1
141 15 110 8 658 1
142 3 137 69 8213 1
143 5 137 69 8213 1
144 8 132 3 336 1
145 15 132 3 336 1
146 22 132 3 336 1
147 29 132 3 336 1
148 36 132 3 336 1
149 43 132 3 336 1
150 3 126 13 897 1
151 5 126 13 897 1
152 7 126 13 897 1
153 9 126 13 897 1
154 11 126 13 897 1
155 9 110 6 525 1
156 7 138 7 570 1
157 4 129 17 1909 1
158 7 129 17 1909 1
159 4 141 6 884 1
160 13 138 19 3347 1
161 25 138 19 3347 1
162 4 133 24 3198 1
163 7 133 24 3198 1
164 10 133 24 3198 1
165 13 133 24 3198 1
166 5 138 23 3838 1
167 9 138 23 3838 1
168 14 122 11 916 1
169 27 122 11 916 1
170 40 122 11 916 1
171 53 122 11 916 1
172 6 134 8 1361 1
173 11 134 8 1361 1
174 26 127 13 867 1
175 12 140 23 2727 1
176 23 140 23 2727 1
177 34 140 23 2727 1
178 45 140 23 2727 1
179 56 140 23 2727 1
180 67 140 23 2727 1
181 17 118 22 2500 1
182 33 118 22 2500 1
183 49 118 22 2500 1
184 65 118 22 2500 1
185 81 118 22 2500 1
186 16 118 9 1556 1
187 31 118 9 1556 1
188 46 118 9 1556 1
189 61 118 9 1556 1
190 76 118 9 1556 1
191 91 118 9 1556 1
192 106 118 9 1556 1
193 3 129 18 3025 1
194 4 132 24 4491 1
195 7 132 24 4491 1
196 10 132 24 4491 1
197 13 132 24 4491 1
198 16 132 24 4491 1
199 19 132 24 4491 1
200 76 110 13 1506 1
201 7 140 35 4263 1
202 13 140 35 4263 1
203 19 140 35 4263 1
204 25 140 35 4263 1
205 2 137 23 3805 1
206 16 110 6 443 1
207 8 140 14 2120 1
208 15 140 14 2120 1
209 22 140 14 2120 1
210 29 140 14 2120 1
211 36 140 14 2120 1
212 10 133 6 742 1
213 19 133 6 742 1
214 28 133 6 742 1
215 85 140 8 818 1
216 4 137 32 4937 1
217 7 137 32 4937 1
218 10 137 32 4937 1
219 13 137 32 4937 1
220 16 137 32 4937 1
221 19 137 32 4937 1
222 22 137 32 4937 1
223 25 137 32 4937 1
224 7 138 8 1625 1
225 12 137 28 4960 1
226 23 137 28 4960 1
227 34 137 28 4960 1
228 9 141 16 2725 1
229 10 140 15 2945 1
230 10 122 14 2540 1
231 19 122 14 2540 1
232 28 122 14 2540 1
233 37 122 14 2540 1
234 46 122 14 2540 1
235 55 122 14 2540 1
236 12 133 18 2256 1
237 23 133 18 2256 1
238 34 133 18 2256 1
239 45 133 18 2256 1
240 56 133 18 2256 1
241 67 133 18 2256 1
242 12 110 5 672 1
243 15 140 6 569 1
244 29 140 6 569 1
245 43 140 6 569 1
246 57 140 6 569 1
247 71 140 6 569 1
248 85 140 6 569 1
249 16 122 25 4042 1
250 31 122 25 4042 1
251 46 122 25 4042 1
252 61 122 25 4042 1
253 76 122 25 4042 1
254 91 122 25 4042 1
255 8 122 12 1774 1
256 15 122 12 1774 1
257 22 122 12 1774 1
258 29 122 12 1774 1
259 36 122 12 1774 1
260 7 137 19 2563 1
261 13 137 19 2563 1
262 19 137 19 2563 1
263 25 137 19 2563 1
264 31 137 19 2563 1
265 37 137 19 2563 1
266 43 137 19 2563 1
267 49 137 19 2563 1
268 2 132 18 3522 1
269 3 132 18 3522 1
270 9 134 22 3872 1
271 17 134 22 3872 1
272 3 127 17 1399 1
273 14 127 9 1184 1
274 27 127 9 1184 1
275 40 127 9 1184 1
276 53 127 9 1184 1
277 15 137 17 2691 1
278 29 137 17 2691 1
279 3 139 11 1130 1
280 11 140 9 1544 1
281 21 140 9 1544 1
282 31 140 9 1544 1
283 41 140 9 1544 1
284 51 140 9 1544 1
285 61 140 9 1544 1
286 71 140 9 1544 1
287 10 139 18 3205 1
288 2 110 11 772 1
289 9 121 9 1046 1
290 12 122 13 1968 1
291 23 122 13 1968 1
292 13 140 22 4047 1
293 25 140 22 4047 1
294 37 140 22 4047 1
295 49 140 22 4047 1
296 9 126 17 2896 1
297 17 126 17 2896 1
298 3 141 7 906 1
299 12 134 24 3109 1
300 23 134 24 3109 1
301 15 126 9 1462 1
302 29 126 9 1462 1
303 12 122 7 490 1
304 23 122 7 490 1
305 34 122 7 490 1
306 45 122 7 490 1
307 56 122 7 490 1
308 67 122 7 490 1
309 78 122 7 490 1
310 89 122 7 490 1
311 100 122 7 490 1
312 4 125 20 2755 1
313 7 125 20 2755 1
314 4 125 24 2665 1
315 6 121 5 570 1
316 11 121 5 570 1
317 12 139 17 1687 1
318 3 141 13 1375 1
319 5 141 13 1375 1
320 7 141 13 1375 1
321 17 137 39 7392 1
322 33 137 39 7392 1
323 49 137 39 7392 1
324 65 137 39 7392 1
325 81 137 39 7392 1
326 97 137 39 7392 1
327 113 137 39 7392 1
328 129 137 39 7392 1
329 4 127 7 1088 1
330 7 127 7 1088 1
331 10 127 7 1088 1
332 13 127 7 1088 1
333 16 127 7 1088 1
334 19 127 7 1088 1
335 22 127 7 1088 1
336 13 129 11 781 1
337 25 129 11 781 1
338 12 133 6 644 1
339 23 133 6 644 1
340 34 133 6 644 1
341 45 133 6 644 1
342 56 133 6 644 1
343 67 133 6 644 1
344 78 133 6 644 1
345 89 133 6 644 1
346 13 122 18 1641 1
347 25 122 18 1641 1
348 37 122 18 1641 1
349 4 122 29 2582 1
350 7 122 29 2582 1
351 4 118 8 781 1
352 7 118 8 781 1
353 5 122 13 1341 1
354 9 122 13 1341 1
355 13 122 13 1341 1
356 4 141 17 1358 1
357 11 133 7 1376 1
358 16 141 16 1536 1
359 31 141 16 1536 1
360 3 110 32 4988 1
361 21 126 27 4503 1
362 41 126 27 4503 1
363 7 127 9 1400 1
364 13 127 9 1400 1
365 19 127 9 1400 1
366 25 127 9 1400 1
367 31 127 9 1400 1
368 37 127 9 1400 1
369 43 127 9 1400 1
370 49 127 9 1400 1
371 9 138 13 1113 1
372 6 127 16 1841 1
373 5 137 23 3007 1
374 9 137 23 3007 1
375 13 137 23 3007 1
376 17 137 23 3007 1
377 21 137 23 3007 1
378 8 127 21 3147 1
379 15 127 21 3147 1
380 14 133 11 1732 1
381 27 133 11 1732 1
382 40 133 11 1732 1
383 5 134 15 2171 1
384 16 125 8 973 1
385 31 125 8 973 1
386 46 125 8 973 1
387 6 132 23 3785 1
388 11 132 23 3785 1
389 21 125 23 4159 1
390 4 132 38 3372 1
391 13 127 13 2299 1
392 25 127 13 2299 1
393 37 127 13 2299 1
394 49 127 13 2299 1
395 61 127 13 2299 1
396 73 127 13 2299 1
397 85 127 13 2299 1
398 97 127 13 2299 1
399 109 127 13 2299 1
400 121 127 13 2299 1
401 133 127 13 2299 1
402 9 129 33 3445 1
403 17 129 33 3445 1
404 25 129 33 3445 1
405 33 129 33 3445 1
406 41 129 33 3445 1
407 49 129 33 3445 1
408 3 122 27 1895 1
409 5 122 27 1895 1
410 11 127 16 1077 1
411 21 127 16 1077 1
412 31 127 16 1077 1
413 41 127 16 1077 1
414 51 127 16 1077 1
415 61 127 16 1077 1
416 71 127 16 1077 1
417 81 127 16 1077 1
418 91 127 16 1077 1
419 101 127 16 1077 1
420 5 140 16 2099 1
421 17 139 15 3066 1
422 33 139 15 3066 1
423 49 139 15 3066 1
424 65 139 15 3066 1
425 81 139 15 3066 1
426 97 139 15 3066 1
427 113 139 15 3066 1
428 129 139 15 3066 1
429 65 121 12 737 1
430 15 129 24 4013 1
431 29 129 24 4013 1
432 43 129 24 4013 1
433 57 129 24 4013 1
434 13 110 11 1292 1
435 25 110 11 1292 1
436 37 110 11 1292 1
437 49 110 11 1292 1
438 61 110 11 1292 1
439 73 110 11 1292 1
440 85 110 11 1292 1
441 97 110 11 1292 1
442 109 110 11 1292 1
443 121 110 11 1292 1
444 133 110 11 1292 1
445 145 110 11 1292 1
446 13 137 21 2416 1
447 25 137 21 2416 1
448 37 137 21 2416 1
449 49 137 21 2416 1
450 4 126 8 1512 1
451 2 133 12 1141 1
452 3 133 12 1141 1
453 4 133 12 1141 1
454 5 133 12 1141 1
455 6 133 12 1141 1
456 9 118 11 1352 1
457 17 118 11 1352 1
458 25 118 11 1352 1
459 33 118 11 1352 1
460 16 133 22 2613 1
461 5 121 16 2718 1
462 4 134 15 1268 1
463 3 138 14 2644 1
464 13 125 9 1629 1
465 25 125 9 1629 1
466 12 125 8 1223 1
467 23 125 8 1223 1
468 85 140 21 1991 1
469 11 132 17 2462 1
470 21 132 17 2462 1
471 16 141 7 741 1
472 31 141 7 741 1
473 46 141 7 741 1
474 9 138 16 2126 1
475 17 138 16 2126 1
476 25 138 16 2126 1
477 33 138 16 2126 1
478 16 127 33 2303 1
479 31 127 33 2303 1
480 46 127 33 2303 1
481 61 127 33 2303 1
482 76 127 33 2303 1
483 91 127 33 2303 1
484 106 127 33 2303 1
485 121 127 33 2303 1
486 136 127 33 2303 1
487 151 127 33 2303 1
488 166 127 33 2303 1
489 181 127 33 2303 1
490 196 127 33 2303 1
491 211 127 33 2303 1
492 226 127 33 2303 1
493 241 127 33 2303 1
494 21 134 23 3622 1
495 6 140 8 1503 1
496 11 140 8 1503 1
497 16 140 8 1503 1
498 21 140 8 1503 1
499 26 140 8 1503 1
500 31 140 8 1503 1
501 36 140 8 1503 1
502 41 140 8 1503 1
503 46 140 8 1503 1
504 51 140 8 1503 1
505 56 140 8 1503 1
506 61 140 8 1503 1
507 66 140 8 1503 1
508 71 140 8 1503 1
509 76 140 8 1503 1
510 81 140 8 1503 1
511 86 140 8 1503 1
512 91 140 8 1503 1
513 12 133 5 993 1
514 23 133 5 993 1
515 34 133 5 993 1
516 45 133 5 993 1
517 56 133 5 993 1
518 67 133 5 993 1
519 5 137 34 3081 1
520 15 127 13 2296 1
521 29 127 13 2296 1
522 43 127 13 2296 1
523 57 127 13 2296 1
524 3 133 35 6760 1
525 4 126 14 2354 1
526 7 126 14 2354 1
527 10 126 14 2354 1
528 13 126 14 2354 1
529 16 126 14 2354 1
530 19 126 14 2354 1
531 22 126 14 2354 1
532 25 126 14 2354 1
533 28 126 14 2354 1
534 31 126 14 2354 1
535 34 126 14 2354 1
536 37 126 14 2354 1
537 4 141 16 2691 1
538 7 141 16 2691 1
539 3 140 7 835 1
540 3 137 11 1400 1
541 16 138 15 2460 1
542 31 138 15 2460 1
543 4 126 26 1801 1
544 9 110 14 2082 1
545 17 110 14 2082 1
546 25 110 14 2082 1
547 33 110 14 2082 1
548 41 110 14 2082 1
549 49 110 14 2082 1
550 57 110 14 2082 1
551 8 125 7 579 1
552 6 132 10 1103 1
553 18 118 11 949 1
554 6 118 14 2256 1
555 11 118 14 2256 1
556 16 118 14 2256 1
557 21 118 14 2256 1
558 3 141 12 1218 1
559 5 141 12 1218 1
560 15 127 22 4025 1
561 4 133 28 4544 1
562 5 137 15 2497 1
563 24 134 50 4829 1
564 47 134 50 4829 1
565 70 134 50 4829 1
566 93 134 50 4829 1
567 116 134 50 4829 1
568 139 134 50 4829 1
569 162 134 50 4829 1
570 15 110 17 2115 1
571 29 110 17 2115 1
572 43 110 17 2115 1
573 57 110 17 2115 1
574 71 110 17 2115 1
575 16 110 15 2187 1
576 13 127 9 1391 1
577 11 118 14 2443 1
578 21 118 14 2443 1
579 31 118 14 2443 1
580 41 118 14 2443 1
581 51 118 14 2443 1
582 61 118 14 2443 1
583 71 118 14 2443 1
584 81 118 14 2443 1
585 14 126 10 1191 1
586 27 126 10 1191 1
587 40 126 10 1191 1
588 53 126 10 1191 1
589 6 137 25 2489 1
590 11 137 25 2489 1
591 16 137 25 2489 1
592 21 137 25 2489 1
593 26 137 25 2489 1
594 31 137 25 2489 1
595 36 137 25 2489 1
596 10 137 15 1897 1
597 19 137 15 1897 1
598 17 125 15 2162 1
599 33 125 15 2162 1
600 49 125 15 2162 1
601 65 125 15 2162 1
602 81 125 15 2162 1
603 9 140 9 1282 1
604 17 140 9 1282 1
605 25 140 9 1282 1
606 33 140 9 1282 1
607 41 140 9 1282 1
608 10 139 28 5465 1
609 19 139 28 5465 1
610 28 139 28 5465 1
611 37 139 28 5465 1
612 46 139 28 5465 1
613 55 139 28 5465 1
614 16 141 18 3329 1
615 31 141 18 3329 1
616 46 141 18 3329 1
617 61 141 18 3329 1
618 76 141 18 3329 1
619 91 141 18 3329 1
620 106 141 18 3329 1
621 121 141 18 3329 1
622 14 141 5 957 1
623 11 126 6 797 1
624 21 126 6 797 1
625 31 126 6 797 1
626 41 126 6 797 1
627 51 126 6 797 1
628 61 126 6 797 1
629 71 126 6 797 1
630 81 126 6 797 1
631 91 126 6 797 1
632 101 126 6 797 1
633 3 132 12 1047 1
634 10 118 5 422 1
635 19 118 5 422 1
636 4 126 14 2550 1
637 12 141 10 1572 1
638 23 141 10 1572 1
639 29 137 40 3575 1
640 57 137 40 3575 1
641 85 137 40 3575 1
642 12 140 11 1357 1
643 23 140 11 1357 1
644 34 140 11 1357 1
645 6 118 25 3260 1
646 13 141 19 3836 1
647 25 141 19 3836 1
648 37 141 19 3836 1
649 49 141 19 3836 1
650 61 141 19 3836 1
651 73 141 19 3836 1
652 85 141 19 3836 1
653 97 141 19 3836 1
654 109 141 19 3836 1
655 121 141 19 3836 1
656 133 141 19 3836 1
657 8 134 45 8553 1
658 15 134 45 8553 1
659 22 134 45 8553 1
660 15 139 29 5689 1
661 29 139 29 5689 1
662 7 122 23 3483 1
663 12 157 23 4843 1
664 23 157 23 4843 1
665 8 161 28 6099 1
666 17 154 15 3334 1
667 33 154 15 3334 1
668 9 160 23 2550 1
669 17 160 23 2550 1
670 10 160 10 1766 1
671 14 151 22 2067 1
672 11 166 13 2060 1
673 3 166 15 3260 1
674 9 149 23 2224 1
675 17 149 23 2224 1
676 13 151 25 4946 1
677 13 157 23 2859 1
678 25 157 23 2859 1
679 9 154 17 1937 1
680 11 157 14 3055 1
681 10 166 12 1626 1
682 11 160 9 965 1
683 11 151 52 7147 1
684 21 151 52 7147 1
685 31 151 52 7147 1
686 41 151 52 7147 1
687 11 155 26 5812 1
688 17 151 10 1914 1
689 33 151 10 1914 1
690 12 154 17 3917 1
691 8 166 10 1171 1
692 10 157 16 2952 1
693 11 157 20 4414 1
694 4 158 23 2743 1
695 10 154 10 2147 1
696 19 154 10 2147 1
697 9 154 11 2446 1
698 17 154 11 2446 1
699 25 154 11 2446 1
700 33 154 11 2446 1
701 41 154 11 2446 1
702 10 158 14 3095 1
703 11 157 18 2830 1
704 21 157 18 2830 1
705 10 165 22 2655 1
706 19 165 22 2655 1
707 11 166 13 2670 1
708 10 158 15 2326 1
709 12 165 9 1887 1
710 3 160 16 2396 1
711 5 160 16 2396 1
712 12 149 6 822 1
713 9 149 17 1284 1
714 10 166 35 4456 1
715 9 158 26 5278 1
716 17 158 26 5278 1
717 25 158 26 5278 1
718 10 157 19 2530 1
719 11 161 17 3033 1
720 9 157 11 1651 1
721 31 151 12 1558 1
722 9 166 10 1548 1
723 17 166 10 1548 1
724 25 166 10 1548 1
725 33 166 10 1548 1
726 11 155 19 2202 1
727 21 155 19 2202 1
728 9 165 31 5464 1
729 13 149 14 2102 1
730 25 149 14 2102 1
731 37 149 14 2102 1
732 49 149 14 2102 1
733 20 161 11 1524 1
734 4 155 12 2067 1
735 4 147 8 1135 1
736 7 147 8 1135 1
737 38 154 5 764 1
738 75 154 5 764 1
739 12 154 12 1335 1
740 7 151 8 1407 1
741 5 160 35 5711 1
742 9 160 35 5711 1
743 9 151 19 1886 1
744 4 147 6 1249 1
745 7 147 6 1249 1
746 6 157 29 4553 1
747 8 165 11 2271 1
748 9 149 14 2679 1
749 14 161 32 6178 1
750 27 161 32 6178 1
751 15 151 12 1107 1
752 12 151 27 4901 1
753 9 155 11 1682 1
754 3 161 26 2242 1
755 2 161 42 3658 1
756 17 157 10 1863 1
757 25 155 14 3001 1
758 49 155 14 3001 1
759 14 165 20 2647 1
760 14 160 25 4069 1
761 27 160 25 4069 1
762 40 160 25 4069 1
763 13 158 8 1273 1
764 13 161 18 3875 1
765 25 161 18 3875 1
766 37 161 18 3875 1
767 3 165 15 3558 1
768 12 154 17 3374 1
769 12 165 8 1305 1
770 12 160 40 5953 1
771 12 155 27 5060 1
772 23 155 27 5060 1
773 17 165 7 763 1
774 7 161 27 3993 1
775 9 149 18 1823 1
776 3 158 16 2362 1
777 12 158 40 7635 1
778 16 147 14 2538 1
779 31 147 14 2538 1
780 46 147 14 2538 1
781 13 149 8 1552 1
782 11 151 26 4871 1
783 9 147 4 444 1
784 17 147 4 444 1
785 25 147 4 444 1
786 33 147 4 444 1
787 41 147 4 444 1
788 49 147 4 444 1
789 57 147 4 444 1
790 4 158 10 822 1
791 8 161 4 799 1
792 15 161 4 799 1
793 22 161 4 799 1
794 29 161 4 799 1
795 14 155 15 1630 1
796 27 155 15 1630 1
797 40 155 15 1630 1
798 4 166 35 7833 1
799 11 154 26 3681 1
800 8 147 26 4540 1
801 9 151 7 569 1
802 4 158 42 3356 1
803 7 158 42 3356 1
804 20 160 5 656 1
805 15 157 23 4648 1
806 10 161 19 4294 1
807 16 158 33 5166 1
808 31 158 33 5166 1
809 11 154 13 2288 1
810 21 154 13 2288 1
811 14 155 22 2596 1
812 27 155 22 2596 1
813 40 155 22 2596 1
814 17 149 19 2187 1
815 25 155 48 3941 1
816 11 147 10 1734 1
817 15 166 20 4188 1
818 13 158 21 3303 1
819 4 178 17 3957 1
820 7 178 17 3957 1
821 14 183 27 6121 1
822 16 185 19 4739 1
823 21 183 22 2689 1
824 16 185 12 2476 1
825 31 185 12 2476 1
826 46 185 12 2476 1
827 39 178 16 1826 1
828 77 178 16 1826 1
829 33 185 26 7079 1
830 16 194 39 5020 1
831 31 194 39 5020 1
832 42 168 13 2534 1
833 10 175 18 1888 1
834 12 198 22 5188 1
835 12 175 8 1290 1
836 23 175 8 1290 1
837 16 188 7 1534 1
838 31 188 7 1534 1
839 37 170 34 7637 1
840 22 170 8 818 1
841 15 190 11 1089 1
842 43 169 10 1952 1
843 16 178 12 2501 1
844 16 170 14 2860 1
845 22 184 17 1728 1
846 43 184 17 1728 1
847 14 190 10 2034 1
848 15 185 16 2018 1
849 2 178 25 3002 1
850 14 168 26 4583 1
851 17 178 26 2732 1
852 33 178 26 2732 1
853 3 178 20 4471 1
854 16 170 8 773 1
855 45 194 15 1748 1
856 36 195 42 9455 1
857 16 194 30 8642 1
858 31 194 30 8642 1
859 2 195 19 5546 1
860 22 190 16 2818 1
861 13 195 13 1679 1
862 3 183 27 4606 1
863 15 188 29 7371 1
864 24 183 38 8756 1
865 47 183 38 8756 1
866 14 190 14 2740 1
867 14 183 30 4830 1
868 16 194 8 1381 1
869 31 194 8 1381 1
870 13 168 11 1948 1
871 15 188 19 5297 1
872 3 183 9 1504 1
873 115 168 62 11208 1
874 16 195 24 2884 1
875 31 195 24 2884 1
876 15 190 20 5049 1
877 3 197 15 1924 1
878 314 188 22 3733 1
879 3 184 31 3959 1
880 10 178 12 2359 1
881 15 184 21 5423 1
882 23 183 12 2426 1
883 34 184 10 2705 1
884 3 175 24 3895 1
885 16 194 36 5427 1
886 23 178 13 1607 1
887 22 185 23 5146 1
888 10 195 16 1862 1
889 4 183 33 3465 1
890 14 175 24 2771 1
891 16 190 29 7288 1
892 31 190 29 7288 1
893 3 195 31 3793 1
894 16 198 43 11610 1
895 16 168 52 8330 1
896 4 195 20 3143 1
897 11 197 21 2549 1
898 21 178 4 469 1
899 12 184 17 3719 1
900 16 195 7 1021 1
901 31 195 7 1021 1
902 46 195 7 1021 1
903 16 184 22 3866 1
904 10 183 26 5020 1
905 15 169 8 1884 1
906 21 197 26 3763 1
907 16 198 18 4410 1
908 14 169 29 4529 1
909 36 188 31 6302 1
910 10 168 28 3446 1
911 42 169 33 7428 1
912 15 197 5 531 1
913 77 170 16 2620 1
914 37 169 16 2019 1
915 13 197 16 2683 1
916 49 208 9 1581 1
917 97 208 9 1581 1
918 145 208 9 1581 1
919 25 204 25 7449 1
920 39 221 13 1576 1
921 77 221 13 1576 1
922 157 212 22 3702 1
923 313 212 22 3702 1
924 41 222 24 7606 1
925 81 222 24 7606 1
926 121 222 24 7606 1
927 161 222 24 7606 1
928 201 222 24 7606 1
929 241 222 24 7606 1
930 281 222 24 7606 1
931 179 210 18 5216 1
932 35 221 11 1875 1
933 69 221 11 1875 1
934 103 221 11 1875 1
935 137 221 11 1875 1
936 171 221 11 1875 1
937 205 221 11 1875 1
938 239 221 11 1875 1
939 273 221 11 1875 1
940 307 221 11 1875 1
941 341 221 11 1875 1
942 375 221 11 1875 1
943 409 221 11 1875 1
944 40 208 15 3967 1
945 43 208 21 3087 1
946 85 208 21 3087 1
947 127 208 21 3087 1
948 169 208 21 3087 1
949 211 208 21 3087 1
950 38 210 1 156 1
951 75 210 1 156 1
952 112 210 1 156 1
953 149 210 1 156 1
954 186 210 1 156 1
955 223 210 1 156 1
956 208 222 15 3648 1
957 48 212 26 3798 1
958 95 212 26 3798 1
959 142 212 26 3798 1
960 189 212 26 3798 1
961 236 212 26 3798 1
962 5 212 12 3334 1
963 55 208 10 1776 1
964 109 208 10 1776 1
965 163 208 10 1776 1
966 87 210 9 2719 1
967 30 207 22 3099 1
968 59 207 22 3099 1
969 88 207 22 3099 1
970 117 207 22 3099 1
971 146 207 22 3099 1
972 175 207 22 3099 1
973 39 207 26 5628 1
974 33 211 17 2487 1
975 65 211 17 2487 1
976 97 211 17 2487 1
977 129 211 17 2487 1
978 161 211 17 2487 1
979 193 211 17 2487 1
980 225 211 17 2487 1
981 257 211 17 2487 1
982 31 239 18 2783 1
983 61 239 18 2783 1
984 91 239 18 2783 1
985 57 228 17 5566 1
986 113 228 17 5566 1
987 100 230 17 4048 1
988 199 230 17 4048 1
989 56 239 23 3889 1
990 36 230 18 5335 1
991 113 239 18 3010 1
992 40 225 21 2565 1
993 106 228 16 4773 1
994 36 239 14 1870 1
995 38 230 24 6952 1
996 75 230 24 6952 1
997 36 225 16 3519 1
998 81 239 22 2930 1
999 37 239 19 3643 1
1000 73 239 19 3643 1
1001 109 239 19 3643 1
1002 36 225 19 4945 1
1003 41 225 18 3531 1
1004 95 239 22 7833 1
1005 37 225 30 9570 1
1006 38 225 14 3557 1
1007 57 230 17 4037 1
1008 34 230 26 6434 1
1009 36 225 16 4701 1
1010 37 225 18 2027 1
1011 37 239 13 3087 1
1012 73 239 13 3087 1
1013 58 239 24 4501 1
1014 37 225 11 2290 1
1015 73 225 11 2290 1
1016 109 225 11 2290 1
1017 58 299 19 4989 1
1018 57 274 16 2657 1
1019 113 274 16 2657 1
1020 107 262 11 4263 1
1021 139 291 13 2198 1
1022 94 258 17 5501 1
1023 59 278 29 5134 1
1024 58 303 31 11398 1
1025 59 299 29 6998 1
1026 107 274 30 5101 1
1027 93 258 29 8958 1
1028 185 258 29 8958 1
1029 106 275 37 13122 1
1030 106 278 31 7122 1
1031 94 276 24 3518 1
1032 187 276 24 3518 1
1033 280 276 24 3518 1
1034 57 255 20 4717 1
1035 113 255 20 4717 1
1036 57 255 23 6518 1
35
400 400 400 400 500 500 600 600 600 600 600 600 600 400 400 400 400 400 230 315 600 450 450 400 400 400 665 725 645 500 500 305 400 400 390 