1036
1 6 99 11 1395 1
2 17 101 14 1040 1
3 33 101 14 1040 1
4 6 101 4 491 1
5 19 101 37 2066 1
6 37 101 37 2066 1
7 55 101 37 2066 1
8 7 101 22 2552 1
9 6 99 7 629 1
10 7 99 22 1294 1
11 7 101 11 672 1
12 13 101 11 672 1
13 19 101 11 672 1
14 3 101 8 1118 1
15 5 101 8 1118 1
16 25 101 8 551 1
17 49 101 8 551 1
18 73 101 8 551 1
19 97 101 8 551 1
20 6 99 10 1265 1
21 3 101 18 1212 1
22 5 101 18 1212 1
23 7 101 18 1212 1
24 4 99 15 1324 1
25 7 99 15 1324 1
26 20 101 35 2244 1
27 6 101 16 2153 1
28 3 101 9 832 1
29 5 101 8 1060 1
30 9 101 8 1060 1
31 4 99 17 2141 1
32 6 101 12 1483 1
33 15 99 12 604 1
34 4 99 9 1254 1
35 7 99 9 1254 1
36 12 99 8 964 1
37 4 99 12 994 1
38 7 99 12 994 1
39 10 99 12 994 1
40 2 141 11 1972 1
41 19 121 22 3303 1
42 37 121 22 3303 1
43 55 121 22 3303 1
44 6 122 19 2584 1
45 5 122 26 2005 1
46 9 122 26 2005 1
47 13 122 26 2005 1
48 17 122 26 2005 1
49 21 122 26 2005 1
50 15 138 6 594 1
51 12 129 14 1527 1
52 23 129 14 1527 1
53 34 129 14 1527 1
54 45 129 14 1527 1
55 56 129 14 1527 1
56 67 129 14 1527 1
57 78 129 14 1527 1
58 89 129 14 1527 1
59 100 129 14 1527 1
60 111 129 14 1527 1
61 122 129 14 1527 1
62 133 129 14 1527 1
63 3 126 20 3130 1
64 5 126 20 3130 1
65 7 126 20 3130 1
66 6 140 21 4369 1
67 11 140 21 4369 1
68 16 140 21 4369 1
69 21 140 21 4369 1
70 26 140 21 4369 1
71 31 140 21 4369 1
72 36 140 21 4369 1
73 41 140 21 4369 1
74 46 140 21 4369 1
75 51 140 21 4369 1
76 56 140 21 4369 1
77 61 140 21 4369 1
78 66 140 21 4369 1
79 71 140 21 4369 1
80 11 126 81 10520 1
81 21 126 81 10520 1
82 4 127 23 1632 1
83 7 127 23 1632 1
84 16 138 36 6051 1
85 31 138 36 6051 1
86 46 138 36 6051 1
87 2 133 9 1632 1
88 11 140 21 3099 1
89 12 125 17 1157 1
90 23 125 17 1157 1
91 34 125 17 1157 1
92 45 125 17 1157 1
93 56 125 17 1157 1
94 13 129 16 1809 1
95 25 129 16 1809 1
96 37 129 16 1809 1
97 49 129 16 1809 1
98 61 129 16 1809 1
99 73 129 16 1809 1
100 18 121 19 1415 1
101 35 121 19 1415 1
102 52 121 19 1415 1
103 69 121 19 1415 1
104 86 121 19 1415 1
105 12 118 18 1207 1
106 8 139 13 2614 1
107 7 139 16 2482 1
108 9 134 10 1233 1
109 17 134 10 1233 1
110 25 134 10 1233 1
111 4 118 13 1261 1
112 7 118 13 1261 1
113 10 118 13 1261 1
114 13 118 13 1261 1
115 16 118 13 1261 1
116 19 118 13 1261 1
117 22 118 13 1261 1
118 25 118 13 1261 1
119 28 118 13 1261 1
120 31 118 13 1261 1
121 34 118 13 1261 1
122 37 118 13 1261 1
123 40 118 13 1261 1
124 43 118 13 1261 1
125 46 118 13 1261 1
126 17 141 12 953 1
127 5 126 13 1767 1
128 3 139 15 2673 1
129 8 118 12 1769 1
130 15 118 12 1769 1
131 10 138 16 2607 1
132 3 138 8 1169 1
133 5 138 8 1169 1
134 7 122 13 1153 1
135 13 122 13 1153 1
136 11 118 6 363 1
137 21 118 6 363 1
138 31 118 6 363 1
139 41 118 6 363 1
140 51 118 6 363 1
141 61 118 6 363 1
142 71 118 6 363 1
143 81 118 6 363 1
144 91 118 6 363 1
145 101 118 6 363 1
146 111 118 6 363 1
147 11 133 20 2616 1
148 21 133 20 2616 1
149 31 133 20 2616 1
150 41 133 20 2616 1
151 13 118 7 865 1
152 4 121 9 1136 1
153 7 121 9 1136 1
154 10 121 9 1136 1
155 13 121 9 1136 1
156 5 140 11 997 1
157 10 110 23 3535 1
158 19 110 23 3535 1
159 4 118 22 1328 1
160 44 134 57 7308 1
161 14 126 9 1218 1
162 27 126 9 1218 1
163 3 141 21 1794 1
164 17 121 6 591 1
165 33 121 6 591 1
166 43 137 12 2356 1
167 14 133 11 1041 1
168 27 133 11 1041 1
169 40 133 11 1041 1
170 53 133 11 1041 1
171 66 133 11 1041 1
172 79 133 11 1041 1
173 92 133 11 1041 1
174 105 133 11 1041 1
175 118 133 11 1041 1
176 10 140 15 2982 1
177 19 140 15 2982 1
178 2 125 12 1670 1
179 21 132 9 642 1
180 41 132 9 642 1
181 6 132 19 2793 1
182 11 132 19 2793 1
183 16 132 19 2793 1
184 21 132 19 2793 1
185 26 132 19 2793 1
186 31 132 19 2793 1
187 36 132 19 2793 1
188 41 132 19 2793 1
189 46 132 19 2793 1
190 51 132 19 2793 1
191 4 122 11 886 1
192 14 129 4 460 1
193 4 125 7 631 1
194 7 125 7 631 1
195 10 125 7 631 1
196 13 125 7 631 1
197 16 125 7 631 1
198 19 125 7 631 1
199 22 125 7 631 1
200 10 133 24 4474 1
201 19 133 24 4474 1
202 28 133 24 4474 1
203 17 122 7 1180 1
204 3 140 12 2443 1
205 5 140 12 2443 1
206 7 140 12 2443 1
207 19 132 7 1025 1
208 5 118 10 1245 1
209 9 118 10 1245 1
210 13 127 11 1005 1
211 14 110 34 4797 1
212 27 110 34 4797 1
213 40 110 34 4797 1
214 53 110 34 4797 1
215 10 138 16 3238 1
216 19 138 16 3238 1
217 8 126 35 5254 1
218 15 126 35 5254 1
219 3 122 12 1242 1
220 5 122 12 1242 1
221 7 122 12 1242 1
222 11 141 9 1374 1
223 21 141 9 1374 1
224 31 141 9 1374 1
225 41 141 9 1374 1
226 51 141 9 1374 1
227 11 134 18 2716 1
228 21 134 18 2716 1
229 31 134 18 2716 1
230 41 134 18 2716 1
231 13 125 5 770 1
232 25 125 5 770 1
233 37 125 5 770 1
234 49 125 5 770 1
235 61 125 5 770 1
236 33 126 18 1675 1
237 14 141 21 3008 1
238 27 141 21 3008 1
239 4 127 6 856 1
240 7 127 6 856 1
241 10 127 6 856 1
242 12 139 19 1575 1
243 23 139 19 1575 1
244 34 139 19 1575 1
245 19 125 12 1900 1
246 37 125 12 1900 1
247 6 121 15 1360 1
248 5 137 11 1943 1
249 9 137 11 1943 1
250 13 137 11 1943 1
251 17 137 11 1943 1
252 21 137 11 1943 1
253 25 137 11 1943 1
254 16 134 22 3460 1
255 9 125 15 1084 1
256 8 118 16 1720 1
257 15 118 16 1720 1
258 22 118 16 1720 1
259 29 118 16 1720 1
260 4 129 9 640 1
261 7 138 15 1458 1
262 13 138 15 1458 1
263 19 138 15 1458 1
264 25 138 15 1458 1
265 31 138 15 1458 1
266 37 138 15 1458 1
267 14 127 10 851 1
268 27 127 10 851 1
269 4 121 9 1435 1
270 4 134 26 2224 1
271 16 138 14 1806 1
272 31 138 14 1806 1
273 5 139 19 3634 1
274 9 139 19 3634 1
275 15 122 14 1021 1
276 7 127 12 1611 1
277 11 140 10 1622 1
278 21 140 10 1622 1
279 31 140 10 1622 1
280 4 121 6 520 1
281 18 125 22 1784 1
282 6 137 11 1940 1
283 11 137 11 1940 1
284 9 121 9 1440 1
285 12 110 21 1193 1
286 23 110 21 1193 1
287 34 110 21 1193 1
288 45 110 21 1193 1
289 3 121 6 557 1
290 4 110 7 588 1
291 78 127 8 718 1
292 7 129 14 1201 1
293 54 139 21 2839 1
294 4 121 8 609 1
295 16 122 26 4240 1
296 31 122 26 4240 1
297 46 122 26 4240 1
298 61 122 26 4240 1
299 8 127 8 1386 1
300 15 127 8 1386 1
301 15 125 21 2358 1
302 3 141 15 2336 1
303 2 118 15 2511 1
304 3 140 19 3609 1
305 5 140 19 3609 1
306 49 141 10 1005 1
307 4 140 25 3210 1
308 4 141 14 1624 1
309 12 141 18 3426 1
310 7 141 49 9575 1
311 13 141 49 9575 1
312 3 110 7 968 1
313 5 110 7 968 1
314 7 110 7 968 1
315 9 110 7 968 1
316 11 110 7 968 1
317 6 138 19 2730 1
318 11 138 19 2730 1
319 16 138 19 2730 1
320 12 118 6 530 1
321 23 118 6 530 1
322 15 132 28 3250 1
323 29 132 28 3250 1
324 43 132 28 3250 1
325 10 122 32 4811 1
326 19 122 32 4811 1
327 28 122 32 4811 1
328 37 122 32 4811 1
329 46 122 32 4811 1
330 55 122 32 4811 1
331 64 122 32 4811 1
332 73 122 32 4811 1
333 10 133 16 2439 1
334 19 133 16 2439 1
335 12 129 45 8434 1
336 23 129 45 8434 1
337 4 122 27 2681 1
338 7 122 27 2681 1
339 12 140 11 1948 1
340 23 140 11 1948 1
341 34 140 11 1948 1
342 45 140 11 1948 1
343 9 132 9 1189 1
344 17 132 9 1189 1
345 25 132 9 1189 1
346 33 132 9 1189 1
347 41 132 9 1189 1
348 49 132 9 1189 1
349 57 132 9 1189 1
350 65 132 9 1189 1
351 73 132 9 1189 1
352 81 132 9 1189 1
353 89 132 9 1189 1
354 97 132 9 1189 1
355 105 132 9 1189 1
356 113 132 9 1189 1
357 121 132 9 1189 1
358 4 141 18 1828 1
359 2 141 25 4131 1
360 15 125 13 1622 1
361 29 125 13 1622 1
362 43 125 13 1622 1
363 57 125 13 1622 1
364 71 125 13 1622 1
365 17 134 24 4661 1
366 33 134 24 4661 1
367 49 134 24 4661 1
368 65 134 24 4661 1
369 81 134 24 4661 1
370 15 121 9 595 1
371 29 121 9 595 1
372 13 140 7 590 1
373 25 140 7 590 1
374 37 140 7 590 1
375 49 140 7 590 1
376 61 140 7 590 1
377 73 140 7 590 1
378 8 133 19 1381 1
379 15 133 19 1381 1
380 3 132 13 2183 1
381 4 129 11 1193 1
382 2 140 8 1005 1
383 3 140 8 1005 1
384 4 140 8 1005 1
385 17 118 13 2241 1
386 10 138 33 3514 1
387 19 138 33 3514 1
388 15 139 31 6363 1
389 1 139 12 853 1
390 15 140 8 1240 1
391 29 140 8 1240 1
392 13 126 13 2322 1
393 25 126 13 2322 1
394 37 126 13 2322 1
395 49 126 13 2322 1
396 61 126 13 2322 1
397 73 126 13 2322 1
398 85 126 13 2322 1
399 97 126 13 2322 1
400 109 126 13 2322 1
401 9 133 25 2316 1
402 17 133 25 2316 1
403 25 133 25 2316 1
404 33 133 25 2316 1
405 41 133 25 2316 1
406 49 133 25 2316 1
407 12 110 13 1835 1
408 23 110 13 1835 1
409 34 110 13 1835 1
410 45 110 13 1835 1
411 56 110 13 1835 1
412 67 110 13 1835 1
413 78 110 13 1835 1
414 89 110 13 1835 1
415 100 110 13 1835 1
416 111 110 13 1835 1
417 122 110 13 1835 1
418 133 110 13 1835 1
419 144 110 13 1835 1
420 155 110 13 1835 1
421 15 134 12 1414 1
422 29 134 12 1414 1
423 3 133 10 952 1
424 9 132 23 3125 1
425 17 132 23 3125 1
426 13 121 4 349 1
427 10 118 16 2732 1
428 110 126 15 2737 1
429 16 141 17 2040 1
430 31 141 17 2040 1
431 46 141 17 2040 1
432 61 141 17 2040 1
433 76 141 17 2040 1
434 11 110 17 2174 1
435 21 110 17 2174 1
436 19 126 7 1162 1
437 37 126 7 1162 1
438 3 139 10 1354 1
439 5 139 10 1354 1
440 7 139 10 1354 1
441 9 139 10 1354 1
442 10 122 21 3582 1
443 19 122 21 3582 1
444 9 110 10 1633 1
445 8 140 19 2725 1
446 15 140 19 2725 1
447 22 140 19 2725 1
448 29 140 19 2725 1
449 12 110 16 1686 1
450 23 110 16 1686 1
451 34 110 16 1686 1
452 4 118 38 4784 1
453 16 125 10 1626 1
454 31 125 10 1626 1
455 46 125 10 1626 1
456 4 138 15 1247 1
457 11 121 16 2823 1
458 5 126 20 2249 1
459 9 126 20 2249 1
460 13 126 20 2249 1
461 18 125 13 1632 1
462 3 132 46 4569 1
463 11 110 9 1285 1
464 21 110 9 1285 1
465 31 110 9 1285 1
466 7 140 7 519 1
467 13 140 7 519 1
468 3 125 7 1288 1
469 7 134 14 2536 1
470 13 134 14 2536 1
471 4 133 18 1848 1
472 7 127 17 2122 1
473 13 127 17 2122 1
474 4 140 15 1426 1
475 5 134 7 1065 1
476 18 137 19 3562 1
477 35 137 19 3562 1
478 52 137 19 3562 1
479 69 137 19 3562 1
480 86 137 19 3562 1
481 103 137 19 3562 1
482 120 137 19 3562 1
483 9 139 6 1199 1
484 5 140 30 2726 1
485 9 140 30 2726 1
486 3 132 32 6021 1
487 22 133 8 1356 1
488 43 133 8 1356 1
489 64 133 8 1356 1
490 5 139 10 1288 1
491 13 118 27 3515 1
492 25 118 27 3515 1
493 8 118 15 1734 1
494 15 118 15 1734 1
495 22 118 15 1734 1
496 29 118 15 1734 1
497 36 118 15 1734 1
498 43 118 15 1734 1
499 50 118 15 1734 1
500 57 118 15 1734 1
501 64 118 15 1734 1
502 16 118 36 2783 1
503 31 118 36 2783 1
504 46 118 36 2783 1
505 13 118 14 1216 1
506 25 118 14 1216 1
507 37 118 14 1216 1
508 3 121 21 1806 1
509 5 121 21 1806 1
510 7 140 23 1727 1
511 14 133 11 2040 1
512 27 133 11 2040 1
513 40 133 11 2040 1
514 53 133 11 2040 1
515 66 133 11 2040 1
516 79 133 11 2040 1
517 3 129 14 1660 1
518 5 129 14 1660 1
519 22 138 11 2044 1
520 11 122 12 1834 1
521 21 122 12 1834 1
522 31 122 12 1834 1
523 41 122 12 1834 1
524 51 122 12 1834 1
525 3 141 18 1753 1
526 4 126 22 3728 1
527 7 126 22 3728 1
528 10 126 22 3728 1
529 4 132 11 1065 1
530 2 134 9 1079 1
531 3 134 9 1079 1
532 4 134 9 1079 1
533 5 134 9 1079 1
534 6 134 9 1079 1
535 8 141 26 5023 1
536 16 133 12 2117 1
537 31 133 12 2117 1
538 46 133 12 2117 1
539 61 133 12 2117 1
540 76 133 12 2117 1
541 91 133 12 2117 1
542 106 133 12 2117 1
543 22 134 17 3294 1
544 43 134 17 3294 1
545 14 137 12 1153 1
546 27 137 12 1153 1
547 40 137 12 1153 1
548 4 129 11 1581 1
549 3 139 12 1773 1
550 5 139 12 1773 1
551 4 122 9 1438 1
552 14 141 24 3990 1
553 27 141 24 3990 1
554 40 141 24 3990 1
555 53 141 24 3990 1
556 66 141 24 3990 1
557 79 141 24 3990 1
558 92 141 24 3990 1
559 14 132 13 2065 1
560 27 132 13 2065 1
561 40 132 13 2065 1
562 53 132 13 2065 1
563 15 132 9 938 1
564 29 132 9 938 1
565 43 132 9 938 1
566 57 132 9 938 1
567 9 126 16 1594 1
568 2 126 7 747 1
569 13 125 18 2470 1
570 25 125 18 2470 1
571 8 132 8 1163 1
572 15 132 8 1163 1
573 22 132 8 1163 1
574 29 132 8 1163 1
575 36 132 8 1163 1
576 5 140 5 954 1
577 9 140 5 954 1
578 13 140 5 954 1
579 17 140 5 954 1
580 5 132 9 1450 1
581 17 138 5 380 1
582 33 138 5 380 1
583 49 138 5 380 1
584 65 138 5 380 1
585 81 138 5 380 1
586 97 138 5 380 1
587 7 140 12 1878 1
588 13 140 12 1878 1
589 19 140 12 1878 1
590 25 140 12 1878 1
591 31 140 12 1878 1
592 37 140 12 1878 1
593 3 129 14 1469 1
594 6 140 15 2618 1
595 11 140 15 2618 1
596 16 140 15 2618 1
597 21 140 15 2618 1
598 15 122 12 1692 1
599 29 122 12 1692 1
600 18 127 15 2201 1
601 35 127 15 2201 1
602 52 127 15 2201 1
603 13 110 12 1735 1
604 25 110 12 1735 1
605 37 110 12 1735 1
606 49 110 12 1735 1
607 61 110 12 1735 1
608 73 110 12 1735 1
609 85 110 12 1735 1
610 14 127 9 1187 1
611 66 122 38 2817 1
612 4 121 10 1126 1
613 3 139 13 2389 1
614 54 141 40 6935 1
615 9 134 10 896 1
616 15 129 8 1350 1
617 29 129 8 1350 1
618 12 121 3 259 1
619 23 121 3 259 1
620 34 121 3 259 1
621 45 121 3 259 1
622 56 121 3 259 1
623 67 121 3 259 1
624 78 121 3 259 1
625 89 121 3 259 1
626 25 139 16 2085 1
627 49 139 16 2085 1
628 73 139 16 2085 1
629 97 139 16 2085 1
630 4 122 17 3020 1
631 13 127 16 1611 1
632 25 127 16 1611 1
633 37 127 16 1611 1
634 14 110 10 1542 1
635 13 139 24 4164 1
636 25 139 24 4164 1
637 37 139 24 4164 1
638 49 139 24 4164 1
639 61 139 24 4164 1
640 73 139 24 4164 1
641 85 139 24 4164 1
642 97 139 24 4164 1
643 6 126 15 1816 1
644 11 126 15 1816 1
645 16 126 15 1816 1
646 21 126 15 1816 1
647 9 132 10 815 1
648 12 133 20 2309 1
649 23 133 20 2309 1
650 16 129 22 2289 1
651 31 129 22 2289 1
652 46 129 22 2289 1
653 61 129 22 2289 1
654 76 129 22 2289 1
655 91 129 22 2289 1
656 9 110 7 424 1
657 17 110 7 424 1
658 25 110 7 424 1
659 33 110 7 424 1
660 41 110 7 424 1
661 14 140 20 1836 1
662 27 140 20 1836 1
663 11 161 17 2412 1
664 12 165 31 3173 1
665 11 149 14 2570 1
666 21 149 14 2570 1
667 3 157 14 2538 1
668 11 149 14 2466 1
669 5 147 19 2915 1
670 11 161 8 1571 1
671 21 161 8 1571 1
672 31 161 8 1571 1
673 10 155 17 3828 1
674 19 155 17 3828 1
675 14 161 9 1155 1
676 11 155 13 2223 1
677 7 161 35 5529 1
678 8 165 12 2710 1
679 13 157 15 2127 1
680 10 165 21 4465 1
681 9 151 16 2983 1
682 10 149 12 1918 1
683 4 158 12 1141 1
684 12 166 12 1877 1
685 23 166 12 1877 1
686 34 166 12 1877 1
687 45 166 12 1877 1
688 56 166 12 1877 1
689 11 165 13 1110 1
690 21 165 13 1110 1
691 31 165 13 1110 1
692 3 158 14 2286 1
693 8 166 8 1948 1
694 15 166 8 1948 1
695 12 155 22 4471 1
696 14 147 12 1775 1
697 16 161 25 2718 1
698 5 147 10 951 1
699 13 147 25 3412 1
700 3 155 19 1741 1
701 5 155 19 1741 1
702 13 154 66 14672 1
703 9 154 14 1828 1
704 3 160 11 1298 1
705 13 155 25 5759 1
706 25 155 25 5759 1
707 15 158 30 5530 1
708 29 158 30 5530 1
709 5 151 9 1691 1
710 9 151 9 1691 1
711 13 151 9 1691 1
712 27 165 34 6113 1
713 13 147 46 10069 1
714 4 166 14 2689 1
715 14 157 18 3072 1
716 13 155 13 2469 1
717 8 157 33 6891 1
718 7 158 13 2288 1
719 12 165 10 2031 1
720 23 165 10 2031 1
721 5 166 28 4947 1
722 10 158 5 524 1
723 8 161 24 3301 1
724 13 158 7 1010 1
725 11 161 13 1842 1
726 12 160 27 5983 1
727 12 147 11 1137 1
728 23 147 11 1137 1
729 15 160 9 2038 1
730 29 160 9 2038 1
731 43 160 9 2038 1
732 9 147 13 1583 1
733 11 151 14 2976 1
734 11 157 6 1263 1
735 10 161 21 3348 1
736 19 161 21 3348 1
737 28 161 21 3348 1
738 37 161 21 3348 1
739 14 160 24 2060 1
740 27 160 24 2060 1
741 40 160 24 2060 1
742 19 149 56 5732 1
743 3 160 16 1856 1
744 14 166 15 1467 1
745 14 161 15 2942 1
746 27 161 15 2942 1
747 11 165 13 2537 1
748 9 151 9 890 1
749 17 151 9 890 1
750 25 151 9 890 1
751 13 161 16 2267 1
752 9 160 28 5956 1
753 3 151 25 4535 1
754 12 149 11 1931 1
755 23 149 11 1931 1
756 11 166 16 3098 1
757 15 158 22 4932 1
758 10 165 15 2451 1
759 19 165 15 2451 1
760 5 149 25 4110 1
761 18 160 11 1188 1
762 9 161 9 1935 1
763 11 154 18 2245 1
764 7 157 15 2785 1
765 10 155 21 4112 1
766 5 155 50 6156 1
767 4 155 15 3364 1
768 27 161 31 7194 1
769 14 161 35 5809 1
770 14 155 9 1115 1
771 27 155 9 1115 1
772 40 155 9 1115 1
773 11 166 18 1530 1
774 21 166 18 1530 1
775 9 158 19 3738 1
776 17 158 19 3738 1
777 25 158 19 3738 1
778 3 160 10 2343 1
779 12 165 15 1665 1
780 23 165 15 1665 1
781 34 165 15 1665 1
782 45 165 15 1665 1
783 14 160 20 4586 1
784 5 166 13 1940 1
785 9 161 15 3510 1
786 17 161 15 3510 1
787 25 161 15 3510 1
788 9 157 19 3896 1
789 14 161 22 3207 1
790 27 161 22 3207 1
791 13 154 13 1380 1
792 25 154 13 1380 1
793 37 154 13 1380 1
794 49 154 13 1380 1
795 61 154 13 1380 1
796 10 166 8 1909 1
797 10 157 11 1754 1
798 11 151 10 1830 1
799 9 161 14 1858 1
800 15 166 18 3781 1
801 29 166 18 3781 1
802 14 149 12 1571 1
803 8 166 18 3688 1
804 11 158 31 4514 1
805 8 154 39 8785 1
806 5 147 38 3570 1
807 3 158 13 2800 1
808 12 166 38 8213 1
809 11 158 21 3990 1
810 2 149 5 507 1
811 9 160 8 1270 1
812 8 161 6 1406 1
813 10 165 12 2461 1
814 19 165 12 2461 1
815 28 165 12 2461 1
816 37 165 12 2461 1
817 46 165 12 2461 1
818 5 157 9 1620 1
819 22 195 34 7542 1
820 16 185 18 2489 1
821 12 168 14 3182 1
822 15 198 13 3851 1
823 12 178 36 7212 1
824 45 197 28 5167 1
825 15 190 13 3207 1
826 12 168 24 5805 1
827 23 170 22 3499 1
828 41 175 33 3765 1
829 15 184 28 2652 1
830 29 184 28 2652 1
831 43 184 28 2652 1
832 17 168 12 1643 1
833 24 185 18 3210 1
834 47 185 18 3210 1
835 13 185 15 2456 1
836 42 170 11 1937 1
837 13 178 16 2498 1
838 17 195 38 8692 1
839 33 195 38 8692 1
840 35 194 13 1705 1
841 3 194 9 2070 1
842 3 169 47 8548 1
843 14 194 23 6070 1
844 13 195 20 4970 1
845 15 198 24 5897 1
846 9 175 28 3794 1
847 16 168 19 1737 1
848 31 168 19 1737 1
849 46 168 19 1737 1
850 61 168 19 1737 1
851 76 168 19 1737 1
852 15 184 13 2879 1
853 185 170 8 1293 1
854 23 197 17 2071 1
855 13 197 21 2144 1
856 25 197 21 2144 1
857 23 184 17 4258 1
858 45 184 17 4258 1
859 67 184 17 4258 1
860 162 195 18 4459 1
861 143 170 13 1598 1
862 13 190 28 4968 1
863 14 190 25 5490 1
864 11 184 39 5975 1
865 47 194 10 2336 1
866 20 198 13 3628 1
867 10 184 32 4092 1
868 15 198 12 2264 1
869 16 194 18 2323 1
870 31 194 18 2323 1
871 13 169 22 2211 1
872 20 185 28 6383 1
873 16 197 16 4493 1
874 16 168 10 1269 1
875 14 198 36 8645 1
876 16 168 17 2998 1
877 10 168 17 2802 1
878 15 190 29 2922 1
879 29 190 29 2922 1
880 43 190 29 2922 1
881 57 190 29 2922 1
882 41 188 16 3365 1
883 10 168 20 2023 1
884 3 168 12 1201 1
885 16 185 24 2419 1
886 13 178 12 3166 1
887 3 168 24 5401 1
888 37 168 16 1522 1
889 16 197 22 5778 1
890 17 183 9 1863 1
891 13 178 27 3998 1
892 53 169 19 3463 1
893 11 197 32 4730 1
894 16 198 26 7392 1
895 11 197 27 6795 1
896 23 190 36 5199 1
897 15 188 17 3010 1
898 29 188 17 3010 1
899 10 178 33 5457 1
900 13 188 20 4406 1
901 10 190 16 3012 1
902 19 190 16 3012 1
903 15 190 23 6102 1
904 13 168 15 1583 1
905 23 170 14 2620 1
906 14 178 33 7729 1
907 16 169 13 1281 1
908 3 170 9 1091 1
909 14 175 10 2210 1
910 3 168 27 5889 1
911 11 175 16 4128 1
912 41 194 16 4304 1
913 81 194 16 4304 1
914 22 198 37 7484 1
915 43 198 37 7484 1
916 37 222 20 4893 1
917 73 222 20 4893 1
918 109 222 20 4893 1
919 145 222 20 4893 1
920 181 222 20 4893 1
921 44 204 21 3398 1
922 87 204 21 3398 1
923 130 204 21 3398 1
924 173 204 21 3398 1
925 216 204 21 3398 1
926 34 207 15 3114 1
927 67 207 15 3114 1
928 36 204 19 2961 1
929 71 204 19 2961 1
930 106 204 19 2961 1
931 99 221 30 7473 1
932 70 221 20 2664 1
933 36 208 16 1787 1
934 40 211 14 3559 1
935 79 211 14 3559 1
936 106 211 11 2257 1
937 43 221 17 5344 1
938 85 221 17 5344 1
939 127 221 17 5344 1
940 169 221 17 5344 1
941 211 221 17 5344 1
942 253 221 17 5344 1
943 41 222 10 3313 1
944 81 222 10 3313 1
945 121 222 10 3313 1
946 161 222 10 3313 1
947 201 222 10 3313 1
948 241 222 10 3313 1
949 281 222 10 3313 1
950 321 222 10 3313 1
951 361 222 10 3313 1
952 401 222 10 3313 1
953 144 210 24 6448 1
954 49 207 16 4925 1
955 97 207 16 4925 1
956 145 207 16 4925 1
957 193 207 16 4925 1
958 241 207 16 4925 1
959 129 210 16 1793 1
960 38 208 20 2546 1
961 75 208 20 2546 1
962 112 208 20 2546 1
963 149 208 20 2546 1
964 186 208 20 2546 1
965 223 208 20 2546 1
966 260 208 20 2546 1
967 28 204 25 6040 1
968 55 204 25 6040 1
969 38 222 12 2704 1
970 75 222 12 2704 1
971 112 222 12 2704 1
972 149 222 12 2704 1
973 186 222 12 2704 1
974 223 222 12 2704 1
975 39 211 26 4277 1
976 77 211 26 4277 1
977 115 211 26 4277 1
978 153 211 26 4277 1
979 191 211 26 4277 1
980 34 208 14 4228 1
981 41 204 26 3972 1
982 37 225 19 3911 1
983 79 228 20 5347 1
984 41 230 19 6304 1
985 99 239 18 3810 1
986 197 239 18 3810 1
987 37 228 16 2312 1
988 93 239 16 2946 1
989 37 239 16 3248 1
990 73 239 16 3248 1
991 36 230 19 3515 1
992 57 239 19 2525 1
993 30 239 25 5442 1
994 250 239 20 4083 1
995 91 225 12 3617 1
996 36 228 25 7807 1
997 36 239 18 4196 1
998 71 239 18 4196 1
999 38 228 20 6490 1
1000 75 228 20 6490 1
1001 41 228 26 7744 1
1002 81 228 26 7744 1
1003 58 228 16 2408 1
1004 113 239 32 5169 1
1005 53 228 19 2236 1
1006 97 225 18 4393 1
1007 37 239 27 8613 1
1008 73 239 27 8613 1
1009 37 239 23 3109 1
1010 59 230 17 3187 1
1011 37 225 14 1581 1
1012 98 239 16 2938 1
1013 37 230 22 4107 1
1014 57 230 11 2157 1
1015 39 230 19 5696 1
1016 53 230 16 3966 1
1017 58 294 19 8364 1
1018 115 294 19 8364 1
1019 176 282 26 7603 1
1020 36 268 27 10226 1
1021 71 268 27 10226 1
1022 57 278 39 15934 1
1023 58 258 34 8454 1
1024 115 258 34 8454 1
1025 177 276 45 6291 1
1026 59 303 25 6059 1
1027 124 305 24 9895 1
1028 106 275 36 7944 1
1029 92 276 26 5144 1
1030 183 276 26 5144 1
1031 106 267 5 915 1
1032 36 294 25 4431 1
1033 71 294 25 4431 1
1034 57 276 26 3842 1
1035 113 276 26 3842 1
1036 91 279 21 5918 1
35
400 400 400 400 500 500 600 600 600 600 600 600 600 400 400 400 400 400 230 315 600 450 450 400 400 400 665 725 645 500 500 305 400 400 390 