1036
1 4 99 19 1429 1
2 6 101 38 4647 1
3 7 101 14 1581 1
4 13 101 14 1581 1
5 19 101 14 1581 1
6 6 99 18 2662 1
7 11 99 18 2662 1
8 16 99 18 2662 1
9 14 101 4 272 1
10 27 101 4 272 1
11 14 99 14 1905 1
12 27 99 14 1905 1
13 40 99 14 1905 1
14 53 99 14 1905 1
15 4 99 4 289 1
16 17 99 10 1279 1
17 33 99 10 1279 1
18 7 101 10 1202 1
19 13 101 10 1202 1
20 4 99 26 3860 1
21 173 101 45 3163 1
22 19 99 16 2036 1
23 37 99 16 2036 1
24 55 99 16 2036 1
25 73 99 16 2036 1
26 6 99 10 966 1
27 11 99 10 966 1
28 6 101 4 346 1
29 11 101 4 346 1
30 22 99 25 2922 1
31 4 99 16 1808 1
32 7 99 16 1808 1
33 6 101 8 887 1
34 26 101 15 934 1
35 13 101 24 1279 1
36 6 101 9 996 1
37 11 99 13 1685 1
38 3 101 14 1797 1
39 6 101 74 7129 1
40 19 110 15 1255 1
41 14 122 20 1478 1
42 3 126 17 2343 1
43 5 126 17 2343 1
44 7 126 17 2343 1
45 18 126 15 1224 1
46 14 129 20 2865 1
47 3 121 6 606 1
48 15 129 6 525 1
49 29 129 6 525 1
50 43 129 6 525 1
51 57 129 6 525 1
52 4 141 18 2414 1
53 12 129 14 2538 1
54 23 129 14 2538 1
55 34 129 14 2538 1
56 45 129 14 2538 1
57 56 129 14 2538 1
58 3 118 17 2801 1
59 11 139 8 1083 1
60 21 139 8 1083 1
61 31 139 8 1083 1
62 41 139 8 1083 1
63 51 139 8 1083 1
64 61 139 8 1083 1
65 71 139 8 1083 1
66 81 139 8 1083 1
67 91 139 8 1083 1
68 101 139 8 1083 1
69 111 139 8 1083 1
70 5 133 16 2744 1
71 4 137 9 1048 1
72 14 125 8 1441 1
73 27 125 8 1441 1
74 40 125 8 1441 1
75 53 125 8 1441 1
76 66 125 8 1441 1
77 79 125 8 1441 1
78 92 125 8 1441 1
79 105 125 8 1441 1
80 118 125 8 1441 1
81 131 125 8 1441 1
82 144 125 8 1441 1
83 157 125 8 1441 1
84 170 125 8 1441 1
85 15 127 17 2428 1
86 29 127 17 2428 1
87 43 127 17 2428 1
88 57 127 17 2428 1
89 71 127 17 2428 1
90 5 122 12 1476 1
91 4 129 12 2000 1
92 15 139 12 1427 1
93 29 139 12 1427 1
94 5 127 32 2833 1
95 9 127 32 2833 1
96 13 127 32 2833 1
97 17 127 32 2833 1
98 21 127 32 2833 1
99 25 127 32 2833 1
100 29 127 32 2833 1
101 33 127 32 2833 1
102 37 127 32 2833 1
103 12 133 34 4934 1
104 23 133 34 4934 1
105 34 133 34 4934 1
106 45 133 34 4934 1
107 12 125 11 1856 1
108 23 125 11 1856 1
109 9 137 13 2413 1
110 17 137 13 2413 1
111 25 137 13 2413 1
112 33 137 13 2413 1
113 41 137 13 2413 1
114 8 125 27 3676 1
115 15 125 27 3676 1
116 22 125 27 3676 1
117 8 141 51 10267 1
118 15 141 51 10267 1
119 16 122 17 1604 1
120 16 129 26 3571 1
121 13 118 14 2114 1
122 25 118 14 2114 1
123 3 139 18 2531 1
124 1 134 11 797 1
125 1 134 11 797 1
126 1 134 11 797 1
127 15 110 16 2434 1
128 21 118 9 1553 1
129 21 137 13 1354 1
130 41 137 13 1354 1
131 61 137 13 1354 1
132 81 137 13 1354 1
133 101 137 13 1354 1
134 121 137 13 1354 1
135 141 137 13 1354 1
136 1 132 6 544 1
137 1 132 6 544 1
138 4 139 11 2008 1
139 11 129 6 854 1
140 21 129 6 854 1
141 8 121 27 4876 1
142 15 121 27 4876 1
143 22 121 27 4876 1
144 29 121 27 4876 1
145 36 121 27 4876 1
146 43 121 27 4876 1
147 12 122 6 912 1
148 2 133 9 1323 1
149 14 129 11 850 1
150 27 129 11 850 1
151 40 129 11 850 1
152 15 137 13 917 1
153 29 137 13 917 1
154 43 137 13 917 1
155 57 137 13 917 1
156 71 137 13 917 1
157 3 110 8 984 1
158 4 141 13 2172 1
159 2 126 19 2521 1
160 3 126 19 2521 1
161 14 127 5 745 1
162 27 127 5 745 1
163 40 127 5 745 1
164 53 127 5 745 1
165 7 134 8 832 1
166 13 134 8 832 1
167 19 134 8 832 1
168 25 134 8 832 1
169 31 134 8 832 1
170 37 134 8 832 1
171 5 129 17 1449 1
172 9 129 17 1449 1
173 13 129 17 1449 1
174 17 129 17 1449 1
175 7 127 20 1418 1
176 13 127 20 1418 1
177 19 127 20 1418 1
178 25 127 20 1418 1
179 31 127 20 1418 1
180 37 127 20 1418 1
181 43 127 20 1418 1
182 49 127 20 1418 1
183 55 127 20 1418 1
184 61 127 20 1418 1
185 11 139 12 1889 1
186 21 139 12 1889 1
187 4 122 22 3479 1
188 2 134 62 7014 1
189 3 134 62 7014 1
190 4 134 62 7014 1
191 5 134 62 7014 1
192 4 122 8 1268 1
193 15 129 13 1125 1
194 29 129 13 1125 1
195 8 132 26 2391 1
196 15 132 26 2391 1
197 22 132 26 2391 1
198 3 137 10 1659 1
199 5 137 10 1659 1
200 24 125 16 2601 1
201 47 125 16 2601 1
202 70 125 16 2601 1
203 12 126 15 1238 1
204 23 126 15 1238 1
205 34 126 15 1238 1
206 45 126 15 1238 1
207 56 126 15 1238 1
208 77 137 27 4245 1
209 3 141 13 2478 1
210 5 141 13 2478 1
211 17 110 7 1084 1
212 21 139 17 3376 1
213 41 139 17 3376 1
214 61 139 17 3376 1
215 81 139 17 3376 1
216 101 139 17 3376 1
217 121 139 17 3376 1
218 11 127 10 1275 1
219 21 127 10 1275 1
220 31 127 10 1275 1
221 9 126 7 813 1
222 17 126 7 813 1
223 25 126 7 813 1
224 33 126 7 813 1
225 41 126 7 813 1
226 8 118 22 2978 1
227 15 118 22 2978 1
228 22 118 22 2978 1
229 29 118 22 2978 1
230 15 110 8 481 1
231 29 110 8 481 1
232 43 110 8 481 1
233 12 134 7 899 1
234 23 134 7 899 1
235 34 134 7 899 1
236 13 118 12 737 1
237 25 118 12 737 1
238 37 118 12 737 1
239 49 118 12 737 1
240 13 137 14 2571 1
241 25 137 14 2571 1
242 37 137 14 2571 1
243 49 137 14 2571 1
244 61 137 14 2571 1
245 8 126 8 581 1
246 10 122 22 2640 1
247 19 122 22 2640 1
248 8 133 18 1845 1
249 15 133 18 1845 1
250 22 133 18 1845 1
251 29 133 18 1845 1
252 36 133 18 1845 1
253 43 133 18 1845 1
254 4 121 22 2703 1
255 78 110 42 4327 1
256 10 122 9 1577 1
257 3 125 17 2449 1
258 4 121 15 2115 1
259 3 132 29 2259 1
260 18 134 26 3115 1
261 10 126 14 2642 1
262 2 118 6 569 1
263 3 118 6 569 1
264 4 118 6 569 1
265 5 118 6 569 1
266 6 118 6 569 1
267 7 118 6 569 1
268 8 118 6 569 1
269 9 118 6 569 1
270 10 118 6 569 1
271 11 118 6 569 1
272 12 118 6 569 1
273 4 129 24 2388 1
274 7 129 24 2388 1
275 10 129 24 2388 1
276 8 122 11 1150 1
277 15 122 11 1150 1
278 22 122 11 1150 1
279 29 122 11 1150 1
280 17 140 25 2337 1
281 63 125 12 1228 1
282 3 121 4 516 1
283 20 140 30 3530 1
284 39 140 30 3530 1
285 13 138 11 1728 1
286 25 138 11 1728 1
287 37 138 11 1728 1
288 49 138 11 1728 1
289 61 138 11 1728 1
290 73 138 11 1728 1
291 85 138 11 1728 1
292 97 138 11 1728 1
293 15 126 28 3904 1
294 12 132 16 3014 1
295 23 132 16 3014 1
296 34 132 16 3014 1
297 45 132 16 3014 1
298 56 132 16 3014 1
299 67 132 16 3014 1
300 78 132 16 3014 1
301 2 140 15 1796 1
302 2 127 9 1381 1
303 3 127 9 1381 1
304 19 134 15 2522 1
305 37 134 15 2522 1
306 55 134 15 2522 1
307 73 134 15 2522 1
308 91 134 15 2522 1
309 109 134 15 2522 1
310 127 134 15 2522 1
311 145 134 15 2522 1
312 163 134 15 2522 1
313 181 134 15 2522 1
314 199 134 15 2522 1
315 217 134 15 2522 1
316 235 134 15 2522 1
317 253 134 15 2522 1
318 9 125 15 1941 1
319 17 125 15 1941 1
320 2 126 46 4122 1
321 3 138 20 1960 1
322 10 121 17 2030 1
323 19 121 17 2030 1
324 28 121 17 2030 1
325 37 121 17 2030 1
326 4 141 4 403 1
327 12 126 9 729 1
328 21 126 7 1291 1
329 4 126 10 968 1
330 3 126 14 1416 1
331 21 110 5 686 1
332 41 110 5 686 1
333 61 110 5 686 1
334 81 110 5 686 1
335 9 133 9 1095 1
336 17 133 9 1095 1
337 52 126 10 1224 1
338 9 127 7 1229 1
339 2 140 9 911 1
340 9 125 14 2337 1
341 17 125 14 2337 1
342 25 125 14 2337 1
343 33 125 14 2337 1
344 41 125 14 2337 1
345 9 129 28 4015 1
346 6 139 23 1933 1
347 11 139 23 1933 1
348 16 139 23 1933 1
349 15 133 10 1273 1
350 29 133 10 1273 1
351 43 133 10 1273 1
352 57 133 10 1273 1
353 71 133 10 1273 1
354 85 133 10 1273 1
355 99 133 10 1273 1
356 113 133 10 1273 1
357 127 133 10 1273 1
358 141 133 10 1273 1
359 155 133 10 1273 1
360 5 138 26 3854 1
361 9 138 26 3854 1
362 7 138 26 4038 1
363 13 138 26 4038 1
364 19 138 26 4038 1
365 25 138 26 4038 1
366 31 138 26 4038 1
367 3 133 23 3227 1
368 12 110 14 1801 1
369 23 110 14 1801 1
370 34 110 14 1801 1
371 3 140 23 4560 1
372 4 132 10 1717 1
373 12 121 8 551 1
374 23 121 8 551 1
375 34 121 8 551 1
376 105 132 13 1543 1
377 9 129 12 2245 1
378 17 129 12 2245 1
379 25 129 12 2245 1
380 33 129 12 2245 1
381 41 129 12 2245 1
382 49 129 12 2245 1
383 57 129 12 2245 1
384 65 129 12 2245 1
385 73 129 12 2245 1
386 81 129 12 2245 1
387 89 129 12 2245 1
388 97 129 12 2245 1
389 105 129 12 2245 1
390 4 122 5 642 1
391 10 138 16 2991 1
392 19 138 16 2991 1
393 28 138 16 2991 1
394 37 138 16 2991 1
395 46 138 16 2991 1
396 55 138 16 2991 1
397 64 138 16 2991 1
398 73 138 16 2991 1
399 82 138 16 2991 1
400 91 138 16 2991 1
401 7 121 11 1511 1
402 13 121 11 1511 1
403 19 121 11 1511 1
404 15 141 15 2115 1
405 29 141 15 2115 1
406 1 134 26 4050 1
407 1 134 26 4050 1
408 1 134 26 4050 1
409 1 134 26 4050 1
410 1 134 26 4050 1
411 1 134 26 4050 1
412 1 134 26 4050 1
413 1 134 26 4050 1
414 1 134 26 4050 1
415 1 134 26 4050 1
416 1 134 26 4050 1
417 1 134 26 4050 1
418 1 134 26 4050 1
419 9 133 12 820 1
420 17 133 12 820 1
421 23 137 26 3483 1
422 4 141 7 731 1
423 7 141 7 731 1
424 8 132 7 493 1
425 15 132 7 493 1
426 10 118 7 1126 1
427 6 127 15 2524 1
428 11 127 15 2524 1
429 16 127 15 2524 1
430 21 127 15 2524 1
431 26 127 15 2524 1
432 31 127 15 2524 1
433 13 139 41 7955 1
434 25 139 41 7955 1
435 37 139 41 7955 1
436 49 139 41 7955 1
437 14 110 16 1508 1
438 13 122 9 590 1
439 25 122 9 590 1
440 37 122 9 590 1
441 49 122 9 590 1
442 61 122 9 590 1
443 73 122 9 590 1
444 85 122 9 590 1
445 97 122 9 590 1
446 15 132 36 3209 1
447 29 132 36 3209 1
448 14 126 11 1247 1
449 27 126 11 1247 1
450 4 137 3 578 1
451 4 139 80 8537 1
452 7 139 80 8537 1
453 23 132 16 2427 1
454 45 132 16 2427 1
455 67 132 16 2427 1
456 89 132 16 2427 1
457 111 132 16 2427 1
458 133 132 16 2427 1
459 155 132 16 2427 1
460 13 121 21 2640 1
461 25 121 21 2640 1
462 37 121 21 2640 1
463 49 121 21 2640 1
464 61 121 21 2640 1
465 73 121 21 2640 1
466 85 121 21 2640 1
467 97 121 21 2640 1
468 109 121 21 2640 1
469 121 121 21 2640 1
470 133 121 21 2640 1
471 145 121 21 2640 1
472 157 121 21 2640 1
473 17 129 24 3884 1
474 33 129 24 3884 1
475 49 129 24 3884 1
476 65 129 24 3884 1
477 81 129 24 3884 1
478 97 129 24 3884 1
479 15 110 9 1360 1
480 29 110 9 1360 1
481 9 141 19 3248 1
482 17 141 19 3248 1
483 20 125 7 618 1
484 3 139 16 2764 1
485 5 139 16 2764 1
486 17 134 13 1306 1
487 33 134 13 1306 1
488 49 134 13 1306 1
489 65 134 13 1306 1
490 81 134 13 1306 1
491 97 134 13 1306 1
492 113 134 13 1306 1
493 129 134 13 1306 1
494 145 134 13 1306 1
495 161 134 13 1306 1
496 177 134 13 1306 1
497 8 110 11 1050 1
498 15 110 11 1050 1
499 12 121 9 1624 1
500 23 121 9 1624 1
501 34 121 9 1624 1
502 45 121 9 1624 1
503 8 125 6 665 1
504 15 125 6 665 1
505 10 140 29 5605 1
506 11 126 10 1250 1
507 21 126 10 1250 1
508 31 126 10 1250 1
509 41 126 10 1250 1
510 51 126 10 1250 1
511 61 126 10 1250 1
512 71 126 10 1250 1
513 81 126 10 1250 1
514 91 126 10 1250 1
515 101 126 10 1250 1
516 13 140 20 1773 1
517 15 132 30 5075 1
518 9 137 7 585 1
519 17 137 7 585 1
520 25 137 7 585 1
521 33 137 7 585 1
522 41 137 7 585 1
523 15 125 10 1655 1
524 29 125 10 1655 1
525 43 125 10 1655 1
526 57 125 10 1655 1
527 71 125 10 1655 1
528 9 134 5 740 1
529 4 127 13 1430 1
530 7 127 13 1430 1
531 10 127 13 1430 1
532 13 127 13 1430 1
533 3 132 13 1965 1
534 5 132 13 1965 1
535 17 118 15 2468 1
536 33 118 15 2468 1
537 49 118 15 2468 1
538 9 137 8 1514 1
539 19 127 10 950 1
540 68 132 13 1894 1
541 17 141 10 845 1
542 33 141 10 845 1
543 12 139 12 2179 1
544 23 139 12 2179 1
545 34 139 12 2179 1
546 45 139 12 2179 1
547 56 139 12 2179 1
548 7 132 22 2700 1
549 13 132 22 2700 1
550 17 129 27 3683 1
551 33 129 27 3683 1
552 4 133 11 1183 1
553 11 126 5 823 1
554 21 126 5 823 1
555 31 126 5 823 1
556 15 133 20 2644 1
557 11 140 5 377 1
558 21 140 5 377 1
559 31 140 5 377 1
560 12 138 13 2590 1
561 13 132 12 2365 1
562 25 132 12 2365 1
563 37 132 12 2365 1
564 4 132 9 1302 1
565 9 110 14 1266 1
566 29 132 17 2820 1
567 15 126 22 2349 1
568 29 126 22 2349 1
569 43 126 22 2349 1
570 8 121 18 2738 1
571 15 121 18 2738 1
572 22 121 18 2738 1
573 21 140 15 2662 1
574 41 140 15 2662 1
575 2 129 17 1399 1
576 3 129 17 1399 1
577 4 129 17 1399 1
578 5 129 17 1399 1
579 6 129 17 1399 1
580 7 129 17 1399 1
581 15 140 20 1866 1
582 3 133 32 5336 1
583 2 133 26 2947 1
584 4 127 7 966 1
585 14 133 5 638 1
586 27 133 5 638 1
587 40 133 5 638 1
588 53 133 5 638 1
589 66 133 5 638 1
590 14 133 14 1720 1
591 9 118 10 697 1
592 17 118 10 697 1
593 25 118 10 697 1
594 11 110 19 2649 1
595 13 140 17 2290 1
596 25 140 17 2290 1
597 37 140 17 2290 1
598 15 126 21 1990 1
599 29 126 21 1990 1
600 43 126 21 1990 1
601 4 138 15 2290 1
602 3 139 28 2350 1
603 14 127 22 3688 1
604 27 127 22 3688 1
605 10 126 6 928 1
606 19 126 6 928 1
607 28 126 6 928 1
608 37 126 6 928 1
609 46 126 6 928 1
610 9 138 17 2292 1
611 17 138 17 2292 1
612 25 138 17 2292 1
613 33 138 17 2292 1
614 41 138 17 2292 1
615 49 138 17 2292 1
616 57 138 17 2292 1
617 17 122 15 1231 1
618 18 134 15 2804 1
619 35 134 15 2804 1
620 52 134 15 2804 1
621 69 134 15 2804 1
622 86 134 15 2804 1
623 103 134 15 2804 1
624 120 134 15 2804 1
625 137 134 15 2804 1
626 154 134 15 2804 1
627 171 134 15 2804 1
628 11 134 18 1900 1
629 11 118 3 319 1
630 21 118 3 319 1
631 3 137 42 4533 1
632 5 137 42 4533 1
633 17 110 16 1229 1
634 14 139 9 1077 1
635 27 139 9 1077 1
636 40 139 9 1077 1
637 53 139 9 1077 1
638 9 129 22 3241 1
639 17 129 22 3241 1
640 16 141 7 971 1
641 5 125 18 1822 1
642 13 121 27 2001 1
643 25 121 27 2001 1
644 37 121 27 2001 1
645 49 121 27 2001 1
646 14 118 22 2067 1
647 27 118 22 2067 1
648 41 133 11 1735 1
649 4 139 6 771 1
650 4 121 17 1880 1
651 15 132 11 1769 1
652 29 132 11 1769 1
653 10 127 24 2203 1
654 19 127 24 2203 1
655 28 127 24 2203 1
656 37 127 24 2203 1
657 46 127 24 2203 1
658 9 132 14 1623 1
659 17 132 14 1623 1
660 25 132 14 1623 1
661 33 132 14 1623 1
662 41 132 14 1623 1
663 3 155 21 2407 1
664 9 149 17 3754 1
665 17 149 17 3754 1
666 25 149 17 3754 1
667 33 149 17 3754 1
668 7 157 29 2834 1
669 13 157 29 2834 1
670 10 149 34 4966 1
671 12 161 19 3940 1
672 23 161 19 3940 1
673 9 149 6 600 1
674 10 147 32 3684 1
675 13 157 14 2761 1
676 9 166 37 6906 1
677 17 166 37 6906 1
678 9 155 54 6991 1
679 10 157 10 1120 1
680 15 166 18 3060 1
681 3 158 21 3529 1
682 5 158 21 3529 1
683 11 157 28 2762 1
684 21 157 28 2762 1
685 31 157 28 2762 1
686 41 157 28 2762 1
687 51 157 28 2762 1
688 12 160 21 3706 1
689 12 149 10 968 1
690 23 149 10 968 1
691 34 149 10 968 1
692 45 149 10 968 1
693 56 149 10 968 1
694 13 151 6 985 1
695 25 151 6 985 1
696 37 151 6 985 1
697 49 151 6 985 1
698 9 151 15 1245 1
699 10 165 24 2594 1
700 8 151 31 2429 1
701 9 151 14 1172 1
702 10 149 15 1465 1
703 19 149 15 1465 1
704 13 155 15 2183 1
705 1 157 16 1555 1
706 16 151 17 1447 1
707 15 165 11 1219 1
708 12 158 13 2144 1
709 13 147 11 2175 1
710 15 154 10 820 1
711 29 154 10 820 1
712 12 166 31 3923 1
713 23 166 31 3923 1
714 10 147 12 1452 1
715 15 165 13 2210 1
716 4 166 20 4804 1
717 10 158 21 2424 1
718 19 158 21 2424 1
719 9 165 11 2450 1
720 9 157 5 402 1
721 8 158 16 1908 1
722 14 160 16 3231 1
723 27 160 16 3231 1
724 40 160 16 3231 1
725 13 151 25 4796 1
726 16 157 31 7175 1
727 30 160 25 2616 1
728 9 147 21 3837 1
729 12 158 11 915 1
730 4 165 15 3548 1
731 7 165 15 3548 1
732 13 149 22 1650 1
733 15 165 21 3711 1
734 10 166 27 4172 1
735 13 154 11 1010 1
736 8 158 14 1366 1
737 3 158 18 3274 1
738 12 155 36 5302 1
739 8 151 8 1807 1
740 15 151 8 1807 1
741 8 147 14 1706 1
742 9 157 13 2787 1
743 5 165 15 2914 1
744 3 154 19 1902 1
745 3 166 15 1491 1
746 17 157 12 1497 1
747 33 157 12 1497 1
748 49 157 12 1497 1
749 65 157 12 1497 1
750 81 157 12 1497 1
751 97 157 12 1497 1
752 113 157 12 1497 1
753 129 157 12 1497 1
754 145 157 12 1497 1
755 14 166 15 3453 1
756 27 166 15 3453 1
757 40 166 15 3453 1
758 53 166 15 3453 1
759 66 166 15 3453 1
760 79 166 15 3453 1
761 92 166 15 3453 1
762 3 149 19 2013 1
763 14 161 31 6404 1
764 3 160 10 1597 1
765 5 155 26 2745 1
766 25 161 9 839 1
767 9 157 21 4771 1
768 121 158 24 3757 1
769 4 155 14 2004 1
770 14 151 14 3134 1
771 10 151 21 2948 1
772 2 160 22 4427 1
773 11 149 17 3241 1
774 15 165 14 1978 1
775 11 160 41 6074 1
776 21 160 41 6074 1
777 12 155 9 1712 1
778 23 155 9 1712 1
779 11 154 23 4036 1
780 21 154 23 4036 1
781 31 154 23 4036 1
782 9 149 18 2570 1
783 17 149 18 2570 1
784 25 149 18 2570 1
785 33 149 18 2570 1
786 41 149 18 2570 1
787 49 149 18 2570 1
788 57 149 18 2570 1
789 65 149 18 2570 1
790 11 151 25 3563 1
791 8 147 9 1401 1
792 11 161 9 1648 1
793 11 155 9 1154 1
794 9 154 7 582 1
795 4 151 11 2220 1
796 14 161 20 4817 1
797 27 161 20 4817 1
798 40 161 20 4817 1
799 13 154 5 1136 1
800 12 149 8 1775 1
801 23 149 8 1775 1
802 34 149 8 1775 1
803 35 147 15 2816 1
804 8 154 20 4019 1
805 17 160 15 2912 1
806 33 160 15 2912 1
807 7 149 26 2456 1
808 13 149 26 2456 1
809 12 160 10 2388 1
810 23 160 10 2388 1
811 34 160 10 2388 1
812 45 160 10 2388 1
813 14 149 51 10605 1
814 28 149 6 856 1
815 3 157 19 2461 1
816 11 154 6 1342 1
817 21 154 6 1342 1
818 2 157 16 3522 1
819 13 185 81 10731 1
820 15 194 10 1317 1
821 29 194 10 1317 1
822 11 190 28 5047 1
823 13 168 15 3742 1
824 22 169 36 6148 1
825 43 169 36 6148 1
826 40 195 19 2127 1
827 31 190 10 1046 1
828 61 190 10 1046 1
829 43 169 21 4082 1
830 85 169 21 4082 1
831 14 178 32 3822 1
832 27 178 32 3822 1
833 15 168 16 3666 1
834 23 188 10 2396 1
835 12 197 20 5493 1
836 2 184 16 2115 1
837 3 195 12 1685 1
838 14 168 10 1029 1
839 23 195 52 12795 1
840 33 197 20 3646 1
841 15 168 22 3055 1
842 16 170 31 3137 1
843 31 170 31 3137 1
844 34 190 18 4398 1
845 16 178 19 2252 1
846 11 184 39 10611 1
847 68 175 8 2075 1
848 11 168 6 1298 1
849 15 198 19 3003 1
850 29 198 19 3003 1
851 43 198 19 3003 1
852 57 198 19 3003 1
853 11 190 13 3359 1
854 11 195 57 10245 1
855 11 194 10 1235 1
856 22 183 8 2105 1
857 12 195 24 2780 1
858 3 190 17 4842 1
859 45 185 65 13384 1
860 21 195 12 3401 1
861 40 190 10 2593 1
862 79 190 10 2593 1
863 15 184 8 1532 1
864 15 197 26 4650 1
865 17 169 12 1747 1
866 33 169 12 1747 1
867 49 169 12 1747 1
868 15 197 20 2718 1
869 15 194 101 26389 1
870 4 168 18 2536 1
871 16 194 24 3025 1
872 31 194 24 3025 1
873 13 190 9 1898 1
874 24 190 12 2551 1
875 15 198 21 4397 1
876 19 194 8 1449 1
877 9 169 17 2504 1
878 17 169 17 2504 1
879 32 178 26 4065 1
880 12 185 14 2021 1
881 22 188 23 4845 1
882 14 197 17 3790 1
883 27 197 17 3790 1
884 10 197 17 4264 1
885 23 183 17 2455 1
886 4 198 15 4275 1
887 14 197 19 3289 1
888 27 197 19 3289 1
889 15 169 11 1360 1
890 4 170 18 4293 1
891 31 168 6 732 1
892 14 168 10 2157 1
893 27 168 10 2157 1
894 40 168 10 2157 1
895 15 188 20 2652 1
896 13 168 12 1880 1
897 47 198 24 4724 1
898 93 198 24 4724 1
899 16 185 44 4233 1
900 3 170 17 3613 1
901 3 188 10 1497 1
902 28 195 6 1096 1
903 12 183 53 6445 1
904 65 195 11 2153 1
905 11 185 19 2346 1
906 13 190 10 2017 1
907 25 198 19 5509 1
908 16 178 13 2053 1
909 31 178 13 2053 1
910 20 185 17 4213 1
911 16 170 8 1692 1
912 13 184 16 4143 1
913 16 188 32 3502 1
914 31 188 32 3502 1
915 46 188 32 3502 1
916 29 222 17 3613 1
917 60 211 38 8677 1
918 29 221 9 2659 1
919 57 221 9 2659 1
920 85 221 9 2659 1
921 113 221 9 2659 1
922 141 221 9 2659 1
923 169 221 9 2659 1
924 197 221 9 2659 1
925 225 221 9 2659 1
926 253 221 9 2659 1
927 27 212 26 5625 1
928 53 212 26 5625 1
929 79 212 26 5625 1
930 105 212 26 5625 1
931 131 212 26 5625 1
932 45 221 28 8508 1
933 89 221 28 8508 1
934 133 221 28 8508 1
935 37 221 30 4049 1
936 73 221 30 4049 1
937 109 221 30 4049 1
938 145 221 30 4049 1
939 181 221 30 4049 1
940 217 221 30 4049 1
941 253 221 30 4049 1
942 289 221 30 4049 1
943 325 221 30 4049 1
944 361 221 30 4049 1
945 397 221 30 4049 1
946 433 221 30 4049 1
947 469 221 30 4049 1
948 38 210 11 2645 1
949 75 210 11 2645 1
950 41 210 11 1829 1
951 81 210 11 1829 1
952 121 210 11 1829 1
953 161 210 11 1829 1
954 201 210 11 1829 1
955 241 210 11 1829 1
956 281 210 11 1829 1
957 321 210 11 1829 1
958 361 210 11 1829 1
959 401 210 11 1829 1
960 441 210 11 1829 1
961 481 210 11 1829 1
962 521 210 11 1829 1
963 561 210 11 1829 1
964 601 210 11 1829 1
965 641 210 11 1829 1
966 681 210 11 1829 1
967 721 210 11 1829 1
968 761 210 11 1829 1
969 801 210 11 1829 1
970 841 210 11 1829 1
971 881 210 11 1829 1
972 26 211 19 3925 1
973 51 211 19 3925 1
974 76 211 19 3925 1
975 101 211 19 3925 1
976 126 211 19 3925 1
977 151 211 19 3925 1
978 176 211 19 3925 1
979 201 211 19 3925 1
980 226 211 19 3925 1
981 251 211 19 3925 1
982 39 239 35 9838 1
983 36 230 24 3759 1
984 54 228 14 3110 1
985 107 228 14 3110 1
986 59 230 22 6540 1
987 56 230 17 5376 1
988 92 225 22 5229 1
989 36 230 28 5968 1
990 89 230 24 5886 1
991 177 230 24 5886 1
992 36 230 26 3045 1
993 34 225 20 6052 1
994 92 230 20 4698 1
995 37 228 16 5063 1
996 36 230 19 4079 1
997 57 239 16 3506 1
998 98 228 21 5418 1
999 38 239 17 2705 1
1000 37 239 19 6680 1
1001 54 228 16 3548 1
1002 38 228 12 3489 1
1003 75 228 12 3489 1
1004 112 228 12 3489 1
1005 104 225 15 4333 1
1006 40 228 26 3667 1
1007 39 228 20 5251 1
1008 39 225 13 3263 1
1009 33 228 26 3917 1
1010 36 228 14 4111 1
1011 113 228 10 3385 1
1012 94 228 14 3233 1
1013 38 225 32 5019 1
1014 75 225 32 5019 1
1015 37 228 16 3630 1
1016 58 225 20 2727 1
1017 57 275 17 3924 1
1018 113 275 17 3924 1
1019 57 268 40 15057 1
1020 57 291 25 9215 1
1021 113 291 25 9215 1
1022 169 291 25 9215 1
1023 61 258 18 5042 1
1024 37 266 30 6879 1
1025 37 276 25 8899 1
1026 94 268 24 5647 1
1027 58 294 31 11866 1
1028 57 260 26 5325 1
1029 95 264 23 5044 1
1030 56 259 20 3765 1
1031 37 255 34 8860 1
1032 192 261 19 7332 1
1033 37 299 31 5495 1
1034 58 305 20 3979 1
1035 115 305 20 3979 1
1036 172 305 20 3979 1
35
400 400 400 400 500 500 600 600 600 600 600 600 600 400 400 400 400 400 230 315 600 450 450 400 400 400 665 725 645 500 500 305 400 400 390 