1036
1 7 101 27 3594 1
2 4 99 15 1245 1
3 6 99 41 2041 1
4 21 101 23 2617 1
5 22 101 32 3327 1
6 23 99 13 1202 1
7 4 99 32 3019 1
8 7 99 32 3019 1
9 10 99 32 3019 1
10 18 101 8 1151 1
11 35 101 8 1151 1
12 7 101 19 1045 1
13 13 101 19 1045 1
14 4 101 8 422 1
15 7 101 8 422 1
16 21 101 17 1004 1
17 20 101 18 1589 1
18 39 101 18 1589 1
19 58 101 18 1589 1
20 3 99 37 4953 1
21 5 101 9 971 1
22 26 99 35 4742 1
23 18 99 24 2605 1
24 188 99 11 1577 1
25 6 101 13 1950 1
26 12 101 5 371 1
27 23 101 5 371 1
28 4 101 16 2265 1
29 6 101 15 1692 1
30 11 101 15 1692 1
31 4 99 8 693 1
32 7 99 8 693 1
33 3 101 34 4997 1
34 3 101 12 1300 1
35 4 101 6 518 1
36 3 101 4 327 1
37 7 101 8 601 1
38 22 101 15 2177 1
39 6 101 12 646 1
40 14 139 11 1944 1
41 13 132 25 3170 1
42 4 122 8 557 1
43 4 133 34 3813 1
44 7 118 9 1261 1
45 13 118 9 1261 1
46 19 118 9 1261 1
47 25 118 9 1261 1
48 31 118 9 1261 1
49 7 134 16 2774 1
50 13 134 16 2774 1
51 19 134 16 2774 1
52 25 134 16 2774 1
53 31 134 16 2774 1
54 37 134 16 2774 1
55 43 134 16 2774 1
56 49 134 16 2774 1
57 55 134 16 2774 1
58 61 134 16 2774 1
59 67 134 16 2774 1
60 73 134 16 2774 1
61 79 134 16 2774 1
62 85 134 16 2774 1
63 5 133 19 1340 1
64 9 133 19 1340 1
65 3 125 11 1308 1
66 14 139 14 2147 1
67 27 139 14 2147 1
68 40 139 14 2147 1
69 53 139 14 2147 1
70 66 139 14 2147 1
71 79 139 14 2147 1
72 92 139 14 2147 1
73 105 139 14 2147 1
74 20 133 8 1040 1
75 39 133 8 1040 1
76 58 133 8 1040 1
77 4 118 18 2966 1
78 7 137 8 961 1
79 10 122 15 2122 1
80 19 122 15 2122 1
81 12 122 5 381 1
82 23 122 5 381 1
83 19 140 21 1613 1
84 37 140 21 1613 1
85 55 140 21 1613 1
86 73 140 21 1613 1
87 91 140 21 1613 1
88 109 140 21 1613 1
89 127 140 21 1613 1
90 6 139 22 2923 1
91 8 129 15 1913 1
92 15 129 15 1913 1
93 22 129 15 1913 1
94 5 126 12 1567 1
95 9 126 12 1567 1
96 13 126 12 1567 1
97 17 126 12 1567 1
98 21 126 12 1567 1
99 25 126 12 1567 1
100 3 138 8 1195 1
101 5 138 8 1195 1
102 16 134 14 1335 1
103 25 118 51 8154 1
104 49 118 51 8154 1
105 6 122 27 1883 1
106 11 122 27 1883 1
107 16 122 27 1883 1
108 21 122 27 1883 1
109 26 122 27 1883 1
110 31 122 27 1883 1
111 36 122 27 1883 1
112 3 127 14 2468 1
113 7 127 12 1610 1
114 13 127 12 1610 1
115 19 127 12 1610 1
116 17 127 15 958 1
117 33 127 15 958 1
118 7 118 19 2323 1
119 3 110 2 233 1
120 30 127 31 4050 1
121 12 127 10 687 1
122 23 127 10 687 1
123 34 127 10 687 1
124 45 127 10 687 1
125 14 125 15 1088 1
126 27 125 15 1088 1
127 40 125 15 1088 1
128 17 139 11 1579 1
129 33 139 11 1579 1
130 5 126 4 646 1
131 14 141 22 3867 1
132 27 141 22 3867 1
133 11 138 24 4878 1
134 12 140 11 1511 1
135 23 140 11 1511 1
136 34 140 11 1511 1
137 45 140 11 1511 1
138 56 140 11 1511 1
139 67 140 11 1511 1
140 7 138 17 1451 1
141 5 138 11 2107 1
142 9 138 11 2107 1
143 15 121 15 1366 1
144 29 121 15 1366 1
145 3 126 17 1888 1
146 12 140 8 1138 1
147 23 140 8 1138 1
148 34 140 8 1138 1
149 17 129 14 2334 1
150 3 125 25 2288 1
151 13 133 14 1812 1
152 25 133 14 1812 1
153 37 133 14 1812 1
154 8 132 9 915 1
155 12 137 29 2708 1
156 18 141 36 3952 1
157 35 141 36 3952 1
158 52 141 36 3952 1
159 69 141 36 3952 1
160 86 141 36 3952 1
161 4 118 11 1451 1
162 10 133 21 2819 1
163 19 133 21 2819 1
164 15 118 4 653 1
165 12 137 28 3485 1
166 23 137 28 3485 1
167 34 137 28 3485 1
168 9 138 9 1697 1
169 17 138 9 1697 1
170 12 133 23 4567 1
171 12 125 12 1986 1
172 13 127 15 2287 1
173 5 138 27 3525 1
174 9 138 27 3525 1
175 13 138 27 3525 1
176 7 126 7 958 1
177 13 126 7 958 1
178 8 110 6 397 1
179 15 110 6 397 1
180 22 110 6 397 1
181 29 110 6 397 1
182 36 110 6 397 1
183 43 110 6 397 1
184 50 110 6 397 1
185 57 110 6 397 1
186 64 110 6 397 1
187 71 110 6 397 1
188 78 110 6 397 1
189 5 133 7 725 1
190 73 140 8 1245 1
191 18 140 7 754 1
192 35 140 7 754 1
193 52 140 7 754 1
194 69 140 7 754 1
195 17 127 15 1973 1
196 33 127 15 1973 1
197 49 127 15 1973 1
198 65 127 15 1973 1
199 81 127 15 1973 1
200 8 133 6 988 1
201 2 129 14 1752 1
202 3 126 7 606 1
203 4 122 55 6141 1
204 9 110 12 1319 1
205 3 141 15 2015 1
206 11 125 11 1421 1
207 21 125 11 1421 1
208 31 125 11 1421 1
209 41 125 11 1421 1
210 51 125 11 1421 1
211 61 125 11 1421 1
212 4 139 11 1410 1
213 6 118 16 1284 1
214 11 118 16 1284 1
215 16 118 16 1284 1
216 14 139 49 7259 1
217 10 132 19 1680 1
218 6 134 15 2492 1
219 11 134 15 2492 1
220 16 134 15 2492 1
221 21 134 15 2492 1
222 26 134 15 2492 1
223 31 134 15 2492 1
224 36 134 15 2492 1
225 41 134 15 2492 1
226 46 134 15 2492 1
227 8 138 42 7807 1
228 15 138 42 7807 1
229 22 138 42 7807 1
230 7 129 9 1586 1
231 13 129 9 1586 1
232 19 129 9 1586 1
233 25 129 9 1586 1
234 31 129 9 1586 1
235 37 129 9 1586 1
236 13 133 10 1970 1
237 25 133 10 1970 1
238 37 133 10 1970 1
239 49 133 10 1970 1
240 61 133 10 1970 1
241 73 133 10 1970 1
242 21 134 7 698 1
243 3 121 41 3015 1
244 10 141 10 836 1
245 11 122 5 898 1
246 21 122 5 898 1
247 31 122 5 898 1
248 41 122 5 898 1
249 51 122 5 898 1
250 61 122 5 898 1
251 15 138 7 934 1
252 3 141 6 670 1
253 9 127 5 597 1
254 2 122 23 2014 1
255 7 138 15 2188 1
256 14 133 12 1375 1
257 27 133 12 1375 1
258 40 133 12 1375 1
259 14 118 15 1075 1
260 13 110 26 3680 1
261 25 110 26 3680 1
262 37 110 26 3680 1
263 49 110 26 3680 1
264 61 110 26 3680 1
265 73 110 26 3680 1
266 5 138 8 1462 1
267 9 138 8 1462 1
268 3 132 11 982 1
269 18 129 17 3188 1
270 4 134 10 1002 1
271 15 122 6 623 1
272 14 132 25 4010 1
273 27 132 25 4010 1
274 40 132 25 4010 1
275 53 132 25 4010 1
276 9 126 11 875 1
277 17 126 11 875 1
278 9 138 33 5261 1
279 17 138 33 5261 1
280 25 138 33 5261 1
281 9 141 17 3153 1
282 5 127 13 2184 1
283 38 121 10 759 1
284 17 139 20 3622 1
285 9 121 16 2501 1
286 17 121 16 2501 1
287 8 133 15 2130 1
288 15 133 15 2130 1
289 22 133 15 2130 1
290 29 133 15 2130 1
291 14 129 16 1928 1
292 27 129 16 1928 1
293 40 129 16 1928 1
294 53 129 16 1928 1
295 66 129 16 1928 1
296 17 121 17 1462 1
297 7 132 14 2323 1
298 14 121 21 2097 1
299 27 121 21 2097 1
300 16 129 10 1313 1
301 31 129 10 1313 1
302 46 129 10 1313 1
303 61 129 10 1313 1
304 66 137 16 2739 1
305 3 132 14 1676 1
306 26 110 20 2075 1
307 51 110 20 2075 1
308 76 110 20 2075 1
309 101 110 20 2075 1
310 126 110 20 2075 1
311 151 110 20 2075 1
312 12 126 6 1037 1
313 23 126 6 1037 1
314 34 126 6 1037 1
315 9 118 9 1481 1
316 17 118 9 1481 1
317 25 118 9 1481 1
318 33 118 9 1481 1
319 41 118 9 1481 1
320 49 118 9 1481 1
321 57 118 9 1481 1
322 65 118 9 1481 1
323 107 137 7 943 1
324 54 127 7 872 1
325 18 118 6 1011 1
326 35 118 6 1011 1
327 52 118 6 1011 1
328 3 139 15 1798 1
329 7 127 6 761 1
330 4 141 9 1399 1
331 7 141 9 1399 1
332 10 141 9 1399 1
333 22 127 9 1030 1
334 9 133 6 1043 1
335 17 133 6 1043 1
336 5 129 8 1144 1
337 18 141 6 756 1
338 35 141 6 756 1
339 52 141 6 756 1
340 69 141 6 756 1
341 86 141 6 756 1
342 103 141 6 756 1
343 120 141 6 756 1
344 4 122 23 2935 1
345 9 126 23 2004 1
346 17 126 23 2004 1
347 25 126 23 2004 1
348 33 126 23 2004 1
349 53 138 8 1227 1
350 3 133 11 1082 1
351 16 121 11 1105 1
352 8 141 8 704 1
353 15 141 8 704 1
354 14 129 9 1148 1
355 27 129 9 1148 1
356 10 134 25 2835 1
357 19 134 25 2835 1
358 10 121 5 656 1
359 5 127 19 3523 1
360 12 126 7 976 1
361 23 126 7 976 1
362 34 126 7 976 1
363 13 141 16 3094 1
364 25 141 16 3094 1
365 37 141 16 3094 1
366 18 134 12 958 1
367 4 126 13 1837 1
368 9 127 22 3040 1
369 17 127 22 3040 1
370 25 127 22 3040 1
371 3 129 13 2163 1
372 3 132 12 1838 1
373 11 127 14 1481 1
374 3 141 10 1558 1
375 10 134 20 3449 1
376 19 134 20 3449 1
377 3 126 13 1433 1
378 5 126 13 1433 1
379 5 133 30 2058 1
380 4 110 24 3046 1
381 7 110 24 3046 1
382 10 132 12 1016 1
383 19 132 12 1016 1
384 28 132 12 1016 1
385 37 132 12 1016 1
386 46 132 12 1016 1
387 8 137 6 1225 1
388 15 137 6 1225 1
389 5 141 13 919 1
390 7 140 13 2256 1
391 13 140 13 2256 1
392 19 140 13 2256 1
393 25 140 13 2256 1
394 31 140 13 2256 1
395 7 134 12 1706 1
396 13 134 12 1706 1
397 19 134 12 1706 1
398 25 134 12 1706 1
399 31 134 12 1706 1
400 37 134 12 1706 1
401 43 134 12 1706 1
402 49 134 12 1706 1
403 55 134 12 1706 1
404 61 134 12 1706 1
405 67 134 12 1706 1
406 73 134 12 1706 1
407 16 129 11 1697 1
408 13 125 17 2160 1
409 25 125 17 2160 1
410 37 125 17 2160 1
411 49 125 17 2160 1
412 3 118 13 2123 1
413 1 139 15 2460 1
414 7 122 11 1301 1
415 13 122 11 1301 1
416 19 122 11 1301 1
417 25 122 11 1301 1
418 31 122 11 1301 1
419 37 122 11 1301 1
420 43 122 11 1301 1
421 49 122 11 1301 1
422 55 122 11 1301 1
423 61 122 11 1301 1
424 67 122 11 1301 1
425 73 122 11 1301 1
426 79 122 11 1301 1
427 85 122 11 1301 1
428 91 122 11 1301 1
429 2 110 7 816 1
430 3 110 7 816 1
431 4 110 7 816 1
432 3 132 9 1216 1
433 16 132 26 3670 1
434 31 132 26 3670 1
435 46 132 26 3670 1
436 8 127 15 1231 1
437 23 139 11 1122 1
438 19 125 9 847 1
439 37 125 9 847 1
440 55 125 9 847 1
441 73 125 9 847 1
442 15 126 8 1446 1
443 29 126 8 1446 1
444 43 126 8 1446 1
445 57 126 8 1446 1
446 71 126 8 1446 1
447 85 126 8 1446 1
448 3 129 8 787 1
449 19 127 17 1444 1
450 37 127 17 1444 1
451 55 127 17 1444 1
452 73 127 17 1444 1
453 91 127 17 1444 1
454 109 127 17 1444 1
455 127 127 17 1444 1
456 14 132 21 3931 1
457 27 132 21 3931 1
458 14 132 7 921 1
459 54 141 30 3066 1
460 9 125 15 2499 1
461 17 125 15 2499 1
462 11 139 26 2058 1
463 19 118 7 1064 1
464 37 118 7 1064 1
465 17 133 24 3594 1
466 33 133 24 3594 1
467 49 133 24 3594 1
468 65 133 24 3594 1
469 10 129 14 2423 1
470 19 129 14 2423 1
471 3 110 35 1985 1
472 10 141 12 1063 1
473 7 110 10 961 1
474 13 110 10 961 1
475 19 110 10 961 1
476 25 110 10 961 1
477 31 110 10 961 1
478 37 110 10 961 1
479 43 110 10 961 1
480 98 127 18 3270 1
481 7 132 19 2814 1
482 13 132 19 2814 1
483 19 132 19 2814 1
484 6 134 12 1408 1
485 11 125 7 841 1
486 21 125 7 841 1
487 13 137 11 1396 1
488 25 137 11 1396 1
489 12 121 33 2286 1
490 14 138 36 2670 1
491 27 138 36 2670 1
492 40 138 36 2670 1
493 53 138 36 2670 1
494 4 133 19 3384 1
495 15 127 13 956 1
496 29 127 13 956 1
497 4 125 7 489 1
498 3 125 8 1096 1
499 9 126 4 726 1
500 17 126 4 726 1
501 25 126 4 726 1
502 7 127 17 1719 1
503 13 127 17 1719 1
504 4 140 7 1361 1
505 6 133 14 2501 1
506 4 126 19 2252 1
507 7 126 19 2252 1
508 3 125 37 5794 1
509 7 126 8 799 1
510 13 126 8 799 1
511 19 126 8 799 1
512 25 126 8 799 1
513 3 110 6 740 1
514 9 129 23 4370 1
515 17 129 23 4370 1
516 25 129 23 4370 1
517 33 129 23 4370 1
518 41 129 23 4370 1
519 49 129 23 4370 1
520 57 129 23 4370 1
521 10 127 12 842 1
522 19 127 12 842 1
523 28 127 12 842 1
524 8 140 9 791 1
525 15 140 9 791 1
526 22 140 9 791 1
527 16 140 8 1632 1
528 31 140 8 1632 1
529 46 140 8 1632 1
530 61 140 8 1632 1
531 76 140 8 1632 1
532 91 140 8 1632 1
533 15 121 10 1629 1
534 29 121 10 1629 1
535 4 129 5 436 1
536 18 134 13 1584 1
537 35 134 13 1584 1
538 52 134 13 1584 1
539 69 134 13 1584 1
540 86 134 13 1584 1
541 103 134 13 1584 1
542 120 134 13 1584 1
543 137 134 13 1584 1
544 154 134 13 1584 1
545 171 134 13 1584 1
546 188 134 13 1584 1
547 205 134 13 1584 1
548 222 134 13 1584 1
549 239 134 13 1584 1
550 256 134 13 1584 1
551 273 134 13 1584 1
552 290 134 13 1584 1
553 307 134 13 1584 1
554 4 132 19 2701 1
555 7 132 19 2701 1
556 17 129 100 8973 1
557 33 129 100 8973 1
558 49 129 100 8973 1
559 65 129 100 8973 1
560 81 129 100 8973 1
561 8 122 16 1814 1
562 14 132 7 877 1
563 27 132 7 877 1
564 9 137 15 2612 1
565 17 137 15 2612 1
566 25 137 15 2612 1
567 33 137 15 2612 1
568 4 126 10 634 1
569 7 126 10 634 1
570 10 126 10 634 1
571 13 126 10 634 1
572 16 126 10 634 1
573 10 139 5 698 1
574 19 139 5 698 1
575 28 139 5 698 1
576 12 133 27 3564 1
577 23 127 10 991 1
578 45 127 10 991 1
579 67 127 10 991 1
580 6 129 10 1049 1
581 11 129 10 1049 1
582 16 129 10 1049 1
583 21 129 10 1049 1
584 26 129 10 1049 1
585 31 129 10 1049 1
586 36 129 10 1049 1
587 41 129 10 1049 1
588 46 129 10 1049 1
589 51 129 10 1049 1
590 56 129 10 1049 1
591 61 129 10 1049 1
592 4 121 15 1443 1
593 15 118 11 1586 1
594 29 118 11 1586 1
595 43 118 11 1586 1
596 57 118 11 1586 1
597 71 118 11 1586 1
598 14 127 17 1784 1
599 27 127 17 1784 1
600 40 127 17 1784 1
601 53 127 17 1784 1
602 66 127 17 1784 1
603 79 127 17 1784 1
604 92 127 17 1784 1
605 105 127 17 1784 1
606 118 127 17 1784 1
607 7 118 17 1609 1
608 4 140 11 1203 1
609 7 140 11 1203 1
610 10 140 11 1203 1
611 8 125 10 1078 1
612 15 125 10 1078 1
613 3 134 6 862 1
614 3 139 16 2353 1
615 15 139 20 3001 1
616 29 139 20 3001 1
617 43 139 20 3001 1
618 11 132 19 1588 1
619 21 132 19 1588 1
620 31 132 19 1588 1
621 41 132 19 1588 1
622 51 132 19 1588 1
623 5 133 6 1025 1
624 13 141 20 1568 1
625 6 125 9 1002 1
626 11 125 9 1002 1
627 16 125 9 1002 1
628 21 125 9 1002 1
629 9 127 15 1528 1
630 14 141 46 6362 1
631 27 141 46 6362 1
632 40 141 46 6362 1
633 53 141 46 6362 1
634 66 141 46 6362 1
635 79 141 46 6362 1
636 92 141 46 6362 1
637 105 141 46 6362 1
638 118 141 46 6362 1
639 131 141 46 6362 1
640 144 141 46 6362 1
641 157 141 46 6362 1
642 170 141 46 6362 1
643 183 141 46 6362 1
644 196 141 46 6362 1
645 4 140 14 1278 1
646 7 140 14 1278 1
647 10 140 14 1278 1
648 4 129 15 1735 1
649 7 129 15 1735 1
650 7 122 5 339 1
651 13 122 5 339 1
652 19 122 5 339 1
653 25 122 5 339 1
654 11 127 39 3255 1
655 21 127 39 3255 1
656 31 127 39 3255 1
657 41 127 39 3255 1
658 51 127 39 3255 1
659 61 127 39 3255 1
660 4 139 13 2408 1
661 7 139 13 2408 1
662 12 127 46 5313 1
663 7 157 19 2302 1
664 12 161 20 3158 1
665 23 161 20 3158 1
666 10 147 14 2788 1
667 19 147 14 2788 1
668 9 160 13 1304 1
669 4 149 14 1178 1
670 11 149 19 2885 1
671 4 160 21 3156 1
672 13 147 6 522 1
673 10 160 20 4172 1
674 9 154 35 6337 1
675 9 155 5 426 1
676 11 147 13 1612 1
677 10 151 13 2409 1
678 10 149 9 1205 1
679 19 149 9 1205 1
680 28 149 9 1205 1
681 8 166 26 6317 1
682 11 158 31 4328 1
683 11 155 8 623 1
684 3 154 48 6517 1
685 13 161 20 3186 1
686 25 161 20 3186 1
687 37 161 20 3186 1
688 9 154 22 1950 1
689 17 154 22 1950 1
690 7 149 23 5130 1
691 13 149 23 5130 1
692 15 149 26 4083 1
693 29 149 26 4083 1
694 43 149 26 4083 1
695 4 155 7 863 1
696 7 147 27 4652 1
697 13 147 27 4652 1
698 19 147 27 4652 1
699 3 149 9 1672 1
700 14 147 13 2557 1
701 14 151 10 1022 1
702 27 151 10 1022 1
703 40 151 10 1022 1
704 53 151 10 1022 1
705 66 151 10 1022 1
706 79 151 10 1022 1
707 92 151 10 1022 1
708 105 151 10 1022 1
709 17 155 26 2275 1
710 33 155 26 2275 1
711 4 157 34 5434 1
712 15 161 43 5311 1
713 29 161 43 5311 1
714 43 161 43 5311 1
715 57 161 43 5311 1
716 15 158 26 3895 1
717 29 158 26 3895 1
718 43 158 26 3895 1
719 57 158 26 3895 1
720 9 158 33 6930 1
721 9 147 27 3642 1
722 17 147 27 3642 1
723 4 154 20 3203 1
724 7 154 20 3203 1
725 2 165 38 9009 1
726 3 165 38 9009 1
727 10 155 10 1205 1
728 8 166 34 8292 1
729 13 160 20 3845 1
730 25 160 20 3845 1
731 11 147 15 1988 1
732 21 147 15 1988 1
733 2 154 11 1415 1
734 18 158 21 4804 1
735 35 158 21 4804 1
736 52 158 21 4804 1
737 8 160 14 1376 1
738 13 154 22 2878 1
739 25 154 22 2878 1
740 9 165 16 1498 1
741 3 155 23 5247 1
742 15 155 29 3881 1
743 29 155 29 3881 1
744 13 165 7 1623 1
745 13 155 16 2247 1
746 25 155 16 2247 1
747 13 158 22 2148 1
748 25 158 22 2148 1
749 13 147 13 1168 1
750 25 147 13 1168 1
751 11 154 19 3334 1
752 9 157 18 1552 1
753 4 154 17 3502 1
754 9 155 13 2262 1
755 7 158 16 3133 1
756 13 158 16 3133 1
757 18 158 9 1407 1
758 12 147 7 639 1
759 23 147 7 639 1
760 12 166 15 1260 1
761 23 166 15 1260 1
762 34 166 15 1260 1
763 14 160 18 3365 1
764 27 160 18 3365 1
765 40 160 18 3365 1
766 12 166 9 1502 1
767 23 166 9 1502 1
768 11 161 13 1289 1
769 21 161 13 1289 1
770 31 161 13 1289 1
771 3 157 8 1484 1
772 9 149 7 1375 1
773 11 158 25 5256 1
774 21 158 25 5256 1
775 31 158 25 5256 1
776 41 158 25 5256 1
777 5 166 10 1486 1
778 2 147 16 3412 1
779 16 161 10 1372 1
780 5 154 13 2123 1
781 8 165 13 2618 1
782 9 151 18 1517 1
783 3 166 36 3287 1
784 5 166 36 3287 1
785 4 154 24 2857 1
786 17 147 22 2913 1
787 16 147 19 1817 1
788 31 147 19 1817 1
789 46 147 19 1817 1
790 61 147 19 1817 1
791 76 147 19 1817 1
792 91 147 19 1817 1
793 4 160 21 2748 1
794 11 160 12 2644 1
795 12 147 11 2372 1
796 23 147 11 2372 1
797 34 147 11 2372 1
798 45 147 11 2372 1
799 4 161 15 3569 1
800 9 155 22 2350 1
801 17 155 22 2350 1
802 4 158 21 1947 1
803 15 151 19 3163 1
804 13 154 21 2770 1
805 25 154 21 2770 1
806 37 154 21 2770 1
807 27 157 7 1161 1
808 10 157 15 3384 1
809 3 149 19 2020 1
810 8 149 21 4444 1
811 16 147 8 1304 1
812 15 151 36 6094 1
813 11 151 21 3358 1
814 13 151 27 3077 1
815 10 151 8 1610 1
816 3 161 7 1259 1
817 10 165 7 1313 1
818 11 161 51 8716 1
819 37 183 21 2457 1
820 15 170 27 6812 1
821 29 170 27 6812 1
822 14 198 13 2249 1
823 9 194 14 2903 1
824 16 188 28 5425 1
825 13 169 17 2213 1
826 25 169 17 2213 1
827 22 169 18 1528 1
828 11 169 15 3386 1
829 21 169 15 3386 1
830 17 197 24 4293 1
831 33 197 24 4293 1
832 15 175 37 7751 1
833 29 175 37 7751 1
834 14 178 14 2489 1
835 15 197 17 4549 1
836 10 178 18 2572 1
837 10 197 33 8486 1
838 19 197 33 8486 1
839 29 170 18 2923 1
840 57 170 18 2923 1
841 24 170 16 1913 1
842 15 194 29 5430 1
843 33 195 23 2697 1
844 65 195 23 2697 1
845 43 178 9 1270 1
846 7 188 11 1368 1
847 3 188 16 2255 1
848 14 178 21 4038 1
849 4 197 10 2201 1
850 16 194 7 1411 1
851 16 194 19 3991 1
852 30 184 21 3865 1
853 3 195 20 4074 1
854 16 175 12 1128 1
855 16 178 23 4572 1
856 31 178 23 4572 1
857 46 178 23 4572 1
858 61 178 23 4572 1
859 76 178 23 4572 1
860 91 178 23 4572 1
861 29 169 22 4449 1
862 13 188 13 1686 1
863 15 197 11 2740 1
864 16 170 16 3001 1
865 15 168 15 3247 1
866 29 168 15 3247 1
867 16 198 30 7918 1
868 15 188 21 5465 1
869 17 169 44 9382 1
870 9 198 15 3054 1
871 36 198 13 1873 1
872 15 195 25 5715 1
873 16 183 44 4290 1
874 14 195 31 4646 1
875 22 168 14 3224 1
876 15 198 24 4258 1
877 22 194 41 6475 1
878 24 190 6 688 1
879 16 168 4 975 1
880 13 197 44 5066 1
881 3 190 14 3124 1
882 10 197 14 3073 1
883 16 183 27 3098 1
884 10 170 11 1106 1
885 36 185 27 7287 1
886 3 184 23 3423 1
887 15 188 25 3036 1
888 3 184 14 2883 1
889 10 169 11 2359 1
890 15 198 26 5354 1
891 29 198 26 5354 1
892 12 170 11 2148 1
893 10 184 25 2710 1
894 17 190 13 3424 1
895 22 183 15 3972 1
896 14 195 20 2436 1
897 175 185 21 2172 1
898 16 175 35 3068 1
899 16 184 8 1370 1
900 25 197 27 3581 1
901 14 178 14 2260 1
902 23 190 12 2902 1
903 13 195 18 4182 1
904 31 185 15 2390 1
905 12 170 64 7086 1
906 25 168 20 4471 1
907 15 170 13 2529 1
908 23 190 32 3767 1
909 45 190 32 3767 1
910 23 197 20 4295 1
911 14 185 15 4011 1
912 13 195 16 3264 1
913 14 195 26 4628 1
914 27 195 26 4628 1
915 39 170 23 5236 1
916 43 210 19 5737 1
917 85 210 19 5737 1
918 33 208 23 4184 1
919 65 208 23 4184 1
920 97 208 23 4184 1
921 129 208 23 4184 1
922 161 208 23 4184 1
923 193 208 23 4184 1
924 225 208 23 4184 1
925 257 208 23 4184 1
926 289 208 23 4184 1
927 321 208 23 4184 1
928 353 208 23 4184 1
929 44 207 17 2612 1
930 87 207 17 2612 1
931 130 207 17 2612 1
932 43 212 17 5063 1
933 85 212 17 5063 1
934 127 212 17 5063 1
935 167 222 24 5230 1
936 44 204 23 4861 1
937 87 204 23 4861 1
938 130 204 23 4861 1
939 173 204 23 4861 1
940 216 204 23 4861 1
941 41 212 16 3011 1
942 81 212 16 3011 1
943 121 212 16 3011 1
944 161 212 16 3011 1
945 201 212 16 3011 1
946 241 212 16 3011 1
947 281 212 16 3011 1
948 321 212 16 3011 1
949 361 212 16 3011 1
950 401 212 16 3011 1
951 441 212 16 3011 1
952 481 212 16 3011 1
953 521 212 16 3011 1
954 561 212 16 3011 1
955 601 212 16 3011 1
956 641 212 16 3011 1
957 681 212 16 3011 1
958 721 212 16 3011 1
959 761 212 16 3011 1
960 801 212 16 3011 1
961 841 212 16 3011 1
962 881 212 16 3011 1
963 921 212 16 3011 1
964 46 204 14 3738 1
965 91 204 14 3738 1
966 136 204 14 3738 1
967 181 204 14 3738 1
968 36 210 7 1326 1
969 71 210 7 1326 1
970 106 210 7 1326 1
971 141 210 7 1326 1
972 36 208 27 6487 1
973 71 208 27 6487 1
974 32 210 24 6867 1
975 63 210 24 6867 1
976 94 210 24 6867 1
977 125 210 24 6867 1
978 156 210 24 6867 1
979 187 210 24 6867 1
980 218 210 24 6867 1
981 249 210 24 6867 1
982 37 228 17 4508 1
983 73 228 17 4508 1
984 109 228 17 4508 1
985 36 225 21 3505 1
986 33 228 19 2949 1
987 36 239 13 2963 1
988 71 239 13 2963 1
989 106 239 13 2963 1
990 141 239 13 2963 1
991 110 230 13 3993 1
992 58 239 21 6501 1
993 38 230 12 2387 1
994 75 230 12 2387 1
995 34 239 17 3265 1
996 67 239 17 3265 1
997 36 225 20 2561 1
998 35 230 20 3244 1
999 39 230 16 2184 1
1000 36 230 19 6334 1
1001 71 230 19 6334 1
1002 98 225 18 2068 1
1003 36 225 15 2171 1
1004 55 228 21 4631 1
1005 34 230 11 3414 1
1006 39 225 17 2951 1
1007 38 228 14 4575 1
1008 102 228 26 5560 1
1009 91 230 22 3880 1
1010 38 225 13 3006 1
1011 104 239 22 3489 1
1012 87 228 15 2604 1
1013 58 230 19 2857 1
1014 36 225 21 2617 1
1015 34 225 17 2853 1
1016 35 239 22 3411 1
1017 94 259 14 4093 1
1018 95 278 10 1516 1
1019 36 276 26 8185 1
1020 36 261 31 8617 1
1021 37 278 27 6122 1
1022 36 291 40 15446 1
1023 182 305 18 3727 1
1024 59 303 29 10536 1
1025 92 274 9 2354 1
1026 183 274 9 2354 1
1027 35 278 24 5568 1
1028 58 260 24 7283 1
1029 115 260 24 7283 1
1030 58 261 16 3024 1
1031 92 278 31 7178 1
1032 150 277 28 4130 1
1033 38 266 24 6831 1
1034 56 279 12 2523 1
1035 111 279 12 2523 1
1036 166 279 12 2523 1
35
400 400 400 400 500 500 600 600 600 600 600 600 600 400 400 400 400 400 230 315 600 450 450 400 400 400 665 725 645 500 500 305 400 400 390 