1036
1 6 101 25 2241 1
2 11 101 25 2241 1
3 6 99 9 651 1
4 6 101 32 2166 1
5 11 101 32 2166 1
6 4 99 21 2107 1
7 20 99 15 1038 1
8 39 99 15 1038 1
9 9 101 27 2947 1
10 17 101 27 2947 1
11 4 99 8 1058 1
12 31 99 12 1267 1
13 61 99 12 1267 1
14 6 101 6 585 1
15 11 101 6 585 1
16 4 101 30 4516 1
17 7 101 30 4516 1
18 10 101 30 4516 1
19 19 101 11 687 1
20 19 101 12 1619 1
21 25 101 12 1780 1
22 49 101 12 1780 1
23 73 101 12 1780 1
24 97 101 12 1780 1
25 16 99 21 2891 1
26 7 101 17 2182 1
27 6 99 9 922 1
28 8 99 14 1050 1
29 22 99 15 1704 1
30 43 99 15 1704 1
31 4 101 16 2221 1
32 7 101 16 2221 1
33 4 101 22 2343 1
34 7 101 22 2343 1
35 10 101 22 2343 1
36 4 101 14 1781 1
37 7 101 14 1781 1
38 10 101 14 1781 1
39 18 101 45 6775 1
40 15 110 18 1664 1
41 29 110 18 1664 1
42 43 110 18 1664 1
43 57 110 18 1664 1
44 4 121 34 4617 1
45 7 121 34 4617 1
46 10 121 34 4617 1
47 13 121 34 4617 1
48 16 121 34 4617 1
49 10 133 22 1637 1
50 19 133 22 1637 1
51 28 133 22 1637 1
52 8 110 16 1647 1
53 15 110 16 1647 1
54 19 125 22 3851 1
55 37 125 22 3851 1
56 55 125 22 3851 1
57 73 125 22 3851 1
58 91 125 22 3851 1
59 109 125 22 3851 1
60 127 125 22 3851 1
61 145 125 22 3851 1
62 163 125 22 3851 1
63 181 125 22 3851 1
64 6 122 20 2866 1
65 11 122 20 2866 1
66 18 110 15 923 1
67 35 110 15 923 1
68 52 110 15 923 1
69 4 126 13 1580 1
70 3 132 15 2964 1
71 3 127 24 3524 1
72 12 118 9 1477 1
73 23 118 9 1477 1
74 34 118 9 1477 1
75 45 118 9 1477 1
76 56 118 9 1477 1
77 67 118 9 1477 1
78 78 118 9 1477 1
79 89 118 9 1477 1
80 100 118 9 1477 1
81 111 118 9 1477 1
82 122 118 9 1477 1
83 133 118 9 1477 1
84 14 137 13 2299 1
85 11 129 14 992 1
86 21 129 14 992 1
87 31 129 14 992 1
88 41 129 14 992 1
89 4 134 7 1272 1
90 8 118 24 1628 1
91 15 118 24 1628 1
92 7 133 13 1234 1
93 3 132 21 3245 1
94 4 137 21 3212 1
95 7 137 21 3212 1
96 11 141 17 2354 1
97 21 141 17 2354 1
98 13 132 15 1671 1
99 4 126 16 1091 1
100 4 133 30 3664 1
101 7 133 30 3664 1
102 10 133 30 3664 1
103 13 133 30 3664 1
104 16 133 30 3664 1
105 19 133 30 3664 1
106 22 133 30 3664 1
107 25 133 30 3664 1
108 7 122 13 2278 1
109 15 127 8 1280 1
110 29 127 8 1280 1
111 43 127 8 1280 1
112 57 127 8 1280 1
113 71 127 8 1280 1
114 85 127 8 1280 1
115 99 127 8 1280 1
116 113 127 8 1280 1
117 127 127 8 1280 1
118 16 122 18 1370 1
119 31 122 18 1370 1
120 46 122 18 1370 1
121 61 122 18 1370 1
122 76 122 18 1370 1
123 91 122 18 1370 1
124 64 110 21 1771 1
125 12 122 21 3413 1
126 23 122 21 3413 1
127 34 122 21 3413 1
128 45 122 21 3413 1
129 56 122 21 3413 1
130 67 122 21 3413 1
131 78 122 21 3413 1
132 89 122 21 3413 1
133 100 122 21 3413 1
134 111 122 21 3413 1
135 122 122 21 3413 1
136 133 122 21 3413 1
137 144 122 21 3413 1
138 155 122 21 3413 1
139 5 141 11 2326 1
140 9 141 11 2326 1
141 13 141 11 2326 1
142 17 141 11 2326 1
143 13 110 12 1015 1
144 19 121 61 8235 1
145 37 121 61 8235 1
146 55 121 61 8235 1
147 73 121 61 8235 1
148 91 121 61 8235 1
149 109 121 61 8235 1
150 127 121 61 8235 1
151 145 121 61 8235 1
152 163 121 61 8235 1
153 181 121 61 8235 1
154 199 121 61 8235 1
155 217 121 61 8235 1
156 235 121 61 8235 1
157 13 137 12 1895 1
158 25 137 12 1895 1
159 17 126 14 1460 1
160 11 122 14 1032 1
161 21 122 14 1032 1
162 31 122 14 1032 1
163 41 122 14 1032 1
164 4 138 13 1534 1
165 12 122 12 895 1
166 23 122 12 895 1
167 34 122 12 895 1
168 3 122 16 2584 1
169 9 132 9 1125 1
170 11 118 29 5007 1
171 21 118 29 5007 1
172 31 118 29 5007 1
173 41 118 29 5007 1
174 51 118 29 5007 1
175 7 110 12 1152 1
176 13 110 12 1152 1
177 19 110 12 1152 1
178 25 110 12 1152 1
179 6 140 22 3982 1
180 12 122 8 1309 1
181 23 122 8 1309 1
182 7 139 32 2912 1
183 10 137 20 2835 1
184 19 137 20 2835 1
185 28 137 20 2835 1
186 37 137 20 2835 1
187 13 122 18 2966 1
188 25 122 18 2966 1
189 15 134 17 2293 1
190 29 134 17 2293 1
191 43 134 17 2293 1
192 57 134 17 2293 1
193 3 141 21 4381 1
194 5 141 21 4381 1
195 7 141 21 4381 1
196 9 141 21 4381 1
197 11 141 21 4381 1
198 55 122 28 5034 1
199 15 141 11 1496 1
200 29 141 11 1496 1
201 43 141 11 1496 1
202 57 141 11 1496 1
203 71 141 11 1496 1
204 85 141 11 1496 1
205 99 141 11 1496 1
206 113 141 11 1496 1
207 127 141 11 1496 1
208 141 141 11 1496 1
209 11 122 12 1814 1
210 3 139 9 1522 1
211 4 118 19 2095 1
212 3 125 9 1646 1
213 17 138 24 4863 1
214 33 138 24 4863 1
215 49 138 24 4863 1
216 65 138 24 4863 1
217 81 138 24 4863 1
218 97 138 24 4863 1
219 113 138 24 4863 1
220 129 138 24 4863 1
221 7 139 8 1637 1
222 13 139 8 1637 1
223 19 139 8 1637 1
224 25 139 8 1637 1
225 3 141 12 1533 1
226 4 134 22 3653 1
227 7 134 22 3653 1
228 10 126 10 1528 1
229 19 126 10 1528 1
230 28 126 10 1528 1
231 37 126 10 1528 1
232 13 134 15 2051 1
233 25 134 15 2051 1
234 7 139 17 1649 1
235 9 126 37 6167 1
236 17 126 37 6167 1
237 25 126 37 6167 1
238 3 139 25 4873 1
239 24 110 11 1528 1
240 11 140 9 1308 1
241 21 140 9 1308 1
242 31 140 9 1308 1
243 5 110 33 2968 1
244 17 126 3 385 1
245 15 118 32 3660 1
246 29 118 32 3660 1
247 17 133 10 1851 1
248 4 110 9 990 1
249 7 110 9 990 1
250 11 121 12 1914 1
251 16 126 15 1773 1
252 31 126 15 1773 1
253 46 126 15 1773 1
254 61 126 15 1773 1
255 76 126 15 1773 1
256 20 110 22 3330 1
257 13 129 5 630 1
258 3 139 20 2080 1
259 5 139 20 2080 1
260 6 138 15 1237 1
261 11 138 15 1237 1
262 19 127 11 1454 1
263 37 127 11 1454 1
264 55 127 11 1454 1
265 73 127 11 1454 1
266 91 127 11 1454 1
267 109 127 11 1454 1
268 127 127 11 1454 1
269 18 127 23 2058 1
270 4 125 9 758 1
271 12 133 9 1056 1
272 23 133 9 1056 1
273 34 133 9 1056 1
274 45 133 9 1056 1
275 4 118 7 528 1
276 13 133 20 2193 1
277 25 133 20 2193 1
278 3 110 20 1843 1
279 12 122 8 830 1
280 7 118 5 437 1
281 13 118 5 437 1
282 19 118 5 437 1
283 25 118 5 437 1
284 12 138 11 1221 1
285 23 138 11 1221 1
286 34 138 11 1221 1
287 45 138 11 1221 1
288 3 118 33 3049 1
289 5 118 33 3049 1
290 5 133 22 4312 1
291 17 134 29 2983 1
292 33 134 29 2983 1
293 49 134 29 2983 1
294 7 141 27 3783 1
295 13 141 27 3783 1
296 19 141 27 3783 1
297 25 141 27 3783 1
298 31 141 27 3783 1
299 37 141 27 3783 1
300 43 141 27 3783 1
301 1 118 9 766 1
302 1 118 9 766 1
303 1 118 9 766 1
304 1 118 9 766 1
305 1 118 9 766 1
306 1 118 9 766 1
307 1 118 9 766 1
308 1 118 9 766 1
309 1 118 9 766 1
310 1 118 9 766 1
311 1 118 9 766 1
312 1 118 9 766 1
313 1 118 9 766 1
314 1 118 9 766 1
315 1 118 9 766 1
316 10 134 18 3185 1
317 19 134 18 3185 1
318 28 134 18 3185 1
319 37 134 18 3185 1
320 46 134 18 3185 1
321 55 134 18 3185 1
322 64 134 18 3185 1
323 18 118 23 2449 1
324 35 118 23 2449 1
325 52 118 23 2449 1
326 69 118 23 2449 1
327 10 137 16 2851 1
328 19 137 16 2851 1
329 28 137 16 2851 1
330 7 133 7 590 1
331 13 133 7 590 1
332 19 133 7 590 1
333 25 133 7 590 1
334 31 133 7 590 1
335 37 133 7 590 1
336 6 137 11 1227 1
337 11 137 11 1227 1
338 12 122 20 3402 1
339 23 122 20 3402 1
340 34 122 20 3402 1
341 15 134 12 2374 1
342 29 134 12 2374 1
343 43 134 12 2374 1
344 57 134 12 2374 1
345 71 134 12 2374 1
346 85 134 12 2374 1
347 12 110 8 690 1
348 23 110 8 690 1
349 5 133 11 1919 1
350 10 110 10 852 1
351 5 133 11 896 1
352 9 133 11 896 1
353 13 133 11 896 1
354 17 133 11 896 1
355 8 126 18 1797 1
356 15 126 18 1797 1
357 22 126 18 1797 1
358 29 126 18 1797 1
359 36 126 18 1797 1
360 43 126 18 1797 1
361 50 126 18 1797 1
362 57 126 18 1797 1
363 64 126 18 1797 1
364 10 133 18 1991 1
365 4 140 20 2676 1
366 7 140 20 2676 1
367 4 134 22 2918 1
368 7 134 22 2918 1
369 10 134 22 2918 1
370 13 134 22 2918 1
371 9 129 16 1845 1
372 10 133 14 2578 1
373 19 133 14 2578 1
374 28 133 14 2578 1
375 37 133 14 2578 1
376 4 110 25 1419 1
377 11 132 8 1299 1
378 21 132 8 1299 1
379 31 132 8 1299 1
380 41 132 8 1299 1
381 51 132 8 1299 1
382 61 132 8 1299 1
383 71 132 8 1299 1
384 10 127 11 784 1
385 12 127 16 2647 1
386 23 127 16 2647 1
387 34 127 16 2647 1
388 45 127 16 2647 1
389 56 127 16 2647 1
390 8 132 16 2317 1
391 12 125 10 1057 1
392 23 125 10 1057 1
393 34 125 10 1057 1
394 45 125 10 1057 1
395 56 125 10 1057 1
396 67 125 10 1057 1
397 78 125 10 1057 1
398 89 125 10 1057 1
399 100 125 10 1057 1
400 111 125 10 1057 1
401 122 125 10 1057 1
402 133 125 10 1057 1
403 144 125 10 1057 1
404 155 125 10 1057 1
405 166 125 10 1057 1
406 177 125 10 1057 1
407 2 121 8 948 1
408 3 121 8 948 1
409 4 121 8 948 1
410 5 121 8 948 1
411 6 121 8 948 1
412 7 121 8 948 1
413 8 121 8 948 1
414 17 122 16 2331 1
415 14 140 35 2763 1
416 27 140 35 2763 1
417 18 137 15 1398 1
418 3 122 45 6109 1
419 8 140 47 5009 1
420 15 140 47 5009 1
421 22 140 47 5009 1
422 29 140 47 5009 1
423 36 140 47 5009 1
424 43 140 47 5009 1
425 50 140 47 5009 1
426 57 140 47 5009 1
427 64 140 47 5009 1
428 71 140 47 5009 1
429 78 140 47 5009 1
430 85 140 47 5009 1
431 12 140 10 1731 1
432 23 140 10 1731 1
433 11 127 15 2286 1
434 21 127 15 2286 1
435 31 127 15 2286 1
436 5 129 27 4042 1
437 6 127 11 1379 1
438 11 127 11 1379 1
439 11 118 22 3728 1
440 21 118 22 3728 1
441 31 118 22 3728 1
442 41 118 22 3728 1
443 51 118 22 3728 1
444 14 139 21 2883 1
445 27 139 21 2883 1
446 40 139 21 2883 1
447 53 139 21 2883 1
448 66 139 21 2883 1
449 79 139 21 2883 1
450 92 139 21 2883 1
451 105 139 21 2883 1
452 9 110 9 1378 1
453 17 110 9 1378 1
454 25 110 9 1378 1
455 12 140 24 1903 1
456 11 118 13 1492 1
457 21 118 13 1492 1
458 31 118 13 1492 1
459 5 139 33 6839 1
460 88 110 18 1687 1
461 4 126 11 1847 1
462 7 126 11 1847 1
463 13 125 11 1105 1
464 25 125 11 1105 1
465 37 125 11 1105 1
466 49 125 11 1105 1
467 12 134 19 2361 1
468 23 134 19 2361 1
469 34 134 19 2361 1
470 45 134 19 2361 1
471 56 134 19 2361 1
472 67 134 19 2361 1
473 78 134 19 2361 1
474 89 134 19 2361 1
475 100 134 19 2361 1
476 15 138 14 1891 1
477 29 138 14 1891 1
478 43 138 14 1891 1
479 13 133 7 986 1
480 25 133 7 986 1
481 37 133 7 986 1
482 49 133 7 986 1
483 61 133 7 986 1
484 73 133 7 986 1
485 85 133 7 986 1
486 97 133 7 986 1
487 109 133 7 986 1
488 7 121 8 1095 1
489 11 110 8 863 1
490 4 129 14 975 1
491 17 137 15 1506 1
492 33 137 15 1506 1
493 49 137 15 1506 1
494 65 137 15 1506 1
495 81 137 15 1506 1
496 97 137 15 1506 1
497 113 137 15 1506 1
498 129 137 15 1506 1
499 145 137 15 1506 1
500 161 137 15 1506 1
501 177 137 15 1506 1
502 193 137 15 1506 1
503 209 137 15 1506 1
504 225 137 15 1506 1
505 3 122 14 1027 1
506 5 118 15 1039 1
507 9 118 15 1039 1
508 13 118 15 1039 1
509 9 132 15 2379 1
510 17 132 15 2379 1
511 25 132 15 2379 1
512 33 132 15 2379 1
513 41 132 15 2379 1
514 3 141 20 3445 1
515 4 134 24 3562 1
516 9 122 10 1505 1
517 17 122 10 1505 1
518 25 122 10 1505 1
519 29 138 4 385 1
520 4 132 16 1131 1
521 16 126 15 2379 1
522 31 126 15 2379 1
523 46 126 15 2379 1
524 9 129 18 2341 1
525 17 129 18 2341 1
526 7 132 11 869 1
527 13 132 11 869 1
528 19 132 11 869 1
529 25 132 11 869 1
530 9 137 16 1903 1
531 17 137 16 1903 1
532 25 137 16 1903 1
533 33 137 16 1903 1
534 41 137 16 1903 1
535 49 137 16 1903 1
536 7 121 6 680 1
537 13 121 6 680 1
538 19 121 6 680 1
539 25 121 6 680 1
540 67 139 19 3236 1
541 8 126 33 4342 1
542 15 126 33 4342 1
543 13 141 7 1109 1
544 14 132 15 2051 1
545 27 132 15 2051 1
546 40 132 15 2051 1
547 53 132 15 2051 1
548 66 132 15 2051 1
549 79 132 15 2051 1
550 3 118 10 743 1
551 12 140 4 516 1
552 23 140 4 516 1
553 34 140 4 516 1
554 45 140 4 516 1
555 56 140 4 516 1
556 67 140 4 516 1
557 5 141 11 1347 1
558 14 138 16 2391 1
559 13 137 23 1660 1
560 25 137 23 1660 1
561 8 118 15 2631 1
562 15 118 15 2631 1
563 22 118 15 2631 1
564 29 118 15 2631 1
565 8 139 12 1162 1
566 15 139 12 1162 1
567 4 133 20 2985 1
568 7 133 20 2985 1
569 10 133 20 2985 1
570 7 129 13 1343 1
571 3 138 25 3592 1
572 5 138 25 3592 1
573 4 134 33 6403 1
574 10 129 18 1944 1
575 19 129 18 1944 1
576 28 129 18 1944 1
577 37 129 18 1944 1
578 46 129 18 1944 1
579 55 129 18 1944 1
580 64 129 18 1944 1
581 5 118 21 3717 1
582 9 118 21 3717 1
583 13 118 21 3717 1
584 14 127 18 1372 1
585 27 127 18 1372 1
586 40 127 18 1372 1
587 53 127 18 1372 1
588 66 127 18 1372 1
589 12 132 14 2092 1
590 43 133 8 1242 1
591 16 138 39 5903 1
592 31 138 39 5903 1
593 46 138 39 5903 1
594 61 138 39 5903 1
595 76 138 39 5903 1
596 5 125 16 2424 1
597 8 134 14 1870 1
598 15 134 14 1870 1
599 22 134 14 1870 1
600 29 134 14 1870 1
601 36 134 14 1870 1
602 43 134 14 1870 1
603 50 134 14 1870 1
604 4 138 21 4096 1
605 7 138 21 4096 1
606 10 138 21 4096 1
607 14 110 13 1732 1
608 27 110 13 1732 1
609 40 110 13 1732 1
610 53 110 13 1732 1
611 66 110 13 1732 1
612 79 110 13 1732 1
613 9 137 16 1966 1
614 11 133 6 826 1
615 21 133 6 826 1
616 31 133 6 826 1
617 41 133 6 826 1
618 51 133 6 826 1
619 61 133 6 826 1
620 7 140 14 2689 1
621 5 133 27 5343 1
622 9 133 27 5343 1
623 13 133 27 5343 1
624 13 137 32 5466 1
625 25 137 32 5466 1
626 37 137 32 5466 1
627 49 137 32 5466 1
628 18 126 8 590 1
629 43 132 9 1615 1
630 4 110 7 1102 1
631 4 140 20 1926 1
632 12 122 11 878 1
633 19 132 13 2129 1
634 37 132 13 2129 1
635 55 132 13 2129 1
636 73 132 13 2129 1
637 91 132 13 2129 1
638 11 141 21 2334 1
639 4 126 11 724 1
640 17 127 18 1376 1
641 33 127 18 1376 1
642 21 140 15 2178 1
643 41 140 15 2178 1
644 61 140 15 2178 1
645 81 140 15 2178 1
646 101 140 15 2178 1
647 121 140 15 2178 1
648 141 140 15 2178 1
649 16 137 8 1388 1
650 31 137 8 1388 1
651 46 137 8 1388 1
652 4 126 17 1075 1
653 7 126 17 1075 1
654 10 126 17 1075 1
655 13 138 10 722 1
656 25 138 10 722 1
657 37 138 10 722 1
658 13 118 11 1197 1
659 25 118 11 1197 1
660 37 118 11 1197 1
661 20 110 5 652 1
662 4 133 27 3597 1
663 5 157 18 3631 1
664 4 149 8 1732 1
665 15 149 13 1447 1
666 4 151 20 4095 1
667 7 151 20 4095 1
668 9 147 24 2928 1
669 13 154 20 2167 1
670 17 157 9 1622 1
671 33 157 9 1622 1
672 17 154 30 5037 1
673 10 149 15 2734 1
674 19 149 15 2734 1
675 9 165 9 1490 1
676 12 166 21 4966 1
677 23 166 21 4966 1
678 34 166 21 4966 1
679 45 166 21 4966 1
680 56 166 21 4966 1
681 16 165 29 5490 1
682 31 165 29 5490 1
683 46 165 29 5490 1
684 61 165 29 5490 1
685 12 165 6 718 1
686 23 165 6 718 1
687 34 165 6 718 1
688 45 165 6 718 1
689 56 165 6 718 1
690 67 165 6 718 1
691 9 160 20 2954 1
692 17 160 20 2954 1
693 25 160 20 2954 1
694 9 147 21 3570 1
695 8 149 8 937 1
696 15 149 8 937 1
697 4 166 17 3980 1
698 15 161 26 4210 1
699 15 165 15 1657 1
700 12 151 7 831 1
701 23 151 7 831 1
702 13 161 8 911 1
703 25 157 24 2175 1
704 4 166 16 2009 1
705 13 147 6 612 1
706 25 147 6 612 1
707 37 147 6 612 1
708 12 160 21 4172 1
709 23 160 21 4172 1
710 13 151 8 657 1
711 12 149 10 1079 1
712 19 165 18 1895 1
713 11 154 39 7290 1
714 21 154 39 7290 1
715 31 154 39 7290 1
716 9 157 16 3305 1
717 15 154 17 2349 1
718 11 158 6 1245 1
719 21 158 6 1245 1
720 9 157 21 1683 1
721 9 166 11 1834 1
722 14 165 15 2322 1
723 8 154 11 1254 1
724 9 165 63 15443 1
725 17 165 63 15443 1
726 14 161 8 1739 1
727 12 151 8 652 1
728 9 149 10 1746 1
729 3 147 12 1070 1
730 5 147 12 1070 1
731 10 154 9 1640 1
732 8 166 16 2023 1
733 15 166 16 2023 1
734 22 166 16 2023 1
735 29 166 16 2023 1
736 15 154 18 2711 1
737 29 154 18 2711 1
738 12 158 42 6318 1
739 3 155 13 2954 1
740 3 147 11 1034 1
741 30 165 25 5384 1
742 12 166 21 4110 1
743 23 166 21 4110 1
744 34 166 21 4110 1
745 45 166 21 4110 1
746 9 147 8 993 1
747 17 147 8 993 1
748 12 157 25 4735 1
749 6 166 16 3894 1
750 24 157 10 2276 1
751 14 166 21 3284 1
752 27 166 21 3284 1
753 40 166 21 3284 1
754 105 160 8 984 1
755 10 157 10 1516 1
756 9 165 14 1496 1
757 17 165 14 1496 1
758 8 154 27 3866 1
759 15 154 27 3866 1
760 9 165 6 1183 1
761 4 154 45 6156 1
762 12 157 27 4181 1
763 10 166 15 3010 1
764 19 166 15 3010 1
765 28 166 15 3010 1
766 37 166 15 3010 1
767 46 166 15 3010 1
768 10 166 11 2423 1
769 3 160 18 2677 1
770 5 160 18 2677 1
771 8 165 18 2327 1
772 10 151 39 4010 1
773 11 147 24 4962 1
774 3 157 9 1861 1
775 5 157 9 1742 1
776 16 151 13 1752 1
777 31 151 13 1752 1
778 3 158 17 2406 1
779 3 166 25 3363 1
780 15 165 22 3947 1
781 29 165 22 3947 1
782 9 160 13 2347 1
783 12 151 13 2218 1
784 23 151 13 2218 1
785 34 151 13 2218 1
786 45 151 13 2218 1
787 12 158 20 4177 1
788 8 157 12 1483 1
789 14 157 15 2549 1
790 27 157 15 2549 1
791 5 157 9 1318 1
792 9 157 9 1318 1
793 3 166 26 3830 1
794 14 158 35 3603 1
795 27 158 35 3603 1
796 40 158 35 3603 1
797 53 158 35 3603 1
798 4 147 16 1914 1
799 13 160 6 875 1
800 10 160 18 3971 1
801 14 161 17 2683 1
802 10 157 14 2943 1
803 13 154 17 2011 1
804 5 158 25 4478 1
805 13 165 93 15386 1
806 109 160 26 5159 1
807 11 166 24 2167 1
808 4 155 18 2470 1
809 3 149 6 929 1
810 17 157 10 2219 1
811 3 149 14 2753 1
812 5 149 14 2753 1
813 3 165 14 1860 1
814 4 157 5 920 1
815 9 165 11 2246 1
816 14 149 21 4437 1
817 27 149 21 4437 1
818 2 160 16 1425 1
819 40 198 10 1193 1
820 13 168 8 1304 1
821 17 183 7 753 1
822 32 188 20 4782 1
823 16 195 15 4053 1
824 10 194 12 1306 1
825 10 169 22 2031 1
826 39 170 22 4054 1
827 13 185 27 6178 1
828 25 185 27 6178 1
829 37 185 27 6178 1
830 49 185 27 6178 1
831 23 194 13 2576 1
832 45 194 13 2576 1
833 16 169 14 1594 1
834 33 168 34 4996 1
835 14 169 23 4950 1
836 13 197 20 2145 1
837 15 188 53 14199 1
838 14 190 10 2062 1
839 27 190 10 2062 1
840 40 190 10 2062 1
841 40 190 41 4236 1
842 42 188 11 2505 1
843 41 190 11 1484 1
844 81 190 11 1484 1
845 121 190 11 1484 1
846 21 185 8 1408 1
847 14 170 26 5880 1
848 16 195 6 1427 1
849 16 190 23 5552 1
850 30 185 25 6261 1
851 22 175 17 4349 1
852 9 178 15 2036 1
853 15 183 19 2549 1
854 15 175 7 966 1
855 29 175 7 966 1
856 43 175 7 966 1
857 57 175 7 966 1
858 23 194 24 4330 1
859 13 197 19 2906 1
860 13 185 18 2174 1
861 15 197 14 1618 1
862 22 175 20 3840 1
863 43 175 20 3840 1
864 23 190 20 2241 1
865 3 169 17 2262 1
866 34 195 12 2748 1
867 30 168 6 1057 1
868 11 194 40 7518 1
869 43 194 55 11393 1
870 16 188 11 2394 1
871 31 188 11 2394 1
872 46 188 11 2394 1
873 61 188 11 2394 1
874 16 194 23 3583 1
875 16 185 23 2867 1
876 3 195 21 4434 1
877 12 185 27 4706 1
878 10 197 29 6893 1
879 14 170 6 1211 1
880 38 169 25 5409 1
881 12 195 36 4515 1
882 23 195 36 4515 1
883 15 197 33 3498 1
884 29 197 33 3498 1
885 16 170 17 3882 1
886 4 183 14 3075 1
887 15 194 22 6249 1
888 31 168 9 1149 1
889 11 197 31 4691 1
890 21 197 31 4691 1
891 11 185 28 5112 1
892 11 185 22 4975 1
893 16 170 21 4269 1
894 31 170 21 4269 1
895 23 197 18 3150 1
896 15 183 21 4565 1
897 29 183 21 4565 1
898 20 178 20 2257 1
899 15 185 18 1990 1
900 38 170 6 1276 1
901 16 190 20 3784 1
902 23 197 16 1653 1
903 45 197 16 1653 1
904 67 197 16 1653 1
905 38 178 15 2740 1
906 15 175 21 4951 1
907 20 197 14 1997 1
908 15 170 14 1469 1
909 14 190 26 5467 1
910 14 198 7 1637 1
911 15 169 12 1201 1
912 29 169 12 1201 1
913 2 188 11 2866 1
914 3 188 11 2866 1
915 34 169 11 2122 1
916 38 211 18 2229 1
917 75 211 18 2229 1
918 112 211 18 2229 1
919 149 211 18 2229 1
920 186 211 18 2229 1
921 223 211 18 2229 1
922 127 210 23 3198 1
923 253 210 23 3198 1
924 51 221 27 8770 1
925 101 221 27 8770 1
926 151 221 27 8770 1
927 201 221 27 8770 1
928 251 221 27 8770 1
929 301 221 27 8770 1
930 351 221 27 8770 1
931 401 221 27 8770 1
932 451 221 27 8770 1
933 501 221 27 8770 1
934 551 221 27 8770 1
935 601 221 27 8770 1
936 651 221 27 8770 1
937 701 221 27 8770 1
938 29 222 20 6043 1
939 57 222 20 6043 1
940 85 222 20 6043 1
941 43 212 16 1856 1
942 31 208 17 2637 1
943 61 208 17 2637 1
944 68 208 21 4115 1
945 33 212 11 1424 1
946 65 212 11 1424 1
947 32 204 19 4944 1
948 63 204 19 4944 1
949 94 204 19 4944 1
950 39 208 8 2268 1
951 77 208 8 2268 1
952 115 208 8 2268 1
953 153 208 8 2268 1
954 191 208 8 2268 1
955 41 204 22 5167 1
956 81 204 22 5167 1
957 121 204 22 5167 1
958 161 204 22 5167 1
959 201 204 22 5167 1
960 241 204 22 5167 1
961 151 222 30 5839 1
962 301 222 30 5839 1
963 16 204 13 2236 1
964 40 211 19 2930 1
965 38 204 18 4967 1
966 32 221 11 2445 1
967 63 221 11 2445 1
968 94 221 11 2445 1
969 40 210 16 4542 1
970 79 210 16 4542 1
971 118 210 16 4542 1
972 157 210 16 4542 1
973 27 210 11 1419 1
974 53 210 11 1419 1
975 79 210 11 1419 1
976 105 210 11 1419 1
977 45 212 20 3808 1
978 89 212 20 3808 1
979 133 212 20 3808 1
980 177 212 20 3808 1
981 221 212 20 3808 1
982 57 228 17 3746 1
983 37 225 17 4345 1
984 73 225 17 4345 1
985 36 230 19 5384 1
986 136 228 16 3371 1
987 36 230 22 3014 1
988 36 230 20 3151 1
989 92 225 22 4525 1
990 183 225 22 4525 1
991 35 225 25 8194 1
992 36 228 30 8180 1
993 37 239 32 8645 1
994 36 239 19 5469 1
995 37 228 21 6005 1
996 95 239 18 6215 1
997 34 225 13 4330 1
998 67 225 13 4330 1
999 40 230 30 5601 1
1000 39 230 24 4996 1
1001 35 225 24 7590 1
1002 69 225 24 7590 1
1003 212 225 14 3287 1
1004 36 230 14 2979 1
1005 35 225 12 1962 1
1006 69 225 12 1962 1
1007 38 228 26 7245 1
1008 37 230 16 5153 1
1009 37 228 14 2122 1
1010 73 228 14 2122 1
1011 108 228 11 3615 1
1012 38 225 26 5133 1
1013 57 225 16 4706 1
1014 55 228 11 2917 1
1015 109 228 11 2917 1
1016 55 230 18 4167 1
1017 36 277 24 4249 1
1018 57 274 20 3219 1
1019 113 274 20 3219 1
1020 169 274 20 3219 1
1021 93 261 16 5882 1
1022 106 264 27 9712 1
1023 93 277 29 7800 1
1024 94 262 26 6882 1
1025 187 262 26 6882 1
1026 106 267 19 2950 1
1027 95 268 27 8647 1
1028 37 266 33 6515 1
1029 38 291 44 9793 1
1030 57 267 42 12266 1
1031 113 267 42 12266 1
1032 169 267 42 12266 1
1033 176 275 24 5031 1
1034 36 299 33 10196 1
1035 36 264 13 2430 1
1036 95 259 30 6211 1
35
400 400 400 400 500 500 600 600 600 600 600 600 600 400 400 400 400 400 230 315 600 450 450 400 400 400 665 725 645 500 500 305 400 400 390 