1036
1 6 99 19 2490 1
2 303 99 53 6955 1
3 20 101 29 1874 1
4 3 101 8 511 1
5 4 99 15 1345 1
6 7 99 15 1345 1
7 10 99 15 1345 1
8 7 101 10 1126 1
9 6 99 19 1264 1
10 11 99 19 1264 1
11 21 101 10 583 1
12 41 101 10 583 1
13 6 99 19 2134 1
14 11 99 19 2134 1
15 3 101 16 1148 1
16 7 101 12 1695 1
17 13 101 12 1695 1
18 16 101 11 828 1
19 31 101 11 828 1
20 4 99 6 724 1
21 7 99 6 724 1
22 10 99 6 724 1
23 13 99 6 724 1
24 4 99 23 2392 1
25 11 99 9 925 1
26 21 99 9 925 1
27 17 101 12 1355 1
28 13 101 10 708 1
29 7 99 18 2194 1
30 21 99 28 3641 1
31 5 99 16 2142 1
32 6 99 7 828 1
33 11 99 7 828 1
34 3 101 21 1746 1
35 5 101 21 1746 1
36 3 99 8 696 1
37 5 99 8 696 1
38 6 99 14 862 1
39 11 99 14 862 1
40 6 137 10 1080 1
41 11 137 10 1080 1
42 16 137 10 1080 1
43 3 118 6 435 1
44 5 118 6 435 1
45 7 118 6 435 1
46 9 118 6 435 1
47 11 118 6 435 1
48 15 138 14 1447 1
49 53 138 11 1808 1
50 3 140 14 2120 1
51 7 140 17 2090 1
52 13 140 17 2090 1
53 6 122 26 2240 1
54 4 127 11 2049 1
55 7 127 11 2049 1
56 10 127 11 2049 1
57 13 127 11 2049 1
58 16 127 11 2049 1
59 19 127 11 2049 1
60 22 127 11 2049 1
61 25 127 11 2049 1
62 28 127 11 2049 1
63 31 127 11 2049 1
64 34 127 11 2049 1
65 37 127 11 2049 1
66 40 127 11 2049 1
67 10 127 13 2427 1
68 19 127 13 2427 1
69 28 127 13 2427 1
70 5 132 24 4340 1
71 4 137 13 2530 1
72 4 126 16 2054 1
73 18 125 27 3761 1
74 5 139 16 1216 1
75 4 110 14 1549 1
76 12 139 39 6364 1
77 23 139 39 6364 1
78 34 139 39 6364 1
79 45 139 39 6364 1
80 56 139 39 6364 1
81 18 118 7 874 1
82 35 118 7 874 1
83 52 118 7 874 1
84 69 118 7 874 1
85 86 118 7 874 1
86 103 118 7 874 1
87 120 118 7 874 1
88 10 133 15 2730 1
89 4 125 18 2782 1
90 12 140 8 1317 1
91 17 137 13 929 1
92 33 137 13 929 1
93 49 137 13 929 1
94 65 137 13 929 1
95 3 141 7 1294 1
96 7 129 12 1403 1
97 13 129 12 1403 1
98 19 129 12 1403 1
99 25 129 12 1403 1
100 31 129 12 1403 1
101 15 133 28 2490 1
102 29 133 28 2490 1
103 43 133 28 2490 1
104 57 133 28 2490 1
105 71 133 28 2490 1
106 85 133 28 2490 1
107 16 138 8 1519 1
108 31 138 8 1519 1
109 3 127 14 2658 1
110 14 140 25 2372 1
111 11 118 17 2655 1
112 21 118 17 2655 1
113 31 118 17 2655 1
114 41 118 17 2655 1
115 51 118 17 2655 1
116 7 137 4 800 1
117 13 137 4 800 1
118 7 141 26 3673 1
119 13 140 54 9120 1
120 25 140 54 9120 1
121 37 140 54 9120 1
122 18 137 36 3069 1
123 35 137 36 3069 1
124 52 137 36 3069 1
125 13 121 12 1308 1
126 25 121 12 1308 1
127 37 121 12 1308 1
128 9 118 9 572 1
129 12 121 7 1212 1
130 17 125 8 933 1
131 33 125 8 933 1
132 49 125 8 933 1
133 65 125 8 933 1
134 21 118 6 699 1
135 41 118 6 699 1
136 11 127 10 1064 1
137 21 127 10 1064 1
138 31 127 10 1064 1
139 41 127 10 1064 1
140 51 127 10 1064 1
141 61 127 10 1064 1
142 14 134 7 1243 1
143 27 134 7 1243 1
144 7 118 49 6788 1
145 13 118 49 6788 1
146 7 137 9 623 1
147 10 118 16 2256 1
148 4 134 5 826 1
149 12 134 20 2112 1
150 5 125 12 941 1
151 4 121 11 1432 1
152 7 121 11 1432 1
153 10 121 11 1432 1
154 16 127 15 2255 1
155 31 127 15 2255 1
156 46 127 15 2255 1
157 61 127 15 2255 1
158 3 127 16 2658 1
159 18 133 17 1957 1
160 35 133 17 1957 1
161 52 133 17 1957 1
162 69 133 17 1957 1
163 10 140 8 1085 1
164 19 140 8 1085 1
165 28 140 8 1085 1
166 37 140 8 1085 1
167 46 140 8 1085 1
168 15 118 18 2870 1
169 14 127 30 2699 1
170 27 127 30 2699 1
171 4 110 13 1936 1
172 3 141 19 2809 1
173 5 141 19 2809 1
174 7 140 36 2776 1
175 13 140 36 2776 1
176 19 140 36 2776 1
177 25 140 36 2776 1
178 21 125 14 1888 1
179 41 125 14 1888 1
180 61 125 14 1888 1
181 16 125 9 1436 1
182 13 134 9 673 1
183 13 133 15 2754 1
184 4 122 24 1589 1
185 7 122 24 1589 1
186 4 122 18 2284 1
187 7 122 18 2284 1
188 9 126 42 6748 1
189 17 126 42 6748 1
190 25 126 42 6748 1
191 10 133 10 687 1
192 19 133 10 687 1
193 28 133 10 687 1
194 37 133 10 687 1
195 46 133 10 687 1
196 55 133 10 687 1
197 64 133 10 687 1
198 73 133 10 687 1
199 82 133 10 687 1
200 91 133 10 687 1
201 100 133 10 687 1
202 109 133 10 687 1
203 13 118 25 3370 1
204 11 141 13 1480 1
205 21 141 13 1480 1
206 31 141 13 1480 1
207 41 141 13 1480 1
208 8 132 4 556 1
209 15 132 4 556 1
210 22 132 4 556 1
211 29 132 4 556 1
212 36 132 4 556 1
213 43 132 4 556 1
214 9 129 24 4294 1
215 17 129 24 4294 1
216 11 140 22 3411 1
217 7 138 26 3896 1
218 13 138 26 3896 1
219 19 138 26 3896 1
220 8 140 23 4394 1
221 4 126 16 2938 1
222 28 129 10 985 1
223 55 129 10 985 1
224 3 137 16 2677 1
225 5 137 16 2677 1
226 7 137 16 2677 1
227 9 137 16 2677 1
228 11 137 16 2677 1
229 12 118 10 1282 1
230 9 129 6 602 1
231 17 129 6 602 1
232 3 110 19 2396 1
233 11 127 7 744 1
234 21 127 7 744 1
235 11 137 11 1922 1
236 3 138 26 4412 1
237 5 138 26 4412 1
238 16 125 17 2291 1
239 31 125 17 2291 1
240 46 125 17 2291 1
241 61 125 17 2291 1
242 76 125 17 2291 1
243 91 125 17 2291 1
244 106 125 17 2291 1
245 121 125 17 2291 1
246 136 125 17 2291 1
247 151 125 17 2291 1
248 166 125 17 2291 1
249 12 126 25 4511 1
250 5 137 9 981 1
251 9 137 9 981 1
252 16 121 25 2050 1
253 96 110 13 1178 1
254 5 122 13 2198 1
255 9 122 13 2198 1
256 6 110 4 581 1
257 11 110 4 581 1
258 13 140 22 3685 1
259 25 140 22 3685 1
260 37 140 22 3685 1
261 49 140 22 3685 1
262 61 140 22 3685 1
263 10 140 18 1332 1
264 19 140 18 1332 1
265 28 140 18 1332 1
266 37 140 18 1332 1
267 46 140 18 1332 1
268 55 140 18 1332 1
269 64 140 18 1332 1
270 73 140 18 1332 1
271 82 140 18 1332 1
272 91 140 18 1332 1
273 3 125 10 1378 1
274 7 137 17 2426 1
275 14 139 12 2270 1
276 27 139 12 2270 1
277 40 139 12 2270 1
278 53 139 12 2270 1
279 66 139 12 2270 1
280 79 139 12 2270 1
281 12 125 21 1864 1
282 23 125 21 1864 1
283 34 125 21 1864 1
284 45 125 21 1864 1
285 13 126 30 2270 1
286 9 132 7 958 1
287 17 132 7 958 1
288 25 132 7 958 1
289 13 140 16 3284 1
290 25 140 16 3284 1
291 37 140 16 3284 1
292 49 140 16 3284 1
293 2 121 13 1932 1
294 3 122 18 2120 1
295 17 126 11 1278 1
296 33 126 11 1278 1
297 10 138 20 3350 1
298 19 138 20 3350 1
299 28 138 20 3350 1
300 16 127 6 541 1
301 14 118 19 3340 1
302 15 132 38 6373 1
303 29 132 38 6373 1
304 16 133 15 1393 1
305 13 126 10 1754 1
306 10 132 15 1169 1
307 19 132 15 1169 1
308 28 132 15 1169 1
309 37 132 15 1169 1
310 46 132 15 1169 1
311 55 132 15 1169 1
312 9 134 11 1574 1
313 4 121 16 2411 1
314 7 121 16 2411 1
315 5 126 15 1336 1
316 17 127 8 1143 1
317 12 138 8 912 1
318 23 138 8 912 1
319 34 138 8 912 1
320 45 138 8 912 1
321 56 138 8 912 1
322 10 134 8 1438 1
323 19 134 8 1438 1
324 6 129 11 1001 1
325 4 133 39 3725 1
326 4 129 11 1813 1
327 16 127 7 1156 1
328 31 127 7 1156 1
329 46 127 7 1156 1
330 61 127 7 1156 1
331 11 141 12 1371 1
332 21 141 12 1371 1
333 31 141 12 1371 1
334 41 141 12 1371 1
335 6 118 12 1595 1
336 11 118 12 1595 1
337 16 118 12 1595 1
338 21 118 12 1595 1
339 3 134 7 1134 1
340 5 134 7 1134 1
341 7 134 7 1134 1
342 9 134 7 1134 1
343 11 134 7 1134 1
344 13 134 7 1134 1
345 15 134 7 1134 1
346 17 134 7 1134 1
347 19 134 7 1134 1
348 21 134 7 1134 1
349 3 137 12 1532 1
350 5 137 12 1532 1
351 11 139 15 3078 1
352 21 139 15 3078 1
353 31 139 15 3078 1
354 41 139 15 3078 1
355 51 139 15 3078 1
356 16 141 11 1406 1
357 31 141 11 1406 1
358 46 141 11 1406 1
359 61 141 11 1406 1
360 76 141 11 1406 1
361 15 137 15 2257 1
362 8 126 34 3137 1
363 15 126 34 3137 1
364 4 122 8 1231 1
365 7 122 8 1231 1
366 59 110 32 3316 1
367 17 139 10 1736 1
368 33 139 10 1736 1
369 8 141 25 1977 1
370 15 141 25 1977 1
371 22 141 25 1977 1
372 29 141 25 1977 1
373 36 141 25 1977 1
374 43 141 25 1977 1
375 18 129 15 2563 1
376 35 129 15 2563 1
377 52 129 15 2563 1
378 69 129 15 2563 1
379 7 141 11 1649 1
380 13 141 11 1649 1
381 14 138 26 3473 1
382 27 138 26 3473 1
383 40 138 26 3473 1
384 7 139 17 2434 1
385 14 129 10 801 1
386 12 126 14 916 1
387 5 129 7 1166 1
388 3 139 29 4153 1
389 4 122 36 2938 1
390 4 134 5 739 1
391 5 137 18 1679 1
392 9 137 18 1679 1
393 13 137 18 1679 1
394 12 138 55 3977 1
395 23 138 55 3977 1
396 34 138 55 3977 1
397 10 118 14 2469 1
398 19 118 14 2469 1
399 28 118 14 2469 1
400 37 118 14 2469 1
401 46 118 14 2469 1
402 55 118 14 2469 1
403 64 118 14 2469 1
404 73 118 14 2469 1
405 82 118 14 2469 1
406 91 118 14 2469 1
407 100 118 14 2469 1
408 11 134 8 1403 1
409 13 141 25 2618 1
410 25 141 25 2618 1
411 37 141 25 2618 1
412 9 125 24 3579 1
413 17 125 24 3579 1
414 25 125 24 3579 1
415 33 125 24 3579 1
416 12 133 5 596 1
417 23 133 5 596 1
418 11 126 13 2011 1
419 4 133 13 2262 1
420 17 121 4 417 1
421 22 118 27 2058 1
422 4 110 9 1128 1
423 7 110 9 1128 1
424 16 121 15 932 1
425 31 121 15 932 1
426 46 121 15 932 1
427 61 121 15 932 1
428 76 121 15 932 1
429 91 121 15 932 1
430 106 121 15 932 1
431 5 133 24 3435 1
432 9 133 24 3435 1
433 11 139 13 1865 1
434 21 139 13 1865 1
435 31 139 13 1865 1
436 54 127 15 994 1
437 4 129 42 3785 1
438 1 129 6 553 1
439 6 132 12 821 1
440 13 129 8 1290 1
441 4 125 14 2273 1
442 7 125 14 2273 1
443 4 126 16 1690 1
444 7 126 16 1690 1
445 12 138 10 1636 1
446 23 138 10 1636 1
447 34 138 10 1636 1
448 45 138 10 1636 1
449 56 138 10 1636 1
450 58 133 12 2119 1
451 13 126 36 2897 1
452 25 126 36 2897 1
453 7 125 10 1839 1
454 13 125 10 1839 1
455 19 125 10 1839 1
456 21 141 9 1585 1
457 41 141 9 1585 1
458 61 141 9 1585 1
459 15 139 14 2853 1
460 29 139 14 2853 1
461 43 139 14 2853 1
462 57 139 14 2853 1
463 71 139 14 2853 1
464 85 139 14 2853 1
465 17 132 15 2437 1
466 33 132 15 2437 1
467 3 140 26 4508 1
468 8 127 7 1274 1
469 15 127 7 1274 1
470 22 127 7 1274 1
471 29 127 7 1274 1
472 7 134 13 1635 1
473 13 134 13 1635 1
474 19 134 13 1635 1
475 10 132 22 3606 1
476 17 134 28 2772 1
477 33 134 28 2772 1
478 49 134 28 2772 1
479 65 134 28 2772 1
480 6 125 15 1456 1
481 11 125 15 1456 1
482 16 125 15 1456 1
483 21 125 15 1456 1
484 26 125 15 1456 1
485 10 132 26 3684 1
486 12 140 8 1289 1
487 6 125 12 1682 1
488 10 121 26 2819 1
489 11 132 23 1971 1
490 21 132 23 1971 1
491 31 132 23 1971 1
492 41 132 23 1971 1
493 51 132 23 1971 1
494 61 132 23 1971 1
495 71 132 23 1971 1
496 4 134 7 1387 1
497 11 118 29 3523 1
498 10 134 12 2029 1
499 19 134 12 2029 1
500 28 134 12 2029 1
501 37 134 12 2029 1
502 46 134 12 2029 1
503 10 134 21 3157 1
504 19 134 21 3157 1
505 28 134 21 3157 1
506 37 134 21 3157 1
507 46 134 21 3157 1
508 55 134 21 3157 1
509 64 134 21 3157 1
510 73 134 21 3157 1
511 4 121 23 2730 1
512 2 141 13 1000 1
513 3 141 13 1000 1
514 4 141 13 1000 1
515 5 141 13 1000 1
516 2 133 6 876 1
517 10 129 5 424 1
518 3 138 10 1647 1
519 5 141 32 4817 1
520 9 141 32 4817 1
521 13 141 32 4817 1
522 17 141 32 4817 1
523 7 118 10 629 1
524 13 118 10 629 1
525 13 125 8 1063 1
526 25 125 8 1063 1
527 5 122 7 818 1
528 14 129 12 1175 1
529 27 129 12 1175 1
530 11 132 8 693 1
531 9 118 5 694 1
532 17 118 5 694 1
533 25 118 5 694 1
534 33 118 5 694 1
535 41 118 5 694 1
536 49 118 5 694 1
537 57 118 5 694 1
538 2 126 18 2920 1
539 3 126 18 2920 1
540 4 126 18 2920 1
541 5 126 18 2920 1
542 6 126 18 2920 1
543 7 126 18 2920 1
544 13 134 11 1354 1
545 25 134 11 1354 1
546 37 134 11 1354 1
547 13 129 23 4000 1
548 25 129 23 4000 1
549 16 132 9 1584 1
550 31 132 9 1584 1
551 4 132 28 5119 1
552 4 110 8 677 1
553 11 139 11 1197 1
554 7 134 44 4523 1
555 13 134 44 4523 1
556 14 134 10 1057 1
557 27 134 10 1057 1
558 6 127 6 591 1
559 3 133 10 1900 1
560 5 133 10 1900 1
561 13 137 17 3381 1
562 6 122 7 450 1
563 11 122 7 450 1
564 16 122 7 450 1
565 13 121 13 1690 1
566 25 121 13 1690 1
567 17 126 8 1270 1
568 17 134 9 1701 1
569 33 134 9 1701 1
570 49 134 9 1701 1
571 4 127 11 797 1
572 16 118 8 1203 1
573 31 118 8 1203 1
574 46 118 8 1203 1
575 61 118 8 1203 1
576 76 118 8 1203 1
577 91 118 8 1203 1
578 13 137 15 3072 1
579 9 132 6 462 1
580 17 132 6 462 1
581 25 132 6 462 1
582 59 137 31 4693 1
583 4 122 7 1267 1
584 7 122 7 1267 1
585 17 138 8 1609 1
586 33 138 8 1609 1
587 49 138 8 1609 1
588 65 138 8 1609 1
589 81 138 8 1609 1
590 97 138 8 1609 1
591 113 138 8 1609 1
592 129 138 8 1609 1
593 145 138 8 1609 1
594 161 138 8 1609 1
595 12 121 27 4208 1
596 23 121 27 4208 1
597 34 121 27 4208 1
598 45 121 27 4208 1
599 56 121 27 4208 1
600 16 122 16 2906 1
601 31 122 16 2906 1
602 3 133 13 1172 1
603 5 133 13 1172 1
604 7 133 13 1172 1
605 14 134 17 2623 1
606 27 134 17 2623 1
607 40 134 17 2623 1
608 53 134 17 2623 1
609 66 134 17 2623 1
610 79 134 17 2623 1
611 92 134 17 2623 1
612 105 134 17 2623 1
613 118 134 17 2623 1
614 131 134 17 2623 1
615 144 134 17 2623 1
616 157 134 17 2623 1
617 15 121 10 902 1
618 29 121 10 902 1
619 43 121 10 902 1
620 57 121 10 902 1
621 71 121 10 902 1
622 85 121 10 902 1
623 99 121 10 902 1
624 113 121 10 902 1
625 127 121 10 902 1
626 3 132 21 2339 1
627 7 132 36 2977 1
628 13 132 36 2977 1
629 8 138 16 2766 1
630 15 138 16 2766 1
631 22 138 16 2766 1
632 29 138 16 2766 1
633 36 138 16 2766 1
634 43 138 16 2766 1
635 3 138 29 4587 1
636 12 139 13 1704 1
637 23 139 13 1704 1
638 34 139 13 1704 1
639 45 139 13 1704 1
640 56 139 13 1704 1
641 67 139 13 1704 1
642 78 139 13 1704 1
643 89 139 13 1704 1
644 100 139 13 1704 1
645 111 139 13 1704 1
646 122 139 13 1704 1
647 133 139 13 1704 1
648 144 139 13 1704 1
649 155 139 13 1704 1
650 166 139 13 1704 1
651 14 134 9 844 1
652 27 134 9 844 1
653 40 134 9 844 1
654 11 125 6 389 1
655 13 133 20 2266 1
656 4 134 23 2568 1
657 3 127 5 423 1
658 3 137 8 1248 1
659 15 118 20 1357 1
660 29 118 20 1357 1
661 43 118 20 1357 1
662 57 118 20 1357 1
663 10 166 10 2136 1
664 15 165 29 6664 1
665 29 165 29 6664 1
666 9 154 19 4171 1
667 4 147 11 1949 1
668 17 165 26 5290 1
669 33 165 26 5290 1
670 49 165 26 5290 1
671 11 147 24 4559 1
672 21 147 24 4559 1
673 14 147 12 1914 1
674 27 147 12 1914 1
675 8 149 15 3065 1
676 10 157 77 13960 1
677 18 166 26 2273 1
678 8 149 12 1009 1
679 15 149 12 1009 1
680 22 149 12 1009 1
681 29 149 12 1009 1
682 1 157 8 1320 1
683 13 166 8 1502 1
684 10 160 31 4842 1
685 11 147 9 1111 1
686 21 147 9 1111 1
687 31 147 9 1111 1
688 15 157 24 5301 1
689 29 157 24 5301 1
690 14 155 10 1166 1
691 4 166 25 5760 1
692 4 166 8 1251 1
693 12 166 24 2171 1
694 12 165 26 4489 1
695 5 151 26 3952 1
696 15 158 19 2746 1
697 29 158 19 2746 1
698 43 158 19 2746 1
699 57 158 19 2746 1
700 14 149 20 3931 1
701 27 149 20 3931 1
702 40 149 20 3931 1
703 16 166 29 6798 1
704 31 166 29 6798 1
705 46 166 29 6798 1
706 61 166 29 6798 1
707 76 166 29 6798 1
708 91 166 29 6798 1
709 13 166 14 1299 1
710 25 166 14 1299 1
711 18 160 14 2488 1
712 21 151 31 3642 1
713 9 149 21 2483 1
714 10 158 21 2084 1
715 19 158 21 2084 1
716 10 154 27 2533 1
717 12 149 14 2406 1
718 8 161 14 2952 1
719 4 147 26 3267 1
720 28 154 23 3079 1
721 13 157 17 3359 1
722 25 157 17 3359 1
723 37 157 17 3359 1
724 49 157 17 3359 1
725 61 157 17 3359 1
726 73 157 17 3359 1
727 85 157 17 3359 1
728 97 157 17 3359 1
729 109 157 17 3359 1
730 8 157 9 911 1
731 2 149 52 8323 1
732 4 147 19 4126 1
733 13 158 38 6078 1
734 25 158 38 6078 1
735 37 158 38 6078 1
736 49 158 38 6078 1
737 61 158 38 6078 1
738 6 166 13 2563 1
739 4 158 8 1894 1
740 14 166 26 3656 1
741 3 158 14 2987 1
742 3 155 14 1290 1
743 10 158 41 7202 1
744 10 161 13 1858 1
745 4 147 38 5647 1
746 7 147 38 5647 1
747 16 158 16 1396 1
748 7 158 38 8619 1
749 10 157 9 1555 1
750 14 151 7 926 1
751 27 151 7 926 1
752 14 149 7 1407 1
753 27 149 7 1407 1
754 4 155 21 3824 1
755 8 165 11 1050 1
756 11 157 23 1918 1
757 9 166 18 4469 1
758 17 166 18 4469 1
759 16 157 16 2317 1
760 31 157 16 2317 1
761 46 157 16 2317 1
762 61 157 16 2317 1
763 76 157 16 2317 1
764 91 157 16 2317 1
765 106 157 16 2317 1
766 121 157 16 2317 1
767 136 157 16 2317 1
768 7 151 8 1237 1
769 8 155 26 3870 1
770 30 157 5 975 1
771 11 158 28 3842 1
772 21 158 28 3842 1
773 16 149 13 2109 1
774 12 155 11 1382 1
775 5 147 18 1587 1
776 4 151 4 693 1
777 7 151 4 693 1
778 20 166 11 2605 1
779 16 147 33 4224 1
780 31 147 33 4224 1
781 46 147 33 4224 1
782 6 147 9 1970 1
783 11 147 9 1970 1
784 9 154 16 2302 1
785 17 154 16 2302 1
786 18 166 15 1343 1
787 35 166 15 1343 1
788 52 166 15 1343 1
789 3 165 33 6425 1
790 13 160 11 1067 1
791 9 161 12 1529 1
792 8 158 9 1224 1
793 15 158 9 1224 1
794 22 158 9 1224 1
795 4 161 33 4201 1
796 7 161 33 4201 1
797 12 161 17 2829 1
798 23 161 17 2829 1
799 13 160 15 1239 1
800 14 154 45 5590 1
801 11 149 15 2366 1
802 21 149 15 2366 1
803 31 149 15 2366 1
804 12 158 6 584 1
805 14 155 6 1172 1
806 14 161 7 1160 1
807 27 161 7 1160 1
808 4 161 48 8914 1
809 11 155 16 3329 1
810 11 166 15 2893 1
811 3 160 30 3690 1
812 5 160 30 3690 1
813 8 165 13 1705 1
814 4 147 26 3268 1
815 14 147 23 4960 1
816 27 147 23 4960 1
817 40 147 23 4960 1
818 53 147 23 4960 1
819 19 197 26 6426 1
820 16 188 26 6513 1
821 13 198 32 8469 1
822 25 198 32 8469 1
823 37 198 32 8469 1
824 21 169 21 2761 1
825 22 184 37 5905 1
826 45 183 35 9028 1
827 15 190 43 4351 1
828 15 168 23 2401 1
829 3 183 15 1410 1
830 67 175 4 583 1
831 16 169 10 1140 1
832 2 190 40 9501 1
833 38 170 23 4120 1
834 75 170 23 4120 1
835 16 185 22 4560 1
836 3 190 31 7342 1
837 15 183 38 7975 1
838 16 188 12 1830 1
839 10 194 61 7971 1
840 19 194 61 7971 1
841 13 169 40 3541 1
842 16 194 39 6702 1
843 11 188 22 4646 1
844 21 188 22 4646 1
845 2 178 20 1945 1
846 40 190 44 6364 1
847 10 198 16 3465 1
848 16 178 17 4341 1
849 11 188 11 2605 1
850 23 184 9 832 1
851 17 188 9 1898 1
852 33 188 9 1898 1
853 39 190 18 4147 1
854 42 184 10 967 1
855 16 197 15 1943 1
856 22 168 12 2979 1
857 22 194 18 3107 1
858 15 184 30 3842 1
859 29 184 30 3842 1
860 22 188 15 1480 1
861 15 168 17 2205 1
862 2 198 29 8091 1
863 44 169 6 1101 1
864 10 195 13 1576 1
865 16 168 21 3341 1
866 34 168 15 3269 1
867 15 190 11 1131 1
868 15 195 21 2101 1
869 13 185 10 1665 1
870 9 197 25 6433 1
871 44 190 30 7332 1
872 13 194 6 1705 1
873 15 194 14 2895 1
874 21 170 24 5806 1
875 10 183 13 2119 1
876 41 185 15 3777 1
877 20 175 16 2675 1
878 43 194 26 2716 1
879 15 195 18 2495 1
880 3 194 17 4588 1
881 21 184 21 5453 1
882 10 188 57 10219 1
883 38 188 13 3279 1
884 3 195 29 4485 1
885 13 184 21 3618 1
886 43 175 33 7363 1
887 72 169 24 5322 1
888 14 169 47 11408 1
889 16 197 21 2916 1
890 41 195 32 4108 1
891 81 195 32 4108 1
892 10 188 6 613 1
893 22 170 49 10185 1
894 39 175 31 5351 1
895 9 185 26 5202 1
896 11 178 24 2866 1
897 36 175 30 5463 1
898 22 194 15 1664 1
899 4 170 47 4363 1
900 15 185 20 3681 1
901 15 195 25 2648 1
902 19 188 20 3722 1
903 15 190 39 6249 1
904 16 195 13 3365 1
905 31 195 13 3365 1
906 46 195 13 3365 1
907 23 170 15 2503 1
908 45 170 15 2503 1
909 67 170 15 2503 1
910 2 175 24 4555 1
911 13 183 22 3181 1
912 11 170 10 1005 1
913 31 195 44 4965 1
914 14 194 13 2416 1
915 36 188 37 4568 1
916 5 207 15 1811 1
917 38 211 16 4111 1
918 75 211 16 4111 1
919 112 211 16 4111 1
920 149 211 16 4111 1
921 186 211 16 4111 1
922 223 211 16 4111 1
923 260 211 16 4111 1
924 297 211 16 4111 1
925 28 207 17 3357 1
926 55 207 17 3357 1
927 32 208 18 2980 1
928 63 208 18 2980 1
929 94 208 18 2980 1
930 125 208 18 2980 1
931 156 208 18 2980 1
932 187 208 18 2980 1
933 33 211 20 3017 1
934 34 208 17 4772 1
935 67 208 17 4772 1
936 100 208 17 4772 1
937 133 208 17 4772 1
938 166 208 17 4772 1
939 110 212 18 4552 1
940 41 211 10 1086 1
941 81 211 10 1086 1
942 121 211 10 1086 1
943 161 211 10 1086 1
944 40 222 12 3759 1
945 36 204 15 3645 1
946 71 204 15 3645 1
947 39 211 22 3115 1
948 77 211 22 3115 1
949 115 211 22 3115 1
950 153 211 22 3115 1
951 191 211 22 3115 1
952 229 211 22 3115 1
953 267 211 22 3115 1
954 305 211 22 3115 1
955 343 211 22 3115 1
956 381 211 22 3115 1
957 419 211 22 3115 1
958 457 211 22 3115 1
959 495 211 22 3115 1
960 533 211 22 3115 1
961 111 204 19 3748 1
962 34 207 22 5446 1
963 46 211 9 2259 1
964 91 211 9 2259 1
965 136 211 9 2259 1
966 181 211 9 2259 1
967 226 211 9 2259 1
968 271 211 9 2259 1
969 316 211 9 2259 1
970 361 211 9 2259 1
971 406 211 9 2259 1
972 37 208 16 3548 1
973 73 208 16 3548 1
974 46 222 30 9444 1
975 91 222 30 9444 1
976 136 222 30 9444 1
977 181 222 30 9444 1
978 226 222 30 9444 1
979 271 222 30 9444 1
980 316 222 30 9444 1
981 35 210 25 5451 1
982 36 228 14 1646 1
983 36 225 13 3523 1
984 38 230 23 3391 1
985 52 225 20 5810 1
986 36 225 22 5401 1
987 58 228 22 4675 1
988 115 228 22 4675 1
989 197 239 18 3777 1
990 36 225 15 2176 1
991 37 228 14 1647 1
992 95 239 22 7695 1
993 189 239 22 7695 1
994 37 225 18 4081 1
995 73 225 18 4081 1
996 37 225 19 2687 1
997 37 230 15 2456 1
998 93 230 17 3574 1
999 185 230 17 3574 1
1000 36 230 28 9652 1
1001 35 230 28 4028 1
1002 57 239 35 10661 1
1003 102 230 22 7303 1
1004 35 239 31 8462 1
1005 119 225 16 2081 1
1006 37 230 21 7061 1
1007 35 228 13 4103 1
1008 54 230 15 5065 1
1009 37 230 24 4847 1
1010 73 230 24 4847 1
1011 33 225 22 6712 1
1012 56 228 15 4645 1
1013 40 230 13 4142 1
1014 56 239 12 2093 1
1015 96 239 14 2887 1
1016 55 239 20 3679 1
1017 94 258 31 4676 1
1018 187 258 31 4676 1
1019 55 294 35 11298 1
1020 59 268 15 2559 1
1021 57 268 22 6062 1
1022 56 262 13 4215 1
1023 107 264 11 3199 1
1024 106 276 29 5681 1
1025 58 275 17 4896 1
1026 115 275 17 4896 1
1027 172 275 17 4896 1
1028 56 275 29 9959 1
1029 111 275 29 9959 1
1030 166 275 29 9959 1
1031 221 275 29 9959 1
1032 147 294 36 7288 1
1033 37 259 23 5236 1
1034 93 278 25 7019 1
1035 57 262 11 1738 1
1036 93 259 28 4856 1
35
400 400 400 400 500 500 600 600 600 600 600 600 600 400 400 400 400 400 230 315 600 450 450 400 400 400 665 725 645 500 500 305 400 400 390 