1036
1 17 99 7 518 1
2 7 101 23 1822 1
3 13 101 23 1822 1
4 4 99 27 1570 1
5 7 99 27 1570 1
6 4 99 35 3917 1
7 7 99 35 3917 1
8 4 101 14 1722 1
9 3 101 11 645 1
10 25 101 14 1338 1
11 49 101 14 1338 1
12 73 101 14 1338 1
13 3 99 19 2390 1
14 5 99 19 2390 1
15 7 99 19 2390 1
16 6 99 9 1307 1
17 11 99 9 1307 1
18 4 99 7 893 1
19 7 99 7 893 1
20 12 99 8 492 1
21 3 99 10 1420 1
22 5 99 10 1420 1
23 3 99 16 1757 1
24 19 101 17 2089 1
25 37 101 17 2089 1
26 20 101 20 2976 1
27 39 101 20 2976 1
28 58 101 20 2976 1
29 77 101 20 2976 1
30 14 101 14 1615 1
31 27 101 14 1615 1
32 21 99 14 1662 1
33 41 99 14 1662 1
34 61 99 14 1662 1
35 6 101 10 641 1
36 25 99 12 1317 1
37 3 101 6 737 1
38 5 101 6 737 1
39 7 101 6 737 1
40 13 132 18 2081 1
41 25 132 18 2081 1
42 37 132 18 2081 1
43 4 133 16 2380 1
44 8 137 12 884 1
45 15 137 12 884 1
46 22 137 12 884 1
47 29 137 12 884 1
48 4 137 22 3344 1
49 21 134 5 418 1
50 41 134 5 418 1
51 61 134 5 418 1
52 81 134 5 418 1
53 4 132 10 705 1
54 2 141 12 2413 1
55 5 133 6 1081 1
56 8 125 17 1937 1
57 15 125 17 1937 1
58 14 122 12 1201 1
59 19 134 13 2042 1
60 8 127 10 1695 1
61 4 118 11 1729 1
62 17 132 6 1021 1
63 9 137 22 1583 1
64 17 137 22 1583 1
65 25 137 22 1583 1
66 33 137 22 1583 1
67 41 137 22 1583 1
68 9 121 20 1558 1
69 17 121 20 1558 1
70 25 121 20 1558 1
71 33 121 20 1558 1
72 41 121 20 1558 1
73 49 121 20 1558 1
74 57 121 20 1558 1
75 65 121 20 1558 1
76 73 121 20 1558 1
77 6 125 15 2365 1
78 11 125 15 2365 1
79 16 125 15 2365 1
80 21 125 15 2365 1
81 26 125 15 2365 1
82 31 125 15 2365 1
83 12 140 16 2591 1
84 23 140 16 2591 1
85 34 140 16 2591 1
86 45 140 16 2591 1
87 56 140 16 2591 1
88 3 132 30 4749 1
89 20 122 57 6681 1
90 2 110 33 5077 1
91 17 121 8 1008 1
92 33 121 8 1008 1
93 49 121 8 1008 1
94 65 121 8 1008 1
95 7 139 18 3410 1
96 13 139 18 3410 1
97 17 140 7 1377 1
98 33 140 7 1377 1
99 49 140 7 1377 1
100 65 140 7 1377 1
101 81 140 7 1377 1
102 15 121 45 4973 1
103 29 121 45 4973 1
104 43 121 45 4973 1
105 57 121 45 4973 1
106 4 121 13 823 1
107 11 122 15 1651 1
108 14 138 30 3148 1
109 5 133 15 2373 1
110 11 125 26 2437 1
111 21 126 12 1317 1
112 41 126 12 1317 1
113 61 126 12 1317 1
114 81 126 12 1317 1
115 10 139 25 4969 1
116 19 139 25 4969 1
117 28 139 25 4969 1
118 37 139 25 4969 1
119 46 139 25 4969 1
120 55 139 25 4969 1
121 64 139 25 4969 1
122 73 139 25 4969 1
123 82 139 25 4969 1
124 91 139 25 4969 1
125 100 139 25 4969 1
126 109 139 25 4969 1
127 12 125 11 1998 1
128 23 125 11 1998 1
129 34 125 11 1998 1
130 45 125 11 1998 1
131 56 125 11 1998 1
132 67 125 11 1998 1
133 78 125 11 1998 1
134 89 125 11 1998 1
135 105 122 10 901 1
136 9 132 19 2590 1
137 17 132 19 2590 1
138 25 132 19 2590 1
139 12 133 9 922 1
140 23 133 9 922 1
141 34 133 9 922 1
142 45 133 9 922 1
143 56 133 9 922 1
144 67 133 9 922 1
145 78 133 9 922 1
146 89 133 9 922 1
147 100 133 9 922 1
148 111 133 9 922 1
149 14 139 11 1464 1
150 27 139 11 1464 1
151 40 139 11 1464 1
152 53 139 11 1464 1
153 66 139 11 1464 1
154 79 139 11 1464 1
155 92 139 11 1464 1
156 105 139 11 1464 1
157 15 127 42 3988 1
158 29 127 42 3988 1
159 43 127 42 3988 1
160 3 140 8 1217 1
161 14 122 11 1304 1
162 27 122 11 1304 1
163 40 122 11 1304 1
164 53 122 11 1304 1
165 66 122 11 1304 1
166 79 122 11 1304 1
167 92 122 11 1304 1
168 105 122 11 1304 1
169 118 122 11 1304 1
170 131 122 11 1304 1
171 144 122 11 1304 1
172 157 122 11 1304 1
173 170 122 11 1304 1
174 183 122 11 1304 1
175 196 122 11 1304 1
176 209 122 11 1304 1
177 222 122 11 1304 1
178 9 137 28 3862 1
179 17 137 28 3862 1
180 25 137 28 3862 1
181 49 134 19 1404 1
182 3 133 8 1051 1
183 10 122 9 808 1
184 19 122 9 808 1
185 28 122 9 808 1
186 4 140 36 7514 1
187 11 129 7 1018 1
188 21 129 7 1018 1
189 31 129 7 1018 1
190 4 126 16 1855 1
191 4 139 13 1794 1
192 7 139 13 1794 1
193 3 126 12 1548 1
194 19 110 16 1487 1
195 9 127 17 1392 1
196 4 121 25 3802 1
197 7 121 25 3802 1
198 4 133 15 2180 1
199 7 133 15 2180 1
200 1 110 3 224 1
201 4 139 6 1175 1
202 11 129 24 2184 1
203 21 129 24 2184 1
204 12 132 18 2210 1
205 23 132 18 2210 1
206 13 132 18 2766 1
207 25 132 18 2766 1
208 6 125 14 2359 1
209 11 125 14 2359 1
210 19 122 9 974 1
211 37 122 9 974 1
212 55 122 9 974 1
213 73 122 9 974 1
214 91 122 9 974 1
215 109 122 9 974 1
216 127 122 9 974 1
217 14 132 13 1719 1
218 27 132 13 1719 1
219 40 132 13 1719 1
220 53 132 13 1719 1
221 66 132 13 1719 1
222 79 132 13 1719 1
223 9 138 29 4269 1
224 17 138 29 4269 1
225 25 138 29 4269 1
226 33 138 29 4269 1
227 3 129 33 5325 1
228 7 122 23 3508 1
229 10 141 8 1427 1
230 19 141 8 1427 1
231 28 141 8 1427 1
232 15 140 22 2263 1
233 29 140 22 2263 1
234 43 140 22 2263 1
235 57 140 22 2263 1
236 71 140 22 2263 1
237 4 139 10 1203 1
238 8 140 17 2569 1
239 15 140 17 2569 1
240 22 140 17 2569 1
241 29 140 17 2569 1
242 36 140 17 2569 1
243 43 140 17 2569 1
244 50 140 17 2569 1
245 16 134 36 5925 1
246 31 134 36 5925 1
247 7 140 12 2463 1
248 13 140 12 2463 1
249 3 121 4 355 1
250 12 139 24 4717 1
251 23 139 24 4717 1
252 34 139 24 4717 1
253 45 139 24 4717 1
254 56 139 24 4717 1
255 67 139 24 4717 1
256 78 139 24 4717 1
257 7 129 6 712 1
258 13 129 6 712 1
259 19 129 6 712 1
260 25 129 6 712 1
261 31 129 6 712 1
262 37 129 6 712 1
263 3 122 13 940 1
264 9 137 38 5409 1
265 9 133 17 3310 1
266 17 133 17 3310 1
267 25 133 17 3310 1
268 33 133 17 3310 1
269 41 133 17 3310 1
270 49 133 17 3310 1
271 57 133 17 3310 1
272 65 133 17 3310 1
273 73 133 17 3310 1
274 81 133 17 3310 1
275 89 133 17 3310 1
276 4 129 17 2537 1
277 7 129 17 2537 1
278 10 129 17 2537 1
279 5 133 8 1592 1
280 9 133 8 1592 1
281 7 118 11 1918 1
282 13 118 11 1918 1
283 19 118 11 1918 1
284 25 118 11 1918 1
285 31 118 11 1918 1
286 37 118 11 1918 1
287 43 118 11 1918 1
288 4 140 7 1120 1
289 7 140 7 1120 1
290 10 140 7 1120 1
291 13 140 7 1120 1
292 16 140 7 1120 1
293 19 140 7 1120 1
294 22 140 7 1120 1
295 14 139 8 681 1
296 8 126 26 2202 1
297 15 126 26 2202 1
298 22 126 26 2202 1
299 29 126 26 2202 1
300 9 118 7 540 1
301 3 138 6 678 1
302 5 138 6 678 1
303 21 140 5 752 1
304 5 133 20 2461 1
305 21 122 24 3967 1
306 11 110 7 418 1
307 15 125 10 1097 1
308 29 125 10 1097 1
309 43 125 10 1097 1
310 57 125 10 1097 1
311 71 125 10 1097 1
312 85 125 10 1097 1
313 99 125 10 1097 1
314 6 132 14 1594 1
315 14 125 25 1801 1
316 27 125 25 1801 1
317 40 125 25 1801 1
318 4 139 26 2013 1
319 7 139 26 2013 1
320 12 134 10 997 1
321 23 134 10 997 1
322 34 134 10 997 1
323 5 118 9 1417 1
324 7 125 30 5017 1
325 13 125 30 5017 1
326 19 125 30 5017 1
327 25 125 30 5017 1
328 31 125 30 5017 1
329 9 122 21 3245 1
330 17 122 21 3245 1
331 7 126 6 717 1
332 13 126 6 717 1
333 19 126 6 717 1
334 25 126 6 717 1
335 9 122 14 2079 1
336 17 122 14 2079 1
337 4 129 12 1147 1
338 18 141 12 1180 1
339 35 141 12 1180 1
340 3 125 7 913 1
341 5 129 28 4104 1
342 9 129 28 4104 1
343 50 129 22 1511 1
344 5 138 20 2717 1
345 5 137 13 1580 1
346 4 122 9 1184 1
347 5 110 10 1188 1
348 8 125 11 1522 1
349 15 125 11 1522 1
350 22 125 11 1522 1
351 29 125 11 1522 1
352 18 121 18 1343 1
353 35 121 18 1343 1
354 52 121 18 1343 1
355 69 121 18 1343 1
356 86 121 18 1343 1
357 103 121 18 1343 1
358 120 121 18 1343 1
359 137 121 18 1343 1
360 14 141 14 1203 1
361 27 141 14 1203 1
362 20 127 18 2169 1
363 39 127 18 2169 1
364 58 127 18 2169 1
365 77 127 18 2169 1
366 96 127 18 2169 1
367 15 140 16 1907 1
368 29 140 16 1907 1
369 43 140 16 1907 1
370 4 141 28 2493 1
371 7 134 16 3104 1
372 13 134 16 3104 1
373 19 134 16 3104 1
374 25 134 16 3104 1
375 31 134 16 3104 1
376 37 134 16 3104 1
377 43 134 16 3104 1
378 49 134 16 3104 1
379 12 121 11 1288 1
380 8 126 12 1306 1
381 15 126 12 1306 1
382 12 127 8 931 1
383 23 127 8 931 1
384 34 127 8 931 1
385 45 127 8 931 1
386 56 127 8 931 1
387 15 132 26 4841 1
388 2 141 41 4449 1
389 3 141 41 4449 1
390 11 140 14 1979 1
391 21 140 14 1979 1
392 31 140 14 1979 1
393 41 140 14 1979 1
394 51 140 14 1979 1
395 61 140 14 1979 1
396 71 140 14 1979 1
397 81 140 14 1979 1
398 91 140 14 1979 1
399 4 138 7 608 1
400 14 129 12 953 1
401 7 121 9 1285 1
402 3 134 6 683 1
403 14 121 18 2603 1
404 27 121 18 2603 1
405 3 121 10 1269 1
406 8 139 9 1636 1
407 15 139 9 1636 1
408 22 139 9 1636 1
409 29 139 9 1636 1
410 36 139 9 1636 1
411 43 139 9 1636 1
412 11 140 14 2185 1
413 21 140 14 2185 1
414 31 140 14 2185 1
415 41 140 14 2185 1
416 6 127 15 1996 1
417 11 127 15 1996 1
418 16 127 15 1996 1
419 21 127 15 1996 1
420 26 127 15 1996 1
421 31 127 15 1996 1
422 36 127 15 1996 1
423 8 137 13 1271 1
424 16 133 21 2000 1
425 9 126 15 2203 1
426 17 126 15 2203 1
427 25 126 15 2203 1
428 9 118 13 1577 1
429 4 132 11 1607 1
430 15 127 64 6486 1
431 29 127 64 6486 1
432 43 127 64 6486 1
433 57 127 64 6486 1
434 4 118 23 2161 1
435 15 129 13 1010 1
436 29 129 13 1010 1
437 43 129 13 1010 1
438 57 129 13 1010 1
439 71 129 13 1010 1
440 85 129 13 1010 1
441 99 129 13 1010 1
442 10 139 9 1771 1
443 19 139 9 1771 1
444 28 139 9 1771 1
445 37 139 9 1771 1
446 46 139 9 1771 1
447 55 139 9 1771 1
448 64 139 9 1771 1
449 3 132 8 1103 1
450 13 138 27 4630 1
451 25 138 27 4630 1
452 3 126 15 1480 1
453 9 121 19 2060 1
454 17 121 19 2060 1
455 9 141 11 1737 1
456 17 141 11 1737 1
457 25 141 11 1737 1
458 33 141 11 1737 1
459 41 141 11 1737 1
460 4 139 31 3675 1
461 5 139 7 1423 1
462 4 132 7 1049 1
463 7 140 38 7812 1
464 13 140 38 7812 1
465 19 140 38 7812 1
466 14 110 9 664 1
467 15 134 17 2191 1
468 29 134 17 2191 1
469 43 134 17 2191 1
470 16 137 22 3751 1
471 31 137 22 3751 1
472 46 137 22 3751 1
473 61 137 22 3751 1
474 76 137 22 3751 1
475 91 137 22 3751 1
476 12 118 6 424 1
477 23 118 6 424 1
478 34 118 6 424 1
479 45 118 6 424 1
480 56 118 6 424 1
481 67 118 6 424 1
482 78 118 6 424 1
483 89 118 6 424 1
484 100 118 6 424 1
485 111 118 6 424 1
486 122 118 6 424 1
487 133 118 6 424 1
488 144 118 6 424 1
489 155 118 6 424 1
490 166 118 6 424 1
491 177 118 6 424 1
492 188 118 6 424 1
493 9 126 31 5258 1
494 4 118 10 1056 1
495 14 138 11 1254 1
496 9 141 30 4467 1
497 7 132 6 539 1
498 13 132 6 539 1
499 19 132 6 539 1
500 25 132 6 539 1
501 10 137 17 2863 1
502 11 138 32 4606 1
503 21 138 32 4606 1
504 31 138 32 4606 1
505 13 122 7 435 1
506 25 122 7 435 1
507 37 122 7 435 1
508 16 125 13 1102 1
509 31 125 13 1102 1
510 46 125 13 1102 1
511 13 126 22 4123 1
512 25 126 22 4123 1
513 37 126 22 4123 1
514 15 122 12 2168 1
515 29 122 12 2168 1
516 43 122 12 2168 1
517 9 118 17 2906 1
518 17 118 17 2906 1
519 8 122 8 1198 1
520 15 122 8 1198 1
521 22 122 8 1198 1
522 29 122 8 1198 1
523 36 122 8 1198 1
524 43 122 8 1198 1
525 50 122 8 1198 1
526 57 122 8 1198 1
527 5 133 9 1759 1
528 3 133 15 1578 1
529 5 133 15 1578 1
530 13 134 11 1879 1
531 25 134 11 1879 1
532 37 134 11 1879 1
533 49 134 11 1879 1
534 14 140 6 1169 1
535 27 140 6 1169 1
536 19 137 17 3028 1
537 37 137 17 3028 1
538 55 137 17 3028 1
539 11 141 27 2501 1
540 21 141 27 2501 1
541 5 134 7 1079 1
542 11 140 11 1144 1
543 21 140 11 1144 1
544 14 122 7 1111 1
545 3 121 16 1950 1
546 1 127 4 653 1
547 1 127 4 653 1
548 1 127 4 653 1
549 9 138 9 1142 1
550 17 138 9 1142 1
551 25 138 9 1142 1
552 33 138 9 1142 1
553 41 138 9 1142 1
554 49 138 9 1142 1
555 57 138 9 1142 1
556 65 138 9 1142 1
557 14 118 22 1974 1
558 27 118 22 1974 1
559 11 134 18 1619 1
560 21 134 18 1619 1
561 4 127 6 408 1
562 11 110 9 1457 1
563 12 132 57 10028 1
564 23 132 57 10028 1
565 34 132 57 10028 1
566 45 132 57 10028 1
567 56 132 57 10028 1
568 11 139 17 1306 1
569 21 139 17 1306 1
570 6 139 10 867 1
571 11 139 10 867 1
572 12 140 16 2965 1
573 23 140 16 2965 1
574 34 140 16 2965 1
575 45 140 16 2965 1
576 56 140 16 2965 1
577 67 140 16 2965 1
578 78 140 16 2965 1
579 89 140 16 2965 1
580 11 138 16 1397 1
581 21 138 16 1397 1
582 31 138 16 1397 1
583 41 138 16 1397 1
584 7 139 19 2005 1
585 13 139 19 2005 1
586 3 139 11 1364 1
587 5 139 8 1216 1
588 11 134 20 3794 1
589 21 134 20 3794 1
590 31 134 20 3794 1
591 19 139 12 1982 1
592 37 139 12 1982 1
593 8 118 14 1863 1
594 4 138 22 1867 1
595 7 138 22 1867 1
596 6 127 13 2081 1
597 11 127 13 2081 1
598 16 127 13 2081 1
599 15 129 8 1362 1
600 4 139 15 2079 1
601 7 139 15 2079 1
602 10 139 15 2079 1
603 13 139 15 2079 1
604 16 139 15 2079 1
605 19 139 15 2079 1
606 22 139 15 2079 1
607 25 139 15 2079 1
608 3 141 14 1093 1
609 4 132 6 733 1
610 7 127 8 1506 1
611 13 127 8 1506 1
612 4 122 25 4241 1
613 15 125 7 454 1
614 29 125 7 454 1
615 43 125 7 454 1
616 57 125 7 454 1
617 71 125 7 454 1
618 85 125 7 454 1
619 99 125 7 454 1
620 113 125 7 454 1
621 127 125 7 454 1
622 141 125 7 454 1
623 155 125 7 454 1
624 169 125 7 454 1
625 183 125 7 454 1
626 197 125 7 454 1
627 211 125 7 454 1
628 225 125 7 454 1
629 6 127 19 3158 1
630 11 127 19 3158 1
631 16 127 19 3158 1
632 5 110 16 1803 1
633 7 139 11 1477 1
634 13 139 11 1477 1
635 19 139 11 1477 1
636 25 139 11 1477 1
637 31 139 11 1477 1
638 37 139 11 1477 1
639 10 137 12 1838 1
640 19 137 12 1838 1
641 3 127 32 5036 1
642 64 137 12 1342 1
643 4 141 11 1776 1
644 4 138 13 1227 1
645 5 140 53 10030 1
646 10 133 3 510 1
647 4 129 11 1081 1
648 16 125 28 3585 1
649 31 125 28 3585 1
650 4 129 29 2379 1
651 3 139 30 4205 1
652 5 139 30 4205 1
653 10 139 9 693 1
654 19 139 9 693 1
655 28 139 9 693 1
656 37 139 9 693 1
657 46 139 9 693 1
658 55 139 9 693 1
659 64 139 9 693 1
660 73 139 9 693 1
661 82 139 9 693 1
662 91 139 9 693 1
663 13 165 7 694 1
664 25 165 7 694 1
665 37 165 7 694 1
666 10 147 19 2044 1
667 19 147 19 2044 1
668 28 147 19 2044 1
669 37 147 19 2044 1
670 3 158 9 1829 1
671 4 154 8 1819 1
672 13 151 31 5916 1
673 25 151 31 5916 1
674 11 160 21 4682 1
675 10 154 15 3084 1
676 4 149 43 5114 1
677 7 149 43 5114 1
678 10 149 43 5114 1
679 9 155 9 1529 1
680 17 155 9 1529 1
681 9 154 18 2049 1
682 17 154 18 2049 1
683 25 154 18 2049 1
684 9 160 15 3404 1
685 9 151 9 1170 1
686 12 155 16 3473 1
687 23 155 16 3473 1
688 9 149 12 2354 1
689 17 149 12 2354 1
690 3 151 17 1360 1
691 19 161 23 3589 1
692 10 154 17 2029 1
693 14 154 35 7878 1
694 27 154 35 7878 1
695 40 154 35 7878 1
696 12 147 12 2096 1
697 12 147 20 4024 1
698 4 147 12 1484 1
699 14 165 15 2992 1
700 12 166 26 5697 1
701 23 166 26 5697 1
702 3 165 27 4445 1
703 8 155 56 12555 1
704 9 157 23 2360 1
705 4 165 26 4567 1
706 13 161 49 5907 1
707 10 165 7 1057 1
708 19 165 7 1057 1
709 8 165 13 2393 1
710 10 154 7 730 1
711 13 151 26 5436 1
712 12 160 13 1437 1
713 4 154 21 3219 1
714 7 154 21 3219 1
715 13 154 8 1545 1
716 13 157 29 3438 1
717 25 157 29 3438 1
718 12 149 18 1604 1
719 13 151 12 2078 1
720 126 158 20 2580 1
721 8 161 20 2198 1
722 4 157 20 3918 1
723 12 160 14 3221 1
724 1 165 46 5378 1
725 4 166 15 1979 1
726 12 160 10 1880 1
727 4 157 31 5337 1
728 14 155 19 3220 1
729 12 151 10 928 1
730 25 157 37 6821 1
731 13 149 27 4535 1
732 25 149 27 4535 1
733 37 149 27 4535 1
734 49 149 27 4535 1
735 61 149 27 4535 1
736 73 149 27 4535 1
737 191 154 20 3601 1
738 4 157 29 4780 1
739 13 166 15 1416 1
740 8 161 21 1907 1
741 8 155 13 1518 1
742 15 155 13 1518 1
743 22 155 13 1518 1
744 29 155 13 1518 1
745 10 151 28 4972 1
746 3 160 18 2695 1
747 14 154 26 3931 1
748 7 154 32 3243 1
749 13 154 32 3243 1
750 9 155 63 12007 1
751 10 149 28 3268 1
752 19 149 28 3268 1
753 28 149 28 3268 1
754 37 149 28 3268 1
755 8 155 15 2261 1
756 7 155 12 1219 1
757 9 160 8 1600 1
758 28 165 11 2643 1
759 9 160 14 2396 1
760 9 154 10 1053 1
761 8 147 19 4187 1
762 13 149 25 4973 1
763 25 149 25 4973 1
764 37 149 25 4973 1
765 49 149 25 4973 1
766 61 149 25 4973 1
767 73 149 25 4973 1
768 16 157 45 6493 1
769 31 157 45 6493 1
770 16 151 17 2298 1
771 9 160 13 1640 1
772 13 161 15 2702 1
773 25 161 15 2702 1
774 5 166 26 3201 1
775 10 154 12 1653 1
776 19 154 12 1653 1
777 28 154 12 1653 1
778 37 154 12 1653 1
779 11 158 24 5676 1
780 13 161 27 3231 1
781 25 161 27 3231 1
782 37 161 27 3231 1
783 14 165 15 1868 1
784 27 165 15 1868 1
785 17 158 10 1903 1
786 33 158 10 1903 1
787 49 158 10 1903 1
788 9 157 18 2897 1
789 17 157 18 2897 1
790 25 157 18 2897 1
791 33 157 18 2897 1
792 41 157 18 2897 1
793 12 166 22 5323 1
794 23 166 22 5323 1
795 9 166 6 1036 1
796 16 166 12 1394 1
797 11 147 16 2364 1
798 21 147 16 2364 1
799 15 154 26 3701 1
800 29 154 26 3701 1
801 24 160 13 1435 1
802 10 147 23 3549 1
803 26 158 21 1988 1
804 14 166 14 2829 1
805 27 166 14 2829 1
806 40 166 14 2829 1
807 53 166 14 2829 1
808 66 166 14 2829 1
809 10 158 19 2319 1
810 19 158 19 2319 1
811 28 158 19 2319 1
812 37 158 19 2319 1
813 8 151 14 1767 1
814 4 160 26 5913 1
815 9 154 13 1588 1
816 14 149 15 3070 1
817 27 149 15 3070 1
818 40 149 15 3070 1
819 14 168 27 3764 1
820 12 183 29 4854 1
821 15 169 16 3471 1
822 39 175 18 2754 1
823 14 175 13 2948 1
824 15 170 14 3009 1
825 29 170 14 3009 1
826 43 170 14 3009 1
827 20 197 29 3596 1
828 15 188 16 2668 1
829 22 198 34 7982 1
830 16 185 64 12660 1
831 42 183 13 2474 1
832 13 178 16 2373 1
833 16 185 15 4150 1
834 10 183 28 6220 1
835 3 178 24 3997 1
836 28 188 33 7254 1
837 10 178 19 2872 1
838 13 195 11 1986 1
839 15 183 25 5504 1
840 22 195 16 2575 1
841 45 197 32 8673 1
842 16 178 14 3663 1
843 15 183 20 2188 1
844 16 178 26 3082 1
845 12 169 21 4104 1
846 16 197 44 10372 1
847 31 197 44 10372 1
848 46 197 44 10372 1
849 15 170 9 1038 1
850 15 190 25 3726 1
851 23 175 32 4119 1
852 34 184 15 2054 1
853 21 198 30 3967 1
854 41 198 30 3967 1
855 15 190 122 30906 1
856 29 190 122 30906 1
857 43 190 122 30906 1
858 14 195 19 4745 1
859 14 169 15 3114 1
860 3 178 11 1565 1
861 15 178 16 2069 1
862 11 190 40 8577 1
863 14 185 14 1797 1
864 13 194 25 3917 1
865 11 194 27 4931 1
866 23 188 12 2337 1
867 16 190 5 964 1
868 86 170 14 3021 1
869 171 170 14 3021 1
870 15 184 26 3305 1
871 24 188 14 3893 1
872 14 168 9 1195 1
873 4 188 10 1495 1
874 33 183 28 3366 1
875 11 175 34 5056 1
876 15 198 25 2655 1
877 11 198 21 5131 1
878 15 194 33 5389 1
879 29 194 33 5389 1
880 43 194 33 5389 1
881 14 190 22 5987 1
882 24 170 18 3821 1
883 47 170 18 3821 1
884 175 170 48 10704 1
885 13 195 24 6120 1
886 16 184 10 1651 1
887 31 184 10 1651 1
888 13 188 19 5070 1
889 14 188 17 3398 1
890 17 190 23 4181 1
891 10 178 17 2872 1
892 13 190 22 3523 1
893 14 178 11 2534 1
894 21 175 7 1806 1
895 23 185 16 4326 1
896 3 168 10 2343 1
897 3 188 13 3207 1
898 17 198 17 2373 1
899 33 198 17 2373 1
900 16 197 53 9745 1
901 16 198 16 3827 1
902 17 197 49 5833 1
903 16 185 8 1668 1
904 31 185 8 1668 1
905 11 197 28 4276 1
906 16 188 36 8313 1
907 31 188 36 8313 1
908 46 188 36 8313 1
909 34 195 18 2651 1
910 14 185 26 3666 1
911 79 170 32 2995 1
912 14 184 12 1893 1
913 15 195 12 3292 1
914 29 195 12 3292 1
915 43 195 12 3292 1
916 122 222 21 5409 1
917 48 208 12 2000 1
918 95 208 12 2000 1
919 142 208 12 2000 1
920 40 212 9 2775 1
921 79 212 9 2775 1
922 118 212 9 2775 1
923 157 212 9 2775 1
924 196 212 9 2775 1
925 235 212 9 2775 1
926 274 212 9 2775 1
927 313 212 9 2775 1
928 352 212 9 2775 1
929 391 212 9 2775 1
930 430 212 9 2775 1
931 469 212 9 2775 1
932 37 212 13 3763 1
933 73 212 13 3763 1
934 109 212 13 3763 1
935 145 212 13 3763 1
936 181 212 13 3763 1
937 217 212 13 3763 1
938 253 212 13 3763 1
939 289 212 13 3763 1
940 325 212 13 3763 1
941 44 211 19 5174 1
942 87 211 19 5174 1
943 130 211 19 5174 1
944 173 211 19 5174 1
945 44 211 16 2525 1
946 87 211 16 2525 1
947 130 211 16 2525 1
948 39 221 20 4693 1
949 77 221 20 4693 1
950 115 221 20 4693 1
951 153 221 20 4693 1
952 191 221 20 4693 1
953 229 221 20 4693 1
954 267 221 20 4693 1
955 305 221 20 4693 1
956 343 221 20 4693 1
957 381 221 20 4693 1
958 419 221 20 4693 1
959 457 221 20 4693 1
960 495 221 20 4693 1
961 533 221 20 4693 1
962 36 221 28 4611 1
963 71 221 28 4611 1
964 106 221 28 4611 1
965 141 221 28 4611 1
966 44 207 18 3951 1
967 87 207 18 3951 1
968 130 207 18 3951 1
969 44 207 24 7028 1
970 87 207 24 7028 1
971 130 207 24 7028 1
972 173 207 24 7028 1
973 36 211 20 6088 1
974 43 207 19 3341 1
975 85 207 19 3341 1
976 127 207 19 3341 1
977 169 207 19 3341 1
978 211 207 19 3341 1
979 253 207 19 3341 1
980 29 208 21 4056 1
981 57 208 21 4056 1
982 39 228 21 4789 1
983 77 228 21 4789 1
984 36 228 24 3096 1
985 103 228 18 4319 1
986 56 228 22 3763 1
987 101 239 16 4586 1
988 201 239 16 4586 1
989 61 230 13 2676 1
990 115 225 12 2325 1
991 37 228 16 5018 1
992 73 228 16 5018 1
993 109 228 16 5018 1
994 38 239 17 3274 1
995 37 228 17 2887 1
996 33 228 17 3440 1
997 97 228 13 3416 1
998 37 239 15 2169 1
999 73 239 15 2169 1
1000 42 228 20 6546 1
1001 94 225 23 6343 1
1002 34 239 20 4948 1
1003 31 225 15 2598 1
1004 37 228 27 3869 1
1005 104 239 20 4523 1
1006 36 239 25 6743 1
1007 71 239 25 6743 1
1008 37 225 22 4942 1
1009 36 228 13 3763 1
1010 36 230 24 5168 1
1011 104 239 18 2933 1
1012 107 225 13 3760 1
1013 37 239 22 4422 1
1014 115 225 23 6217 1
1015 40 230 23 5405 1
1016 53 228 20 5716 1
1017 95 260 21 3240 1
1018 106 261 26 6734 1
1019 93 305 32 5416 1
1020 107 258 25 4256 1
1021 92 255 23 6921 1
1022 162 270 26 6259 1
1023 323 270 26 6259 1
1024 106 274 16 3357 1
1025 56 266 22 8306 1
1026 93 261 20 5828 1
1027 185 261 20 5828 1
1028 91 278 28 4711 1
1029 93 303 34 8218 1
1030 37 275 34 5485 1
1031 63 266 16 5028 1
1032 93 274 15 5756 1
1033 58 274 23 8552 1
1034 93 299 43 13047 1
1035 58 260 20 3841 1
1036 58 282 31 7538 1
35
400 400 400 400 500 500 600 600 600 600 600 600 600 400 400 400 400 400 230 315 600 450 450 400 400 400 665 725 645 500 500 305 400 400 390 