1036
1 14 101 21 1728 1
2 27 101 21 1728 1
3 21 99 12 1419 1
4 4 101 14 1019 1
5 6 101 12 1513 1
6 20 101 13 1913 1
7 39 101 13 1913 1
8 15 101 12 1246 1
9 29 101 12 1246 1
10 4 99 7 875 1
11 7 99 8 502 1
12 4 101 6 887 1
13 7 101 6 887 1
14 10 101 6 887 1
15 6 99 24 2996 1
16 15 99 11 979 1
17 7 101 9 679 1
18 15 99 28 2255 1
19 4 99 21 2751 1
20 3 101 8 980 1
21 14 99 23 3188 1
22 4 101 10 1328 1
23 7 101 10 1328 1
24 10 101 10 1328 1
25 283 99 25 1675 1
26 3 101 25 3282 1
27 7 99 15 1978 1
28 19 99 17 2058 1
29 4 99 9 1173 1
30 7 99 9 1173 1
31 10 99 9 1173 1
32 3 99 7 641 1
33 5 99 7 641 1
34 6 101 6 848 1
35 11 101 6 848 1
36 7 99 13 1772 1
37 3 99 13 1448 1
38 5 99 13 1448 1
39 7 99 13 1448 1
40 23 125 10 1667 1
41 45 125 10 1667 1
42 67 125 10 1667 1
43 89 125 10 1667 1
44 9 133 9 1589 1
45 17 133 9 1589 1
46 7 132 14 2589 1
47 13 132 14 2589 1
48 19 132 14 2589 1
49 25 132 14 2589 1
50 13 138 32 3230 1
51 25 138 32 3230 1
52 37 138 32 3230 1
53 49 138 32 3230 1
54 16 139 11 1100 1
55 31 139 11 1100 1
56 46 139 11 1100 1
57 61 139 11 1100 1
58 76 139 11 1100 1
59 91 139 11 1100 1
60 106 139 11 1100 1
61 121 139 11 1100 1
62 4 122 7 432 1
63 18 126 20 1428 1
64 12 129 6 681 1
65 23 129 6 681 1
66 34 129 6 681 1
67 45 129 6 681 1
68 56 129 6 681 1
69 67 129 6 681 1
70 78 129 6 681 1
71 20 134 23 3873 1
72 39 134 23 3873 1
73 6 141 15 2457 1
74 3 134 19 2266 1
75 3 134 5 806 1
76 15 134 10 1036 1
77 29 134 10 1036 1
78 43 134 10 1036 1
79 12 125 26 2107 1
80 23 125 26 2107 1
81 34 125 26 2107 1
82 9 132 22 3657 1
83 5 133 32 3554 1
84 9 133 32 3554 1
85 3 140 16 2097 1
86 9 129 18 3025 1
87 5 139 7 650 1
88 9 139 7 650 1
89 13 139 7 650 1
90 17 139 7 650 1
91 10 139 6 946 1
92 19 139 6 946 1
93 28 139 6 946 1
94 37 139 6 946 1
95 46 139 6 946 1
96 55 139 6 946 1
97 64 139 6 946 1
98 9 137 12 987 1
99 17 137 12 987 1
100 4 125 20 3094 1
101 19 110 11 713 1
102 37 110 11 713 1
103 55 110 11 713 1
104 73 110 11 713 1
105 91 110 11 713 1
106 109 110 11 713 1
107 3 129 25 4159 1
108 15 141 23 4362 1
109 29 141 23 4362 1
110 43 141 23 4362 1
111 57 141 23 4362 1
112 71 141 23 4362 1
113 85 141 23 4362 1
114 99 141 23 4362 1
115 113 141 23 4362 1
116 127 141 23 4362 1
117 10 140 31 5122 1
118 19 140 31 5122 1
119 28 140 31 5122 1
120 37 140 31 5122 1
121 12 122 34 5474 1
122 23 122 34 5474 1
123 34 122 34 5474 1
124 45 122 34 5474 1
125 56 122 34 5474 1
126 67 122 34 5474 1
127 78 122 34 5474 1
128 89 122 34 5474 1
129 100 122 34 5474 1
130 111 122 34 5474 1
131 16 110 9 1404 1
132 31 110 9 1404 1
133 46 110 9 1404 1
134 5 127 34 3379 1
135 9 127 34 3379 1
136 4 110 10 1601 1
137 5 133 8 1183 1
138 9 133 8 1183 1
139 7 134 9 1657 1
140 13 134 9 1657 1
141 19 134 9 1657 1
142 25 134 9 1657 1
143 31 134 9 1657 1
144 15 134 22 2373 1
145 29 134 22 2373 1
146 43 134 22 2373 1
147 4 141 28 4698 1
148 7 141 28 4698 1
149 10 122 14 2159 1
150 19 122 14 2159 1
151 10 126 18 1913 1
152 3 137 14 965 1
153 5 137 14 965 1
154 7 137 14 965 1
155 9 137 6 811 1
156 17 137 6 811 1
157 25 137 6 811 1
158 7 121 23 3129 1
159 60 139 3 507 1
160 4 110 16 1584 1
161 8 118 10 1075 1
162 14 118 12 1684 1
163 27 118 12 1684 1
164 40 118 12 1684 1
165 53 118 12 1684 1
166 66 118 12 1684 1
167 79 118 12 1684 1
168 92 118 12 1684 1
169 105 118 12 1684 1
170 118 118 12 1684 1
171 131 118 12 1684 1
172 3 122 7 618 1
173 5 122 7 618 1
174 7 122 7 618 1
175 9 122 7 618 1
176 11 122 7 618 1
177 11 129 30 3934 1
178 11 141 9 1692 1
179 21 141 9 1692 1
180 31 141 9 1692 1
181 23 129 34 3064 1
182 12 110 18 1521 1
183 23 110 18 1521 1
184 9 110 25 1551 1
185 17 110 25 1551 1
186 25 110 25 1551 1
187 33 110 25 1551 1
188 41 110 25 1551 1
189 49 110 25 1551 1
190 15 134 9 953 1
191 3 141 15 1907 1
192 5 141 15 1907 1
193 9 132 11 1303 1
194 17 132 11 1303 1
195 25 132 11 1303 1
196 4 134 14 1278 1
197 7 134 14 1278 1
198 10 134 14 1278 1
199 13 134 14 1278 1
200 16 134 14 1278 1
201 19 134 14 1278 1
202 22 134 14 1278 1
203 4 141 26 5366 1
204 13 118 7 437 1
205 4 127 6 628 1
206 10 127 30 5705 1
207 19 127 30 5705 1
208 28 127 30 5705 1
209 17 141 24 3442 1
210 33 141 24 3442 1
211 49 141 24 3442 1
212 65 141 24 3442 1
213 81 141 24 3442 1
214 3 129 16 3052 1
215 4 129 8 865 1
216 7 129 8 865 1
217 10 129 8 865 1
218 5 137 31 4121 1
219 9 137 31 4121 1
220 6 127 5 604 1
221 11 127 5 604 1
222 11 127 9 855 1
223 21 127 9 855 1
224 4 137 8 1095 1
225 7 137 8 1095 1
226 11 139 4 650 1
227 21 139 4 650 1
228 31 139 4 650 1
229 41 139 4 650 1
230 13 125 6 520 1
231 25 125 6 520 1
232 37 125 6 520 1
233 49 125 6 520 1
234 61 125 6 520 1
235 73 125 6 520 1
236 11 133 11 1702 1
237 21 133 11 1702 1
238 31 133 11 1702 1
239 41 133 11 1702 1
240 51 133 11 1702 1
241 61 133 11 1702 1
242 71 133 11 1702 1
243 14 140 13 1357 1
244 27 140 13 1357 1
245 4 127 27 4339 1
246 7 133 8 883 1
247 13 133 8 883 1
248 5 132 28 3391 1
249 9 132 28 3391 1
250 13 132 28 3391 1
251 17 132 28 3391 1
252 14 125 12 2120 1
253 27 125 12 2120 1
254 3 141 16 2509 1
255 13 132 26 3077 1
256 25 132 26 3077 1
257 37 132 26 3077 1
258 49 132 26 3077 1
259 61 132 26 3077 1
260 73 132 26 3077 1
261 85 132 26 3077 1
262 97 132 26 3077 1
263 109 132 26 3077 1
264 121 132 26 3077 1
265 133 132 26 3077 1
266 145 132 26 3077 1
267 157 132 26 3077 1
268 169 132 26 3077 1
269 181 132 26 3077 1
270 193 132 26 3077 1
271 205 132 26 3077 1
272 217 132 26 3077 1
273 12 133 26 4609 1
274 23 133 26 4609 1
275 34 133 26 4609 1
276 45 133 26 4609 1
277 56 133 26 4609 1
278 67 133 26 4609 1
279 11 138 16 2216 1
280 21 138 16 2216 1
281 31 138 16 2216 1
282 9 132 8 1051 1
283 17 132 8 1051 1
284 3 110 12 1397 1
285 12 127 10 1243 1
286 23 127 10 1243 1
287 34 127 10 1243 1
288 45 127 10 1243 1
289 83 110 11 1629 1
290 3 122 15 2623 1
291 3 132 21 3145 1
292 81 140 19 3366 1
293 12 141 11 1056 1
294 17 126 13 1218 1
295 33 126 13 1218 1
296 5 133 14 2713 1
297 4 141 38 5151 1
298 14 122 12 1424 1
299 27 122 12 1424 1
300 40 122 12 1424 1
301 53 122 12 1424 1
302 66 122 12 1424 1
303 79 122 12 1424 1
304 92 122 12 1424 1
305 105 122 12 1424 1
306 15 118 8 499 1
307 29 118 8 499 1
308 19 132 24 1762 1
309 37 132 24 1762 1
310 55 132 24 1762 1
311 73 132 24 1762 1
312 91 132 24 1762 1
313 109 132 24 1762 1
314 7 118 12 2006 1
315 13 118 12 2006 1
316 19 118 12 2006 1
317 25 118 12 2006 1
318 9 126 17 1858 1
319 17 126 17 1858 1
320 25 126 17 1858 1
321 33 126 17 1858 1
322 41 126 17 1858 1
323 49 126 17 1858 1
324 57 126 17 1858 1
325 65 126 17 1858 1
326 73 126 17 1858 1
327 19 134 9 1396 1
328 37 134 9 1396 1
329 4 134 6 450 1
330 7 134 6 450 1
331 10 134 6 450 1
332 13 134 6 450 1
333 4 118 30 4943 1
334 7 118 30 4943 1
335 4 122 10 1116 1
336 9 139 23 4758 1
337 1 127 11 1674 1
338 1 127 11 1674 1
339 14 118 14 2391 1
340 9 129 17 2449 1
341 16 134 21 4095 1
342 31 134 21 4095 1
343 46 134 21 4095 1
344 4 122 23 1653 1
345 10 141 5 481 1
346 19 141 5 481 1
347 28 141 5 481 1
348 37 141 5 481 1
349 46 141 5 481 1
350 55 141 5 481 1
351 64 141 5 481 1
352 6 129 16 3081 1
353 53 126 6 955 1
354 18 121 10 1499 1
355 7 133 25 4007 1
356 3 134 21 2057 1
357 5 134 21 2057 1
358 7 134 21 2057 1
359 14 127 7 854 1
360 27 127 7 854 1
361 40 127 7 854 1
362 11 129 18 2735 1
363 21 129 18 2735 1
364 4 118 5 733 1
365 14 122 18 2837 1
366 27 122 18 2837 1
367 40 122 18 2837 1
368 53 122 18 2837 1
369 66 122 18 2837 1
370 79 122 18 2837 1
371 92 122 18 2837 1
372 13 134 20 2906 1
373 3 127 7 714 1
374 8 134 51 8843 1
375 17 122 8 1037 1
376 33 122 8 1037 1
377 49 122 8 1037 1
378 5 126 22 2435 1
379 5 139 7 1220 1
380 10 126 14 1492 1
381 15 141 10 1287 1
382 4 122 51 7643 1
383 7 122 51 7643 1
384 14 132 15 2896 1
385 27 132 15 2896 1
386 40 132 15 2896 1
387 53 132 15 2896 1
388 8 118 10 1205 1
389 15 118 10 1205 1
390 22 118 10 1205 1
391 3 127 5 920 1
392 8 138 13 1723 1
393 9 139 22 2439 1
394 11 129 25 3243 1
395 2 132 9 1447 1
396 3 132 9 1447 1
397 3 138 11 2069 1
398 22 140 5 830 1
399 10 127 9 1664 1
400 8 127 9 591 1
401 15 127 9 591 1
402 3 118 18 2806 1
403 8 137 33 5313 1
404 8 140 10 1163 1
405 15 140 10 1163 1
406 22 140 10 1163 1
407 29 140 10 1163 1
408 36 140 10 1163 1
409 43 140 10 1163 1
410 11 122 19 2521 1
411 21 122 19 2521 1
412 8 126 9 1635 1
413 15 126 9 1635 1
414 22 126 9 1635 1
415 17 127 16 2799 1
416 33 127 16 2799 1
417 49 127 16 2799 1
418 65 127 16 2799 1
419 8 140 14 2320 1
420 15 140 14 2320 1
421 22 140 14 2320 1
422 29 140 14 2320 1
423 13 127 6 982 1
424 15 137 19 3589 1
425 29 137 19 3589 1
426 43 137 19 3589 1
427 57 137 19 3589 1
428 15 110 24 3943 1
429 29 110 24 3943 1
430 36 139 11 1279 1
431 9 140 15 2834 1
432 17 140 15 2834 1
433 25 140 15 2834 1
434 33 140 15 2834 1
435 41 140 15 2834 1
436 13 133 9 1530 1
437 25 133 9 1530 1
438 13 110 16 1085 1
439 25 110 16 1085 1
440 37 110 16 1085 1
441 3 139 21 4376 1
442 5 139 21 4376 1
443 7 139 21 4376 1
444 9 139 21 4376 1
445 3 132 30 5914 1
446 5 132 30 5914 1
447 7 132 30 5914 1
448 9 132 30 5914 1
449 11 132 30 5914 1
450 13 132 30 5914 1
451 15 132 30 5914 1
452 17 132 30 5914 1
453 19 132 30 5914 1
454 3 110 10 1624 1
455 5 137 6 937 1
456 11 118 6 425 1
457 21 118 6 425 1
458 31 118 6 425 1
459 11 134 11 1676 1
460 21 134 11 1676 1
461 31 134 11 1676 1
462 41 134 11 1676 1
463 51 134 11 1676 1
464 61 134 11 1676 1
465 71 134 11 1676 1
466 81 134 11 1676 1
467 91 134 11 1676 1
468 3 121 22 1360 1
469 5 121 22 1360 1
470 3 122 15 1171 1
471 5 137 12 2186 1
472 4 141 10 1637 1
473 7 141 10 1637 1
474 10 141 10 1637 1
475 4 126 7 701 1
476 59 132 12 1913 1
477 5 110 12 1083 1
478 2 133 7 1259 1
479 3 133 7 1259 1
480 4 121 19 2350 1
481 11 126 14 1754 1
482 21 126 14 1754 1
483 31 126 14 1754 1
484 41 126 14 1754 1
485 51 126 14 1754 1
486 61 126 14 1754 1
487 71 126 14 1754 1
488 6 127 15 1446 1
489 10 127 15 1236 1
490 19 127 15 1236 1
491 28 127 15 1236 1
492 37 127 15 1236 1
493 9 139 25 3395 1
494 17 139 25 3395 1
495 25 139 25 3395 1
496 33 139 25 3395 1
497 41 139 25 3395 1
498 49 139 25 3395 1
499 57 139 25 3395 1
500 65 139 25 3395 1
501 4 127 14 1329 1
502 7 127 14 1329 1
503 3 121 36 5528 1
504 5 121 36 5528 1
505 8 121 8 1077 1
506 3 127 49 3551 1
507 4 134 13 2367 1
508 16 132 9 992 1
509 14 134 26 5015 1
510 27 134 26 5015 1
511 4 129 11 2011 1
512 3 121 11 1291 1
513 3 118 7 783 1
514 17 133 4 517 1
515 10 110 10 1044 1
516 19 110 10 1044 1
517 6 110 19 2283 1
518 9 125 18 2748 1
519 17 125 18 2748 1
520 25 125 18 2748 1
521 33 125 18 2748 1
522 41 125 18 2748 1
523 49 125 18 2748 1
524 57 125 18 2748 1
525 3 139 25 3731 1
526 10 122 8 719 1
527 4 125 7 450 1
528 10 122 30 5127 1
529 2 133 25 3548 1
530 3 133 25 3548 1
531 4 133 25 3548 1
532 5 133 25 3548 1
533 6 133 25 3548 1
534 7 133 25 3548 1
535 8 133 25 3548 1
536 9 133 25 3548 1
537 10 133 25 3548 1
538 11 133 25 3548 1
539 58 134 44 5098 1
540 11 137 25 4898 1
541 21 122 32 5836 1
542 41 122 32 5836 1
543 61 122 32 5836 1
544 81 122 32 5836 1
545 101 122 32 5836 1
546 121 122 32 5836 1
547 141 122 32 5836 1
548 161 122 32 5836 1
549 181 122 32 5836 1
550 30 137 28 4375 1
551 21 141 40 8062 1
552 41 141 40 8062 1
553 61 141 40 8062 1
554 10 126 14 1680 1
555 14 134 7 510 1
556 5 127 4 722 1
557 9 127 4 722 1
558 8 132 12 807 1
559 4 133 12 1612 1
560 7 118 26 2989 1
561 13 118 26 2989 1
562 19 118 26 2989 1
563 18 141 33 4051 1
564 35 141 33 4051 1
565 4 140 19 2099 1
566 3 129 33 3990 1
567 4 127 18 3223 1
568 7 127 18 3223 1
569 13 110 6 942 1
570 25 110 6 942 1
571 37 110 6 942 1
572 21 122 6 630 1
573 41 122 6 630 1
574 61 122 6 630 1
575 4 138 62 5845 1
576 7 138 62 5845 1
577 10 138 62 5845 1
578 13 138 62 5845 1
579 5 122 10 1116 1
580 4 133 6 862 1
581 9 139 12 1131 1
582 11 110 15 1124 1
583 21 110 15 1124 1
584 31 110 15 1124 1
585 6 139 21 2142 1
586 3 139 4 541 1
587 5 139 4 541 1
588 2 110 3 289 1
589 3 110 3 289 1
590 4 110 3 289 1
591 5 110 3 289 1
592 6 110 3 289 1
593 18 139 8 1635 1
594 35 139 8 1635 1
595 52 139 8 1635 1
596 69 139 8 1635 1
597 86 139 8 1635 1
598 103 139 8 1635 1
599 120 139 8 1635 1
600 137 139 8 1635 1
601 154 139 8 1635 1
602 171 139 8 1635 1
603 9 137 7 1409 1
604 17 137 7 1409 1
605 25 137 7 1409 1
606 10 121 5 809 1
607 19 121 5 809 1
608 28 121 5 809 1
609 37 121 5 809 1
610 46 121 5 809 1
611 55 121 5 809 1
612 64 121 5 809 1
613 73 121 5 809 1
614 11 121 24 3267 1
615 21 121 24 3267 1
616 4 137 38 5554 1
617 11 134 24 1716 1
618 21 134 24 1716 1
619 5 126 10 1139 1
620 9 126 10 1139 1
621 13 126 10 1139 1
622 12 110 17 1232 1
623 23 110 17 1232 1
624 34 110 17 1232 1
625 45 110 17 1232 1
626 5 137 22 4268 1
627 10 133 9 1472 1
628 19 133 9 1472 1
629 28 133 9 1472 1
630 37 133 9 1472 1
631 12 133 34 3197 1
632 23 133 34 3197 1
633 34 133 34 3197 1
634 45 133 34 3197 1
635 15 140 30 5147 1
636 4 133 35 3554 1
637 13 132 26 4346 1
638 25 132 26 4346 1
639 37 132 26 4346 1
640 49 132 26 4346 1
641 61 132 26 4346 1
642 3 118 13 1315 1
643 4 134 31 5981 1
644 4 121 18 3254 1
645 3 121 12 2059 1
646 10 126 11 1715 1
647 19 126 11 1715 1
648 5 122 8 919 1
649 9 122 8 919 1
650 13 122 8 919 1
651 17 122 8 919 1
652 21 122 8 919 1
653 25 122 8 919 1
654 29 122 8 919 1
655 14 139 13 2097 1
656 27 139 13 2097 1
657 3 137 52 7456 1
658 5 137 52 7456 1
659 8 126 14 934 1
660 15 126 14 934 1
661 22 126 14 934 1
662 11 139 34 3498 1
663 14 151 26 5169 1
664 13 161 22 4721 1
665 12 147 48 7175 1
666 23 147 48 7175 1
667 10 154 20 2603 1
668 9 161 9 1240 1
669 17 161 9 1240 1
670 3 160 8 1051 1
671 31 166 16 1773 1
672 11 155 21 3745 1
673 12 166 24 4581 1
674 23 166 24 4581 1
675 11 155 25 2094 1
676 21 155 25 2094 1
677 7 147 9 1872 1
678 11 154 22 3755 1
679 21 154 22 3755 1
680 8 155 9 1203 1
681 9 147 22 2145 1
682 17 147 22 2145 1
683 25 147 22 2145 1
684 16 166 16 1957 1
685 31 166 16 1957 1
686 8 151 11 1410 1
687 15 151 11 1410 1
688 10 165 18 2662 1
689 19 165 18 2662 1
690 28 165 18 2662 1
691 37 165 18 2662 1
692 46 165 18 2662 1
693 55 165 18 2662 1
694 64 165 18 2662 1
695 73 165 18 2662 1
696 82 165 18 2662 1
697 91 165 18 2662 1
698 13 151 15 3077 1
699 25 151 15 3077 1
700 37 151 15 3077 1
701 49 151 15 3077 1
702 61 151 15 3077 1
703 73 151 15 3077 1
704 8 160 28 3181 1
705 15 160 28 3181 1
706 22 160 28 3181 1
707 7 161 10 2056 1
708 9 147 11 1262 1
709 14 165 18 2019 1
710 3 166 14 1697 1
711 5 166 14 1697 1
712 13 166 16 3277 1
713 25 166 16 3277 1
714 37 166 16 3277 1
715 15 149 6 591 1
716 5 166 16 2085 1
717 10 165 24 5725 1
718 26 157 35 3464 1
719 16 160 19 2381 1
720 8 149 20 4227 1
721 3 157 11 2225 1
722 6 154 16 2603 1
723 11 154 16 2603 1
724 10 165 20 4413 1
725 9 161 10 1262 1
726 17 161 10 1262 1
727 3 151 45 7805 1
728 13 158 7 831 1
729 11 154 9 1761 1
730 3 161 44 5116 1
731 4 157 19 3584 1
732 11 158 11 1649 1
733 21 158 11 1649 1
734 31 158 11 1649 1
735 14 161 31 6289 1
736 27 161 31 6289 1
737 11 151 11 1842 1
738 12 157 11 2365 1
739 23 157 11 2365 1
740 34 157 11 2365 1
741 8 155 13 1248 1
742 9 151 14 2676 1
743 11 157 7 1123 1
744 11 161 24 4904 1
745 7 155 10 1688 1
746 3 161 6 496 1
747 5 161 6 496 1
748 11 158 23 3212 1
749 10 155 8 1691 1
750 19 155 8 1691 1
751 14 160 27 2437 1
752 27 160 27 2437 1
753 40 160 27 2437 1
754 53 160 27 2437 1
755 66 160 27 2437 1
756 79 160 27 2437 1
757 92 160 27 2437 1
758 105 160 27 2437 1
759 118 160 27 2437 1
760 8 165 33 5071 1
761 15 165 33 5071 1
762 22 165 33 5071 1
763 11 154 21 4364 1
764 22 149 10 860 1
765 15 149 24 4999 1
766 29 149 24 4999 1
767 43 149 24 4999 1
768 15 160 59 12867 1
769 29 160 59 12867 1
770 43 160 59 12867 1
771 14 149 30 5374 1
772 5 161 9 1600 1
773 4 154 15 2210 1
774 7 154 15 2210 1
775 12 157 10 951 1
776 3 154 14 2326 1
777 12 157 8 764 1
778 23 157 8 764 1
779 13 166 15 2992 1
780 13 161 14 1175 1
781 8 165 37 6673 1
782 15 165 37 6673 1
783 22 165 37 6673 1
784 29 165 37 6673 1
785 36 165 37 6673 1
786 43 165 37 6673 1
787 50 165 37 6673 1
788 57 165 37 6673 1
789 10 166 15 3201 1
790 21 166 29 3405 1
791 15 151 11 1955 1
792 29 151 11 1955 1
793 43 151 11 1955 1
794 57 151 11 1955 1
795 15 158 20 1634 1
796 29 158 20 1634 1
797 12 160 19 1559 1
798 9 157 16 3205 1
799 8 154 51 6013 1
800 12 165 8 1545 1
801 23 165 8 1545 1
802 34 165 8 1545 1
803 3 158 16 2653 1
804 5 158 16 2653 1
805 4 154 35 3326 1
806 7 157 8 1462 1
807 13 157 8 1462 1
808 12 160 18 3512 1
809 3 151 25 4722 1
810 9 166 16 2065 1
811 17 166 16 2065 1
812 10 157 15 2006 1
813 19 157 15 2006 1
814 28 157 15 2006 1
815 24 158 35 8106 1
816 3 160 21 3747 1
817 10 149 21 3223 1
818 19 149 21 3223 1
819 16 178 5 540 1
820 30 188 10 1907 1
821 3 185 30 6539 1
822 15 175 15 3702 1
823 15 195 44 5116 1
824 273 185 15 1456 1
825 32 175 10 1633 1
826 13 198 22 3166 1
827 14 183 13 1582 1
828 27 183 13 1582 1
829 3 185 12 1843 1
830 112 168 14 2657 1
831 14 183 30 3550 1
832 15 170 10 1313 1
833 29 170 10 1313 1
834 43 170 10 1313 1
835 16 183 21 2272 1
836 14 178 48 5378 1
837 34 175 19 2271 1
838 17 197 10 2111 1
839 33 197 24 4137 1
840 49 197 26 7216 1
841 14 190 15 3156 1
842 3 198 27 6255 1
843 22 198 26 7227 1
844 15 183 30 5051 1
845 29 183 30 5051 1
846 4 169 8 761 1
847 21 183 15 3209 1
848 15 195 35 4101 1
849 29 195 35 4101 1
850 15 194 29 4425 1
851 30 188 11 1557 1
852 17 169 13 3083 1
853 33 169 13 3083 1
854 14 195 18 4403 1
855 111 198 27 4177 1
856 23 175 14 2678 1
857 12 198 13 3735 1
858 22 195 16 3201 1
859 17 169 17 3128 1
860 12 198 10 2537 1
861 45 198 14 1739 1
862 35 184 22 5966 1
863 46 198 9 955 1
864 91 198 9 955 1
865 4 170 23 3191 1
866 13 198 73 9997 1
867 16 190 8 1004 1
868 31 190 8 1004 1
869 46 190 8 1004 1
870 21 185 26 5307 1
871 11 188 9 1298 1
872 169 175 50 11443 1
873 22 175 30 4572 1
874 23 169 12 1171 1
875 17 175 16 1773 1
876 181 195 15 3606 1
877 13 168 7 1142 1
878 13 194 91 10638 1
879 16 175 14 2244 1
880 10 195 20 4456 1
881 19 195 20 4456 1
882 147 175 25 3659 1
883 23 190 17 3103 1
884 12 168 12 2407 1
885 10 175 22 2074 1
886 3 195 18 3122 1
887 3 197 21 5674 1
888 15 175 26 2676 1
889 29 175 26 2676 1
890 16 188 17 2054 1
891 3 169 39 7771 1
892 24 185 19 3404 1
893 11 188 11 1980 1
894 14 183 25 3444 1
895 3 195 75 17713 1
896 25 194 30 8409 1
897 32 185 27 4792 1
898 23 198 23 4881 1
899 45 198 23 4881 1
900 67 198 23 4881 1
901 89 198 23 4881 1
902 130 184 12 3076 1
903 3 195 22 6008 1
904 3 183 9 1711 1
905 3 195 24 5960 1
906 24 175 29 3877 1
907 15 175 9 2345 1
908 16 194 34 3922 1
909 16 197 42 8110 1
910 31 169 10 1682 1
911 72 170 21 2607 1
912 14 185 22 5014 1
913 15 195 21 4349 1
914 16 183 43 11725 1
915 10 197 23 6393 1
916 34 204 15 4170 1
917 67 204 15 4170 1
918 100 204 15 4170 1
919 37 207 19 3583 1
920 200 208 13 3265 1
921 399 208 13 3265 1
922 45 207 17 5278 1
923 34 204 17 4135 1
924 67 204 17 4135 1
925 34 204 8 2442 1
926 44 207 20 2345 1
927 36 211 20 4681 1
928 71 211 20 4681 1
929 106 211 20 4681 1
930 98 212 28 5979 1
931 36 208 23 4611 1
932 71 208 23 4611 1
933 106 208 23 4611 1
934 141 208 23 4611 1
935 176 208 23 4611 1
936 211 208 23 4611 1
937 246 208 23 4611 1
938 281 208 23 4611 1
939 55 212 30 4104 1
940 48 207 25 6870 1
941 95 207 25 6870 1
942 142 207 25 6870 1
943 189 207 25 6870 1
944 236 207 25 6870 1
945 283 207 25 6870 1
946 330 207 25 6870 1
947 34 207 26 4865 1
948 67 207 26 4865 1
949 30 208 6 1118 1
950 43 212 10 2131 1
951 77 222 35 4688 1
952 153 222 35 4688 1
953 38 207 21 5638 1
954 40 210 29 5424 1
955 79 210 29 5424 1
956 35 207 21 3773 1
957 69 207 21 3773 1
958 103 207 21 3773 1
959 137 207 21 3773 1
960 171 207 21 3773 1
961 205 207 21 3773 1
962 239 207 21 3773 1
963 273 207 21 3773 1
964 46 207 17 2733 1
965 91 207 17 2733 1
966 136 207 17 2733 1
967 181 207 17 2733 1
968 226 207 17 2733 1
969 271 207 17 2733 1
970 316 207 17 2733 1
971 361 207 17 2733 1
972 406 207 17 2733 1
973 39 204 41 5440 1
974 77 204 41 5440 1
975 115 204 41 5440 1
976 47 207 25 4417 1
977 93 207 25 4417 1
978 139 207 25 4417 1
979 185 207 25 4417 1
980 231 207 25 4417 1
981 39 204 10 2736 1
982 95 239 17 4067 1
983 64 225 18 3814 1
984 127 225 18 3814 1
985 36 225 15 3688 1
986 37 225 18 2109 1
987 73 225 18 2109 1
988 37 239 17 4591 1
989 36 239 18 2912 1
990 71 239 18 2912 1
991 106 239 18 2912 1
992 35 228 16 2133 1
993 69 228 16 2133 1
994 35 230 33 9320 1
995 32 230 23 7744 1
996 37 225 17 5193 1
997 37 225 18 4510 1
998 73 225 18 4510 1
999 36 225 26 5819 1
1000 71 225 26 5819 1
1001 52 228 9 2402 1
1002 40 228 20 6552 1
1003 37 225 18 5868 1
1004 73 225 18 5868 1
1005 111 239 25 3045 1
1006 39 239 17 5592 1
1007 40 230 23 2987 1
1008 37 228 18 2740 1
1009 36 228 19 2494 1
1010 38 239 15 3753 1
1011 96 225 17 5527 1
1012 37 228 23 3397 1
1013 54 228 18 4328 1
1014 37 225 18 5438 1
1015 36 228 19 5288 1
1016 71 228 19 5288 1
1017 36 305 35 13859 1
1018 107 278 25 7859 1
1019 106 262 21 3050 1
1020 211 262 21 3050 1
1021 107 264 25 4821 1
1022 92 294 19 4851 1
1023 58 275 29 11540 1
1024 115 275 29 11540 1
1025 37 262 13 4296 1
1026 73 262 13 4296 1
1027 105 294 24 7673 1
1028 37 278 17 3706 1
1029 55 262 17 2611 1
1030 57 305 14 6178 1
1031 92 264 19 6158 1
1032 183 264 19 6158 1
1033 182 264 13 3812 1
1034 96 255 15 5228 1
1035 36 270 13 4996 1
1036 93 255 19 2448 1
35
400 400 400 400 500 500 600 600 600 600 600 600 600 400 400 400 400 400 230 315 600 450 450 400 400 400 665 725 645 500 500 305 400 400 390 