1036
1 7 101 80 10869 1
2 6 101 12 1349 1
3 19 101 13 856 1
4 7 101 36 2795 1
5 4 101 7 414 1
6 4 101 44 5040 1
7 6 101 13 1029 1
8 11 101 13 1029 1
9 6 101 11 1252 1
10 6 101 9 573 1
11 11 101 9 573 1
12 19 101 13 1251 1
13 37 101 13 1251 1
14 31 99 6 874 1
15 61 99 6 874 1
16 4 99 8 481 1
17 28 99 14 987 1
18 3 99 30 3991 1
19 5 99 30 3991 1
20 3 99 18 2490 1
21 4 99 18 2393 1
22 225 101 10 1065 1
23 7 99 11 1028 1
24 4 101 22 1581 1
25 20 99 7 509 1
26 39 99 7 509 1
27 58 99 7 509 1
28 4 101 6 893 1
29 6 99 18 1915 1
30 26 99 9 815 1
31 21 99 24 3559 1
32 4 99 5 386 1
33 3 99 9 770 1
34 15 101 7 975 1
35 23 99 11 730 1
36 45 99 11 730 1
37 6 101 24 1360 1
38 11 101 24 1360 1
39 16 101 24 1360 1
40 16 118 30 4841 1
41 7 110 9 1252 1
42 22 134 21 3306 1
43 2 137 20 2518 1
44 8 132 11 1190 1
45 15 132 11 1190 1
46 22 132 11 1190 1
47 29 132 11 1190 1
48 36 132 11 1190 1
49 43 132 11 1190 1
50 50 132 11 1190 1
51 7 121 9 1228 1
52 13 121 9 1228 1
53 13 139 16 2986 1
54 25 139 16 2986 1
55 37 139 16 2986 1
56 49 139 16 2986 1
57 13 118 12 1568 1
58 25 118 12 1568 1
59 10 134 44 6033 1
60 19 134 44 6033 1
61 28 134 44 6033 1
62 37 134 44 6033 1
63 3 129 16 1186 1
64 5 132 24 2615 1
65 2 127 12 1504 1
66 3 127 12 1504 1
67 5 138 16 3042 1
68 4 141 36 4599 1
69 9 127 10 1682 1
70 17 127 10 1682 1
71 25 127 10 1682 1
72 33 127 10 1682 1
73 41 127 10 1682 1
74 49 127 10 1682 1
75 57 127 10 1682 1
76 65 127 10 1682 1
77 73 127 10 1682 1
78 13 129 27 4805 1
79 25 129 27 4805 1
80 37 129 27 4805 1
81 3 121 18 2361 1
82 5 121 18 2361 1
83 18 110 9 1252 1
84 35 110 9 1252 1
85 52 110 9 1252 1
86 5 118 6 833 1
87 9 118 6 833 1
88 13 118 6 833 1
89 17 118 6 833 1
90 4 125 7 996 1
91 4 137 9 1708 1
92 27 110 30 4640 1
93 53 110 30 4640 1
94 4 129 10 1164 1
95 8 122 11 673 1
96 15 122 11 673 1
97 22 122 11 673 1
98 29 122 11 673 1
99 36 122 11 673 1
100 7 134 7 953 1
101 13 134 7 953 1
102 19 134 7 953 1
103 25 134 7 953 1
104 31 134 7 953 1
105 37 134 7 953 1
106 13 140 18 2647 1
107 25 140 18 2647 1
108 9 140 28 2052 1
109 17 140 28 2052 1
110 25 140 28 2052 1
111 33 140 28 2052 1
112 41 140 28 2052 1
113 49 140 28 2052 1
114 57 140 28 2052 1
115 65 140 28 2052 1
116 20 141 7 1467 1
117 9 139 14 2617 1
118 17 139 14 2617 1
119 25 139 14 2617 1
120 11 122 41 4177 1
121 21 122 41 4177 1
122 31 122 41 4177 1
123 41 122 41 4177 1
124 2 121 15 1303 1
125 3 121 15 1303 1
126 13 141 33 6552 1
127 25 141 33 6552 1
128 37 141 33 6552 1
129 9 110 28 2261 1
130 17 110 28 2261 1
131 25 110 28 2261 1
132 33 110 28 2261 1
133 41 110 28 2261 1
134 8 126 4 366 1
135 15 126 4 366 1
136 22 126 4 366 1
137 11 134 10 1074 1
138 21 134 10 1074 1
139 11 118 17 1490 1
140 4 126 10 1508 1
141 18 118 30 5224 1
142 35 118 30 5224 1
143 5 125 8 1213 1
144 9 125 8 1213 1
145 16 140 10 1349 1
146 16 134 4 417 1
147 4 110 14 1561 1
148 9 110 11 1684 1
149 17 110 11 1684 1
150 25 110 11 1684 1
151 33 110 11 1684 1
152 41 110 11 1684 1
153 8 127 22 3539 1
154 8 132 25 3940 1
155 15 132 25 3940 1
156 22 132 25 3940 1
157 29 132 25 3940 1
158 36 132 25 3940 1
159 43 132 25 3940 1
160 50 132 25 3940 1
161 57 132 25 3940 1
162 64 132 25 3940 1
163 71 132 25 3940 1
164 78 132 25 3940 1
165 5 127 10 1314 1
166 6 122 6 749 1
167 14 140 17 1351 1
168 27 140 17 1351 1
169 40 140 17 1351 1
170 53 140 17 1351 1
171 66 140 17 1351 1
172 79 140 17 1351 1
173 92 140 17 1351 1
174 105 140 17 1351 1
175 118 140 17 1351 1
176 131 140 17 1351 1
177 2 141 17 2993 1
178 32 121 9 639 1
179 18 126 17 1592 1
180 7 133 9 1428 1
181 24 133 13 1154 1
182 14 138 31 2385 1
183 3 134 25 2734 1
184 5 134 25 2734 1
185 7 133 60 7332 1
186 13 133 60 7332 1
187 19 133 60 7332 1
188 25 133 60 7332 1
189 31 133 60 7332 1
190 37 133 60 7332 1
191 43 133 60 7332 1
192 6 138 15 1185 1
193 11 138 15 1185 1
194 16 138 15 1185 1
195 5 118 31 4138 1
196 9 118 31 4138 1
197 13 118 31 4138 1
198 7 121 14 1630 1
199 10 134 12 2088 1
200 19 134 12 2088 1
201 28 134 12 2088 1
202 37 134 12 2088 1
203 8 118 18 1776 1
204 15 118 18 1776 1
205 22 118 18 1776 1
206 5 110 12 1923 1
207 10 110 9 652 1
208 19 110 9 652 1
209 5 127 17 1938 1
210 3 122 13 1503 1
211 54 132 9 957 1
212 4 140 34 5347 1
213 4 122 13 1195 1
214 7 122 13 1195 1
215 10 122 13 1195 1
216 13 122 13 1195 1
217 14 122 11 1266 1
218 4 132 15 1177 1
219 13 126 8 537 1
220 25 126 8 537 1
221 37 126 8 537 1
222 5 139 19 2039 1
223 9 139 19 2039 1
224 4 118 13 2060 1
225 6 127 20 3302 1
226 11 127 20 3302 1
227 16 127 20 3302 1
228 2 129 20 1589 1
229 3 129 20 1589 1
230 4 129 20 1589 1
231 5 129 20 1589 1
232 6 129 20 1589 1
233 7 129 20 1589 1
234 8 129 20 1589 1
235 9 129 20 1589 1
236 10 129 20 1589 1
237 11 129 20 1589 1
238 12 129 20 1589 1
239 13 129 20 1589 1
240 14 129 20 1589 1
241 2 132 6 559 1
242 3 132 6 559 1
243 4 132 6 559 1
244 5 138 15 2593 1
245 23 110 15 1310 1
246 45 110 15 1310 1
247 67 110 15 1310 1
248 89 110 15 1310 1
249 111 110 15 1310 1
250 11 138 47 9255 1
251 4 110 14 1390 1
252 7 110 14 1390 1
253 9 132 11 1979 1
254 14 132 16 2065 1
255 27 132 16 2065 1
256 40 132 16 2065 1
257 53 132 16 2065 1
258 66 132 16 2065 1
259 79 132 16 2065 1
260 11 137 15 1539 1
261 21 137 15 1539 1
262 31 137 15 1539 1
263 41 137 15 1539 1
264 51 137 15 1539 1
265 61 137 15 1539 1
266 71 137 15 1539 1
267 6 141 17 3328 1
268 11 141 17 3328 1
269 16 141 17 3328 1
270 3 133 16 2943 1
271 9 132 44 7159 1
272 17 132 44 7159 1
273 17 129 26 3828 1
274 33 129 26 3828 1
275 49 129 26 3828 1
276 65 129 26 3828 1
277 12 141 11 1964 1
278 23 141 11 1964 1
279 3 141 12 1406 1
280 11 129 5 406 1
281 21 129 5 406 1
282 83 126 6 1009 1
283 11 132 8 1291 1
284 21 132 8 1291 1
285 31 132 8 1291 1
286 41 132 8 1291 1
287 9 141 17 3238 1
288 17 141 17 3238 1
289 2 121 20 3458 1
290 3 139 29 3357 1
291 12 134 16 2170 1
292 23 134 16 2170 1
293 4 118 10 1713 1
294 5 122 23 1569 1
295 4 127 6 917 1
296 17 139 10 961 1
297 33 139 10 961 1
298 95 133 10 1536 1
299 56 127 5 371 1
300 3 126 41 5133 1
301 5 126 41 5133 1
302 7 126 41 5133 1
303 9 126 41 5133 1
304 11 126 41 5133 1
305 13 126 41 5133 1
306 10 134 11 1309 1
307 3 121 14 954 1
308 8 118 15 2045 1
309 15 118 15 2045 1
310 22 118 15 2045 1
311 29 118 15 2045 1
312 36 118 15 2045 1
313 10 139 7 663 1
314 19 139 7 663 1
315 28 139 7 663 1
316 37 139 7 663 1
317 46 139 7 663 1
318 55 139 7 663 1
319 64 139 7 663 1
320 4 122 10 1041 1
321 14 139 14 1059 1
322 21 121 14 1782 1
323 41 121 14 1782 1
324 61 121 14 1782 1
325 81 121 14 1782 1
326 101 121 14 1782 1
327 121 121 14 1782 1
328 141 121 14 1782 1
329 161 121 14 1782 1
330 181 121 14 1782 1
331 35 122 9 756 1
332 3 133 43 4560 1
333 10 138 9 1571 1
334 19 138 9 1571 1
335 3 122 9 1559 1
336 5 122 9 1559 1
337 7 122 9 1559 1
338 9 122 9 1559 1
339 11 122 9 1559 1
340 13 122 9 1559 1
341 62 141 8 887 1
342 3 127 32 4648 1
343 7 127 9 1187 1
344 13 127 9 1187 1
345 19 127 9 1187 1
346 5 122 16 2788 1
347 17 118 14 1378 1
348 33 118 14 1378 1
349 49 118 14 1378 1
350 13 138 5 956 1
351 25 138 5 956 1
352 37 138 5 956 1
353 49 138 5 956 1
354 61 138 5 956 1
355 1 110 8 765 1
356 2 122 20 1735 1
357 3 122 20 1735 1
358 4 122 20 1735 1
359 5 122 20 1735 1
360 23 126 9 1018 1
361 2 122 23 2932 1
362 9 132 14 1264 1
363 11 140 23 4471 1
364 21 140 23 4471 1
365 57 127 19 2492 1
366 11 127 7 1008 1
367 11 139 8 1329 1
368 21 139 8 1329 1
369 31 139 8 1329 1
370 41 139 8 1329 1
371 51 139 8 1329 1
372 61 139 8 1329 1
373 3 134 8 1297 1
374 5 134 8 1297 1
375 7 134 8 1297 1
376 9 134 8 1297 1
377 11 139 18 1822 1
378 8 125 17 2033 1
379 15 125 17 2033 1
380 22 125 17 2033 1
381 29 125 17 2033 1
382 8 140 16 2242 1
383 4 133 11 1333 1
384 6 118 9 987 1
385 11 118 9 987 1
386 16 118 9 987 1
387 21 118 9 987 1
388 26 118 9 987 1
389 31 118 9 987 1
390 36 118 9 987 1
391 41 118 9 987 1
392 46 118 9 987 1
393 51 118 9 987 1
394 56 118 9 987 1
395 4 121 10 828 1
396 15 139 9 919 1
397 14 122 30 4575 1
398 27 122 30 4575 1
399 40 122 30 4575 1
400 53 122 30 4575 1
401 66 122 30 4575 1
402 12 126 13 1292 1
403 23 126 13 1292 1
404 34 126 13 1292 1
405 4 140 55 7816 1
406 7 140 55 7816 1
407 10 140 55 7816 1
408 13 140 55 7816 1
409 4 139 5 932 1
410 16 137 8 1490 1
411 3 132 14 2092 1
412 20 129 48 5374 1
413 39 129 48 5374 1
414 58 129 48 5374 1
415 47 122 9 932 1
416 5 133 12 1757 1
417 9 133 12 1757 1
418 14 122 23 3862 1
419 27 122 23 3862 1
420 18 121 5 811 1
421 35 121 5 811 1
422 52 121 5 811 1
423 69 121 5 811 1
424 86 121 5 811 1
425 103 121 5 811 1
426 120 121 5 811 1
427 137 121 5 811 1
428 154 121 5 811 1
429 171 121 5 811 1
430 3 126 8 1058 1
431 5 126 8 1058 1
432 12 138 40 7385 1
433 23 138 40 7385 1
434 34 138 40 7385 1
435 4 133 45 8615 1
436 11 134 14 1049 1
437 21 134 14 1049 1
438 31 134 14 1049 1
439 41 134 14 1049 1
440 51 134 14 1049 1
441 61 134 14 1049 1
442 71 134 14 1049 1
443 81 134 14 1049 1
444 91 134 14 1049 1
445 101 134 14 1049 1
446 111 134 14 1049 1
447 121 134 14 1049 1
448 131 134 14 1049 1
449 16 134 6 503 1
450 14 122 17 2248 1
451 27 122 17 2248 1
452 40 122 17 2248 1
453 53 122 17 2248 1
454 11 118 19 2717 1
455 21 118 19 2717 1
456 31 118 19 2717 1
457 41 118 19 2717 1
458 4 127 9 628 1
459 15 122 15 1781 1
460 29 122 15 1781 1
461 43 122 15 1781 1
462 57 122 15 1781 1
463 15 141 40 8259 1
464 29 141 40 8259 1
465 10 129 6 398 1
466 4 126 7 817 1
467 72 122 12 1486 1
468 3 137 30 5315 1
469 5 137 30 5315 1
470 7 137 30 5315 1
471 9 137 30 5315 1
472 11 137 30 5315 1
473 13 137 30 5315 1
474 15 137 30 5315 1
475 6 137 13 2412 1
476 19 129 35 3984 1
477 37 129 35 3984 1
478 55 129 35 3984 1
479 73 129 35 3984 1
480 91 129 35 3984 1
481 109 129 35 3984 1
482 16 133 10 1269 1
483 31 133 10 1269 1
484 7 140 7 1094 1
485 9 138 20 3629 1
486 17 138 20 3629 1
487 25 138 20 3629 1
488 33 138 20 3629 1
489 11 133 19 1397 1
490 21 133 19 1397 1
491 4 125 5 700 1
492 4 129 36 6539 1
493 7 129 36 6539 1
494 4 129 12 1674 1
495 3 110 9 689 1
496 7 126 11 1688 1
497 13 126 11 1688 1
498 19 126 11 1688 1
499 19 140 7 1031 1
500 37 140 7 1031 1
501 37 138 21 1968 1
502 14 118 14 1669 1
503 27 118 14 1669 1
504 40 118 14 1669 1
505 53 118 14 1669 1
506 66 118 14 1669 1
507 79 118 14 1669 1
508 92 118 14 1669 1
509 105 118 14 1669 1
510 118 118 14 1669 1
511 14 125 15 1608 1
512 27 125 15 1608 1
513 40 125 15 1608 1
514 53 125 15 1608 1
515 12 127 11 1192 1
516 23 127 11 1192 1
517 34 127 11 1192 1
518 45 127 11 1192 1
519 56 127 11 1192 1
520 67 127 11 1192 1
521 6 138 29 3953 1
522 11 138 29 3953 1
523 16 138 29 3953 1
524 21 138 29 3953 1
525 26 138 29 3953 1
526 6 138 13 2484 1
527 7 127 17 1777 1
528 13 127 17 1777 1
529 19 127 17 1777 1
530 14 110 12 1808 1
531 4 133 8 1186 1
532 14 121 8 1328 1
533 27 121 8 1328 1
534 40 121 8 1328 1
535 53 121 8 1328 1
536 66 121 8 1328 1
537 79 121 8 1328 1
538 92 121 8 1328 1
539 105 121 8 1328 1
540 118 121 8 1328 1
541 9 140 12 1234 1
542 17 140 12 1234 1
543 9 122 14 2419 1
544 17 122 14 2419 1
545 25 122 14 2419 1
546 33 122 14 2419 1
547 41 122 14 2419 1
548 49 122 14 2419 1
549 10 110 7 775 1
550 19 110 7 775 1
551 28 110 7 775 1
552 37 110 7 775 1
553 20 122 4 248 1
554 39 122 4 248 1
555 58 122 4 248 1
556 10 127 15 2340 1
557 19 127 15 2340 1
558 28 127 15 2340 1
559 37 127 15 2340 1
560 46 127 15 2340 1
561 55 127 15 2340 1
562 64 127 15 2340 1
563 53 122 23 4109 1
564 16 138 7 625 1
565 31 138 7 625 1
566 46 138 7 625 1
567 61 138 7 625 1
568 3 139 51 6575 1
569 4 137 17 1898 1
570 12 139 12 2434 1
571 12 134 35 3421 1
572 17 122 9 1281 1
573 33 122 9 1281 1
574 49 122 9 1281 1
575 65 122 9 1281 1
576 3 140 15 2917 1
577 5 140 15 2917 1
578 7 140 15 2917 1
579 9 140 15 2917 1
580 11 140 15 2917 1
581 13 140 15 2917 1
582 4 137 16 2207 1
583 2 125 22 2582 1
584 3 122 11 1240 1
585 3 110 21 2594 1
586 5 110 21 2594 1
587 9 141 12 1446 1
588 17 141 12 1446 1
589 25 141 12 1446 1
590 33 141 12 1446 1
591 41 141 12 1446 1
592 49 141 12 1446 1
593 57 141 12 1446 1
594 65 141 12 1446 1
595 3 110 23 3089 1
596 11 127 27 3159 1
597 21 127 27 3159 1
598 31 127 27 3159 1
599 41 127 27 3159 1
600 51 127 27 3159 1
601 61 127 27 3159 1
602 71 127 27 3159 1
603 81 127 27 3159 1
604 91 127 27 3159 1
605 101 127 27 3159 1
606 111 127 27 3159 1
607 4 127 13 1436 1
608 12 127 8 1098 1
609 23 127 8 1098 1
610 4 121 13 1356 1
611 17 126 19 1443 1
612 33 126 19 1443 1
613 49 126 19 1443 1
614 10 132 12 1782 1
615 19 132 12 1782 1
616 15 132 22 2558 1
617 29 132 22 2558 1
618 9 138 10 1874 1
619 17 138 10 1874 1
620 25 138 10 1874 1
621 33 138 10 1874 1
622 13 125 14 1868 1
623 25 125 14 1868 1
624 37 125 14 1868 1
625 2 134 13 888 1
626 17 122 32 3869 1
627 33 122 32 3869 1
628 4 139 17 2983 1
629 15 110 6 356 1
630 1 121 4 590 1
631 1 121 4 590 1
632 4 140 19 1880 1
633 15 139 25 4330 1
634 29 139 25 4330 1
635 43 139 25 4330 1
636 57 139 25 4330 1
637 71 139 25 4330 1
638 85 139 25 4330 1
639 99 139 25 4330 1
640 113 139 25 4330 1
641 127 139 25 4330 1
642 141 139 25 4330 1
643 17 118 13 2050 1
644 33 118 13 2050 1
645 6 127 7 801 1
646 11 127 7 801 1
647 16 127 7 801 1
648 21 127 7 801 1
649 17 133 21 1636 1
650 7 141 8 618 1
651 13 141 8 618 1
652 19 141 8 618 1
653 25 141 8 618 1
654 31 141 8 618 1
655 37 141 8 618 1
656 3 129 17 2691 1
657 3 118 9 902 1
658 5 118 9 902 1
659 11 140 21 1787 1
660 13 125 21 1830 1
661 8 122 8 1149 1
662 15 122 8 1149 1
663 4 165 22 4328 1
664 7 165 22 4328 1
665 10 165 22 4328 1
666 4 161 47 7102 1
667 7 161 47 7102 1
668 12 166 9 2233 1
669 4 155 13 1987 1
670 7 155 13 1987 1
671 10 160 18 3803 1
672 19 160 18 3803 1
673 28 160 18 3803 1
674 37 160 18 3803 1
675 46 160 18 3803 1
676 13 155 5 391 1
677 13 155 12 2425 1
678 25 155 12 2425 1
679 37 155 12 2425 1
680 49 155 12 2425 1
681 9 166 17 3069 1
682 18 161 43 5962 1
683 2 158 22 2716 1
684 3 158 22 2716 1
685 14 160 10 1147 1
686 10 158 16 1678 1
687 15 157 37 5281 1
688 29 157 37 5281 1
689 43 157 37 5281 1
690 16 157 27 3211 1
691 31 157 27 3211 1
692 4 161 12 2617 1
693 9 147 13 2862 1
694 12 166 20 2890 1
695 9 165 16 2979 1
696 17 165 16 2979 1
697 10 165 32 2871 1
698 11 165 14 1254 1
699 16 160 40 6582 1
700 21 166 26 3989 1
701 14 149 28 4679 1
702 27 149 28 4679 1
703 40 149 28 4679 1
704 9 149 13 1314 1
705 17 149 13 1314 1
706 25 149 13 1314 1
707 33 149 13 1314 1
708 41 149 13 1314 1
709 49 149 13 1314 1
710 13 158 14 1240 1
711 25 158 14 1240 1
712 37 158 14 1240 1
713 49 158 14 1240 1
714 8 160 26 4718 1
715 10 151 12 1507 1
716 11 155 8 1843 1
717 21 155 8 1843 1
718 4 161 36 3382 1
719 10 161 18 1546 1
720 10 157 11 1585 1
721 15 147 14 2786 1
722 29 147 14 2786 1
723 43 147 14 2786 1
724 16 166 16 2530 1
725 11 166 6 1416 1
726 12 160 12 966 1
727 12 161 23 3680 1
728 20 155 12 1395 1
729 9 157 19 3149 1
730 17 157 19 3149 1
731 3 158 33 3126 1
732 5 158 33 3126 1
733 10 154 26 2692 1
734 19 154 26 2692 1
735 28 154 26 2692 1
736 17 149 22 1960 1
737 33 149 22 1960 1
738 13 165 18 3045 1
739 12 160 11 1284 1
740 15 155 43 5698 1
741 14 160 17 3736 1
742 27 160 17 3736 1
743 10 147 15 2621 1
744 3 161 44 4281 1
745 4 151 8 1017 1
746 14 151 19 3176 1
747 27 151 19 3176 1
748 4 157 18 2294 1
749 8 160 37 5110 1
750 15 160 37 5110 1
751 12 147 6 719 1
752 23 147 6 719 1
753 34 147 6 719 1
754 45 147 6 719 1
755 16 147 13 2830 1
756 31 147 13 2830 1
757 13 166 16 3592 1
758 27 151 7 689 1
759 10 151 41 7584 1
760 14 149 11 2069 1
761 9 149 17 3052 1
762 17 149 17 3052 1
763 13 155 6 1363 1
764 25 155 6 1363 1
765 37 155 6 1363 1
766 2 160 13 2492 1
767 3 160 13 2492 1
768 16 166 7 1044 1
769 31 166 7 1044 1
770 46 166 7 1044 1
771 61 166 7 1044 1
772 76 166 7 1044 1
773 91 166 7 1044 1
774 106 166 7 1044 1
775 10 157 10 951 1
776 15 158 13 2341 1
777 9 158 22 4817 1
778 5 166 9 1893 1
779 9 166 9 1893 1
780 13 166 9 1893 1
781 9 149 15 1214 1
782 12 149 26 1975 1
783 13 165 23 4342 1
784 16 165 11 987 1
785 31 165 11 987 1
786 46 165 11 987 1
787 61 165 11 987 1
788 76 165 11 987 1
789 91 165 11 987 1
790 10 147 16 3259 1
791 19 147 16 3259 1
792 13 158 15 2371 1
793 7 151 19 3577 1
794 18 157 6 1024 1
795 13 165 23 5623 1
796 14 157 14 3000 1
797 27 157 14 3000 1
798 40 157 14 3000 1
799 12 154 14 1190 1
800 17 158 24 4395 1
801 33 158 24 4395 1
802 15 166 18 4138 1
803 10 149 29 3698 1
804 19 149 29 3698 1
805 28 149 29 3698 1
806 9 155 17 1747 1
807 4 157 27 5742 1
808 8 158 5 608 1
809 3 151 30 3618 1
810 13 149 22 3737 1
811 25 149 22 3737 1
812 16 160 12 2098 1
813 13 158 16 2840 1
814 12 154 14 2936 1
815 6 165 16 2536 1
816 15 165 56 11635 1
817 14 158 16 1862 1
818 18 165 26 4335 1
819 10 188 66 7376 1
820 25 183 15 3461 1
821 278 185 15 2589 1
822 42 169 18 4559 1
823 15 195 11 3156 1
824 29 195 11 3156 1
825 43 195 11 3156 1
826 15 190 68 10148 1
827 15 169 18 3534 1
828 29 169 18 3534 1
829 215 183 18 4838 1
830 17 190 17 4159 1
831 23 169 13 1412 1
832 3 197 13 1916 1
833 5 197 13 1916 1
834 13 185 11 2824 1
835 11 170 20 4604 1
836 10 169 32 5520 1
837 19 169 32 5520 1
838 3 175 28 5474 1
839 16 183 23 4833 1
840 23 178 10 2262 1
841 20 195 14 3632 1
842 16 183 20 2529 1
843 22 183 11 2213 1
844 14 178 18 2090 1
845 23 175 91 22138 1
846 45 197 32 6085 1
847 13 175 16 4080 1
848 45 184 20 3043 1
849 12 169 15 2863 1
850 36 188 27 6685 1
851 71 188 27 6685 1
852 21 185 33 3412 1
853 16 198 17 2977 1
854 12 188 13 3075 1
855 15 175 21 2961 1
856 14 183 22 4144 1
857 16 198 41 5451 1
858 21 175 19 2681 1
859 4 185 12 3114 1
860 3 184 10 2231 1
861 13 197 48 8673 1
862 25 197 48 8673 1
863 9 168 20 2234 1
864 16 184 20 2233 1
865 8 195 55 7567 1
866 13 188 8 1374 1
867 25 188 8 1374 1
868 15 169 18 3061 1
869 29 169 18 3061 1
870 43 169 18 3061 1
871 57 169 18 3061 1
872 71 169 18 3061 1
873 85 169 18 3061 1
874 99 169 18 3061 1
875 23 169 13 2048 1
876 21 185 13 1566 1
877 23 194 23 4597 1
878 45 194 23 4597 1
879 37 190 32 5189 1
880 11 195 34 3755 1
881 16 168 9 1694 1
882 21 184 17 3287 1
883 15 178 17 1787 1
884 16 168 21 4063 1
885 31 168 21 4063 1
886 10 188 15 2427 1
887 31 170 19 4680 1
888 43 195 72 17004 1
889 17 183 8 922 1
890 11 194 8 1295 1
891 38 190 27 5813 1
892 44 194 18 3163 1
893 3 194 40 9921 1
894 11 170 19 4140 1
895 16 185 18 3448 1
896 13 184 27 4245 1
897 25 183 35 8876 1
898 12 183 12 2274 1
899 35 169 21 3416 1
900 69 169 21 3416 1
901 13 170 15 1470 1
902 16 168 11 1042 1
903 31 168 11 1042 1
904 46 168 11 1042 1
905 61 168 11 1042 1
906 76 168 11 1042 1
907 3 198 14 4046 1
908 16 190 17 3539 1
909 16 170 22 3570 1
910 22 169 23 4480 1
911 9 190 18 3074 1
912 4 169 20 2267 1
913 24 197 16 3513 1
914 11 188 59 7987 1
915 11 194 25 4070 1
916 134 210 12 2979 1
917 267 210 12 2979 1
918 40 204 25 7646 1
919 79 204 25 7646 1
920 118 204 25 7646 1
921 157 204 25 7646 1
922 35 212 23 5730 1
923 69 212 23 5730 1
924 103 212 23 5730 1
925 42 208 15 4637 1
926 83 208 15 4637 1
927 124 208 15 4637 1
928 32 208 31 9445 1
929 63 208 31 9445 1
930 94 208 31 9445 1
931 23 222 8 1935 1
932 45 222 8 1935 1
933 67 222 8 1935 1
934 89 222 8 1935 1
935 111 222 8 1935 1
936 133 222 8 1935 1
937 155 222 8 1935 1
938 177 222 8 1935 1
939 41 208 9 1792 1
940 81 208 9 1792 1
941 121 208 9 1792 1
942 161 208 9 1792 1
943 201 208 9 1792 1
944 241 208 9 1792 1
945 281 208 9 1792 1
946 321 208 9 1792 1
947 42 222 22 4032 1
948 83 222 22 4032 1
949 124 222 22 4032 1
950 165 222 22 4032 1
951 206 222 22 4032 1
952 247 222 22 4032 1
953 288 222 22 4032 1
954 329 222 22 4032 1
955 370 222 22 4032 1
956 411 222 22 4032 1
957 452 222 22 4032 1
958 493 222 22 4032 1
959 40 211 26 7268 1
960 79 211 26 7268 1
961 118 211 26 7268 1
962 157 211 26 7268 1
963 196 211 26 7268 1
964 235 211 26 7268 1
965 274 211 26 7268 1
966 313 211 26 7268 1
967 30 211 29 6904 1
968 59 211 29 6904 1
969 106 208 20 5402 1
970 5 207 7 1639 1
971 39 207 34 5996 1
972 77 207 34 5996 1
973 115 207 34 5996 1
974 153 207 34 5996 1
975 191 207 34 5996 1
976 34 211 23 5945 1
977 39 208 20 4923 1
978 30 221 18 2447 1
979 59 221 18 2447 1
980 88 221 18 2447 1
981 117 221 18 2447 1
982 37 228 16 5332 1
983 35 228 14 4728 1
984 56 239 19 3283 1
985 33 230 31 9868 1
986 62 225 19 3143 1
987 34 239 20 3319 1
988 37 225 22 6120 1
989 108 239 25 5591 1
990 111 230 15 3507 1
991 104 228 26 7700 1
992 38 225 18 3567 1
993 41 225 14 3304 1
994 39 225 12 3539 1
995 37 239 19 2827 1
996 73 239 19 2827 1
997 109 239 19 2827 1
998 39 225 18 4759 1
999 39 225 29 4803 1
1000 36 230 25 4832 1
1001 41 228 29 4488 1
1002 34 230 28 6630 1
1003 38 230 15 4838 1
1004 75 230 15 4838 1
1005 57 225 27 7616 1
1006 33 228 23 5461 1
1007 36 225 12 1846 1
1008 36 230 14 1994 1
1009 37 230 23 3783 1
1010 37 239 14 4947 1
1011 73 239 14 4947 1
1012 109 239 14 4947 1
1013 58 225 24 7586 1
1014 115 225 24 7586 1
1015 36 239 17 4377 1
1016 37 239 13 2807 1
1017 106 265 22 8573 1
1018 94 255 18 6776 1
1019 91 278 48 11219 1
1020 107 282 30 10032 1
1021 37 293 24 7510 1
1022 58 262 14 3615 1
1023 115 262 14 3615 1
1024 64 259 16 5776 1
1025 36 259 20 3283 1
1026 36 303 25 9149 1
1027 36 274 31 4791 1
1028 92 255 15 3454 1
1029 183 255 15 3454 1
1030 93 277 12 4078 1
1031 107 277 8 1743 1
1032 170 259 32 11103 1
1033 106 277 26 9787 1
1034 106 291 27 6195 1
1035 211 291 27 6195 1
1036 94 255 19 2702 1
35
400 400 400 400 500 500 600 600 600 600 600 600 600 400 400 400 400 400 230 315 600 450 450 400 400 400 665 725 645 500 500 305 400 400 390 