1036
1 6 101 12 1313 1
2 4 101 51 6673 1
3 6 99 13 1888 1
4 11 99 13 1888 1
5 16 99 13 1888 1
6 7 101 13 1387 1
7 24 101 13 820 1
8 14 99 12 822 1
9 12 99 15 1672 1
10 6 99 6 667 1
11 4 101 7 770 1
12 7 101 7 770 1
13 10 101 7 770 1
14 13 101 7 770 1
15 4 99 12 1052 1
16 14 99 7 818 1
17 3 99 9 549 1
18 8 101 12 867 1
19 15 101 12 867 1
20 18 101 51 3069 1
21 4 99 14 1749 1
22 4 99 37 2129 1
23 7 99 37 2129 1
24 10 99 37 2129 1
25 13 101 7 991 1
26 11 101 16 1451 1
27 21 101 16 1451 1
28 31 101 16 1451 1
29 6 99 9 613 1
30 11 99 9 613 1
31 25 101 31 3963 1
32 12 99 10 811 1
33 3 101 7 854 1
34 5 101 7 854 1
35 7 101 7 854 1
36 9 101 7 854 1
37 11 101 7 854 1
38 14 99 57 5947 1
39 27 99 57 5947 1
40 12 110 13 1243 1
41 23 110 13 1243 1
42 34 110 13 1243 1
43 45 110 13 1243 1
44 56 110 13 1243 1
45 67 110 13 1243 1
46 17 138 20 3050 1
47 33 138 20 3050 1
48 49 138 20 3050 1
49 65 138 20 3050 1
50 81 138 20 3050 1
51 97 138 20 3050 1
52 4 140 9 1262 1
53 15 137 11 804 1
54 29 137 11 804 1
55 43 137 11 804 1
56 15 141 31 2959 1
57 29 141 31 2959 1
58 43 141 31 2959 1
59 57 141 31 2959 1
60 71 141 31 2959 1
61 12 127 24 2648 1
62 23 127 24 2648 1
63 34 127 24 2648 1
64 45 127 24 2648 1
65 56 127 24 2648 1
66 67 127 24 2648 1
67 78 127 24 2648 1
68 3 138 8 1623 1
69 6 110 7 514 1
70 12 140 13 1026 1
71 23 140 13 1026 1
72 34 140 13 1026 1
73 4 121 15 1186 1
74 4 110 14 1179 1
75 7 110 14 1179 1
76 10 110 14 1179 1
77 13 110 14 1179 1
78 16 110 14 1179 1
79 19 110 14 1179 1
80 22 110 14 1179 1
81 9 127 24 2841 1
82 17 127 24 2841 1
83 25 127 24 2841 1
84 33 127 24 2841 1
85 41 127 24 2841 1
86 49 127 24 2841 1
87 57 127 24 2841 1
88 65 127 24 2841 1
89 73 127 24 2841 1
90 81 127 24 2841 1
91 89 127 24 2841 1
92 13 141 8 1241 1
93 3 129 14 1557 1
94 5 129 14 1557 1
95 3 137 27 2682 1
96 8 129 14 2709 1
97 15 129 14 2709 1
98 3 110 9 991 1
99 5 125 9 1444 1
100 9 125 9 1444 1
101 13 125 9 1444 1
102 17 125 9 1444 1
103 21 125 9 1444 1
104 2 140 8 1361 1
105 3 140 8 1361 1
106 4 140 8 1361 1
107 5 140 8 1361 1
108 9 121 13 2295 1
109 17 121 13 2295 1
110 18 137 11 1545 1
111 35 137 11 1545 1
112 52 137 11 1545 1
113 69 137 11 1545 1
114 86 137 11 1545 1
115 5 139 22 3338 1
116 9 139 22 3338 1
117 13 139 22 3338 1
118 17 139 22 3338 1
119 21 139 22 3338 1
120 25 139 22 3338 1
121 4 139 14 1186 1
122 28 138 8 1632 1
123 5 140 18 1912 1
124 9 140 18 1912 1
125 5 133 9 1003 1
126 3 125 21 2016 1
127 5 125 21 2016 1
128 17 134 12 1685 1
129 33 134 12 1685 1
130 49 134 12 1685 1
131 65 134 12 1685 1
132 4 125 11 775 1
133 7 125 11 775 1
134 10 125 11 775 1
135 13 125 11 775 1
136 16 125 11 775 1
137 3 141 8 1501 1
138 5 141 8 1501 1
139 7 141 8 1501 1
140 9 141 8 1501 1
141 11 141 8 1501 1
142 76 133 8 1261 1
143 3 139 22 2697 1
144 18 121 14 1065 1
145 4 134 11 1393 1
146 13 122 7 911 1
147 25 122 7 911 1
148 37 122 7 911 1
149 4 139 18 2009 1
150 7 139 18 2009 1
151 10 139 18 2009 1
152 13 134 12 1463 1
153 25 134 12 1463 1
154 37 134 12 1463 1
155 49 134 12 1463 1
156 61 134 12 1463 1
157 73 134 12 1463 1
158 85 134 12 1463 1
159 4 125 19 1622 1
160 2 125 14 1332 1
161 3 125 14 1332 1
162 4 125 14 1332 1
163 5 125 14 1332 1
164 6 125 14 1332 1
165 7 125 14 1332 1
166 8 125 14 1332 1
167 3 134 14 2062 1
168 10 141 7 803 1
169 19 141 7 803 1
170 4 126 11 1141 1
171 13 134 16 1079 1
172 25 134 16 1079 1
173 37 134 16 1079 1
174 49 134 16 1079 1
175 61 134 16 1079 1
176 73 134 16 1079 1
177 85 134 16 1079 1
178 71 139 24 3644 1
179 4 127 5 658 1
180 7 138 21 2467 1
181 7 140 23 4395 1
182 13 140 23 4395 1
183 14 125 14 1750 1
184 3 121 33 5117 1
185 8 137 9 1232 1
186 15 137 9 1232 1
187 22 137 9 1232 1
188 29 137 9 1232 1
189 14 121 18 1317 1
190 4 141 8 1603 1
191 28 132 16 3103 1
192 6 125 12 1206 1
193 47 140 19 1348 1
194 11 126 28 4031 1
195 21 126 28 4031 1
196 31 126 28 4031 1
197 41 126 28 4031 1
198 51 126 28 4031 1
199 61 126 28 4031 1
200 71 126 28 4031 1
201 81 126 28 4031 1
202 6 122 6 771 1
203 11 122 6 771 1
204 16 122 6 771 1
205 21 122 6 771 1
206 9 137 18 3447 1
207 17 137 18 3447 1
208 25 137 18 3447 1
209 14 110 18 2131 1
210 27 110 18 2131 1
211 40 110 18 2131 1
212 53 110 18 2131 1
213 66 110 18 2131 1
214 79 110 18 2131 1
215 92 110 18 2131 1
216 105 110 18 2131 1
217 118 110 18 2131 1
218 131 110 18 2131 1
219 144 110 18 2131 1
220 157 110 18 2131 1
221 12 137 19 2492 1
222 23 137 19 2492 1
223 34 137 19 2492 1
224 45 137 19 2492 1
225 56 137 19 2492 1
226 67 137 19 2492 1
227 78 137 19 2492 1
228 14 126 9 942 1
229 27 126 9 942 1
230 40 126 9 942 1
231 59 132 6 564 1
232 13 134 17 2837 1
233 10 121 9 1618 1
234 10 140 16 2524 1
235 19 140 16 2524 1
236 28 140 16 2524 1
237 37 140 16 2524 1
238 46 140 16 2524 1
239 55 140 16 2524 1
240 11 134 7 1174 1
241 7 126 13 1084 1
242 13 126 13 1084 1
243 3 139 18 1734 1
244 5 139 18 1734 1
245 7 139 18 1734 1
246 2 141 21 1638 1
247 5 118 16 2745 1
248 9 118 16 2745 1
249 12 110 24 3207 1
250 23 110 24 3207 1
251 34 110 24 3207 1
252 45 110 24 3207 1
253 4 133 7 1163 1
254 9 125 12 2030 1
255 17 125 12 2030 1
256 25 125 12 2030 1
257 33 125 12 2030 1
258 12 139 11 892 1
259 23 139 11 892 1
260 34 139 11 892 1
261 7 118 50 3774 1
262 13 118 50 3774 1
263 1 121 17 1195 1
264 10 110 11 881 1
265 19 110 11 881 1
266 8 129 8 550 1
267 10 129 13 1691 1
268 19 129 13 1691 1
269 28 129 13 1691 1
270 37 129 13 1691 1
271 46 129 13 1691 1
272 6 121 16 1587 1
273 11 121 16 1587 1
274 1 137 14 1124 1
275 1 137 14 1124 1
276 1 137 14 1124 1
277 1 137 14 1124 1
278 15 121 5 370 1
279 29 121 5 370 1
280 43 121 5 370 1
281 15 132 12 2342 1
282 15 118 22 3783 1
283 29 118 22 3783 1
284 43 118 22 3783 1
285 57 118 22 3783 1
286 71 118 22 3783 1
287 85 118 22 3783 1
288 99 118 22 3783 1
289 113 118 22 3783 1
290 127 118 22 3783 1
291 141 118 22 3783 1
292 155 118 22 3783 1
293 169 118 22 3783 1
294 183 118 22 3783 1
295 197 118 22 3783 1
296 211 118 22 3783 1
297 12 129 17 1993 1
298 18 133 7 1254 1
299 35 133 7 1254 1
300 52 133 7 1254 1
301 13 138 13 2390 1
302 13 140 11 1990 1
303 25 140 11 1990 1
304 37 140 11 1990 1
305 49 140 11 1990 1
306 61 140 11 1990 1
307 3 140 15 2155 1
308 13 132 44 6928 1
309 25 132 44 6928 1
310 37 132 44 6928 1
311 49 132 44 6928 1
312 61 132 44 6928 1
313 6 138 39 4759 1
314 11 138 39 4759 1
315 11 126 11 1401 1
316 21 126 11 1401 1
317 11 125 15 1167 1
318 45 121 7 624 1
319 20 138 13 1433 1
320 39 138 13 1433 1
321 4 126 19 3413 1
322 3 126 49 5973 1
323 15 141 23 2089 1
324 9 138 7 1014 1
325 17 138 7 1014 1
326 25 138 7 1014 1
327 33 138 7 1014 1
328 41 138 7 1014 1
329 49 138 7 1014 1
330 57 138 7 1014 1
331 4 125 9 584 1
332 55 118 16 1550 1
333 11 133 9 1357 1
334 21 133 9 1357 1
335 31 133 9 1357 1
336 41 133 9 1357 1
337 51 133 9 1357 1
338 61 133 9 1357 1
339 10 138 17 1817 1
340 19 138 17 1817 1
341 28 138 17 1817 1
342 37 138 17 1817 1
343 18 129 7 1081 1
344 9 141 63 10177 1
345 17 141 63 10177 1
346 25 141 63 10177 1
347 33 141 63 10177 1
348 11 125 10 852 1
349 12 127 25 2404 1
350 12 110 8 1107 1
351 23 110 8 1107 1
352 34 110 8 1107 1
353 13 118 19 2716 1
354 25 118 19 2716 1
355 37 118 19 2716 1
356 49 118 19 2716 1
357 61 118 19 2716 1
358 73 118 19 2716 1
359 85 118 19 2716 1
360 97 118 19 2716 1
361 109 118 19 2716 1
362 121 118 19 2716 1
363 133 118 19 2716 1
364 145 118 19 2716 1
365 3 125 5 347 1
366 4 122 12 1489 1
367 7 122 12 1489 1
368 10 122 12 1489 1
369 13 122 12 1489 1
370 16 122 12 1489 1
371 19 122 12 1489 1
372 22 122 12 1489 1
373 10 118 6 430 1
374 19 118 6 430 1
375 8 133 7 1043 1
376 5 126 10 1803 1
377 19 137 13 1402 1
378 13 132 14 1365 1
379 25 132 14 1365 1
380 4 134 11 1404 1
381 9 140 24 3498 1
382 17 140 24 3498 1
383 25 140 24 3498 1
384 33 140 24 3498 1
385 16 126 12 2088 1
386 11 129 9 1298 1
387 21 129 9 1298 1
388 4 127 17 1388 1
389 16 132 21 3332 1
390 3 140 18 2418 1
391 13 133 12 2327 1
392 25 133 12 2327 1
393 37 133 12 2327 1
394 4 137 4 356 1
395 16 127 29 2459 1
396 31 127 29 2459 1
397 46 127 29 2459 1
398 61 127 29 2459 1
399 76 127 29 2459 1
400 11 125 5 357 1
401 21 125 5 357 1
402 31 125 5 357 1
403 41 125 5 357 1
404 51 125 5 357 1
405 61 125 5 357 1
406 71 125 5 357 1
407 18 127 14 1917 1
408 35 127 14 1917 1
409 52 127 14 1917 1
410 69 127 14 1917 1
411 86 127 14 1917 1
412 103 127 14 1917 1
413 120 127 14 1917 1
414 4 138 16 2790 1
415 7 138 16 2790 1
416 4 139 21 2006 1
417 12 126 10 786 1
418 23 126 10 786 1
419 34 126 10 786 1
420 4 133 10 1733 1
421 11 126 18 2212 1
422 5 137 27 4347 1
423 9 137 27 4347 1
424 6 121 11 1983 1
425 8 134 5 751 1
426 3 129 5 637 1
427 16 139 53 7949 1
428 23 133 23 3667 1
429 45 133 23 3667 1
430 67 133 23 3667 1
431 89 133 23 3667 1
432 111 133 23 3667 1
433 19 121 16 2021 1
434 37 121 16 2021 1
435 55 121 16 2021 1
436 73 121 16 2021 1
437 51 137 12 1860 1
438 8 118 13 1262 1
439 15 118 13 1262 1
440 6 133 19 1311 1
441 11 133 19 1311 1
442 16 133 19 1311 1
443 21 133 19 1311 1
444 5 134 10 698 1
445 9 134 10 698 1
446 13 134 10 698 1
447 17 134 10 698 1
448 21 134 10 698 1
449 25 134 10 698 1
450 12 137 11 1144 1
451 23 137 11 1144 1
452 34 137 11 1144 1
453 45 137 11 1144 1
454 18 137 18 3104 1
455 35 137 18 3104 1
456 14 138 16 3211 1
457 27 138 16 3211 1
458 40 138 16 3211 1
459 53 138 16 3211 1
460 66 138 16 3211 1
461 79 138 16 3211 1
462 92 138 16 3211 1
463 4 129 18 3326 1
464 7 129 18 3326 1
465 10 129 18 3326 1
466 13 133 16 2807 1
467 25 133 16 2807 1
468 37 133 16 2807 1
469 15 126 13 2334 1
470 29 126 13 2334 1
471 43 126 13 2334 1
472 57 126 13 2334 1
473 6 118 28 3724 1
474 11 118 28 3724 1
475 16 118 28 3724 1
476 20 134 24 4687 1
477 39 134 24 4687 1
478 14 126 20 1713 1
479 27 126 20 1713 1
480 40 126 20 1713 1
481 53 126 20 1713 1
482 66 126 20 1713 1
483 79 126 20 1713 1
484 92 126 20 1713 1
485 5 129 15 1784 1
486 9 129 15 1784 1
487 3 121 10 1152 1
488 6 138 16 3230 1
489 11 138 16 3230 1
490 16 138 16 3230 1
491 8 140 18 1632 1
492 15 140 18 1632 1
493 22 140 18 1632 1
494 29 140 18 1632 1
495 11 139 8 745 1
496 4 126 15 1528 1
497 3 127 24 2315 1
498 5 132 50 7121 1
499 9 132 50 7121 1
500 13 132 50 7121 1
501 17 132 50 7121 1
502 21 132 50 7121 1
503 25 132 50 7121 1
504 29 132 50 7121 1
505 33 132 50 7121 1
506 37 132 50 7121 1
507 41 132 50 7121 1
508 45 132 50 7121 1
509 49 132 50 7121 1
510 20 110 12 772 1
511 39 110 12 772 1
512 58 110 12 772 1
513 12 137 25 3266 1
514 23 137 25 3266 1
515 34 137 25 3266 1
516 14 121 15 1951 1
517 27 121 15 1951 1
518 40 121 15 1951 1
519 53 121 15 1951 1
520 66 121 15 1951 1
521 4 126 3 453 1
522 3 110 10 1032 1
523 5 110 10 1032 1
524 7 110 10 1032 1
525 4 137 15 1120 1
526 4 110 33 2044 1
527 2 133 6 984 1
528 3 133 6 984 1
529 4 139 15 1326 1
530 3 122 3 388 1
531 5 122 3 388 1
532 6 137 16 1985 1
533 11 137 16 1985 1
534 13 134 10 1605 1
535 25 134 10 1605 1
536 37 134 10 1605 1
537 49 134 10 1605 1
538 61 134 10 1605 1
539 73 134 10 1605 1
540 85 134 10 1605 1
541 97 134 10 1605 1
542 109 134 10 1605 1
543 10 125 10 1862 1
544 19 125 10 1862 1
545 28 125 10 1862 1
546 37 125 10 1862 1
547 46 125 10 1862 1
548 55 125 10 1862 1
549 4 139 24 3392 1
550 7 139 24 3392 1
551 11 141 12 2308 1
552 21 141 12 2308 1
553 31 141 12 2308 1
554 41 141 12 2308 1
555 7 121 8 774 1
556 13 121 8 774 1
557 19 121 8 774 1
558 25 121 8 774 1
559 13 141 8 1111 1
560 25 141 8 1111 1
561 37 141 8 1111 1
562 49 141 8 1111 1
563 61 141 8 1111 1
564 73 141 8 1111 1
565 85 141 8 1111 1
566 97 141 8 1111 1
567 109 141 8 1111 1
568 121 141 8 1111 1
569 5 133 23 3823 1
570 11 126 19 2005 1
571 21 126 19 2005 1
572 31 126 19 2005 1
573 41 126 19 2005 1
574 51 126 19 2005 1
575 61 126 19 2005 1
576 71 126 19 2005 1
577 81 126 19 2005 1
578 91 126 19 2005 1
579 101 126 19 2005 1
580 4 133 10 1149 1
581 10 138 8 744 1
582 19 138 8 744 1
583 28 138 8 744 1
584 13 138 14 988 1
585 16 118 11 1175 1
586 6 121 13 2209 1
587 11 121 13 2209 1
588 16 121 13 2209 1
589 10 137 27 4910 1
590 7 132 12 812 1
591 19 129 19 3110 1
592 37 129 19 3110 1
593 55 129 19 3110 1
594 19 126 6 861 1
595 37 126 6 861 1
596 14 127 29 4878 1
597 27 127 29 4878 1
598 57 137 28 3437 1
599 8 141 16 2259 1
600 15 141 16 2259 1
601 22 141 16 2259 1
602 29 141 16 2259 1
603 7 121 11 1212 1
604 68 137 19 2234 1
605 15 133 17 2232 1
606 15 141 8 565 1
607 16 138 17 2766 1
608 31 138 17 2766 1
609 46 138 17 2766 1
610 61 138 17 2766 1
611 76 138 17 2766 1
612 91 138 17 2766 1
613 17 134 8 1372 1
614 33 134 8 1372 1
615 49 134 8 1372 1
616 65 134 8 1372 1
617 81 134 8 1372 1
618 2 138 17 3463 1
619 3 138 17 3463 1
620 12 141 22 4466 1
621 23 141 22 4466 1
622 34 141 22 4466 1
623 45 141 22 4466 1
624 56 141 22 4466 1
625 67 141 22 4466 1
626 78 141 22 4466 1
627 3 127 7 576 1
628 5 118 9 1158 1
629 9 118 9 1158 1
630 3 141 11 2296 1
631 2 140 20 1866 1
632 16 118 28 3154 1
633 21 134 30 3492 1
634 5 118 27 2003 1
635 9 118 27 2003 1
636 13 118 27 2003 1
637 17 118 27 2003 1
638 21 118 27 2003 1
639 8 121 14 878 1
640 15 121 14 878 1
641 5 134 9 1646 1
642 9 134 9 1646 1
643 13 134 9 1646 1
644 17 134 9 1646 1
645 4 122 15 2242 1
646 13 137 18 3450 1
647 17 118 13 1990 1
648 33 118 13 1990 1
649 49 118 13 1990 1
650 65 118 13 1990 1
651 81 118 13 1990 1
652 15 129 13 1455 1
653 29 129 13 1455 1
654 6 125 7 517 1
655 11 125 7 517 1
656 16 125 7 517 1
657 21 125 7 517 1
658 26 125 7 517 1
659 31 125 7 517 1
660 36 125 7 517 1
661 41 125 7 517 1
662 46 125 7 517 1
663 13 161 22 2099 1
664 25 161 22 2099 1
665 37 161 22 2099 1
666 9 165 25 2874 1
667 7 160 20 3202 1
668 12 160 26 6016 1
669 23 160 26 6016 1
670 34 160 26 6016 1
671 45 160 26 6016 1
672 56 160 26 6016 1
673 14 165 23 5198 1
674 12 149 19 2947 1
675 23 149 19 2947 1
676 34 149 19 2947 1
677 4 160 14 3166 1
678 9 147 38 7597 1
679 17 147 38 7597 1
680 12 157 11 926 1
681 11 157 9 1907 1
682 21 157 9 1907 1
683 10 166 17 2034 1
684 12 161 21 4078 1
685 14 157 20 4032 1
686 27 157 20 4032 1
687 3 149 11 1098 1
688 15 160 13 1112 1
689 13 154 12 2177 1
690 25 154 12 2177 1
691 15 149 15 2566 1
692 29 149 15 2566 1
693 12 147 11 1641 1
694 23 147 11 1641 1
695 13 155 12 2529 1
696 3 161 21 4988 1
697 16 155 6 612 1
698 22 149 10 1465 1
699 10 151 28 5175 1
700 19 151 28 5175 1
701 3 158 19 3472 1
702 14 155 12 2649 1
703 27 155 12 2649 1
704 40 155 12 2649 1
705 14 165 19 4202 1
706 7 160 16 1496 1
707 5 166 20 2372 1
708 14 151 19 2574 1
709 27 151 19 2574 1
710 40 151 19 2574 1
711 9 155 14 2832 1
712 17 155 14 2832 1
713 25 155 14 2832 1
714 33 155 14 2832 1
715 14 160 56 6525 1
716 12 154 19 2239 1
717 14 160 16 2113 1
718 27 160 16 2113 1
719 10 149 15 1965 1
720 19 149 15 1965 1
721 28 149 15 1965 1
722 37 149 15 1965 1
723 19 147 35 4074 1
724 37 147 35 4074 1
725 55 147 35 4074 1
726 2 161 33 4043 1
727 10 147 8 980 1
728 13 157 17 2539 1
729 14 149 28 4016 1
730 27 149 28 4016 1
731 40 149 28 4016 1
732 53 149 28 4016 1
733 66 149 28 4016 1
734 12 157 20 3795 1
735 23 157 20 3795 1
736 11 157 20 2104 1
737 2 147 21 4230 1
738 4 151 38 5650 1
739 20 155 22 2482 1
740 4 161 8 1614 1
741 13 154 5 768 1
742 25 154 5 768 1
743 37 154 5 768 1
744 49 154 5 768 1
745 15 160 14 1885 1
746 8 158 39 6650 1
747 15 158 39 6650 1
748 22 158 39 6650 1
749 9 157 28 3481 1
750 12 160 38 6644 1
751 23 160 38 6644 1
752 14 154 9 1575 1
753 27 154 9 1575 1
754 13 160 27 2938 1
755 14 155 9 1820 1
756 7 154 16 3213 1
757 7 151 24 3634 1
758 3 166 20 2760 1
759 5 166 20 2760 1
760 7 166 20 2760 1
761 9 166 20 2760 1
762 14 160 27 3700 1
763 27 160 27 3700 1
764 40 160 27 3700 1
765 53 160 27 3700 1
766 8 149 13 1125 1
767 15 149 13 1125 1
768 12 158 20 2192 1
769 23 158 20 2192 1
770 10 166 35 5007 1
771 4 158 12 2024 1
772 8 157 13 2020 1
773 3 157 11 1631 1
774 3 165 18 2084 1
775 2 151 8 1028 1
776 12 166 25 6019 1
777 23 166 25 6019 1
778 3 151 29 3657 1
779 4 166 21 2087 1
780 3 166 10 2187 1
781 5 166 10 2187 1
782 7 151 24 4464 1
783 12 147 26 4417 1
784 23 147 26 4417 1
785 34 147 26 4417 1
786 45 147 26 4417 1
787 56 147 26 4417 1
788 3 151 12 2535 1
789 13 165 24 4334 1
790 25 165 24 4334 1
791 37 165 24 4334 1
792 13 155 27 2676 1
793 25 155 27 2676 1
794 37 155 27 2676 1
795 13 155 22 2562 1
796 25 155 22 2562 1
797 37 155 22 2562 1
798 4 166 25 2370 1
799 11 154 19 3027 1
800 21 154 19 3027 1
801 13 166 14 3372 1
802 12 160 14 2703 1
803 23 160 14 2703 1
804 3 151 8 719 1
805 9 166 18 1603 1
806 16 165 12 2156 1
807 31 165 12 2156 1
808 8 147 16 3165 1
809 15 157 20 2583 1
810 29 157 20 2583 1
811 43 157 20 2583 1
812 57 157 20 2583 1
813 71 157 20 2583 1
814 10 161 11 1727 1
815 19 161 11 1727 1
816 3 147 31 5328 1
817 16 165 30 6171 1
818 10 154 23 4693 1
819 20 197 23 3179 1
820 23 184 15 2828 1
821 25 197 34 5485 1
822 4 168 23 3192 1
823 10 169 18 1905 1
824 23 178 24 4053 1
825 45 178 24 4053 1
826 33 197 23 5922 1
827 37 185 9 1142 1
828 12 198 43 9817 1
829 15 170 39 8723 1
830 142 183 21 4008 1
831 22 197 16 4252 1
832 24 175 29 7015 1
833 16 190 19 4942 1
834 15 175 13 2185 1
835 29 175 13 2185 1
836 43 175 13 2185 1
837 15 197 31 8353 1
838 13 190 7 713 1
839 25 190 7 713 1
840 10 169 7 1619 1
841 12 194 8 1244 1
842 31 197 20 3373 1
843 61 197 20 3373 1
844 23 170 16 3757 1
845 16 184 25 4691 1
846 13 184 63 7797 1
847 16 169 18 1714 1
848 31 169 18 1714 1
849 10 195 21 2619 1
850 19 195 21 2619 1
851 92 178 24 5844 1
852 37 170 39 5313 1
853 39 194 14 1615 1
854 15 194 19 3578 1
855 23 198 8 2006 1
856 15 188 17 4225 1
857 22 170 11 2310 1
858 15 169 7 728 1
859 41 170 21 3230 1
860 21 188 20 3476 1
861 30 170 13 1544 1
862 22 168 17 3624 1
863 21 184 16 4058 1
864 42 178 12 2658 1
865 15 170 6 616 1
866 20 178 49 12402 1
867 3 169 21 4880 1
868 14 169 17 3127 1
869 11 188 34 7364 1
870 17 185 31 2878 1
871 33 185 31 2878 1
872 4 168 14 2202 1
873 73 188 41 5581 1
874 10 168 43 7966 1
875 4 190 15 1804 1
876 9 185 12 2637 1
877 10 178 3 377 1
878 22 190 32 5609 1
879 13 185 30 5009 1
880 11 169 12 1443 1
881 16 194 35 7423 1
882 2 190 28 2975 1
883 10 175 32 3149 1
884 15 194 8 1329 1
885 15 185 45 12245 1
886 34 170 14 1434 1
887 15 190 31 8188 1
888 29 190 31 8188 1
889 15 169 19 3400 1
890 29 169 19 3400 1
891 43 169 19 3400 1
892 57 169 19 3400 1
893 24 194 26 3758 1
894 13 175 22 4043 1
895 11 184 11 1292 1
896 35 168 29 7198 1
897 69 168 29 7198 1
898 15 183 13 1204 1
899 37 168 15 1908 1
900 15 169 27 3808 1
901 15 190 16 2108 1
902 24 190 16 2261 1
903 10 170 17 3099 1
904 13 195 26 6211 1
905 60 170 7 921 1
906 119 170 7 921 1
907 32 175 19 2898 1
908 16 198 50 6742 1
909 31 198 50 6742 1
910 13 170 44 9410 1
911 15 183 33 5319 1
912 4 184 30 5485 1
913 10 168 8 696 1
914 11 198 20 3326 1
915 15 169 29 7215 1
916 46 222 22 5884 1
917 37 211 14 2652 1
918 73 211 14 2652 1
919 109 211 14 2652 1
920 145 211 14 2652 1
921 181 211 14 2652 1
922 217 211 14 2652 1
923 253 211 14 2652 1
924 289 211 14 2652 1
925 325 211 14 2652 1
926 361 211 14 2652 1
927 397 211 14 2652 1
928 42 212 23 6233 1
929 83 212 23 6233 1
930 124 212 23 6233 1
931 165 212 23 6233 1
932 206 212 23 6233 1
933 247 212 23 6233 1
934 35 207 15 4009 1
935 69 207 15 4009 1
936 103 207 15 4009 1
937 137 207 15 4009 1
938 40 221 6 914 1
939 79 221 6 914 1
940 118 221 6 914 1
941 157 221 6 914 1
942 41 222 33 5119 1
943 81 222 33 5119 1
944 121 222 33 5119 1
945 161 222 33 5119 1
946 201 222 33 5119 1
947 241 222 33 5119 1
948 281 222 33 5119 1
949 321 222 33 5119 1
950 361 222 33 5119 1
951 401 222 33 5119 1
952 441 222 33 5119 1
953 71 210 22 6552 1
954 77 222 11 3131 1
955 37 210 15 4001 1
956 73 210 15 4001 1
957 109 210 15 4001 1
958 145 210 15 4001 1
959 33 212 22 5952 1
960 65 212 22 5952 1
961 97 212 22 5952 1
962 129 212 22 5952 1
963 161 212 22 5952 1
964 193 212 22 5952 1
965 225 212 22 5952 1
966 257 212 22 5952 1
967 289 212 22 5952 1
968 321 212 22 5952 1
969 353 212 22 5952 1
970 385 212 22 5952 1
971 417 212 22 5952 1
972 449 212 22 5952 1
973 481 212 22 5952 1
974 513 212 22 5952 1
975 545 212 22 5952 1
976 37 210 19 4273 1
977 73 210 19 4273 1
978 109 210 19 4273 1
979 39 211 19 2671 1
980 77 211 19 2671 1
981 115 211 19 2671 1
982 101 230 16 4704 1
983 36 239 16 3342 1
984 37 230 19 3256 1
985 35 225 21 6068 1
986 69 225 21 6068 1
987 59 230 21 4641 1
988 36 239 19 6094 1
989 37 228 23 3349 1
990 73 228 23 3349 1
991 37 225 16 2088 1
992 73 225 16 2088 1
993 37 230 22 5255 1
994 58 230 24 3521 1
995 36 239 17 5537 1
996 35 230 13 2708 1
997 59 230 13 1982 1
998 117 230 13 1982 1
999 58 230 23 3691 1
1000 36 225 16 2363 1
1001 71 225 16 2363 1
1002 34 225 19 4625 1
1003 33 230 34 5784 1
1004 54 239 16 2239 1
1005 57 225 16 5371 1
1006 35 230 25 7586 1
1007 69 230 25 7586 1
1008 84 239 19 4860 1
1009 36 239 23 2806 1
1010 59 228 22 3885 1
1011 38 230 23 6522 1
1012 36 239 21 6343 1
1013 96 239 22 3853 1
1014 58 228 24 7286 1
1015 56 225 14 2747 1
1016 62 239 20 6319 1
1017 58 270 3 686 1
1018 57 279 26 4755 1
1019 57 291 22 6376 1
1020 58 293 18 5206 1
1021 37 268 9 3468 1
1022 94 261 27 6717 1
1023 92 259 23 3990 1
1024 37 265 27 4669 1
1025 37 262 10 2968 1
1026 106 270 26 4868 1
1027 36 279 27 10799 1
1028 58 268 19 2554 1
1029 36 282 16 4553 1
1030 37 267 2 744 1
1031 56 268 24 3611 1
1032 58 270 24 9410 1
1033 57 262 17 4238 1
1034 66 293 16 4870 1
1035 58 294 34 13373 1
1036 36 268 22 5598 1
35
400 400 400 400 500 500 600 600 600 600 600 600 600 400 400 400 400 400 230 315 600 450 450 400 400 400 665 725 645 500 500 305 400 400 390 