1036
1 11 101 38 5027 1
2 21 101 38 5027 1
3 3 101 6 896 1
4 25 101 13 881 1
5 49 101 13 881 1
6 73 101 13 881 1
7 97 101 13 881 1
8 121 101 13 881 1
9 3 101 28 2920 1
10 3 99 23 2837 1
11 5 99 23 2837 1
12 15 99 21 2076 1
13 29 99 21 2076 1
14 6 101 7 943 1
15 15 101 43 3355 1
16 29 101 43 3355 1
17 21 101 37 5497 1
18 6 101 12 1516 1
19 7 99 25 3288 1
20 4 101 15 1976 1
21 13 99 12 1760 1
22 7 101 14 2093 1
23 11 99 12 1015 1
24 21 99 12 1015 1
25 31 99 12 1015 1
26 41 99 12 1015 1
27 51 99 12 1015 1
28 61 99 12 1015 1
29 27 99 13 1399 1
30 7 99 30 4137 1
31 4 101 41 5703 1
32 7 101 41 5703 1
33 10 101 41 5703 1
34 4 99 11 1407 1
35 3 101 14 1474 1
36 5 101 14 1474 1
37 7 101 14 1474 1
38 9 101 14 1474 1
39 26 99 8 1046 1
40 6 134 19 1916 1
41 14 118 11 1268 1
42 27 118 11 1268 1
43 7 121 10 1762 1
44 13 121 10 1762 1
45 13 122 4 722 1
46 11 129 12 1215 1
47 5 125 14 1912 1
48 16 138 14 2580 1
49 31 138 14 2580 1
50 46 138 14 2580 1
51 61 138 14 2580 1
52 76 138 14 2580 1
53 58 129 7 840 1
54 3 134 13 1698 1
55 10 134 14 1186 1
56 19 134 14 1186 1
57 28 134 14 1186 1
58 37 134 14 1186 1
59 46 134 14 1186 1
60 6 121 9 1058 1
61 11 121 9 1058 1
62 16 121 9 1058 1
63 21 121 9 1058 1
64 11 137 8 651 1
65 14 141 8 1514 1
66 12 134 25 4990 1
67 23 134 25 4990 1
68 34 134 25 4990 1
69 14 134 20 1925 1
70 21 137 10 1661 1
71 41 137 10 1661 1
72 61 137 10 1661 1
73 81 137 10 1661 1
74 101 137 10 1661 1
75 121 137 10 1661 1
76 141 137 10 1661 1
77 161 137 10 1661 1
78 8 138 24 2081 1
79 4 138 24 4670 1
80 3 132 8 1070 1
81 5 118 11 1892 1
82 9 118 11 1892 1
83 13 118 11 1892 1
84 17 118 11 1892 1
85 21 118 11 1892 1
86 25 118 11 1892 1
87 29 118 11 1892 1
88 33 118 11 1892 1
89 16 125 16 1031 1
90 31 125 16 1031 1
91 46 125 16 1031 1
92 61 125 16 1031 1
93 76 125 16 1031 1
94 91 125 16 1031 1
95 106 125 16 1031 1
96 121 125 16 1031 1
97 136 125 16 1031 1
98 11 138 18 3619 1
99 21 138 18 3619 1
100 1 141 15 2250 1
101 1 141 15 2250 1
102 1 141 15 2250 1
103 1 141 15 2250 1
104 1 141 15 2250 1
105 1 141 15 2250 1
106 3 138 26 2834 1
107 13 121 7 1099 1
108 13 129 19 1560 1
109 18 139 20 1522 1
110 35 139 20 1522 1
111 11 126 16 1323 1
112 21 126 16 1323 1
113 31 126 16 1323 1
114 3 133 22 3014 1
115 5 127 16 1036 1
116 9 138 37 7407 1
117 8 139 17 2528 1
118 15 139 17 2528 1
119 4 122 14 2298 1
120 9 132 34 5161 1
121 17 132 34 5161 1
122 14 139 13 1807 1
123 27 139 13 1807 1
124 3 126 49 5946 1
125 13 138 15 2996 1
126 25 138 15 2996 1
127 37 138 15 2996 1
128 49 138 15 2996 1
129 61 138 15 2996 1
130 11 138 12 1920 1
131 21 138 12 1920 1
132 31 138 12 1920 1
133 20 141 17 1822 1
134 39 141 17 1822 1
135 58 141 17 1822 1
136 77 141 17 1822 1
137 96 141 17 1822 1
138 115 141 17 1822 1
139 134 141 17 1822 1
140 153 141 17 1822 1
141 172 141 17 1822 1
142 191 141 17 1822 1
143 210 141 17 1822 1
144 229 141 17 1822 1
145 248 141 17 1822 1
146 267 141 17 1822 1
147 17 126 23 2152 1
148 33 126 23 2152 1
149 11 125 35 3256 1
150 21 125 35 3256 1
151 31 125 35 3256 1
152 41 125 35 3256 1
153 17 118 21 3335 1
154 89 129 29 1969 1
155 9 140 17 1848 1
156 15 141 12 1687 1
157 7 138 12 1686 1
158 13 138 12 1686 1
159 19 138 12 1686 1
160 25 138 12 1686 1
161 4 129 15 1736 1
162 16 122 68 11840 1
163 31 122 68 11840 1
164 46 122 68 11840 1
165 61 122 68 11840 1
166 8 129 35 6090 1
167 15 129 35 6090 1
168 22 129 35 6090 1
169 29 129 35 6090 1
170 36 129 35 6090 1
171 10 125 12 1550 1
172 5 121 7 794 1
173 9 121 7 794 1
174 4 126 21 1805 1
175 101 140 25 3510 1
176 11 121 13 1435 1
177 21 121 13 1435 1
178 31 121 13 1435 1
179 9 125 18 2560 1
180 10 129 38 6604 1
181 19 129 38 6604 1
182 28 129 38 6604 1
183 37 129 38 6604 1
184 22 132 12 1756 1
185 3 140 38 4501 1
186 7 133 7 830 1
187 13 133 7 830 1
188 19 133 7 830 1
189 25 133 7 830 1
190 31 133 7 830 1
191 37 133 7 830 1
192 43 133 7 830 1
193 49 133 7 830 1
194 55 133 7 830 1
195 3 118 13 1276 1
196 11 127 9 1042 1
197 21 127 9 1042 1
198 14 125 14 2184 1
199 8 121 15 1284 1
200 15 121 15 1284 1
201 2 139 54 8672 1
202 11 140 18 3574 1
203 4 141 77 7964 1
204 7 141 77 7964 1
205 17 141 15 1987 1
206 33 141 15 1987 1
207 49 141 15 1987 1
208 65 141 15 1987 1
209 81 141 15 1987 1
210 97 141 15 1987 1
211 4 140 9 1478 1
212 17 137 15 2036 1
213 33 137 15 2036 1
214 49 137 15 2036 1
215 5 137 18 3089 1
216 49 137 12 1647 1
217 20 137 11 1947 1
218 39 137 11 1947 1
219 58 137 11 1947 1
220 77 137 11 1947 1
221 96 137 11 1947 1
222 115 137 11 1947 1
223 18 137 4 602 1
224 35 137 4 602 1
225 52 137 4 602 1
226 8 133 10 726 1
227 15 133 10 726 1
228 22 133 10 726 1
229 5 122 24 4227 1
230 7 121 8 781 1
231 13 121 8 781 1
232 19 121 8 781 1
233 25 121 8 781 1
234 31 121 8 781 1
235 37 121 8 781 1
236 43 121 8 781 1
237 49 121 8 781 1
238 11 140 7 696 1
239 21 140 7 696 1
240 31 140 7 696 1
241 7 110 9 1365 1
242 13 110 9 1365 1
243 19 110 9 1365 1
244 25 110 9 1365 1
245 31 110 9 1365 1
246 37 110 9 1365 1
247 10 140 10 979 1
248 19 140 10 979 1
249 28 140 10 979 1
250 37 140 10 979 1
251 46 140 10 979 1
252 55 140 10 979 1
253 10 139 15 1103 1
254 19 139 15 1103 1
255 28 139 15 1103 1
256 37 139 15 1103 1
257 46 139 15 1103 1
258 55 139 15 1103 1
259 5 121 17 2486 1
260 11 122 21 3213 1
261 3 133 9 1210 1
262 2 129 9 1574 1
263 11 126 6 1122 1
264 21 126 6 1122 1
265 10 110 21 1289 1
266 3 118 23 1571 1
267 3 110 19 2515 1
268 9 137 16 2806 1
269 17 137 16 2806 1
270 5 141 29 2499 1
271 9 141 29 2499 1
272 13 141 29 2499 1
273 17 141 29 2499 1
274 3 121 11 752 1
275 11 138 39 7008 1
276 11 140 7 532 1
277 21 140 7 532 1
278 31 140 7 532 1
279 41 140 7 532 1
280 51 140 7 532 1
281 61 140 7 532 1
282 71 140 7 532 1
283 81 140 7 532 1
284 91 140 7 532 1
285 101 140 7 532 1
286 12 137 7 1277 1
287 23 137 7 1277 1
288 34 137 7 1277 1
289 45 137 7 1277 1
290 56 137 7 1277 1
291 67 137 7 1277 1
292 78 137 7 1277 1
293 89 137 7 1277 1
294 100 137 7 1277 1
295 111 137 7 1277 1
296 122 137 7 1277 1
297 133 137 7 1277 1
298 144 137 7 1277 1
299 9 134 6 473 1
300 15 133 11 1650 1
301 10 118 10 746 1
302 11 125 21 1603 1
303 21 125 21 1603 1
304 31 125 21 1603 1
305 41 125 21 1603 1
306 51 125 21 1603 1
307 61 125 21 1603 1
308 71 125 21 1603 1
309 81 125 21 1603 1
310 91 125 21 1603 1
311 101 125 21 1603 1
312 14 110 6 612 1
313 27 110 6 612 1
314 40 110 6 612 1
315 5 121 18 1832 1
316 9 121 18 1832 1
317 13 121 18 1832 1
318 17 121 18 1832 1
319 21 121 18 1832 1
320 25 121 18 1832 1
321 29 121 18 1832 1
322 9 127 11 808 1
323 17 127 11 808 1
324 25 127 11 808 1
325 12 110 12 1298 1
326 23 110 12 1298 1
327 4 125 7 958 1
328 6 133 10 1842 1
329 11 133 10 1842 1
330 16 133 10 1842 1
331 21 133 10 1842 1
332 4 129 10 1028 1
333 7 129 10 1028 1
334 15 127 11 1316 1
335 29 127 11 1316 1
336 43 127 11 1316 1
337 57 127 11 1316 1
338 71 127 11 1316 1
339 85 127 11 1316 1
340 4 125 8 1414 1
341 7 125 8 1414 1
342 12 139 10 989 1
343 12 139 8 1138 1
344 23 139 8 1138 1
345 9 139 9 1587 1
346 17 139 9 1587 1
347 17 137 22 4383 1
348 3 137 21 2659 1
349 7 133 13 1808 1
350 13 134 21 2117 1
351 25 134 21 2117 1
352 37 134 21 2117 1
353 49 134 21 2117 1
354 9 127 17 1957 1
355 9 129 23 2997 1
356 17 129 23 2997 1
357 25 129 23 2997 1
358 3 129 14 1019 1
359 3 137 7 853 1
360 12 140 8 1367 1
361 23 140 8 1367 1
362 34 140 8 1367 1
363 5 133 17 3290 1
364 9 133 17 3290 1
365 13 110 13 1249 1
366 25 110 13 1249 1
367 7 127 24 2832 1
368 11 121 9 1047 1
369 3 141 18 2926 1
370 4 122 14 1613 1
371 15 126 18 2052 1
372 29 126 18 2052 1
373 43 126 18 2052 1
374 57 126 18 2052 1
375 71 126 18 2052 1
376 6 137 12 1045 1
377 11 137 12 1045 1
378 16 137 12 1045 1
379 21 137 12 1045 1
380 26 137 12 1045 1
381 31 137 12 1045 1
382 21 133 11 2075 1
383 4 110 8 818 1
384 5 127 6 968 1
385 7 132 31 4065 1
386 13 132 31 4065 1
387 9 129 9 721 1
388 17 129 9 721 1
389 25 129 9 721 1
390 33 129 9 721 1
391 41 129 9 721 1
392 49 129 9 721 1
393 57 129 9 721 1
394 12 121 6 505 1
395 4 110 19 1868 1
396 7 110 19 1868 1
397 4 127 13 2164 1
398 7 127 13 2164 1
399 34 138 13 1988 1
400 3 140 36 4501 1
401 5 140 36 4501 1
402 71 132 11 2104 1
403 11 133 10 1699 1
404 21 133 10 1699 1
405 31 133 10 1699 1
406 41 133 10 1699 1
407 51 133 10 1699 1
408 16 133 9 1634 1
409 31 133 9 1634 1
410 46 133 9 1634 1
411 12 140 24 3829 1
412 4 121 9 1113 1
413 7 121 9 1113 1
414 10 121 9 1113 1
415 14 134 23 3168 1
416 3 110 27 1631 1
417 13 126 7 777 1
418 46 140 20 3825 1
419 15 118 22 2057 1
420 29 118 22 2057 1
421 3 140 6 709 1
422 5 140 6 709 1
423 4 125 11 1099 1
424 7 125 11 1099 1
425 4 118 15 2082 1
426 13 122 13 1563 1
427 25 122 13 1563 1
428 37 122 13 1563 1
429 49 122 13 1563 1
430 61 122 13 1563 1
431 73 122 13 1563 1
432 9 134 18 1553 1
433 17 134 18 1553 1
434 25 134 18 1553 1
435 33 134 18 1553 1
436 41 134 18 1553 1
437 49 134 18 1553 1
438 57 134 18 1553 1
439 4 133 45 8901 1
440 7 133 45 8901 1
441 5 118 15 1930 1
442 12 138 15 2343 1
443 23 138 15 2343 1
444 34 138 15 2343 1
445 11 126 8 1384 1
446 21 126 8 1384 1
447 31 126 8 1384 1
448 4 125 16 1072 1
449 3 134 16 1327 1
450 5 134 16 1327 1
451 7 134 16 1327 1
452 8 141 31 4393 1
453 4 121 11 1298 1
454 15 138 23 3775 1
455 29 138 23 3775 1
456 43 138 23 3775 1
457 57 138 23 3775 1
458 71 138 23 3775 1
459 8 121 31 3708 1
460 15 121 31 3708 1
461 22 121 31 3708 1
462 29 121 31 3708 1
463 20 139 9 1280 1
464 39 139 9 1280 1
465 58 139 9 1280 1
466 77 139 9 1280 1
467 12 122 16 1241 1
468 63 125 7 1279 1
469 4 140 11 1414 1
470 7 140 11 1414 1
471 10 140 11 1414 1
472 18 129 11 1279 1
473 35 129 11 1279 1
474 9 127 35 5602 1
475 17 127 35 5602 1
476 25 127 35 5602 1
477 6 133 17 3058 1
478 11 133 17 3058 1
479 22 139 15 2925 1
480 21 134 5 682 1
481 41 134 5 682 1
482 61 134 5 682 1
483 81 134 5 682 1
484 101 134 5 682 1
485 121 134 5 682 1
486 141 134 5 682 1
487 161 134 5 682 1
488 10 141 7 793 1
489 19 141 7 793 1
490 28 141 7 793 1
491 37 141 7 793 1
492 46 141 7 793 1
493 13 137 21 2356 1
494 25 137 21 2356 1
495 37 137 21 2356 1
496 49 137 21 2356 1
497 17 118 47 7715 1
498 33 118 47 7715 1
499 49 118 47 7715 1
500 65 118 47 7715 1
501 81 118 47 7715 1
502 15 127 9 748 1
503 29 127 9 748 1
504 43 127 9 748 1
505 57 127 9 748 1
506 15 122 25 2977 1
507 3 141 10 987 1
508 5 141 10 987 1
509 7 141 10 987 1
510 7 141 10 831 1
511 13 141 10 831 1
512 19 141 10 831 1
513 25 141 10 831 1
514 16 134 23 1902 1
515 31 134 23 1902 1
516 46 134 23 1902 1
517 61 134 23 1902 1
518 76 134 23 1902 1
519 91 134 23 1902 1
520 106 134 23 1902 1
521 121 134 23 1902 1
522 136 134 23 1902 1
523 151 134 23 1902 1
524 166 134 23 1902 1
525 181 134 23 1902 1
526 196 134 23 1902 1
527 13 118 42 5791 1
528 25 118 42 5791 1
529 4 129 9 1302 1
530 7 129 9 1302 1
531 9 125 16 1034 1
532 17 125 16 1034 1
533 25 125 16 1034 1
534 33 125 16 1034 1
535 41 125 16 1034 1
536 49 125 16 1034 1
537 57 125 16 1034 1
538 2 121 28 4714 1
539 18 118 9 550 1
540 11 118 21 2134 1
541 3 125 6 991 1
542 50 138 6 766 1
543 4 121 59 9937 1
544 7 121 59 9937 1
545 10 121 59 9937 1
546 13 121 59 9937 1
547 16 121 59 9937 1
548 19 121 59 9937 1
549 22 121 59 9937 1
550 25 121 59 9937 1
551 65 110 6 473 1
552 4 126 17 1585 1
553 7 126 17 1585 1
554 7 118 12 1814 1
555 13 118 12 1814 1
556 19 118 12 1814 1
557 25 118 12 1814 1
558 31 118 12 1814 1
559 37 118 12 1814 1
560 3 110 22 1947 1
561 14 133 14 956 1
562 27 133 14 956 1
563 40 133 14 956 1
564 53 133 14 956 1
565 66 133 14 956 1
566 79 133 14 956 1
567 13 137 11 1462 1
568 13 122 6 1085 1
569 4 126 10 1689 1
570 4 133 19 1415 1
571 9 126 62 11098 1
572 21 139 19 1812 1
573 41 139 19 1812 1
574 61 139 19 1812 1
575 81 139 19 1812 1
576 101 139 19 1812 1
577 121 139 19 1812 1
578 4 122 20 1578 1
579 15 110 11 935 1
580 29 110 11 935 1
581 5 121 14 1035 1
582 16 121 7 955 1
583 31 121 7 955 1
584 46 121 7 955 1
585 61 121 7 955 1
586 76 121 7 955 1
587 91 121 7 955 1
588 106 121 7 955 1
589 121 121 7 955 1
590 136 121 7 955 1
591 151 121 7 955 1
592 166 121 7 955 1
593 12 137 7 1030 1
594 19 134 22 1911 1
595 37 134 22 1911 1
596 3 139 44 9023 1
597 12 118 10 1114 1
598 23 118 10 1114 1
599 34 118 10 1114 1
600 45 118 10 1114 1
601 56 118 10 1114 1
602 67 118 10 1114 1
603 78 118 10 1114 1
604 10 141 33 5090 1
605 11 133 18 2979 1
606 21 133 18 2979 1
607 5 110 11 1518 1
608 20 140 11 2161 1
609 3 121 13 925 1
610 9 127 7 760 1
611 17 127 7 760 1
612 4 122 3 228 1
613 7 122 3 228 1
614 4 129 17 2254 1
615 11 110 4 270 1
616 14 125 15 1126 1
617 10 129 10 1520 1
618 19 129 10 1520 1
619 28 129 10 1520 1
620 37 129 10 1520 1
621 46 129 10 1520 1
622 9 126 17 1352 1
623 17 126 17 1352 1
624 25 126 17 1352 1
625 33 126 17 1352 1
626 41 126 17 1352 1
627 49 126 17 1352 1
628 57 126 17 1352 1
629 65 126 17 1352 1
630 10 125 50 5540 1
631 5 137 30 5156 1
632 9 139 16 2996 1
633 17 139 16 2996 1
634 11 110 11 1617 1
635 5 129 11 1227 1
636 9 129 11 1227 1
637 13 129 11 1227 1
638 17 129 11 1227 1
639 21 129 11 1227 1
640 36 110 15 2096 1
641 9 121 11 1964 1
642 4 141 12 1129 1
643 7 141 12 1129 1
644 12 133 16 1839 1
645 23 133 16 1839 1
646 34 133 16 1839 1
647 45 133 16 1839 1
648 56 133 16 1839 1
649 67 133 16 1839 1
650 78 133 16 1839 1
651 89 133 16 1839 1
652 9 140 26 4093 1
653 3 129 13 1427 1
654 14 134 11 941 1
655 27 134 11 941 1
656 40 134 11 941 1
657 53 134 11 941 1
658 66 134 11 941 1
659 79 134 11 941 1
660 4 140 12 1381 1
661 3 121 11 733 1
662 12 132 7 837 1
663 9 165 9 1648 1
664 17 165 9 1648 1
665 25 165 9 1648 1
666 10 155 14 1762 1
667 11 160 31 6034 1
668 7 151 7 758 1
669 9 165 13 1583 1
670 13 155 11 2095 1
671 25 155 11 2095 1
672 37 155 11 2095 1
673 49 155 11 2095 1
674 10 155 12 1972 1
675 19 155 12 1972 1
676 13 151 13 1403 1
677 4 157 15 2022 1
678 6 157 6 1110 1
679 3 157 8 1605 1
680 5 157 8 1605 1
681 13 155 15 3346 1
682 8 155 7 829 1
683 15 155 7 829 1
684 11 147 22 3117 1
685 21 147 22 3117 1
686 31 147 22 3117 1
687 41 147 22 3117 1
688 51 147 22 3117 1
689 8 157 9 1311 1
690 12 151 9 1784 1
691 23 151 9 1784 1
692 9 147 5 589 1
693 17 147 5 589 1
694 11 161 15 2730 1
695 21 161 15 2730 1
696 2 147 16 2814 1
697 3 157 15 1797 1
698 5 157 15 1797 1
699 14 166 44 3792 1
700 27 166 44 3792 1
701 12 149 17 2221 1
702 23 149 17 2221 1
703 34 149 17 2221 1
704 45 149 17 2221 1
705 10 161 22 2572 1
706 12 155 19 2115 1
707 23 155 19 2115 1
708 10 149 18 2910 1
709 12 161 19 3515 1
710 12 157 23 5311 1
711 23 157 23 5311 1
712 34 157 23 5311 1
713 45 157 23 5311 1
714 56 157 23 5311 1
715 67 157 23 5311 1
716 78 157 23 5311 1
717 11 157 25 2852 1
718 4 160 29 6650 1
719 9 151 17 2494 1
720 14 149 22 3097 1
721 12 155 5 580 1
722 4 158 25 5686 1
723 14 160 14 1463 1
724 27 160 14 1463 1
725 40 160 14 1463 1
726 53 160 14 1463 1
727 66 160 14 1463 1
728 79 160 14 1463 1
729 9 158 13 1825 1
730 10 151 9 868 1
731 19 151 9 868 1
732 28 151 9 868 1
733 9 155 15 1761 1
734 10 155 15 2673 1
735 114 160 16 2347 1
736 4 149 20 2193 1
737 3 166 22 3719 1
738 16 154 24 3020 1
739 9 154 16 2331 1
740 17 154 16 2331 1
741 3 160 31 3349 1
742 13 147 10 1487 1
743 25 147 10 1487 1
744 37 147 10 1487 1
745 2 157 23 3240 1
746 10 160 16 2763 1
747 15 161 19 3327 1
748 14 160 18 3038 1
749 5 155 17 2550 1
750 12 149 35 5051 1
751 23 149 35 5051 1
752 34 149 35 5051 1
753 45 149 35 5051 1
754 56 149 35 5051 1
755 14 147 64 9037 1
756 27 147 64 9037 1
757 40 147 64 9037 1
758 53 147 64 9037 1
759 66 147 64 9037 1
760 79 147 64 9037 1
761 92 147 64 9037 1
762 12 157 32 6983 1
763 13 166 15 2792 1
764 25 166 15 2792 1
765 37 166 15 2792 1
766 49 166 15 2792 1
767 15 154 33 6053 1
768 29 154 33 6053 1
769 43 154 33 6053 1
770 57 154 33 6053 1
771 71 154 33 6053 1
772 12 147 14 2895 1
773 23 147 14 2895 1
774 16 149 9 1228 1
775 10 154 11 1272 1
776 11 155 12 2605 1
777 10 166 41 6743 1
778 19 166 41 6743 1
779 2 157 9 1496 1
780 13 155 25 4637 1
781 13 151 13 2100 1
782 10 166 22 4138 1
783 19 166 22 4138 1
784 10 165 6 1047 1
785 10 155 24 2626 1
786 11 147 24 4460 1
787 21 147 24 4460 1
788 8 155 15 2599 1
789 12 161 23 3300 1
790 23 161 23 3300 1
791 13 160 14 2271 1
792 14 157 6 832 1
793 16 161 5 640 1
794 3 165 37 8331 1
795 10 155 16 2670 1
796 10 155 19 3954 1
797 11 154 7 881 1
798 14 151 17 2292 1
799 27 151 17 2292 1
800 40 151 17 2292 1
801 28 155 35 5936 1
802 8 155 16 2102 1
803 17 165 41 7888 1
804 33 165 41 7888 1
805 49 165 41 7888 1
806 65 165 41 7888 1
807 30 147 25 5376 1
808 59 147 25 5376 1
809 15 155 25 3690 1
810 29 155 25 3690 1
811 43 155 25 3690 1
812 57 155 25 3690 1
813 71 155 25 3690 1
814 85 155 25 3690 1
815 14 158 29 6166 1
816 27 158 29 6166 1
817 40 158 29 6166 1
818 53 158 29 6166 1
819 21 185 86 16615 1
820 13 183 15 3726 1
821 16 170 15 2521 1
822 31 170 15 2521 1
823 15 194 19 3731 1
824 29 194 19 3731 1
825 29 168 22 3998 1
826 10 185 16 2852 1
827 12 170 41 7787 1
828 13 184 9 2421 1
829 15 170 12 2172 1
830 128 170 8 1227 1
831 16 169 9 2072 1
832 14 168 35 7934 1
833 11 185 38 8314 1
834 88 168 6 730 1
835 31 175 17 3164 1
836 10 183 16 3967 1
837 19 183 16 3967 1
838 28 183 16 3967 1
839 11 195 22 4539 1
840 10 198 7 2022 1
841 31 175 30 5567 1
842 16 198 26 2869 1
843 31 198 26 2869 1
844 17 194 25 6587 1
845 45 184 16 2559 1
846 89 184 16 2559 1
847 133 184 16 2559 1
848 177 184 16 2559 1
849 12 194 9 2382 1
850 21 169 30 6704 1
851 2 168 32 4598 1
852 13 175 26 5283 1
853 14 198 35 5430 1
854 46 195 19 5414 1
855 15 188 36 4842 1
856 15 169 15 1611 1
857 29 169 15 1611 1
858 14 194 17 3732 1
859 13 184 29 3685 1
860 25 184 29 3685 1
861 11 168 37 8041 1
862 165 190 17 3410 1
863 15 170 31 4293 1
864 4 170 17 2997 1
865 23 185 7 745 1
866 61 184 27 3428 1
867 121 184 27 3428 1
868 3 170 13 2694 1
869 13 185 33 5394 1
870 16 197 39 5661 1
871 15 183 18 4241 1
872 144 195 20 5537 1
873 15 170 27 5266 1
874 22 188 15 3034 1
875 21 188 20 2722 1
876 13 198 20 5501 1
877 74 184 11 1459 1
878 147 184 11 1459 1
879 11 197 41 4753 1
880 15 197 24 4563 1
881 29 197 24 4563 1
882 11 184 16 4135 1
883 21 184 16 4135 1
884 17 170 13 2391 1
885 9 178 24 4775 1
886 35 184 24 5815 1
887 23 195 59 14278 1
888 12 197 29 6262 1
889 14 190 11 2071 1
890 16 195 22 5964 1
891 13 194 16 3405 1
892 17 183 58 12202 1
893 41 175 12 2211 1
894 22 178 14 3648 1
895 10 170 28 6491 1
896 16 197 15 2167 1
897 31 197 15 2167 1
898 17 194 17 2926 1
899 33 194 17 2926 1
900 9 178 14 2617 1
901 16 175 5 1250 1
902 31 175 5 1250 1
903 11 175 7 1261 1
904 37 198 13 1372 1
905 98 169 11 1795 1
906 16 185 19 3452 1
907 10 185 35 8439 1
908 17 178 22 2049 1
909 33 178 22 2049 1
910 49 178 22 2049 1
911 65 178 22 2049 1
912 81 178 22 2049 1
913 97 178 22 2049 1
914 12 184 11 2889 1
915 23 184 11 2889 1
916 40 212 27 4508 1
917 36 207 9 2607 1
918 71 207 9 2607 1
919 106 207 9 2607 1
920 141 207 9 2607 1
921 176 207 9 2607 1
922 211 207 9 2607 1
923 246 207 9 2607 1
924 281 207 9 2607 1
925 316 207 9 2607 1
926 351 207 9 2607 1
927 386 207 9 2607 1
928 421 207 9 2607 1
929 456 207 9 2607 1
930 491 207 9 2607 1
931 526 207 9 2607 1
932 36 212 14 4218 1
933 71 212 14 4218 1
934 46 212 17 4036 1
935 43 222 24 4094 1
936 33 211 24 3869 1
937 65 211 24 3869 1
938 97 211 24 3869 1
939 129 211 24 3869 1
940 161 211 24 3869 1
941 193 211 24 3869 1
942 225 211 24 3869 1
943 257 211 24 3869 1
944 289 211 24 3869 1
945 38 210 19 4780 1
946 75 210 19 4780 1
947 112 210 19 4780 1
948 149 210 19 4780 1
949 186 210 19 4780 1
950 223 210 19 4780 1
951 260 210 19 4780 1
952 297 210 19 4780 1
953 334 210 19 4780 1
954 371 210 19 4780 1
955 408 210 19 4780 1
956 445 210 19 4780 1
957 482 210 19 4780 1
958 519 210 19 4780 1
959 29 221 18 2492 1
960 57 221 18 2492 1
961 85 221 18 2492 1
962 113 221 18 2492 1
963 141 221 18 2492 1
964 169 221 18 2492 1
965 197 221 18 2492 1
966 225 221 18 2492 1
967 35 212 14 3835 1
968 43 207 23 6934 1
969 85 207 23 6934 1
970 31 207 4 1191 1
971 61 207 4 1191 1
972 91 207 4 1191 1
973 121 207 4 1191 1
974 151 207 4 1191 1
975 181 207 4 1191 1
976 211 207 4 1191 1
977 241 207 4 1191 1
978 271 207 4 1191 1
979 301 207 4 1191 1
980 331 207 4 1191 1
981 361 207 4 1191 1
982 59 228 14 4632 1
983 59 230 17 2163 1
984 54 239 21 4864 1
985 39 239 14 2740 1
986 55 228 29 5774 1
987 37 230 23 3813 1
988 37 228 26 6962 1
989 54 239 16 5535 1
990 171 228 16 5142 1
991 107 230 18 4691 1
992 58 225 17 2081 1
993 37 239 18 5567 1
994 38 239 12 2532 1
995 75 239 12 2532 1
996 96 230 25 4500 1
997 39 228 13 2987 1
998 38 225 14 4229 1
999 75 225 14 4229 1
1000 112 225 14 4229 1
1001 37 225 20 6258 1
1002 115 239 23 3450 1
1003 229 239 23 3450 1
1004 37 230 17 2678 1
1005 73 230 17 2678 1
1006 33 228 9 2507 1
1007 39 228 18 2963 1
1008 33 230 21 6748 1
1009 35 230 13 4344 1
1010 33 228 16 3136 1
1011 65 228 16 3136 1
1012 57 230 20 3027 1
1013 31 228 18 2924 1
1014 57 239 21 4527 1
1015 36 239 15 2067 1
1016 32 239 15 2432 1
1017 56 277 33 10159 1
1018 57 305 28 10290 1
1019 105 278 25 8516 1
1020 57 255 16 4569 1
1021 36 267 24 3451 1
1022 57 294 18 3288 1
1023 67 262 33 6179 1
1024 133 262 33 6179 1
1025 57 268 22 3622 1
1026 113 268 22 3622 1
1027 91 278 31 5775 1
1028 57 293 14 4634 1
1029 113 293 14 4634 1
1030 169 293 14 4634 1
1031 225 293 14 4634 1
1032 56 299 40 13160 1
1033 111 299 40 13160 1
1034 36 262 12 3895 1
1035 57 278 25 8389 1
1036 48 270 18 3220 1
35
400 400 400 400 500 500 600 600 600 600 600 600 600 400 400 400 400 400 230 315 600 450 450 400 400 400 665 725 645 500 500 305 400 400 390 