1036
1 17 99 10 586 1
2 6 101 4 220 1
3 11 101 4 220 1
4 16 101 4 220 1
5 23 101 13 1619 1
6 45 101 13 1619 1
7 6 101 25 2688 1
8 7 101 35 3243 1
9 18 99 21 1470 1
10 35 99 21 1470 1
11 6 99 17 1103 1
12 4 99 9 1265 1
13 25 101 38 2406 1
14 7 101 23 2582 1
15 24 101 9 551 1
16 4 99 13 676 1
17 23 101 16 1696 1
18 3 101 20 2012 1
19 5 101 20 2012 1
20 13 99 11 1369 1
21 6 101 10 1436 1
22 11 101 10 1436 1
23 16 101 10 1436 1
24 3 99 16 1336 1
25 6 99 15 1227 1
26 11 99 15 1227 1
27 4 99 14 1442 1
28 7 99 14 1442 1
29 10 99 14 1442 1
30 7 99 9 597 1
31 13 99 9 597 1
32 19 99 9 597 1
33 4 101 10 524 1
34 20 99 19 1056 1
35 39 99 19 1056 1
36 58 99 19 1056 1
37 3 101 9 1071 1
38 26 101 23 2918 1
39 51 101 23 2918 1
40 11 140 15 2904 1
41 21 140 15 2904 1
42 31 140 15 2904 1
43 41 140 15 2904 1
44 51 140 15 2904 1
45 61 140 15 2904 1
46 71 140 15 2904 1
47 3 118 6 782 1
48 4 140 11 1124 1
49 7 140 11 1124 1
50 17 121 28 2273 1
51 33 121 28 2273 1
52 49 121 28 2273 1
53 65 121 28 2273 1
54 81 121 28 2273 1
55 97 121 28 2273 1
56 113 121 28 2273 1
57 3 118 20 3153 1
58 18 138 38 7744 1
59 9 125 9 675 1
60 17 125 9 675 1
61 14 126 6 1047 1
62 27 126 6 1047 1
63 40 126 6 1047 1
64 53 126 6 1047 1
65 23 140 7 1054 1
66 3 138 25 2948 1
67 3 125 18 3007 1
68 5 125 18 3007 1
69 15 133 56 10042 1
70 29 133 56 10042 1
71 43 133 56 10042 1
72 57 133 56 10042 1
73 71 133 56 10042 1
74 85 133 56 10042 1
75 99 133 56 10042 1
76 113 133 56 10042 1
77 127 133 56 10042 1
78 141 133 56 10042 1
79 155 133 56 10042 1
80 169 133 56 10042 1
81 183 133 56 10042 1
82 197 133 56 10042 1
83 4 141 24 2244 1
84 12 134 17 2569 1
85 23 134 17 2569 1
86 34 134 17 2569 1
87 45 134 17 2569 1
88 56 134 17 2569 1
89 67 134 17 2569 1
90 78 134 17 2569 1
91 89 134 17 2569 1
92 100 134 17 2569 1
93 5 132 14 2189 1
94 9 132 14 2189 1
95 13 132 14 2189 1
96 8 118 27 2584 1
97 15 118 27 2584 1
98 22 118 27 2584 1
99 29 118 27 2584 1
100 36 118 27 2584 1
101 4 133 24 1938 1
102 2 127 8 1337 1
103 14 133 15 1707 1
104 27 133 15 1707 1
105 4 139 17 2000 1
106 15 118 18 1206 1
107 29 118 18 1206 1
108 43 118 18 1206 1
109 57 118 18 1206 1
110 4 126 9 1570 1
111 10 133 19 2277 1
112 19 133 19 2277 1
113 28 133 19 2277 1
114 37 133 19 2277 1
115 46 133 19 2277 1
116 55 133 19 2277 1
117 64 133 19 2277 1
118 73 133 19 2277 1
119 8 122 20 2947 1
120 15 122 20 2947 1
121 22 122 20 2947 1
122 15 133 16 2548 1
123 29 133 16 2548 1
124 13 126 19 2543 1
125 25 126 19 2543 1
126 11 127 6 449 1
127 21 127 6 449 1
128 5 138 32 3893 1
129 7 118 9 750 1
130 11 129 15 1532 1
131 21 129 15 1532 1
132 59 141 16 2924 1
133 4 138 12 2262 1
134 7 138 12 2262 1
135 6 134 10 1174 1
136 2 133 6 1040 1
137 3 133 6 1040 1
138 4 133 6 1040 1
139 5 133 6 1040 1
140 6 133 6 1040 1
141 13 129 10 1680 1
142 14 127 11 1640 1
143 27 127 11 1640 1
144 40 127 11 1640 1
145 53 127 11 1640 1
146 66 127 11 1640 1
147 9 141 33 6453 1
148 17 141 33 6453 1
149 4 126 28 3969 1
150 14 138 21 2711 1
151 4 127 13 2362 1
152 7 127 13 2362 1
153 10 127 13 2362 1
154 13 127 13 2362 1
155 9 139 15 1063 1
156 17 139 15 1063 1
157 25 139 15 1063 1
158 4 129 31 4474 1
159 7 129 31 4474 1
160 14 122 13 1099 1
161 27 122 13 1099 1
162 40 122 13 1099 1
163 4 118 4 268 1
164 19 118 5 520 1
165 37 118 5 520 1
166 55 118 5 520 1
167 73 118 5 520 1
168 9 129 10 1019 1
169 17 129 10 1019 1
170 25 129 10 1019 1
171 10 110 6 510 1
172 19 110 6 510 1
173 28 110 6 510 1
174 37 110 6 510 1
175 46 110 6 510 1
176 55 110 6 510 1
177 64 110 6 510 1
178 73 110 6 510 1
179 82 110 6 510 1
180 8 137 5 747 1
181 66 118 8 630 1
182 3 110 8 1016 1
183 11 134 21 3992 1
184 21 134 21 3992 1
185 31 134 21 3992 1
186 41 134 21 3992 1
187 51 134 21 3992 1
188 61 134 21 3992 1
189 14 122 23 4062 1
190 5 140 6 573 1
191 9 140 6 573 1
192 5 139 9 1451 1
193 2 141 9 1354 1
194 7 133 16 2362 1
195 13 133 16 2362 1
196 9 118 27 4317 1
197 17 118 27 4317 1
198 6 126 13 1298 1
199 11 126 13 1298 1
200 12 121 28 2641 1
201 23 121 28 2641 1
202 34 121 28 2641 1
203 45 121 28 2641 1
204 13 110 5 626 1
205 4 133 16 1973 1
206 7 133 16 1973 1
207 13 132 8 975 1
208 25 132 8 975 1
209 37 132 8 975 1
210 49 132 8 975 1
211 61 132 8 975 1
212 16 118 8 1252 1
213 31 118 8 1252 1
214 46 118 8 1252 1
215 61 118 8 1252 1
216 76 118 8 1252 1
217 91 118 8 1252 1
218 106 118 8 1252 1
219 121 118 8 1252 1
220 136 118 8 1252 1
221 151 118 8 1252 1
222 166 118 8 1252 1
223 181 118 8 1252 1
224 10 122 18 3142 1
225 19 122 18 3142 1
226 28 122 18 3142 1
227 15 132 36 3989 1
228 4 129 39 5982 1
229 7 129 39 5982 1
230 10 129 39 5982 1
231 13 129 39 5982 1
232 9 138 13 2531 1
233 10 141 9 1496 1
234 19 141 9 1496 1
235 28 141 9 1496 1
236 37 141 9 1496 1
237 46 141 9 1496 1
238 55 141 9 1496 1
239 64 141 9 1496 1
240 73 141 9 1496 1
241 82 141 9 1496 1
242 91 141 9 1496 1
243 100 141 9 1496 1
244 12 141 16 3335 1
245 23 141 16 3335 1
246 34 141 16 3335 1
247 45 141 16 3335 1
248 56 141 16 3335 1
249 67 141 16 3335 1
250 78 141 16 3335 1
251 89 141 16 3335 1
252 15 127 13 2180 1
253 29 127 13 2180 1
254 43 127 13 2180 1
255 57 127 13 2180 1
256 71 127 13 2180 1
257 85 127 13 2180 1
258 19 118 20 2013 1
259 15 133 39 2899 1
260 29 133 39 2899 1
261 43 133 39 2899 1
262 57 133 39 2899 1
263 6 121 16 2393 1
264 11 121 16 2393 1
265 16 121 16 2393 1
266 21 121 16 2393 1
267 26 121 16 2393 1
268 31 121 16 2393 1
269 36 121 16 2393 1
270 41 121 16 2393 1
271 46 121 16 2393 1
272 51 121 16 2393 1
273 56 121 16 2393 1
274 61 121 16 2393 1
275 66 121 16 2393 1
276 71 121 16 2393 1
277 76 121 16 2393 1
278 75 141 28 5392 1
279 3 125 13 1630 1
280 5 125 13 1630 1
281 10 110 18 2489 1
282 2 139 13 1681 1
283 5 138 11 1096 1
284 9 138 11 1096 1
285 13 138 11 1096 1
286 14 139 5 899 1
287 3 121 22 2260 1
288 5 121 22 2260 1
289 10 138 9 1500 1
290 19 138 9 1500 1
291 28 138 9 1500 1
292 37 138 9 1500 1
293 46 138 9 1500 1
294 55 138 9 1500 1
295 64 138 9 1500 1
296 73 138 9 1500 1
297 82 138 9 1500 1
298 91 138 9 1500 1
299 13 127 4 645 1
300 25 127 4 645 1
301 37 127 4 645 1
302 49 127 4 645 1
303 61 127 4 645 1
304 73 127 4 645 1
305 85 127 4 645 1
306 97 127 4 645 1
307 11 138 11 1920 1
308 21 138 11 1920 1
309 31 138 11 1920 1
310 41 138 11 1920 1
311 6 140 19 3596 1
312 6 126 16 1430 1
313 10 127 24 2187 1
314 16 134 22 2027 1
315 31 134 22 2027 1
316 46 134 22 2027 1
317 10 118 6 946 1
318 19 118 6 946 1
319 28 118 6 946 1
320 37 118 6 946 1
321 46 118 6 946 1
322 55 118 6 946 1
323 13 110 26 3464 1
324 25 110 26 3464 1
325 37 110 26 3464 1
326 4 129 7 978 1
327 7 129 7 978 1
328 10 129 7 978 1
329 12 118 28 4217 1
330 23 118 28 4217 1
331 5 138 12 2113 1
332 4 118 24 3851 1
333 13 125 15 2143 1
334 25 125 15 2143 1
335 37 125 15 2143 1
336 12 127 7 883 1
337 23 127 7 883 1
338 34 127 7 883 1
339 1 132 40 5600 1
340 1 132 40 5600 1
341 1 132 40 5600 1
342 19 132 11 2099 1
343 37 132 11 2099 1
344 16 127 8 631 1
345 4 126 9 1512 1
346 7 137 26 2563 1
347 13 137 26 2563 1
348 19 137 26 2563 1
349 25 137 26 2563 1
350 31 137 26 2563 1
351 37 137 26 2563 1
352 43 137 26 2563 1
353 49 137 26 2563 1
354 55 137 26 2563 1
355 61 137 26 2563 1
356 67 137 26 2563 1
357 73 137 26 2563 1
358 79 137 26 2563 1
359 3 140 8 765 1
360 5 140 8 765 1
361 11 141 47 6475 1
362 11 122 10 1146 1
363 21 122 10 1146 1
364 31 122 10 1146 1
365 41 122 10 1146 1
366 51 122 10 1146 1
367 15 140 15 1189 1
368 29 140 15 1189 1
369 43 140 15 1189 1
370 57 140 15 1189 1
371 16 141 27 3985 1
372 31 141 27 3985 1
373 8 137 32 5422 1
374 15 137 32 5422 1
375 12 110 34 2333 1
376 4 126 15 1853 1
377 5 139 16 2921 1
378 9 139 16 2921 1
379 13 139 16 2921 1
380 17 139 16 2921 1
381 9 137 25 3458 1
382 15 140 24 3198 1
383 29 140 24 3198 1
384 43 140 24 3198 1
385 57 140 24 3198 1
386 12 118 16 1204 1
387 7 139 18 3087 1
388 13 139 18 3087 1
389 19 139 18 3087 1
390 25 139 18 3087 1
391 31 139 18 3087 1
392 37 139 18 3087 1
393 18 140 11 1163 1
394 17 141 12 1342 1
395 12 121 7 950 1
396 14 126 17 2584 1
397 27 126 17 2584 1
398 40 126 17 2584 1
399 53 126 17 2584 1
400 19 138 18 1862 1
401 37 138 18 1862 1
402 55 138 18 1862 1
403 73 138 18 1862 1
404 91 138 18 1862 1
405 109 138 18 1862 1
406 3 125 4 368 1
407 5 141 18 1582 1
408 9 141 18 1582 1
409 13 141 18 1582 1
410 17 141 18 1582 1
411 21 141 18 1582 1
412 25 141 18 1582 1
413 29 141 18 1582 1
414 33 141 18 1582 1
415 37 141 18 1582 1
416 41 141 18 1582 1
417 45 141 18 1582 1
418 49 141 18 1582 1
419 53 141 18 1582 1
420 57 141 18 1582 1
421 11 129 10 867 1
422 21 129 10 867 1
423 31 129 10 867 1
424 41 129 10 867 1
425 51 129 10 867 1
426 61 129 10 867 1
427 71 129 10 867 1
428 81 129 10 867 1
429 91 129 10 867 1
430 101 129 10 867 1
431 111 129 10 867 1
432 8 138 27 4329 1
433 8 139 17 1341 1
434 15 139 17 1341 1
435 4 139 31 2712 1
436 3 121 15 1050 1
437 5 121 15 1050 1
438 7 121 15 1050 1
439 9 121 15 1050 1
440 11 121 15 1050 1
441 13 121 15 1050 1
442 15 121 15 1050 1
443 17 121 15 1050 1
444 19 121 15 1050 1
445 21 121 15 1050 1
446 4 134 10 1224 1
447 3 110 12 1599 1
448 21 141 20 3057 1
449 41 141 20 3057 1
450 16 126 9 1382 1
451 31 126 9 1382 1
452 5 141 10 790 1
453 17 127 7 758 1
454 9 122 40 3630 1
455 17 122 40 3630 1
456 4 141 22 4512 1
457 7 141 22 4512 1
458 14 140 11 1718 1
459 27 140 11 1718 1
460 40 140 11 1718 1
461 8 127 10 1626 1
462 15 127 10 1626 1
463 17 127 6 657 1
464 33 127 6 657 1
465 4 138 14 992 1
466 12 134 12 992 1
467 23 134 12 992 1
468 34 134 12 992 1
469 45 134 12 992 1
470 28 122 40 6955 1
471 11 110 9 611 1
472 18 126 8 946 1
473 35 126 8 946 1
474 52 126 8 946 1
475 69 126 8 946 1
476 86 126 8 946 1
477 103 126 8 946 1
478 12 129 11 713 1
479 23 129 11 713 1
480 16 141 25 1869 1
481 31 141 25 1869 1
482 4 118 8 952 1
483 7 118 8 952 1
484 13 122 11 1605 1
485 4 118 18 2748 1
486 8 137 9 1187 1
487 15 137 9 1187 1
488 4 133 7 1065 1
489 7 133 7 1065 1
490 2 134 10 1288 1
491 3 110 12 1807 1
492 5 110 12 1807 1
493 12 139 6 932 1
494 23 139 6 932 1
495 34 139 6 932 1
496 45 139 6 932 1
497 56 139 6 932 1
498 13 122 7 1220 1
499 25 122 7 1220 1
500 37 122 7 1220 1
501 49 122 7 1220 1
502 61 122 7 1220 1
503 73 122 7 1220 1
504 85 122 7 1220 1
505 97 122 7 1220 1
506 109 122 7 1220 1
507 121 122 7 1220 1
508 133 122 7 1220 1
509 145 122 7 1220 1
510 6 125 8 823 1
511 4 134 10 835 1
512 7 134 10 835 1
513 10 129 22 3047 1
514 4 134 12 1339 1
515 7 134 12 1339 1
516 4 133 47 5489 1
517 13 126 17 2480 1
518 5 118 6 837 1
519 9 118 6 837 1
520 10 125 18 1326 1
521 19 125 18 1326 1
522 28 125 18 1326 1
523 37 125 18 1326 1
524 46 125 18 1326 1
525 55 125 18 1326 1
526 64 125 18 1326 1
527 4 137 49 4441 1
528 4 133 13 1254 1
529 4 138 7 1003 1
530 7 126 10 1648 1
531 13 126 10 1648 1
532 19 126 10 1648 1
533 25 126 10 1648 1
534 31 126 10 1648 1
535 37 126 10 1648 1
536 9 127 8 1424 1
537 17 127 8 1424 1
538 9 125 17 2432 1
539 17 125 17 2432 1
540 25 125 17 2432 1
541 33 125 17 2432 1
542 41 125 17 2432 1
543 49 125 17 2432 1
544 4 121 6 658 1
545 15 125 17 1623 1
546 29 125 17 1623 1
547 43 125 17 1623 1
548 9 133 16 1186 1
549 16 129 3 563 1
550 31 129 3 563 1
551 46 129 3 563 1
552 61 129 3 563 1
553 76 129 3 563 1
554 91 129 3 563 1
555 3 132 34 5482 1
556 5 132 34 5482 1
557 14 122 16 2829 1
558 27 122 16 2829 1
559 18 122 27 2943 1
560 16 129 18 2794 1
561 31 129 18 2794 1
562 46 129 18 2794 1
563 61 129 18 2794 1
564 76 129 18 2794 1
565 91 129 18 2794 1
566 106 129 18 2794 1
567 5 110 15 1647 1
568 45 110 13 947 1
569 7 118 9 929 1
570 13 118 9 929 1
571 19 118 9 929 1
572 25 118 9 929 1
573 31 118 9 929 1
574 37 118 9 929 1
575 43 118 9 929 1
576 39 138 20 2226 1
577 13 125 23 4188 1
578 13 138 29 3243 1
579 25 138 29 3243 1
580 37 138 29 3243 1
581 49 138 29 3243 1
582 7 133 19 1922 1
583 13 133 19 1922 1
584 19 133 19 1922 1
585 25 133 19 1922 1
586 31 133 19 1922 1
587 37 133 19 1922 1
588 11 122 16 1660 1
589 21 122 16 1660 1
590 31 122 16 1660 1
591 41 122 16 1660 1
592 51 122 16 1660 1
593 61 122 16 1660 1
594 2 122 14 1167 1
595 4 129 15 1283 1
596 7 129 15 1283 1
597 7 125 8 905 1
598 13 125 8 905 1
599 19 125 8 905 1
600 25 125 8 905 1
601 31 125 8 905 1
602 37 125 8 905 1
603 43 125 8 905 1
604 49 125 8 905 1
605 55 125 8 905 1
606 10 110 10 1300 1
607 9 129 4 692 1
608 12 127 17 2065 1
609 23 127 17 2065 1
610 3 137 12 892 1
611 13 127 14 1608 1
612 56 138 18 1943 1
613 11 118 32 4217 1
614 21 118 32 4217 1
615 13 138 10 2031 1
616 25 138 10 2031 1
617 37 138 10 2031 1
618 49 138 10 2031 1
619 14 118 10 1213 1
620 7 110 18 2011 1
621 13 110 18 2011 1
622 7 110 16 2095 1
623 21 121 10 1304 1
624 41 121 10 1304 1
625 8 134 28 4332 1
626 15 134 28 4332 1
627 22 134 28 4332 1
628 5 110 19 1952 1
629 9 110 19 1952 1
630 13 110 19 1952 1
631 17 110 19 1952 1
632 21 110 19 1952 1
633 25 110 19 1952 1
634 29 110 19 1952 1
635 33 110 19 1952 1
636 37 110 19 1952 1
637 10 134 16 2321 1
638 19 134 16 2321 1
639 28 134 16 2321 1
640 37 134 16 2321 1
641 46 134 16 2321 1
642 55 134 16 2321 1
643 64 134 16 2321 1
644 13 127 19 2057 1
645 25 127 19 2057 1
646 3 127 14 1767 1
647 5 127 14 1767 1
648 7 127 14 1767 1
649 12 110 41 4311 1
650 23 110 41 4311 1
651 34 110 41 4311 1
652 5 132 16 1534 1
653 14 110 15 1697 1
654 11 126 33 5336 1
655 21 126 33 5336 1
656 31 126 33 5336 1
657 41 126 33 5336 1
658 51 126 33 5336 1
659 61 126 33 5336 1
660 3 141 34 4037 1
661 8 127 12 1456 1
662 19 122 10 1310 1
663 10 160 11 978 1
664 19 160 11 978 1
665 9 149 24 4928 1
666 4 166 15 1746 1
667 13 151 20 1721 1
668 25 151 20 1721 1
669 15 149 9 1245 1
670 29 149 9 1245 1
671 9 160 10 2279 1
672 12 149 6 900 1
673 18 165 11 1370 1
674 15 166 26 5863 1
675 11 161 23 3156 1
676 3 147 12 1064 1
677 12 154 13 1889 1
678 9 149 14 2953 1
679 17 149 14 2953 1
680 25 149 14 2953 1
681 33 149 14 2953 1
682 13 151 9 817 1
683 25 151 9 817 1
684 37 151 9 817 1
685 4 149 16 2090 1
686 9 166 17 3553 1
687 11 161 23 2755 1
688 11 160 11 2469 1
689 21 160 11 2469 1
690 31 160 11 2469 1
691 41 160 11 2469 1
692 51 160 11 2469 1
693 3 151 13 1828 1
694 13 166 23 4354 1
695 12 165 32 5794 1
696 12 149 10 809 1
697 3 157 8 1325 1
698 4 147 6 694 1
699 4 158 28 2821 1
700 4 157 19 2695 1
701 4 165 18 1523 1
702 9 165 18 3685 1
703 2 154 9 1791 1
704 3 154 9 1791 1
705 20 154 18 3362 1
706 4 151 11 912 1
707 7 151 11 912 1
708 10 151 11 912 1
709 13 151 11 912 1
710 10 158 37 4700 1
711 10 149 27 4582 1
712 19 149 27 4582 1
713 11 158 50 5748 1
714 21 158 50 5748 1
715 31 158 50 5748 1
716 15 157 7 1611 1
717 29 157 7 1611 1
718 3 166 14 1970 1
719 3 166 11 1766 1
720 15 158 11 2140 1
721 15 157 29 5201 1
722 11 157 28 5332 1
723 21 157 28 5332 1
724 31 157 28 5332 1
725 9 161 28 3207 1
726 12 149 19 2133 1
727 23 149 19 2133 1
728 11 149 10 1282 1
729 21 149 10 1282 1
730 31 149 10 1282 1
731 41 149 10 1282 1
732 51 149 10 1282 1
733 61 149 10 1282 1
734 14 160 37 8368 1
735 3 155 13 1286 1
736 4 160 8 1309 1
737 15 165 44 10082 1
738 14 166 54 12373 1
739 27 166 54 12373 1
740 12 151 17 2916 1
741 23 151 17 2916 1
742 34 151 17 2916 1
743 45 151 17 2916 1
744 3 147 21 2617 1
745 12 158 17 1486 1
746 23 158 17 1486 1
747 34 158 17 1486 1
748 21 160 32 6471 1
749 12 155 7 1229 1
750 23 155 7 1229 1
751 4 147 46 8128 1
752 72 160 32 2827 1
753 2 155 24 2900 1
754 13 155 33 2930 1
755 25 155 33 2930 1
756 10 161 14 2855 1
757 19 161 14 2855 1
758 2 155 17 2782 1
759 11 157 23 3686 1
760 21 157 23 3686 1
761 31 157 23 3686 1
762 41 157 23 3686 1
763 51 157 23 3686 1
764 16 155 11 1279 1
765 11 158 16 2278 1
766 5 154 12 967 1
767 13 149 25 5258 1
768 13 158 14 1965 1
769 25 158 14 1965 1
770 37 158 14 1965 1
771 4 160 12 2027 1
772 7 160 12 2027 1
773 10 160 12 2027 1
774 9 158 32 5675 1
775 17 158 32 5675 1
776 14 158 19 4432 1
777 27 158 19 4432 1
778 5 157 13 1100 1
779 14 157 10 903 1
780 11 155 9 788 1
781 8 151 7 1442 1
782 15 151 7 1442 1
783 22 151 7 1442 1
784 3 160 8 1000 1
785 12 151 16 3526 1
786 23 151 16 3526 1
787 10 154 55 7766 1
788 19 154 55 7766 1
789 28 154 55 7766 1
790 4 149 18 1889 1
791 7 149 18 1889 1
792 10 161 41 7921 1
793 19 161 41 7921 1
794 28 161 41 7921 1
795 7 160 17 4012 1
796 5 147 18 3026 1
797 4 157 35 6846 1
798 14 147 8 1614 1
799 11 165 15 2816 1
800 21 165 15 2816 1
801 31 165 15 2816 1
802 41 165 15 2816 1
803 51 165 15 2816 1
804 61 165 15 2816 1
805 12 157 11 1288 1
806 23 157 11 1288 1
807 34 157 11 1288 1
808 11 166 30 6080 1
809 21 166 30 6080 1
810 16 157 19 3474 1
811 10 151 17 1306 1
812 15 149 14 1366 1
813 29 149 14 1366 1
814 11 158 19 3629 1
815 4 158 22 4050 1
816 14 149 6 482 1
817 27 149 6 482 1
818 3 151 16 2127 1
819 12 168 38 8624 1
820 16 170 22 2185 1
821 44 184 19 4748 1
822 4 170 16 2780 1
823 15 175 15 3915 1
824 29 175 15 3915 1
825 43 175 15 3915 1
826 57 175 15 3915 1
827 15 178 13 3357 1
828 29 178 13 3357 1
829 9 194 12 2393 1
830 33 198 8 2008 1
831 16 178 18 2986 1
832 31 178 18 2986 1
833 22 168 12 1544 1
834 10 197 8 2214 1
835 3 184 24 2514 1
836 16 183 44 11475 1
837 31 183 44 11475 1
838 35 178 11 2085 1
839 14 195 9 883 1
840 22 178 12 2193 1
841 15 170 15 1711 1
842 29 170 15 1711 1
843 26 169 14 2420 1
844 51 169 14 2420 1
845 24 194 17 2005 1
846 15 195 16 2262 1
847 14 194 15 4038 1
848 16 185 16 1684 1
849 3 175 10 1635 1
850 15 170 7 1655 1
851 3 185 41 6233 1
852 22 195 12 1772 1
853 23 170 16 3203 1
854 15 195 26 5342 1
855 16 168 16 3378 1
856 34 175 53 9917 1
857 154 188 18 2228 1
858 16 184 33 4382 1
859 11 178 10 2128 1
860 22 190 30 4570 1
861 43 190 30 4570 1
862 64 190 30 4570 1
863 15 197 20 4169 1
864 16 185 30 3513 1
865 13 198 9 2261 1
866 16 198 13 3729 1
867 31 198 13 3729 1
868 15 190 32 3211 1
869 29 190 32 3211 1
870 16 184 13 2462 1
871 14 195 8 1776 1
872 23 170 9 2261 1
873 13 197 17 3862 1
874 22 175 8 1157 1
875 45 188 17 2837 1
876 89 188 17 2837 1
877 14 198 14 3668 1
878 12 198 65 8841 1
879 14 175 26 3200 1
880 27 175 26 3200 1
881 40 175 26 3200 1
882 53 175 26 3200 1
883 34 190 13 1537 1
884 24 170 15 3380 1
885 47 170 15 3380 1
886 42 175 9 2082 1
887 222 183 21 4094 1
888 22 198 16 1988 1
889 21 184 128 18479 1
890 15 170 23 4847 1
891 16 178 22 2634 1
892 16 195 18 3605 1
893 39 197 29 6108 1
894 21 190 29 8119 1
895 16 195 23 6044 1
896 31 195 23 6044 1
897 15 195 50 10184 1
898 16 198 25 2855 1
899 24 198 13 2015 1
900 15 195 31 7358 1
901 29 195 31 7358 1
902 43 195 31 7358 1
903 94 183 29 7246 1
904 21 188 13 2036 1
905 22 184 11 2719 1
906 12 183 23 2767 1
907 23 183 23 2767 1
908 14 169 12 1764 1
909 14 190 12 1670 1
910 16 195 37 8104 1
911 3 194 30 6514 1
912 16 188 18 3434 1
913 16 168 21 2472 1
914 31 168 21 2472 1
915 46 168 21 2472 1
916 33 211 23 2600 1
917 65 211 23 2600 1
918 41 212 23 6602 1
919 81 212 23 6602 1
920 121 212 23 6602 1
921 161 212 23 6602 1
922 41 221 17 5128 1
923 81 221 17 5128 1
924 121 221 17 5128 1
925 161 221 17 5128 1
926 201 221 17 5128 1
927 241 221 17 5128 1
928 281 221 17 5128 1
929 321 221 17 5128 1
930 361 221 17 5128 1
931 401 221 17 5128 1
932 441 221 17 5128 1
933 481 221 17 5128 1
934 521 221 17 5128 1
935 561 221 17 5128 1
936 40 208 27 4172 1
937 79 208 27 4172 1
938 118 208 27 4172 1
939 157 208 27 4172 1
940 196 208 27 4172 1
941 235 208 27 4172 1
942 274 208 27 4172 1
943 313 208 27 4172 1
944 352 208 27 4172 1
945 391 208 27 4172 1
946 34 222 19 5128 1
947 67 222 19 5128 1
948 36 207 20 2744 1
949 71 207 20 2744 1
950 106 207 20 2744 1
951 141 207 20 2744 1
952 5 204 21 5172 1
953 100 221 29 4913 1
954 78 222 6 1636 1
955 45 204 15 3802 1
956 89 204 15 3802 1
957 133 204 15 3802 1
958 177 204 15 3802 1
959 221 204 15 3802 1
960 265 204 15 3802 1
961 309 204 15 3802 1
962 353 204 15 3802 1
963 397 204 15 3802 1
964 441 204 15 3802 1
965 485 204 15 3802 1
966 529 204 15 3802 1
967 573 204 15 3802 1
968 617 204 15 3802 1
969 661 204 15 3802 1
970 705 204 15 3802 1
971 749 204 15 3802 1
972 793 204 15 3802 1
973 837 204 15 3802 1
974 881 204 15 3802 1
975 925 204 15 3802 1
976 969 204 15 3802 1
977 1013 204 15 3802 1
978 1057 204 15 3802 1
979 1101 204 15 3802 1
980 1145 204 15 3802 1
981 44 221 16 3893 1
982 96 230 28 7010 1
983 113 239 26 7134 1
984 92 230 18 4390 1
985 192 225 17 2515 1
986 1 225 10 3229 1
987 36 228 30 6726 1
988 96 225 25 3015 1
989 59 228 22 6001 1
990 35 228 22 3320 1
991 69 228 22 3320 1
992 36 230 14 2986 1
993 56 230 20 6710 1
994 99 228 22 2753 1
995 197 228 22 2753 1
996 33 230 17 3029 1
997 59 239 15 3816 1
998 63 225 16 4189 1
999 125 225 16 4189 1
1000 37 225 17 2096 1
1001 59 228 19 2358 1
1002 110 228 12 2772 1
1003 40 230 20 6243 1
1004 36 228 14 1660 1
1005 107 225 26 5657 1
1006 38 230 13 1716 1
1007 57 239 23 4165 1
1008 113 239 23 4165 1
1009 38 239 31 3997 1
1010 35 239 21 3688 1
1011 69 239 21 3688 1
1012 94 228 17 3866 1
1013 187 228 17 3866 1
1014 37 225 20 2490 1
1015 33 228 15 4877 1
1016 37 225 22 6587 1
1017 53 305 23 7379 1
1018 37 276 23 4573 1
1019 106 275 39 6610 1
1020 58 277 18 6410 1
1021 117 305 26 9812 1
1022 94 275 31 6218 1
1023 56 261 28 7110 1
1024 111 261 28 7110 1
1025 35 293 37 9259 1
1026 57 260 19 6872 1
1027 57 262 24 3153 1
1028 113 262 24 3153 1
1029 36 277 25 3967 1
1030 63 299 34 13023 1
1031 52 264 26 4826 1
1032 95 277 24 7007 1
1033 189 277 24 7007 1
1034 283 277 24 7007 1
1035 36 279 4 1565 1
1036 94 282 21 7438 1
35
400 400 400 400 500 500 600 600 600 600 600 600 600 400 400 400 400 400 230 315 600 450 450 400 400 400 665 725 645 500 500 305 400 400 390 