1036
1 6 99 9 1060 1
2 6 99 20 2963 1
3 11 99 20 2963 1
4 6 101 5 530 1
5 24 99 7 865 1
6 47 99 7 865 1
7 4 101 12 1243 1
8 7 101 12 1243 1
9 7 99 27 3751 1
10 17 101 13 1687 1
11 3 101 19 2734 1
12 5 101 19 2734 1
13 8 99 17 2334 1
14 15 99 17 2334 1
15 22 99 17 2334 1
16 16 101 18 2489 1
17 3 99 18 2518 1
18 7 101 10 719 1
19 4 101 8 847 1
20 4 101 14 1300 1
21 7 101 14 1300 1
22 3 101 17 1694 1
23 5 101 17 1694 1
24 7 101 17 1694 1
25 26 101 14 1170 1
26 4 101 19 1786 1
27 6 101 14 1319 1
28 4 101 19 988 1
29 6 99 16 2317 1
30 14 101 16 2103 1
31 12 101 27 3721 1
32 7 99 9 1205 1
33 5 101 22 2911 1
34 9 101 22 2911 1
35 4 99 27 2973 1
36 7 99 27 2973 1
37 10 99 27 2973 1
38 4 99 6 666 1
39 3 99 18 1485 1
40 14 133 11 892 1
41 27 133 11 892 1
42 40 133 11 892 1
43 53 133 11 892 1
44 49 132 20 1793 1
45 21 137 37 7485 1
46 41 137 37 7485 1
47 6 122 21 2320 1
48 11 122 21 2320 1
49 16 122 21 2320 1
50 7 140 8 828 1
51 13 140 8 828 1
52 19 140 8 828 1
53 25 140 8 828 1
54 31 140 8 828 1
55 37 140 8 828 1
56 43 140 8 828 1
57 49 140 8 828 1
58 6 122 14 2559 1
59 11 122 14 2559 1
60 16 122 14 2559 1
61 11 122 16 982 1
62 21 122 16 982 1
63 15 138 17 3148 1
64 29 138 17 3148 1
65 43 138 17 3148 1
66 57 138 17 3148 1
67 71 138 17 3148 1
68 85 138 17 3148 1
69 99 138 17 3148 1
70 113 138 17 3148 1
71 127 138 17 3148 1
72 141 138 17 3148 1
73 4 126 10 713 1
74 7 126 10 713 1
75 16 121 41 7022 1
76 6 139 21 2533 1
77 11 139 21 2533 1
78 12 132 11 1394 1
79 3 141 8 1269 1
80 5 141 8 1269 1
81 7 141 8 1269 1
82 15 134 10 842 1
83 6 110 7 959 1
84 19 110 10 690 1
85 11 118 14 1018 1
86 21 118 14 1018 1
87 5 121 9 686 1
88 15 134 29 3333 1
89 11 134 16 1371 1
90 3 129 8 1105 1
91 15 125 17 1398 1
92 29 125 17 1398 1
93 43 125 17 1398 1
94 57 125 17 1398 1
95 17 132 21 1532 1
96 33 132 21 1532 1
97 5 122 14 1750 1
98 9 122 14 1750 1
99 43 118 6 373 1
100 4 126 16 2928 1
101 9 118 9 1294 1
102 17 118 9 1294 1
103 5 138 58 10914 1
104 9 138 58 10914 1
105 4 134 7 1017 1
106 11 118 20 1992 1
107 21 118 20 1992 1
108 31 118 20 1992 1
109 41 118 20 1992 1
110 7 140 9 1627 1
111 13 140 9 1627 1
112 19 140 9 1627 1
113 25 140 9 1627 1
114 31 140 9 1627 1
115 37 140 9 1627 1
116 43 140 9 1627 1
117 49 140 9 1627 1
118 55 140 9 1627 1
119 61 140 9 1627 1
120 67 140 9 1627 1
121 15 118 4 255 1
122 29 118 4 255 1
123 43 118 4 255 1
124 57 118 4 255 1
125 3 134 11 753 1
126 5 134 11 753 1
127 7 134 11 753 1
128 9 134 11 753 1
129 11 134 11 753 1
130 13 134 11 753 1
131 4 141 17 3173 1
132 2 141 36 6670 1
133 3 141 36 6670 1
134 4 141 36 6670 1
135 5 141 36 6670 1
136 6 141 36 6670 1
137 7 141 36 6670 1
138 6 138 19 2368 1
139 11 138 19 2368 1
140 16 138 19 2368 1
141 21 138 19 2368 1
142 26 138 19 2368 1
143 31 138 19 2368 1
144 36 138 19 2368 1
145 4 127 12 1720 1
146 14 138 9 835 1
147 27 138 9 835 1
148 10 122 18 2874 1
149 19 122 18 2874 1
150 28 122 18 2874 1
151 37 122 18 2874 1
152 46 122 18 2874 1
153 55 122 18 2874 1
154 64 122 18 2874 1
155 3 139 25 4948 1
156 12 118 6 566 1
157 23 118 6 566 1
158 34 118 6 566 1
159 4 125 44 7936 1
160 7 125 44 7936 1
161 10 127 61 11427 1
162 5 139 7 780 1
163 12 137 29 2115 1
164 23 137 29 2115 1
165 34 137 29 2115 1
166 45 137 29 2115 1
167 56 137 29 2115 1
168 67 137 29 2115 1
169 12 110 26 4000 1
170 23 110 26 4000 1
171 34 110 26 4000 1
172 13 141 15 1305 1
173 25 141 15 1305 1
174 37 141 15 1305 1
175 49 141 15 1305 1
176 61 141 15 1305 1
177 73 141 15 1305 1
178 85 141 15 1305 1
179 97 141 15 1305 1
180 109 141 15 1305 1
181 7 139 28 5542 1
182 13 137 17 3160 1
183 25 137 17 3160 1
184 37 137 17 3160 1
185 49 137 17 3160 1
186 61 137 17 3160 1
187 73 137 17 3160 1
188 85 137 17 3160 1
189 3 132 7 1311 1
190 3 133 6 942 1
191 5 133 6 942 1
192 6 126 14 1566 1
193 11 126 14 1566 1
194 10 133 11 1168 1
195 6 129 32 2110 1
196 11 129 32 2110 1
197 16 129 32 2110 1
198 9 126 49 5097 1
199 17 126 49 5097 1
200 25 126 49 5097 1
201 33 126 49 5097 1
202 41 126 49 5097 1
203 49 126 49 5097 1
204 57 126 49 5097 1
205 65 126 49 5097 1
206 73 126 49 5097 1
207 81 126 49 5097 1
208 89 126 49 5097 1
209 97 126 49 5097 1
210 105 126 49 5097 1
211 113 126 49 5097 1
212 121 126 49 5097 1
213 129 126 49 5097 1
214 137 126 49 5097 1
215 14 134 12 2093 1
216 27 134 12 2093 1
217 40 134 12 2093 1
218 53 134 12 2093 1
219 66 134 12 2093 1
220 79 134 12 2093 1
221 11 138 14 1317 1
222 21 138 14 1317 1
223 31 138 14 1317 1
224 41 138 14 1317 1
225 4 134 5 674 1
226 7 134 5 674 1
227 7 121 25 1968 1
228 13 121 25 1968 1
229 4 118 18 3090 1
230 7 134 13 1090 1
231 13 134 13 1090 1
232 19 134 13 1090 1
233 6 132 11 837 1
234 11 132 11 837 1
235 16 132 11 837 1
236 21 132 11 837 1
237 26 132 11 837 1
238 31 132 11 837 1
239 36 132 11 837 1
240 41 132 11 837 1
241 46 132 11 837 1
242 13 129 8 786 1
243 9 121 16 1917 1
244 17 121 16 1917 1
245 25 121 16 1917 1
246 33 121 16 1917 1
247 12 132 9 1194 1
248 23 132 9 1194 1
249 34 132 9 1194 1
250 15 126 11 1958 1
251 11 127 9 1070 1
252 21 127 9 1070 1
253 31 127 9 1070 1
254 41 127 9 1070 1
255 17 125 17 2821 1
256 50 121 18 3051 1
257 6 132 10 1281 1
258 5 132 9 1585 1
259 16 138 19 1694 1
260 31 138 19 1694 1
261 46 138 19 1694 1
262 61 138 19 1694 1
263 76 138 19 1694 1
264 91 138 19 1694 1
265 13 121 10 1516 1
266 25 121 10 1516 1
267 13 140 13 2314 1
268 25 140 13 2314 1
269 7 140 18 2453 1
270 13 140 18 2453 1
271 19 140 18 2453 1
272 12 118 7 691 1
273 23 118 7 691 1
274 13 110 12 1074 1
275 25 110 12 1074 1
276 7 138 6 491 1
277 8 129 19 2568 1
278 15 129 19 2568 1
279 22 129 19 2568 1
280 8 141 32 4632 1
281 15 141 32 4632 1
282 22 141 32 4632 1
283 29 141 32 4632 1
284 36 141 32 4632 1
285 43 141 32 4632 1
286 50 141 32 4632 1
287 23 137 29 3284 1
288 21 134 31 3007 1
289 13 138 22 2238 1
290 25 138 22 2238 1
291 37 138 22 2238 1
292 4 133 6 984 1
293 7 133 6 984 1
294 4 126 10 836 1
295 14 132 8 680 1
296 27 132 8 680 1
297 40 132 8 680 1
298 53 132 8 680 1
299 66 132 8 680 1
300 79 132 8 680 1
301 4 132 22 3281 1
302 17 137 17 2891 1
303 33 137 17 2891 1
304 49 137 17 2891 1
305 9 133 14 2656 1
306 17 133 14 2656 1
307 25 133 14 2656 1
308 33 133 14 2656 1
309 15 137 10 1059 1
310 29 137 10 1059 1
311 1 126 13 2014 1
312 1 126 13 2014 1
313 19 140 16 3079 1
314 2 141 26 5088 1
315 3 141 26 5088 1
316 4 141 26 5088 1
317 5 141 26 5088 1
318 6 141 26 5088 1
319 7 141 26 5088 1
320 4 134 7 569 1
321 7 129 59 6519 1
322 13 129 59 6519 1
323 9 134 18 3156 1
324 17 134 18 3156 1
325 25 134 18 3156 1
326 33 134 18 3156 1
327 41 134 18 3156 1
328 49 134 18 3156 1
329 57 134 18 3156 1
330 65 134 18 3156 1
331 73 134 18 3156 1
332 16 137 3 414 1
333 14 122 7 839 1
334 12 138 19 2750 1
335 3 140 7 738 1
336 5 140 7 738 1
337 7 140 7 738 1
338 9 140 7 738 1
339 11 140 7 738 1
340 13 140 7 738 1
341 15 140 7 738 1
342 17 140 7 738 1
343 12 129 12 918 1
344 23 129 12 918 1
345 34 129 12 918 1
346 45 129 12 918 1
347 56 129 12 918 1
348 67 129 12 918 1
349 78 129 12 918 1
350 15 140 4 411 1
351 6 129 30 2456 1
352 11 129 30 2456 1
353 16 129 30 2456 1
354 21 129 30 2456 1
355 26 129 30 2456 1
356 31 129 30 2456 1
357 12 127 9 664 1
358 23 127 9 664 1
359 34 127 9 664 1
360 45 127 9 664 1
361 56 127 9 664 1
362 67 127 9 664 1
363 78 127 9 664 1
364 89 127 9 664 1
365 4 138 8 1102 1
366 7 138 8 1102 1
367 10 138 8 1102 1
368 13 138 13 2406 1
369 25 138 13 2406 1
370 2 133 12 2261 1
371 3 133 12 2261 1
372 16 125 17 1416 1
373 31 125 17 1416 1
374 46 125 17 1416 1
375 61 125 17 1416 1
376 76 125 17 1416 1
377 91 125 17 1416 1
378 106 125 17 1416 1
379 121 125 17 1416 1
380 136 125 17 1416 1
381 3 133 8 1081 1
382 24 141 14 2599 1
383 47 141 14 2599 1
384 70 141 14 2599 1
385 74 125 11 1566 1
386 8 126 21 2689 1
387 15 126 21 2689 1
388 22 126 21 2689 1
389 4 125 17 2400 1
390 7 125 17 2400 1
391 2 118 8 798 1
392 3 118 8 798 1
393 9 118 15 1317 1
394 17 118 15 1317 1
395 4 110 11 1756 1
396 7 110 11 1756 1
397 10 110 11 1756 1
398 19 139 9 1821 1
399 37 139 9 1821 1
400 14 126 15 1224 1
401 27 126 15 1224 1
402 40 126 15 1224 1
403 53 126 15 1224 1
404 66 126 15 1224 1
405 79 126 15 1224 1
406 92 126 15 1224 1
407 105 126 15 1224 1
408 118 126 15 1224 1
409 131 126 15 1224 1
410 5 137 27 4028 1
411 9 137 27 4028 1
412 4 110 19 2767 1
413 7 110 19 2767 1
414 5 129 12 2265 1
415 12 134 9 716 1
416 23 134 9 716 1
417 34 134 9 716 1
418 45 134 9 716 1
419 56 134 9 716 1
420 67 134 9 716 1
421 78 134 9 716 1
422 7 133 19 1334 1
423 15 134 6 1024 1
424 13 129 5 808 1
425 25 129 5 808 1
426 4 126 19 3182 1
427 8 133 12 1736 1
428 15 133 12 1736 1
429 22 133 12 1736 1
430 29 133 12 1736 1
431 3 127 6 697 1
432 5 127 6 697 1
433 7 127 6 697 1
434 10 138 24 1826 1
435 19 138 24 1826 1
436 12 122 30 3135 1
437 23 122 30 3135 1
438 3 140 6 795 1
439 6 129 8 1096 1
440 11 129 8 1096 1
441 16 129 8 1096 1
442 15 110 15 2187 1
443 69 137 7 624 1
444 6 138 15 2895 1
445 11 138 15 2895 1
446 7 129 25 2519 1
447 13 129 25 2519 1
448 19 129 25 2519 1
449 25 129 25 2519 1
450 9 118 18 3105 1
451 25 141 43 6734 1
452 49 141 43 6734 1
453 8 138 14 1167 1
454 15 138 14 1167 1
455 22 138 14 1167 1
456 29 138 14 1167 1
457 36 138 14 1167 1
458 43 138 14 1167 1
459 50 138 14 1167 1
460 12 127 7 1179 1
461 23 127 7 1179 1
462 34 127 7 1179 1
463 45 127 7 1179 1
464 56 127 7 1179 1
465 67 127 7 1179 1
466 78 127 7 1179 1
467 19 141 17 1607 1
468 37 141 17 1607 1
469 55 141 17 1607 1
470 51 127 7 1300 1
471 10 125 31 3595 1
472 19 125 31 3595 1
473 28 125 31 3595 1
474 37 125 31 3595 1
475 7 133 12 2259 1
476 13 133 12 2259 1
477 67 125 11 744 1
478 16 138 12 1867 1
479 31 138 12 1867 1
480 46 138 12 1867 1
481 61 138 12 1867 1
482 76 138 12 1867 1
483 91 138 12 1867 1
484 106 138 12 1867 1
485 121 138 12 1867 1
486 136 138 12 1867 1
487 151 138 12 1867 1
488 166 138 12 1867 1
489 181 138 12 1867 1
490 196 138 12 1867 1
491 211 138 12 1867 1
492 226 138 12 1867 1
493 11 122 8 672 1
494 3 140 39 4941 1
495 10 127 14 1994 1
496 16 121 33 2807 1
497 31 121 33 2807 1
498 46 121 33 2807 1
499 61 121 33 2807 1
500 76 121 33 2807 1
501 91 121 33 2807 1
502 106 121 33 2807 1
503 3 132 20 2585 1
504 13 121 39 6900 1
505 25 121 39 6900 1
506 37 121 39 6900 1
507 49 121 39 6900 1
508 61 121 39 6900 1
509 73 121 39 6900 1
510 85 121 39 6900 1
511 97 121 39 6900 1
512 109 121 39 6900 1
513 121 121 39 6900 1
514 8 133 11 738 1
515 15 133 11 738 1
516 22 133 11 738 1
517 29 133 11 738 1
518 36 133 11 738 1
519 5 127 12 2015 1
520 4 134 7 765 1
521 10 141 24 3910 1
522 19 141 24 3910 1
523 28 141 24 3910 1
524 4 125 36 6390 1
525 14 129 10 990 1
526 27 129 10 990 1
527 18 129 17 1750 1
528 35 129 17 1750 1
529 52 129 17 1750 1
530 4 138 26 5338 1
531 5 129 32 4034 1
532 9 129 32 4034 1
533 13 129 32 4034 1
534 17 129 32 4034 1
535 21 129 32 4034 1
536 25 129 32 4034 1
537 11 140 4 418 1
538 21 140 4 418 1
539 31 140 4 418 1
540 17 138 16 2079 1
541 33 138 16 2079 1
542 49 138 16 2079 1
543 65 138 16 2079 1
544 81 138 16 2079 1
545 97 138 16 2079 1
546 113 138 16 2079 1
547 129 138 16 2079 1
548 145 138 16 2079 1
549 161 138 16 2079 1
550 177 138 16 2079 1
551 193 138 16 2079 1
552 209 138 16 2079 1
553 225 138 16 2079 1
554 241 138 16 2079 1
555 257 138 16 2079 1
556 273 138 16 2079 1
557 10 140 26 2723 1
558 19 140 26 2723 1
559 28 140 26 2723 1
560 37 140 26 2723 1
561 46 140 26 2723 1
562 55 140 26 2723 1
563 74 127 20 3575 1
564 4 140 25 3455 1
565 6 134 18 2043 1
566 11 134 18 2043 1
567 16 134 18 2043 1
568 21 134 18 2043 1
569 26 134 18 2043 1
570 31 134 18 2043 1
571 36 134 18 2043 1
572 15 121 4 693 1
573 14 118 11 1170 1
574 10 121 9 1159 1
575 2 122 10 1554 1
576 15 138 19 3062 1
577 29 138 19 3062 1
578 43 138 19 3062 1
579 57 138 19 3062 1
580 71 138 19 3062 1
581 85 138 19 3062 1
582 99 138 19 3062 1
583 113 138 19 3062 1
584 127 138 19 3062 1
585 141 138 19 3062 1
586 155 138 19 3062 1
587 169 138 19 3062 1
588 6 141 15 2424 1
589 3 125 20 3132 1
590 12 141 53 7562 1
591 23 141 53 7562 1
592 34 141 53 7562 1
593 45 141 53 7562 1
594 7 141 10 1620 1
595 26 139 16 1728 1
596 9 141 54 11166 1
597 17 141 54 11166 1
598 25 141 54 11166 1
599 33 141 54 11166 1
600 16 129 13 1619 1
601 15 122 29 3384 1
602 14 118 7 937 1
603 12 141 19 2321 1
604 23 141 19 2321 1
605 34 141 19 2321 1
606 45 141 19 2321 1
607 56 141 19 2321 1
608 67 141 19 2321 1
609 78 141 19 2321 1
610 89 141 19 2321 1
611 100 141 19 2321 1
612 111 141 19 2321 1
613 122 141 19 2321 1
614 4 133 14 1885 1
615 7 133 14 1885 1
616 15 126 43 3478 1
617 29 126 43 3478 1
618 43 126 43 3478 1
619 57 126 43 3478 1
620 4 129 20 3679 1
621 13 141 9 1284 1
622 25 141 9 1284 1
623 37 141 9 1284 1
624 49 141 9 1284 1
625 3 122 8 1055 1
626 46 138 28 1939 1
627 91 138 28 1939 1
628 17 129 11 1633 1
629 8 125 8 860 1
630 15 125 8 860 1
631 10 138 16 3004 1
632 19 138 16 3004 1
633 28 138 16 3004 1
634 7 129 7 1150 1
635 13 129 7 1150 1
636 8 126 14 1398 1
637 15 126 14 1398 1
638 10 118 11 1816 1
639 19 118 11 1816 1
640 28 118 11 1816 1
641 37 118 11 1816 1
642 46 118 11 1816 1
643 2 132 27 1898 1
644 5 118 10 1452 1
645 9 118 10 1452 1
646 13 118 10 1452 1
647 17 118 10 1452 1
648 21 118 10 1452 1
649 25 118 10 1452 1
650 16 139 13 1254 1
651 31 139 13 1254 1
652 9 118 14 2291 1
653 17 118 14 2291 1
654 25 118 14 2291 1
655 12 132 12 1795 1
656 23 132 12 1795 1
657 34 132 12 1795 1
658 4 134 12 958 1
659 4 138 11 1620 1
660 17 126 4 665 1
661 33 126 4 665 1
662 15 138 26 4331 1
663 13 149 28 5467 1
664 25 149 28 5467 1
665 37 149 28 5467 1
666 22 165 17 3334 1
667 9 155 10 1806 1
668 14 155 11 1951 1
669 27 155 11 1951 1
670 40 155 11 1951 1
671 53 155 11 1951 1
672 66 155 11 1951 1
673 12 166 17 3771 1
674 23 166 17 3771 1
675 34 166 17 3771 1
676 45 166 17 3771 1
677 56 166 17 3771 1
678 12 154 67 10607 1
679 23 154 67 10607 1
680 34 154 67 10607 1
681 45 154 67 10607 1
682 11 160 21 3593 1
683 21 160 21 3593 1
684 31 160 21 3593 1
685 9 165 21 3095 1
686 11 161 21 4081 1
687 21 161 21 4081 1
688 31 161 21 4081 1
689 8 155 8 1754 1
690 26 147 34 6166 1
691 15 166 21 2936 1
692 8 157 22 2788 1
693 15 157 22 2788 1
694 22 157 22 2788 1
695 29 157 22 2788 1
696 36 157 22 2788 1
697 13 149 19 2555 1
698 4 165 10 1080 1
699 28 161 14 1609 1
700 8 166 10 1620 1
701 9 158 27 5149 1
702 17 158 27 5149 1
703 11 151 16 2948 1
704 11 158 10 1881 1
705 17 157 21 4468 1
706 33 157 21 4468 1
707 12 165 5 1202 1
708 23 165 5 1202 1
709 34 165 5 1202 1
710 45 165 5 1202 1
711 56 165 5 1202 1
712 12 149 7 940 1
713 11 165 22 3097 1
714 21 165 22 3097 1
715 10 166 20 2880 1
716 19 166 20 2880 1
717 3 158 19 1756 1
718 4 161 15 1433 1
719 9 154 24 4159 1
720 17 154 24 4159 1
721 3 149 14 1674 1
722 17 157 17 3486 1
723 9 147 8 1183 1
724 10 165 17 2878 1
725 19 165 17 2878 1
726 9 147 8 1182 1
727 11 151 25 3301 1
728 16 147 18 2790 1
729 31 147 18 2790 1
730 4 166 6 1382 1
731 14 151 18 3016 1
732 27 151 18 3016 1
733 40 151 18 3016 1
734 53 151 18 3016 1
735 66 151 18 3016 1
736 3 166 26 2666 1
737 4 161 11 1297 1
738 7 161 11 1297 1
739 14 166 21 2440 1
740 7 161 42 4374 1
741 14 155 20 3141 1
742 27 155 20 3141 1
743 40 155 20 3141 1
744 11 155 28 5080 1
745 21 155 28 5080 1
746 31 155 28 5080 1
747 10 149 16 1551 1
748 19 149 16 1551 1
749 9 166 23 5347 1
750 8 161 12 1296 1
751 15 161 12 1296 1
752 15 158 23 4684 1
753 29 158 23 4684 1
754 43 158 23 4684 1
755 13 166 13 1405 1
756 4 161 23 4783 1
757 7 161 23 4783 1
758 12 155 25 2155 1
759 12 155 26 2703 1
760 8 160 26 5570 1
761 10 157 16 1569 1
762 9 160 19 3096 1
763 4 155 33 2882 1
764 7 155 33 2882 1
765 20 147 31 3347 1
766 18 160 8 1507 1
767 12 149 20 3557 1
768 23 149 20 3557 1
769 34 149 20 3557 1
770 45 149 20 3557 1
771 4 154 7 1588 1
772 3 158 8 859 1
773 8 147 12 1899 1
774 11 157 11 1283 1
775 21 157 11 1283 1
776 31 157 11 1283 1
777 41 157 11 1283 1
778 9 166 11 1005 1
779 8 166 43 5141 1
780 14 165 44 10035 1
781 11 151 17 3274 1
782 21 151 17 3274 1
783 31 151 17 3274 1
784 41 151 17 3274 1
785 51 151 17 3274 1
786 61 151 17 3274 1
787 71 151 17 3274 1
788 81 151 17 3274 1
789 91 151 17 3274 1
790 101 151 17 3274 1
791 13 149 11 1749 1
792 11 147 14 2393 1
793 9 160 26 5141 1
794 5 165 23 2988 1
795 14 165 29 3010 1
796 12 151 13 2510 1
797 23 151 13 2510 1
798 34 151 13 2510 1
799 45 151 13 2510 1
800 56 151 13 2510 1
801 67 151 13 2510 1
802 78 151 13 2510 1
803 9 154 11 1787 1
804 3 147 18 2909 1
805 13 154 40 8250 1
806 25 154 40 8250 1
807 4 165 61 12407 1
808 13 157 14 1732 1
809 19 166 11 2064 1
810 18 161 21 2411 1
811 35 161 21 2411 1
812 114 160 22 4190 1
813 9 157 11 1454 1
814 17 157 11 1454 1
815 24 160 21 2323 1
816 11 157 41 6413 1
817 21 157 41 6413 1
818 2 151 10 1962 1
819 15 198 14 2557 1
820 29 198 14 2557 1
821 10 184 12 1984 1
822 13 195 20 2408 1
823 15 190 8 2230 1
824 13 197 25 6085 1
825 15 198 12 2926 1
826 29 198 12 2926 1
827 43 198 12 2926 1
828 57 198 12 2926 1
829 16 178 16 2342 1
830 31 178 16 2342 1
831 24 170 12 1807 1
832 11 183 29 5994 1
833 15 194 82 21328 1
834 29 194 82 21328 1
835 179 195 16 3616 1
836 17 194 19 3000 1
837 33 194 19 3000 1
838 37 183 9 1201 1
839 32 175 29 5733 1
840 35 190 31 6656 1
841 46 168 33 6961 1
842 15 183 34 5313 1
843 13 195 13 3427 1
844 3 197 54 12525 1
845 5 197 54 12525 1
846 7 197 54 12525 1
847 9 197 54 12525 1
848 13 168 21 3084 1
849 16 198 22 5129 1
850 20 190 6 869 1
851 43 194 56 7912 1
852 13 198 36 4702 1
853 15 198 7 804 1
854 34 188 24 6463 1
855 15 170 8 1752 1
856 2 175 6 1237 1
857 13 170 29 5780 1
858 36 195 43 8148 1
859 14 194 38 10367 1
860 36 178 8 1281 1
861 71 178 8 1281 1
862 23 195 19 4451 1
863 45 195 19 4451 1
864 16 197 19 1895 1
865 16 198 34 7913 1
866 34 170 21 3912 1
867 25 168 13 1410 1
868 15 198 32 8640 1
869 16 175 18 2051 1
870 38 178 31 6045 1
871 21 198 9 2228 1
872 33 184 15 2048 1
873 17 170 29 3884 1
874 13 183 20 3762 1
875 16 188 17 4317 1
876 34 175 22 2111 1
877 15 170 31 6292 1
878 29 170 31 6292 1
879 142 198 36 7773 1
880 12 185 19 2577 1
881 3 184 31 7714 1
882 40 190 10 2145 1
883 13 194 19 2521 1
884 16 194 9 2415 1
885 21 168 29 3923 1
886 11 169 16 1562 1
887 15 184 36 8713 1
888 29 184 36 8713 1
889 4 198 29 6005 1
890 34 169 22 2479 1
891 10 168 10 1501 1
892 23 169 13 2186 1
893 39 170 30 4674 1
894 23 194 11 2720 1
895 45 194 11 2720 1
896 23 185 37 3858 1
897 43 183 34 4197 1
898 24 170 30 4424 1
899 35 168 22 2516 1
900 23 198 7 1518 1
901 15 198 13 3137 1
902 31 175 9 2247 1
903 16 185 11 1712 1
904 40 184 32 3316 1
905 10 170 21 3946 1
906 153 178 22 4434 1
907 305 178 22 4434 1
908 15 175 13 2451 1
909 29 175 13 2451 1
910 3 185 10 2169 1
911 3 183 16 3011 1
912 5 183 16 3011 1
913 16 183 22 4902 1
914 31 183 22 4902 1
915 9 190 26 6574 1
916 28 207 20 3829 1
917 55 207 20 3829 1
918 82 207 20 3829 1
919 109 207 20 3829 1
920 136 207 20 3829 1
921 163 207 20 3829 1
922 44 222 19 2452 1
923 141 222 28 7794 1
924 36 211 17 3075 1
925 71 211 17 3075 1
926 44 212 24 4482 1
927 87 212 24 4482 1
928 130 212 24 4482 1
929 173 212 24 4482 1
930 36 211 22 2815 1
931 45 211 11 2043 1
932 89 211 11 2043 1
933 133 211 11 2043 1
934 177 211 11 2043 1
935 221 211 11 2043 1
936 265 211 11 2043 1
937 309 211 11 2043 1
938 353 211 11 2043 1
939 44 212 16 3443 1
940 87 212 16 3443 1
941 130 212 16 3443 1
942 42 221 23 2570 1
943 83 221 23 2570 1
944 49 211 11 2046 1
945 97 211 11 2046 1
946 145 211 11 2046 1
947 35 211 33 4617 1
948 69 211 33 4617 1
949 103 211 33 4617 1
950 41 204 21 2362 1
951 81 204 21 2362 1
952 121 204 21 2362 1
953 161 204 21 2362 1
954 201 204 21 2362 1
955 241 204 21 2362 1
956 30 212 6 1236 1
957 59 212 6 1236 1
958 40 211 10 2868 1
959 79 211 10 2868 1
960 41 211 21 4649 1
961 81 211 21 4649 1
962 36 207 21 6081 1
963 71 207 21 6081 1
964 41 221 7 2016 1
965 81 221 7 2016 1
966 121 221 7 2016 1
967 161 221 7 2016 1
968 201 221 7 2016 1
969 241 221 7 2016 1
970 281 221 7 2016 1
971 321 221 7 2016 1
972 361 221 7 2016 1
973 401 221 7 2016 1
974 441 221 7 2016 1
975 481 221 7 2016 1
976 521 221 7 2016 1
977 32 222 18 4392 1
978 63 222 18 4392 1
979 94 222 18 4392 1
980 125 222 18 4392 1
981 156 222 18 4392 1
982 36 230 32 6138 1
983 112 228 16 3809 1
984 55 228 30 5920 1
985 38 230 13 1587 1
986 37 239 33 11462 1
987 37 228 20 4475 1
988 36 230 17 4631 1
989 38 225 21 7074 1
990 60 239 18 2388 1
991 35 225 12 1651 1
992 52 239 28 7780 1
993 37 225 26 5912 1
994 37 230 15 3347 1
995 37 228 17 2147 1
996 37 230 24 7538 1
997 39 239 16 4201 1
998 38 228 17 4846 1
999 37 230 15 4789 1
1000 37 228 13 1818 1
1001 34 225 18 3423 1
1002 37 225 16 3753 1
1003 92 230 19 4971 1
1004 37 228 20 6521 1
1005 73 228 20 6521 1
1006 171 228 16 3614 1
1007 38 230 21 4902 1
1008 75 230 21 4902 1
1009 112 230 21 4902 1
1010 100 239 16 4734 1
1011 199 239 16 4734 1
1012 298 239 16 4734 1
1013 37 228 22 2560 1
1014 100 228 14 3446 1
1015 96 239 28 5842 1
1016 38 239 20 4184 1
1017 57 299 25 9066 1
1018 96 267 24 9592 1
1019 191 267 24 9592 1
1020 36 259 8 1477 1
1021 37 276 28 7592 1
1022 73 276 28 7592 1
1023 109 276 28 7592 1
1024 145 276 28 7592 1
1025 59 265 12 3271 1
1026 37 265 17 4961 1
1027 37 282 25 4955 1
1028 106 299 50 21493 1
1029 58 294 29 5520 1
1030 162 275 23 9224 1
1031 57 274 18 4976 1
1032 113 274 18 4976 1
1033 93 305 24 8297 1
1034 36 268 8 1738 1
1035 36 293 33 9168 1
1036 63 278 12 2993 1
35
400 400 400 400 500 500 600 600 600 600 600 600 600 400 400 400 400 400 230 315 600 450 450 400 400 400 665 725 645 500 500 305 400 400 390 