1036
1 18 101 14 1476 1
2 35 101 14 1476 1
3 6 99 20 1685 1
4 7 99 3 233 1
5 4 99 10 776 1
6 7 99 15 2085 1
7 4 101 39 2721 1
8 73 99 29 3986 1
9 5 101 30 4423 1
10 9 101 30 4423 1
11 15 99 40 5729 1
12 23 101 44 4513 1
13 45 101 44 4513 1
14 18 101 13 1286 1
15 4 101 36 5310 1
16 6 99 20 1561 1
17 11 99 20 1561 1
18 6 99 8 977 1
19 6 99 13 742 1
20 4 99 5 365 1
21 3 99 30 2605 1
22 5 99 30 2605 1
23 16 99 21 1042 1
24 9 101 9 911 1
25 17 101 9 911 1
26 3 99 15 2150 1
27 5 99 15 2150 1
28 7 99 15 2150 1
29 7 101 5 387 1
30 13 101 5 387 1
31 14 101 17 1110 1
32 3 99 89 8556 1
33 5 101 20 1290 1
34 9 101 20 1290 1
35 7 99 18 1657 1
36 10 101 16 862 1
37 4 101 24 2091 1
38 7 101 24 2091 1
39 10 101 24 2091 1
40 8 125 10 1027 1
41 15 125 10 1027 1
42 22 125 10 1027 1
43 10 129 12 915 1
44 5 137 28 2027 1
45 10 126 17 1676 1
46 8 110 7 756 1
47 15 110 7 756 1
48 22 110 7 756 1
49 29 110 7 756 1
50 36 110 7 756 1
51 8 140 21 2984 1
52 36 139 24 4768 1
53 11 132 10 1156 1
54 21 132 10 1156 1
55 31 132 10 1156 1
56 41 132 10 1156 1
57 12 127 7 854 1
58 23 127 7 854 1
59 34 127 7 854 1
60 45 127 7 854 1
61 15 132 25 3103 1
62 6 122 5 553 1
63 15 126 21 1602 1
64 29 126 21 1602 1
65 43 126 21 1602 1
66 57 126 21 1602 1
67 71 126 21 1602 1
68 85 126 21 1602 1
69 99 126 21 1602 1
70 113 126 21 1602 1
71 127 126 21 1602 1
72 141 126 21 1602 1
73 155 126 21 1602 1
74 169 126 21 1602 1
75 17 125 18 2015 1
76 3 140 11 2161 1
77 5 140 11 2161 1
78 15 133 30 5403 1
79 29 133 30 5403 1
80 43 133 30 5403 1
81 16 129 6 718 1
82 31 129 6 718 1
83 7 140 13 2106 1
84 7 137 14 1916 1
85 13 137 14 1916 1
86 19 137 14 1916 1
87 25 137 14 1916 1
88 31 137 14 1916 1
89 37 137 14 1916 1
90 43 137 14 1916 1
91 49 137 14 1916 1
92 55 137 14 1916 1
93 61 137 14 1916 1
94 67 137 14 1916 1
95 73 137 14 1916 1
96 10 133 49 7386 1
97 19 133 49 7386 1
98 28 133 49 7386 1
99 11 125 15 2085 1
100 21 125 15 2085 1
101 5 122 9 1479 1
102 9 122 9 1479 1
103 8 127 18 1172 1
104 4 134 41 3083 1
105 4 132 27 5235 1
106 5 110 12 1430 1
107 9 110 12 1430 1
108 13 110 12 1430 1
109 17 110 12 1430 1
110 21 110 12 1430 1
111 25 110 12 1430 1
112 29 110 12 1430 1
113 33 110 12 1430 1
114 37 110 12 1430 1
115 41 110 12 1430 1
116 4 129 10 1192 1
117 7 129 10 1192 1
118 10 129 10 1192 1
119 13 129 10 1192 1
120 16 129 10 1192 1
121 19 129 10 1192 1
122 22 129 10 1192 1
123 25 129 10 1192 1
124 28 129 10 1192 1
125 31 129 10 1192 1
126 34 129 10 1192 1
127 37 129 10 1192 1
128 14 133 21 3973 1
129 27 133 21 3973 1
130 40 133 21 3973 1
131 53 133 21 3973 1
132 15 126 6 721 1
133 29 126 6 721 1
134 43 126 6 721 1
135 15 133 14 1719 1
136 19 121 36 5651 1
137 37 121 36 5651 1
138 55 121 36 5651 1
139 73 121 36 5651 1
140 91 121 36 5651 1
141 109 121 36 5651 1
142 127 121 36 5651 1
143 145 121 36 5651 1
144 163 121 36 5651 1
145 181 121 36 5651 1
146 199 121 36 5651 1
147 217 121 36 5651 1
148 235 121 36 5651 1
149 253 121 36 5651 1
150 271 121 36 5651 1
151 4 122 21 3525 1
152 10 138 22 1829 1
153 19 138 22 1829 1
154 1 126 15 1726 1
155 1 126 15 1726 1
156 15 126 11 845 1
157 29 126 11 845 1
158 14 118 15 2207 1
159 27 118 15 2207 1
160 40 118 15 2207 1
161 14 110 8 787 1
162 4 134 34 5718 1
163 7 134 34 5718 1
164 10 134 34 5718 1
165 13 134 34 5718 1
166 16 134 34 5718 1
167 3 134 9 1327 1
168 9 134 8 930 1
169 17 134 8 930 1
170 25 134 8 930 1
171 33 134 8 930 1
172 8 134 16 2565 1
173 4 121 34 2447 1
174 3 129 12 1042 1
175 5 129 12 1042 1
176 7 129 12 1042 1
177 9 129 12 1042 1
178 3 132 4 519 1
179 6 129 9 933 1
180 11 129 9 933 1
181 16 129 9 933 1
182 21 129 9 933 1
183 3 125 9 1600 1
184 15 138 7 701 1
185 29 138 7 701 1
186 43 138 7 701 1
187 57 138 7 701 1
188 15 126 13 1530 1
189 29 126 13 1530 1
190 43 126 13 1530 1
191 57 126 13 1530 1
192 71 126 13 1530 1
193 4 141 7 985 1
194 7 141 7 985 1
195 12 129 10 1477 1
196 23 129 10 1477 1
197 34 129 10 1477 1
198 45 129 10 1477 1
199 6 118 11 1581 1
200 11 118 11 1581 1
201 16 118 11 1581 1
202 21 118 11 1581 1
203 39 110 22 3585 1
204 11 140 24 1994 1
205 21 140 24 1994 1
206 31 140 24 1994 1
207 41 140 24 1994 1
208 51 140 24 1994 1
209 61 140 24 1994 1
210 71 140 24 1994 1
211 81 140 24 1994 1
212 91 140 24 1994 1
213 101 140 24 1994 1
214 111 140 24 1994 1
215 121 140 24 1994 1
216 131 140 24 1994 1
217 141 140 24 1994 1
218 151 140 24 1994 1
219 161 140 24 1994 1
220 11 138 19 2844 1
221 6 125 9 1297 1
222 11 125 9 1297 1
223 16 125 9 1297 1
224 21 125 9 1297 1
225 26 125 9 1297 1
226 31 125 9 1297 1
227 36 125 9 1297 1
228 12 138 12 945 1
229 14 137 38 5999 1
230 27 137 38 5999 1
231 8 110 13 1982 1
232 15 110 13 1982 1
233 22 110 13 1982 1
234 10 134 41 5816 1
235 19 134 41 5816 1
236 28 134 41 5816 1
237 43 126 20 3188 1
238 8 139 24 1711 1
239 15 139 24 1711 1
240 14 140 15 1749 1
241 9 129 13 983 1
242 17 129 13 983 1
243 25 129 13 983 1
244 33 129 13 983 1
245 12 132 12 1930 1
246 23 132 12 1930 1
247 34 132 12 1930 1
248 16 126 5 922 1
249 31 126 5 922 1
250 46 126 5 922 1
251 6 126 4 396 1
252 11 126 4 396 1
253 16 126 4 396 1
254 21 126 4 396 1
255 26 126 4 396 1
256 76 140 21 4167 1
257 16 140 8 1275 1
258 31 140 8 1275 1
259 8 126 23 2021 1
260 15 126 23 2021 1
261 22 126 23 2021 1
262 1 126 9 1684 1
263 1 126 9 1684 1
264 6 138 13 1333 1
265 11 138 13 1333 1
266 16 138 13 1333 1
267 21 138 13 1333 1
268 26 138 13 1333 1
269 10 139 14 1242 1
270 19 139 14 1242 1
271 28 139 14 1242 1
272 4 138 27 2450 1
273 2 118 9 1563 1
274 3 118 9 1563 1
275 4 118 9 1563 1
276 5 118 9 1563 1
277 10 121 12 1373 1
278 19 121 12 1373 1
279 28 121 12 1373 1
280 37 121 12 1373 1
281 46 121 12 1373 1
282 55 121 12 1373 1
283 64 121 12 1373 1
284 14 121 11 1591 1
285 12 125 25 2739 1
286 23 125 25 2739 1
287 34 125 25 2739 1
288 45 125 25 2739 1
289 56 125 25 2739 1
290 6 141 59 5721 1
291 14 129 10 1357 1
292 27 129 10 1357 1
293 3 134 30 4884 1
294 12 126 19 1685 1
295 23 126 19 1685 1
296 3 125 8 1371 1
297 3 141 9 990 1
298 5 141 9 990 1
299 7 141 9 990 1
300 9 141 9 990 1
301 13 129 3 496 1
302 25 129 3 496 1
303 5 137 9 1782 1
304 9 137 9 1782 1
305 13 137 9 1782 1
306 17 137 9 1782 1
307 12 137 14 1193 1
308 7 138 29 2516 1
309 5 134 27 2568 1
310 9 134 27 2568 1
311 93 127 27 2722 1
312 20 118 37 4103 1
313 39 118 37 4103 1
314 58 118 37 4103 1
315 2 121 8 913 1
316 6 110 10 611 1
317 11 110 10 611 1
318 16 110 10 611 1
319 4 140 15 1221 1
320 16 122 9 1155 1
321 31 122 9 1155 1
322 46 122 9 1155 1
323 61 122 9 1155 1
324 76 122 9 1155 1
325 7 127 6 1141 1
326 18 122 6 724 1
327 35 122 6 724 1
328 52 122 6 724 1
329 69 122 6 724 1
330 86 122 6 724 1
331 103 122 6 724 1
332 7 139 11 1857 1
333 13 139 11 1857 1
334 19 139 11 1857 1
335 25 139 11 1857 1
336 31 139 11 1857 1
337 37 139 11 1857 1
338 43 139 11 1857 1
339 49 139 11 1857 1
340 55 139 11 1857 1
341 61 139 11 1857 1
342 67 139 11 1857 1
343 73 139 11 1857 1
344 10 121 4 313 1
345 19 121 4 313 1
346 28 121 4 313 1
347 37 121 4 313 1
348 46 121 4 313 1
349 19 129 18 1408 1
350 3 118 9 1036 1
351 5 118 9 1036 1
352 7 118 9 1036 1
353 9 118 9 1036 1
354 11 118 9 1036 1
355 18 133 10 1802 1
356 35 133 10 1802 1
357 52 133 10 1802 1
358 69 133 10 1802 1
359 86 133 10 1802 1
360 103 133 10 1802 1
361 120 133 10 1802 1
362 137 133 10 1802 1
363 12 139 12 2104 1
364 23 139 12 2104 1
365 34 139 12 2104 1
366 45 139 12 2104 1
367 56 139 12 2104 1
368 67 139 12 2104 1
369 8 126 13 2022 1
370 15 126 13 2022 1
371 22 126 13 2022 1
372 29 126 13 2022 1
373 13 122 20 3389 1
374 10 137 12 1116 1
375 19 137 12 1116 1
376 12 129 8 835 1
377 23 129 8 835 1
378 34 129 8 835 1
379 45 129 8 835 1
380 56 129 8 835 1
381 67 129 8 835 1
382 78 129 8 835 1
383 89 129 8 835 1
384 100 129 8 835 1
385 5 137 25 5129 1
386 9 137 25 5129 1
387 20 126 18 3084 1
388 39 126 18 3084 1
389 58 126 18 3084 1
390 77 126 18 3084 1
391 8 132 9 839 1
392 15 132 9 839 1
393 22 132 9 839 1
394 10 141 34 6952 1
395 10 133 14 1297 1
396 19 133 14 1297 1
397 28 133 14 1297 1
398 13 122 4 382 1
399 25 122 4 382 1
400 37 122 4 382 1
401 15 121 18 2203 1
402 29 121 18 2203 1
403 43 121 18 2203 1
404 57 121 18 2203 1
405 71 121 18 2203 1
406 85 121 18 2203 1
407 16 138 12 1770 1
408 31 138 12 1770 1
409 46 138 12 1770 1
410 10 140 7 1041 1
411 19 140 7 1041 1
412 28 140 7 1041 1
413 37 140 7 1041 1
414 46 140 7 1041 1
415 55 140 7 1041 1
416 64 140 7 1041 1
417 73 140 7 1041 1
418 82 140 7 1041 1
419 91 140 7 1041 1
420 12 139 12 2310 1
421 4 125 14 1363 1
422 15 121 9 1357 1
423 29 121 9 1357 1
424 43 121 9 1357 1
425 57 121 9 1357 1
426 4 140 11 1825 1
427 7 140 11 1825 1
428 10 140 11 1825 1
429 13 140 11 1825 1
430 10 138 15 2942 1
431 19 138 15 2942 1
432 3 138 12 2434 1
433 11 140 14 2903 1
434 21 140 14 2903 1
435 8 110 7 1055 1
436 15 110 7 1055 1
437 15 137 11 1906 1
438 29 137 11 1906 1
439 3 139 33 2791 1
440 5 139 33 2791 1
441 74 133 9 1159 1
442 8 132 22 4145 1
443 15 132 22 4145 1
444 22 132 22 4145 1
445 29 132 22 4145 1
446 36 132 22 4145 1
447 43 132 22 4145 1
448 50 132 22 4145 1
449 57 132 22 4145 1
450 64 132 22 4145 1
451 10 121 8 692 1
452 15 141 15 1410 1
453 29 141 15 1410 1
454 43 141 15 1410 1
455 3 118 6 1005 1
456 7 139 18 3034 1
457 13 139 18 3034 1
458 19 139 18 3034 1
459 25 139 18 3034 1
460 31 139 18 3034 1
461 37 139 18 3034 1
462 43 139 18 3034 1
463 49 139 18 3034 1
464 4 121 12 1448 1
465 11 133 6 716 1
466 21 133 6 716 1
467 31 133 6 716 1
468 11 121 7 504 1
469 21 121 7 504 1
470 21 140 15 2514 1
471 4 121 9 580 1
472 4 137 19 2691 1
473 9 126 5 317 1
474 17 126 5 317 1
475 25 126 5 317 1
476 14 134 38 4632 1
477 27 134 38 4632 1
478 40 134 38 4632 1
479 53 134 38 4632 1
480 66 134 38 4632 1
481 79 134 38 4632 1
482 92 134 38 4632 1
483 105 134 38 4632 1
484 3 141 12 1574 1
485 5 141 12 1574 1
486 7 141 12 1574 1
487 11 139 12 1104 1
488 21 139 12 1104 1
489 31 139 12 1104 1
490 41 139 12 1104 1
491 51 139 12 1104 1
492 4 137 24 3120 1
493 3 133 19 3357 1
494 4 126 24 4271 1
495 3 118 11 1906 1
496 5 118 11 1906 1
497 7 118 11 1906 1
498 9 118 11 1906 1
499 11 118 11 1906 1
500 4 129 6 726 1
501 13 140 16 2222 1
502 4 132 8 551 1
503 7 132 8 551 1
504 5 126 20 2122 1
505 9 126 20 2122 1
506 13 126 20 2122 1
507 5 137 17 1511 1
508 9 137 17 1511 1
509 13 137 17 1511 1
510 17 137 17 1511 1
511 21 137 17 1511 1
512 25 137 17 1511 1
513 29 137 17 1511 1
514 33 137 17 1511 1
515 37 137 17 1511 1
516 41 137 17 1511 1
517 45 137 17 1511 1
518 49 137 17 1511 1
519 53 137 17 1511 1
520 11 121 7 432 1
521 21 121 7 432 1
522 31 121 7 432 1
523 41 121 7 432 1
524 18 141 16 2549 1
525 2 110 13 2043 1
526 3 110 13 2043 1
527 4 110 13 2043 1
528 5 110 13 2043 1
529 6 110 13 2043 1
530 4 110 13 1587 1
531 7 110 13 1587 1
532 20 140 15 1937 1
533 39 140 15 1937 1
534 58 140 15 1937 1
535 77 140 15 1937 1
536 96 140 15 1937 1
537 115 140 15 1937 1
538 134 140 15 1937 1
539 19 132 22 2359 1
540 18 139 23 2974 1
541 35 139 23 2974 1
542 52 139 23 2974 1
543 69 139 23 2974 1
544 86 139 23 2974 1
545 103 139 23 2974 1
546 20 121 13 2355 1
547 39 121 13 2355 1
548 58 121 13 2355 1
549 77 121 13 2355 1
550 96 121 13 2355 1
551 115 121 13 2355 1
552 134 121 13 2355 1
553 153 121 13 2355 1
554 172 121 13 2355 1
555 191 121 13 2355 1
556 210 121 13 2355 1
557 229 121 13 2355 1
558 248 121 13 2355 1
559 267 121 13 2355 1
560 286 121 13 2355 1
561 15 140 12 1065 1
562 11 125 10 1302 1
563 21 125 10 1302 1
564 31 125 10 1302 1
565 4 118 10 754 1
566 7 118 10 754 1
567 6 110 30 2784 1
568 4 110 10 1635 1
569 7 110 10 1635 1
570 6 118 21 3198 1
571 11 118 21 3198 1
572 16 118 21 3198 1
573 21 118 21 3198 1
574 6 118 15 1445 1
575 3 121 9 1095 1
576 19 139 19 1797 1
577 37 139 19 1797 1
578 55 139 19 1797 1
579 73 139 19 1797 1
580 91 139 19 1797 1
581 109 139 19 1797 1
582 127 139 19 1797 1
583 145 139 19 1797 1
584 163 139 19 1797 1
585 181 139 19 1797 1
586 199 139 19 1797 1
587 217 139 19 1797 1
588 8 137 10 896 1
589 12 138 7 1403 1
590 23 138 7 1403 1
591 12 133 33 5203 1
592 23 133 33 5203 1
593 34 133 33 5203 1
594 4 110 7 726 1
595 4 127 14 1896 1
596 7 127 14 1896 1
597 3 137 24 4539 1
598 5 137 24 4539 1
599 7 137 24 4539 1
600 4 134 9 1699 1
601 13 122 12 1721 1
602 15 118 9 1062 1
603 3 134 25 4946 1
604 5 134 25 4946 1
605 3 118 9 682 1
606 5 118 9 682 1
607 11 133 28 4840 1
608 15 141 12 861 1
609 29 141 12 861 1
610 6 118 16 1971 1
611 11 118 16 1971 1
612 16 118 16 1971 1
613 4 126 10 702 1
614 7 126 10 702 1
615 27 121 6 436 1
616 6 129 10 1005 1
617 11 129 10 1005 1
618 16 129 10 1005 1
619 21 129 10 1005 1
620 26 129 10 1005 1
621 31 129 10 1005 1
622 4 132 11 1096 1
623 7 132 11 1096 1
624 10 132 11 1096 1
625 13 132 11 1096 1
626 16 132 11 1096 1
627 19 132 11 1096 1
628 8 122 7 456 1
629 8 118 5 493 1
630 15 118 5 493 1
631 22 118 5 493 1
632 29 118 5 493 1
633 36 118 5 493 1
634 43 118 5 493 1
635 50 118 5 493 1
636 9 125 30 3915 1
637 17 125 30 3915 1
638 3 129 14 2680 1
639 11 122 9 1061 1
640 21 122 9 1061 1
641 31 122 9 1061 1
642 85 137 14 2152 1
643 16 133 3 235 1
644 31 133 3 235 1
645 12 139 9 1307 1
646 23 139 9 1307 1
647 5 122 10 1279 1
648 10 133 9 1752 1
649 19 133 9 1752 1
650 28 133 9 1752 1
651 13 126 35 4867 1
652 25 126 35 4867 1
653 37 126 35 4867 1
654 35 110 24 2087 1
655 4 139 6 492 1
656 7 139 6 492 1
657 5 132 12 1223 1
658 9 132 12 1223 1
659 13 132 12 1223 1
660 17 132 12 1223 1
661 13 126 8 781 1
662 25 126 8 781 1
663 13 161 36 3048 1
664 25 161 36 3048 1
665 37 161 36 3048 1
666 49 161 36 3048 1
667 16 157 17 1730 1
668 10 157 10 1775 1
669 19 157 10 1775 1
670 28 157 10 1775 1
671 8 149 10 1976 1
672 10 158 17 1355 1
673 19 158 17 1355 1
674 28 158 17 1355 1
675 13 147 23 1934 1
676 13 161 68 9527 1
677 25 161 68 9527 1
678 37 161 68 9527 1
679 13 158 12 1971 1
680 25 158 12 1971 1
681 37 158 12 1971 1
682 14 154 9 1284 1
683 27 154 9 1284 1
684 40 154 9 1284 1
685 10 155 42 9382 1
686 9 166 15 3394 1
687 8 149 20 1858 1
688 15 149 20 1858 1
689 4 155 11 1139 1
690 19 161 29 6327 1
691 16 147 18 2902 1
692 2 165 15 1243 1
693 3 165 15 1243 1
694 4 165 15 1243 1
695 16 161 12 2475 1
696 31 161 12 2475 1
697 46 161 12 2475 1
698 14 158 27 5918 1
699 27 158 27 5918 1
700 40 158 27 5918 1
701 14 155 13 1110 1
702 27 155 13 1110 1
703 40 155 13 1110 1
704 53 155 13 1110 1
705 66 155 13 1110 1
706 79 155 13 1110 1
707 92 155 13 1110 1
708 105 155 13 1110 1
709 3 147 11 1167 1
710 11 151 31 4535 1
711 21 151 31 4535 1
712 31 151 31 4535 1
713 10 147 13 1712 1
714 12 149 20 2796 1
715 23 149 20 2796 1
716 34 149 20 2796 1
717 8 157 14 2024 1
718 13 165 13 1955 1
719 10 157 12 2685 1
720 19 157 12 2685 1
721 9 154 15 2834 1
722 17 154 15 2834 1
723 4 160 39 6625 1
724 3 161 28 4514 1
725 21 161 7 944 1
726 16 151 20 4459 1
727 31 151 20 4459 1
728 46 151 20 4459 1
729 11 157 13 1305 1
730 21 157 13 1305 1
731 11 151 19 3951 1
732 15 165 12 1546 1
733 29 165 12 1546 1
734 43 165 12 1546 1
735 57 165 12 1546 1
736 13 157 38 7112 1
737 7 154 44 3967 1
738 14 161 9 2089 1
739 27 161 9 2089 1
740 15 161 24 2958 1
741 3 160 11 1008 1
742 10 155 22 3685 1
743 20 157 18 1724 1
744 181 149 9 1546 1
745 11 166 8 1622 1
746 10 155 45 8667 1
747 9 149 19 3895 1
748 17 149 19 3895 1
749 25 149 19 3895 1
750 33 149 19 3895 1
751 41 149 19 3895 1
752 49 149 19 3895 1
753 57 149 19 3895 1
754 65 149 19 3895 1
755 73 149 19 3895 1
756 8 147 22 3146 1
757 15 147 22 3146 1
758 22 147 22 3146 1
759 10 155 11 1331 1
760 19 155 11 1331 1
761 28 155 11 1331 1
762 37 155 11 1331 1
763 46 155 11 1331 1
764 55 155 11 1331 1
765 64 155 11 1331 1
766 73 155 11 1331 1
767 10 161 17 1531 1
768 9 149 22 4755 1
769 9 151 18 2379 1
770 14 158 14 1847 1
771 14 161 16 3815 1
772 27 161 16 3815 1
773 11 157 34 7180 1
774 16 160 10 1980 1
775 31 160 10 1980 1
776 12 165 17 1809 1
777 23 165 17 1809 1
778 10 158 19 2904 1
779 19 158 19 2904 1
780 14 155 14 3002 1
781 4 149 33 7185 1
782 9 158 11 967 1
783 4 160 32 6872 1
784 7 160 32 6872 1
785 14 161 16 1474 1
786 3 151 22 2712 1
787 9 151 6 1174 1
788 17 151 6 1174 1
789 25 151 6 1174 1
790 11 158 13 2526 1
791 21 158 13 2526 1
792 31 158 13 2526 1
793 41 158 13 2526 1
794 51 158 13 2526 1
795 61 158 13 2526 1
796 13 147 20 3754 1
797 25 147 20 3754 1
798 17 160 43 7211 1
799 33 160 43 7211 1
800 49 160 43 7211 1
801 65 160 43 7211 1
802 81 160 43 7211 1
803 13 158 23 3812 1
804 9 157 17 3696 1
805 10 155 14 2670 1
806 19 155 14 2670 1
807 8 161 47 4232 1
808 9 158 19 3977 1
809 15 160 6 1178 1
810 117 155 12 2036 1
811 233 155 12 2036 1
812 8 151 17 1499 1
813 15 151 17 1499 1
814 22 151 17 1499 1
815 5 158 48 5743 1
816 9 158 48 5743 1
817 11 160 14 1412 1
818 16 157 15 3207 1
819 13 168 9 1163 1
820 10 194 41 11060 1
821 15 185 49 7536 1
822 20 178 25 4785 1
823 39 178 25 4785 1
824 9 190 15 1629 1
825 40 178 10 1494 1
826 15 198 7 1099 1
827 32 169 12 2971 1
828 37 168 47 6292 1
829 14 190 19 5304 1
830 16 168 34 3307 1
831 15 184 26 2718 1
832 29 184 26 2718 1
833 43 184 26 2718 1
834 14 169 30 5159 1
835 39 178 20 4222 1
836 29 178 44 6820 1
837 20 175 24 5509 1
838 25 197 39 6008 1
839 15 185 13 2461 1
840 29 185 13 2461 1
841 11 198 13 2546 1
842 12 169 26 4891 1
843 45 178 19 1774 1
844 23 197 52 10812 1
845 3 190 35 5078 1
846 5 190 35 5078 1
847 4 188 14 2763 1
848 4 190 19 1940 1
849 13 195 25 6102 1
850 41 185 13 2763 1
851 10 195 13 2872 1
852 44 197 25 4179 1
853 10 178 8 1737 1
854 16 184 31 4944 1
855 31 184 31 4944 1
856 110 195 15 1605 1
857 15 184 8 742 1
858 16 178 18 1641 1
859 42 169 23 4678 1
860 15 185 6 1248 1
861 23 188 10 1244 1
862 11 188 13 1705 1
863 20 194 34 6881 1
864 46 185 13 2846 1
865 11 195 12 2556 1
866 4 198 37 3889 1
867 4 184 34 8372 1
868 11 197 17 2862 1
869 14 188 16 2909 1
870 15 190 57 7542 1
871 29 190 57 7542 1
872 12 188 11 1422 1
873 23 188 11 1422 1
874 13 184 27 4106 1
875 15 184 16 2625 1
876 10 188 14 1645 1
877 19 188 14 1645 1
878 40 183 21 3355 1
879 73 178 45 7419 1
880 14 185 17 2410 1
881 15 183 22 4561 1
882 11 183 20 3906 1
883 11 188 40 8450 1
884 21 188 40 8450 1
885 167 194 17 3441 1
886 24 188 33 4879 1
887 26 183 21 5494 1
888 51 183 21 5494 1
889 22 170 37 7043 1
890 16 169 15 2592 1
891 31 169 15 2592 1
892 30 194 35 4014 1
893 21 194 14 2240 1
894 41 194 14 2240 1
895 22 168 12 2773 1
896 43 168 12 2773 1
897 21 185 12 3207 1
898 23 184 5 963 1
899 31 178 19 3596 1
900 14 194 34 8939 1
901 3 198 27 4503 1
902 12 184 22 2619 1
903 15 185 17 1707 1
904 35 175 8 1046 1
905 16 183 17 1828 1
906 31 183 17 1828 1
907 15 190 49 13268 1
908 15 185 31 6387 1
909 16 194 19 3868 1
910 3 194 12 2649 1
911 4 170 24 2405 1
912 70 198 23 5805 1
913 43 198 18 2266 1
914 72 168 10 2020 1
915 14 178 28 3597 1
916 41 211 8 1756 1
917 81 211 8 1756 1
918 121 211 8 1756 1
919 161 211 8 1756 1
920 201 211 8 1756 1
921 39 221 15 3855 1
922 77 221 15 3855 1
923 115 221 15 3855 1
924 153 221 15 3855 1
925 191 221 15 3855 1
926 229 221 15 3855 1
927 267 221 15 3855 1
928 305 221 15 3855 1
929 343 221 15 3855 1
930 55 222 22 4477 1
931 109 222 22 4477 1
932 163 222 22 4477 1
933 217 222 22 4477 1
934 271 222 22 4477 1
935 325 222 22 4477 1
936 39 222 18 4138 1
937 77 222 18 4138 1
938 115 222 18 4138 1
939 153 222 18 4138 1
940 191 222 18 4138 1
941 229 222 18 4138 1
942 267 222 18 4138 1
943 305 222 18 4138 1
944 91 222 19 2613 1
945 181 222 19 2613 1
946 39 204 22 2411 1
947 77 204 22 2411 1
948 115 204 22 2411 1
949 35 208 1 132 1
950 31 212 20 2666 1
951 37 210 15 1864 1
952 73 210 15 1864 1
953 109 210 15 1864 1
954 145 210 15 1864 1
955 40 207 18 3788 1
956 79 207 18 3788 1
957 118 207 18 3788 1
958 46 210 26 2881 1
959 91 210 26 2881 1
960 136 210 26 2881 1
961 181 210 26 2881 1
962 62 222 35 5925 1
963 27 208 23 5956 1
964 53 208 23 5956 1
965 79 208 23 5956 1
966 105 208 23 5956 1
967 131 208 23 5956 1
968 157 208 23 5956 1
969 183 208 23 5956 1
970 209 208 23 5956 1
971 235 208 23 5956 1
972 261 208 23 5956 1
973 287 208 23 5956 1
974 313 208 23 5956 1
975 339 208 23 5956 1
976 38 207 12 1921 1
977 75 207 12 1921 1
978 112 207 12 1921 1
979 149 207 12 1921 1
980 186 207 12 1921 1
981 223 207 12 1921 1
982 102 230 17 3521 1
983 35 225 29 4167 1
984 69 225 29 4167 1
985 60 239 20 6706 1
986 104 225 13 2171 1
987 207 225 13 2171 1
988 36 239 16 5474 1
989 99 225 23 7675 1
990 40 239 20 7033 1
991 33 230 14 4632 1
992 84 225 20 6682 1
993 167 225 20 6682 1
994 36 225 19 2799 1
995 56 230 9 1975 1
996 36 230 23 7110 1
997 36 230 17 2188 1
998 57 230 25 3219 1
999 41 225 19 5109 1
1000 37 230 16 3311 1
1001 114 225 24 7501 1
1002 174 230 15 3062 1
1003 36 225 29 4181 1
1004 71 225 29 4181 1
1005 38 230 24 3239 1
1006 97 225 23 5045 1
1007 193 225 23 5045 1
1008 37 230 22 4114 1
1009 36 239 24 7098 1
1010 92 230 12 3723 1
1011 40 230 13 2942 1
1012 33 228 22 5492 1
1013 65 228 22 5492 1
1014 38 228 30 7639 1
1015 98 225 17 4476 1
1016 89 239 16 2326 1
1017 37 262 35 6194 1
1018 94 303 16 3683 1
1019 92 268 24 9106 1
1020 183 268 24 9106 1
1021 94 262 26 9255 1
1022 57 274 16 5076 1
1023 58 259 21 5898 1
1024 59 282 22 4097 1
1025 117 282 22 4097 1
1026 57 268 16 2710 1
1027 113 268 16 2710 1
1028 93 274 20 3902 1
1029 106 265 21 5328 1
1030 67 294 28 9505 1
1031 36 268 16 2421 1
1032 37 279 30 11762 1
1033 73 279 30 11762 1
1034 57 262 18 2629 1
1035 113 262 18 2629 1
1036 169 262 18 2629 1
35
400 400 400 400 500 500 600 600 600 600 600 600 600 400 400 400 400 400 230 315 600 450 450 400 400 400 665 725 645 500 500 305 400 400 390 