1036
1 16 99 17 1267 1
2 243 99 31 4370 1
3 4 101 9 678 1
4 17 101 18 1490 1
5 33 101 18 1490 1
6 49 101 18 1490 1
7 65 101 18 1490 1
8 4 99 12 872 1
9 19 101 13 954 1
10 37 101 13 954 1
11 4 101 14 1043 1
12 7 101 14 1043 1
13 9 101 15 1978 1
14 16 99 10 776 1
15 6 101 15 1070 1
16 11 101 15 1070 1
17 7 101 16 836 1
18 19 99 17 1757 1
19 7 101 5 654 1
20 3 101 13 1516 1
21 5 101 13 1516 1
22 6 99 15 1393 1
23 11 99 15 1393 1
24 26 101 20 2323 1
25 5 99 11 1035 1
26 18 99 22 2441 1
27 35 99 22 2441 1
28 75 101 12 1220 1
29 149 101 12 1220 1
30 6 99 6 751 1
31 6 99 11 1145 1
32 11 99 11 1145 1
33 26 99 23 1169 1
34 30 99 15 1290 1
35 59 99 15 1290 1
36 4 99 19 1604 1
37 7 99 19 1604 1
38 23 99 11 1262 1
39 21 99 12 1146 1
40 10 138 33 4561 1
41 19 138 33 4561 1
42 28 138 33 4561 1
43 37 138 33 4561 1
44 46 138 33 4561 1
45 55 138 33 4561 1
46 64 138 33 4561 1
47 72 122 17 1280 1
48 4 126 8 1315 1
49 18 118 33 5116 1
50 3 133 11 1154 1
51 56 141 13 1853 1
52 20 121 5 578 1
53 39 121 5 578 1
54 58 121 5 578 1
55 77 121 5 578 1
56 96 121 5 578 1
57 10 132 22 3755 1
58 19 132 22 3755 1
59 28 132 22 3755 1
60 37 132 22 3755 1
61 46 132 22 3755 1
62 9 137 24 2152 1
63 17 137 24 2152 1
64 25 137 24 2152 1
65 11 118 8 871 1
66 21 118 8 871 1
67 31 118 8 871 1
68 41 118 8 871 1
69 18 138 16 1831 1
70 35 138 16 1831 1
71 12 126 38 3749 1
72 23 126 38 3749 1
73 34 126 38 3749 1
74 10 126 18 2162 1
75 7 139 33 5999 1
76 13 139 33 5999 1
77 19 139 33 5999 1
78 25 139 33 5999 1
79 31 139 33 5999 1
80 37 139 33 5999 1
81 3 132 11 1616 1
82 51 121 25 2092 1
83 3 132 25 4534 1
84 5 132 25 4534 1
85 10 140 39 5490 1
86 19 140 39 5490 1
87 28 140 39 5490 1
88 37 140 39 5490 1
89 46 140 39 5490 1
90 55 140 39 5490 1
91 4 129 22 2365 1
92 4 139 27 2587 1
93 4 137 10 1532 1
94 14 137 13 1877 1
95 6 125 26 2362 1
96 11 125 26 2362 1
97 16 125 26 2362 1
98 21 125 26 2362 1
99 26 125 26 2362 1
100 31 125 26 2362 1
101 36 125 26 2362 1
102 41 125 26 2362 1
103 46 125 26 2362 1
104 51 125 26 2362 1
105 56 125 26 2362 1
106 61 125 26 2362 1
107 66 125 26 2362 1
108 71 125 26 2362 1
109 76 125 26 2362 1
110 81 125 26 2362 1
111 86 125 26 2362 1
112 17 118 23 3635 1
113 33 118 23 3635 1
114 49 118 23 3635 1
115 65 118 23 3635 1
116 81 118 23 3635 1
117 97 118 23 3635 1
118 3 110 12 1041 1
119 12 127 4 378 1
120 23 127 4 378 1
121 34 127 4 378 1
122 45 127 4 378 1
123 4 140 8 1412 1
124 3 129 13 1583 1
125 5 129 13 1583 1
126 30 121 10 1103 1
127 11 132 20 3568 1
128 56 134 11 1077 1
129 10 132 17 1944 1
130 19 132 17 1944 1
131 6 133 30 2900 1
132 11 133 30 2900 1
133 16 133 30 2900 1
134 21 133 30 2900 1
135 11 139 15 1899 1
136 21 139 15 1899 1
137 31 139 15 1899 1
138 41 139 15 1899 1
139 51 139 15 1899 1
140 61 139 15 1899 1
141 71 139 15 1899 1
142 81 139 15 1899 1
143 8 132 16 2026 1
144 15 132 16 2026 1
145 22 132 16 2026 1
146 14 139 31 5817 1
147 27 139 31 5817 1
148 40 139 31 5817 1
149 53 139 31 5817 1
150 4 138 22 2339 1
151 19 139 14 2587 1
152 3 138 35 4256 1
153 10 140 3 463 1
154 19 140 3 463 1
155 28 140 3 463 1
156 37 140 3 463 1
157 46 140 3 463 1
158 18 129 7 1220 1
159 35 129 7 1220 1
160 52 129 7 1220 1
161 69 129 7 1220 1
162 86 129 7 1220 1
163 7 137 12 1886 1
164 13 137 12 1886 1
165 19 137 12 1886 1
166 25 137 12 1886 1
167 13 125 10 1201 1
168 25 125 10 1201 1
169 11 118 12 1377 1
170 21 118 12 1377 1
171 31 118 12 1377 1
172 41 118 12 1377 1
173 51 118 12 1377 1
174 61 118 12 1377 1
175 71 118 12 1377 1
176 81 118 12 1377 1
177 91 118 12 1377 1
178 101 118 12 1377 1
179 111 118 12 1377 1
180 121 118 12 1377 1
181 4 110 7 708 1
182 8 139 4 282 1
183 15 139 4 282 1
184 22 139 4 282 1
185 29 139 4 282 1
186 4 110 16 1456 1
187 13 140 33 4151 1
188 25 140 33 4151 1
189 37 140 33 4151 1
190 49 140 33 4151 1
191 61 140 33 4151 1
192 73 140 33 4151 1
193 85 140 33 4151 1
194 97 140 33 4151 1
195 15 141 18 2528 1
196 29 141 18 2528 1
197 38 122 8 851 1
198 13 121 13 2291 1
199 17 134 15 1083 1
200 3 138 7 1282 1
201 5 138 7 1282 1
202 7 138 7 1282 1
203 13 132 11 1692 1
204 25 132 11 1692 1
205 37 132 11 1692 1
206 49 132 11 1692 1
207 1 122 16 2649 1
208 1 122 16 2649 1
209 5 126 15 1306 1
210 9 126 15 1306 1
211 13 126 15 1306 1
212 12 122 27 3799 1
213 3 141 20 3342 1
214 4 127 9 1290 1
215 54 137 12 1214 1
216 11 126 5 931 1
217 21 126 5 931 1
218 31 126 5 931 1
219 41 126 5 931 1
220 17 140 18 2737 1
221 33 140 18 2737 1
222 49 140 18 2737 1
223 65 140 18 2737 1
224 81 140 18 2737 1
225 97 140 18 2737 1
226 113 140 18 2737 1
227 129 140 18 2737 1
228 145 140 18 2737 1
229 161 140 18 2737 1
230 177 140 18 2737 1
231 193 140 18 2737 1
232 8 132 5 688 1
233 15 132 5 688 1
234 22 132 5 688 1
235 15 140 39 3377 1
236 14 121 15 1376 1
237 27 121 15 1376 1
238 40 121 15 1376 1
239 53 121 15 1376 1
240 6 141 9 1447 1
241 11 141 9 1447 1
242 16 141 9 1447 1
243 21 141 9 1447 1
244 26 141 9 1447 1
245 31 141 9 1447 1
246 36 141 9 1447 1
247 41 141 9 1447 1
248 46 141 9 1447 1
249 6 126 14 1569 1
250 14 126 14 1805 1
251 27 126 14 1805 1
252 40 126 14 1805 1
253 53 126 14 1805 1
254 66 126 14 1805 1
255 79 126 14 1805 1
256 92 126 14 1805 1
257 14 139 18 2121 1
258 70 118 11 1788 1
259 9 121 17 2876 1
260 17 121 17 2876 1
261 8 110 18 1361 1
262 15 110 18 1361 1
263 22 110 18 1361 1
264 17 139 17 2110 1
265 3 127 11 844 1
266 5 126 9 934 1
267 9 126 9 934 1
268 5 121 11 1646 1
269 4 139 12 1490 1
270 16 140 33 3318 1
271 8 137 10 1993 1
272 15 137 10 1993 1
273 22 137 10 1993 1
274 29 137 10 1993 1
275 36 137 10 1993 1
276 43 137 10 1993 1
277 9 118 14 1170 1
278 17 118 14 1170 1
279 8 141 27 2449 1
280 15 141 27 2449 1
281 22 141 27 2449 1
282 29 141 27 2449 1
283 36 141 27 2449 1
284 43 141 27 2449 1
285 50 141 27 2449 1
286 57 141 27 2449 1
287 64 141 27 2449 1
288 80 140 6 1189 1
289 159 140 6 1189 1
290 10 137 4 798 1
291 5 129 9 811 1
292 9 129 9 811 1
293 4 141 11 2285 1
294 7 141 11 2285 1
295 10 141 11 2285 1
296 2 141 28 5132 1
297 3 141 28 5132 1
298 4 141 28 5132 1
299 5 141 28 5132 1
300 6 141 28 5132 1
301 7 141 28 5132 1
302 8 141 28 5132 1
303 12 133 14 2307 1
304 13 125 11 2017 1
305 25 125 11 2017 1
306 37 125 11 2017 1
307 49 125 11 2017 1
308 61 125 11 2017 1
309 73 125 11 2017 1
310 85 125 11 2017 1
311 19 129 10 1044 1
312 37 129 10 1044 1
313 55 129 10 1044 1
314 73 129 10 1044 1
315 9 132 17 1869 1
316 8 118 10 1249 1
317 15 118 10 1249 1
318 22 118 10 1249 1
319 29 118 10 1249 1
320 36 118 10 1249 1
321 43 118 10 1249 1
322 15 118 10 1568 1
323 29 118 10 1568 1
324 43 118 10 1568 1
325 7 137 8 656 1
326 13 137 8 656 1
327 19 137 8 656 1
328 25 137 8 656 1
329 130 137 6 455 1
330 12 132 12 2360 1
331 23 132 12 2360 1
332 12 141 10 1321 1
333 4 121 10 945 1
334 8 137 22 4172 1
335 15 137 22 4172 1
336 6 138 23 3072 1
337 11 138 23 3072 1
338 4 140 16 2603 1
339 7 140 16 2603 1
340 4 129 6 460 1
341 3 137 12 1441 1
342 10 137 10 1237 1
343 17 140 7 725 1
344 33 140 7 725 1
345 10 134 10 1168 1
346 19 134 10 1168 1
347 28 134 10 1168 1
348 37 134 10 1168 1
349 46 134 10 1168 1
350 55 134 10 1168 1
351 64 134 10 1168 1
352 8 137 15 2229 1
353 3 127 16 1021 1
354 5 125 20 1374 1
355 9 125 20 1374 1
356 13 125 20 1374 1
357 17 125 20 1374 1
358 21 125 20 1374 1
359 25 125 20 1374 1
360 29 125 20 1374 1
361 33 125 20 1374 1
362 37 125 20 1374 1
363 41 125 20 1374 1
364 45 125 20 1374 1
365 49 125 20 1374 1
366 11 141 13 2467 1
367 21 141 13 2467 1
368 31 141 13 2467 1
369 41 141 13 2467 1
370 51 141 13 2467 1
371 61 141 13 2467 1
372 71 141 13 2467 1
373 13 141 11 2140 1
374 13 141 11 1736 1
375 13 110 32 2878 1
376 25 110 32 2878 1
377 7 141 50 6307 1
378 13 141 50 6307 1
379 19 141 50 6307 1
380 5 118 15 1383 1
381 11 134 22 2127 1
382 21 134 22 2127 1
383 31 134 22 2127 1
384 41 134 22 2127 1
385 51 134 22 2127 1
386 16 132 16 2017 1
387 31 132 16 2017 1
388 3 133 42 4936 1
389 4 139 12 1684 1
390 7 139 12 1684 1
391 10 139 12 1684 1
392 13 139 12 1684 1
393 10 126 41 4542 1
394 19 126 41 4542 1
395 28 126 41 4542 1
396 37 126 41 4542 1
397 15 125 57 8208 1
398 29 125 57 8208 1
399 43 125 57 8208 1
400 57 125 57 8208 1
401 71 125 57 8208 1
402 85 125 57 8208 1
403 9 110 11 1268 1
404 15 127 16 2463 1
405 18 126 6 930 1
406 35 126 6 930 1
407 11 129 15 2034 1
408 21 129 15 2034 1
409 31 129 15 2034 1
410 41 129 15 2034 1
411 51 129 15 2034 1
412 61 129 15 2034 1
413 71 129 15 2034 1
414 16 133 5 852 1
415 7 134 20 1512 1
416 13 134 20 1512 1
417 19 134 20 1512 1
418 25 134 20 1512 1
419 31 134 20 1512 1
420 12 127 8 652 1
421 23 127 8 652 1
422 34 127 8 652 1
423 45 127 8 652 1
424 56 127 8 652 1
425 67 127 8 652 1
426 78 127 8 652 1
427 89 127 8 652 1
428 100 127 8 652 1
429 111 127 8 652 1
430 122 127 8 652 1
431 133 127 8 652 1
432 144 127 8 652 1
433 3 138 8 1451 1
434 10 132 12 2350 1
435 19 132 12 2350 1
436 28 132 12 2350 1
437 3 127 9 871 1
438 5 127 9 871 1
439 7 127 9 871 1
440 3 110 11 1058 1
441 8 127 13 2310 1
442 15 127 13 2310 1
443 22 127 13 2310 1
444 29 127 13 2310 1
445 36 127 13 2310 1
446 11 137 5 579 1
447 21 137 5 579 1
448 31 137 5 579 1
449 41 137 5 579 1
450 51 137 5 579 1
451 61 137 5 579 1
452 71 137 5 579 1
453 81 137 5 579 1
454 13 133 10 1046 1
455 7 139 14 1441 1
456 13 139 14 1441 1
457 14 129 8 995 1
458 27 129 8 995 1
459 40 129 8 995 1
460 6 138 11 2225 1
461 11 138 11 2225 1
462 16 138 11 2225 1
463 21 138 11 2225 1
464 1 126 20 2461 1
465 1 126 20 2461 1
466 1 126 20 2461 1
467 1 126 20 2461 1
468 23 139 29 5037 1
469 45 139 29 5037 1
470 67 139 29 5037 1
471 89 139 29 5037 1
472 111 139 29 5037 1
473 133 139 29 5037 1
474 155 139 29 5037 1
475 4 125 28 4030 1
476 18 110 18 1728 1
477 35 110 18 1728 1
478 52 110 18 1728 1
479 69 110 18 1728 1
480 86 110 18 1728 1
481 103 110 18 1728 1
482 3 141 21 3597 1
483 5 141 21 3597 1
484 11 129 7 1287 1
485 21 129 7 1287 1
486 31 129 7 1287 1
487 41 129 7 1287 1
488 6 141 18 3403 1
489 11 141 18 3403 1
490 11 118 10 1016 1
491 8 134 11 1738 1
492 15 134 11 1738 1
493 22 134 11 1738 1
494 18 141 32 3104 1
495 11 122 9 1550 1
496 21 122 9 1550 1
497 31 122 9 1550 1
498 14 127 14 1455 1
499 27 127 14 1455 1
500 40 127 14 1455 1
501 53 127 14 1455 1
502 66 127 14 1455 1
503 79 127 14 1455 1
504 15 127 15 1416 1
505 11 121 6 631 1
506 3 137 16 2154 1
507 2 138 18 3620 1
508 3 138 18 3620 1
509 4 138 18 3620 1
510 4 134 32 3821 1
511 21 125 9 1682 1
512 41 125 9 1682 1
513 61 125 9 1682 1
514 81 125 9 1682 1
515 101 125 9 1682 1
516 13 140 10 789 1
517 25 140 10 789 1
518 4 141 25 3077 1
519 7 141 25 3077 1
520 10 127 26 3439 1
521 19 127 26 3439 1
522 28 127 26 3439 1
523 13 122 9 788 1
524 35 140 21 2783 1
525 12 126 30 4029 1
526 5 140 13 2052 1
527 6 140 32 4547 1
528 75 139 23 1850 1
529 9 139 29 4442 1
530 9 138 51 8710 1
531 17 138 51 8710 1
532 25 138 51 8710 1
533 33 138 51 8710 1
534 10 133 12 1170 1
535 19 133 12 1170 1
536 28 133 12 1170 1
537 37 133 12 1170 1
538 46 133 12 1170 1
539 55 133 12 1170 1
540 64 133 12 1170 1
541 73 133 12 1170 1
542 82 133 12 1170 1
543 91 133 12 1170 1
544 3 140 14 2759 1
545 5 140 14 2759 1
546 18 140 18 1819 1
547 35 140 18 1819 1
548 52 140 18 1819 1
549 69 140 18 1819 1
550 86 140 18 1819 1
551 103 140 18 1819 1
552 3 138 8 964 1
553 43 139 12 855 1
554 9 118 43 5931 1
555 17 118 43 5931 1
556 4 141 43 9044 1
557 3 141 6 1167 1
558 8 122 28 3885 1
559 16 129 8 728 1
560 31 129 8 728 1
561 46 129 8 728 1
562 61 129 8 728 1
563 76 129 8 728 1
564 91 129 8 728 1
565 106 129 8 728 1
566 121 129 8 728 1
567 136 129 8 728 1
568 151 129 8 728 1
569 166 129 8 728 1
570 181 129 8 728 1
571 10 127 22 2811 1
572 21 126 15 1102 1
573 41 126 15 1102 1
574 61 126 15 1102 1
575 9 121 10 869 1
576 20 133 19 1777 1
577 39 133 19 1777 1
578 58 133 19 1777 1
579 77 133 19 1777 1
580 18 118 8 1246 1
581 35 118 8 1246 1
582 3 110 13 1656 1
583 5 110 13 1656 1
584 7 110 13 1656 1
585 9 110 13 1656 1
586 4 122 9 1587 1
587 7 122 9 1587 1
588 7 134 10 1647 1
589 13 134 10 1647 1
590 13 125 14 1480 1
591 25 125 14 1480 1
592 17 137 8 755 1
593 33 137 8 755 1
594 49 137 8 755 1
595 65 137 8 755 1
596 4 140 14 1582 1
597 12 137 13 1158 1
598 23 137 13 1158 1
599 34 137 13 1158 1
600 15 121 4 424 1
601 29 121 4 424 1
602 43 121 4 424 1
603 57 121 4 424 1
604 71 121 4 424 1
605 77 110 7 1037 1
606 12 133 15 2901 1
607 23 133 15 2901 1
608 3 138 6 462 1
609 5 138 6 462 1
610 4 129 12 2172 1
611 17 134 7 535 1
612 33 134 7 535 1
613 4 132 12 1328 1
614 4 141 25 5274 1
615 7 141 25 5274 1
616 6 139 9 1754 1
617 11 139 9 1754 1
618 16 139 9 1754 1
619 9 122 20 2094 1
620 7 129 18 1527 1
621 13 129 18 1527 1
622 19 129 18 1527 1
623 25 129 18 1527 1
624 31 129 18 1527 1
625 37 129 18 1527 1
626 16 138 19 2661 1
627 31 138 19 2661 1
628 46 138 19 2661 1
629 61 138 19 2661 1
630 76 138 19 2661 1
631 91 138 19 2661 1
632 106 138 19 2661 1
633 121 138 19 2661 1
634 136 138 19 2661 1
635 151 138 19 2661 1
636 166 138 19 2661 1
637 181 138 19 2661 1
638 196 138 19 2661 1
639 211 138 19 2661 1
640 226 138 19 2661 1
641 241 138 19 2661 1
642 256 138 19 2661 1
643 271 138 19 2661 1
644 286 138 19 2661 1
645 301 138 19 2661 1
646 316 138 19 2661 1
647 331 138 19 2661 1
648 2 141 6 1025 1
649 3 141 6 1025 1
650 15 139 10 1043 1
651 29 139 10 1043 1
652 43 139 10 1043 1
653 57 139 10 1043 1
654 10 132 17 1208 1
655 19 132 17 1208 1
656 10 122 34 5934 1
657 19 122 34 5934 1
658 28 122 34 5934 1
659 3 118 6 997 1
660 5 118 6 997 1
661 5 118 6 687 1
662 9 127 16 2574 1
663 4 155 25 3883 1
664 14 149 28 3981 1
665 14 165 18 2812 1
666 4 157 8 740 1
667 6 166 16 2779 1
668 4 166 31 6672 1
669 4 160 9 2083 1
670 7 160 9 2083 1
671 9 154 9 2048 1
672 17 154 9 2048 1
673 14 165 9 1792 1
674 27 165 9 1792 1
675 13 149 24 2036 1
676 25 149 24 2036 1
677 9 158 23 2870 1
678 9 161 69 12922 1
679 13 149 24 2849 1
680 14 151 8 959 1
681 27 151 8 959 1
682 14 161 17 2913 1
683 27 161 17 2913 1
684 40 161 17 2913 1
685 10 160 11 1705 1
686 19 160 11 1705 1
687 28 160 11 1705 1
688 10 166 27 3826 1
689 14 161 47 9454 1
690 3 166 20 4211 1
691 7 149 35 6051 1
692 5 155 9 1010 1
693 8 157 16 3291 1
694 20 157 21 3641 1
695 10 155 10 923 1
696 9 160 30 2665 1
697 17 160 30 2665 1
698 25 160 30 2665 1
699 33 160 30 2665 1
700 9 147 18 2557 1
701 8 161 16 2068 1
702 15 161 16 2068 1
703 22 161 16 2068 1
704 29 161 16 2068 1
705 36 161 16 2068 1
706 19 147 23 2667 1
707 3 154 27 3399 1
708 13 157 31 6582 1
709 10 151 30 5905 1
710 19 151 30 5905 1
711 11 166 17 2441 1
712 6 149 42 4348 1
713 18 158 17 3507 1
714 35 158 17 3507 1
715 26 147 11 2078 1
716 8 149 19 2160 1
717 15 149 19 2160 1
718 5 157 71 10568 1
719 13 149 28 3453 1
720 10 160 30 6135 1
721 19 160 30 6135 1
722 8 160 16 1741 1
723 4 151 19 2813 1
724 7 151 19 2813 1
725 9 157 11 2319 1
726 17 157 11 2319 1
727 25 157 11 2319 1
728 13 157 33 6857 1
729 9 166 44 9264 1
730 11 147 18 1353 1
731 3 151 10 1039 1
732 10 158 18 2753 1
733 11 166 16 3973 1
734 7 161 8 1770 1
735 13 161 8 1770 1
736 19 161 8 1770 1
737 25 161 8 1770 1
738 11 157 7 804 1
739 8 147 22 3018 1
740 15 147 22 3018 1
741 20 166 26 2868 1
742 10 160 21 2369 1
743 11 154 30 6848 1
744 24 161 11 1322 1
745 13 155 13 2052 1
746 15 166 27 2554 1
747 12 157 10 1162 1
748 23 157 10 1162 1
749 3 161 9 1984 1
750 8 161 18 2300 1
751 15 161 18 2300 1
752 22 161 18 2300 1
753 15 161 20 3659 1
754 29 161 20 3659 1
755 43 161 20 3659 1
756 57 161 20 3659 1
757 11 155 6 605 1
758 9 160 33 5636 1
759 16 149 9 881 1
760 31 149 9 881 1
761 14 165 23 3262 1
762 27 165 23 3262 1
763 40 165 23 3262 1
764 53 165 23 3262 1
765 10 157 18 2879 1
766 19 157 18 2879 1
767 10 155 10 2022 1
768 54 154 8 1719 1
769 9 158 23 4264 1
770 6 160 31 3805 1
771 24 154 27 3955 1
772 11 161 36 6592 1
773 21 161 36 6592 1
774 7 157 20 2910 1
775 11 151 64 6273 1
776 5 151 71 11094 1
777 9 165 29 5721 1
778 8 149 28 2135 1
779 11 160 10 2302 1
780 21 160 10 2302 1
781 3 160 16 3396 1
782 3 160 11 1254 1
783 16 161 19 3066 1
784 31 161 19 3066 1
785 46 161 19 3066 1
786 61 161 19 3066 1
787 76 161 19 3066 1
788 91 161 19 3066 1
789 106 161 19 3066 1
790 121 161 19 3066 1
791 11 149 7 1518 1
792 18 160 24 2753 1
793 35 160 24 2753 1
794 8 155 36 3679 1
795 9 161 17 2030 1
796 17 161 17 2030 1
797 25 161 17 2030 1
798 13 158 12 1205 1
799 25 158 12 1205 1
800 37 158 12 1205 1
801 49 158 12 1205 1
802 61 158 12 1205 1
803 12 165 23 4151 1
804 12 155 7 878 1
805 23 155 7 878 1
806 34 155 7 878 1
807 19 147 19 2158 1
808 12 161 4 412 1
809 15 158 12 2289 1
810 29 158 12 2289 1
811 43 158 12 2289 1
812 8 160 29 4343 1
813 13 165 13 2308 1
814 14 158 13 1493 1
815 27 158 13 1493 1
816 40 158 13 1493 1
817 10 166 19 1968 1
818 15 160 46 6205 1
819 13 178 11 2556 1
820 11 168 11 2063 1
821 15 170 8 1236 1
822 15 175 21 2575 1
823 3 170 35 8291 1
824 15 168 36 8397 1
825 14 183 10 2006 1
826 16 194 47 13338 1
827 31 194 47 13338 1
828 46 194 47 13338 1
829 22 197 12 2436 1
830 16 170 12 1599 1
831 32 195 23 6711 1
832 44 195 28 5463 1
833 87 195 28 5463 1
834 11 185 15 3440 1
835 21 185 15 3440 1
836 31 185 15 3440 1
837 39 169 10 1646 1
838 13 170 25 2818 1
839 10 195 8 1550 1
840 15 197 14 3868 1
841 10 183 24 3734 1
842 38 184 29 5996 1
843 40 190 20 5566 1
844 15 190 29 7770 1
845 29 190 29 7770 1
846 23 188 60 7600 1
847 14 197 23 6342 1
848 13 170 26 2828 1
849 36 190 23 3123 1
850 14 178 40 5842 1
851 21 178 42 5710 1
852 15 169 18 3625 1
853 4 194 22 6243 1
854 22 198 12 2571 1
855 39 169 11 1326 1
856 22 169 19 2635 1
857 9 195 20 3316 1
858 43 170 18 4319 1
859 12 169 4 913 1
860 36 185 10 1473 1
861 14 195 23 4111 1
862 16 197 14 3311 1
863 21 195 14 2211 1
864 11 169 16 3632 1
865 3 183 11 2622 1
866 31 168 27 5498 1
867 22 188 22 2630 1
868 10 169 12 2710 1
869 14 175 21 5006 1
870 10 168 30 6513 1
871 19 168 30 6513 1
872 39 190 16 4223 1
873 77 190 16 4223 1
874 23 178 19 3294 1
875 48 188 35 4766 1
876 31 184 11 1341 1
877 15 198 19 3759 1
878 29 198 19 3759 1
879 3 175 11 1689 1
880 15 197 22 3831 1
881 29 197 22 3831 1
882 10 168 24 2851 1
883 13 190 7 1807 1
884 17 178 8 2023 1
885 25 178 14 1956 1
886 29 169 21 4740 1
887 24 184 13 1516 1
888 47 184 13 1516 1
889 35 175 18 3397 1
890 13 194 43 5572 1
891 39 197 26 7225 1
892 14 185 13 2337 1
893 36 198 23 6453 1
894 15 169 17 3472 1
895 3 184 5 934 1
896 15 178 16 2895 1
897 16 195 41 8274 1
898 30 190 21 3825 1
899 10 198 32 8989 1
900 10 195 27 4625 1
901 22 178 21 2130 1
902 43 178 21 2130 1
903 64 178 21 2130 1
904 16 178 13 1307 1
905 9 168 13 3079 1
906 3 194 25 5917 1
907 17 195 24 7011 1
908 14 190 10 1992 1
909 101 198 34 8725 1
910 10 183 25 5950 1
911 41 190 31 4967 1
912 15 184 13 2876 1
913 14 195 29 6461 1
914 223 190 28 6810 1
915 21 183 32 8275 1
916 138 212 10 1650 1
917 45 210 17 2187 1
918 89 210 17 2187 1
919 27 208 17 3928 1
920 38 208 20 5864 1
921 75 208 20 5864 1
922 112 208 20 5864 1
923 38 208 7 816 1
924 75 208 7 816 1
925 112 208 7 816 1
926 38 221 23 6753 1
927 75 221 23 6753 1
928 39 208 11 2252 1
929 77 208 11 2252 1
930 115 208 11 2252 1
931 153 208 11 2252 1
932 191 208 11 2252 1
933 229 208 11 2252 1
934 267 208 11 2252 1
935 305 208 11 2252 1
936 343 208 11 2252 1
937 381 208 11 2252 1
938 419 208 11 2252 1
939 457 208 11 2252 1
940 495 208 11 2252 1
941 533 208 11 2252 1
942 41 204 3 653 1
943 81 204 3 653 1
944 121 204 3 653 1
945 161 204 3 653 1
946 201 204 3 653 1
947 241 204 3 653 1
948 33 211 21 4736 1
949 65 211 21 4736 1
950 97 211 21 4736 1
951 129 211 21 4736 1
952 161 211 21 4736 1
953 193 211 21 4736 1
954 225 211 21 4736 1
955 257 211 21 4736 1
956 289 211 21 4736 1
957 43 221 17 5540 1
958 164 222 19 3065 1
959 36 212 39 10185 1
960 71 212 39 10185 1
961 106 212 39 10185 1
962 141 212 39 10185 1
963 176 212 39 10185 1
964 106 204 24 3852 1
965 40 208 13 3617 1
966 40 208 16 1676 1
967 39 204 13 2718 1
968 77 204 13 2718 1
969 128 211 16 4455 1
970 255 211 16 4455 1
971 45 204 14 3769 1
972 89 204 14 3769 1
973 133 204 14 3769 1
974 177 204 14 3769 1
975 221 204 14 3769 1
976 37 212 13 2378 1
977 39 208 22 4182 1
978 77 208 22 4182 1
979 115 208 22 4182 1
980 153 208 22 4182 1
981 191 208 22 4182 1
982 56 225 17 4602 1
983 60 239 18 3152 1
984 38 230 14 3317 1
985 75 230 14 3317 1
986 35 228 15 2379 1
987 69 228 15 2379 1
988 103 228 15 2379 1
989 137 228 15 2379 1
990 89 225 11 2736 1
991 105 228 23 5746 1
992 60 228 13 2027 1
993 119 228 13 2027 1
994 178 228 13 2027 1
995 37 239 21 5709 1
996 39 228 20 4442 1
997 36 239 22 2879 1
998 71 239 22 2879 1
999 106 239 22 2879 1
1000 106 230 22 6610 1
1001 211 230 22 6610 1
1002 37 239 35 7211 1
1003 96 225 18 3342 1
1004 36 228 26 7227 1
1005 36 230 20 3729 1
1006 71 230 20 3729 1
1007 35 225 23 4346 1
1008 69 225 23 4346 1
1009 103 225 23 4346 1
1010 137 225 23 4346 1
1011 33 228 15 4060 1
1012 106 230 19 2650 1
1013 211 230 19 2650 1
1014 316 230 19 2650 1
1015 33 230 23 4945 1
1016 65 230 23 4945 1
1017 57 270 26 9346 1
1018 113 270 26 9346 1
1019 36 268 27 9575 1
1020 37 278 21 5394 1
1021 95 277 9 1895 1
1022 189 277 9 1895 1
1023 56 277 27 7033 1
1024 111 277 27 7033 1
1025 56 262 17 4658 1
1026 172 275 17 5899 1
1027 58 260 45 6571 1
1028 72 276 26 7588 1
1029 57 293 29 12133 1
1030 90 261 32 4210 1
1031 179 261 32 4210 1
1032 268 261 32 4210 1
1033 58 275 39 12632 1
1034 107 270 12 4405 1
1035 106 261 20 4711 1
1036 57 258 3 850 1
35
400 400 400 400 500 500 600 600 600 600 600 600 600 400 400 400 400 400 230 315 600 450 450 400 400 400 665 725 645 500 500 305 400 400 390 