1036
1 5 101 19 2598 1
2 7 101 4 507 1
3 13 101 4 507 1
4 4 99 5 629 1
5 4 101 27 2016 1
6 16 101 10 814 1
7 31 101 10 814 1
8 4 101 14 784 1
9 7 101 14 784 1
10 6 101 15 1961 1
11 28 99 17 2064 1
12 4 101 32 2121 1
13 7 101 32 2121 1
14 10 101 32 2121 1
15 6 101 16 2274 1
16 4 101 55 3551 1
17 7 101 55 3551 1
18 10 101 55 3551 1
19 7 99 51 2547 1
20 3 101 6 412 1
21 6 99 16 1356 1
22 11 99 16 1356 1
23 16 99 16 1356 1
24 16 101 21 1791 1
25 6 99 4 201 1
26 11 99 4 201 1
27 16 99 4 201 1
28 21 99 4 201 1
29 8 99 9 688 1
30 15 99 9 688 1
31 22 99 9 688 1
32 22 101 13 1063 1
33 7 99 28 1490 1
34 4 99 12 636 1
35 15 101 11 1411 1
36 16 101 39 5442 1
37 17 101 11 1403 1
38 33 101 11 1403 1
39 4 99 9 816 1
40 5 140 26 3672 1
41 8 141 22 2584 1
42 15 129 9 1520 1
43 11 139 13 2113 1
44 21 139 13 2113 1
45 31 139 13 2113 1
46 41 139 13 2113 1
47 132 139 14 1327 1
48 7 126 13 1393 1
49 8 125 36 2920 1
50 15 125 36 2920 1
51 22 125 36 2920 1
52 29 125 36 2920 1
53 36 125 36 2920 1
54 21 141 5 923 1
55 41 141 5 923 1
56 61 141 5 923 1
57 10 139 26 5258 1
58 19 139 26 5258 1
59 28 139 26 5258 1
60 12 129 16 2168 1
61 23 129 16 2168 1
62 14 121 31 4535 1
63 5 122 11 1344 1
64 7 121 17 1092 1
65 13 121 17 1092 1
66 13 134 7 528 1
67 25 134 7 528 1
68 37 134 7 528 1
69 3 110 29 2007 1
70 4 122 4 392 1
71 4 126 26 4173 1
72 7 126 26 4173 1
73 10 126 26 4173 1
74 12 126 8 608 1
75 6 129 17 1499 1
76 11 129 17 1499 1
77 16 129 17 1499 1
78 21 129 17 1499 1
79 26 129 17 1499 1
80 31 129 17 1499 1
81 36 129 17 1499 1
82 41 129 17 1499 1
83 11 139 19 2229 1
84 15 139 15 1892 1
85 29 139 15 1892 1
86 43 139 15 1892 1
87 57 139 15 1892 1
88 15 110 5 724 1
89 29 110 5 724 1
90 69 118 5 655 1
91 9 140 34 5611 1
92 17 140 34 5611 1
93 25 140 34 5611 1
94 33 140 34 5611 1
95 41 140 34 5611 1
96 49 140 34 5611 1
97 57 140 34 5611 1
98 65 140 34 5611 1
99 73 140 34 5611 1
100 81 140 34 5611 1
101 89 140 34 5611 1
102 16 132 19 2064 1
103 31 132 19 2064 1
104 46 132 19 2064 1
105 6 122 8 1189 1
106 6 122 3 548 1
107 11 122 3 548 1
108 16 122 3 548 1
109 21 122 3 548 1
110 11 134 28 5230 1
111 21 134 28 5230 1
112 31 134 28 5230 1
113 41 134 28 5230 1
114 3 110 26 3811 1
115 5 110 26 3811 1
116 5 137 21 2013 1
117 16 125 48 5334 1
118 7 137 39 5405 1
119 13 137 39 5405 1
120 19 137 39 5405 1
121 25 137 39 5405 1
122 31 137 39 5405 1
123 37 137 39 5405 1
124 43 137 39 5405 1
125 9 118 11 1927 1
126 17 118 11 1927 1
127 15 129 18 2834 1
128 29 129 18 2834 1
129 43 129 18 2834 1
130 4 134 16 1236 1
131 4 110 19 2016 1
132 20 137 8 655 1
133 17 137 10 760 1
134 33 137 10 760 1
135 49 137 10 760 1
136 65 137 10 760 1
137 81 137 10 760 1
138 97 137 10 760 1
139 113 137 10 760 1
140 10 127 6 393 1
141 19 127 6 393 1
142 28 127 6 393 1
143 37 127 6 393 1
144 46 127 6 393 1
145 55 127 6 393 1
146 64 127 6 393 1
147 73 127 6 393 1
148 82 127 6 393 1
149 91 127 6 393 1
150 100 127 6 393 1
151 4 118 8 1015 1
152 13 127 15 1700 1
153 25 127 15 1700 1
154 10 137 7 1250 1
155 19 137 7 1250 1
156 28 137 7 1250 1
157 37 137 7 1250 1
158 46 137 7 1250 1
159 12 126 7 800 1
160 15 122 6 951 1
161 29 122 6 951 1
162 43 122 6 951 1
163 57 122 6 951 1
164 4 132 17 1351 1
165 9 141 23 3185 1
166 17 141 23 3185 1
167 25 141 23 3185 1
168 33 141 23 3185 1
169 41 141 23 3185 1
170 15 127 12 967 1
171 15 134 25 3289 1
172 29 134 25 3289 1
173 43 134 25 3289 1
174 12 132 21 3603 1
175 23 132 21 3603 1
176 34 132 21 3603 1
177 45 132 21 3603 1
178 56 132 21 3603 1
179 67 132 21 3603 1
180 4 125 12 1110 1
181 10 139 15 1266 1
182 4 138 14 1409 1
183 7 138 14 1409 1
184 9 125 38 6988 1
185 17 125 38 6988 1
186 25 125 38 6988 1
187 33 125 38 6988 1
188 17 138 13 972 1
189 15 141 11 1072 1
190 29 141 11 1072 1
191 43 141 11 1072 1
192 154 133 15 2058 1
193 3 118 31 5451 1
194 9 127 9 1588 1
195 17 127 9 1588 1
196 25 127 9 1588 1
197 33 127 9 1588 1
198 41 127 9 1588 1
199 49 127 9 1588 1
200 57 127 9 1588 1
201 11 133 13 1702 1
202 8 139 8 1619 1
203 15 139 8 1619 1
204 22 139 8 1619 1
205 29 139 8 1619 1
206 36 139 8 1619 1
207 43 139 8 1619 1
208 50 139 8 1619 1
209 57 139 8 1619 1
210 64 139 8 1619 1
211 71 139 8 1619 1
212 78 139 8 1619 1
213 9 133 22 2881 1
214 17 133 22 2881 1
215 25 133 22 2881 1
216 33 133 22 2881 1
217 6 118 20 1903 1
218 90 125 10 1097 1
219 3 127 17 2481 1
220 5 127 17 2481 1
221 9 134 13 1837 1
222 17 134 13 1837 1
223 25 134 13 1837 1
224 33 134 13 1837 1
225 41 134 13 1837 1
226 1 126 18 1659 1
227 1 126 18 1659 1
228 1 126 18 1659 1
229 1 126 18 1659 1
230 1 126 18 1659 1
231 2 138 66 7774 1
232 5 133 15 2114 1
233 8 125 13 2419 1
234 15 125 13 2419 1
235 22 125 13 2419 1
236 24 139 29 2722 1
237 47 139 29 2722 1
238 70 139 29 2722 1
239 4 141 26 2433 1
240 11 118 11 688 1
241 21 118 11 688 1
242 17 125 12 1527 1
243 33 125 12 1527 1
244 8 126 17 1548 1
245 4 132 24 2241 1
246 8 137 26 2709 1
247 15 137 26 2709 1
248 8 129 11 1981 1
249 15 129 11 1981 1
250 64 127 9 981 1
251 15 110 10 1356 1
252 6 137 17 3306 1
253 11 137 17 3306 1
254 4 134 29 4540 1
255 46 137 9 1037 1
256 7 134 15 1934 1
257 3 118 5 711 1
258 15 125 22 2960 1
259 29 125 22 2960 1
260 20 127 27 3544 1
261 39 127 27 3544 1
262 3 141 22 3826 1
263 3 133 23 4201 1
264 42 141 14 1621 1
265 6 121 20 3255 1
266 11 121 20 3255 1
267 11 127 8 1054 1
268 5 134 33 4887 1
269 15 129 31 5994 1
270 29 129 31 5994 1
271 43 129 31 5994 1
272 11 121 9 801 1
273 7 132 40 5102 1
274 13 132 40 5102 1
275 15 137 11 917 1
276 29 137 11 917 1
277 43 137 11 917 1
278 15 138 14 1143 1
279 29 138 14 1143 1
280 43 138 14 1143 1
281 57 138 14 1143 1
282 71 138 14 1143 1
283 11 127 18 3261 1
284 21 127 18 3261 1
285 31 127 18 3261 1
286 41 127 18 3261 1
287 51 127 18 3261 1
288 61 127 18 3261 1
289 71 127 18 3261 1
290 81 127 18 3261 1
291 91 127 18 3261 1
292 19 132 12 979 1
293 10 139 26 5164 1
294 19 139 26 5164 1
295 28 139 26 5164 1
296 17 122 32 3766 1
297 33 122 32 3766 1
298 49 122 32 3766 1
299 65 122 32 3766 1
300 81 122 32 3766 1
301 97 122 32 3766 1
302 113 122 32 3766 1
303 4 129 12 1551 1
304 7 129 12 1551 1
305 10 129 12 1551 1
306 13 129 12 1551 1
307 16 129 12 1551 1
308 19 129 12 1551 1
309 3 126 16 1084 1
310 5 126 16 1084 1
311 7 126 16 1084 1
312 9 126 16 1084 1
313 4 141 21 1572 1
314 12 138 34 4684 1
315 23 138 34 4684 1
316 34 138 34 4684 1
317 4 118 12 1667 1
318 2 122 16 1490 1
319 13 140 53 4877 1
320 25 140 53 4877 1
321 37 140 53 4877 1
322 49 140 53 4877 1
323 6 126 32 5440 1
324 11 126 32 5440 1
325 16 126 32 5440 1
326 21 126 32 5440 1
327 26 126 32 5440 1
328 31 126 32 5440 1
329 36 126 32 5440 1
330 41 126 32 5440 1
331 46 126 32 5440 1
332 51 126 32 5440 1
333 56 126 32 5440 1
334 61 126 32 5440 1
335 4 110 16 1970 1
336 16 127 5 810 1
337 31 127 5 810 1
338 46 127 5 810 1
339 61 127 5 810 1
340 76 127 5 810 1
341 91 127 5 810 1
342 106 127 5 810 1
343 3 132 41 6525 1
344 11 139 4 592 1
345 21 139 4 592 1
346 8 139 27 4405 1
347 15 139 27 4405 1
348 3 139 17 1203 1
349 4 133 11 764 1
350 8 132 7 1010 1
351 15 132 7 1010 1
352 9 141 9 1883 1
353 17 141 9 1883 1
354 8 139 22 2540 1
355 15 139 22 2540 1
356 22 139 22 2540 1
357 29 139 22 2540 1
358 36 139 22 2540 1
359 43 139 22 2540 1
360 50 139 22 2540 1
361 8 122 16 1600 1
362 15 122 16 1600 1
363 22 122 16 1600 1
364 29 122 16 1600 1
365 16 140 15 1486 1
366 31 140 15 1486 1
367 19 127 37 5657 1
368 37 127 37 5657 1
369 55 127 37 5657 1
370 73 127 37 5657 1
371 12 134 5 661 1
372 23 134 5 661 1
373 34 134 5 661 1
374 45 134 5 661 1
375 56 134 5 661 1
376 67 134 5 661 1
377 78 134 5 661 1
378 89 134 5 661 1
379 100 134 5 661 1
380 7 127 9 1376 1
381 13 127 9 1376 1
382 19 127 9 1376 1
383 8 118 9 1335 1
384 15 118 9 1335 1
385 22 118 9 1335 1
386 4 110 38 3971 1
387 7 110 38 3971 1
388 14 133 11 928 1
389 18 118 13 1662 1
390 10 118 5 349 1
391 11 118 17 2793 1
392 21 118 17 2793 1
393 31 118 17 2793 1
394 41 118 17 2793 1
395 11 139 9 1384 1
396 3 110 13 1867 1
397 11 137 20 2977 1
398 21 137 20 2977 1
399 31 137 20 2977 1
400 12 134 14 1379 1
401 23 134 14 1379 1
402 34 134 14 1379 1
403 4 137 27 2986 1
404 7 137 27 2986 1
405 15 125 13 815 1
406 3 140 14 1537 1
407 15 118 23 3021 1
408 29 118 23 3021 1
409 43 118 23 3021 1
410 4 122 4 626 1
411 10 110 18 2241 1
412 19 110 18 2241 1
413 4 133 16 3078 1
414 5 137 20 2404 1
415 9 137 20 2404 1
416 4 137 10 1852 1
417 5 139 19 2741 1
418 17 129 11 1729 1
419 4 139 8 1117 1
420 15 121 11 1001 1
421 29 121 11 1001 1
422 43 121 11 1001 1
423 57 121 11 1001 1
424 12 132 17 3013 1
425 23 132 17 3013 1
426 34 132 17 3013 1
427 10 138 13 2020 1
428 19 138 13 2020 1
429 28 138 13 2020 1
430 9 138 19 1583 1
431 17 138 19 1583 1
432 25 138 19 1583 1
433 33 138 19 1583 1
434 41 138 19 1583 1
435 49 138 19 1583 1
436 57 138 19 1583 1
437 11 126 8 582 1
438 21 126 8 582 1
439 31 126 8 582 1
440 41 126 8 582 1
441 51 126 8 582 1
442 10 121 23 2780 1
443 19 121 23 2780 1
444 28 121 23 2780 1
445 37 121 23 2780 1
446 46 121 23 2780 1
447 11 137 15 2346 1
448 19 140 6 1171 1
449 37 140 6 1171 1
450 55 140 6 1171 1
451 73 140 6 1171 1
452 15 134 7 785 1
453 29 134 7 785 1
454 43 134 7 785 1
455 57 134 7 785 1
456 12 140 21 2074 1
457 23 140 21 2074 1
458 10 129 11 960 1
459 19 129 11 960 1
460 28 129 11 960 1
461 3 127 36 3343 1
462 4 139 10 1992 1
463 7 139 10 1992 1
464 17 122 8 1354 1
465 13 129 16 2074 1
466 25 129 16 2074 1
467 37 129 16 2074 1
468 49 129 16 2074 1
469 61 129 16 2074 1
470 2 110 8 655 1
471 4 137 4 739 1
472 5 118 8 1104 1
473 4 125 6 790 1
474 14 139 11 817 1
475 27 139 11 817 1
476 40 139 11 817 1
477 53 139 11 817 1
478 8 121 7 1208 1
479 16 138 8 1517 1
480 4 125 8 1444 1
481 10 133 24 3677 1
482 4 133 7 529 1
483 6 122 18 2944 1
484 11 122 18 2944 1
485 11 127 10 680 1
486 21 127 10 680 1
487 31 127 10 680 1
488 41 127 10 680 1
489 51 127 10 680 1
490 6 134 9 1349 1
491 11 134 9 1349 1
492 14 141 7 1445 1
493 27 141 7 1445 1
494 40 141 7 1445 1
495 3 140 37 6541 1
496 46 129 7 607 1
497 13 134 34 2530 1
498 16 122 8 1239 1
499 60 132 20 1550 1
500 4 129 29 4559 1
501 15 126 15 996 1
502 29 126 15 996 1
503 43 126 15 996 1
504 57 126 15 996 1
505 71 126 15 996 1
506 85 126 15 996 1
507 99 126 15 996 1
508 113 126 15 996 1
509 7 132 21 3488 1
510 12 140 16 1845 1
511 17 127 19 2984 1
512 33 127 19 2984 1
513 49 127 19 2984 1
514 5 126 16 1757 1
515 136 133 47 7427 1
516 25 127 10 1696 1
517 2 134 13 1329 1
518 3 141 19 3744 1
519 3 141 11 1014 1
520 4 138 46 6630 1
521 5 138 8 588 1
522 9 138 8 588 1
523 15 134 22 3195 1
524 10 122 17 1806 1
525 8 127 18 2131 1
526 15 127 18 2131 1
527 22 127 18 2131 1
528 3 137 20 3134 1
529 9 141 9 902 1
530 21 140 11 1998 1
531 12 126 26 4434 1
532 23 126 26 4434 1
533 34 126 26 4434 1
534 45 126 26 4434 1
535 56 126 26 4434 1
536 15 139 17 1352 1
537 29 139 17 1352 1
538 43 139 17 1352 1
539 57 139 17 1352 1
540 71 139 17 1352 1
541 85 139 17 1352 1
542 53 126 15 2145 1
543 5 133 22 1805 1
544 8 137 13 1368 1
545 15 137 13 1368 1
546 22 137 13 1368 1
547 29 137 13 1368 1
548 36 137 13 1368 1
549 43 137 13 1368 1
550 50 137 13 1368 1
551 2 137 5 533 1
552 3 137 5 533 1
553 4 137 5 533 1
554 5 137 5 533 1
555 6 137 5 533 1
556 7 137 5 533 1
557 8 137 5 533 1
558 9 137 5 533 1
559 18 122 19 1644 1
560 12 129 11 1709 1
561 23 129 11 1709 1
562 34 129 11 1709 1
563 45 129 11 1709 1
564 56 129 11 1709 1
565 67 129 11 1709 1
566 78 129 11 1709 1
567 2 118 23 1902 1
568 3 118 23 1902 1
569 4 118 23 1902 1
570 5 118 23 1902 1
571 6 118 23 1902 1
572 4 122 8 1338 1
573 18 137 8 1116 1
574 10 126 22 3687 1
575 19 126 22 3687 1
576 5 110 11 1310 1
577 16 118 10 691 1
578 31 118 10 691 1
579 18 134 11 1549 1
580 12 140 35 3494 1
581 23 140 35 3494 1
582 7 127 22 4071 1
583 18 133 39 3620 1
584 35 133 39 3620 1
585 52 133 39 3620 1
586 11 118 26 4393 1
587 14 138 7 573 1
588 27 138 7 573 1
589 40 138 7 573 1
590 53 138 7 573 1
591 66 138 7 573 1
592 3 118 15 1797 1
593 8 126 11 1567 1
594 3 121 21 3773 1
595 5 121 21 3773 1
596 7 121 21 3773 1
597 13 127 31 4322 1
598 13 127 17 2847 1
599 25 127 17 2847 1
600 37 127 17 2847 1
601 49 127 17 2847 1
602 61 127 17 2847 1
603 73 127 17 2847 1
604 3 118 12 1090 1
605 12 137 8 1121 1
606 13 129 19 2749 1
607 25 129 19 2749 1
608 37 129 19 2749 1
609 49 129 19 2749 1
610 61 129 19 2749 1
611 73 129 19 2749 1
612 85 129 19 2749 1
613 97 129 19 2749 1
614 109 129 19 2749 1
615 121 129 19 2749 1
616 133 129 19 2749 1
617 145 129 19 2749 1
618 14 139 15 2382 1
619 27 139 15 2382 1
620 40 139 15 2382 1
621 53 139 15 2382 1
622 66 139 15 2382 1
623 79 139 15 2382 1
624 92 139 15 2382 1
625 105 139 15 2382 1
626 118 139 15 2382 1
627 131 139 15 2382 1
628 13 134 13 2293 1
629 25 134 13 2293 1
630 37 134 13 2293 1
631 49 134 13 2293 1
632 61 134 13 2293 1
633 73 134 13 2293 1
634 85 134 13 2293 1
635 97 134 13 2293 1
636 109 134 13 2293 1
637 11 140 19 2229 1
638 3 137 13 2280 1
639 5 137 13 2280 1
640 7 137 13 2280 1
641 9 137 13 2280 1
642 11 137 13 2280 1
643 13 137 13 2280 1
644 8 139 23 3652 1
645 15 139 23 3652 1
646 22 139 23 3652 1
647 29 139 23 3652 1
648 36 139 23 3652 1
649 7 132 31 4033 1
650 13 132 31 4033 1
651 19 132 31 4033 1
652 25 132 31 4033 1
653 31 132 31 4033 1
654 12 122 11 1041 1
655 23 122 11 1041 1
656 34 122 11 1041 1
657 45 122 11 1041 1
658 56 122 11 1041 1
659 8 134 18 2965 1
660 15 134 18 2965 1
661 22 134 18 2965 1
662 29 134 18 2965 1
663 12 147 16 2156 1
664 14 165 5 983 1
665 27 165 5 983 1
666 4 155 36 5475 1
667 6 166 10 1974 1
668 10 147 3 232 1
669 19 147 3 232 1
670 28 147 3 232 1
671 4 155 15 2108 1
672 5 161 26 2930 1
673 10 149 11 906 1
674 5 147 32 4020 1
675 8 154 10 1548 1
676 8 154 6 1362 1
677 15 154 6 1362 1
678 12 149 12 901 1
679 23 149 12 901 1
680 12 147 9 1439 1
681 9 151 21 3597 1
682 4 166 30 3791 1
683 4 155 5 756 1
684 10 165 16 2240 1
685 8 158 13 1574 1
686 14 160 15 1714 1
687 13 157 7 707 1
688 14 157 3 675 1
689 19 161 10 1119 1
690 37 161 10 1119 1
691 55 161 10 1119 1
692 73 161 10 1119 1
693 91 161 10 1119 1
694 9 166 13 2952 1
695 152 155 13 1982 1
696 13 154 24 1960 1
697 10 158 18 3900 1
698 12 147 11 2160 1
699 8 158 28 3707 1
700 15 158 28 3707 1
701 4 157 10 1789 1
702 7 157 10 1789 1
703 9 157 4 495 1
704 13 157 29 2392 1
705 13 154 26 5565 1
706 4 157 14 2642 1
707 7 157 14 2642 1
708 11 149 10 2047 1
709 2 161 14 2951 1
710 8 147 14 2831 1
711 16 158 10 1404 1
712 31 158 10 1404 1
713 46 158 10 1404 1
714 61 158 10 1404 1
715 76 158 10 1404 1
716 6 160 23 2251 1
717 11 160 23 2251 1
718 16 160 23 2251 1
719 21 160 23 2251 1
720 86 155 16 1374 1
721 12 151 30 2415 1
722 23 151 30 2415 1
723 34 151 30 2415 1
724 45 151 30 2415 1
725 15 151 29 2376 1
726 29 151 29 2376 1
727 12 157 13 1321 1
728 23 157 13 1321 1
729 34 157 13 1321 1
730 11 161 8 878 1
731 16 154 8 1285 1
732 11 155 13 2232 1
733 21 155 13 2232 1
734 31 155 13 2232 1
735 41 155 13 2232 1
736 51 155 13 2232 1
737 3 165 46 7531 1
738 8 147 9 1725 1
739 13 149 25 3586 1
740 25 149 25 3586 1
741 14 157 49 7724 1
742 14 158 16 3628 1
743 11 157 17 2455 1
744 4 151 7 531 1
745 7 151 7 531 1
746 7 160 8 891 1
747 13 160 8 891 1
748 19 160 8 891 1
749 25 160 8 891 1
750 31 160 8 891 1
751 37 160 8 891 1
752 12 158 7 809 1
753 9 151 11 1695 1
754 3 166 29 3613 1
755 11 160 22 4047 1
756 2 158 16 3334 1
757 31 149 27 2292 1
758 4 166 15 2572 1
759 15 157 18 3453 1
760 29 157 18 3453 1
761 43 157 18 3453 1
762 57 157 18 3453 1
763 18 155 6 722 1
764 35 155 6 722 1
765 10 157 11 1358 1
766 19 157 11 1358 1
767 28 157 11 1358 1
768 13 147 14 2589 1
769 12 147 7 1070 1
770 23 147 7 1070 1
771 11 149 6 477 1
772 16 158 20 3802 1
773 31 158 20 3802 1
774 3 155 6 1211 1
775 12 161 21 2402 1
776 23 161 21 2402 1
777 34 161 21 2402 1
778 45 161 21 2402 1
779 56 161 21 2402 1
780 67 161 21 2402 1
781 29 158 5 1018 1
782 13 149 18 2015 1
783 12 151 6 1306 1
784 23 151 6 1306 1
785 34 151 6 1306 1
786 12 149 23 3232 1
787 16 154 9 2025 1
788 12 161 27 5609 1
789 23 161 27 5609 1
790 8 149 18 3397 1
791 15 149 18 3397 1
792 22 149 18 3397 1
793 29 149 18 3397 1
794 36 149 18 3397 1
795 43 149 18 3397 1
796 50 149 18 3397 1
797 57 149 18 3397 1
798 64 149 18 3397 1
799 14 149 5 494 1
800 7 154 11 1010 1
801 12 154 17 2003 1
802 13 149 30 3448 1
803 14 166 17 2345 1
804 10 157 9 988 1
805 13 160 28 4889 1
806 4 165 23 5449 1
807 13 166 39 5490 1
808 25 166 39 5490 1
809 37 166 39 5490 1
810 15 160 25 3176 1
811 29 160 25 3176 1
812 43 160 25 3176 1
813 17 147 13 1837 1
814 33 147 13 1837 1
815 49 147 13 1837 1
816 9 160 23 3072 1
817 13 157 17 1691 1
818 25 157 17 1691 1
819 10 185 42 6169 1
820 3 170 21 2763 1
821 14 170 41 6712 1
822 27 170 41 6712 1
823 16 185 12 1114 1
824 136 170 36 4142 1
825 13 190 18 2527 1
826 25 190 18 2527 1
827 37 190 18 2527 1
828 24 197 10 1531 1
829 16 198 29 7589 1
830 31 198 29 7589 1
831 11 190 10 978 1
832 21 190 10 978 1
833 15 184 29 6670 1
834 29 184 29 6670 1
835 15 194 18 3434 1
836 2 175 14 3057 1
837 3 175 14 3057 1
838 14 184 6 1045 1
839 13 184 10 1265 1
840 15 188 34 7167 1
841 26 197 9 2603 1
842 17 185 26 2957 1
843 33 185 26 2957 1
844 10 198 20 5433 1
845 15 170 12 1099 1
846 13 183 18 2401 1
847 25 183 18 2401 1
848 12 169 17 3378 1
849 16 198 18 4490 1
850 31 198 18 4490 1
851 16 175 18 2541 1
852 300 184 17 4652 1
853 11 184 29 7232 1
854 14 168 15 1958 1
855 16 185 21 3947 1
856 22 178 16 4266 1
857 16 198 17 4573 1
858 31 198 17 4573 1
859 16 168 20 4759 1
860 31 168 20 4759 1
861 23 194 46 11815 1
862 45 194 46 11815 1
863 67 194 46 11815 1
864 3 170 14 3324 1
865 10 197 22 5048 1
866 15 184 31 4789 1
867 29 184 31 4789 1
868 16 188 8 1336 1
869 31 188 8 1336 1
870 16 175 11 1415 1
871 31 175 11 1415 1
872 15 170 24 6078 1
873 29 170 24 6078 1
874 11 195 29 3171 1
875 13 197 25 4265 1
876 21 198 20 5887 1
877 13 197 12 2894 1
878 14 170 10 2476 1
879 13 175 17 2599 1
880 23 188 88 17382 1
881 13 194 13 1694 1
882 22 175 13 1568 1
883 3 185 18 2035 1
884 39 184 19 2230 1
885 16 170 15 3126 1
886 16 184 10 1323 1
887 15 188 21 5254 1
888 16 184 16 1808 1
889 16 188 26 2681 1
890 3 188 17 3876 1
891 16 198 15 3612 1
892 31 198 15 3612 1
893 15 190 14 2501 1
894 29 190 14 2501 1
895 15 188 19 4266 1
896 29 188 19 4266 1
897 119 185 29 6216 1
898 23 170 32 4272 1
899 9 184 36 8212 1
900 48 183 40 10363 1
901 95 183 40 10363 1
902 142 183 40 10363 1
903 15 198 36 9191 1
904 9 197 9 2227 1
905 14 198 31 5486 1
906 27 198 31 5486 1
907 3 185 17 2015 1
908 16 184 19 2295 1
909 13 170 18 3683 1
910 16 178 5 764 1
911 31 178 5 764 1
912 35 195 11 2019 1
913 69 195 11 2019 1
914 17 175 20 2500 1
915 15 184 18 1757 1
916 38 208 21 4494 1
917 75 208 21 4494 1
918 112 208 21 4494 1
919 149 208 21 4494 1
920 186 208 21 4494 1
921 223 208 21 4494 1
922 260 208 21 4494 1
923 297 208 21 4494 1
924 334 208 21 4494 1
925 371 208 21 4494 1
926 43 207 22 6579 1
927 85 207 22 6579 1
928 127 207 22 6579 1
929 169 207 22 6579 1
930 211 207 22 6579 1
931 253 207 22 6579 1
932 295 207 22 6579 1
933 337 207 22 6579 1
934 379 207 22 6579 1
935 40 212 13 2324 1
936 27 212 25 3874 1
937 53 212 25 3874 1
938 79 212 25 3874 1
939 105 212 25 3874 1
940 131 212 25 3874 1
941 157 212 25 3874 1
942 183 212 25 3874 1
943 40 207 20 2388 1
944 79 207 20 2388 1
945 118 207 20 2388 1
946 157 207 20 2388 1
947 196 207 20 2388 1
948 235 207 20 2388 1
949 274 207 20 2388 1
950 313 207 20 2388 1
951 352 207 20 2388 1
952 391 207 20 2388 1
953 430 207 20 2388 1
954 34 212 15 3523 1
955 67 212 15 3523 1
956 100 212 15 3523 1
957 133 212 15 3523 1
958 166 212 15 3523 1
959 199 212 15 3523 1
960 232 212 15 3523 1
961 38 212 12 3147 1
962 75 212 12 3147 1
963 32 208 12 2633 1
964 63 207 15 2151 1
965 34 221 18 4086 1
966 67 221 18 4086 1
967 100 221 18 4086 1
968 33 221 25 4975 1
969 65 221 25 4975 1
970 97 221 25 4975 1
971 129 221 25 4975 1
972 161 221 25 4975 1
973 193 221 25 4975 1
974 225 221 25 4975 1
975 257 221 25 4975 1
976 289 221 25 4975 1
977 321 221 25 4975 1
978 353 221 25 4975 1
979 36 210 2 218 1
980 71 210 2 218 1
981 106 210 2 218 1
982 35 239 25 4482 1
983 55 230 23 4760 1
984 37 230 23 7688 1
985 42 228 15 2985 1
986 37 228 24 4166 1
987 112 225 14 3912 1
988 111 239 12 4196 1
989 56 239 20 7113 1
990 111 239 20 7113 1
991 36 225 14 1760 1
992 35 228 15 4060 1
993 90 228 13 3403 1
994 179 228 13 3403 1
995 98 230 17 3624 1
996 195 230 17 3624 1
997 37 239 22 6144 1
998 73 239 22 6144 1
999 109 239 22 6144 1
1000 92 239 18 3837 1
1001 36 230 22 4824 1
1002 71 230 22 4824 1
1003 106 230 22 4824 1
1004 54 230 21 2952 1
1005 33 225 20 6487 1
1006 37 230 28 9241 1
1007 73 230 28 9241 1
1008 97 228 19 3886 1
1009 35 239 20 6165 1
1010 36 228 15 4247 1
1011 55 228 16 5258 1
1012 99 239 18 6255 1
1013 197 239 18 6255 1
1014 36 239 13 4190 1
1015 37 225 18 2931 1
1016 112 230 22 4797 1
1017 94 255 22 3402 1
1018 187 255 22 3402 1
1019 68 303 37 14656 1
1020 96 258 11 1527 1
1021 57 267 33 5380 1
1022 56 276 22 7671 1
1023 59 278 42 6730 1
1024 117 278 42 6730 1
1025 175 278 42 6730 1
1026 56 267 24 4271 1
1027 57 267 8 2157 1
1028 183 268 25 7693 1
1029 36 303 22 5004 1
1030 66 268 25 6713 1
1031 58 259 37 9220 1
1032 106 270 30 8202 1
1033 94 255 21 2747 1
1034 92 270 16 4085 1
1035 37 258 27 9390 1
1036 37 294 34 12419 1
35
400 400 400 400 500 500 600 600 600 600 600 600 600 400 400 400 400 400 230 315 600 450 450 400 400 400 665 725 645 500 500 305 400 400 390 