1036
1 7 101 19 2670 1
2 6 101 28 2370 1
3 6 101 4 577 1
4 11 101 4 577 1
5 3 101 25 2619 1
6 100 101 10 1489 1
7 4 99 12 1110 1
8 3 99 15 854 1
9 107 99 13 757 1
10 6 101 7 702 1
11 3 99 8 847 1
12 3 101 8 559 1
13 22 99 18 1489 1
14 23 99 4 422 1
15 45 99 4 422 1
16 6 101 15 2024 1
17 24 99 10 660 1
18 3 99 10 1038 1
19 5 99 10 1038 1
20 3 101 20 2885 1
21 19 101 12 830 1
22 37 101 12 830 1
23 55 101 12 830 1
24 6 99 22 1346 1
25 11 99 22 1346 1
26 7 99 22 1645 1
27 6 101 24 2163 1
28 6 99 15 1108 1
29 11 99 15 1108 1
30 12 99 13 1708 1
31 4 101 28 1441 1
32 6 99 13 1256 1
33 4 101 24 1799 1
34 7 101 24 1799 1
35 10 101 24 1799 1
36 6 101 11 1580 1
37 7 101 34 4700 1
38 6 99 20 1252 1
39 4 101 16 1450 1
40 6 138 11 1443 1
41 11 138 11 1443 1
42 16 138 11 1443 1
43 11 137 12 1569 1
44 21 137 12 1569 1
45 11 134 9 1448 1
46 3 118 12 1440 1
47 5 118 12 1440 1
48 7 118 12 1440 1
49 9 118 12 1440 1
50 12 139 20 2378 1
51 23 139 20 2378 1
52 34 139 20 2378 1
53 45 139 20 2378 1
54 106 134 10 1155 1
55 7 137 7 1198 1
56 4 126 10 1500 1
57 12 118 9 957 1
58 14 110 17 1303 1
59 27 110 17 1303 1
60 40 110 17 1303 1
61 53 110 17 1303 1
62 28 110 10 1639 1
63 23 129 13 859 1
64 45 129 13 859 1
65 14 121 12 872 1
66 27 121 12 872 1
67 40 121 12 872 1
68 53 121 12 872 1
69 66 121 12 872 1
70 19 134 17 2529 1
71 13 139 8 1632 1
72 25 139 8 1632 1
73 12 125 7 804 1
74 13 140 26 4523 1
75 57 110 35 2381 1
76 18 140 31 2776 1
77 10 126 20 1471 1
78 3 121 9 1074 1
79 5 121 9 1074 1
80 3 133 3 362 1
81 4 137 17 2846 1
82 3 122 12 1874 1
83 5 122 12 1874 1
84 7 122 12 1874 1
85 9 122 12 1874 1
86 7 132 42 4055 1
87 13 132 42 4055 1
88 19 132 42 4055 1
89 25 132 42 4055 1
90 31 132 42 4055 1
91 11 141 31 4913 1
92 21 141 31 4913 1
93 31 141 31 4913 1
94 41 141 31 4913 1
95 51 141 31 4913 1
96 61 141 31 4913 1
97 10 110 23 2029 1
98 19 110 23 2029 1
99 19 139 7 1180 1
100 37 139 7 1180 1
101 55 139 7 1180 1
102 73 139 7 1180 1
103 91 139 7 1180 1
104 109 139 7 1180 1
105 127 139 7 1180 1
106 19 138 7 501 1
107 37 138 7 501 1
108 3 141 8 1338 1
109 16 129 17 1978 1
110 31 129 17 1978 1
111 46 129 17 1978 1
112 13 110 18 2530 1
113 7 139 33 2922 1
114 4 110 13 744 1
115 10 139 25 2724 1
116 19 139 25 2724 1
117 7 126 23 1612 1
118 11 121 15 2553 1
119 2 134 26 2736 1
120 3 134 26 2736 1
121 5 139 19 3361 1
122 16 126 11 1887 1
123 31 126 11 1887 1
124 4 140 14 2391 1
125 16 125 12 1018 1
126 31 125 12 1018 1
127 46 125 12 1018 1
128 61 125 12 1018 1
129 76 125 12 1018 1
130 91 125 12 1018 1
131 106 125 12 1018 1
132 121 125 12 1018 1
133 136 125 12 1018 1
134 151 125 12 1018 1
135 166 125 12 1018 1
136 181 125 12 1018 1
137 196 125 12 1018 1
138 211 125 12 1018 1
139 226 125 12 1018 1
140 241 125 12 1018 1
141 256 125 12 1018 1
142 271 125 12 1018 1
143 4 127 21 3035 1
144 3 126 15 2542 1
145 2 127 11 1931 1
146 3 127 11 1931 1
147 4 127 11 1931 1
148 5 127 11 1931 1
149 6 127 11 1931 1
150 7 127 11 1931 1
151 8 127 11 1931 1
152 9 127 11 1931 1
153 10 127 11 1931 1
154 11 127 11 1931 1
155 12 127 11 1931 1
156 4 140 16 1537 1
157 7 140 16 1537 1
158 3 139 23 3388 1
159 13 122 22 1563 1
160 25 122 22 1563 1
161 1 118 22 3671 1
162 9 118 17 1869 1
163 17 118 17 1869 1
164 25 118 17 1869 1
165 33 118 17 1869 1
166 41 118 17 1869 1
167 49 118 17 1869 1
168 57 118 17 1869 1
169 12 122 7 814 1
170 18 118 12 1825 1
171 35 118 12 1825 1
172 52 118 12 1825 1
173 2 129 3 253 1
174 3 129 3 253 1
175 4 129 3 253 1
176 5 129 3 253 1
177 9 133 32 5477 1
178 17 133 32 5477 1
179 25 133 32 5477 1
180 33 133 32 5477 1
181 41 133 32 5477 1
182 49 133 32 5477 1
183 57 133 32 5477 1
184 65 133 32 5477 1
185 73 133 32 5477 1
186 81 133 32 5477 1
187 14 121 5 777 1
188 27 121 5 777 1
189 40 121 5 777 1
190 11 127 7 1203 1
191 21 127 7 1203 1
192 31 127 7 1203 1
193 41 127 7 1203 1
194 51 127 7 1203 1
195 61 127 7 1203 1
196 71 127 7 1203 1
197 81 127 7 1203 1
198 91 127 7 1203 1
199 101 127 7 1203 1
200 111 127 7 1203 1
201 121 127 7 1203 1
202 131 127 7 1203 1
203 141 127 7 1203 1
204 151 127 7 1203 1
205 8 134 24 1908 1
206 15 134 10 894 1
207 4 126 6 541 1
208 3 137 7 1210 1
209 10 125 6 778 1
210 19 125 6 778 1
211 28 125 6 778 1
212 37 125 6 778 1
213 46 125 6 778 1
214 55 125 6 778 1
215 64 125 6 778 1
216 73 125 6 778 1
217 82 125 6 778 1
218 91 125 6 778 1
219 100 125 6 778 1
220 109 125 6 778 1
221 118 125 6 778 1
222 6 133 13 2556 1
223 11 133 13 2556 1
224 16 133 13 2556 1
225 21 133 13 2556 1
226 26 133 13 2556 1
227 31 133 13 2556 1
228 36 133 13 2556 1
229 16 137 20 3373 1
230 31 137 20 3373 1
231 8 141 9 1776 1
232 15 141 9 1776 1
233 22 141 9 1776 1
234 29 141 9 1776 1
235 4 127 12 939 1
236 4 141 25 2016 1
237 7 141 25 2016 1
238 10 141 25 2016 1
239 5 138 7 1152 1
240 12 129 43 3157 1
241 23 129 43 3157 1
242 34 129 43 3157 1
243 1 134 13 1670 1
244 1 134 13 1670 1
245 1 134 13 1670 1
246 1 134 13 1670 1
247 1 134 13 1670 1
248 1 134 13 1670 1
249 16 137 17 2927 1
250 31 137 17 2927 1
251 46 137 17 2927 1
252 61 137 17 2927 1
253 76 137 17 2927 1
254 91 137 17 2927 1
255 106 137 17 2927 1
256 121 137 17 2927 1
257 136 137 17 2927 1
258 151 137 17 2927 1
259 166 137 17 2927 1
260 4 141 27 3193 1
261 7 141 27 3193 1
262 10 141 27 3193 1
263 13 141 27 3193 1
264 16 141 27 3193 1
265 19 141 27 3193 1
266 3 137 18 2363 1
267 15 127 19 1868 1
268 29 127 19 1868 1
269 12 141 10 1546 1
270 23 141 10 1546 1
271 34 141 10 1546 1
272 45 141 10 1546 1
273 56 141 10 1546 1
274 67 141 10 1546 1
275 78 141 10 1546 1
276 89 141 10 1546 1
277 12 126 24 1621 1
278 23 126 24 1621 1
279 34 126 24 1621 1
280 45 126 24 1621 1
281 56 126 24 1621 1
282 9 133 25 3257 1
283 17 133 25 3257 1
284 25 133 25 3257 1
285 33 133 25 3257 1
286 41 133 25 3257 1
287 49 133 25 3257 1
288 57 133 25 3257 1
289 3 121 12 1138 1
290 13 125 40 6927 1
291 5 126 21 2216 1
292 7 110 10 632 1
293 13 110 10 632 1
294 19 110 10 632 1
295 25 110 10 632 1
296 4 138 23 2446 1
297 12 118 10 1747 1
298 15 139 9 806 1
299 29 139 9 806 1
300 43 139 9 806 1
301 57 139 9 806 1
302 71 139 9 806 1
303 85 139 9 806 1
304 9 129 13 1763 1
305 17 129 13 1763 1
306 17 126 6 870 1
307 8 127 36 5129 1
308 3 140 26 2357 1
309 9 118 13 2151 1
310 17 118 13 2151 1
311 25 118 13 2151 1
312 33 118 13 2151 1
313 41 118 13 2151 1
314 49 118 13 2151 1
315 57 118 13 2151 1
316 65 118 13 2151 1
317 73 118 13 2151 1
318 81 118 13 2151 1
319 89 118 13 2151 1
320 97 118 13 2151 1
321 105 118 13 2151 1
322 4 138 9 1851 1
323 5 140 8 1439 1
324 9 140 8 1439 1
325 14 132 17 2753 1
326 27 132 17 2753 1
327 40 132 17 2753 1
328 14 127 28 2550 1
329 27 127 28 2550 1
330 40 127 28 2550 1
331 4 121 9 758 1
332 11 118 17 2071 1
333 12 125 7 566 1
334 23 125 7 566 1
335 34 125 7 566 1
336 45 125 7 566 1
337 18 110 16 1561 1
338 4 138 16 3302 1
339 13 133 12 1423 1
340 25 133 12 1423 1
341 37 133 12 1423 1
342 7 125 53 7528 1
343 13 125 53 7528 1
344 19 125 53 7528 1
345 3 139 25 2456 1
346 15 140 12 1923 1
347 29 140 12 1923 1
348 43 140 12 1923 1
349 57 140 12 1923 1
350 71 140 12 1923 1
351 85 140 12 1923 1
352 12 141 9 1016 1
353 23 141 9 1016 1
354 34 141 9 1016 1
355 45 141 9 1016 1
356 56 141 9 1016 1
357 7 139 30 4896 1
358 13 139 30 4896 1
359 19 139 30 4896 1
360 27 139 8 1076 1
361 17 133 33 5476 1
362 7 141 27 4991 1
363 13 141 27 4991 1
364 19 141 27 4991 1
365 7 139 12 2319 1
366 13 139 12 2319 1
367 19 139 12 2319 1
368 25 139 12 2319 1
369 31 139 12 2319 1
370 37 139 12 2319 1
371 43 139 12 2319 1
372 13 134 23 4283 1
373 16 129 42 4315 1
374 31 129 42 4315 1
375 46 129 42 4315 1
376 61 129 42 4315 1
377 76 129 42 4315 1
378 91 129 42 4315 1
379 106 129 42 4315 1
380 75 110 34 2025 1
381 18 121 13 923 1
382 35 121 13 923 1
383 2 118 16 2832 1
384 3 118 16 2832 1
385 4 118 16 2832 1
386 19 133 17 3347 1
387 11 138 20 3951 1
388 21 138 20 3951 1
389 31 138 20 3951 1
390 41 138 20 3951 1
391 51 138 20 3951 1
392 61 138 20 3951 1
393 71 138 20 3951 1
394 81 138 20 3951 1
395 91 138 20 3951 1
396 101 138 20 3951 1
397 111 138 20 3951 1
398 121 138 20 3951 1
399 131 138 20 3951 1
400 141 138 20 3951 1
401 151 138 20 3951 1
402 161 138 20 3951 1
403 171 138 20 3951 1
404 181 138 20 3951 1
405 191 138 20 3951 1
406 201 138 20 3951 1
407 211 138 20 3951 1
408 221 138 20 3951 1
409 231 138 20 3951 1
410 5 138 15 2442 1
411 9 138 15 2442 1
412 5 137 13 2564 1
413 9 137 13 2564 1
414 13 137 13 2564 1
415 17 137 13 2564 1
416 18 122 14 914 1
417 35 122 14 914 1
418 52 122 14 914 1
419 69 122 14 914 1
420 9 137 16 2222 1
421 17 137 16 2222 1
422 14 134 7 489 1
423 27 134 7 489 1
424 40 134 7 489 1
425 53 134 7 489 1
426 66 134 7 489 1
427 79 134 7 489 1
428 92 134 7 489 1
429 13 118 19 2423 1
430 25 118 19 2423 1
431 37 118 19 2423 1
432 49 118 19 2423 1
433 61 118 19 2423 1
434 73 118 19 2423 1
435 85 118 19 2423 1
436 97 118 19 2423 1
437 109 118 19 2423 1
438 121 118 19 2423 1
439 133 118 19 2423 1
440 145 118 19 2423 1
441 157 118 19 2423 1
442 169 118 19 2423 1
443 181 118 19 2423 1
444 4 126 8 879 1
445 8 126 21 2854 1
446 15 126 21 2854 1
447 22 126 21 2854 1
448 10 110 15 1246 1
449 19 110 15 1246 1
450 28 110 15 1246 1
451 37 110 15 1246 1
452 14 122 29 4172 1
453 11 121 18 2967 1
454 21 121 18 2967 1
455 31 121 18 2967 1
456 41 121 18 2967 1
457 4 122 6 1028 1
458 8 137 15 2464 1
459 15 137 15 2464 1
460 9 121 18 2939 1
461 3 125 20 2081 1
462 11 140 15 1494 1
463 21 140 15 1494 1
464 31 140 15 1494 1
465 41 140 15 1494 1
466 51 140 15 1494 1
467 61 140 15 1494 1
468 71 140 15 1494 1
469 14 129 11 1005 1
470 16 121 15 1761 1
471 31 121 15 1761 1
472 46 121 15 1761 1
473 61 121 15 1761 1
474 76 121 15 1761 1
475 91 121 15 1761 1
476 7 138 11 1579 1
477 13 138 11 1579 1
478 9 122 11 1835 1
479 17 122 11 1835 1
480 25 122 11 1835 1
481 33 122 11 1835 1
482 41 122 11 1835 1
483 49 122 11 1835 1
484 4 118 13 1628 1
485 7 118 13 1628 1
486 10 118 13 1628 1
487 13 118 13 1628 1
488 6 137 8 776 1
489 11 137 8 776 1
490 16 137 8 776 1
491 21 137 8 776 1
492 10 139 13 2501 1
493 8 139 18 3006 1
494 15 139 18 3006 1
495 22 139 18 3006 1
496 29 139 18 3006 1
497 36 139 18 3006 1
498 43 139 18 3006 1
499 50 139 18 3006 1
500 57 139 18 3006 1
501 64 139 18 3006 1
502 71 139 18 3006 1
503 78 139 18 3006 1
504 85 139 18 3006 1
505 92 139 18 3006 1
506 14 139 39 4407 1
507 27 139 39 4407 1
508 40 139 39 4407 1
509 53 139 39 4407 1
510 66 139 39 4407 1
511 79 139 39 4407 1
512 92 139 39 4407 1
513 105 139 39 4407 1
514 6 127 10 711 1
515 11 127 10 711 1
516 16 127 10 711 1
517 21 127 10 711 1
518 26 127 10 711 1
519 31 127 10 711 1
520 36 127 10 711 1
521 41 127 10 711 1
522 46 127 10 711 1
523 13 141 14 2077 1
524 25 141 14 2077 1
525 37 141 14 2077 1
526 49 141 14 2077 1
527 8 121 14 2247 1
528 11 132 6 920 1
529 4 137 18 3415 1
530 8 126 7 591 1
531 15 126 7 591 1
532 22 126 7 591 1
533 11 134 19 1615 1
534 21 134 19 1615 1
535 31 134 19 1615 1
536 41 134 19 1615 1
537 51 134 19 1615 1
538 61 134 19 1615 1
539 71 134 19 1615 1
540 81 134 19 1615 1
541 1 137 7 579 1
542 76 125 57 6512 1
543 9 138 16 3003 1
544 17 138 16 3003 1
545 25 138 16 3003 1
546 33 138 16 3003 1
547 41 138 16 3003 1
548 49 138 16 3003 1
549 57 138 16 3003 1
550 65 138 16 3003 1
551 73 138 16 3003 1
552 81 138 16 3003 1
553 89 138 16 3003 1
554 97 138 16 3003 1
555 1 126 11 948 1
556 7 140 28 5334 1
557 4 134 26 5219 1
558 9 140 41 2887 1
559 17 140 41 2887 1
560 25 140 41 2887 1
561 33 140 41 2887 1
562 41 140 41 2887 1
563 49 140 41 2887 1
564 57 140 41 2887 1
565 13 129 22 1568 1
566 25 129 22 1568 1
567 4 122 7 745 1
568 6 141 27 2247 1
569 7 121 8 1357 1
570 5 125 2 273 1
571 9 125 2 273 1
572 13 125 2 273 1
573 17 125 2 273 1
574 21 125 2 273 1
575 25 125 2 273 1
576 29 125 2 273 1
577 33 125 2 273 1
578 37 125 2 273 1
579 14 132 18 2082 1
580 23 141 21 4064 1
581 45 141 21 4064 1
582 15 110 21 2215 1
583 29 110 21 2215 1
584 43 110 21 2215 1
585 57 110 21 2215 1
586 71 110 21 2215 1
587 12 125 20 3087 1
588 23 125 20 3087 1
589 34 125 20 3087 1
590 20 140 11 2149 1
591 39 140 11 2149 1
592 12 127 26 3431 1
593 11 126 21 3695 1
594 21 126 21 3695 1
595 31 126 21 3695 1
596 41 126 21 3695 1
597 51 126 21 3695 1
598 61 126 21 3695 1
599 71 126 21 3695 1
600 81 126 21 3695 1
601 91 126 21 3695 1
602 101 126 21 3695 1
603 111 126 21 3695 1
604 3 127 32 3448 1
605 5 127 32 3448 1
606 14 141 17 2247 1
607 27 141 17 2247 1
608 40 141 17 2247 1
609 53 141 17 2247 1
610 66 141 17 2247 1
611 3 133 9 1089 1
612 5 133 9 1089 1
613 10 110 16 2168 1
614 19 110 16 2168 1
615 28 110 16 2168 1
616 4 134 18 2820 1
617 7 134 18 2820 1
618 10 134 18 2820 1
619 13 134 18 2820 1
620 2 125 7 806 1
621 13 126 19 2355 1
622 16 132 24 2207 1
623 31 132 24 2207 1
624 46 132 24 2207 1
625 61 132 24 2207 1
626 76 132 24 2207 1
627 91 132 24 2207 1
628 106 132 24 2207 1
629 121 132 24 2207 1
630 15 133 13 1728 1
631 29 133 13 1728 1
632 43 133 13 1728 1
633 57 133 13 1728 1
634 71 133 13 1728 1
635 5 126 24 2435 1
636 9 126 24 2435 1
637 13 126 24 2435 1
638 17 126 24 2435 1
639 21 126 24 2435 1
640 15 125 18 1716 1
641 29 125 18 1716 1
642 43 125 18 1716 1
643 14 140 23 3952 1
644 27 140 23 3952 1
645 14 127 13 1163 1
646 21 141 13 941 1
647 41 141 13 941 1
648 61 141 13 941 1
649 81 141 13 941 1
650 101 141 13 941 1
651 16 121 26 1706 1
652 31 121 26 1706 1
653 4 132 14 1441 1
654 12 126 14 2526 1
655 7 127 11 1306 1
656 15 110 16 1641 1
657 11 134 13 1517 1
658 21 134 13 1517 1
659 31 134 13 1517 1
660 41 134 13 1517 1
661 51 134 13 1517 1
662 14 122 15 2156 1
663 15 158 16 3544 1
664 10 158 20 1968 1
665 19 158 20 1968 1
666 6 154 10 2066 1
667 22 149 12 2138 1
668 9 154 20 3689 1
669 15 155 13 2826 1
670 29 155 13 2826 1
671 43 155 13 2826 1
672 7 151 15 1788 1
673 13 151 15 1788 1
674 19 151 15 1788 1
675 25 151 15 1788 1
676 11 161 41 8367 1
677 21 161 41 8367 1
678 31 161 41 8367 1
679 41 161 41 8367 1
680 51 161 41 8367 1
681 61 161 41 8367 1
682 71 161 41 8367 1
683 13 147 4 649 1
684 25 147 4 649 1
685 37 147 4 649 1
686 12 151 25 5140 1
687 12 157 8 1829 1
688 13 151 4 451 1
689 25 151 4 451 1
690 37 151 4 451 1
691 49 151 4 451 1
692 8 158 30 4041 1
693 10 158 11 2193 1
694 19 158 11 2193 1
695 9 155 10 874 1
696 13 161 22 4354 1
697 25 161 22 4354 1
698 4 160 3 347 1
699 16 165 19 2055 1
700 14 157 20 3343 1
701 27 157 20 3343 1
702 10 160 30 4331 1
703 19 149 15 2601 1
704 11 155 8 929 1
705 3 165 15 2475 1
706 15 165 12 2330 1
707 29 165 12 2330 1
708 43 165 12 2330 1
709 2 166 21 3561 1
710 13 158 18 1579 1
711 11 154 49 9440 1
712 21 154 49 9440 1
713 31 154 49 9440 1
714 13 151 9 1888 1
715 10 155 51 5144 1
716 19 155 51 5144 1
717 28 155 51 5144 1
718 37 155 51 5144 1
719 135 151 20 3033 1
720 2 149 20 2145 1
721 3 149 20 2145 1
722 17 149 25 5355 1
723 13 158 28 2660 1
724 25 158 28 2660 1
725 37 158 28 2660 1
726 49 158 28 2660 1
727 61 158 28 2660 1
728 73 158 28 2660 1
729 85 158 28 2660 1
730 14 155 18 3407 1
731 27 155 18 3407 1
732 40 155 18 3407 1
733 13 147 37 5708 1
734 25 147 37 5708 1
735 15 157 18 2683 1
736 10 158 12 1325 1
737 19 158 12 1325 1
738 28 158 12 1325 1
739 17 158 10 1287 1
740 18 154 24 3356 1
741 35 154 24 3356 1
742 13 157 6 1080 1
743 5 161 20 3737 1
744 9 161 20 3737 1
745 10 147 11 1503 1
746 19 147 11 1503 1
747 28 147 11 1503 1
748 12 161 10 1261 1
749 5 165 12 1628 1
750 13 158 13 2965 1
751 7 166 17 3492 1
752 13 166 17 3492 1
753 6 147 15 2638 1
754 11 147 14 2769 1
755 21 147 14 2769 1
756 31 147 14 2769 1
757 41 147 14 2769 1
758 9 151 16 2640 1
759 17 151 16 2640 1
760 25 151 16 2640 1
761 13 154 31 3596 1
762 25 154 31 3596 1
763 12 166 20 2295 1
764 23 166 20 2295 1
765 4 161 19 1977 1
766 8 165 18 2957 1
767 15 165 18 2957 1
768 22 165 18 2957 1
769 10 154 29 6303 1
770 19 154 29 6303 1
771 11 149 13 2058 1
772 10 154 14 2406 1
773 9 154 33 7470 1
774 17 154 33 7470 1
775 5 161 11 2409 1
776 9 161 11 2409 1
777 8 155 31 4689 1
778 7 149 11 1879 1
779 4 149 25 5460 1
780 18 149 26 4500 1
781 9 158 17 1978 1
782 13 165 21 2265 1
783 10 147 7 630 1
784 19 147 7 630 1
785 11 157 16 2921 1
786 21 157 16 2921 1
787 31 157 16 2921 1
788 41 157 16 2921 1
789 11 154 17 3783 1
790 15 158 33 5183 1
791 29 158 33 5183 1
792 43 158 33 5183 1
793 12 166 17 3619 1
794 15 154 13 1258 1
795 10 161 6 811 1
796 10 155 24 2837 1
797 19 155 24 2837 1
798 9 155 10 1950 1
799 16 160 14 3340 1
800 31 160 14 3340 1
801 12 155 22 3705 1
802 23 155 22 3705 1
803 8 147 16 2945 1
804 15 147 16 2945 1
805 8 149 27 5683 1
806 15 149 27 5683 1
807 13 165 33 5477 1
808 9 149 10 1657 1
809 8 166 18 3488 1
810 8 155 23 2308 1
811 15 155 23 2308 1
812 10 161 23 2141 1
813 10 151 19 3112 1
814 19 151 19 3112 1
815 28 151 19 3112 1
816 14 155 13 2342 1
817 13 154 14 1611 1
818 25 154 14 1611 1
819 17 169 17 2628 1
820 15 198 20 3595 1
821 29 198 20 3595 1
822 15 185 11 1523 1
823 16 194 15 2952 1
824 31 194 15 2952 1
825 13 198 14 3459 1
826 3 170 17 2158 1
827 15 178 25 2409 1
828 16 195 59 14247 1
829 11 175 25 5710 1
830 3 170 12 1981 1
831 43 197 24 4821 1
832 2 197 4 996 1
833 12 198 32 6105 1
834 21 190 23 4125 1
835 17 197 5 1242 1
836 16 175 13 3016 1
837 15 178 18 4396 1
838 17 194 17 4664 1
839 33 194 17 4664 1
840 36 198 24 4925 1
841 71 198 24 4925 1
842 16 168 26 3316 1
843 15 178 17 3750 1
844 4 184 16 3973 1
845 15 170 42 8744 1
846 2 183 12 2421 1
847 15 185 35 4157 1
848 29 185 35 4157 1
849 43 185 35 4157 1
850 57 185 35 4157 1
851 71 185 35 4157 1
852 15 184 67 15108 1
853 16 190 21 3146 1
854 15 175 4 638 1
855 29 175 4 638 1
856 16 194 31 7407 1
857 42 183 13 1834 1
858 83 183 13 1834 1
859 2 168 71 16672 1
860 3 168 71 16672 1
861 10 184 39 8744 1
862 14 195 23 6473 1
863 11 197 42 7957 1
864 22 185 17 4623 1
865 33 188 14 3291 1
866 16 168 20 3806 1
867 31 168 20 3806 1
868 46 168 20 3806 1
869 14 184 11 2687 1
870 27 184 11 2687 1
871 40 184 11 2687 1
872 15 175 54 11271 1
873 29 175 54 11271 1
874 43 175 54 11271 1
875 22 194 8 1248 1
876 15 188 16 1671 1
877 29 188 16 1671 1
878 3 195 15 3448 1
879 13 170 32 5917 1
880 15 195 50 6240 1
881 8 175 14 3125 1
882 13 188 21 4219 1
883 25 188 21 4219 1
884 14 183 14 3776 1
885 27 183 14 3776 1
886 10 190 11 1280 1
887 3 169 15 3385 1
888 15 175 12 2060 1
889 13 175 39 8188 1
890 21 183 26 6292 1
891 24 190 21 2001 1
892 175 185 14 3001 1
893 4 197 55 6503 1
894 39 169 11 1248 1
895 15 175 9 2090 1
896 2 183 7 1497 1
897 3 183 7 1497 1
898 15 190 21 2610 1
899 14 170 10 1514 1
900 10 195 24 4687 1
901 23 190 27 4249 1
902 13 195 16 3551 1
903 13 183 8 1422 1
904 25 183 8 1422 1
905 13 195 13 2891 1
906 3 170 36 4467 1
907 15 190 21 3770 1
908 29 190 21 3770 1
909 3 185 29 5045 1
910 4 198 19 3896 1
911 44 185 34 4347 1
912 16 195 13 2921 1
913 11 183 28 4907 1
914 21 183 28 4907 1
915 16 190 12 1452 1
916 45 222 23 7260 1
917 89 222 23 7260 1
918 133 222 23 7260 1
919 177 222 23 7260 1
920 221 222 23 7260 1
921 105 210 27 8183 1
922 133 211 18 5261 1
923 37 204 19 5256 1
924 73 204 19 5256 1
925 109 204 19 5256 1
926 145 204 19 5256 1
927 181 204 19 5256 1
928 217 204 19 5256 1
929 253 204 19 5256 1
930 289 204 19 5256 1
931 325 204 19 5256 1
932 361 204 19 5256 1
933 397 204 19 5256 1
934 433 204 19 5256 1
935 469 204 19 5256 1
936 505 204 19 5256 1
937 41 207 21 5466 1
938 81 207 21 5466 1
939 121 207 21 5466 1
940 161 207 21 5466 1
941 201 207 21 5466 1
942 241 207 21 5466 1
943 281 207 21 5466 1
944 321 207 21 5466 1
945 361 207 21 5466 1
946 401 207 21 5466 1
947 40 210 17 3352 1
948 37 221 15 3337 1
949 73 221 15 3337 1
950 109 221 15 3337 1
951 145 221 15 3337 1
952 181 221 15 3337 1
953 217 221 15 3337 1
954 253 221 15 3337 1
955 289 221 15 3337 1
956 325 221 15 3337 1
957 361 221 15 3337 1
958 397 221 15 3337 1
959 433 221 15 3337 1
960 469 221 15 3337 1
961 123 208 21 4541 1
962 61 212 5 1274 1
963 40 221 13 4252 1
964 79 221 13 4252 1
965 118 221 13 4252 1
966 157 221 13 4252 1
967 196 221 13 4252 1
968 45 212 31 5443 1
969 89 212 31 5443 1
970 133 212 31 5443 1
971 177 212 31 5443 1
972 221 212 31 5443 1
973 34 204 16 2567 1
974 67 204 16 2567 1
975 100 204 16 2567 1
976 133 204 16 2567 1
977 166 204 16 2567 1
978 199 204 16 2567 1
979 232 204 16 2567 1
980 265 204 16 2567 1
981 298 204 16 2567 1
982 40 228 22 3781 1
983 37 230 20 2449 1
984 73 230 20 2449 1
985 109 230 20 2449 1
986 37 228 29 6700 1
987 54 239 23 3560 1
988 100 230 27 6277 1
989 103 228 17 5172 1
990 205 228 17 5172 1
991 307 228 17 5172 1
992 37 230 26 4660 1
993 73 230 26 4660 1
994 34 225 18 4239 1
995 238 228 15 2535 1
996 94 225 34 5931 1
997 57 228 28 6099 1
998 52 239 28 7023 1
999 97 228 13 1894 1
1000 193 228 13 1894 1
1001 289 228 13 1894 1
1002 36 225 29 9771 1
1003 37 239 17 3327 1
1004 73 239 17 3327 1
1005 38 228 29 6972 1
1006 75 228 29 6972 1
1007 112 228 29 6972 1
1008 89 228 25 6428 1
1009 56 239 12 4133 1
1010 53 230 10 2681 1
1011 105 230 10 2681 1
1012 157 230 10 2681 1
1013 106 230 11 1930 1
1014 104 230 29 4326 1
1015 34 228 18 2723 1
1016 35 228 14 3334 1
1017 58 255 38 13775 1
1018 37 260 24 3438 1
1019 94 305 38 12237 1
1020 106 262 39 12596 1
1021 92 293 17 2993 1
1022 92 293 29 7994 1
1023 180 293 21 3302 1
1024 36 259 26 3968 1
1025 71 259 26 3968 1
1026 58 270 26 8404 1
1027 106 258 30 6987 1
1028 57 267 28 6287 1
1029 57 266 23 7151 1
1030 106 255 16 3754 1
1031 211 255 16 3754 1
1032 316 255 16 3754 1
1033 37 258 24 7657 1
1034 92 291 30 4709 1
1035 94 299 25 5129 1
1036 58 275 11 2513 1
35
400 400 400 400 500 500 600 600 600 600 600 600 600 400 400 400 400 400 230 315 600 450 450 400 400 400 665 725 645 500 500 305 400 400 390 