1036
1 6 101 9 1008 1
2 11 101 9 1008 1
3 16 101 9 1008 1
4 21 101 9 1008 1
5 5 101 13 1126 1
6 20 101 10 722 1
7 7 101 13 954 1
8 6 99 9 468 1
9 11 99 9 468 1
10 18 99 8 650 1
11 14 101 10 1293 1
12 3 101 13 1014 1
13 3 101 27 3174 1
14 7 101 18 2156 1
15 15 99 11 597 1
16 6 101 16 910 1
17 11 101 16 910 1
18 12 99 23 1409 1
19 6 101 20 2181 1
20 3 99 13 1918 1
21 6 99 7 917 1
22 20 101 29 2158 1
23 39 101 29 2158 1
24 21 101 20 1611 1
25 41 101 20 1611 1
26 61 101 20 1611 1
27 5 101 17 1494 1
28 10 101 9 1134 1
29 6 99 33 3797 1
30 11 99 33 3797 1
31 7 101 7 708 1
32 212 99 7 350 1
33 3 101 5 475 1
34 7 101 7 837 1
35 13 101 7 837 1
36 16 99 9 1316 1
37 31 99 9 1316 1
38 3 101 37 5533 1
39 19 101 8 923 1
40 10 125 14 2179 1
41 15 110 10 570 1
42 29 110 10 570 1
43 20 141 8 702 1
44 8 122 29 2240 1
45 15 122 29 2240 1
46 22 122 29 2240 1
47 29 122 29 2240 1
48 36 122 29 2240 1
49 43 122 29 2240 1
50 15 141 13 1117 1
51 29 141 13 1117 1
52 43 141 13 1117 1
53 57 141 13 1117 1
54 11 139 22 4212 1
55 4 110 8 748 1
56 7 110 8 748 1
57 10 110 8 748 1
58 12 140 24 4571 1
59 20 137 4 524 1
60 39 137 4 524 1
61 58 137 4 524 1
62 77 137 4 524 1
63 96 137 4 524 1
64 115 137 4 524 1
65 134 137 4 524 1
66 153 137 4 524 1
67 172 137 4 524 1
68 83 137 9 1770 1
69 14 140 11 1342 1
70 7 129 6 937 1
71 13 129 6 937 1
72 19 129 6 937 1
73 13 137 17 1863 1
74 25 137 17 1863 1
75 37 137 17 1863 1
76 2 141 7 774 1
77 3 141 7 774 1
78 4 141 7 774 1
79 15 132 23 2569 1
80 29 132 23 2569 1
81 8 133 11 900 1
82 15 133 11 900 1
83 22 133 11 900 1
84 29 133 11 900 1
85 36 133 11 900 1
86 43 133 11 900 1
87 50 133 11 900 1
88 57 133 11 900 1
89 64 133 11 900 1
90 71 133 11 900 1
91 78 133 11 900 1
92 85 133 11 900 1
93 92 133 11 900 1
94 11 137 15 2373 1
95 118 129 10 944 1
96 14 141 15 1061 1
97 27 141 15 1061 1
98 3 141 11 2033 1
99 5 141 11 2033 1
100 11 129 21 1996 1
101 21 129 21 1996 1
102 31 129 21 1996 1
103 41 129 21 1996 1
104 51 129 21 1996 1
105 61 129 21 1996 1
106 13 129 19 3024 1
107 25 129 19 3024 1
108 33 141 14 2146 1
109 10 129 21 2761 1
110 14 110 7 835 1
111 27 110 7 835 1
112 40 110 7 835 1
113 53 110 7 835 1
114 66 110 7 835 1
115 79 110 7 835 1
116 92 110 7 835 1
117 105 110 7 835 1
118 11 133 34 6540 1
119 21 133 34 6540 1
120 31 133 34 6540 1
121 14 127 12 1605 1
122 27 127 12 1605 1
123 40 127 12 1605 1
124 13 126 7 1147 1
125 11 138 5 836 1
126 21 138 5 836 1
127 40 127 21 3787 1
128 12 139 10 795 1
129 4 132 12 1311 1
130 7 132 12 1311 1
131 13 140 13 2545 1
132 11 138 9 1613 1
133 21 138 9 1613 1
134 12 125 27 3404 1
135 23 125 27 3404 1
136 3 129 17 2204 1
137 4 134 31 3807 1
138 10 133 13 2282 1
139 19 133 13 2282 1
140 6 118 17 2132 1
141 11 118 17 2132 1
142 16 118 17 2132 1
143 15 125 36 5649 1
144 29 125 36 5649 1
145 24 110 25 4079 1
146 10 129 5 381 1
147 14 134 19 1583 1
148 8 132 11 1379 1
149 21 110 17 1769 1
150 5 133 5 438 1
151 2 138 16 1593 1
152 3 138 16 1593 1
153 4 138 16 1593 1
154 11 138 4 652 1
155 2 126 14 2276 1
156 3 126 14 2276 1
157 11 132 24 4625 1
158 21 132 24 4625 1
159 31 132 24 4625 1
160 41 132 24 4625 1
161 51 132 24 4625 1
162 61 132 24 4625 1
163 3 140 19 1777 1
164 3 141 15 2892 1
165 4 110 10 1563 1
166 10 139 13 2437 1
167 14 137 22 4404 1
168 23 140 9 1708 1
169 45 140 9 1708 1
170 3 141 29 2904 1
171 4 139 3 477 1
172 7 139 3 477 1
173 10 139 3 477 1
174 13 139 3 477 1
175 16 139 3 477 1
176 19 139 3 477 1
177 22 139 3 477 1
178 25 139 3 477 1
179 28 139 3 477 1
180 7 137 39 3908 1
181 13 137 39 3908 1
182 13 138 15 2102 1
183 25 138 15 2102 1
184 37 138 15 2102 1
185 49 138 15 2102 1
186 17 140 9 941 1
187 33 140 9 941 1
188 49 140 9 941 1
189 65 140 9 941 1
190 81 140 9 941 1
191 97 140 9 941 1
192 113 140 9 941 1
193 11 110 5 622 1
194 21 110 5 622 1
195 31 110 5 622 1
196 41 110 5 622 1
197 51 110 5 622 1
198 61 110 5 622 1
199 71 110 5 622 1
200 81 110 5 622 1
201 11 133 30 4555 1
202 3 110 7 1142 1
203 4 133 11 761 1
204 12 125 6 698 1
205 23 125 6 698 1
206 34 125 6 698 1
207 45 125 6 698 1
208 3 139 17 3410 1
209 17 132 10 914 1
210 33 132 10 914 1
211 4 118 14 1123 1
212 4 122 13 1475 1
213 12 141 9 1807 1
214 23 141 9 1807 1
215 34 141 9 1807 1
216 3 140 6 423 1
217 10 138 16 1297 1
218 10 122 12 1779 1
219 19 122 12 1779 1
220 28 122 12 1779 1
221 37 122 12 1779 1
222 11 126 14 1565 1
223 21 126 14 1565 1
224 31 126 14 1565 1
225 9 139 6 680 1
226 17 139 6 680 1
227 25 139 6 680 1
228 33 139 6 680 1
229 41 139 6 680 1
230 49 139 6 680 1
231 57 139 6 680 1
232 7 133 6 535 1
233 12 122 15 2297 1
234 11 137 109 20634 1
235 21 137 109 20634 1
236 31 137 109 20634 1
237 16 118 7 989 1
238 31 118 7 989 1
239 46 118 7 989 1
240 61 118 7 989 1
241 12 127 21 1759 1
242 23 127 21 1759 1
243 34 127 21 1759 1
244 21 140 13 1170 1
245 41 140 13 1170 1
246 61 140 13 1170 1
247 81 140 13 1170 1
248 101 140 13 1170 1
249 3 126 8 699 1
250 12 138 16 1582 1
251 23 138 16 1582 1
252 6 132 57 9830 1
253 11 132 57 9830 1
254 16 132 57 9830 1
255 21 132 57 9830 1
256 26 132 57 9830 1
257 31 132 57 9830 1
258 36 132 57 9830 1
259 41 132 57 9830 1
260 46 132 57 9830 1
261 3 134 27 2277 1
262 11 125 15 1838 1
263 21 125 15 1838 1
264 31 125 15 1838 1
265 41 125 15 1838 1
266 51 125 15 1838 1
267 61 125 15 1838 1
268 12 137 23 3769 1
269 23 137 23 3769 1
270 34 137 23 3769 1
271 45 137 23 3769 1
272 56 137 23 3769 1
273 67 137 23 3769 1
274 78 137 23 3769 1
275 89 137 23 3769 1
276 100 137 23 3769 1
277 111 137 23 3769 1
278 122 137 23 3769 1
279 133 137 23 3769 1
280 144 137 23 3769 1
281 155 137 23 3769 1
282 8 129 17 2939 1
283 4 125 9 1160 1
284 12 137 13 1276 1
285 23 137 13 1276 1
286 34 137 13 1276 1
287 45 137 13 1276 1
288 56 137 13 1276 1
289 4 126 9 1577 1
290 4 125 17 3107 1
291 7 125 10 1367 1
292 13 125 10 1367 1
293 14 118 22 2608 1
294 27 118 22 2608 1
295 40 118 22 2608 1
296 13 140 19 3766 1
297 25 140 19 3766 1
298 37 140 19 3766 1
299 7 125 13 1190 1
300 13 125 13 1190 1
301 19 125 13 1190 1
302 25 125 13 1190 1
303 3 137 13 2221 1
304 5 137 13 2221 1
305 7 137 13 2221 1
306 9 137 13 2221 1
307 14 138 22 4465 1
308 27 138 22 4465 1
309 9 137 4 297 1
310 20 125 21 2446 1
311 39 125 21 2446 1
312 58 125 21 2446 1
313 77 125 21 2446 1
314 96 125 21 2446 1
315 115 125 21 2446 1
316 3 125 15 1317 1
317 5 125 15 1317 1
318 7 125 15 1317 1
319 9 125 15 1317 1
320 13 121 10 996 1
321 25 121 10 996 1
322 37 121 10 996 1
323 49 121 10 996 1
324 61 121 10 996 1
325 73 121 10 996 1
326 3 132 17 1161 1
327 11 134 4 506 1
328 21 134 4 506 1
329 19 141 7 960 1
330 4 133 15 2759 1
331 7 133 15 2759 1
332 10 133 15 2759 1
333 7 127 14 1070 1
334 3 137 11 1262 1
335 5 137 11 1262 1
336 3 141 37 5825 1
337 4 134 31 3516 1
338 7 134 31 3516 1
339 10 134 31 3516 1
340 13 134 31 3516 1
341 16 134 31 3516 1
342 14 125 14 2172 1
343 27 125 14 2172 1
344 40 125 14 2172 1
345 53 125 14 2172 1
346 66 125 14 2172 1
347 79 125 14 2172 1
348 92 125 14 2172 1
349 105 125 14 2172 1
350 6 125 18 2431 1
351 11 125 18 2431 1
352 16 125 18 2431 1
353 21 125 18 2431 1
354 26 125 18 2431 1
355 31 125 18 2431 1
356 36 125 18 2431 1
357 4 118 12 1818 1
358 7 118 12 1818 1
359 8 110 6 513 1
360 3 121 18 2947 1
361 5 121 18 2947 1
362 12 129 14 2422 1
363 23 129 14 2422 1
364 10 121 14 2160 1
365 19 121 14 2160 1
366 28 121 14 2160 1
367 10 110 14 1245 1
368 5 139 8 964 1
369 9 139 8 964 1
370 13 139 8 964 1
371 17 139 8 964 1
372 21 139 8 964 1
373 25 139 8 964 1
374 29 139 8 964 1
375 33 139 8 964 1
376 37 139 8 964 1
377 41 139 8 964 1
378 45 139 8 964 1
379 9 110 16 1358 1
380 17 110 16 1358 1
381 25 110 16 1358 1
382 33 110 16 1358 1
383 41 110 16 1358 1
384 49 110 16 1358 1
385 8 125 4 363 1
386 15 125 4 363 1
387 7 129 7 835 1
388 16 139 9 722 1
389 31 139 9 722 1
390 4 138 9 986 1
391 7 138 9 986 1
392 10 138 9 986 1
393 13 138 9 986 1
394 5 129 16 2324 1
395 3 125 9 1640 1
396 4 125 10 789 1
397 7 125 10 789 1
398 10 125 10 789 1
399 5 129 5 604 1
400 20 137 24 4657 1
401 16 140 7 501 1
402 31 140 7 501 1
403 46 140 7 501 1
404 61 140 7 501 1
405 19 127 17 3203 1
406 37 127 17 3203 1
407 7 140 19 3289 1
408 13 140 19 3289 1
409 8 141 6 800 1
410 15 141 6 800 1
411 22 141 6 800 1
412 29 141 6 800 1
413 16 127 12 1274 1
414 31 127 12 1274 1
415 46 127 12 1274 1
416 61 127 12 1274 1
417 76 127 12 1274 1
418 91 127 12 1274 1
419 11 110 33 3666 1
420 21 110 33 3666 1
421 31 110 33 3666 1
422 41 110 33 3666 1
423 9 139 19 3795 1
424 17 139 19 3795 1
425 25 139 19 3795 1
426 10 129 11 805 1
427 14 140 25 4525 1
428 27 140 25 4525 1
429 40 140 25 4525 1
430 53 140 25 4525 1
431 66 140 25 4525 1
432 79 140 25 4525 1
433 92 140 25 4525 1
434 105 140 25 4525 1
435 118 140 25 4525 1
436 131 140 25 4525 1
437 144 140 25 4525 1
438 157 140 25 4525 1
439 13 139 26 3864 1
440 25 139 26 3864 1
441 37 139 26 3864 1
442 21 134 23 3831 1
443 41 134 23 3831 1
444 61 134 23 3831 1
445 81 134 23 3831 1
446 101 134 23 3831 1
447 121 134 23 3831 1
448 141 134 23 3831 1
449 161 134 23 3831 1
450 181 134 23 3831 1
451 201 134 23 3831 1
452 221 134 23 3831 1
453 241 134 23 3831 1
454 261 134 23 3831 1
455 281 134 23 3831 1
456 301 134 23 3831 1
457 321 134 23 3831 1
458 10 141 43 4884 1
459 48 132 15 2878 1
460 9 140 27 4992 1
461 17 140 27 4992 1
462 25 140 27 4992 1
463 33 140 27 4992 1
464 41 140 27 4992 1
465 49 140 27 4992 1
466 57 140 27 4992 1
467 65 140 27 4992 1
468 73 140 27 4992 1
469 81 140 27 4992 1
470 89 140 27 4992 1
471 97 140 27 4992 1
472 12 134 10 1985 1
473 8 138 16 3281 1
474 8 139 15 2326 1
475 15 139 15 2326 1
476 13 137 7 1077 1
477 25 137 7 1077 1
478 37 137 7 1077 1
479 49 137 7 1077 1
480 4 122 12 993 1
481 16 137 15 1920 1
482 31 137 15 1920 1
483 14 122 6 1036 1
484 27 122 6 1036 1
485 40 122 6 1036 1
486 15 134 38 4043 1
487 29 134 38 4043 1
488 43 134 38 4043 1
489 57 134 38 4043 1
490 71 134 38 4043 1
491 85 134 38 4043 1
492 11 110 18 2509 1
493 3 121 13 2288 1
494 43 110 10 889 1
495 16 110 27 2152 1
496 31 110 27 2152 1
497 46 110 27 2152 1
498 13 133 46 6211 1
499 6 138 28 4864 1
500 3 141 9 781 1
501 8 122 25 2104 1
502 15 122 25 2104 1
503 3 138 9 1736 1
504 5 138 9 1736 1
505 51 122 19 2883 1
506 2 132 20 2041 1
507 12 110 25 3465 1
508 23 110 25 3465 1
509 34 110 25 3465 1
510 45 110 25 3465 1
511 56 110 25 3465 1
512 67 110 25 3465 1
513 78 110 25 3465 1
514 89 110 25 3465 1
515 100 110 25 3465 1
516 4 140 18 3701 1
517 4 121 30 3260 1
518 10 125 22 4119 1
519 6 110 14 1625 1
520 11 110 14 1625 1
521 16 110 14 1625 1
522 21 110 14 1625 1
523 26 110 14 1625 1
524 31 110 14 1625 1
525 36 110 14 1625 1
526 41 110 14 1625 1
527 46 110 14 1625 1
528 51 110 14 1625 1
529 56 110 14 1625 1
530 61 110 14 1625 1
531 2 141 12 2095 1
532 3 118 26 3512 1
533 5 118 26 3512 1
534 7 118 26 3512 1
535 18 126 18 1779 1
536 35 126 18 1779 1
537 52 126 18 1779 1
538 69 126 18 1779 1
539 86 126 18 1779 1
540 103 126 18 1779 1
541 120 126 18 1779 1
542 137 126 18 1779 1
543 154 126 18 1779 1
544 16 118 8 537 1
545 31 118 8 537 1
546 46 118 8 537 1
547 8 140 10 2046 1
548 15 140 10 2046 1
549 22 140 10 2046 1
550 29 140 10 2046 1
551 36 140 10 2046 1
552 43 140 10 2046 1
553 3 141 38 5252 1
554 70 137 10 808 1
555 5 127 23 1499 1
556 11 132 14 2145 1
557 21 132 14 2145 1
558 31 132 14 2145 1
559 41 132 14 2145 1
560 51 132 14 2145 1
561 61 132 14 2145 1
562 71 132 14 2145 1
563 81 132 14 2145 1
564 91 132 14 2145 1
565 10 125 16 1402 1
566 19 125 16 1402 1
567 28 125 16 1402 1
568 13 127 22 2454 1
569 10 138 6 455 1
570 19 138 6 455 1
571 28 138 6 455 1
572 37 138 6 455 1
573 46 138 6 455 1
574 15 138 9 1332 1
575 29 138 9 1332 1
576 43 138 9 1332 1
577 57 138 9 1332 1
578 71 138 9 1332 1
579 85 138 9 1332 1
580 99 138 9 1332 1
581 58 138 11 1958 1
582 15 139 8 1257 1
583 7 122 16 2380 1
584 8 139 22 4578 1
585 15 139 22 4578 1
586 10 110 8 1079 1
587 19 110 8 1079 1
588 28 110 8 1079 1
589 37 110 8 1079 1
590 46 110 8 1079 1
591 4 110 9 1474 1
592 5 121 7 923 1
593 4 133 8 780 1
594 8 137 9 1831 1
595 15 137 9 1831 1
596 22 137 9 1831 1
597 29 137 9 1831 1
598 36 137 9 1831 1
599 43 137 9 1831 1
600 50 137 9 1831 1
601 57 137 9 1831 1
602 64 137 9 1831 1
603 71 137 9 1831 1
604 78 137 9 1831 1
605 85 137 9 1831 1
606 4 132 7 650 1
607 9 118 13 2067 1
608 18 132 11 2059 1
609 14 127 7 626 1
610 27 127 7 626 1
611 9 138 15 2176 1
612 17 138 15 2176 1
613 25 138 15 2176 1
614 33 138 15 2176 1
615 41 138 15 2176 1
616 3 141 26 2835 1
617 4 134 9 1514 1
618 17 137 5 1017 1
619 1 129 15 1777 1
620 3 137 7 1302 1
621 14 132 40 3759 1
622 27 132 40 3759 1
623 40 132 40 3759 1
624 9 118 19 1911 1
625 17 118 19 1911 1
626 25 118 19 1911 1
627 33 118 19 1911 1
628 15 129 32 5074 1
629 29 129 32 5074 1
630 2 110 26 2449 1
631 3 110 26 2449 1
632 5 133 15 2518 1
633 9 133 15 2518 1
634 4 137 8 977 1
635 4 121 20 3071 1
636 7 121 20 3071 1
637 10 121 20 3071 1
638 13 121 20 3071 1
639 16 121 20 3071 1
640 19 121 20 3071 1
641 22 121 20 3071 1
642 25 121 20 3071 1
643 28 121 20 3071 1
644 12 110 19 3098 1
645 4 122 9 1441 1
646 14 132 19 1534 1
647 27 132 19 1534 1
648 40 132 19 1534 1
649 53 132 19 1534 1
650 66 132 19 1534 1
651 79 132 19 1534 1
652 92 132 19 1534 1
653 105 132 19 1534 1
654 13 110 3 215 1
655 10 132 16 2757 1
656 19 132 16 2757 1
657 28 132 16 2757 1
658 37 132 16 2757 1
659 3 132 21 3651 1
660 4 121 10 1650 1
661 18 110 20 2321 1
662 35 110 20 2321 1
663 9 157 30 5718 1
664 10 158 11 2030 1
665 12 149 13 2766 1
666 23 149 13 2766 1
667 34 149 13 2766 1
668 12 157 15 2690 1
669 9 154 9 1116 1
670 3 160 12 2243 1
671 11 158 27 4035 1
672 21 158 27 4035 1
673 11 147 12 2141 1
674 4 157 78 7545 1
675 10 149 10 1964 1
676 9 147 18 3217 1
677 13 149 10 2231 1
678 15 161 26 2949 1
679 29 161 26 2949 1
680 43 161 26 2949 1
681 57 161 26 2949 1
682 71 161 26 2949 1
683 85 161 26 2949 1
684 9 161 7 1054 1
685 14 165 38 5178 1
686 5 151 15 1178 1
687 11 157 23 3515 1
688 4 165 11 1636 1
689 7 155 14 1754 1
690 3 155 23 2946 1
691 11 151 14 2815 1
692 12 155 7 1148 1
693 23 155 7 1148 1
694 34 155 7 1148 1
695 45 155 7 1148 1
696 56 155 7 1148 1
697 67 155 7 1148 1
698 78 155 7 1148 1
699 9 149 19 3362 1
700 26 147 11 1087 1
701 16 166 16 3855 1
702 31 166 16 3855 1
703 4 149 10 1962 1
704 11 165 16 2921 1
705 10 161 5 475 1
706 24 154 9 1696 1
707 47 154 9 1696 1
708 4 157 11 1988 1
709 19 160 15 1655 1
710 10 158 25 3001 1
711 8 151 32 6444 1
712 15 151 32 6444 1
713 22 151 32 6444 1
714 9 166 10 2035 1
715 17 166 10 2035 1
716 5 160 44 9175 1
717 10 154 26 5723 1
718 19 154 26 5723 1
719 28 154 26 5723 1
720 37 154 26 5723 1
721 4 158 23 3643 1
722 9 147 9 784 1
723 11 166 17 4017 1
724 21 166 17 4017 1
725 31 166 17 4017 1
726 13 147 23 3031 1
727 11 161 30 4521 1
728 8 154 22 2535 1
729 15 154 22 2535 1
730 19 160 15 1851 1
731 8 158 25 5376 1
732 32 147 13 2710 1
733 15 165 40 8564 1
734 11 147 6 917 1
735 21 147 6 917 1
736 31 147 6 917 1
737 2 160 13 2500 1
738 4 161 12 2892 1
739 8 154 19 3753 1
740 4 154 29 4696 1
741 11 161 35 5602 1
742 13 149 12 1000 1
743 25 149 12 1000 1
744 26 160 15 2138 1
745 9 155 77 9202 1
746 17 155 77 9202 1
747 5 154 29 3467 1
748 13 155 7 871 1
749 16 158 19 3280 1
750 31 158 19 3280 1
751 46 158 19 3280 1
752 61 158 19 3280 1
753 19 155 19 1978 1
754 11 147 16 1322 1
755 21 147 16 1322 1
756 31 147 16 1322 1
757 8 147 16 1662 1
758 12 157 28 5840 1
759 3 160 11 1018 1
760 9 158 11 2122 1
761 8 158 15 3137 1
762 15 158 15 3137 1
763 22 158 15 3137 1
764 29 158 15 3137 1
765 10 149 23 4769 1
766 12 147 22 2227 1
767 23 147 22 2227 1
768 34 147 22 2227 1
769 45 147 22 2227 1
770 10 166 45 9248 1
771 13 160 14 1439 1
772 10 147 25 2855 1
773 12 157 16 1729 1
774 23 157 16 1729 1
775 34 157 16 1729 1
776 10 157 23 3832 1
777 19 157 23 3832 1
778 14 157 16 3160 1
779 27 157 16 3160 1
780 40 157 16 3160 1
781 9 157 22 1973 1
782 17 157 22 1973 1
783 10 160 12 2548 1
784 9 160 36 4346 1
785 14 154 19 3150 1
786 9 155 22 2331 1
787 16 158 23 5284 1
788 31 158 23 5284 1
789 14 151 29 5846 1
790 27 151 29 5846 1
791 11 154 14 2297 1
792 21 154 14 2297 1
793 2 147 17 1560 1
794 3 155 21 2899 1
795 26 166 20 2567 1
796 14 151 28 3111 1
797 27 151 28 3111 1
798 40 151 28 3111 1
799 27 157 16 2473 1
800 11 160 17 3660 1
801 13 154 20 2861 1
802 2 151 33 4871 1
803 7 149 10 1624 1
804 4 149 15 2742 1
805 13 166 16 3322 1
806 25 166 16 3322 1
807 121 165 14 1681 1
808 11 147 44 4268 1
809 8 154 17 1501 1
810 13 151 25 2601 1
811 25 151 25 2601 1
812 9 147 22 4563 1
813 3 160 25 5181 1
814 5 160 25 5181 1
815 7 160 25 5181 1
816 14 157 12 2539 1
817 27 157 12 2539 1
818 14 166 9 1427 1
819 10 198 14 2910 1
820 19 198 14 2910 1
821 15 195 22 4745 1
822 41 197 23 5135 1
823 16 190 38 9943 1
824 4 197 13 2089 1
825 2 188 15 3447 1
826 14 194 38 4328 1
827 27 194 38 4328 1
828 13 183 12 1914 1
829 137 178 21 5061 1
830 15 169 34 4280 1
831 29 169 34 4280 1
832 43 169 34 4280 1
833 22 188 13 3589 1
834 15 185 16 3638 1
835 29 185 16 3638 1
836 43 185 16 3638 1
837 38 190 14 3930 1
838 15 178 22 2744 1
839 22 188 22 2740 1
840 3 198 12 1770 1
841 16 183 74 10349 1
842 40 185 6 1205 1
843 10 184 27 3175 1
844 4 194 18 4312 1
845 44 170 17 4157 1
846 13 190 25 5891 1
847 22 170 42 4465 1
848 14 194 62 10022 1
849 27 194 62 10022 1
850 23 184 10 2110 1
851 15 170 7 791 1
852 29 170 7 791 1
853 30 178 6 596 1
854 13 194 13 3110 1
855 12 198 19 4886 1
856 15 195 44 9948 1
857 29 195 44 9948 1
858 43 195 44 9948 1
859 10 188 37 5585 1
860 23 175 9 1606 1
861 22 195 23 3765 1
862 11 169 7 976 1
863 16 198 17 4315 1
864 10 184 25 6121 1
865 13 178 30 4301 1
866 13 175 19 2159 1
867 22 168 11 2315 1
868 16 169 83 10943 1
869 10 197 18 2746 1
870 13 198 26 3356 1
871 15 169 10 2362 1
872 14 178 14 3377 1
873 12 198 29 4400 1
874 15 188 36 9480 1
875 14 185 25 5435 1
876 37 170 20 2702 1
877 73 170 20 2702 1
878 9 170 15 3291 1
879 22 194 46 8709 1
880 10 175 14 3031 1
881 34 188 31 3006 1
882 14 198 18 3530 1
883 13 190 21 3943 1
884 32 184 31 5164 1
885 12 190 33 8276 1
886 23 178 18 4719 1
887 13 185 14 1454 1
888 25 185 14 1454 1
889 16 170 38 8178 1
890 31 170 38 8178 1
891 46 170 38 8178 1
892 61 170 38 8178 1
893 31 194 17 3108 1
894 12 183 39 9094 1
895 45 188 17 1885 1
896 4 188 21 4781 1
897 16 170 21 3781 1
898 10 170 10 1253 1
899 14 183 15 3654 1
900 15 190 17 4638 1
901 111 197 32 9173 1
902 22 170 13 2374 1
903 15 175 22 4744 1
904 15 197 14 2671 1
905 15 168 15 2114 1
906 4 170 8 788 1
907 15 190 17 4273 1
908 29 190 17 4273 1
909 14 184 54 11883 1
910 15 169 15 3757 1
911 65 197 16 3437 1
912 16 183 41 3899 1
913 31 183 41 3899 1
914 23 195 16 3297 1
915 13 178 14 1796 1
916 95 208 18 4495 1
917 51 212 32 9731 1
918 101 212 32 9731 1
919 151 212 32 9731 1
920 201 212 32 9731 1
921 251 212 32 9731 1
922 301 212 32 9731 1
923 38 208 16 2300 1
924 75 208 16 2300 1
925 41 211 21 5996 1
926 81 211 21 5996 1
927 121 211 21 5996 1
928 161 211 21 5996 1
929 201 211 21 5996 1
930 241 211 21 5996 1
931 41 221 24 2932 1
932 81 221 24 2932 1
933 121 221 24 2932 1
934 161 221 24 2932 1
935 201 221 24 2932 1
936 241 221 24 2932 1
937 281 221 24 2932 1
938 321 221 24 2932 1
939 361 221 24 2932 1
940 401 221 24 2932 1
941 441 221 24 2932 1
942 481 221 24 2932 1
943 521 221 24 2932 1
944 35 210 16 2367 1
945 69 210 16 2367 1
946 103 210 16 2367 1
947 137 210 16 2367 1
948 171 210 16 2367 1
949 205 210 16 2367 1
950 239 210 16 2367 1
951 273 210 16 2367 1
952 307 210 16 2367 1
953 341 210 16 2367 1
954 375 210 16 2367 1
955 409 210 16 2367 1
956 443 210 16 2367 1
957 477 210 16 2367 1
958 511 210 16 2367 1
959 545 210 16 2367 1
960 579 210 16 2367 1
961 613 210 16 2367 1
962 647 210 16 2367 1
963 681 210 16 2367 1
964 715 210 16 2367 1
965 749 210 16 2367 1
966 783 210 16 2367 1
967 817 210 16 2367 1
968 851 210 16 2367 1
969 885 210 16 2367 1
970 919 210 16 2367 1
971 953 210 16 2367 1
972 987 210 16 2367 1
973 1021 210 16 2367 1
974 1055 210 16 2367 1
975 1089 210 16 2367 1
976 1123 210 16 2367 1
977 1157 210 16 2367 1
978 36 204 12 1328 1
979 55 207 15 2787 1
980 109 207 15 2787 1
981 163 207 15 2787 1
982 33 239 28 6867 1
983 105 230 27 7441 1
984 209 230 27 7441 1
985 36 228 23 4585 1
986 71 228 23 4585 1
987 59 230 20 2341 1
988 108 230 22 2600 1
989 93 225 14 4260 1
990 35 228 10 1995 1
991 158 239 17 2798 1
992 39 228 18 5429 1
993 77 228 18 5429 1
994 115 228 18 5429 1
995 153 228 18 5429 1
996 36 239 23 6356 1
997 176 230 13 1647 1
998 32 228 15 3272 1
999 34 230 21 3333 1
1000 108 239 36 10464 1
1001 101 228 18 5023 1
1002 55 225 14 3430 1
1003 36 225 22 2979 1
1004 35 225 27 7600 1
1005 38 230 15 4024 1
1006 52 239 31 8451 1
1007 37 228 28 8598 1
1008 38 228 17 3590 1
1009 75 228 17 3590 1
1010 112 228 17 3590 1
1011 37 230 22 5796 1
1012 105 239 16 4350 1
1013 209 239 16 4350 1
1014 38 225 15 4078 1
1015 38 225 20 4568 1
1016 38 228 19 4309 1
1017 57 276 18 4966 1
1018 113 276 18 4966 1
1019 107 294 31 11662 1
1020 36 275 37 8789 1
1021 36 268 24 7115 1
1022 92 267 41 11874 1
1023 92 303 47 17488 1
1024 183 303 47 17488 1
1025 58 265 43 14750 1
1026 59 291 48 13582 1
1027 93 266 22 6713 1
1028 185 266 22 6713 1
1029 140 270 16 2636 1
1030 36 255 24 8746 1
1031 174 270 29 6126 1
1032 37 299 26 10010 1
1033 37 291 35 12489 1
1034 58 255 66 13720 1
1035 57 258 23 3562 1
1036 35 274 43 9648 1
35
400 400 400 400 500 500 600 600 600 600 600 600 600 400 400 400 400 400 230 315 600 450 450 400 400 400 665 725 645 500 500 305 400 400 390 