1036
1 7 99 24 3019 1
2 7 101 45 3984 1
3 11 99 10 523 1
4 21 99 10 523 1
5 15 101 12 1290 1
6 3 101 20 2630 1
7 6 101 10 960 1
8 6 99 6 704 1
9 4 99 14 810 1
10 14 101 7 575 1
11 4 101 14 1949 1
12 7 101 14 1949 1
13 10 101 14 1949 1
14 13 101 14 1949 1
15 3 101 35 4440 1
16 4 99 11 1261 1
17 3 99 10 1146 1
18 6 101 6 370 1
19 11 101 6 370 1
20 6 99 10 1158 1
21 11 99 10 1158 1
22 16 99 10 1158 1
23 21 99 10 1158 1
24 26 99 10 1158 1
25 5 99 13 1092 1
26 5 101 40 3421 1
27 12 99 9 649 1
28 6 99 11 892 1
29 3 99 10 1353 1
30 5 99 10 1353 1
31 7 99 10 1353 1
32 9 99 10 1353 1
33 11 99 10 1353 1
34 15 101 16 2196 1
35 29 101 16 2196 1
36 4 99 8 615 1
37 7 99 8 615 1
38 11 101 14 1297 1
39 7 101 6 805 1
40 4 132 16 3136 1
41 5 138 19 2765 1
42 9 125 16 2785 1
43 17 125 16 2785 1
44 25 125 16 2785 1
45 20 118 5 792 1
46 39 118 5 792 1
47 58 118 5 792 1
48 77 118 5 792 1
49 96 118 5 792 1
50 115 118 5 792 1
51 14 121 8 1308 1
52 3 126 16 1486 1
53 5 126 16 1486 1
54 7 126 16 1486 1
55 18 129 40 5952 1
56 8 139 23 3086 1
57 15 139 23 3086 1
58 22 139 23 3086 1
59 29 139 23 3086 1
60 36 139 23 3086 1
61 10 134 10 1591 1
62 19 134 10 1591 1
63 28 134 10 1591 1
64 37 134 10 1591 1
65 46 134 10 1591 1
66 55 134 10 1591 1
67 4 138 13 2190 1
68 7 138 13 2190 1
69 10 138 13 2190 1
70 13 138 13 2190 1
71 16 138 13 2190 1
72 19 138 13 2190 1
73 22 138 13 2190 1
74 25 138 13 2190 1
75 28 138 13 2190 1
76 31 138 13 2190 1
77 15 141 56 6544 1
78 29 141 56 6544 1
79 43 141 56 6544 1
80 57 141 56 6544 1
81 71 141 56 6544 1
82 85 141 56 6544 1
83 99 141 56 6544 1
84 113 141 56 6544 1
85 127 141 56 6544 1
86 141 141 56 6544 1
87 18 129 9 883 1
88 35 129 9 883 1
89 12 138 11 1047 1
90 23 138 11 1047 1
91 34 138 11 1047 1
92 45 138 11 1047 1
93 56 138 11 1047 1
94 67 138 11 1047 1
95 78 138 11 1047 1
96 7 125 13 1622 1
97 13 125 13 1622 1
98 4 110 9 1370 1
99 7 110 9 1370 1
100 12 132 22 2269 1
101 8 110 20 1514 1
102 15 110 20 1514 1
103 22 110 20 1514 1
104 29 110 20 1514 1
105 36 110 20 1514 1
106 43 110 20 1514 1
107 50 110 20 1514 1
108 8 126 13 1139 1
109 15 126 13 1139 1
110 22 126 13 1139 1
111 11 122 8 691 1
112 21 122 8 691 1
113 3 141 18 1718 1
114 5 141 18 1718 1
115 7 141 18 1718 1
116 9 141 18 1718 1
117 11 141 18 1718 1
118 18 127 5 497 1
119 35 127 5 497 1
120 52 127 5 497 1
121 8 125 13 932 1
122 9 138 16 3180 1
123 17 138 16 3180 1
124 19 122 8 909 1
125 37 122 8 909 1
126 10 141 13 1244 1
127 15 118 16 1194 1
128 29 118 16 1194 1
129 6 125 15 2270 1
130 5 121 20 2201 1
131 9 121 20 2201 1
132 13 121 20 2201 1
133 17 121 20 2201 1
134 3 138 10 976 1
135 16 129 12 802 1
136 31 129 12 802 1
137 46 129 12 802 1
138 61 129 12 802 1
139 76 129 12 802 1
140 91 129 12 802 1
141 2 122 8 490 1
142 3 122 8 490 1
143 11 134 8 1195 1
144 21 134 8 1195 1
145 31 134 8 1195 1
146 11 129 29 2929 1
147 21 129 29 2929 1
148 4 110 9 1156 1
149 13 140 5 380 1
150 4 138 28 2020 1
151 7 138 28 2020 1
152 7 125 9 591 1
153 13 125 9 591 1
154 19 125 9 591 1
155 25 125 9 591 1
156 31 125 9 591 1
157 13 132 7 773 1
158 14 132 7 1324 1
159 27 132 7 1324 1
160 40 132 7 1324 1
161 53 132 7 1324 1
162 66 132 7 1324 1
163 11 133 4 502 1
164 4 132 11 1796 1
165 7 132 11 1796 1
166 11 127 8 1089 1
167 21 127 8 1089 1
168 31 127 8 1089 1
169 41 127 8 1089 1
170 51 127 8 1089 1
171 61 127 8 1089 1
172 64 127 9 1469 1
173 7 126 14 2330 1
174 13 126 14 2330 1
175 19 126 14 2330 1
176 3 122 9 1379 1
177 3 125 16 1042 1
178 15 118 7 441 1
179 29 118 7 441 1
180 18 141 20 3751 1
181 35 141 20 3751 1
182 9 110 10 1329 1
183 17 110 10 1329 1
184 7 110 13 1770 1
185 13 110 13 1770 1
186 19 110 13 1770 1
187 25 110 13 1770 1
188 3 132 5 778 1
189 70 140 8 717 1
190 10 126 6 471 1
191 19 126 6 471 1
192 7 126 22 2575 1
193 8 121 12 2050 1
194 15 121 12 2050 1
195 22 121 12 2050 1
196 4 127 19 2225 1
197 1 132 20 1758 1
198 1 132 20 1758 1
199 25 133 10 1314 1
200 49 133 10 1314 1
201 73 133 10 1314 1
202 8 132 24 3361 1
203 15 132 24 3361 1
204 22 132 24 3361 1
205 29 132 24 3361 1
206 36 132 24 3361 1
207 43 132 24 3361 1
208 50 132 24 3361 1
209 57 132 24 3361 1
210 64 132 24 3361 1
211 71 132 24 3361 1
212 78 132 24 3361 1
213 85 132 24 3361 1
214 19 141 28 2674 1
215 37 141 28 2674 1
216 55 141 28 2674 1
217 73 141 28 2674 1
218 91 141 28 2674 1
219 109 141 28 2674 1
220 127 141 28 2674 1
221 145 141 28 2674 1
222 14 125 15 1164 1
223 4 132 13 2548 1
224 11 129 12 2302 1
225 21 129 12 2302 1
226 31 129 12 2302 1
227 41 129 12 2302 1
228 51 129 12 2302 1
229 61 129 12 2302 1
230 71 129 12 2302 1
231 81 129 12 2302 1
232 91 129 12 2302 1
233 4 121 28 2543 1
234 8 132 23 2599 1
235 15 132 23 2599 1
236 22 132 23 2599 1
237 29 132 23 2599 1
238 36 132 23 2599 1
239 43 132 23 2599 1
240 50 132 23 2599 1
241 57 132 23 2599 1
242 64 132 23 2599 1
243 11 129 20 3591 1
244 7 121 27 2099 1
245 13 121 27 2099 1
246 19 121 27 2099 1
247 25 121 27 2099 1
248 31 121 27 2099 1
249 37 121 27 2099 1
250 12 137 41 4551 1
251 23 137 41 4551 1
252 34 137 41 4551 1
253 45 137 41 4551 1
254 56 137 41 4551 1
255 67 137 41 4551 1
256 78 137 41 4551 1
257 7 141 16 2967 1
258 7 138 8 1454 1
259 13 138 8 1454 1
260 19 138 8 1454 1
261 25 138 8 1454 1
262 31 138 8 1454 1
263 37 138 8 1454 1
264 43 138 8 1454 1
265 49 138 8 1454 1
266 55 138 8 1454 1
267 61 138 8 1454 1
268 67 138 8 1454 1
269 73 138 8 1454 1
270 79 138 8 1454 1
271 1 133 9 1230 1
272 12 139 14 1113 1
273 12 134 27 2210 1
274 23 134 27 2210 1
275 34 134 27 2210 1
276 20 122 12 1641 1
277 9 121 11 1773 1
278 17 121 11 1773 1
279 7 137 12 1073 1
280 13 137 12 1073 1
281 19 137 12 1073 1
282 25 137 12 1073 1
283 4 126 33 2586 1
284 5 129 20 2532 1
285 9 139 21 3544 1
286 5 138 7 1267 1
287 9 138 7 1267 1
288 13 138 7 1267 1
289 15 127 23 2564 1
290 19 129 9 1266 1
291 37 129 9 1266 1
292 55 129 9 1266 1
293 73 129 9 1266 1
294 3 134 9 1531 1
295 16 121 11 1954 1
296 31 121 11 1954 1
297 46 121 11 1954 1
298 61 121 11 1954 1
299 76 121 11 1954 1
300 91 121 11 1954 1
301 106 121 11 1954 1
302 121 121 11 1954 1
303 136 121 11 1954 1
304 151 121 11 1954 1
305 14 121 14 2001 1
306 13 140 48 10012 1
307 25 140 48 10012 1
308 37 140 48 10012 1
309 9 134 20 3761 1
310 17 134 20 3761 1
311 11 139 11 2271 1
312 15 125 12 797 1
313 52 133 15 2714 1
314 9 138 9 1346 1
315 17 138 9 1346 1
316 25 138 9 1346 1
317 33 138 9 1346 1
318 41 138 9 1346 1
319 49 138 9 1346 1
320 57 138 9 1346 1
321 65 138 9 1346 1
322 3 132 9 719 1
323 4 127 43 7275 1
324 7 127 43 7275 1
325 5 122 21 2588 1
326 2 125 24 2161 1
327 3 125 24 2161 1
328 4 125 24 2161 1
329 5 125 24 2161 1
330 6 125 24 2161 1
331 7 125 24 2161 1
332 8 125 24 2161 1
333 9 125 24 2161 1
334 10 125 24 2161 1
335 6 137 13 2329 1
336 11 132 10 848 1
337 21 132 10 848 1
338 9 133 8 1007 1
339 4 140 11 2219 1
340 7 140 11 2219 1
341 3 138 12 1906 1
342 5 138 12 1906 1
343 7 138 12 1906 1
344 9 138 12 1906 1
345 4 138 18 3628 1
346 7 138 18 3628 1
347 10 138 18 3628 1
348 3 129 11 1269 1
349 5 129 11 1269 1
350 15 141 19 1544 1
351 29 141 19 1544 1
352 43 141 19 1544 1
353 57 141 19 1544 1
354 11 127 6 992 1
355 10 140 11 2249 1
356 4 127 12 2257 1
357 2 138 22 2777 1
358 3 138 22 2777 1
359 16 127 12 1878 1
360 31 127 12 1878 1
361 46 127 12 1878 1
362 61 127 12 1878 1
363 76 127 12 1878 1
364 6 125 30 4133 1
365 11 125 30 4133 1
366 16 125 30 4133 1
367 21 125 30 4133 1
368 50 133 18 1234 1
369 99 133 18 1234 1
370 10 140 21 3451 1
371 19 140 21 3451 1
372 6 141 14 2795 1
373 11 141 14 2795 1
374 16 141 14 2795 1
375 21 141 14 2795 1
376 26 141 14 2795 1
377 31 141 14 2795 1
378 36 141 14 2795 1
379 14 118 23 1800 1
380 9 125 18 2339 1
381 4 118 19 2383 1
382 7 118 19 2383 1
383 8 134 17 3265 1
384 15 134 17 3265 1
385 8 118 8 916 1
386 23 122 17 3078 1
387 45 122 17 3078 1
388 67 122 17 3078 1
389 14 110 16 1675 1
390 27 110 16 1675 1
391 5 121 10 915 1
392 16 133 14 1004 1
393 31 133 14 1004 1
394 46 133 14 1004 1
395 61 133 14 1004 1
396 76 133 14 1004 1
397 91 133 14 1004 1
398 106 133 14 1004 1
399 121 133 14 1004 1
400 136 133 14 1004 1
401 4 125 44 7890 1
402 7 125 44 7890 1
403 10 125 44 7890 1
404 10 139 26 2661 1
405 15 137 10 1890 1
406 13 139 26 2987 1
407 25 139 26 2987 1
408 37 139 26 2987 1
409 7 134 24 4569 1
410 10 139 23 4548 1
411 19 139 23 4548 1
412 28 139 23 4548 1
413 3 132 17 2637 1
414 5 132 17 2637 1
415 7 132 17 2637 1
416 9 132 17 2637 1
417 11 132 17 2637 1
418 10 118 9 734 1
419 19 118 9 734 1
420 28 118 9 734 1
421 37 118 9 734 1
422 46 118 9 734 1
423 55 118 9 734 1
424 64 118 9 734 1
425 15 110 9 1138 1
426 29 110 9 1138 1
427 16 118 14 2276 1
428 31 118 14 2276 1
429 46 118 14 2276 1
430 61 118 14 2276 1
431 76 118 14 2276 1
432 91 118 14 2276 1
433 19 110 7 853 1
434 3 125 20 2184 1
435 4 137 20 3116 1
436 3 137 22 3076 1
437 5 137 22 3076 1
438 5 138 5 598 1
439 11 132 28 5059 1
440 12 139 13 1702 1
441 23 139 13 1702 1
442 34 139 13 1702 1
443 45 139 13 1702 1
444 56 139 13 1702 1
445 67 139 13 1702 1
446 78 139 13 1702 1
447 89 139 13 1702 1
448 4 125 10 1276 1
449 9 141 23 1631 1
450 11 127 27 2112 1
451 12 133 7 1036 1
452 23 133 7 1036 1
453 34 133 7 1036 1
454 45 133 7 1036 1
455 56 133 7 1036 1
456 67 133 7 1036 1
457 78 133 7 1036 1
458 89 133 7 1036 1
459 100 133 7 1036 1
460 111 133 7 1036 1
461 122 133 7 1036 1
462 14 141 34 6850 1
463 27 141 34 6850 1
464 8 133 10 789 1
465 15 133 10 789 1
466 22 133 10 789 1
467 10 127 9 1179 1
468 19 127 9 1179 1
469 14 127 25 3478 1
470 27 127 25 3478 1
471 10 129 6 519 1
472 19 129 6 519 1
473 28 129 6 519 1
474 37 129 6 519 1
475 46 129 6 519 1
476 3 141 12 1833 1
477 1 140 9 1610 1
478 1 140 9 1610 1
479 1 140 9 1610 1
480 1 140 9 1610 1
481 1 140 9 1610 1
482 10 139 15 1568 1
483 19 139 15 1568 1
484 38 132 14 1045 1
485 3 129 15 2286 1
486 5 129 15 2286 1
487 7 129 15 2286 1
488 16 118 28 3646 1
489 31 118 28 3646 1
490 46 118 28 3646 1
491 17 125 16 2298 1
492 33 125 16 2298 1
493 11 137 22 3735 1
494 4 126 12 1734 1
495 6 121 6 581 1
496 11 121 6 581 1
497 5 121 26 2563 1
498 4 126 8 1487 1
499 2 110 12 1288 1
500 53 127 29 4210 1
501 105 127 29 4210 1
502 7 129 15 1833 1
503 13 129 15 1833 1
504 15 122 23 2087 1
505 29 122 23 2087 1
506 7 110 30 3085 1
507 9 110 22 2868 1
508 17 139 7 1262 1
509 9 126 12 2129 1
510 17 126 12 2129 1
511 25 126 12 2129 1
512 33 126 12 2129 1
513 41 126 12 2129 1
514 12 125 16 1277 1
515 23 125 16 1277 1
516 4 127 12 2237 1
517 3 125 7 1094 1
518 10 137 4 715 1
519 19 137 4 715 1
520 28 137 4 715 1
521 37 137 4 715 1
522 5 125 23 3586 1
523 3 140 22 3304 1
524 12 140 10 1802 1
525 23 140 10 1802 1
526 34 140 10 1802 1
527 45 140 10 1802 1
528 9 141 10 1250 1
529 17 141 10 1250 1
530 25 141 10 1250 1
531 33 141 10 1250 1
532 41 141 10 1250 1
533 49 141 10 1250 1
534 57 141 10 1250 1
535 4 127 10 1067 1
536 3 126 7 929 1
537 3 133 14 998 1
538 5 133 14 998 1
539 7 133 14 998 1
540 21 134 19 2919 1
541 41 134 19 2919 1
542 61 134 19 2919 1
543 81 134 19 2919 1
544 101 134 19 2919 1
545 121 134 19 2919 1
546 141 134 19 2919 1
547 161 134 19 2919 1
548 181 134 19 2919 1
549 201 134 19 2919 1
550 221 134 19 2919 1
551 3 140 7 724 1
552 19 118 18 1266 1
553 10 125 17 2564 1
554 19 125 17 2564 1
555 11 118 6 455 1
556 21 118 6 455 1
557 31 118 6 455 1
558 41 118 6 455 1
559 8 133 15 2884 1
560 15 133 15 2884 1
561 22 133 15 2884 1
562 29 133 15 2884 1
563 36 133 15 2884 1
564 43 133 15 2884 1
565 6 134 30 2894 1
566 13 139 17 2983 1
567 25 139 17 2983 1
568 37 139 17 2983 1
569 49 139 17 2983 1
570 3 140 10 1322 1
571 16 141 9 1677 1
572 13 138 20 3235 1
573 3 141 5 662 1
574 14 127 4 733 1
575 10 127 28 3280 1
576 19 127 28 3280 1
577 4 121 12 1004 1
578 12 125 8 541 1
579 23 125 8 541 1
580 34 125 8 541 1
581 45 125 8 541 1
582 56 125 8 541 1
583 67 125 8 541 1
584 20 137 13 1135 1
585 39 137 13 1135 1
586 58 137 13 1135 1
587 12 139 6 1167 1
588 23 139 6 1167 1
589 34 139 6 1167 1
590 45 139 6 1167 1
591 56 139 6 1167 1
592 67 139 6 1167 1
593 7 122 11 826 1
594 13 122 11 826 1
595 8 132 29 3145 1
596 15 132 29 3145 1
597 4 121 19 1770 1
598 3 138 15 2857 1
599 5 138 15 2857 1
600 7 138 15 2857 1
601 9 138 15 2857 1
602 11 138 15 2857 1
603 13 138 15 2857 1
604 15 138 15 2857 1
605 17 138 15 2857 1
606 19 138 15 2857 1
607 21 138 15 2857 1
608 23 138 15 2857 1
609 5 141 13 1220 1
610 9 141 13 1220 1
611 13 141 13 1220 1
612 17 141 13 1220 1
613 21 141 13 1220 1
614 12 127 8 979 1
615 15 110 14 1555 1
616 29 110 14 1555 1
617 43 110 14 1555 1
618 57 110 14 1555 1
619 12 134 15 1341 1
620 23 134 15 1341 1
621 17 121 10 1423 1
622 14 137 15 2127 1
623 13 118 41 3082 1
624 25 118 41 3082 1
625 37 118 41 3082 1
626 49 118 41 3082 1
627 61 118 41 3082 1
628 73 118 41 3082 1
629 4 129 20 3619 1
630 13 126 20 1450 1
631 4 132 16 1605 1
632 4 122 36 2366 1
633 11 110 30 2813 1
634 21 110 30 2813 1
635 31 110 30 2813 1
636 3 138 84 7338 1
637 22 121 8 958 1
638 43 121 8 958 1
639 12 126 29 3528 1
640 23 126 29 3528 1
641 4 137 21 1485 1
642 20 127 10 1121 1
643 39 127 10 1121 1
644 58 127 10 1121 1
645 10 138 24 4015 1
646 19 138 24 4015 1
647 28 138 24 4015 1
648 11 129 16 2770 1
649 3 129 22 3859 1
650 5 129 22 3859 1
651 7 129 22 3859 1
652 12 140 14 2556 1
653 4 137 25 1747 1
654 3 140 3 546 1
655 14 137 18 1545 1
656 27 137 18 1545 1
657 40 137 18 1545 1
658 53 137 18 1545 1
659 66 137 18 1545 1
660 79 137 18 1545 1
661 5 126 15 2133 1
662 16 126 12 2223 1
663 4 165 26 2923 1
664 9 161 11 1064 1
665 14 158 13 2373 1
666 27 158 13 2373 1
667 40 158 13 2373 1
668 53 158 13 2373 1
669 9 149 10 1811 1
670 12 147 12 2532 1
671 23 147 12 2532 1
672 9 158 11 1343 1
673 10 165 12 1951 1
674 19 165 12 1951 1
675 28 165 12 1951 1
676 14 154 28 5372 1
677 27 154 28 5372 1
678 40 154 28 5372 1
679 53 154 28 5372 1
680 66 154 28 5372 1
681 9 147 29 4058 1
682 17 147 29 4058 1
683 13 154 21 3189 1
684 9 161 7 1375 1
685 17 161 7 1375 1
686 3 160 20 4278 1
687 5 160 20 4278 1
688 7 160 20 4278 1
689 3 151 23 5053 1
690 12 161 16 2782 1
691 23 161 16 2782 1
692 6 157 12 2429 1
693 14 161 23 5361 1
694 8 147 17 3731 1
695 12 154 11 903 1
696 23 154 11 903 1
697 34 154 11 903 1
698 45 154 11 903 1
699 56 154 11 903 1
700 67 154 11 903 1
701 78 154 11 903 1
702 10 166 21 3186 1
703 5 161 9 1733 1
704 14 154 15 1205 1
705 27 154 15 1205 1
706 14 157 41 8328 1
707 4 158 14 1855 1
708 10 165 14 2417 1
709 12 165 34 7028 1
710 23 165 34 7028 1
711 9 154 14 1606 1
712 14 157 28 2882 1
713 13 158 8 1805 1
714 25 158 8 1805 1
715 37 158 8 1805 1
716 49 158 8 1805 1
717 61 158 8 1805 1
718 73 158 8 1805 1
719 3 160 28 5336 1
720 5 160 28 5336 1
721 7 160 28 5336 1
722 9 160 28 5336 1
723 11 149 15 1634 1
724 16 166 19 4636 1
725 13 155 54 12119 1
726 25 155 54 12119 1
727 37 155 54 12119 1
728 5 147 38 6770 1
729 10 166 36 3746 1
730 9 165 13 2750 1
731 17 165 13 2750 1
732 8 165 15 1734 1
733 11 165 27 4479 1
734 21 165 27 4479 1
735 31 165 27 4479 1
736 41 165 27 4479 1
737 2 151 27 5673 1
738 11 157 21 3003 1
739 10 149 14 1238 1
740 14 147 16 2634 1
741 27 147 16 2634 1
742 7 160 9 1937 1
743 13 161 6 1285 1
744 12 160 10 1219 1
745 9 155 35 4768 1
746 17 155 35 4768 1
747 25 155 35 4768 1
748 33 155 35 4768 1
749 41 155 35 4768 1
750 9 158 40 5795 1
751 17 158 40 5795 1
752 25 158 40 5795 1
753 11 151 8 1743 1
754 10 161 14 1748 1
755 38 155 12 2313 1
756 14 157 18 3412 1
757 10 154 11 1202 1
758 19 154 11 1202 1
759 28 154 11 1202 1
760 37 154 11 1202 1
761 46 154 11 1202 1
762 10 160 8 1276 1
763 12 149 9 1651 1
764 23 149 9 1651 1
765 34 149 9 1651 1
766 45 149 9 1651 1
767 14 147 13 2256 1
768 27 147 13 2256 1
769 40 147 13 2256 1
770 53 147 13 2256 1
771 8 157 49 4647 1
772 13 151 14 3103 1
773 10 160 7 1402 1
774 9 157 11 1434 1
775 12 160 21 2014 1
776 14 151 22 2518 1
777 27 151 22 2518 1
778 40 151 22 2518 1
779 12 166 15 2038 1
780 23 166 15 2038 1
781 34 166 15 2038 1
782 45 166 15 2038 1
783 56 166 15 2038 1
784 67 166 15 2038 1
785 78 166 15 2038 1
786 89 166 15 2038 1
787 31 147 22 1985 1
788 19 151 33 2544 1
789 37 151 33 2544 1
790 10 161 10 886 1
791 19 161 10 886 1
792 28 161 10 886 1
793 12 149 24 4465 1
794 4 157 20 3638 1
795 13 147 7 1192 1
796 25 147 7 1192 1
797 37 147 7 1192 1
798 49 147 7 1192 1
799 61 147 7 1192 1
800 3 161 11 2159 1
801 6 157 13 2108 1
802 13 155 6 525 1
803 25 155 6 525 1
804 3 158 13 1338 1
805 3 161 20 3167 1
806 5 161 20 3167 1
807 14 147 19 2724 1
808 27 147 19 2724 1
809 40 147 19 2724 1
810 53 147 19 2724 1
811 66 147 19 2724 1
812 12 166 22 3218 1
813 23 166 22 3218 1
814 34 166 22 3218 1
815 45 166 22 3218 1
816 11 160 21 1821 1
817 21 160 21 1821 1
818 31 160 21 1821 1
819 10 169 26 4902 1
820 13 190 23 3782 1
821 16 188 11 3058 1
822 20 184 23 6048 1
823 39 184 23 6048 1
824 15 178 19 2163 1
825 24 169 39 4792 1
826 16 178 11 1138 1
827 54 188 12 1667 1
828 33 168 47 10451 1
829 15 194 7 2015 1
830 3 198 18 2903 1
831 15 168 31 4410 1
832 9 194 5 985 1
833 13 169 44 7925 1
834 25 169 44 7925 1
835 16 169 26 2765 1
836 47 195 11 2623 1
837 34 169 11 1024 1
838 10 188 13 3075 1
839 10 184 27 5865 1
840 17 183 63 7756 1
841 15 185 20 4739 1
842 13 188 20 5087 1
843 25 188 20 5087 1
844 14 198 17 1722 1
845 13 195 23 2820 1
846 39 194 29 6720 1
847 33 188 17 2165 1
848 16 197 8 2216 1
849 31 197 8 2216 1
850 46 197 8 2216 1
851 50 198 26 5588 1
852 3 188 20 4963 1
853 34 184 7 1505 1
854 15 194 8 1644 1
855 3 197 47 8611 1
856 187 168 27 4710 1
857 15 194 49 11949 1
858 238 197 11 2176 1
859 24 194 15 4190 1
860 33 178 16 2310 1
861 16 190 15 2534 1
862 12 190 18 4050 1
863 2 185 44 6402 1
864 3 194 14 2662 1
865 45 197 12 2054 1
866 89 197 12 2054 1
867 13 170 19 1649 1
868 38 183 15 3443 1
869 16 184 49 8460 1
870 32 178 22 5744 1
871 15 188 13 2584 1
872 39 170 27 6861 1
873 10 168 9 838 1
874 19 168 9 838 1
875 13 170 24 3506 1
876 37 198 11 2336 1
877 15 188 14 1990 1
878 15 175 36 4267 1
879 13 198 29 6947 1
880 13 195 36 7604 1
881 11 188 54 12468 1
882 14 188 17 2382 1
883 13 185 31 4621 1
884 28 183 18 4710 1
885 13 170 11 2718 1
886 139 175 47 8578 1
887 4 198 24 4134 1
888 23 188 29 6549 1
889 15 190 16 2097 1
890 15 188 12 2215 1
891 10 197 48 12451 1
892 19 197 48 12451 1
893 16 168 14 3315 1
894 13 185 33 8453 1
895 25 185 33 8453 1
896 21 168 3 528 1
897 16 178 39 7474 1
898 31 178 39 7474 1
899 22 195 21 4746 1
900 28 195 25 4877 1
901 10 184 32 6868 1
902 10 170 30 3250 1
903 21 195 31 6587 1
904 16 168 21 4985 1
905 14 170 12 1460 1
906 27 170 12 1460 1
907 25 190 13 1579 1
908 14 184 19 3895 1
909 15 185 16 3217 1
910 48 195 95 15491 1
911 95 195 95 15491 1
912 40 170 10 1972 1
913 15 170 20 2857 1
914 15 185 11 2465 1
915 32 169 24 3331 1
916 42 207 17 1859 1
917 43 221 16 4394 1
918 85 221 16 4394 1
919 127 221 16 4394 1
920 40 204 22 2839 1
921 79 204 22 2839 1
922 118 204 22 2839 1
923 157 204 22 2839 1
924 173 204 17 3009 1
925 112 222 16 4808 1
926 40 207 6 1297 1
927 79 207 6 1297 1
928 105 221 29 4315 1
929 209 221 29 4315 1
930 47 212 14 3598 1
931 93 212 14 3598 1
932 139 212 14 3598 1
933 185 212 14 3598 1
934 42 212 21 6365 1
935 83 212 21 6365 1
936 124 212 21 6365 1
937 165 212 21 6365 1
938 206 212 21 6365 1
939 247 212 21 6365 1
940 288 212 21 6365 1
941 329 212 21 6365 1
942 27 210 23 6372 1
943 39 208 19 2252 1
944 77 208 19 2252 1
945 36 207 13 3707 1
946 71 207 13 3707 1
947 106 207 13 3707 1
948 111 208 8 1617 1
949 38 204 65 8378 1
950 75 204 65 8378 1
951 112 204 65 8378 1
952 149 204 65 8378 1
953 44 204 17 3577 1
954 87 204 17 3577 1
955 130 204 17 3577 1
956 173 204 17 3577 1
957 216 204 17 3577 1
958 259 204 17 3577 1
959 302 204 17 3577 1
960 34 204 17 3464 1
961 67 204 17 3464 1
962 37 208 25 7096 1
963 73 208 25 7096 1
964 109 208 25 7096 1
965 34 208 13 1842 1
966 67 208 13 1842 1
967 100 208 13 1842 1
968 39 211 15 2119 1
969 77 211 15 2119 1
970 115 211 15 2119 1
971 153 211 15 2119 1
972 30 210 28 4519 1
973 59 210 28 4519 1
974 88 210 28 4519 1
975 117 210 28 4519 1
976 146 210 28 4519 1
977 175 210 28 4519 1
978 204 210 28 4519 1
979 233 210 28 4519 1
980 262 210 28 4519 1
981 291 210 28 4519 1
982 37 228 24 5406 1
983 40 225 15 4042 1
984 79 225 15 4042 1
985 34 230 32 5337 1
986 97 239 13 3454 1
987 101 239 19 5857 1
988 31 230 18 3542 1
989 37 225 29 5537 1
990 37 225 11 1756 1
991 55 230 27 6521 1
992 37 239 22 2650 1
993 73 239 22 2650 1
994 37 239 23 5258 1
995 38 230 24 4762 1
996 75 230 24 4762 1
997 112 230 24 4762 1
998 32 239 20 4503 1
999 35 230 19 5832 1
1000 112 239 16 4846 1
1001 38 225 13 2605 1
1002 36 225 16 5106 1
1003 97 230 20 2651 1
1004 36 239 27 7228 1
1005 37 228 14 3738 1
1006 37 239 18 4959 1
1007 93 225 10 2347 1
1008 57 225 17 4261 1
1009 58 225 15 3938 1
1010 36 239 13 2481 1
1011 61 230 18 2992 1
1012 97 239 26 4701 1
1013 35 230 16 1953 1
1014 37 230 16 2383 1
1015 73 230 16 2383 1
1016 109 230 16 2383 1
1017 92 279 22 7183 1
1018 183 279 22 7183 1
1019 274 279 22 7183 1
1020 56 259 23 4686 1
1021 111 259 23 4686 1
1022 37 293 32 13664 1
1023 56 291 49 10362 1
1024 91 265 12 2180 1
1025 181 265 12 2180 1
1026 94 305 23 7681 1
1027 55 265 24 5799 1
1028 200 268 27 4154 1
1029 94 258 35 5990 1
1030 56 294 31 8620 1
1031 94 276 14 2681 1
1032 93 305 33 8813 1
1033 57 255 11 3809 1
1034 36 255 15 5645 1
1035 96 265 32 6471 1
1036 191 265 32 6471 1
35
400 400 400 400 500 500 600 600 600 600 600 600 600 400 400 400 400 400 230 315 600 450 450 400 400 400 665 725 645 500 500 305 400 400 390 