1036
1 6 99 13 711 1
2 11 99 13 711 1
3 16 99 13 711 1
4 3 101 19 1711 1
5 5 101 19 1711 1
6 13 101 9 831 1
7 25 101 9 831 1
8 7 99 19 2564 1
9 4 99 25 1565 1
10 7 99 25 1565 1
11 10 99 25 1565 1
12 13 99 25 1565 1
13 16 99 25 1565 1
14 4 99 16 1104 1
15 4 99 30 2828 1
16 7 99 30 2828 1
17 7 101 15 1565 1
18 13 101 15 1565 1
19 3 99 18 2354 1
20 5 99 18 2354 1
21 3 99 18 2354 1
22 13 101 8 902 1
23 20 101 46 6337 1
24 24 101 6 783 1
25 3 101 8 1066 1
26 3 101 22 2410 1
27 5 101 22 2410 1
28 6 99 36 5169 1
29 3 101 19 1763 1
30 7 101 25 3451 1
31 8 99 9 1293 1
32 22 99 11 1560 1
33 7 99 21 2565 1
34 13 99 21 2565 1
35 4 101 14 1699 1
36 26 101 12 923 1
37 51 101 12 923 1
38 4 101 27 4007 1
39 4 101 26 1555 1
40 12 133 9 641 1
41 23 133 9 641 1
42 34 133 9 641 1
43 45 133 9 641 1
44 56 133 9 641 1
45 67 133 9 641 1
46 78 133 9 641 1
47 89 133 9 641 1
48 100 133 9 641 1
49 111 133 9 641 1
50 122 133 9 641 1
51 133 133 9 641 1
52 9 122 17 1046 1
53 13 134 10 1249 1
54 10 138 16 2187 1
55 19 138 16 2187 1
56 5 133 12 1497 1
57 9 133 12 1497 1
58 43 140 9 1025 1
59 3 139 30 4160 1
60 4 138 35 2658 1
61 7 138 35 2658 1
62 10 138 35 2658 1
63 22 127 16 1606 1
64 43 127 16 1606 1
65 20 126 3 289 1
66 39 126 3 289 1
67 58 126 3 289 1
68 77 126 3 289 1
69 13 125 11 1659 1
70 15 129 21 2734 1
71 29 129 21 2734 1
72 43 129 21 2734 1
73 57 129 21 2734 1
74 10 134 18 2284 1
75 19 134 18 2284 1
76 28 134 18 2284 1
77 37 134 18 2284 1
78 46 134 18 2284 1
79 55 134 18 2284 1
80 11 129 28 3694 1
81 21 129 28 3694 1
82 31 129 28 3694 1
83 41 129 28 3694 1
84 12 140 48 7553 1
85 23 140 48 7553 1
86 34 140 48 7553 1
87 45 140 48 7553 1
88 5 134 42 7767 1
89 9 126 8 1048 1
90 17 126 8 1048 1
91 12 129 19 3676 1
92 3 122 5 617 1
93 4 122 15 1851 1
94 7 122 15 1851 1
95 10 122 15 1851 1
96 15 122 19 2179 1
97 29 122 19 2179 1
98 8 139 15 1896 1
99 15 139 15 1896 1
100 22 139 15 1896 1
101 29 139 15 1896 1
102 15 133 10 1425 1
103 29 133 10 1425 1
104 43 133 10 1425 1
105 57 133 10 1425 1
106 71 133 10 1425 1
107 85 133 10 1425 1
108 5 137 27 2988 1
109 14 134 70 11953 1
110 16 140 45 6332 1
111 14 110 14 1109 1
112 10 118 22 2326 1
113 19 118 22 2326 1
114 5 126 17 2337 1
115 4 125 6 739 1
116 7 125 6 739 1
117 9 133 15 1291 1
118 17 133 15 1291 1
119 25 133 15 1291 1
120 33 133 15 1291 1
121 23 141 22 3593 1
122 45 141 22 3593 1
123 67 141 22 3593 1
124 19 133 26 2014 1
125 3 141 7 1385 1
126 13 126 15 963 1
127 5 122 15 2155 1
128 9 122 15 2155 1
129 8 139 13 1413 1
130 15 139 13 1413 1
131 22 139 13 1413 1
132 19 139 14 2010 1
133 37 139 14 2010 1
134 55 139 14 2010 1
135 10 122 7 1136 1
136 19 122 7 1136 1
137 16 122 10 1819 1
138 31 122 10 1819 1
139 17 138 24 1819 1
140 33 138 24 1819 1
141 49 138 24 1819 1
142 65 138 24 1819 1
143 81 138 24 1819 1
144 97 138 24 1819 1
145 3 110 19 1848 1
146 12 125 16 2808 1
147 23 125 16 2808 1
148 5 122 10 740 1
149 9 122 10 740 1
150 3 132 10 1852 1
151 5 132 10 1852 1
152 14 139 5 480 1
153 27 139 5 480 1
154 40 139 5 480 1
155 53 139 5 480 1
156 66 139 5 480 1
157 21 138 35 6966 1
158 9 139 6 1242 1
159 17 139 6 1242 1
160 3 127 11 1277 1
161 5 127 11 1277 1
162 7 127 11 1277 1
163 9 127 11 1277 1
164 11 127 11 1277 1
165 13 127 11 1277 1
166 15 127 11 1277 1
167 11 118 13 1861 1
168 21 118 13 1861 1
169 14 110 11 1320 1
170 11 126 10 959 1
171 6 138 10 889 1
172 11 138 10 889 1
173 16 138 10 889 1
174 15 138 28 3773 1
175 29 138 28 3773 1
176 43 138 28 3773 1
177 3 139 10 1186 1
178 5 139 10 1186 1
179 7 139 10 1186 1
180 9 139 10 1186 1
181 11 139 10 1186 1
182 13 139 10 1186 1
183 15 139 10 1186 1
184 17 139 10 1186 1
185 19 139 10 1186 1
186 21 139 10 1186 1
187 3 133 14 1867 1
188 15 140 8 830 1
189 29 140 8 830 1
190 43 140 8 830 1
191 21 132 9 1397 1
192 10 122 9 657 1
193 2 139 26 5142 1
194 3 139 26 5142 1
195 4 139 26 5142 1
196 5 139 26 5142 1
197 10 125 13 1089 1
198 19 125 13 1089 1
199 28 125 13 1089 1
200 37 125 13 1089 1
201 10 110 5 302 1
202 19 110 5 302 1
203 28 110 5 302 1
204 37 110 5 302 1
205 46 110 5 302 1
206 55 110 5 302 1
207 11 141 23 2534 1
208 21 141 23 2534 1
209 31 141 23 2534 1
210 41 141 23 2534 1
211 3 110 17 1897 1
212 5 110 17 1897 1
213 3 133 20 1910 1
214 3 133 22 1527 1
215 10 127 14 2632 1
216 19 127 14 2632 1
217 4 121 14 975 1
218 7 121 14 975 1
219 13 127 17 3070 1
220 49 141 6 1242 1
221 20 129 6 820 1
222 39 129 6 820 1
223 58 129 6 820 1
224 77 129 6 820 1
225 96 129 6 820 1
226 3 137 26 4993 1
227 3 126 17 2102 1
228 7 127 12 896 1
229 13 127 12 896 1
230 19 127 12 896 1
231 8 137 14 2142 1
232 15 122 9 1275 1
233 10 134 11 752 1
234 19 134 11 752 1
235 28 134 11 752 1
236 37 134 11 752 1
237 46 134 11 752 1
238 55 134 11 752 1
239 64 134 11 752 1
240 73 134 11 752 1
241 82 134 11 752 1
242 91 134 11 752 1
243 100 134 11 752 1
244 109 134 11 752 1
245 12 122 7 764 1
246 10 125 17 2883 1
247 6 140 12 1400 1
248 11 140 12 1400 1
249 16 140 12 1400 1
250 21 140 12 1400 1
251 26 140 12 1400 1
252 31 140 12 1400 1
253 6 134 22 1599 1
254 11 134 22 1599 1
255 16 134 22 1599 1
256 21 134 22 1599 1
257 26 134 22 1599 1
258 4 132 27 2816 1
259 81 134 9 725 1
260 5 137 18 2290 1
261 9 137 18 2290 1
262 13 137 18 2290 1
263 13 122 11 1453 1
264 25 122 11 1453 1
265 11 129 14 2694 1
266 21 129 14 2694 1
267 18 140 13 2288 1
268 35 140 13 2288 1
269 3 126 25 3251 1
270 5 132 16 1611 1
271 9 132 16 1611 1
272 20 139 33 3964 1
273 39 139 33 3964 1
274 58 139 33 3964 1
275 77 139 33 3964 1
276 10 133 18 2293 1
277 19 133 18 2293 1
278 10 118 18 2083 1
279 19 118 18 2083 1
280 28 118 18 2083 1
281 37 118 18 2083 1
282 10 118 3 246 1
283 19 118 3 246 1
284 28 118 3 246 1
285 37 118 3 246 1
286 4 118 14 2440 1
287 7 118 14 2440 1
288 15 132 19 3384 1
289 29 132 19 3384 1
290 43 132 19 3384 1
291 57 132 19 3384 1
292 4 134 10 829 1
293 7 134 10 829 1
294 3 137 8 1415 1
295 5 137 8 1415 1
296 5 126 11 785 1
297 9 126 11 785 1
298 13 126 11 785 1
299 17 126 11 785 1
300 21 126 11 785 1
301 25 126 11 785 1
302 16 125 5 606 1
303 31 125 5 606 1
304 9 122 10 1749 1
305 17 122 10 1749 1
306 25 122 10 1749 1
307 15 137 35 4729 1
308 29 137 35 4729 1
309 43 137 35 4729 1
310 57 137 35 4729 1
311 15 129 15 1417 1
312 29 129 15 1417 1
313 43 129 15 1417 1
314 57 129 15 1417 1
315 71 129 15 1417 1
316 85 129 15 1417 1
317 99 129 15 1417 1
318 113 129 15 1417 1
319 127 129 15 1417 1
320 141 129 15 1417 1
321 13 133 39 4954 1
322 25 133 39 4954 1
323 37 133 39 4954 1
324 49 133 39 4954 1
325 61 133 39 4954 1
326 73 133 39 4954 1
327 4 137 16 2279 1
328 7 137 16 2279 1
329 10 137 16 2279 1
330 19 139 14 2631 1
331 37 139 14 2631 1
332 4 132 10 763 1
333 6 127 8 879 1
334 5 139 9 940 1
335 36 141 10 1232 1
336 10 126 3 436 1
337 10 134 20 2891 1
338 5 140 15 1519 1
339 9 140 15 1519 1
340 5 133 12 1671 1
341 19 129 27 3298 1
342 3 137 47 9624 1
343 5 137 47 9624 1
344 8 133 16 2828 1
345 10 132 15 2763 1
346 19 132 15 2763 1
347 5 110 7 487 1
348 9 110 7 487 1
349 4 133 19 2855 1
350 15 140 22 1725 1
351 4 133 23 3312 1
352 3 110 20 2200 1
353 9 132 11 1457 1
354 17 132 11 1457 1
355 25 132 11 1457 1
356 15 122 8 1066 1
357 29 122 8 1066 1
358 43 122 8 1066 1
359 57 122 8 1066 1
360 71 122 8 1066 1
361 85 122 8 1066 1
362 99 122 8 1066 1
363 11 126 21 3786 1
364 9 121 23 2762 1
365 22 139 17 1601 1
366 43 139 17 1601 1
367 64 139 17 1601 1
368 2 129 10 785 1
369 61 110 12 989 1
370 12 127 19 1413 1
371 23 127 19 1413 1
372 34 127 19 1413 1
373 45 127 19 1413 1
374 19 132 15 1400 1
375 37 132 15 1400 1
376 55 132 15 1400 1
377 73 132 15 1400 1
378 91 132 15 1400 1
379 11 141 24 3533 1
380 21 141 24 3533 1
381 12 122 11 1072 1
382 23 122 11 1072 1
383 34 122 11 1072 1
384 45 122 11 1072 1
385 16 133 29 5637 1
386 31 133 29 5637 1
387 46 133 29 5637 1
388 61 133 29 5637 1
389 4 127 28 2977 1
390 7 127 28 2977 1
391 4 110 12 1056 1
392 7 110 12 1056 1
393 21 118 12 1936 1
394 41 118 12 1936 1
395 61 118 12 1936 1
396 81 118 12 1936 1
397 101 118 12 1936 1
398 121 118 12 1936 1
399 141 118 12 1936 1
400 161 118 12 1936 1
401 181 118 12 1936 1
402 201 118 12 1936 1
403 221 118 12 1936 1
404 7 122 19 1163 1
405 76 141 8 1156 1
406 13 138 4 607 1
407 25 138 4 607 1
408 37 138 4 607 1
409 49 138 4 607 1
410 61 138 4 607 1
411 73 138 4 607 1
412 85 138 4 607 1
413 4 138 10 1021 1
414 7 138 10 1021 1
415 10 138 10 1021 1
416 13 138 10 1021 1
417 16 138 10 1021 1
418 11 127 23 1865 1
419 21 127 23 1865 1
420 4 137 28 2300 1
421 11 132 21 2051 1
422 4 140 18 2074 1
423 7 140 18 2074 1
424 10 140 18 2074 1
425 4 134 19 2404 1
426 13 118 5 818 1
427 16 121 18 2405 1
428 31 121 18 2405 1
429 33 125 51 4327 1
430 4 129 9 1349 1
431 19 139 20 2810 1
432 4 138 31 4744 1
433 7 138 31 4744 1
434 7 139 7 820 1
435 13 126 17 2962 1
436 25 126 17 2962 1
437 37 126 17 2962 1
438 49 126 17 2962 1
439 2 139 16 2032 1
440 6 134 17 3229 1
441 35 110 13 1633 1
442 13 140 18 3588 1
443 25 140 18 3588 1
444 37 140 18 3588 1
445 49 140 18 3588 1
446 61 140 18 3588 1
447 73 140 18 3588 1
448 85 140 18 3588 1
449 97 140 18 3588 1
450 109 140 18 3588 1
451 4 139 17 1596 1
452 1 125 23 2816 1
453 1 125 23 2816 1
454 1 125 23 2816 1
455 1 125 23 2816 1
456 1 125 23 2816 1
457 1 125 23 2816 1
458 1 125 23 2816 1
459 1 125 23 2816 1
460 1 125 23 2816 1
461 1 125 23 2816 1
462 1 125 23 2816 1
463 13 118 6 637 1
464 25 118 6 637 1
465 37 118 6 637 1
466 49 118 6 637 1
467 12 138 22 2130 1
468 23 138 22 2130 1
469 34 138 22 2130 1
470 9 122 14 2217 1
471 3 141 12 2448 1
472 9 121 32 5493 1
473 17 121 32 5493 1
474 25 121 32 5493 1
475 33 121 32 5493 1
476 41 121 32 5493 1
477 16 137 7 811 1
478 31 137 7 811 1
479 46 137 7 811 1
480 14 140 11 1863 1
481 27 140 11 1863 1
482 40 140 11 1863 1
483 3 118 10 915 1
484 3 132 17 3032 1
485 11 134 5 912 1
486 21 134 5 912 1
487 21 126 28 4147 1
488 5 129 11 1328 1
489 14 122 10 1689 1
490 27 122 10 1689 1
491 40 122 10 1689 1
492 53 122 10 1689 1
493 20 126 9 981 1
494 39 126 9 981 1
495 58 126 9 981 1
496 77 126 9 981 1
497 4 110 64 9879 1
498 8 126 17 2529 1
499 15 126 17 2529 1
500 22 126 17 2529 1
501 29 126 17 2529 1
502 36 126 17 2529 1
503 43 126 17 2529 1
504 50 126 17 2529 1
505 4 122 23 4137 1
506 3 121 20 2712 1
507 9 118 17 1696 1
508 7 121 16 2448 1
509 13 121 16 2448 1
510 19 121 16 2448 1
511 25 121 16 2448 1
512 31 121 16 2448 1
513 37 121 16 2448 1
514 43 121 16 2448 1
515 49 121 16 2448 1
516 55 121 16 2448 1
517 61 121 16 2448 1
518 67 121 16 2448 1
519 73 121 16 2448 1
520 79 121 16 2448 1
521 85 121 16 2448 1
522 91 121 16 2448 1
523 97 121 16 2448 1
524 103 121 16 2448 1
525 109 121 16 2448 1
526 10 134 17 2402 1
527 19 134 17 2402 1
528 28 134 17 2402 1
529 37 134 17 2402 1
530 12 132 13 1806 1
531 23 132 13 1806 1
532 34 132 13 1806 1
533 45 132 13 1806 1
534 56 132 13 1806 1
535 67 132 13 1806 1
536 78 132 13 1806 1
537 89 132 13 1806 1
538 14 134 23 3006 1
539 7 133 6 991 1
540 13 133 6 991 1
541 19 133 6 991 1
542 13 134 21 2154 1
543 25 134 21 2154 1
544 5 118 17 2500 1
545 9 118 17 2500 1
546 13 118 17 2500 1
547 4 127 15 2247 1
548 12 126 105 16467 1
549 23 126 105 16467 1
550 14 127 19 2243 1
551 27 127 19 2243 1
552 40 127 19 2243 1
553 53 127 19 2243 1
554 66 127 19 2243 1
555 79 127 19 2243 1
556 92 127 19 2243 1
557 4 137 16 2798 1
558 13 134 17 2647 1
559 25 134 17 2647 1
560 14 139 7 762 1
561 27 139 7 762 1
562 40 139 7 762 1
563 53 139 7 762 1
564 66 139 7 762 1
565 79 139 7 762 1
566 10 140 6 512 1
567 19 140 6 512 1
568 28 140 6 512 1
569 37 140 6 512 1
570 72 132 10 1115 1
571 4 121 8 758 1
572 15 129 11 1966 1
573 29 129 11 1966 1
574 16 139 8 566 1
575 31 139 8 566 1
576 15 126 12 1605 1
577 29 126 12 1605 1
578 12 132 29 5493 1
579 23 132 29 5493 1
580 34 132 29 5493 1
581 17 141 13 1075 1
582 33 141 13 1075 1
583 4 126 13 1691 1
584 16 121 31 4854 1
585 31 121 31 4854 1
586 46 121 31 4854 1
587 61 121 31 4854 1
588 76 121 31 4854 1
589 91 121 31 4854 1
590 106 121 31 4854 1
591 121 121 31 4854 1
592 26 137 31 4700 1
593 11 121 21 1765 1
594 2 129 13 1374 1
595 3 129 13 1374 1
596 4 138 26 3215 1
597 12 134 13 2040 1
598 23 134 13 2040 1
599 34 134 13 2040 1
600 10 134 9 1292 1
601 19 134 9 1292 1
602 28 134 9 1292 1
603 37 134 9 1292 1
604 46 134 9 1292 1
605 55 134 9 1292 1
606 11 139 8 694 1
607 21 139 8 694 1
608 31 139 8 694 1
609 41 139 8 694 1
610 6 125 10 1331 1
611 11 137 7 939 1
612 21 137 7 939 1
613 31 137 7 939 1
614 11 139 18 3234 1
615 21 139 18 3234 1
616 31 139 18 3234 1
617 41 139 18 3234 1
618 51 139 18 3234 1
619 61 139 18 3234 1
620 71 139 18 3234 1
621 81 139 18 3234 1
622 91 139 18 3234 1
623 101 139 18 3234 1
624 111 139 18 3234 1
625 121 139 18 3234 1
626 131 139 18 3234 1
627 141 139 18 3234 1
628 151 139 18 3234 1
629 161 139 18 3234 1
630 171 139 18 3234 1
631 181 139 18 3234 1
632 191 139 18 3234 1
633 201 139 18 3234 1
634 8 122 14 2417 1
635 15 122 14 2417 1
636 6 127 39 3533 1
637 11 127 39 3533 1
638 16 127 39 3533 1
639 21 127 39 3533 1
640 26 127 39 3533 1
641 31 127 39 3533 1
642 36 127 39 3533 1
643 41 127 39 3533 1
644 10 139 13 1947 1
645 19 139 13 1947 1
646 28 139 13 1947 1
647 37 139 13 1947 1
648 46 139 13 1947 1
649 55 139 13 1947 1
650 64 139 13 1947 1
651 73 139 13 1947 1
652 10 126 8 939 1
653 19 126 8 939 1
654 28 126 8 939 1
655 37 126 8 939 1
656 11 129 11 904 1
657 21 129 11 904 1
658 31 129 11 904 1
659 41 129 11 904 1
660 18 137 17 2785 1
661 35 137 17 2785 1
662 3 121 7 886 1
663 12 166 31 5277 1
664 23 166 31 5277 1
665 34 166 31 5277 1
666 8 151 30 6248 1
667 14 161 11 1768 1
668 11 157 20 1691 1
669 21 157 20 1691 1
670 31 157 20 1691 1
671 19 157 7 1239 1
672 17 149 9 1051 1
673 6 147 11 1939 1
674 8 158 11 1134 1
675 11 166 16 3518 1
676 21 166 16 3518 1
677 31 166 16 3518 1
678 41 166 16 3518 1
679 19 160 12 2795 1
680 4 154 12 1230 1
681 10 165 22 3887 1
682 19 165 22 3887 1
683 28 165 22 3887 1
684 12 157 19 3558 1
685 23 157 19 3558 1
686 34 157 19 3558 1
687 45 157 19 3558 1
688 17 149 24 3485 1
689 33 149 24 3485 1
690 49 149 24 3485 1
691 15 160 14 3084 1
692 6 157 31 3238 1
693 11 157 31 3238 1
694 16 157 31 3238 1
695 15 155 13 1313 1
696 29 155 13 1313 1
697 43 155 13 1313 1
698 57 155 13 1313 1
699 71 155 13 1313 1
700 85 155 13 1313 1
701 99 155 13 1313 1
702 13 157 37 5240 1
703 25 157 37 5240 1
704 37 157 37 5240 1
705 4 147 21 1978 1
706 3 147 15 2519 1
707 10 161 5 840 1
708 4 149 8 1647 1
709 7 149 8 1647 1
710 9 149 12 2408 1
711 17 149 12 2408 1
712 9 155 14 1369 1
713 14 165 14 3342 1
714 3 157 35 6217 1
715 5 157 35 6217 1
716 8 165 15 2807 1
717 7 149 6 931 1
718 8 157 16 3703 1
719 10 158 24 2134 1
720 18 149 12 2387 1
721 2 149 12 1659 1
722 12 165 25 3203 1
723 15 160 8 1262 1
724 13 160 44 7497 1
725 19 160 19 1970 1
726 40 165 11 1273 1
727 10 154 12 1756 1
728 8 165 23 3265 1
729 15 165 23 3265 1
730 12 158 26 4785 1
731 23 158 26 4785 1
732 34 158 26 4785 1
733 45 158 26 4785 1
734 3 149 21 4683 1
735 11 147 19 3327 1
736 21 147 19 3327 1
737 9 151 21 2423 1
738 17 151 21 2423 1
739 10 151 24 5253 1
740 16 147 11 1992 1
741 13 157 8 1221 1
742 25 157 8 1221 1
743 11 154 9 897 1
744 21 154 9 897 1
745 15 151 10 973 1
746 29 151 10 973 1
747 43 151 10 973 1
748 57 151 10 973 1
749 10 157 8 1402 1
750 19 157 8 1402 1
751 12 165 9 1633 1
752 23 165 9 1633 1
753 34 165 9 1633 1
754 45 165 9 1633 1
755 14 158 14 3177 1
756 27 158 14 3177 1
757 40 158 14 3177 1
758 53 158 14 3177 1
759 66 158 14 3177 1
760 79 158 14 3177 1
761 15 147 19 1486 1
762 29 147 19 1486 1
763 43 147 19 1486 1
764 14 165 39 5670 1
765 27 165 39 5670 1
766 15 166 28 4751 1
767 29 166 28 4751 1
768 4 155 7 928 1
769 6 154 13 1807 1
770 5 160 20 3719 1
771 12 147 21 2740 1
772 23 147 21 2740 1
773 3 149 8 1409 1
774 9 155 11 1753 1
775 17 155 11 1753 1
776 14 155 17 3338 1
777 27 155 17 3338 1
778 40 155 17 3338 1
779 53 155 17 3338 1
780 66 155 17 3338 1
781 79 155 17 3338 1
782 92 155 17 3338 1
783 15 151 11 2028 1
784 29 151 11 2028 1
785 43 151 11 2028 1
786 11 157 30 2617 1
787 2 157 21 2293 1
788 3 154 6 1092 1
789 11 161 45 6960 1
790 21 161 45 6960 1
791 31 161 45 6960 1
792 10 165 17 2422 1
793 12 166 11 1822 1
794 4 154 12 2113 1
795 14 161 23 3057 1
796 10 160 6 1378 1
797 14 149 20 2639 1
798 27 149 20 2639 1
799 13 151 23 4389 1
800 13 154 26 3851 1
801 14 166 33 4435 1
802 27 166 33 4435 1
803 40 166 33 4435 1
804 53 166 33 4435 1
805 66 166 33 4435 1
806 79 166 33 4435 1
807 92 166 33 4435 1
808 4 160 35 7969 1
809 16 147 17 3181 1
810 31 147 17 3181 1
811 10 151 71 15650 1
812 8 147 21 4259 1
813 13 165 18 3897 1
814 9 151 12 1298 1
815 14 157 20 2508 1
816 4 147 38 7681 1
817 15 157 21 3337 1
818 29 157 21 3337 1
819 14 195 24 3595 1
820 27 195 24 3595 1
821 44 175 11 1314 1
822 16 194 38 7306 1
823 15 197 68 19158 1
824 22 178 11 2447 1
825 16 168 42 8428 1
826 17 197 23 4940 1
827 45 194 8 2251 1
828 16 197 18 2822 1
829 31 197 18 2822 1
830 46 197 18 2822 1
831 16 183 15 2346 1
832 41 184 9 1393 1
833 16 185 12 2687 1
834 11 178 10 2017 1
835 14 190 9 877 1
836 11 168 24 4960 1
837 15 195 37 8688 1
838 12 198 9 1860 1
839 4 178 18 4438 1
840 9 169 26 6006 1
841 13 188 21 2807 1
842 16 190 17 3074 1
843 33 185 42 10829 1
844 10 198 16 1698 1
845 16 169 9 1373 1
846 3 195 17 4610 1
847 25 198 16 3679 1
848 23 194 17 1791 1
849 11 178 9 1806 1
850 16 194 25 7269 1
851 30 195 79 15485 1
852 59 195 79 15485 1
853 22 198 18 3714 1
854 10 190 31 3788 1
855 20 169 16 2328 1
856 16 185 66 6109 1
857 15 183 18 1717 1
858 29 183 18 1717 1
859 23 168 8 1935 1
860 38 175 40 4092 1
861 14 188 24 2740 1
862 22 183 9 1692 1
863 10 185 27 6444 1
864 19 185 27 6444 1
865 23 195 18 3951 1
866 22 183 12 1321 1
867 16 183 17 1960 1
868 22 190 40 10585 1
869 3 169 21 3433 1
870 16 185 24 2275 1
871 31 185 24 2275 1
872 46 185 24 2275 1
873 21 190 42 4129 1
874 34 197 16 4618 1
875 4 169 17 3830 1
876 14 169 14 2960 1
877 24 183 16 1925 1
878 35 195 12 2615 1
879 69 195 12 2615 1
880 4 185 12 2856 1
881 11 195 21 3205 1
882 23 169 42 8747 1
883 9 195 19 3901 1
884 16 194 23 4644 1
885 15 178 16 2156 1
886 29 197 28 3833 1
887 57 197 28 3833 1
888 37 195 17 3079 1
889 48 183 17 3987 1
890 16 185 44 5667 1
891 17 197 47 5381 1
892 33 197 47 5381 1
893 23 170 7 812 1
894 3 198 13 1340 1
895 12 183 31 7735 1
896 16 183 9 1600 1
897 23 175 14 1718 1
898 45 175 14 1718 1
899 10 195 9 2439 1
900 10 183 7 1740 1
901 15 190 12 2058 1
902 23 194 11 2498 1
903 3 178 10 1828 1
904 5 178 10 1828 1
905 22 188 26 7093 1
906 11 178 7 1825 1
907 42 178 24 4231 1
908 4 195 16 4557 1
909 7 195 16 4557 1
910 16 194 12 1792 1
911 15 195 16 2884 1
912 29 195 16 2884 1
913 43 195 16 2884 1
914 107 195 8 1983 1
915 13 175 38 8059 1
916 115 211 10 1348 1
917 44 211 32 8665 1
918 87 211 32 8665 1
919 130 211 32 8665 1
920 173 211 32 8665 1
921 216 211 32 8665 1
922 259 211 32 8665 1
923 302 211 32 8665 1
924 345 211 32 8665 1
925 42 221 22 4080 1
926 83 221 22 4080 1
927 124 221 22 4080 1
928 165 221 22 4080 1
929 206 221 22 4080 1
930 39 222 16 2880 1
931 77 222 16 2880 1
932 115 222 16 2880 1
933 153 222 16 2880 1
934 191 222 16 2880 1
935 229 222 16 2880 1
936 67 211 6 927 1
937 133 211 6 927 1
938 42 204 17 2459 1
939 83 204 17 2459 1
940 124 204 17 2459 1
941 165 204 17 2459 1
942 42 221 20 4639 1
943 38 207 25 5574 1
944 75 207 25 5574 1
945 112 207 25 5574 1
946 149 207 25 5574 1
947 186 207 25 5574 1
948 36 208 22 2521 1
949 71 208 22 2521 1
950 106 208 22 2521 1
951 141 208 22 2521 1
952 176 208 22 2521 1
953 211 208 22 2521 1
954 246 208 22 2521 1
955 281 208 22 2521 1
956 316 208 22 2521 1
957 351 208 22 2521 1
958 386 208 22 2521 1
959 421 208 22 2521 1
960 456 208 22 2521 1
961 491 208 22 2521 1
962 526 208 22 2521 1
963 561 208 22 2521 1
964 596 208 22 2521 1
965 631 208 22 2521 1
966 666 208 22 2521 1
967 49 221 29 8108 1
968 46 207 10 1559 1
969 35 211 23 3973 1
970 69 211 23 3973 1
971 103 211 23 3973 1
972 50 210 15 4185 1
973 99 210 15 4185 1
974 148 210 15 4185 1
975 197 210 15 4185 1
976 246 210 15 4185 1
977 295 210 15 4185 1
978 344 210 15 4185 1
979 393 210 15 4185 1
980 442 210 15 4185 1
981 491 210 15 4185 1
982 36 239 25 7549 1
983 61 230 11 2066 1
984 37 230 17 5832 1
985 36 228 13 2318 1
986 71 228 13 2318 1
987 54 230 22 5582 1
988 55 228 15 2518 1
989 40 225 20 3865 1
990 37 239 14 2998 1
991 41 230 10 3264 1
992 27 239 16 4850 1
993 53 239 16 4850 1
994 37 228 23 3986 1
995 37 230 13 2795 1
996 56 228 26 5294 1
997 57 239 39 10947 1
998 113 239 39 10947 1
999 56 230 27 5110 1
1000 36 239 23 7026 1
1001 58 239 32 7707 1
1002 100 225 22 3045 1
1003 36 228 13 3988 1
1004 71 228 13 3988 1
1005 56 228 17 3504 1
1006 111 228 17 3504 1
1007 38 225 18 5360 1
1008 36 225 21 5143 1
1009 52 230 16 4000 1
1010 37 225 16 1931 1
1011 34 225 23 3663 1
1012 111 225 14 3700 1
1013 38 225 27 5162 1
1014 36 228 14 2378 1
1015 36 225 18 3749 1
1016 55 225 18 4873 1
1017 58 275 28 9976 1
1018 115 275 28 9976 1
1019 37 258 18 6426 1
1020 59 259 41 12045 1
1021 117 259 41 12045 1
1022 175 259 41 12045 1
1023 93 258 27 7451 1
1024 185 258 27 7451 1
1025 37 255 5 1882 1
1026 37 276 20 6601 1
1027 66 255 27 3704 1
1028 58 262 27 9932 1
1029 115 262 27 9932 1
1030 172 262 27 9932 1
1031 229 262 27 9932 1
1032 286 262 27 9932 1
1033 92 293 24 8093 1
1034 183 293 24 8093 1
1035 106 282 19 4347 1
1036 118 293 23 5899 1
35
400 400 400 400 500 500 600 600 600 600 600 600 600 400 400 400 400 400 230 315 600 450 450 400 400 400 665 725 645 500 500 305 400 400 390 