1036
1 5 99 10 843 1
2 4 101 29 2772 1
3 7 101 29 2772 1
4 10 101 29 2772 1
5 14 101 31 4562 1
6 27 101 31 4562 1
7 40 101 31 4562 1
8 15 99 10 937 1
9 29 99 10 937 1
10 43 99 10 937 1
11 19 101 9 565 1
12 14 101 11 1592 1
13 27 101 11 1592 1
14 20 101 18 1268 1
15 3 99 23 3064 1
16 3 101 22 3299 1
17 4 99 20 1193 1
18 7 99 20 1193 1
19 20 101 11 1359 1
20 39 101 11 1359 1
21 58 101 11 1359 1
22 77 101 11 1359 1
23 96 101 11 1359 1
24 3 101 7 846 1
25 6 101 7 758 1
26 7 101 17 1571 1
27 3 101 6 801 1
28 14 99 29 1726 1
29 4 99 33 3334 1
30 7 101 13 734 1
31 7 99 18 2018 1
32 4 99 20 2086 1
33 7 99 20 2086 1
34 5 99 27 1407 1
35 4 101 12 801 1
36 20 99 18 1999 1
37 4 101 55 4073 1
38 7 99 8 874 1
39 22 101 15 936 1
40 8 138 53 9768 1
41 15 138 53 9768 1
42 22 138 53 9768 1
43 29 138 53 9768 1
44 36 138 53 9768 1
45 12 126 6 919 1
46 23 126 6 919 1
47 34 126 6 919 1
48 12 139 13 2410 1
49 23 139 13 2410 1
50 34 139 13 2410 1
51 45 139 13 2410 1
52 56 139 13 2410 1
53 4 126 11 981 1
54 11 118 7 1117 1
55 21 118 7 1117 1
56 58 129 31 5951 1
57 9 134 17 2871 1
58 17 134 17 2871 1
59 8 132 17 1595 1
60 14 132 16 2536 1
61 27 132 16 2536 1
62 40 132 16 2536 1
63 2 133 21 3437 1
64 19 134 24 3876 1
65 37 134 24 3876 1
66 55 134 24 3876 1
67 73 134 24 3876 1
68 91 134 24 3876 1
69 109 134 24 3876 1
70 127 134 24 3876 1
71 145 134 24 3876 1
72 163 134 24 3876 1
73 181 134 24 3876 1
74 4 137 13 2167 1
75 3 138 44 8360 1
76 4 141 14 2016 1
77 7 141 14 2016 1
78 4 121 39 3051 1
79 7 121 39 3051 1
80 9 125 8 626 1
81 17 125 8 626 1
82 25 125 8 626 1
83 33 125 8 626 1
84 41 125 8 626 1
85 9 139 19 2771 1
86 17 139 19 2771 1
87 25 139 19 2771 1
88 33 139 19 2771 1
89 41 139 19 2771 1
90 10 137 15 3074 1
91 13 122 7 631 1
92 25 122 7 631 1
93 37 122 7 631 1
94 49 122 7 631 1
95 21 140 12 1473 1
96 41 140 12 1473 1
97 61 140 12 1473 1
98 15 127 17 1981 1
99 9 139 24 4901 1
100 16 110 31 3398 1
101 31 110 31 3398 1
102 46 110 31 3398 1
103 61 110 31 3398 1
104 76 110 31 3398 1
105 12 125 7 941 1
106 5 137 15 2831 1
107 9 137 15 2831 1
108 11 121 7 1251 1
109 21 121 7 1251 1
110 31 121 7 1251 1
111 41 121 7 1251 1
112 51 121 7 1251 1
113 11 137 21 1860 1
114 21 137 21 1860 1
115 31 137 21 1860 1
116 41 137 21 1860 1
117 51 137 21 1860 1
118 61 137 21 1860 1
119 71 137 21 1860 1
120 81 137 21 1860 1
121 91 137 21 1860 1
122 13 138 8 1147 1
123 25 138 8 1147 1
124 6 140 14 1757 1
125 13 129 14 2473 1
126 25 129 14 2473 1
127 37 129 14 2473 1
128 3 126 9 722 1
129 1 125 10 828 1
130 1 125 10 828 1
131 1 125 10 828 1
132 1 125 10 828 1
133 1 125 10 828 1
134 15 134 12 1707 1
135 29 134 12 1707 1
136 43 134 12 1707 1
137 57 134 12 1707 1
138 71 134 12 1707 1
139 85 134 12 1707 1
140 99 134 12 1707 1
141 113 134 12 1707 1
142 127 134 12 1707 1
143 141 134 12 1707 1
144 155 134 12 1707 1
145 169 134 12 1707 1
146 183 134 12 1707 1
147 49 125 42 7444 1
148 12 139 16 1494 1
149 23 139 16 1494 1
150 5 139 15 1049 1
151 9 139 15 1049 1
152 13 139 15 1049 1
153 17 139 15 1049 1
154 21 139 15 1049 1
155 25 139 15 1049 1
156 29 139 15 1049 1
157 5 134 17 3137 1
158 3 137 5 582 1
159 5 137 5 582 1
160 7 137 5 582 1
161 9 137 5 582 1
162 11 137 5 582 1
163 13 137 5 582 1
164 15 137 5 582 1
165 17 137 5 582 1
166 12 138 11 1502 1
167 23 138 11 1502 1
168 34 138 11 1502 1
169 3 134 53 6975 1
170 11 138 32 5335 1
171 21 138 32 5335 1
172 31 138 32 5335 1
173 41 138 32 5335 1
174 3 125 7 512 1
175 15 140 10 1957 1
176 14 125 20 2269 1
177 27 125 20 2269 1
178 40 125 20 2269 1
179 15 126 18 2723 1
180 29 126 18 2723 1
181 43 126 18 2723 1
182 57 126 18 2723 1
183 71 126 18 2723 1
184 6 125 13 1440 1
185 11 125 13 1440 1
186 16 125 13 1440 1
187 4 121 22 3036 1
188 7 121 22 3036 1
189 10 121 22 3036 1
190 12 137 8 1557 1
191 10 125 45 6290 1
192 19 125 45 6290 1
193 4 132 26 2350 1
194 7 132 26 2350 1
195 5 126 26 4056 1
196 14 140 20 2765 1
197 13 137 7 523 1
198 25 137 7 523 1
199 4 140 9 1277 1
200 3 134 20 3173 1
201 5 132 15 1044 1
202 9 132 15 1044 1
203 9 129 12 2205 1
204 17 129 12 2205 1
205 25 129 12 2205 1
206 33 129 12 2205 1
207 4 118 8 1105 1
208 4 125 22 1854 1
209 7 125 22 1854 1
210 10 125 22 1854 1
211 4 110 8 1107 1
212 7 140 8 923 1
213 13 140 8 923 1
214 4 133 9 950 1
215 33 110 5 583 1
216 6 139 4 695 1
217 5 110 33 3601 1
218 5 139 15 1110 1
219 9 139 15 1110 1
220 13 139 15 1110 1
221 3 110 11 901 1
222 7 126 17 2278 1
223 10 126 16 2365 1
224 19 126 16 2365 1
225 4 121 9 792 1
226 18 132 11 1096 1
227 8 127 13 1506 1
228 15 127 13 1506 1
229 22 127 13 1506 1
230 14 141 25 4819 1
231 8 129 28 2862 1
232 15 129 28 2862 1
233 15 122 10 1088 1
234 29 122 10 1088 1
235 43 122 10 1088 1
236 22 140 6 585 1
237 8 129 26 2028 1
238 4 127 12 1294 1
239 14 118 17 2139 1
240 27 118 17 2139 1
241 40 118 17 2139 1
242 53 118 17 2139 1
243 4 110 10 622 1
244 11 133 5 389 1
245 21 133 5 389 1
246 31 133 5 389 1
247 41 133 5 389 1
248 4 110 11 622 1
249 4 129 28 5262 1
250 4 122 11 1326 1
251 7 122 11 1326 1
252 3 139 40 5866 1
253 9 110 13 727 1
254 17 110 13 727 1
255 25 110 13 727 1
256 33 110 13 727 1
257 41 110 13 727 1
258 49 110 13 727 1
259 57 110 13 727 1
260 65 110 13 727 1
261 73 110 13 727 1
262 81 110 13 727 1
263 89 110 13 727 1
264 97 110 13 727 1
265 10 140 8 1588 1
266 42 118 11 976 1
267 4 127 23 2043 1
268 17 140 12 1710 1
269 33 140 12 1710 1
270 49 140 12 1710 1
271 65 140 12 1710 1
272 81 140 12 1710 1
273 9 134 19 3417 1
274 6 133 6 1052 1
275 11 133 6 1052 1
276 3 132 9 860 1
277 16 110 6 437 1
278 31 110 6 437 1
279 46 110 6 437 1
280 61 110 6 437 1
281 76 110 6 437 1
282 17 132 18 1876 1
283 14 129 27 2454 1
284 27 129 27 2454 1
285 8 118 12 1710 1
286 15 118 12 1710 1
287 22 118 12 1710 1
288 29 118 12 1710 1
289 4 127 39 7125 1
290 7 127 39 7125 1
291 10 127 39 7125 1
292 13 127 39 7125 1
293 16 127 39 7125 1
294 19 127 39 7125 1
295 22 127 39 7125 1
296 25 127 39 7125 1
297 15 126 24 2790 1
298 14 137 10 1355 1
299 27 137 10 1355 1
300 40 137 10 1355 1
301 53 137 10 1355 1
302 66 137 10 1355 1
303 14 134 11 922 1
304 27 134 11 922 1
305 4 140 18 1399 1
306 10 139 22 1539 1
307 6 140 8 948 1
308 10 132 32 4482 1
309 19 132 32 4482 1
310 16 137 45 5605 1
311 31 137 45 5605 1
312 46 137 45 5605 1
313 61 137 45 5605 1
314 12 127 16 2943 1
315 23 127 16 2943 1
316 34 127 16 2943 1
317 9 118 11 1169 1
318 17 118 11 1169 1
319 25 118 11 1169 1
320 33 118 11 1169 1
321 41 118 11 1169 1
322 49 118 11 1169 1
323 57 118 11 1169 1
324 65 118 11 1169 1
325 73 118 11 1169 1
326 1 129 27 2558 1
327 4 126 17 2859 1
328 9 140 9 867 1
329 4 141 20 3019 1
330 4 125 41 3984 1
331 7 125 41 3984 1
332 12 127 5 619 1
333 23 127 5 619 1
334 36 122 17 1933 1
335 17 140 30 6182 1
336 33 140 30 6182 1
337 25 140 12 1128 1
338 49 140 12 1128 1
339 73 140 12 1128 1
340 97 140 12 1128 1
341 121 140 12 1128 1
342 3 129 6 1078 1
343 5 129 6 1078 1
344 7 129 6 1078 1
345 4 134 16 3191 1
346 12 127 22 3930 1
347 23 127 22 3930 1
348 34 127 22 3930 1
349 45 127 22 3930 1
350 56 127 22 3930 1
351 67 127 22 3930 1
352 2 127 8 1331 1
353 3 127 8 1331 1
354 4 127 8 1331 1
355 5 127 8 1331 1
356 6 127 8 1331 1
357 7 127 8 1331 1
358 8 127 8 1331 1
359 9 127 8 1331 1
360 10 127 8 1331 1
361 11 127 8 1331 1
362 12 127 8 1331 1
363 13 127 8 1331 1
364 14 127 8 1331 1
365 15 127 8 1331 1
366 16 127 8 1331 1
367 17 127 8 1331 1
368 18 127 8 1331 1
369 19 127 8 1331 1
370 20 127 8 1331 1
371 21 127 8 1331 1
372 22 127 8 1331 1
373 23 127 8 1331 1
374 24 127 8 1331 1
375 15 110 16 2033 1
376 29 110 16 2033 1
377 4 133 10 829 1
378 17 122 16 2185 1
379 33 122 16 2185 1
380 8 118 19 2113 1
381 15 118 19 2113 1
382 22 118 19 2113 1
383 29 118 19 2113 1
384 9 133 4 611 1
385 3 137 34 6911 1
386 5 137 34 6911 1
387 7 137 34 6911 1
388 9 137 34 6911 1
389 11 129 15 2453 1
390 21 129 15 2453 1
391 31 129 15 2453 1
392 41 129 15 2453 1
393 51 129 15 2453 1
394 61 129 15 2453 1
395 71 129 15 2453 1
396 81 129 15 2453 1
397 91 129 15 2453 1
398 101 129 15 2453 1
399 111 129 15 2453 1
400 121 129 15 2453 1
401 131 129 15 2453 1
402 6 141 10 1394 1
403 11 141 10 1394 1
404 16 141 10 1394 1
405 4 139 9 936 1
406 11 132 29 4389 1
407 21 132 29 4389 1
408 20 129 16 2309 1
409 39 129 16 2309 1
410 58 129 16 2309 1
411 12 139 8 1194 1
412 23 139 8 1194 1
413 34 139 8 1194 1
414 45 139 8 1194 1
415 56 139 8 1194 1
416 67 139 8 1194 1
417 3 129 7 1034 1
418 5 129 7 1034 1
419 22 125 20 2746 1
420 43 125 20 2746 1
421 64 125 20 2746 1
422 85 125 20 2746 1
423 17 127 15 1811 1
424 33 127 15 1811 1
425 49 127 15 1811 1
426 65 127 15 1811 1
427 10 138 19 1728 1
428 9 125 18 2694 1
429 17 125 18 2694 1
430 25 125 18 2694 1
431 12 110 11 1082 1
432 15 110 12 1825 1
433 29 110 12 1825 1
434 8 118 21 3154 1
435 15 118 21 3154 1
436 22 118 21 3154 1
437 29 118 21 3154 1
438 36 118 21 3154 1
439 43 118 21 3154 1
440 85 127 20 2841 1
441 5 141 5 563 1
442 9 141 5 563 1
443 13 141 5 563 1
444 17 141 5 563 1
445 4 138 31 4047 1
446 16 133 7 752 1
447 4 125 11 691 1
448 8 133 23 2018 1
449 15 133 23 2018 1
450 22 133 23 2018 1
451 29 133 23 2018 1
452 36 133 23 2018 1
453 43 133 23 2018 1
454 50 133 23 2018 1
455 57 133 23 2018 1
456 17 141 15 2803 1
457 9 126 13 1479 1
458 17 126 13 1479 1
459 25 126 13 1479 1
460 33 126 13 1479 1
461 41 126 13 1479 1
462 49 126 13 1479 1
463 57 126 13 1479 1
464 65 126 13 1479 1
465 17 139 15 2089 1
466 33 139 15 2089 1
467 49 139 15 2089 1
468 65 139 15 2089 1
469 81 139 15 2089 1
470 97 139 15 2089 1
471 11 110 12 1543 1
472 9 125 11 867 1
473 17 125 11 867 1
474 25 125 11 867 1
475 33 125 11 867 1
476 41 125 11 867 1
477 49 125 11 867 1
478 57 125 11 867 1
479 65 125 11 867 1
480 73 125 11 867 1
481 81 125 11 867 1
482 89 125 11 867 1
483 97 125 11 867 1
484 11 127 9 635 1
485 4 129 9 918 1
486 7 129 9 918 1
487 11 141 30 5844 1
488 21 141 30 5844 1
489 31 141 30 5844 1
490 41 141 30 5844 1
491 51 141 30 5844 1
492 5 137 18 3408 1
493 9 137 18 3408 1
494 13 137 18 3408 1
495 17 137 18 3408 1
496 21 137 18 3408 1
497 25 137 18 3408 1
498 29 137 18 3408 1
499 11 139 12 1799 1
500 21 139 12 1799 1
501 31 139 12 1799 1
502 12 132 11 2106 1
503 23 132 11 2106 1
504 8 140 15 2381 1
505 15 140 15 2381 1
506 22 140 15 2381 1
507 29 140 15 2381 1
508 36 140 15 2381 1
509 43 140 15 2381 1
510 14 127 8 633 1
511 27 127 8 633 1
512 40 127 8 633 1
513 53 127 8 633 1
514 66 127 8 633 1
515 12 140 18 1617 1
516 23 140 18 1617 1
517 5 132 18 2439 1
518 9 132 18 2439 1
519 13 132 18 2439 1
520 9 138 46 5203 1
521 17 138 46 5203 1
522 5 141 29 5147 1
523 9 141 29 5147 1
524 13 141 29 5147 1
525 17 141 29 5147 1
526 11 133 9 1755 1
527 21 133 9 1755 1
528 4 126 8 597 1
529 11 133 27 2004 1
530 21 133 27 2004 1
531 31 133 27 2004 1
532 41 133 27 2004 1
533 51 133 27 2004 1
534 61 133 27 2004 1
535 4 127 16 2075 1
536 6 118 19 2889 1
537 11 118 19 2889 1
538 19 110 20 1265 1
539 37 110 20 1265 1
540 3 140 8 909 1
541 18 126 6 617 1
542 2 126 7 877 1
543 46 126 9 888 1
544 13 127 14 2317 1
545 8 138 20 1974 1
546 13 122 30 4479 1
547 25 122 30 4479 1
548 9 138 24 3464 1
549 16 132 24 3886 1
550 7 125 20 2864 1
551 17 121 6 618 1
552 33 121 6 618 1
553 49 121 6 618 1
554 65 121 6 618 1
555 7 121 20 2857 1
556 16 110 21 1940 1
557 31 110 21 1940 1
558 46 110 21 1940 1
559 61 110 21 1940 1
560 11 122 6 593 1
561 21 122 6 593 1
562 14 118 17 2434 1
563 27 118 17 2434 1
564 8 118 11 1521 1
565 15 118 11 1521 1
566 22 118 11 1521 1
567 29 118 11 1521 1
568 4 110 9 687 1
569 7 110 9 687 1
570 10 110 9 687 1
571 15 133 5 496 1
572 29 133 5 496 1
573 43 133 5 496 1
574 57 133 5 496 1
575 71 133 5 496 1
576 85 133 5 496 1
577 99 133 5 496 1
578 113 133 5 496 1
579 11 132 16 1807 1
580 8 139 20 1820 1
581 15 139 20 1820 1
582 22 139 20 1820 1
583 29 139 20 1820 1
584 36 139 20 1820 1
585 43 139 20 1820 1
586 50 139 20 1820 1
587 11 129 50 8661 1
588 21 129 50 8661 1
589 31 129 50 8661 1
590 41 129 50 8661 1
591 51 129 50 8661 1
592 61 129 50 8661 1
593 71 129 50 8661 1
594 81 129 50 8661 1
595 4 125 43 4053 1
596 3 133 4 268 1
597 4 127 8 1450 1
598 9 127 18 2169 1
599 17 127 18 2169 1
600 25 127 18 2169 1
601 33 127 18 2169 1
602 41 127 18 2169 1
603 3 139 8 1256 1
604 3 141 21 1666 1
605 9 118 10 1232 1
606 17 118 10 1232 1
607 25 118 10 1232 1
608 33 118 10 1232 1
609 41 118 10 1232 1
610 19 141 12 2184 1
611 37 141 12 2184 1
612 55 141 12 2184 1
613 73 141 12 2184 1
614 91 141 12 2184 1
615 8 132 14 2506 1
616 15 132 14 2506 1
617 22 132 14 2506 1
618 29 132 14 2506 1
619 57 133 9 1791 1
620 7 133 54 7865 1
621 4 126 28 3078 1
622 12 118 13 1378 1
623 23 118 13 1378 1
624 34 118 13 1378 1
625 3 126 23 4182 1
626 5 126 23 4182 1
627 7 126 23 4182 1
628 9 126 23 4182 1
629 3 139 10 744 1
630 8 127 29 2817 1
631 15 127 29 2817 1
632 22 127 29 2817 1
633 29 127 29 2817 1
634 11 121 10 812 1
635 3 126 11 2059 1
636 6 140 10 1076 1
637 11 140 10 1076 1
638 16 140 10 1076 1
639 21 140 10 1076 1
640 26 140 10 1076 1
641 31 140 10 1076 1
642 13 127 23 2183 1
643 25 127 23 2183 1
644 37 127 23 2183 1
645 4 137 13 1608 1
646 4 133 13 2138 1
647 16 138 11 1316 1
648 31 138 11 1316 1
649 46 138 11 1316 1
650 61 138 11 1316 1
651 76 138 11 1316 1
652 4 141 9 768 1
653 7 141 9 768 1
654 10 141 9 768 1
655 17 118 17 2054 1
656 4 126 11 1902 1
657 7 126 11 1902 1
658 91 110 5 347 1
659 4 121 27 4048 1
660 7 121 27 4048 1
661 7 125 20 1984 1
662 13 125 20 1984 1
663 9 158 24 4222 1
664 9 165 30 3308 1
665 5 157 13 1127 1
666 3 161 27 4152 1
667 8 166 19 3206 1
668 15 166 19 3206 1
669 22 166 19 3206 1
670 4 155 12 1427 1
671 12 147 9 1085 1
672 10 157 26 3127 1
673 14 147 24 4789 1
674 10 151 12 2086 1
675 19 151 12 2086 1
676 12 154 14 2964 1
677 11 158 12 1551 1
678 21 158 12 1551 1
679 14 154 16 1263 1
680 27 154 16 1263 1
681 40 154 16 1263 1
682 2 147 20 4278 1
683 9 158 15 2361 1
684 8 151 15 1829 1
685 4 160 29 6174 1
686 8 151 13 2724 1
687 15 151 13 2724 1
688 4 158 114 26705 1
689 8 149 21 3040 1
690 10 165 6 739 1
691 19 165 6 739 1
692 28 165 6 739 1
693 37 165 6 739 1
694 46 165 6 739 1
695 55 165 6 739 1
696 64 165 6 739 1
697 73 165 6 739 1
698 14 161 15 2035 1
699 27 161 15 2035 1
700 40 161 15 2035 1
701 53 161 15 2035 1
702 66 161 15 2035 1
703 79 161 15 2035 1
704 10 165 19 4694 1
705 11 154 10 1621 1
706 21 154 10 1621 1
707 31 154 10 1621 1
708 41 154 10 1621 1
709 51 154 10 1621 1
710 61 154 10 1621 1
711 71 154 10 1621 1
712 81 154 10 1621 1
713 12 149 28 2721 1
714 22 160 24 4037 1
715 10 151 14 1702 1
716 20 155 53 7575 1
717 14 160 11 2596 1
718 24 160 10 2329 1
719 8 154 29 6150 1
720 15 154 29 6150 1
721 9 161 15 3275 1
722 3 149 7 1273 1
723 8 160 13 1891 1
724 8 157 32 6715 1
725 15 157 32 6715 1
726 22 157 32 6715 1
727 29 157 32 6715 1
728 24 154 7 1569 1
729 24 149 24 3463 1
730 17 165 29 4316 1
731 33 165 29 4316 1
732 3 166 7 1095 1
733 5 166 7 1095 1
734 9 157 16 3046 1
735 8 160 45 5446 1
736 15 160 45 5446 1
737 11 157 13 2531 1
738 21 157 13 2531 1
739 15 149 11 1828 1
740 29 149 11 1828 1
741 43 149 11 1828 1
742 57 149 11 1828 1
743 13 154 23 3727 1
744 25 154 23 3727 1
745 37 154 23 3727 1
746 49 154 23 3727 1
747 4 151 34 6257 1
748 9 160 10 1563 1
749 8 155 36 6375 1
750 8 166 17 4064 1
751 15 166 17 4064 1
752 22 166 17 4064 1
753 12 161 10 1718 1
754 23 161 10 1718 1
755 10 165 21 2132 1
756 10 161 13 1793 1
757 27 165 16 2598 1
758 5 149 12 1672 1
759 11 147 32 6626 1
760 9 147 11 1623 1
761 3 149 18 1763 1
762 14 160 11 1347 1
763 27 160 11 1347 1
764 40 160 11 1347 1
765 53 160 11 1347 1
766 66 160 11 1347 1
767 12 165 10 856 1
768 23 165 10 856 1
769 34 165 10 856 1
770 45 165 10 856 1
771 56 165 10 856 1
772 67 165 10 856 1
773 12 155 12 2662 1
774 23 155 12 2662 1
775 11 160 23 3380 1
776 10 151 28 4809 1
777 15 158 6 940 1
778 29 158 6 940 1
779 43 158 6 940 1
780 1 160 17 3262 1
781 11 149 18 1413 1
782 21 149 18 1413 1
783 9 151 8 1735 1
784 17 151 8 1735 1
785 25 151 8 1735 1
786 9 161 42 6020 1
787 17 161 42 6020 1
788 25 161 42 6020 1
789 33 161 42 6020 1
790 41 161 42 6020 1
791 2 151 9 1155 1
792 25 151 13 2772 1
793 3 147 8 1107 1
794 2 160 18 2196 1
795 11 155 27 5309 1
796 7 158 8 815 1
797 9 149 10 867 1
798 17 149 10 867 1
799 5 157 17 1628 1
800 9 157 17 1628 1
801 3 165 7 1642 1
802 9 166 10 2315 1
803 13 151 9 1263 1
804 27 155 7 1444 1
805 11 147 16 2600 1
806 21 147 16 2600 1
807 31 147 16 2600 1
808 10 161 15 2449 1
809 19 161 15 2449 1
810 28 161 15 2449 1
811 37 161 15 2449 1
812 46 161 15 2449 1
813 55 161 15 2449 1
814 64 161 15 2449 1
815 3 147 9 1663 1
816 14 160 9 2111 1
817 10 165 26 3836 1
818 7 161 22 3476 1
819 3 195 22 2715 1
820 13 197 8 1030 1
821 14 185 29 6279 1
822 3 170 13 2175 1
823 9 170 9 1438 1
824 16 175 30 5472 1
825 16 198 19 5333 1
826 31 198 19 5333 1
827 16 194 26 4116 1
828 31 194 26 4116 1
829 32 170 10 1033 1
830 13 195 60 15551 1
831 13 178 11 1763 1
832 25 178 11 1763 1
833 16 197 39 3865 1
834 11 190 14 2031 1
835 42 168 7 1370 1
836 11 195 6 1488 1
837 24 190 45 4837 1
838 22 188 21 4157 1
839 13 183 15 1583 1
840 14 194 13 2236 1
841 3 175 11 2131 1
842 3 197 12 3094 1
843 39 168 8 1875 1
844 16 190 12 1654 1
845 31 190 12 1654 1
846 14 178 23 2255 1
847 13 168 34 5007 1
848 3 185 29 6500 1
849 3 198 27 3211 1
850 21 184 46 6167 1
851 36 169 10 1849 1
852 14 197 44 6195 1
853 22 184 27 5793 1
854 15 194 16 2338 1
855 14 197 18 4004 1
856 4 185 19 3492 1
857 16 175 19 3430 1
858 31 175 19 3430 1
859 24 184 9 944 1
860 15 178 11 981 1
861 39 194 17 4453 1
862 22 168 18 3481 1
863 14 185 27 3082 1
864 14 190 20 3291 1
865 16 198 11 1114 1
866 21 175 19 3051 1
867 15 184 15 2366 1
868 14 188 13 2047 1
869 14 188 21 2293 1
870 3 185 11 1394 1
871 3 194 14 1638 1
872 16 178 30 5351 1
873 31 178 30 5351 1
874 37 178 15 2502 1
875 170 197 18 3276 1
876 3 168 10 1775 1
877 22 194 45 12173 1
878 3 188 17 2087 1
879 14 183 20 4505 1
880 13 170 12 2682 1
881 15 178 20 3591 1
882 13 188 12 1288 1
883 11 175 20 3444 1
884 3 198 29 5088 1
885 23 168 15 2225 1
886 22 190 28 6191 1
887 13 169 15 1412 1
888 15 169 13 2501 1
889 22 188 9 1704 1
890 42 184 24 5929 1
891 34 169 21 2056 1
892 37 183 44 5920 1
893 20 168 10 1855 1
894 5 195 28 5166 1
895 15 183 29 7168 1
896 29 183 29 7168 1
897 43 183 29 7168 1
898 44 195 25 6821 1
899 16 170 11 2457 1
900 13 194 17 4836 1
901 15 184 9 1747 1
902 15 169 18 3678 1
903 29 169 18 3678 1
904 43 169 18 3678 1
905 57 169 18 3678 1
906 3 183 13 1584 1
907 16 190 15 1919 1
908 31 190 15 1919 1
909 40 178 14 1834 1
910 15 195 12 1928 1
911 29 195 12 1928 1
912 43 195 12 1928 1
913 2 198 38 4220 1
914 4 185 19 2814 1
915 16 184 78 14653 1
916 34 211 12 3767 1
917 67 211 12 3767 1
918 100 211 12 3767 1
919 133 211 12 3767 1
920 48 210 11 1751 1
921 95 210 11 1751 1
922 142 210 11 1751 1
923 189 210 11 1751 1
924 89 208 23 4602 1
925 40 222 31 7873 1
926 79 222 31 7873 1
927 118 222 31 7873 1
928 157 222 31 7873 1
929 196 222 31 7873 1
930 235 222 31 7873 1
931 41 207 22 6122 1
932 40 207 20 5204 1
933 79 207 20 5204 1
934 118 207 20 5204 1
935 157 207 20 5204 1
936 196 207 20 5204 1
937 34 222 16 4448 1
938 67 222 16 4448 1
939 100 222 16 4448 1
940 133 222 16 4448 1
941 42 212 12 3699 1
942 83 212 12 3699 1
943 124 212 12 3699 1
944 165 212 12 3699 1
945 206 212 12 3699 1
946 90 204 21 5063 1
947 79 204 13 2004 1
948 41 207 2 494 1
949 81 207 2 494 1
950 121 207 2 494 1
951 161 207 2 494 1
952 201 207 2 494 1
953 241 207 2 494 1
954 281 207 2 494 1
955 321 207 2 494 1
956 361 207 2 494 1
957 36 222 18 2642 1
958 28 222 24 3685 1
959 55 222 24 3685 1
960 82 222 24 3685 1
961 148 204 12 1720 1
962 168 208 12 2608 1
963 32 204 19 2327 1
964 63 204 19 2327 1
965 153 207 18 4262 1
966 38 212 10 2019 1
967 75 212 10 2019 1
968 42 207 15 3768 1
969 47 222 19 6175 1
970 93 222 19 6175 1
971 139 222 19 6175 1
972 185 222 19 6175 1
973 39 208 19 5328 1
974 77 208 19 5328 1
975 115 208 19 5328 1
976 153 208 19 5328 1
977 191 208 19 5328 1
978 229 208 19 5328 1
979 267 208 19 5328 1
980 305 208 19 5328 1
981 343 208 19 5328 1
982 54 228 18 4368 1
983 32 230 19 3560 1
984 63 230 19 3560 1
985 37 225 14 3486 1
986 37 230 21 6941 1
987 73 230 21 6941 1
988 37 225 11 3625 1
989 38 239 27 7623 1
990 39 230 44 5622 1
991 54 239 15 4891 1
992 95 239 18 3953 1
993 189 239 18 3953 1
994 36 239 18 3361 1
995 71 239 18 3361 1
996 60 228 20 4434 1
997 39 239 21 7101 1
998 37 228 14 2350 1
999 73 228 14 2350 1
1000 109 228 14 2350 1
1001 145 228 14 2350 1
1002 181 228 14 2350 1
1003 36 239 20 5795 1
1004 104 239 25 8222 1
1005 58 230 13 1746 1
1006 100 225 17 2429 1
1007 46 239 24 3162 1
1008 36 230 17 4290 1
1009 38 225 26 8413 1
1010 37 239 17 5944 1
1011 73 239 17 5944 1
1012 55 230 23 6760 1
1013 38 228 17 2693 1
1014 34 228 16 4247 1
1015 55 239 29 3817 1
1016 109 239 29 3817 1
1017 37 266 42 5873 1
1018 73 266 42 5873 1
1019 94 293 18 6758 1
1020 92 255 28 6916 1
1021 183 255 28 6916 1
1022 36 277 23 3842 1
1023 92 303 24 5676 1
1024 93 265 24 4748 1
1025 94 275 13 4980 1
1026 49 278 24 4187 1
1027 97 278 24 4187 1
1028 58 282 30 6841 1
1029 115 282 30 6841 1
1030 107 267 41 11261 1
1031 213 267 41 11261 1
1032 58 258 19 6122 1
1033 94 305 45 14109 1
1034 36 262 21 4718 1
1035 57 275 11 2064 1
1036 57 268 16 3536 1
35
400 400 400 400 500 500 600 600 600 600 600 600 600 400 400 400 400 400 230 315 600 450 450 400 400 400 665 725 645 500 500 305 400 400 390 