1036
1 16 101 8 1072 1
2 4 99 12 925 1
3 6 101 34 3200 1
4 7 101 23 2196 1
5 4 99 8 990 1
6 14 101 7 494 1
7 6 99 14 1043 1
8 8 99 8 573 1
9 5 101 43 6284 1
10 15 101 32 1984 1
11 7 99 20 1293 1
12 7 101 31 1812 1
13 7 101 22 1720 1
14 4 101 6 611 1
15 7 101 6 611 1
16 10 99 20 1086 1
17 3 99 31 2112 1
18 5 99 24 2588 1
19 9 99 24 2588 1
20 9 99 20 1185 1
21 11 101 10 948 1
22 3 101 28 2865 1
23 4 101 21 2420 1
24 7 101 21 2420 1
25 408 101 8 487 1
26 7 99 10 928 1
27 5 101 7 610 1
28 4 101 18 930 1
29 4 101 6 666 1
30 5 99 22 2364 1
31 9 99 22 2364 1
32 4 101 13 1722 1
33 7 101 13 1722 1
34 6 99 13 878 1
35 19 101 30 3213 1
36 6 101 14 1733 1
37 3 101 23 1746 1
38 6 99 16 2317 1
39 11 99 16 2317 1
40 4 126 11 1509 1
41 7 126 11 1509 1
42 8 134 10 815 1
43 15 134 10 815 1
44 22 134 10 815 1
45 14 122 20 2464 1
46 69 134 16 1547 1
47 4 126 10 1641 1
48 7 126 10 1641 1
49 11 141 36 2819 1
50 21 141 36 2819 1
51 13 134 22 2839 1
52 9 125 16 1121 1
53 8 122 17 1509 1
54 40 127 6 635 1
55 2 121 8 1140 1
56 14 137 10 1529 1
57 27 137 10 1529 1
58 4 129 11 1884 1
59 7 129 11 1884 1
60 10 129 11 1884 1
61 13 129 11 1884 1
62 16 129 11 1884 1
63 19 129 11 1884 1
64 22 129 11 1884 1
65 6 122 26 1987 1
66 3 125 8 647 1
67 4 137 9 757 1
68 7 137 9 757 1
69 4 122 7 1073 1
70 16 141 7 1240 1
71 8 118 13 1115 1
72 15 118 13 1115 1
73 22 118 13 1115 1
74 29 118 13 1115 1
75 14 125 13 1603 1
76 27 125 13 1603 1
77 3 122 17 2377 1
78 5 122 17 2377 1
79 6 127 15 1566 1
80 11 127 15 1566 1
81 3 141 37 3926 1
82 2 118 8 845 1
83 3 118 8 845 1
84 4 118 8 845 1
85 5 118 8 845 1
86 6 118 8 845 1
87 4 134 7 821 1
88 7 134 7 821 1
89 10 134 7 821 1
90 13 134 7 821 1
91 16 134 7 821 1
92 19 134 7 821 1
93 9 137 4 527 1
94 9 118 13 2042 1
95 12 110 15 1593 1
96 14 127 13 1046 1
97 27 127 13 1046 1
98 40 127 13 1046 1
99 53 127 13 1046 1
100 19 140 37 4863 1
101 9 127 16 2015 1
102 17 127 16 2015 1
103 25 127 16 2015 1
104 11 121 15 2152 1
105 15 126 9 1295 1
106 29 126 9 1295 1
107 43 126 9 1295 1
108 57 126 9 1295 1
109 8 127 12 1174 1
110 15 127 12 1174 1
111 22 127 12 1174 1
112 29 127 12 1174 1
113 36 127 12 1174 1
114 4 129 12 1976 1
115 38 139 42 6908 1
116 17 138 9 827 1
117 33 138 9 827 1
118 49 138 9 827 1
119 65 138 9 827 1
120 81 138 9 827 1
121 97 138 9 827 1
122 113 138 9 827 1
123 129 138 9 827 1
124 145 138 9 827 1
125 48 118 31 3136 1
126 16 133 7 884 1
127 31 133 7 884 1
128 46 133 7 884 1
129 61 133 7 884 1
130 76 133 7 884 1
131 91 133 7 884 1
132 106 133 7 884 1
133 121 133 7 884 1
134 136 133 7 884 1
135 2 122 6 483 1
136 3 122 6 483 1
137 13 127 19 1684 1
138 25 127 19 1684 1
139 37 127 19 1684 1
140 49 127 19 1684 1
141 61 127 19 1684 1
142 73 127 19 1684 1
143 11 141 20 1592 1
144 21 141 20 1592 1
145 31 141 20 1592 1
146 18 132 15 1990 1
147 35 132 15 1990 1
148 52 132 15 1990 1
149 14 134 28 4797 1
150 27 134 28 4797 1
151 40 134 28 4797 1
152 9 122 13 1996 1
153 17 122 13 1996 1
154 7 118 15 1778 1
155 6 125 8 1306 1
156 21 133 12 2092 1
157 11 140 17 1640 1
158 21 140 17 1640 1
159 31 140 17 1640 1
160 41 140 17 1640 1
161 51 140 17 1640 1
162 61 140 17 1640 1
163 71 140 17 1640 1
164 81 140 17 1640 1
165 52 134 16 2387 1
166 16 139 9 1165 1
167 31 139 9 1165 1
168 46 139 9 1165 1
169 61 139 9 1165 1
170 76 139 9 1165 1
171 91 139 9 1165 1
172 106 139 9 1165 1
173 121 139 9 1165 1
174 136 139 9 1165 1
175 151 139 9 1165 1
176 166 139 9 1165 1
177 181 139 9 1165 1
178 15 125 17 1782 1
179 29 125 17 1782 1
180 3 110 10 947 1
181 9 126 42 4434 1
182 17 126 42 4434 1
183 25 126 42 4434 1
184 7 139 3 518 1
185 5 129 20 3299 1
186 9 129 20 3299 1
187 13 129 20 3299 1
188 17 129 20 3299 1
189 21 129 20 3299 1
190 25 129 20 3299 1
191 29 129 20 3299 1
192 33 129 20 3299 1
193 37 129 20 3299 1
194 13 139 13 1643 1
195 25 139 13 1643 1
196 37 139 13 1643 1
197 64 121 7 866 1
198 10 126 10 1368 1
199 19 126 10 1368 1
200 10 133 32 4606 1
201 19 133 32 4606 1
202 28 133 32 4606 1
203 2 122 13 1631 1
204 5 122 10 908 1
205 4 122 9 1509 1
206 4 125 23 4250 1
207 17 134 14 1202 1
208 33 134 14 1202 1
209 49 134 14 1202 1
210 65 134 14 1202 1
211 81 134 14 1202 1
212 4 110 25 3123 1
213 8 127 3 534 1
214 15 127 3 534 1
215 3 122 29 5084 1
216 5 122 29 5084 1
217 10 122 31 5052 1
218 19 122 31 5052 1
219 3 121 10 1163 1
220 16 133 10 1104 1
221 31 133 10 1104 1
222 46 133 10 1104 1
223 61 133 10 1104 1
224 76 133 10 1104 1
225 91 133 10 1104 1
226 106 133 10 1104 1
227 121 133 10 1104 1
228 15 110 11 1327 1
229 29 110 11 1327 1
230 8 139 8 1084 1
231 4 121 15 1687 1
232 7 121 15 1687 1
233 10 121 15 1687 1
234 11 139 9 819 1
235 2 137 25 2600 1
236 3 137 25 2600 1
237 4 137 25 2600 1
238 5 137 25 2600 1
239 30 137 30 2659 1
240 59 137 30 2659 1
241 3 126 15 2355 1
242 19 122 15 1774 1
243 19 118 11 836 1
244 14 138 19 1947 1
245 27 138 19 1947 1
246 40 138 19 1947 1
247 53 138 19 1947 1
248 66 138 19 1947 1
249 79 138 19 1947 1
250 92 138 19 1947 1
251 105 138 19 1947 1
252 118 138 19 1947 1
253 12 122 21 3191 1
254 23 122 21 3191 1
255 10 133 9 814 1
256 20 122 14 2430 1
257 15 129 22 2635 1
258 29 129 22 2635 1
259 48 129 8 599 1
260 10 129 9 768 1
261 3 110 12 1012 1
262 5 138 10 695 1
263 6 139 24 4384 1
264 11 139 24 4384 1
265 16 139 24 4384 1
266 21 139 24 4384 1
267 6 140 71 5430 1
268 11 140 71 5430 1
269 16 140 71 5430 1
270 21 140 71 5430 1
271 26 140 71 5430 1
272 31 140 71 5430 1
273 36 140 71 5430 1
274 41 140 71 5430 1
275 46 140 71 5430 1
276 11 138 7 1319 1
277 21 138 7 1319 1
278 31 138 7 1319 1
279 41 138 7 1319 1
280 51 138 7 1319 1
281 3 118 19 2436 1
282 14 139 12 1600 1
283 27 139 12 1600 1
284 17 141 18 1507 1
285 9 110 33 4683 1
286 17 110 33 4683 1
287 9 141 12 1330 1
288 17 141 12 1330 1
289 25 141 12 1330 1
290 14 127 15 1669 1
291 27 127 15 1669 1
292 11 132 10 1454 1
293 21 132 10 1454 1
294 31 132 10 1454 1
295 41 132 10 1454 1
296 51 132 10 1454 1
297 61 132 10 1454 1
298 4 127 32 4740 1
299 7 139 35 4689 1
300 13 139 35 4689 1
301 4 137 24 3047 1
302 8 122 14 1073 1
303 8 129 29 5108 1
304 19 132 9 1569 1
305 3 138 28 2581 1
306 4 134 37 6699 1
307 11 126 22 3456 1
308 21 126 22 3456 1
309 31 126 22 3456 1
310 41 126 22 3456 1
311 51 126 22 3456 1
312 61 126 22 3456 1
313 71 126 22 3456 1
314 11 125 12 1702 1
315 21 125 12 1702 1
316 31 125 12 1702 1
317 41 125 12 1702 1
318 51 125 12 1702 1
319 61 125 12 1702 1
320 6 139 19 3758 1
321 11 139 19 3758 1
322 16 139 19 3758 1
323 21 139 19 3758 1
324 5 140 25 4343 1
325 9 140 25 4343 1
326 3 138 14 1926 1
327 4 132 35 5746 1
328 12 139 26 4475 1
329 23 139 26 4475 1
330 12 126 11 1919 1
331 5 129 11 1701 1
332 13 110 13 1710 1
333 25 110 13 1710 1
334 37 110 13 1710 1
335 49 110 13 1710 1
336 61 110 13 1710 1
337 9 132 10 967 1
338 17 132 10 967 1
339 4 118 10 1718 1
340 4 139 27 2233 1
341 20 129 14 2192 1
342 7 137 15 2476 1
343 13 137 15 2476 1
344 19 137 15 2476 1
345 25 137 15 2476 1
346 11 133 12 1448 1
347 20 139 8 1613 1
348 39 139 8 1613 1
349 58 139 8 1613 1
350 9 118 21 2134 1
351 11 125 16 1701 1
352 21 125 16 1701 1
353 14 122 9 741 1
354 15 137 11 772 1
355 2 137 12 1977 1
356 4 125 12 1957 1
357 4 127 19 3289 1
358 7 137 15 2360 1
359 15 110 21 1443 1
360 29 110 21 1443 1
361 8 129 6 1076 1
362 15 129 6 1076 1
363 22 129 6 1076 1
364 29 129 6 1076 1
365 36 129 6 1076 1
366 43 129 6 1076 1
367 50 129 6 1076 1
368 18 134 5 448 1
369 35 134 5 448 1
370 9 141 28 2172 1
371 17 141 28 2172 1
372 25 141 28 2172 1
373 33 141 28 2172 1
374 4 122 26 2394 1
375 7 122 26 2394 1
376 10 122 26 2394 1
377 13 122 26 2394 1
378 16 122 26 2394 1
379 19 122 26 2394 1
380 22 122 26 2394 1
381 25 122 26 2394 1
382 28 122 26 2394 1
383 31 122 26 2394 1
384 6 110 16 2190 1
385 4 140 5 839 1
386 9 118 7 969 1
387 17 118 7 969 1
388 25 118 7 969 1
389 33 118 7 969 1
390 41 118 7 969 1
391 49 118 7 969 1
392 57 118 7 969 1
393 9 137 14 2860 1
394 17 137 14 2860 1
395 25 137 14 2860 1
396 33 137 14 2860 1
397 41 137 14 2860 1
398 49 137 14 2860 1
399 57 137 14 2860 1
400 65 137 14 2860 1
401 73 137 14 2860 1
402 81 137 14 2860 1
403 89 137 14 2860 1
404 97 137 14 2860 1
405 105 137 14 2860 1
406 113 137 14 2860 1
407 21 141 21 3556 1
408 10 138 6 1124 1
409 19 138 6 1124 1
410 13 110 9 772 1
411 6 133 27 1806 1
412 2 129 9 1302 1
413 3 129 9 1302 1
414 4 129 9 1302 1
415 5 129 9 1302 1
416 6 129 9 1302 1
417 7 129 9 1302 1
418 8 129 9 1302 1
419 9 129 9 1302 1
420 10 129 9 1302 1
421 14 126 11 1108 1
422 27 126 11 1108 1
423 1 110 12 1554 1
424 1 110 12 1554 1
425 1 110 12 1554 1
426 1 110 12 1554 1
427 1 110 12 1554 1
428 1 110 12 1554 1
429 1 110 12 1554 1
430 1 110 12 1554 1
431 1 110 12 1554 1
432 1 110 12 1554 1
433 1 110 12 1554 1
434 1 110 12 1554 1
435 9 134 11 2152 1
436 17 134 11 2152 1
437 25 134 11 2152 1
438 8 133 14 2742 1
439 15 133 14 2742 1
440 9 138 7 1197 1
441 17 138 7 1197 1
442 25 138 7 1197 1
443 4 138 14 2254 1
444 7 138 14 2254 1
445 10 138 14 2254 1
446 13 138 14 2254 1
447 16 138 14 2254 1
448 38 132 5 421 1
449 13 129 74 9124 1
450 9 134 12 2063 1
451 17 134 12 2063 1
452 11 134 13 2045 1
453 21 134 13 2045 1
454 31 134 13 2045 1
455 41 134 13 2045 1
456 51 134 13 2045 1
457 61 134 13 2045 1
458 71 134 13 2045 1
459 81 134 13 2045 1
460 91 134 13 2045 1
461 101 134 13 2045 1
462 111 134 13 2045 1
463 121 134 13 2045 1
464 131 134 13 2045 1
465 141 134 13 2045 1
466 13 139 15 1768 1
467 9 138 11 1121 1
468 17 138 11 1121 1
469 25 138 11 1121 1
470 33 138 11 1121 1
471 41 138 11 1121 1
472 49 138 11 1121 1
473 57 138 11 1121 1
474 65 138 11 1121 1
475 11 139 17 2525 1
476 21 139 17 2525 1
477 31 139 17 2525 1
478 41 139 17 2525 1
479 51 139 17 2525 1
480 61 139 17 2525 1
481 71 139 17 2525 1
482 81 139 17 2525 1
483 18 139 15 1579 1
484 11 121 5 504 1
485 21 121 5 504 1
486 31 121 5 504 1
487 41 121 5 504 1
488 51 121 5 504 1
489 11 122 28 2581 1
490 21 122 28 2581 1
491 31 122 28 2581 1
492 41 122 28 2581 1
493 7 134 8 1349 1
494 11 127 16 1815 1
495 21 127 16 1815 1
496 8 110 8 967 1
497 15 110 8 967 1
498 22 110 8 967 1
499 14 127 17 1576 1
500 27 127 17 1576 1
501 40 127 17 1576 1
502 53 127 17 1576 1
503 66 127 17 1576 1
504 8 140 16 1877 1
505 9 140 11 2276 1
506 17 140 11 2276 1
507 25 140 11 2276 1
508 33 140 11 2276 1
509 41 140 11 2276 1
510 49 140 11 2276 1
511 57 140 11 2276 1
512 65 140 11 2276 1
513 73 140 11 2276 1
514 5 133 19 2505 1
515 9 133 19 2505 1
516 18 140 60 11440 1
517 35 140 60 11440 1
518 52 140 60 11440 1
519 4 127 19 2078 1
520 3 127 5 711 1
521 4 139 16 3259 1
522 4 138 12 1342 1
523 7 138 12 1342 1
524 6 139 19 3181 1
525 11 139 19 3181 1
526 16 139 19 3181 1
527 21 139 19 3181 1
528 26 139 19 3181 1
529 12 126 9 1315 1
530 23 126 9 1315 1
531 34 126 9 1315 1
532 45 126 9 1315 1
533 53 140 28 4126 1
534 5 132 21 3567 1
535 95 139 21 1491 1
536 9 129 14 2573 1
537 17 129 14 2573 1
538 25 129 14 2573 1
539 33 129 14 2573 1
540 41 129 14 2573 1
541 49 129 14 2573 1
542 57 129 14 2573 1
543 65 129 14 2573 1
544 14 138 14 2151 1
545 27 138 14 2151 1
546 40 138 14 2151 1
547 4 139 12 1216 1
548 7 139 12 1216 1
549 10 139 12 1216 1
550 13 139 12 1216 1
551 16 139 12 1216 1
552 19 139 12 1216 1
553 22 139 12 1216 1
554 25 139 12 1216 1
555 11 138 7 880 1
556 21 138 7 880 1
557 31 138 7 880 1
558 41 138 7 880 1
559 51 138 7 880 1
560 16 132 21 3056 1
561 31 132 21 3056 1
562 46 132 21 3056 1
563 61 132 21 3056 1
564 76 132 21 3056 1
565 91 132 21 3056 1
566 106 132 21 3056 1
567 121 132 21 3056 1
568 136 132 21 3056 1
569 151 132 21 3056 1
570 166 132 21 3056 1
571 9 129 16 1110 1
572 17 129 16 1110 1
573 25 129 16 1110 1
574 33 129 16 1110 1
575 41 129 16 1110 1
576 49 129 16 1110 1
577 57 129 16 1110 1
578 65 129 16 1110 1
579 73 129 16 1110 1
580 81 129 16 1110 1
581 89 129 16 1110 1
582 97 129 16 1110 1
583 105 129 16 1110 1
584 11 137 15 2464 1
585 21 137 15 2464 1
586 31 137 15 2464 1
587 41 137 15 2464 1
588 51 137 15 2464 1
589 11 126 16 1406 1
590 21 126 16 1406 1
591 12 122 4 323 1
592 23 122 4 323 1
593 34 122 4 323 1
594 45 122 4 323 1
595 56 122 4 323 1
596 67 122 4 323 1
597 78 122 4 323 1
598 89 122 4 323 1
599 100 122 4 323 1
600 3 129 6 574 1
601 14 141 15 1237 1
602 13 140 18 1774 1
603 8 133 44 6015 1
604 15 133 44 6015 1
605 9 141 5 430 1
606 12 129 13 2271 1
607 4 138 5 579 1
608 9 141 33 5816 1
609 17 141 33 5816 1
610 11 125 34 4771 1
611 21 125 34 4771 1
612 31 125 34 4771 1
613 41 125 34 4771 1
614 51 125 34 4771 1
615 8 110 10 622 1
616 15 110 10 622 1
617 1 129 19 1849 1
618 1 129 19 1849 1
619 1 129 19 1849 1
620 11 129 18 3382 1
621 21 129 18 3382 1
622 31 129 18 3382 1
623 41 129 18 3382 1
624 51 129 18 3382 1
625 50 139 23 4748 1
626 16 140 26 4005 1
627 31 140 26 4005 1
628 5 125 5 373 1
629 20 134 27 3388 1
630 39 134 27 3388 1
631 58 134 27 3388 1
632 77 134 27 3388 1
633 96 134 27 3388 1
634 115 134 27 3388 1
635 134 134 27 3388 1
636 7 118 9 1041 1
637 13 118 9 1041 1
638 6 121 21 1759 1
639 6 125 9 1544 1
640 11 125 9 1544 1
641 16 125 9 1544 1
642 21 125 9 1544 1
643 26 125 9 1544 1
644 31 125 9 1544 1
645 6 133 12 1626 1
646 4 126 58 7235 1
647 7 126 58 7235 1
648 10 126 58 7235 1
649 13 126 58 7235 1
650 16 126 58 7235 1
651 19 126 58 7235 1
652 22 126 58 7235 1
653 1 137 18 2256 1
654 1 137 18 2256 1
655 1 137 18 2256 1
656 1 137 18 2256 1
657 1 137 18 2256 1
658 1 137 18 2256 1
659 1 137 18 2256 1
660 1 137 18 2256 1
661 22 127 20 2812 1
662 43 127 20 2812 1
663 9 151 25 5368 1
664 17 151 25 5368 1
665 25 151 25 5368 1
666 33 151 25 5368 1
667 14 161 23 4121 1
668 27 161 23 4121 1
669 3 155 31 5893 1
670 9 155 24 2625 1
671 14 165 6 557 1
672 27 165 6 557 1
673 40 165 6 557 1
674 53 165 6 557 1
675 11 149 19 3257 1
676 21 149 19 3257 1
677 31 149 19 3257 1
678 4 154 14 3066 1
679 11 166 24 4983 1
680 21 166 24 4983 1
681 5 166 27 6506 1
682 9 166 27 6506 1
683 13 166 27 6506 1
684 19 149 10 963 1
685 12 147 18 2872 1
686 23 147 18 2872 1
687 34 147 18 2872 1
688 8 165 23 2414 1
689 14 160 9 1135 1
690 27 160 9 1135 1
691 40 160 9 1135 1
692 53 160 9 1135 1
693 66 160 9 1135 1
694 79 160 9 1135 1
695 92 160 9 1135 1
696 105 160 9 1135 1
697 118 160 9 1135 1
698 131 160 9 1135 1
699 144 160 9 1135 1
700 13 155 8 1364 1
701 25 155 8 1364 1
702 37 155 8 1364 1
703 49 155 8 1364 1
704 12 147 38 5424 1
705 13 155 43 6987 1
706 25 155 43 6987 1
707 37 155 43 6987 1
708 49 155 43 6987 1
709 11 157 30 3563 1
710 10 151 16 3228 1
711 8 147 9 873 1
712 8 166 20 1756 1
713 10 147 20 3246 1
714 10 157 18 2351 1
715 9 165 17 3931 1
716 17 165 17 3931 1
717 12 154 22 3183 1
718 4 149 15 1564 1
719 11 158 21 2871 1
720 21 158 21 2871 1
721 31 158 21 2871 1
722 41 158 21 2871 1
723 51 158 21 2871 1
724 16 166 33 5576 1
725 8 151 13 2704 1
726 15 151 13 2704 1
727 22 151 13 2704 1
728 7 165 19 2532 1
729 15 147 9 1056 1
730 29 147 9 1056 1
731 9 154 10 2305 1
732 17 154 10 2305 1
733 16 154 16 1527 1
734 32 160 13 1197 1
735 8 151 16 2550 1
736 10 149 31 5099 1
737 19 149 31 5099 1
738 28 149 31 5099 1
739 4 166 24 2761 1
740 7 166 24 2761 1
741 10 166 24 2761 1
742 10 161 13 2494 1
743 19 161 13 2494 1
744 12 160 17 1562 1
745 8 157 17 1729 1
746 5 154 11 2475 1
747 10 157 13 1720 1
748 8 151 28 5723 1
749 15 151 28 5723 1
750 22 151 28 5723 1
751 10 166 10 1615 1
752 9 166 20 2351 1
753 3 165 8 855 1
754 7 149 12 1716 1
755 9 155 23 2700 1
756 17 155 23 2700 1
757 13 158 11 1704 1
758 10 155 34 2967 1
759 19 155 34 2967 1
760 13 155 32 6453 1
761 25 155 32 6453 1
762 10 166 15 1257 1
763 11 155 20 4519 1
764 10 161 16 3721 1
765 19 161 16 3721 1
766 9 155 14 1153 1
767 17 155 14 1153 1
768 25 155 14 1153 1
769 21 157 10 1351 1
770 12 155 46 9927 1
771 12 161 22 4298 1
772 23 161 22 4298 1
773 8 155 17 3672 1
774 27 154 10 980 1
775 3 157 6 558 1
776 14 149 10 1870 1
777 27 149 10 1870 1
778 12 165 14 3039 1
779 23 165 14 3039 1
780 29 154 34 3805 1
781 10 155 31 3195 1
782 10 154 7 1292 1
783 19 154 7 1292 1
784 28 154 7 1292 1
785 37 154 7 1292 1
786 13 154 13 1108 1
787 25 154 13 1108 1
788 37 154 13 1108 1
789 4 160 22 4937 1
790 14 160 50 11330 1
791 27 160 50 11330 1
792 40 160 50 11330 1
793 12 165 16 3557 1
794 23 165 16 3557 1
795 34 165 16 3557 1
796 45 165 16 3557 1
797 56 165 16 3557 1
798 67 165 16 3557 1
799 14 161 15 1478 1
800 4 158 17 3956 1
801 11 161 16 1471 1
802 7 154 18 2597 1
803 25 154 30 3773 1
804 14 157 27 4886 1
805 27 157 27 4886 1
806 40 157 27 4886 1
807 13 158 8 958 1
808 17 158 18 2233 1
809 33 158 18 2233 1
810 15 149 19 2422 1
811 15 160 10 1997 1
812 29 160 10 1997 1
813 14 166 30 3269 1
814 27 166 30 3269 1
815 14 151 20 2153 1
816 27 151 20 2153 1
817 11 155 22 3648 1
818 21 155 22 3648 1
819 13 168 7 1684 1
820 25 168 7 1684 1
821 37 168 7 1684 1
822 16 190 43 5027 1
823 16 190 20 3937 1
824 43 197 13 2353 1
825 85 197 13 2353 1
826 37 190 8 1310 1
827 73 190 8 1310 1
828 109 190 8 1310 1
829 15 198 31 8096 1
830 15 183 27 3863 1
831 2 175 7 1528 1
832 13 190 25 4072 1
833 13 198 8 2058 1
834 17 168 15 1856 1
835 33 195 14 3633 1
836 15 183 12 2079 1
837 16 197 17 3679 1
838 31 197 17 3679 1
839 3 195 19 4762 1
840 15 178 13 2963 1
841 29 178 13 2963 1
842 13 169 27 6821 1
843 15 169 19 2908 1
844 29 169 19 2908 1
845 10 194 18 3976 1
846 16 195 12 3149 1
847 40 183 20 3277 1
848 10 168 18 3885 1
849 36 170 11 1863 1
850 15 175 12 2151 1
851 3 198 57 10429 1
852 39 168 11 2533 1
853 77 168 11 2533 1
854 16 178 19 1982 1
855 15 170 17 3250 1
856 12 190 12 2714 1
857 12 188 23 5203 1
858 15 168 11 2530 1
859 24 170 18 1549 1
860 11 194 9 2178 1
861 33 169 16 2189 1
862 36 169 22 4073 1
863 9 188 26 5289 1
864 25 188 20 5076 1
865 45 198 11 2714 1
866 12 195 33 6257 1
867 38 175 21 2779 1
868 12 168 10 1596 1
869 32 185 20 3182 1
870 16 168 15 2795 1
871 15 175 18 3595 1
872 29 175 18 3595 1
873 24 169 20 2278 1
874 15 169 16 3914 1
875 3 198 20 5398 1
876 5 198 20 5398 1
877 13 175 57 14690 1
878 16 184 27 3454 1
879 22 183 31 6387 1
880 12 168 11 1258 1
881 23 168 11 1258 1
882 21 188 11 2237 1
883 9 178 22 3886 1
884 12 190 21 3193 1
885 23 170 12 2151 1
886 238 194 14 2729 1
887 25 169 16 1538 1
888 14 184 18 2054 1
889 27 184 18 2054 1
890 12 170 15 2408 1
891 11 194 18 3265 1
892 21 194 18 3265 1
893 31 194 18 3265 1
894 41 194 18 3265 1
895 4 168 37 8055 1
896 15 169 11 2639 1
897 29 169 11 2639 1
898 43 169 11 2639 1
899 57 169 11 2639 1
900 15 184 13 2078 1
901 29 184 13 2078 1
902 36 188 16 2973 1
903 3 170 38 3728 1
904 13 194 20 4140 1
905 21 188 30 3291 1
906 15 198 22 4990 1
907 4 190 13 2893 1
908 14 197 21 2215 1
909 27 197 21 2215 1
910 40 197 21 2215 1
911 23 170 16 2686 1
912 21 197 16 3872 1
913 11 197 8 2301 1
914 154 185 38 4622 1
915 10 190 14 2139 1
916 38 211 15 1603 1
917 40 222 7 1574 1
918 79 222 7 1574 1
919 118 222 7 1574 1
920 157 222 7 1574 1
921 196 222 7 1574 1
922 48 211 24 6763 1
923 37 204 27 3137 1
924 73 204 27 3137 1
925 109 204 27 3137 1
926 145 204 27 3137 1
927 181 204 27 3137 1
928 35 207 23 4896 1
929 69 207 23 4896 1
930 103 207 23 4896 1
931 137 207 23 4896 1
932 171 207 23 4896 1
933 205 207 23 4896 1
934 41 222 21 5248 1
935 81 222 21 5248 1
936 121 222 21 5248 1
937 161 222 21 5248 1
938 201 222 21 5248 1
939 43 208 22 6050 1
940 44 208 25 5747 1
941 87 208 25 5747 1
942 130 208 25 5747 1
943 173 208 25 5747 1
944 216 208 25 5747 1
945 259 208 25 5747 1
946 302 208 25 5747 1
947 345 208 25 5747 1
948 388 208 25 5747 1
949 431 208 25 5747 1
950 474 208 25 5747 1
951 47 222 35 5642 1
952 93 222 35 5642 1
953 139 222 35 5642 1
954 185 222 35 5642 1
955 231 222 35 5642 1
956 277 222 35 5642 1
957 323 222 35 5642 1
958 369 222 35 5642 1
959 415 222 35 5642 1
960 461 222 35 5642 1
961 507 222 35 5642 1
962 553 222 35 5642 1
963 43 208 17 3024 1
964 85 208 17 3024 1
965 127 208 17 3024 1
966 169 208 17 3024 1
967 211 208 17 3024 1
968 253 208 17 3024 1
969 295 208 17 3024 1
970 337 208 17 3024 1
971 379 208 17 3024 1
972 421 208 17 3024 1
973 463 208 17 3024 1
974 49 212 16 2058 1
975 97 212 16 2058 1
976 145 212 16 2058 1
977 193 212 16 2058 1
978 40 210 20 5830 1
979 79 210 20 5830 1
980 118 210 20 5830 1
981 157 210 20 5830 1
982 107 239 23 3330 1
983 213 239 23 3330 1
984 32 230 16 2614 1
985 30 228 16 4008 1
986 107 230 32 7875 1
987 213 230 32 7875 1
988 319 230 32 7875 1
989 42 225 24 6532 1
990 83 225 24 6532 1
991 56 225 23 2615 1
992 99 239 20 2827 1
993 197 239 20 2827 1
994 295 239 20 2827 1
995 36 228 14 3075 1
996 54 228 12 3688 1
997 98 228 28 8961 1
998 36 230 16 3096 1
999 36 225 18 2569 1
1000 36 230 27 8063 1
1001 58 228 17 3581 1
1002 115 228 17 3581 1
1003 110 228 16 5434 1
1004 32 230 17 4589 1
1005 38 230 16 4682 1
1006 35 230 18 4506 1
1007 37 225 16 5332 1
1008 37 230 17 5410 1
1009 107 230 15 2474 1
1010 43 225 19 4153 1
1011 35 225 16 3938 1
1012 69 225 16 3938 1
1013 40 228 32 7074 1
1014 36 225 21 5253 1
1015 36 228 32 7342 1
1016 62 228 18 5395 1
1017 106 294 19 3342 1
1018 57 259 13 4130 1
1019 56 299 31 8217 1
1020 37 277 26 7312 1
1021 139 299 25 6265 1
1022 56 282 25 10062 1
1023 58 278 32 11445 1
1024 115 278 32 11445 1
1025 58 255 22 4696 1
1026 55 274 16 5806 1
1027 56 282 34 12818 1
1028 111 282 34 12818 1
1029 166 282 34 12818 1
1030 106 299 20 6535 1
1031 66 277 11 3191 1
1032 94 268 27 3718 1
1033 58 258 9 1702 1
1034 115 258 9 1702 1
1035 172 258 9 1702 1
1036 229 258 9 1702 1
35
400 400 400 400 500 500 600 600 600 600 600 600 600 400 400 400 400 400 230 315 600 450 450 400 400 400 665 725 645 500 500 305 400 400 390 