1036
1 4 101 17 2243 1
2 18 99 32 2705 1
3 21 99 26 3514 1
4 6 99 13 1163 1
5 3 101 7 397 1
6 5 101 7 397 1
7 7 101 7 397 1
8 268 99 10 1025 1
9 7 101 15 2045 1
10 7 99 16 857 1
11 4 99 46 4303 1
12 4 101 21 1143 1
13 21 101 9 1295 1
14 3 99 22 2814 1
15 5 99 22 2814 1
16 7 99 22 2814 1
17 9 99 22 2814 1
18 2 99 11 789 1
19 17 101 8 861 1
20 16 101 8 495 1
21 21 101 7 619 1
22 3 99 47 5746 1
23 5 99 47 5746 1
24 18 99 7 462 1
25 7 99 7 664 1
26 16 99 11 1057 1
27 27 101 13 1935 1
28 14 101 10 1465 1
29 10 99 5 696 1
30 12 99 16 954 1
31 7 99 6 336 1
32 3 99 8 941 1
33 5 99 8 941 1
34 7 99 8 941 1
35 3 101 7 879 1
36 6 101 16 842 1
37 4 101 47 5988 1
38 3 101 19 1971 1
39 5 101 19 1971 1
40 4 121 14 1444 1
41 12 137 37 4706 1
42 23 137 37 4706 1
43 7 137 12 1162 1
44 13 137 12 1162 1
45 19 137 12 1162 1
46 25 137 12 1162 1
47 31 137 12 1162 1
48 7 132 20 2825 1
49 13 132 20 2825 1
50 5 122 6 508 1
51 9 118 14 902 1
52 15 129 11 837 1
53 29 129 11 837 1
54 43 129 11 837 1
55 57 129 11 837 1
56 71 129 11 837 1
57 9 110 21 2744 1
58 17 110 21 2744 1
59 25 110 21 2744 1
60 33 110 21 2744 1
61 41 110 21 2744 1
62 49 110 21 2744 1
63 57 110 21 2744 1
64 65 110 21 2744 1
65 73 110 21 2744 1
66 81 110 21 2744 1
67 89 110 21 2744 1
68 4 122 46 3272 1
69 17 125 7 1199 1
70 33 125 7 1199 1
71 49 125 7 1199 1
72 65 125 7 1199 1
73 81 125 7 1199 1
74 97 125 7 1199 1
75 19 127 27 3295 1
76 15 126 29 2318 1
77 29 126 29 2318 1
78 17 126 9 1337 1
79 33 126 9 1337 1
80 49 126 9 1337 1
81 65 126 9 1337 1
82 81 126 9 1337 1
83 97 126 9 1337 1
84 113 126 9 1337 1
85 129 126 9 1337 1
86 145 126 9 1337 1
87 161 126 9 1337 1
88 177 126 9 1337 1
89 17 121 12 796 1
90 4 125 15 1032 1
91 11 121 5 610 1
92 21 121 5 610 1
93 31 121 5 610 1
94 41 121 5 610 1
95 51 121 5 610 1
96 61 121 5 610 1
97 71 121 5 610 1
98 81 121 5 610 1
99 15 141 25 4167 1
100 15 110 7 687 1
101 21 133 17 2734 1
102 11 126 24 4108 1
103 21 126 24 4108 1
104 31 126 24 4108 1
105 41 126 24 4108 1
106 13 132 8 662 1
107 4 126 14 897 1
108 7 126 14 897 1
109 10 126 14 897 1
110 4 122 30 4760 1
111 3 134 11 1793 1
112 5 134 11 1793 1
113 5 132 11 1641 1
114 16 141 9 1017 1
115 31 141 9 1017 1
116 101 125 9 605 1
117 12 121 9 761 1
118 9 122 14 1584 1
119 17 122 14 1584 1
120 13 122 11 1179 1
121 25 122 11 1179 1
122 37 122 11 1179 1
123 49 122 11 1179 1
124 61 122 11 1179 1
125 73 122 11 1179 1
126 85 122 11 1179 1
127 97 122 11 1179 1
128 8 141 16 1580 1
129 15 141 16 1580 1
130 20 132 25 3635 1
131 10 118 25 2315 1
132 79 134 6 1160 1
133 11 137 13 1120 1
134 21 137 13 1120 1
135 31 137 13 1120 1
136 14 141 11 1498 1
137 19 133 23 3790 1
138 37 133 23 3790 1
139 55 133 23 3790 1
140 73 133 23 3790 1
141 7 138 9 1479 1
142 13 138 9 1479 1
143 55 125 9 1139 1
144 5 129 14 2657 1
145 3 141 5 524 1
146 5 141 5 524 1
147 10 134 25 4527 1
148 19 134 25 4527 1
149 28 134 25 4527 1
150 37 134 25 4527 1
151 46 134 25 4527 1
152 55 134 25 4527 1
153 11 129 29 3710 1
154 21 129 29 3710 1
155 66 110 32 2756 1
156 3 129 9 1140 1
157 9 118 16 1800 1
158 18 121 18 1487 1
159 35 121 18 1487 1
160 12 125 37 4899 1
161 23 125 37 4899 1
162 5 118 12 816 1
163 12 125 15 2608 1
164 23 125 15 2608 1
165 34 125 15 2608 1
166 45 125 15 2608 1
167 6 133 10 1261 1
168 11 133 10 1261 1
169 16 133 10 1261 1
170 21 133 10 1261 1
171 26 133 10 1261 1
172 3 121 3 494 1
173 17 139 15 2001 1
174 33 139 15 2001 1
175 49 139 15 2001 1
176 65 139 15 2001 1
177 81 139 15 2001 1
178 15 141 21 3232 1
179 29 141 21 3232 1
180 43 141 21 3232 1
181 12 138 9 885 1
182 15 133 16 1404 1
183 29 133 16 1404 1
184 15 132 24 2552 1
185 29 132 24 2552 1
186 43 132 24 2552 1
187 57 132 24 2552 1
188 71 132 24 2552 1
189 6 126 8 1223 1
190 15 141 7 1196 1
191 29 141 7 1196 1
192 43 141 7 1196 1
193 16 139 13 2482 1
194 11 141 17 1424 1
195 21 141 17 1424 1
196 31 141 17 1424 1
197 41 141 17 1424 1
198 51 141 17 1424 1
199 4 139 17 2432 1
200 6 133 13 1552 1
201 10 138 6 890 1
202 19 138 6 890 1
203 28 138 6 890 1
204 21 129 16 1558 1
205 41 129 16 1558 1
206 61 129 16 1558 1
207 81 129 16 1558 1
208 101 129 16 1558 1
209 12 133 21 4061 1
210 19 141 29 5389 1
211 37 141 29 5389 1
212 55 141 29 5389 1
213 13 134 31 5784 1
214 25 134 31 5784 1
215 37 134 31 5784 1
216 49 134 31 5784 1
217 35 133 22 1564 1
218 20 138 9 1152 1
219 39 138 9 1152 1
220 58 138 9 1152 1
221 3 138 16 1948 1
222 13 118 11 1350 1
223 25 118 11 1350 1
224 37 118 11 1350 1
225 49 118 11 1350 1
226 14 132 12 2323 1
227 3 141 23 4706 1
228 12 121 20 1399 1
229 23 121 20 1399 1
230 4 126 5 925 1
231 7 126 5 925 1
232 7 127 13 1179 1
233 13 127 13 1179 1
234 50 129 7 805 1
235 3 129 7 664 1
236 5 129 7 664 1
237 7 129 7 664 1
238 9 129 7 664 1
239 11 129 7 664 1
240 13 129 7 664 1
241 11 140 15 2306 1
242 5 138 17 1415 1
243 10 133 32 3828 1
244 19 133 32 3828 1
245 28 133 32 3828 1
246 37 133 32 3828 1
247 4 138 21 2187 1
248 23 122 19 1803 1
249 45 122 19 1803 1
250 67 122 19 1803 1
251 89 122 19 1803 1
252 111 122 19 1803 1
253 4 125 19 2578 1
254 14 129 31 2971 1
255 27 129 31 2971 1
256 40 129 31 2971 1
257 12 122 12 1056 1
258 23 122 12 1056 1
259 34 122 12 1056 1
260 8 129 8 698 1
261 13 138 19 1342 1
262 9 110 12 762 1
263 23 126 15 1435 1
264 45 126 15 1435 1
265 67 126 15 1435 1
266 89 126 15 1435 1
267 4 129 31 2502 1
268 13 132 20 1440 1
269 16 132 14 2135 1
270 8 134 7 621 1
271 15 134 7 621 1
272 22 134 7 621 1
273 29 134 7 621 1
274 36 134 7 621 1
275 43 134 7 621 1
276 50 134 7 621 1
277 8 137 7 758 1
278 15 137 7 758 1
279 22 137 7 758 1
280 29 137 7 758 1
281 36 137 7 758 1
282 43 137 7 758 1
283 50 137 7 758 1
284 57 137 7 758 1
285 64 137 7 758 1
286 71 137 7 758 1
287 78 137 7 758 1
288 85 137 7 758 1
289 2 132 13 1026 1
290 3 132 13 1026 1
291 11 126 40 3949 1
292 21 126 40 3949 1
293 31 126 40 3949 1
294 41 126 40 3949 1
295 51 126 40 3949 1
296 61 126 40 3949 1
297 71 126 40 3949 1
298 81 126 40 3949 1
299 91 126 40 3949 1
300 101 126 40 3949 1
301 111 126 40 3949 1
302 121 126 40 3949 1
303 131 126 40 3949 1
304 141 126 40 3949 1
305 14 132 6 716 1
306 10 140 22 3997 1
307 52 126 15 1242 1
308 16 140 15 2283 1
309 31 140 15 2283 1
310 46 140 15 2283 1
311 61 140 15 2283 1
312 76 140 15 2283 1
313 91 140 15 2283 1
314 106 140 15 2283 1
315 121 140 15 2283 1
316 136 140 15 2283 1
317 5 125 7 1096 1
318 9 125 7 1096 1
319 18 133 14 2573 1
320 35 133 14 2573 1
321 52 133 14 2573 1
322 69 133 14 2573 1
323 86 133 14 2573 1
324 103 133 14 2573 1
325 120 133 14 2573 1
326 6 129 18 1800 1
327 11 129 18 1800 1
328 16 129 18 1800 1
329 21 129 18 1800 1
330 26 129 18 1800 1
331 31 129 18 1800 1
332 36 129 18 1800 1
333 41 129 18 1800 1
334 46 129 18 1800 1
335 51 129 18 1800 1
336 56 129 18 1800 1
337 61 129 18 1800 1
338 66 129 18 1800 1
339 71 129 18 1800 1
340 7 126 8 1511 1
341 13 126 8 1511 1
342 13 141 15 1091 1
343 25 141 15 1091 1
344 37 141 15 1091 1
345 49 141 15 1091 1
346 14 110 24 2607 1
347 27 110 24 2607 1
348 14 125 7 887 1
349 27 125 7 887 1
350 40 125 7 887 1
351 53 125 7 887 1
352 66 125 7 887 1
353 79 125 7 887 1
354 92 125 7 887 1
355 11 121 8 578 1
356 21 121 8 578 1
357 31 121 8 578 1
358 41 121 8 578 1
359 51 121 8 578 1
360 61 121 8 578 1
361 5 127 52 4532 1
362 17 121 18 3213 1
363 33 121 18 3213 1
364 49 121 18 3213 1
365 26 125 9 1301 1
366 51 125 9 1301 1
367 76 125 9 1301 1
368 101 125 9 1301 1
369 126 125 9 1301 1
370 3 141 22 2782 1
371 16 129 14 1343 1
372 8 127 11 1899 1
373 15 127 11 1899 1
374 22 140 7 774 1
375 14 127 5 580 1
376 27 127 5 580 1
377 40 127 5 580 1
378 9 134 10 808 1
379 17 134 10 808 1
380 25 134 10 808 1
381 33 134 10 808 1
382 41 134 10 808 1
383 5 141 10 1938 1
384 12 122 15 1641 1
385 23 122 15 1641 1
386 34 122 15 1641 1
387 45 122 15 1641 1
388 56 122 15 1641 1
389 67 122 15 1641 1
390 78 122 15 1641 1
391 2 122 9 781 1
392 4 132 9 1275 1
393 18 132 39 7415 1
394 5 140 35 6449 1
395 9 140 35 6449 1
396 13 140 35 6449 1
397 17 140 35 6449 1
398 4 137 7 1038 1
399 7 137 7 1038 1
400 10 137 7 1038 1
401 13 137 7 1038 1
402 16 137 7 1038 1
403 19 137 7 1038 1
404 22 137 7 1038 1
405 4 137 8 1134 1
406 13 118 38 3722 1
407 25 118 38 3722 1
408 37 118 38 3722 1
409 4 137 7 592 1
410 7 137 7 592 1
411 8 127 6 523 1
412 15 134 8 1593 1
413 29 134 8 1593 1
414 43 134 8 1593 1
415 12 126 12 1915 1
416 10 138 7 1365 1
417 19 138 7 1365 1
418 4 125 24 2318 1
419 19 118 8 766 1
420 9 110 6 881 1
421 4 138 7 549 1
422 5 121 21 3372 1
423 12 140 7 1003 1
424 23 140 7 1003 1
425 13 121 52 6066 1
426 3 129 10 1091 1
427 5 129 10 1091 1
428 7 129 10 1091 1
429 5 129 26 4321 1
430 9 129 26 4321 1
431 13 129 26 4321 1
432 17 129 26 4321 1
433 16 138 21 2004 1
434 31 138 21 2004 1
435 46 138 21 2004 1
436 61 138 21 2004 1
437 76 138 21 2004 1
438 91 138 21 2004 1
439 18 138 23 1718 1
440 35 138 23 1718 1
441 52 138 23 1718 1
442 69 138 23 1718 1
443 86 138 23 1718 1
444 103 138 23 1718 1
445 120 138 23 1718 1
446 137 138 23 1718 1
447 154 138 23 1718 1
448 8 141 18 3246 1
449 15 141 18 3246 1
450 22 141 18 3246 1
451 29 141 18 3246 1
452 21 121 12 1290 1
453 41 121 12 1290 1
454 61 121 12 1290 1
455 81 121 12 1290 1
456 79 121 20 2992 1
457 6 138 16 3022 1
458 11 138 16 3022 1
459 3 132 8 746 1
460 5 132 8 746 1
461 9 110 19 1153 1
462 17 110 19 1153 1
463 25 110 19 1153 1
464 33 110 19 1153 1
465 3 140 13 1838 1
466 14 122 13 1747 1
467 27 122 13 1747 1
468 40 122 13 1747 1
469 53 122 13 1747 1
470 11 121 10 634 1
471 21 121 10 634 1
472 19 138 19 2847 1
473 37 138 19 2847 1
474 8 110 9 1466 1
475 15 110 9 1466 1
476 22 110 9 1466 1
477 29 110 9 1466 1
478 36 110 9 1466 1
479 43 110 9 1466 1
480 50 110 9 1466 1
481 13 122 13 1726 1
482 14 127 31 3019 1
483 27 127 31 3019 1
484 19 137 15 2457 1
485 37 137 15 2457 1
486 15 125 22 2792 1
487 29 125 22 2792 1
488 43 125 22 2792 1
489 57 125 22 2792 1
490 11 110 27 4348 1
491 21 110 27 4348 1
492 31 110 27 4348 1
493 41 110 27 4348 1
494 51 110 27 4348 1
495 12 134 7 656 1
496 2 122 8 963 1
497 4 110 30 2293 1
498 3 121 6 1075 1
499 4 138 41 4877 1
500 7 138 41 4877 1
501 4 141 13 1562 1
502 7 134 12 1945 1
503 13 134 12 1945 1
504 19 134 12 1945 1
505 25 134 12 1945 1
506 31 134 12 1945 1
507 37 134 12 1945 1
508 3 138 23 2898 1
509 5 138 23 2898 1
510 7 138 23 2898 1
511 8 137 11 884 1
512 15 137 11 884 1
513 22 137 11 884 1
514 29 137 11 884 1
515 36 137 11 884 1
516 43 137 11 884 1
517 50 137 11 884 1
518 57 137 11 884 1
519 64 137 11 884 1
520 71 137 11 884 1
521 78 137 11 884 1
522 22 132 6 920 1
523 15 141 46 5455 1
524 29 141 46 5455 1
525 43 141 46 5455 1
526 57 141 46 5455 1
527 71 141 46 5455 1
528 20 133 11 908 1
529 39 133 11 908 1
530 5 121 28 3239 1
531 4 141 12 933 1
532 3 140 11 947 1
533 13 129 12 807 1
534 19 126 12 1995 1
535 3 121 30 1901 1
536 5 121 30 1901 1
537 7 121 30 1901 1
538 4 139 17 1999 1
539 3 127 9 664 1
540 4 126 15 2824 1
541 3 125 19 2425 1
542 5 125 19 2425 1
543 7 125 19 2425 1
544 4 137 7 1429 1
545 14 137 8 1574 1
546 27 137 8 1574 1
547 40 137 8 1574 1
548 53 137 8 1574 1
549 66 137 8 1574 1
550 79 137 8 1574 1
551 3 127 11 1627 1
552 5 127 11 1627 1
553 7 127 11 1627 1
554 3 121 21 2584 1
555 4 122 9 1419 1
556 7 122 9 1419 1
557 16 137 10 774 1
558 31 137 10 774 1
559 46 137 10 774 1
560 61 137 10 774 1
561 76 137 10 774 1
562 91 137 10 774 1
563 106 137 10 774 1
564 121 137 10 774 1
565 136 137 10 774 1
566 151 137 10 774 1
567 12 129 5 526 1
568 23 129 5 526 1
569 34 129 5 526 1
570 45 129 5 526 1
571 56 129 5 526 1
572 67 129 5 526 1
573 3 134 17 2270 1
574 10 118 15 1048 1
575 19 118 15 1048 1
576 28 118 15 1048 1
577 37 118 15 1048 1
578 46 118 15 1048 1
579 55 118 15 1048 1
580 64 118 15 1048 1
581 73 118 15 1048 1
582 82 118 15 1048 1
583 91 118 15 1048 1
584 100 118 15 1048 1
585 109 118 15 1048 1
586 118 118 15 1048 1
587 127 118 15 1048 1
588 136 118 15 1048 1
589 145 118 15 1048 1
590 9 129 9 1414 1
591 17 129 9 1414 1
592 25 129 9 1414 1
593 4 110 9 1144 1
594 17 129 12 1673 1
595 4 132 7 1207 1
596 2 134 14 2081 1
597 8 125 16 2362 1
598 15 125 16 2362 1
599 22 125 16 2362 1
600 29 125 16 2362 1
601 7 134 8 1287 1
602 14 122 26 4285 1
603 27 122 26 4285 1
604 3 133 22 1694 1
605 8 133 13 997 1
606 15 133 13 997 1
607 22 133 13 997 1
608 29 133 13 997 1
609 36 133 13 997 1
610 4 132 19 2472 1
611 4 125 5 605 1
612 8 138 17 1558 1
613 15 138 17 1558 1
614 11 121 8 629 1
615 21 121 8 629 1
616 31 121 8 629 1
617 41 121 8 629 1
618 51 121 8 629 1
619 61 121 8 629 1
620 71 121 8 629 1
621 81 121 8 629 1
622 91 121 8 629 1
623 14 118 6 735 1
624 10 125 24 1863 1
625 19 125 24 1863 1
626 2 132 11 1785 1
627 9 126 12 1421 1
628 17 126 12 1421 1
629 25 126 12 1421 1
630 5 125 12 2223 1
631 9 125 12 2223 1
632 13 125 12 2223 1
633 17 125 12 2223 1
634 21 125 12 2223 1
635 25 125 12 2223 1
636 29 125 12 2223 1
637 16 132 23 2416 1
638 31 132 23 2416 1
639 3 134 10 1787 1
640 5 134 10 1787 1
641 5 121 18 1925 1
642 9 121 18 1925 1
643 8 126 39 3292 1
644 15 126 39 3292 1
645 49 129 20 1309 1
646 43 118 7 797 1
647 13 139 29 3260 1
648 25 139 29 3260 1
649 12 140 17 1445 1
650 23 140 17 1445 1
651 19 129 4 484 1
652 37 129 4 484 1
653 4 126 34 4703 1
654 7 126 34 4703 1
655 10 126 34 4703 1
656 11 138 24 2649 1
657 21 138 24 2649 1
658 31 138 24 2649 1
659 41 138 24 2649 1
660 6 137 7 768 1
661 11 137 7 768 1
662 16 137 7 768 1
663 8 154 10 2126 1
664 15 154 10 2126 1
665 22 154 10 2126 1
666 13 160 21 2077 1
667 25 160 21 2077 1
668 37 160 21 2077 1
669 49 160 21 2077 1
670 3 165 22 4881 1
671 5 165 22 4881 1
672 3 161 10 1295 1
673 4 147 11 1156 1
674 14 166 10 876 1
675 27 166 10 876 1
676 3 165 9 2105 1
677 8 147 9 1229 1
678 13 161 18 2714 1
679 14 158 57 8723 1
680 27 158 57 8723 1
681 10 161 12 2701 1
682 19 161 12 2701 1
683 28 161 12 2701 1
684 37 161 12 2701 1
685 46 161 12 2701 1
686 4 166 22 2748 1
687 4 161 22 4290 1
688 5 161 32 3421 1
689 9 161 32 3421 1
690 8 166 15 2781 1
691 10 160 6 622 1
692 11 165 33 7579 1
693 21 165 33 7579 1
694 9 158 16 1280 1
695 10 147 19 1640 1
696 3 155 26 2998 1
697 5 155 26 2998 1
698 11 158 14 2821 1
699 21 158 14 2821 1
700 14 154 16 3621 1
701 27 154 16 3621 1
702 40 154 16 3621 1
703 53 154 16 3621 1
704 12 154 10 1605 1
705 4 154 29 5945 1
706 4 158 17 3475 1
707 6 147 16 2987 1
708 10 151 42 8264 1
709 3 157 11 1087 1
710 65 155 39 5750 1
711 11 155 16 3385 1
712 21 155 16 3385 1
713 12 147 16 2730 1
714 14 160 25 3116 1
715 27 160 25 3116 1
716 14 165 15 1995 1
717 27 165 15 1995 1
718 40 165 15 1995 1
719 53 165 15 1995 1
720 66 165 15 1995 1
721 10 161 20 2713 1
722 19 161 20 2713 1
723 28 161 20 2713 1
724 3 151 11 2252 1
725 13 157 7 1250 1
726 9 160 7 950 1
727 2 155 17 2174 1
728 7 157 22 2701 1
729 9 154 54 7745 1
730 11 160 18 1571 1
731 3 165 11 2153 1
732 15 165 22 2257 1
733 19 147 9 1975 1
734 16 158 16 3458 1
735 10 161 13 2203 1
736 5 160 10 1154 1
737 17 154 24 5111 1
738 11 158 14 2686 1
739 25 151 14 3109 1
740 14 161 14 2232 1
741 13 161 10 1367 1
742 3 155 9 1211 1
743 18 147 32 2418 1
744 35 147 32 2418 1
745 11 158 32 3922 1
746 13 151 5 1085 1
747 25 151 5 1085 1
748 37 151 5 1085 1
749 49 151 5 1085 1
750 9 155 27 3623 1
751 4 160 23 4869 1
752 11 155 7 1235 1
753 21 155 7 1235 1
754 11 157 33 7182 1
755 19 155 19 2518 1
756 37 155 19 2518 1
757 8 147 24 3512 1
758 9 160 32 6020 1
759 17 160 32 6020 1
760 16 151 27 3322 1
761 31 151 27 3322 1
762 46 151 27 3322 1
763 61 151 27 3322 1
764 76 151 27 3322 1
765 12 160 20 3462 1
766 23 160 20 3462 1
767 34 160 20 3462 1
768 16 160 16 1823 1
769 31 160 16 1823 1
770 13 147 12 1391 1
771 13 161 22 3116 1
772 14 161 21 2409 1
773 11 161 10 2005 1
774 21 161 10 2005 1
775 31 161 10 2005 1
776 12 165 25 3814 1
777 23 165 25 3814 1
778 13 160 14 1491 1
779 9 165 15 2085 1
780 9 158 36 6667 1
781 14 147 17 1383 1
782 27 147 17 1383 1
783 40 147 17 1383 1
784 53 147 17 1383 1
785 15 155 9 2062 1
786 4 160 19 2468 1
787 7 151 31 2969 1
788 9 158 9 1092 1
789 14 160 15 1776 1
790 14 151 8 1113 1
791 27 151 8 1113 1
792 14 157 11 1493 1
793 27 157 11 1493 1
794 40 157 11 1493 1
795 53 157 11 1493 1
796 4 149 9 914 1
797 11 147 22 2702 1
798 10 161 27 5432 1
799 10 165 18 1593 1
800 10 161 22 2137 1
801 19 161 22 2137 1
802 12 166 18 3097 1
803 23 166 18 3097 1
804 9 151 9 1823 1
805 3 165 22 4423 1
806 10 158 14 1841 1
807 19 158 14 1841 1
808 28 158 14 1841 1
809 37 158 14 1841 1
810 14 154 87 6986 1
811 9 157 17 2231 1
812 14 160 8 1478 1
813 13 165 13 1345 1
814 15 155 13 1666 1
815 10 149 18 2689 1
816 19 149 18 2689 1
817 28 149 18 2689 1
818 11 165 20 2051 1
819 22 175 8 993 1
820 15 170 9 788 1
821 4 175 19 3663 1
822 10 197 8 1823 1
823 22 184 30 4511 1
824 180 183 15 1636 1
825 359 183 15 1636 1
826 17 198 21 4449 1
827 15 175 10 1489 1
828 29 175 10 1489 1
829 11 195 24 6372 1
830 15 195 45 12979 1
831 15 184 10 2732 1
832 23 168 42 8053 1
833 44 169 17 2114 1
834 39 197 33 9669 1
835 77 197 33 9669 1
836 16 194 6 798 1
837 31 194 6 798 1
838 16 168 12 2629 1
839 21 194 5 1429 1
840 15 184 7 1324 1
841 23 183 5 904 1
842 46 195 7 1244 1
843 43 184 20 3890 1
844 85 184 20 3890 1
845 14 197 30 4311 1
846 15 184 17 4666 1
847 29 184 17 4666 1
848 9 190 15 2114 1
849 11 197 23 6368 1
850 14 168 24 2729 1
851 15 183 21 3673 1
852 15 184 30 3483 1
853 39 185 9 1288 1
854 166 198 11 3219 1
855 16 194 20 4198 1
856 31 194 20 4198 1
857 10 185 18 4236 1
858 13 188 10 1821 1
859 11 185 37 3655 1
860 21 175 21 5348 1
861 3 178 27 6491 1
862 13 168 30 6241 1
863 16 197 8 907 1
864 39 183 33 4383 1
865 77 183 33 4383 1
866 23 175 23 4141 1
867 45 175 23 4141 1
868 11 195 17 2044 1
869 15 185 6 1482 1
870 13 183 18 2974 1
871 14 195 19 3524 1
872 14 198 27 2752 1
873 11 195 22 4840 1
874 44 198 11 2214 1
875 20 170 20 2383 1
876 39 170 20 2383 1
877 15 170 11 1149 1
878 15 198 10 2766 1
879 35 183 25 3724 1
880 11 185 12 1211 1
881 15 198 12 2922 1
882 39 169 16 3202 1
883 77 169 16 3202 1
884 22 184 16 2800 1
885 11 190 37 7070 1
886 21 175 20 2213 1
887 14 184 5 1034 1
888 16 175 17 3972 1
889 31 175 17 3972 1
890 46 175 17 3972 1
891 17 185 19 2742 1
892 33 185 19 2742 1
893 4 183 10 1105 1
894 16 175 15 2817 1
895 31 175 15 2817 1
896 46 175 15 2817 1
897 15 195 7 1397 1
898 42 188 19 3814 1
899 66 178 15 2459 1
900 14 178 29 6043 1
901 13 184 17 4123 1
902 14 170 9 1450 1
903 15 170 26 5143 1
904 42 178 21 2023 1
905 16 169 17 4108 1
906 15 183 18 3303 1
907 29 183 18 3303 1
908 43 195 19 2868 1
909 85 195 19 2868 1
910 11 195 57 16320 1
911 2 170 30 3742 1
912 14 197 34 8717 1
913 16 190 13 3520 1
914 44 198 36 9502 1
915 10 170 25 5877 1
916 6 211 13 2143 1
917 40 208 19 2684 1
918 57 210 22 6028 1
919 90 222 23 6630 1
920 118 210 11 2859 1
921 49 208 18 4628 1
922 97 208 18 4628 1
923 50 212 24 4118 1
924 46 208 9 2325 1
925 83 212 10 2045 1
926 41 204 22 5197 1
927 81 204 22 5197 1
928 121 204 22 5197 1
929 161 204 22 5197 1
930 40 208 12 2921 1
931 79 208 12 2921 1
932 118 208 12 2921 1
933 43 221 21 4449 1
934 85 221 21 4449 1
935 45 208 23 4490 1
936 190 221 20 5049 1
937 29 208 20 2630 1
938 57 208 20 2630 1
939 85 208 20 2630 1
940 113 208 20 2630 1
941 141 208 20 2630 1
942 169 208 20 2630 1
943 197 208 20 2630 1
944 225 208 20 2630 1
945 253 208 20 2630 1
946 281 208 20 2630 1
947 309 208 20 2630 1
948 337 208 20 2630 1
949 365 208 20 2630 1
950 393 208 20 2630 1
951 66 210 9 1516 1
952 6 212 24 2702 1
953 177 210 26 2860 1
954 36 212 33 9619 1
955 30 208 4 664 1
956 41 212 21 5438 1
957 81 212 21 5438 1
958 121 212 21 5438 1
959 161 212 21 5438 1
960 201 212 21 5438 1
961 241 212 21 5438 1
962 281 212 21 5438 1
963 39 207 25 5108 1
964 77 207 25 5108 1
965 26 222 15 2173 1
966 50 207 22 5479 1
967 99 207 22 5479 1
968 148 207 22 5479 1
969 197 207 22 5479 1
970 33 221 19 5517 1
971 65 221 19 5517 1
972 97 221 19 5517 1
973 129 221 19 5517 1
974 161 221 19 5517 1
975 193 221 19 5517 1
976 41 212 24 3548 1
977 81 212 24 3548 1
978 121 212 24 3548 1
979 39 212 30 9022 1
980 77 212 30 9022 1
981 115 212 30 9022 1
982 37 239 21 5524 1
983 35 230 20 3890 1
984 38 225 16 4649 1
985 60 239 20 4611 1
986 119 239 20 4611 1
987 178 239 20 4611 1
988 33 225 25 7390 1
989 36 225 17 2180 1
990 92 228 21 3923 1
991 36 225 31 6166 1
992 35 228 25 5271 1
993 34 225 14 3508 1
994 67 225 14 3508 1
995 36 225 19 2970 1
996 62 228 13 2546 1
997 37 230 29 9712 1
998 291 225 18 2672 1
999 38 239 22 4399 1
1000 38 225 30 3491 1
1001 35 228 21 2726 1
1002 39 239 21 6136 1
1003 144 239 22 6093 1
1004 36 225 20 5858 1
1005 37 230 10 3386 1
1006 27 239 21 5946 1
1007 38 225 16 2969 1
1008 39 225 17 4740 1
1009 37 230 13 4270 1
1010 73 230 13 4270 1
1011 33 230 23 4204 1
1012 56 230 15 4517 1
1013 37 225 8 1417 1
1014 34 225 23 5459 1
1015 37 239 22 5182 1
1016 33 228 18 3743 1
1017 139 275 21 3358 1
1018 36 264 45 8557 1
1019 92 260 27 9254 1
1020 106 258 26 6529 1
1021 36 268 23 7557 1
1022 37 267 26 6042 1
1023 37 305 28 9664 1
1024 37 266 18 6824 1
1025 37 305 12 2773 1
1026 73 305 12 2773 1
1027 181 260 11 2608 1
1028 106 270 22 7309 1
1029 36 261 16 5302 1
1030 185 305 36 6322 1
1031 144 278 24 3792 1
1032 287 278 24 3792 1
1033 58 265 26 3612 1
1034 58 278 56 12411 1
1035 147 282 26 9753 1
1036 57 268 26 8187 1
35
400 400 400 400 500 500 600 600 600 600 600 600 600 400 400 400 400 400 230 315 600 450 450 400 400 400 665 725 645 500 500 305 400 400 390 