1036
1 4 99 14 1289 1
2 123 99 48 5506 1
3 14 101 13 1388 1
4 27 101 13 1388 1
5 4 99 15 1501 1
6 3 99 17 1273 1
7 20 99 6 786 1
8 21 99 8 866 1
9 20 99 11 807 1
10 39 99 11 807 1
11 22 99 8 735 1
12 43 99 8 735 1
13 20 99 14 1572 1
14 11 99 32 2902 1
15 7 99 31 3154 1
16 6 99 10 1359 1
17 18 99 17 1835 1
18 6 101 22 2441 1
19 6 101 60 5692 1
20 6 101 9 1167 1
21 11 101 9 1167 1
22 16 101 9 1167 1
23 4 101 26 2274 1
24 4 99 43 2444 1
25 11 99 15 1724 1
26 18 99 29 3257 1
27 35 99 29 3257 1
28 52 99 29 3257 1
29 7 99 10 709 1
30 4 101 27 2548 1
31 7 101 27 2548 1
32 10 101 27 2548 1
33 6 99 10 542 1
34 3 99 7 529 1
35 18 101 7 1000 1
36 35 101 7 1000 1
37 52 101 7 1000 1
38 3 99 13 1460 1
39 6 99 24 2969 1
40 8 140 13 2441 1
41 15 140 13 2441 1
42 9 127 17 1281 1
43 17 127 17 1281 1
44 25 127 17 1281 1
45 45 132 5 843 1
46 19 139 30 3294 1
47 37 139 30 3294 1
48 55 139 30 3294 1
49 2 118 18 2143 1
50 3 118 18 2143 1
51 4 118 18 2143 1
52 5 118 18 2143 1
53 4 134 15 1505 1
54 3 137 20 3665 1
55 16 127 45 5266 1
56 31 127 45 5266 1
57 46 127 45 5266 1
58 61 127 45 5266 1
59 76 127 45 5266 1
60 91 127 45 5266 1
61 106 127 45 5266 1
62 121 127 45 5266 1
63 136 127 45 5266 1
64 3 125 16 1071 1
65 5 126 69 12047 1
66 9 126 69 12047 1
67 13 126 69 12047 1
68 17 126 69 12047 1
69 21 126 69 12047 1
70 10 125 30 3519 1
71 19 125 30 3519 1
72 28 125 30 3519 1
73 37 125 30 3519 1
74 46 125 30 3519 1
75 55 125 30 3519 1
76 64 125 30 3519 1
77 73 125 30 3519 1
78 82 125 30 3519 1
79 91 125 30 3519 1
80 100 125 30 3519 1
81 3 132 5 342 1
82 3 132 12 2039 1
83 5 132 12 2039 1
84 13 129 18 2353 1
85 25 129 18 2353 1
86 37 129 18 2353 1
87 6 122 12 1984 1
88 11 122 12 1984 1
89 16 122 12 1984 1
90 13 125 16 2689 1
91 25 125 16 2689 1
92 37 125 16 2689 1
93 49 125 16 2689 1
94 10 137 21 2039 1
95 19 137 21 2039 1
96 13 127 3 216 1
97 3 141 11 1983 1
98 4 138 23 1592 1
99 10 141 21 1653 1
100 19 141 21 1653 1
101 28 141 21 1653 1
102 37 141 21 1653 1
103 46 141 21 1653 1
104 55 141 21 1653 1
105 64 141 21 1653 1
106 73 141 21 1653 1
107 13 129 7 869 1
108 25 129 7 869 1
109 74 125 21 1497 1
110 16 133 12 2134 1
111 31 133 12 2134 1
112 46 133 12 2134 1
113 61 133 12 2134 1
114 76 133 12 2134 1
115 91 133 12 2134 1
116 9 133 35 4601 1
117 17 133 35 4601 1
118 5 134 24 4398 1
119 4 133 19 2376 1
120 18 126 13 1798 1
121 35 126 13 1798 1
122 14 139 11 1926 1
123 27 139 11 1926 1
124 40 139 11 1926 1
125 53 139 11 1926 1
126 66 139 11 1926 1
127 9 134 4 787 1
128 7 125 10 1357 1
129 13 125 10 1357 1
130 19 125 10 1357 1
131 25 125 10 1357 1
132 11 138 25 4970 1
133 21 138 25 4970 1
134 37 122 11 1492 1
135 12 110 16 2024 1
136 4 125 12 1952 1
137 7 125 12 1952 1
138 14 121 26 2391 1
139 1 118 16 1913 1
140 3 140 30 4957 1
141 15 121 8 726 1
142 29 121 8 726 1
143 43 121 8 726 1
144 12 126 15 2226 1
145 23 126 15 2226 1
146 34 126 15 2226 1
147 6 132 14 2205 1
148 10 133 14 1807 1
149 19 133 14 1807 1
150 28 133 14 1807 1
151 37 133 14 1807 1
152 46 133 14 1807 1
153 52 125 41 5480 1
154 11 138 26 2959 1
155 10 121 22 3711 1
156 19 121 22 3711 1
157 28 121 22 3711 1
158 37 121 22 3711 1
159 46 121 22 3711 1
160 55 121 22 3711 1
161 4 132 16 1325 1
162 8 132 8 981 1
163 15 132 8 981 1
164 5 138 13 1016 1
165 18 126 21 2356 1
166 3 133 29 5490 1
167 12 134 22 2814 1
168 23 134 22 2814 1
169 34 134 22 2814 1
170 45 134 22 2814 1
171 56 134 22 2814 1
172 67 134 22 2814 1
173 78 134 22 2814 1
174 89 134 22 2814 1
175 13 121 18 1972 1
176 25 121 18 1972 1
177 37 121 18 1972 1
178 49 121 18 1972 1
179 61 121 18 1972 1
180 6 139 23 4577 1
181 8 127 10 1109 1
182 9 122 9 903 1
183 17 122 9 903 1
184 25 122 9 903 1
185 33 122 9 903 1
186 41 122 9 903 1
187 3 125 14 2116 1
188 3 110 6 415 1
189 11 125 11 1306 1
190 21 125 11 1306 1
191 31 125 11 1306 1
192 41 125 11 1306 1
193 51 125 11 1306 1
194 61 125 11 1306 1
195 71 125 11 1306 1
196 81 125 11 1306 1
197 91 125 11 1306 1
198 101 125 11 1306 1
199 111 125 11 1306 1
200 5 110 15 1621 1
201 9 110 15 1621 1
202 4 127 28 3790 1
203 1 138 14 2088 1
204 1 138 14 2088 1
205 1 138 14 2088 1
206 1 138 14 2088 1
207 1 138 14 2088 1
208 1 138 14 2088 1
209 3 134 11 1833 1
210 5 134 11 1833 1
211 78 125 10 1043 1
212 4 125 8 1284 1
213 5 138 28 2677 1
214 9 138 28 2677 1
215 13 138 28 2677 1
216 17 138 28 2677 1
217 3 139 15 3013 1
218 5 126 9 1517 1
219 9 126 9 1517 1
220 13 122 9 1432 1
221 25 122 9 1432 1
222 9 121 37 2603 1
223 11 139 37 2901 1
224 21 139 37 2901 1
225 6 126 13 1302 1
226 11 137 8 1431 1
227 21 137 8 1431 1
228 31 137 8 1431 1
229 4 133 4 487 1
230 7 133 4 487 1
231 11 122 25 3109 1
232 21 122 25 3109 1
233 31 122 25 3109 1
234 41 122 25 3109 1
235 51 122 25 3109 1
236 61 122 25 3109 1
237 71 122 25 3109 1
238 4 126 12 861 1
239 11 127 7 894 1
240 4 134 11 1300 1
241 51 127 25 4058 1
242 13 139 9 1746 1
243 25 139 9 1746 1
244 37 139 9 1746 1
245 49 139 9 1746 1
246 17 118 17 1117 1
247 33 118 17 1117 1
248 49 118 17 1117 1
249 13 132 14 1967 1
250 25 132 14 1967 1
251 37 132 14 1967 1
252 49 132 14 1967 1
253 12 138 15 1064 1
254 23 138 15 1064 1
255 34 138 15 1064 1
256 45 138 15 1064 1
257 56 138 15 1064 1
258 67 138 15 1064 1
259 4 132 8 753 1
260 4 129 22 2620 1
261 7 129 22 2620 1
262 3 139 16 2353 1
263 5 139 16 2353 1
264 7 139 16 2353 1
265 14 138 10 694 1
266 27 138 10 694 1
267 5 132 24 2532 1
268 9 132 24 2532 1
269 13 132 24 2532 1
270 17 132 24 2532 1
271 21 132 24 2532 1
272 25 132 24 2532 1
273 29 132 24 2532 1
274 33 132 24 2532 1
275 37 132 24 2532 1
276 11 126 14 1571 1
277 21 126 14 1571 1
278 31 126 14 1571 1
279 13 118 16 2679 1
280 25 118 16 2679 1
281 37 118 16 2679 1
282 3 125 14 2541 1
283 97 141 23 2379 1
284 13 129 19 3607 1
285 25 129 19 3607 1
286 37 129 19 3607 1
287 49 129 19 3607 1
288 4 118 28 2626 1
289 19 129 8 554 1
290 8 127 15 2251 1
291 7 122 20 1990 1
292 13 122 20 1990 1
293 19 122 20 1990 1
294 25 122 20 1990 1
295 31 122 20 1990 1
296 37 122 20 1990 1
297 43 122 20 1990 1
298 49 122 20 1990 1
299 55 122 20 1990 1
300 18 121 46 7277 1
301 9 141 19 3723 1
302 17 141 19 3723 1
303 14 127 13 956 1
304 27 127 13 956 1
305 40 127 13 956 1
306 53 127 13 956 1
307 5 126 29 2709 1
308 9 126 29 2709 1
309 13 126 29 2709 1
310 17 126 29 2709 1
311 14 139 18 2159 1
312 27 139 18 2159 1
313 40 139 18 2159 1
314 53 139 18 2159 1
315 66 139 18 2159 1
316 4 138 10 1491 1
317 9 132 20 2002 1
318 17 132 20 2002 1
319 25 132 20 2002 1
320 8 133 7 915 1
321 20 138 6 1193 1
322 39 138 6 1193 1
323 58 138 6 1193 1
324 4 139 31 5536 1
325 14 141 15 2154 1
326 27 141 15 2154 1
327 40 141 15 2154 1
328 3 138 12 1063 1
329 5 138 12 1063 1
330 6 132 6 1134 1
331 11 132 6 1134 1
332 16 132 6 1134 1
333 5 126 22 3213 1
334 9 126 22 3213 1
335 20 137 7 1167 1
336 4 137 5 561 1
337 4 125 7 637 1
338 2 121 16 2582 1
339 4 129 6 679 1
340 7 129 6 679 1
341 10 129 6 679 1
342 19 126 37 5263 1
343 37 126 37 5263 1
344 55 126 37 5263 1
345 5 137 27 4511 1
346 4 134 15 2169 1
347 7 134 15 2169 1
348 8 125 12 1544 1
349 15 125 12 1544 1
350 10 110 7 752 1
351 19 110 7 752 1
352 28 110 7 752 1
353 37 110 7 752 1
354 46 110 7 752 1
355 55 110 7 752 1
356 64 110 7 752 1
357 73 110 7 752 1
358 82 110 7 752 1
359 91 110 7 752 1
360 100 110 7 752 1
361 109 110 7 752 1
362 118 110 7 752 1
363 13 139 5 1017 1
364 25 139 5 1017 1
365 37 139 5 1017 1
366 12 110 9 927 1
367 23 110 9 927 1
368 15 127 10 1435 1
369 29 127 10 1435 1
370 43 127 10 1435 1
371 57 127 10 1435 1
372 71 127 10 1435 1
373 10 118 10 898 1
374 19 118 10 898 1
375 10 118 8 542 1
376 19 118 8 542 1
377 7 110 7 993 1
378 13 110 7 993 1
379 19 110 7 993 1
380 25 110 7 993 1
381 62 125 7 1310 1
382 4 141 17 1411 1
383 18 125 8 1463 1
384 35 125 8 1463 1
385 52 125 8 1463 1
386 20 127 6 994 1
387 39 127 6 994 1
388 4 125 12 849 1
389 15 141 8 621 1
390 4 134 18 3103 1
391 7 134 18 3103 1
392 22 127 6 700 1
393 14 133 8 1318 1
394 27 133 8 1318 1
395 40 133 8 1318 1
396 53 133 8 1318 1
397 66 133 8 1318 1
398 79 133 8 1318 1
399 92 133 8 1318 1
400 105 133 8 1318 1
401 12 139 35 5250 1
402 23 139 35 5250 1
403 34 139 35 5250 1
404 4 140 17 3507 1
405 4 129 18 2881 1
406 4 133 8 921 1
407 17 127 6 473 1
408 3 139 26 3356 1
409 5 139 26 3356 1
410 7 139 26 3356 1
411 9 139 26 3356 1
412 11 139 26 3356 1
413 13 139 26 3356 1
414 15 139 26 3356 1
415 17 139 26 3356 1
416 19 139 26 3356 1
417 21 139 26 3356 1
418 23 139 26 3356 1
419 25 139 26 3356 1
420 13 137 11 1681 1
421 25 137 11 1681 1
422 37 137 11 1681 1
423 49 137 11 1681 1
424 61 137 11 1681 1
425 73 137 11 1681 1
426 2 132 26 2800 1
427 3 132 26 2800 1
428 4 132 26 2800 1
429 9 132 13 1437 1
430 17 132 13 1437 1
431 17 127 20 3179 1
432 33 127 20 3179 1
433 3 139 43 7119 1
434 6 134 10 764 1
435 11 134 10 764 1
436 4 129 13 1518 1
437 10 137 20 3042 1
438 13 139 13 1521 1
439 25 139 13 1521 1
440 37 139 13 1521 1
441 16 127 4 648 1
442 31 127 4 648 1
443 46 127 4 648 1
444 61 127 4 648 1
445 76 127 4 648 1
446 91 127 4 648 1
447 4 132 16 2804 1
448 1 134 19 1631 1
449 6 138 16 1229 1
450 11 138 16 1229 1
451 16 138 16 1229 1
452 21 138 16 1229 1
453 26 138 16 1229 1
454 31 138 16 1229 1
455 36 138 16 1229 1
456 21 110 35 4601 1
457 41 110 35 4601 1
458 61 110 35 4601 1
459 81 110 35 4601 1
460 6 133 11 1905 1
461 11 133 11 1905 1
462 15 125 8 1498 1
463 12 141 16 1557 1
464 23 141 16 1557 1
465 34 141 16 1557 1
466 15 121 8 1105 1
467 29 121 8 1105 1
468 10 133 19 2309 1
469 19 133 19 2309 1
470 28 133 19 2309 1
471 37 133 19 2309 1
472 46 133 19 2309 1
473 55 133 19 2309 1
474 64 133 19 2309 1
475 73 133 19 2309 1
476 82 133 19 2309 1
477 91 133 19 2309 1
478 5 140 11 1114 1
479 9 140 11 1114 1
480 18 122 12 1073 1
481 35 122 12 1073 1
482 52 122 12 1073 1
483 69 122 12 1073 1
484 86 122 12 1073 1
485 103 122 12 1073 1
486 120 122 12 1073 1
487 137 122 12 1073 1
488 154 122 12 1073 1
489 171 122 12 1073 1
490 188 122 12 1073 1
491 205 122 12 1073 1
492 222 122 12 1073 1
493 239 122 12 1073 1
494 256 122 12 1073 1
495 273 122 12 1073 1
496 290 122 12 1073 1
497 10 118 15 897 1
498 19 118 15 897 1
499 16 134 10 689 1
500 31 134 10 689 1
501 46 134 10 689 1
502 61 134 10 689 1
503 3 139 10 1053 1
504 2 129 9 1563 1
505 3 129 9 1563 1
506 4 129 9 1563 1
507 6 118 25 2118 1
508 11 141 8 1451 1
509 21 141 8 1451 1
510 31 141 8 1451 1
511 41 141 8 1451 1
512 51 141 8 1451 1
513 61 141 8 1451 1
514 71 141 8 1451 1
515 81 141 8 1451 1
516 9 118 6 774 1
517 12 139 23 3420 1
518 23 139 23 3420 1
519 34 139 23 3420 1
520 45 139 23 3420 1
521 56 139 23 3420 1
522 5 141 27 5167 1
523 9 141 27 5167 1
524 13 141 27 5167 1
525 17 141 27 5167 1
526 21 141 27 5167 1
527 25 141 27 5167 1
528 29 141 27 5167 1
529 33 141 27 5167 1
530 37 141 27 5167 1
531 41 141 27 5167 1
532 20 134 9 667 1
533 39 134 9 667 1
534 58 134 9 667 1
535 77 134 9 667 1
536 13 134 19 3554 1
537 25 134 19 3554 1
538 4 133 10 1803 1
539 12 129 12 1011 1
540 23 129 12 1011 1
541 4 141 46 7461 1
542 3 141 17 3427 1
543 11 118 17 2498 1
544 21 118 17 2498 1
545 31 118 17 2498 1
546 17 140 16 2057 1
547 33 140 16 2057 1
548 49 140 16 2057 1
549 65 140 16 2057 1
550 3 118 21 2390 1
551 5 118 21 2390 1
552 7 118 21 2390 1
553 4 132 10 1722 1
554 7 132 10 1722 1
555 14 140 28 2307 1
556 27 140 28 2307 1
557 40 140 28 2307 1
558 53 140 28 2307 1
559 66 140 28 2307 1
560 79 140 28 2307 1
561 21 118 15 2537 1
562 41 118 15 2537 1
563 13 138 5 991 1
564 25 138 5 991 1
565 37 138 5 991 1
566 49 138 5 991 1
567 61 138 5 991 1
568 73 138 5 991 1
569 10 127 19 2735 1
570 19 127 19 2735 1
571 28 127 19 2735 1
572 37 127 19 2735 1
573 46 127 19 2735 1
574 3 140 8 1524 1
575 5 121 9 1392 1
576 9 121 9 1392 1
577 4 110 11 1522 1
578 17 129 20 3175 1
579 33 129 20 3175 1
580 3 129 10 689 1
581 10 134 11 1232 1
582 19 134 11 1232 1
583 28 134 11 1232 1
584 37 134 11 1232 1
585 12 133 14 1608 1
586 23 133 14 1608 1
587 34 133 14 1608 1
588 45 133 14 1608 1
589 56 133 14 1608 1
590 67 133 14 1608 1
591 14 127 6 1121 1
592 27 127 6 1121 1
593 40 127 6 1121 1
594 53 127 6 1121 1
595 66 127 6 1121 1
596 79 127 6 1121 1
597 92 127 6 1121 1
598 11 134 22 4383 1
599 8 121 35 4517 1
600 15 121 35 4517 1
601 4 110 8 543 1
602 7 110 8 543 1
603 14 137 10 1098 1
604 27 137 10 1098 1
605 12 133 24 3998 1
606 23 133 24 3998 1
607 34 133 24 3998 1
608 45 133 24 3998 1
609 56 133 24 3998 1
610 67 133 24 3998 1
611 78 133 24 3998 1
612 89 133 24 3998 1
613 100 133 24 3998 1
614 4 140 7 953 1
615 9 122 17 2275 1
616 17 122 17 2275 1
617 25 122 17 2275 1
618 33 122 17 2275 1
619 9 141 5 757 1
620 17 141 5 757 1
621 25 141 5 757 1
622 33 141 5 757 1
623 11 125 11 737 1
624 21 125 11 737 1
625 12 126 10 1886 1
626 23 126 10 1886 1
627 34 126 10 1886 1
628 18 127 15 2561 1
629 35 127 15 2561 1
630 2 137 29 4170 1
631 4 137 37 7286 1
632 3 129 7 529 1
633 15 141 22 1871 1
634 4 133 15 1950 1
635 6 110 29 3168 1
636 11 110 29 3168 1
637 16 110 29 3168 1
638 4 118 9 1203 1
639 7 118 9 1203 1
640 5 133 5 905 1
641 9 133 5 905 1
642 13 133 5 905 1
643 5 141 32 2752 1
644 9 141 32 2752 1
645 13 141 32 2752 1
646 31 122 14 2301 1
647 9 140 11 1396 1
648 17 140 11 1396 1
649 9 134 24 3890 1
650 17 134 24 3890 1
651 8 140 14 1313 1
652 15 140 14 1313 1
653 22 140 14 1313 1
654 29 140 14 1313 1
655 36 140 14 1313 1
656 4 125 9 1033 1
657 7 125 9 1033 1
658 2 134 16 2048 1
659 10 137 25 2784 1
660 19 137 25 2784 1
661 28 137 25 2784 1
662 37 137 25 2784 1
663 9 161 25 5267 1
664 11 147 23 3715 1
665 21 147 23 3715 1
666 10 154 12 1132 1
667 11 151 12 1590 1
668 21 151 12 1590 1
669 9 149 24 3724 1
670 12 154 18 1785 1
671 23 154 18 1785 1
672 34 154 18 1785 1
673 13 149 11 1425 1
674 12 154 12 936 1
675 23 154 12 936 1
676 3 161 14 2826 1
677 9 154 9 1646 1
678 17 154 9 1646 1
679 25 154 9 1646 1
680 33 154 9 1646 1
681 15 155 13 2948 1
682 12 157 12 1191 1
683 23 157 12 1191 1
684 34 157 12 1191 1
685 15 147 16 1715 1
686 29 147 16 1715 1
687 43 147 16 1715 1
688 11 157 10 2180 1
689 21 157 10 2180 1
690 11 160 3 419 1
691 10 166 15 2037 1
692 19 166 15 2037 1
693 9 154 9 1942 1
694 12 161 10 1378 1
695 23 161 10 1378 1
696 29 154 13 2592 1
697 11 157 13 1373 1
698 8 149 10 1177 1
699 15 149 10 1177 1
700 2 160 13 1135 1
701 4 157 7 1616 1
702 4 155 5 704 1
703 2 151 29 2610 1
704 12 165 17 1604 1
705 23 165 17 1604 1
706 9 161 30 6628 1
707 14 151 21 3290 1
708 13 151 10 1970 1
709 5 160 12 2533 1
710 14 151 16 2564 1
711 27 151 16 2564 1
712 40 151 16 2564 1
713 53 151 16 2564 1
714 15 147 14 2311 1
715 15 157 23 3941 1
716 20 155 12 1465 1
717 8 166 13 1776 1
718 16 151 14 2734 1
719 13 166 16 1691 1
720 10 151 36 2918 1
721 14 157 33 3168 1
722 27 157 33 3168 1
723 40 157 33 3168 1
724 53 157 33 3168 1
725 66 157 33 3168 1
726 79 157 33 3168 1
727 92 157 33 3168 1
728 105 157 33 3168 1
729 14 165 14 3279 1
730 3 165 17 1642 1
731 14 158 18 2932 1
732 13 151 11 1650 1
733 25 151 11 1650 1
734 15 157 16 2192 1
735 29 157 16 2192 1
736 43 157 16 2192 1
737 57 157 16 2192 1
738 11 157 15 3153 1
739 21 157 15 3153 1
740 15 165 11 1421 1
741 29 165 11 1421 1
742 4 165 12 1550 1
743 29 147 9 1736 1
744 14 160 6 876 1
745 27 160 6 876 1
746 3 161 7 1499 1
747 10 161 15 2936 1
748 19 161 15 2936 1
749 28 161 15 2936 1
750 12 147 18 3576 1
751 23 147 18 3576 1
752 34 147 18 3576 1
753 8 147 12 1769 1
754 15 147 12 1769 1
755 14 155 13 1567 1
756 8 161 25 4984 1
757 5 160 23 4013 1
758 3 157 22 4698 1
759 8 147 17 2960 1
760 15 147 17 2960 1
761 9 166 17 1432 1
762 17 166 17 1432 1
763 17 147 18 2140 1
764 9 151 10 1553 1
765 17 151 10 1553 1
766 10 155 8 808 1
767 9 158 19 2376 1
768 3 147 11 910 1
769 10 160 13 2328 1
770 19 160 13 2328 1
771 28 160 13 2328 1
772 17 160 21 2706 1
773 4 165 22 3994 1
774 23 158 23 4604 1
775 11 161 29 2379 1
776 21 161 29 2379 1
777 31 161 29 2379 1
778 10 155 22 4772 1
779 19 155 22 4772 1
780 12 161 12 1932 1
781 23 161 12 1932 1
782 24 165 19 1842 1
783 8 166 6 1121 1
784 8 158 25 4639 1
785 5 160 33 7790 1
786 12 160 8 920 1
787 23 160 8 920 1
788 34 160 8 920 1
789 10 158 12 1112 1
790 19 158 12 1112 1
791 14 161 22 2370 1
792 3 165 11 1301 1
793 25 154 6 1366 1
794 11 155 19 2138 1
795 13 155 12 1718 1
796 10 157 10 1639 1
797 19 157 10 1639 1
798 28 157 10 1639 1
799 37 157 10 1639 1
800 17 155 18 3206 1
801 15 160 18 1531 1
802 29 160 18 1531 1
803 2 157 19 2794 1
804 8 166 12 2374 1
805 15 166 12 2374 1
806 22 166 12 2374 1
807 13 154 6 755 1
808 25 154 6 755 1
809 37 154 6 755 1
810 49 154 6 755 1
811 9 160 20 4102 1
812 8 160 13 2334 1
813 8 157 10 1625 1
814 9 160 10 819 1
815 17 160 10 819 1
816 11 149 30 6142 1
817 3 155 12 1092 1
818 10 166 17 3853 1
819 16 188 19 3360 1
820 3 198 53 8605 1
821 13 168 14 3104 1
822 37 190 33 6515 1
823 23 190 29 8121 1
824 45 190 29 8121 1
825 15 170 27 4971 1
826 11 183 32 7960 1
827 15 185 10 1770 1
828 11 184 28 4344 1
829 15 194 28 4515 1
830 14 183 17 4640 1
831 27 183 17 4640 1
832 15 175 66 6628 1
833 14 168 7 1181 1
834 3 183 28 3602 1
835 12 183 10 2197 1
836 37 194 37 5379 1
837 13 184 17 2314 1
838 33 198 9 2227 1
839 3 184 12 2445 1
840 36 168 5 1084 1
841 15 169 25 3770 1
842 34 178 23 4669 1
843 3 188 37 6026 1
844 13 183 27 3531 1
845 40 183 20 4169 1
846 31 169 12 1626 1
847 24 178 11 1847 1
848 17 185 58 5863 1
849 13 185 22 5719 1
850 13 185 19 3418 1
851 11 175 28 4551 1
852 10 184 7 1765 1
853 14 184 17 2786 1
854 3 175 55 11755 1
855 14 190 11 2516 1
856 16 175 25 4939 1
857 21 190 12 2365 1
858 22 198 19 3110 1
859 43 198 19 3110 1
860 15 184 28 5504 1
861 3 190 12 1331 1
862 23 198 45 12028 1
863 4 190 12 3023 1
864 13 175 18 3374 1
865 39 197 14 2020 1
866 2 195 16 3412 1
867 14 168 36 4820 1
868 16 183 21 1950 1
869 16 194 19 2628 1
870 10 190 8 808 1
871 10 188 18 3529 1
872 4 195 20 3250 1
873 11 169 27 3003 1
874 14 197 16 4651 1
875 3 194 10 2234 1
876 16 184 25 2511 1
877 15 185 14 3858 1
878 29 185 14 3858 1
879 44 169 12 2130 1
880 87 169 12 2130 1
881 130 169 12 2130 1
882 37 178 32 6453 1
883 73 178 32 6453 1
884 24 184 22 4624 1
885 47 184 22 4624 1
886 15 198 15 2341 1
887 29 198 15 2341 1
888 43 198 15 2341 1
889 57 198 15 2341 1
890 34 197 16 2586 1
891 3 194 24 3702 1
892 22 195 16 2814 1
893 16 185 30 5393 1
894 43 184 15 2777 1
895 16 168 20 1930 1
896 38 170 36 5807 1
897 12 190 33 9258 1
898 10 197 20 2617 1
899 30 197 10 2646 1
900 59 197 10 2646 1
901 48 169 18 1688 1
902 15 168 7 1478 1
903 3 190 30 3994 1
904 32 168 5 492 1
905 16 198 17 4713 1
906 3 169 16 3159 1
907 10 169 20 3479 1
908 27 194 18 4571 1
909 16 178 19 1955 1
910 15 185 13 3448 1
911 16 168 43 9421 1
912 13 190 13 3155 1
913 13 195 22 4408 1
914 10 185 14 1442 1
915 16 170 17 3740 1
916 42 210 11 1400 1
917 83 210 11 1400 1
918 124 210 11 1400 1
919 165 210 11 1400 1
920 206 210 11 1400 1
921 247 210 11 1400 1
922 288 210 11 1400 1
923 329 210 11 1400 1
924 370 210 11 1400 1
925 411 210 11 1400 1
926 452 210 11 1400 1
927 493 210 11 1400 1
928 534 210 11 1400 1
929 33 211 15 3074 1
930 65 211 15 3074 1
931 97 211 15 3074 1
932 129 211 15 3074 1
933 18 222 26 3930 1
934 35 222 26 3930 1
935 52 222 26 3930 1
936 69 222 26 3930 1
937 86 222 26 3930 1
938 43 210 23 3769 1
939 85 210 23 3769 1
940 127 210 23 3769 1
941 169 210 23 3769 1
942 211 210 23 3769 1
943 253 210 23 3769 1
944 45 212 20 5813 1
945 89 212 20 5813 1
946 44 210 15 4004 1
947 87 210 15 4004 1
948 130 210 15 4004 1
949 208 222 28 8417 1
950 7 211 19 3724 1
951 61 207 15 3312 1
952 35 222 2 423 1
953 69 222 2 423 1
954 103 222 2 423 1
955 137 222 2 423 1
956 171 222 2 423 1
957 205 222 2 423 1
958 239 222 2 423 1
959 273 222 2 423 1
960 307 222 2 423 1
961 341 222 2 423 1
962 375 222 2 423 1
963 105 221 25 5950 1
964 40 211 28 4681 1
965 38 221 26 8583 1
966 75 221 26 8583 1
967 42 208 19 5767 1
968 83 208 19 5767 1
969 124 208 19 5767 1
970 165 208 19 5767 1
971 7 222 18 4539 1
972 31 204 25 2665 1
973 61 204 25 2665 1
974 91 204 25 2665 1
975 121 204 25 2665 1
976 151 204 25 2665 1
977 181 204 25 2665 1
978 211 204 25 2665 1
979 90 222 3 616 1
980 40 211 10 2547 1
981 79 211 10 2547 1
982 35 239 28 5399 1
983 69 239 28 5399 1
984 36 239 32 10934 1
985 32 228 16 3765 1
986 37 230 12 2275 1
987 91 230 13 3692 1
988 32 228 20 3481 1
989 56 225 19 2716 1
990 31 225 23 4524 1
991 38 230 20 6494 1
992 38 225 13 2337 1
993 36 225 22 2953 1
994 36 228 15 1744 1
995 38 225 23 6266 1
996 36 228 22 2723 1
997 95 239 22 7406 1
998 37 225 25 8168 1
999 36 239 24 7406 1
1000 71 239 24 7406 1
1001 36 225 23 6165 1
1002 71 225 23 6165 1
1003 57 228 24 3498 1
1004 84 230 15 2726 1
1005 113 228 20 2807 1
1006 37 228 18 5154 1
1007 40 225 14 3984 1
1008 37 228 15 4373 1
1009 35 228 14 3893 1
1010 35 230 26 7884 1
1011 55 230 13 2894 1
1012 37 225 21 6270 1
1013 73 225 21 6270 1
1014 36 230 18 5129 1
1015 71 230 18 5129 1
1016 106 225 27 6669 1
1017 36 276 39 9477 1
1018 37 264 29 7829 1
1019 148 265 53 12690 1
1020 93 278 21 3613 1
1021 185 278 21 3613 1
1022 130 260 11 2997 1
1023 106 265 31 10241 1
1024 58 278 26 7947 1
1025 115 278 26 7947 1
1026 172 278 26 7947 1
1027 57 264 32 5240 1
1028 113 264 32 5240 1
1029 94 279 15 2646 1
1030 187 279 15 2646 1
1031 58 275 22 3523 1
1032 115 275 22 3523 1
1033 36 275 32 7978 1
1034 92 259 30 10294 1
1035 183 259 30 10294 1
1036 274 259 30 10294 1
35
400 400 400 400 500 500 600 600 600 600 600 600 600 400 400 400 400 400 230 315 600 450 450 400 400 400 665 725 645 500 500 305 400 400 390 