1036
1 21 99 13 1848 1
2 41 99 13 1848 1
3 25 101 16 2151 1
4 49 101 16 2151 1
5 21 101 12 1718 1
6 6 99 8 1149 1
7 11 99 8 1149 1
8 17 99 22 3201 1
9 17 99 64 3180 1
10 33 99 64 3180 1
11 3 99 14 1657 1
12 5 99 14 1657 1
13 7 99 14 1657 1
14 9 99 14 1657 1
15 4 99 31 2010 1
16 4 101 18 2153 1
17 7 101 18 2153 1
18 12 101 8 696 1
19 3 99 6 624 1
20 12 99 17 2230 1
21 23 99 17 2230 1
22 24 101 12 778 1
23 6 99 5 325 1
24 4 101 9 709 1
25 6 99 28 3328 1
26 11 99 28 3328 1
27 7 101 7 837 1
28 11 99 22 2973 1
29 3 101 24 2455 1
30 5 101 24 2455 1
31 202 99 21 2011 1
32 4 101 8 872 1
33 6 101 12 1337 1
34 6 99 19 1533 1
35 4 99 11 1580 1
36 4 99 9 894 1
37 3 101 28 3649 1
38 4 99 18 2170 1
39 7 99 18 2170 1
40 11 134 9 1694 1
41 21 134 9 1694 1
42 31 134 9 1694 1
43 16 139 29 2575 1
44 31 139 29 2575 1
45 46 139 29 2575 1
46 61 139 29 2575 1
47 3 140 10 960 1
48 14 125 8 1491 1
49 27 125 8 1491 1
50 40 125 8 1491 1
51 4 132 12 2315 1
52 18 129 24 3421 1
53 35 129 24 3421 1
54 52 129 24 3421 1
55 69 129 24 3421 1
56 86 129 24 3421 1
57 103 129 24 3421 1
58 120 129 24 3421 1
59 10 132 8 795 1
60 19 132 8 795 1
61 28 132 8 795 1
62 37 132 8 795 1
63 46 132 8 795 1
64 55 132 8 795 1
65 64 132 8 795 1
66 73 132 8 795 1
67 5 110 18 1939 1
68 9 110 18 1939 1
69 13 110 18 1939 1
70 17 110 18 1939 1
71 19 127 9 640 1
72 4 122 12 1167 1
73 19 134 43 3967 1
74 37 134 43 3967 1
75 16 132 8 554 1
76 31 132 8 554 1
77 46 132 8 554 1
78 61 132 8 554 1
79 4 129 8 873 1
80 7 129 8 873 1
81 10 129 8 873 1
82 13 140 19 3934 1
83 3 134 30 4389 1
84 1 139 34 5057 1
85 1 139 34 5057 1
86 1 139 34 5057 1
87 7 140 16 2324 1
88 13 140 16 2324 1
89 19 140 16 2324 1
90 25 140 16 2324 1
91 31 140 16 2324 1
92 37 140 16 2324 1
93 60 134 16 1506 1
94 4 134 22 3832 1
95 7 134 22 3832 1
96 12 129 17 1519 1
97 4 127 10 1016 1
98 10 141 33 6932 1
99 13 121 12 1412 1
100 25 121 12 1412 1
101 16 134 39 4253 1
102 14 110 6 558 1
103 27 110 6 558 1
104 40 110 6 558 1
105 53 110 6 558 1
106 14 133 19 3334 1
107 6 127 4 450 1
108 11 127 4 450 1
109 1 139 15 3102 1
110 1 139 15 3102 1
111 14 133 8 965 1
112 10 110 11 1346 1
113 9 126 7 1159 1
114 17 126 7 1159 1
115 19 129 20 2711 1
116 37 129 20 2711 1
117 55 129 20 2711 1
118 73 129 20 2711 1
119 91 129 20 2711 1
120 109 129 20 2711 1
121 127 129 20 2711 1
122 145 129 20 2711 1
123 163 129 20 2711 1
124 181 129 20 2711 1
125 199 129 20 2711 1
126 3 141 4 313 1
127 6 122 23 1460 1
128 11 122 23 1460 1
129 16 122 23 1460 1
130 12 110 8 607 1
131 13 121 14 1603 1
132 25 121 14 1603 1
133 37 121 14 1603 1
134 13 139 35 2547 1
135 25 139 35 2547 1
136 37 139 35 2547 1
137 49 139 35 2547 1
138 61 139 35 2547 1
139 73 139 35 2547 1
140 85 139 35 2547 1
141 97 139 35 2547 1
142 109 139 35 2547 1
143 121 139 35 2547 1
144 11 137 26 5272 1
145 11 121 11 991 1
146 21 121 11 991 1
147 31 121 11 991 1
148 41 121 11 991 1
149 51 121 11 991 1
150 61 121 11 991 1
151 71 121 11 991 1
152 81 121 11 991 1
153 91 121 11 991 1
154 14 121 9 1213 1
155 27 121 9 1213 1
156 40 121 9 1213 1
157 53 121 9 1213 1
158 66 121 9 1213 1
159 79 121 9 1213 1
160 10 125 12 959 1
161 19 125 12 959 1
162 28 125 12 959 1
163 9 110 7 728 1
164 10 138 21 2958 1
165 19 138 21 2958 1
166 9 121 11 1581 1
167 11 133 5 802 1
168 13 121 5 803 1
169 25 121 5 803 1
170 37 121 5 803 1
171 49 121 5 803 1
172 61 121 5 803 1
173 73 121 5 803 1
174 85 121 5 803 1
175 97 121 5 803 1
176 109 121 5 803 1
177 121 121 5 803 1
178 133 121 5 803 1
179 145 121 5 803 1
180 5 141 24 3882 1
181 4 138 12 1838 1
182 7 138 12 1838 1
183 51 137 26 4441 1
184 15 110 10 667 1
185 29 110 10 667 1
186 43 110 10 667 1
187 10 141 9 1368 1
188 19 141 9 1368 1
189 28 141 9 1368 1
190 37 141 9 1368 1
191 46 141 9 1368 1
192 55 141 9 1368 1
193 15 132 27 2206 1
194 13 137 9 1517 1
195 9 132 21 3125 1
196 17 132 21 3125 1
197 25 132 21 3125 1
198 4 139 14 1873 1
199 3 118 15 1666 1
200 16 134 40 3645 1
201 31 134 40 3645 1
202 46 134 40 3645 1
203 61 134 40 3645 1
204 76 134 40 3645 1
205 3 133 18 2686 1
206 17 141 24 3900 1
207 33 141 24 3900 1
208 49 141 24 3900 1
209 65 141 24 3900 1
210 81 141 24 3900 1
211 10 137 5 749 1
212 19 137 5 749 1
213 28 137 5 749 1
214 12 121 7 956 1
215 9 110 12 954 1
216 17 110 12 954 1
217 5 139 39 4724 1
218 9 139 39 4724 1
219 9 125 5 856 1
220 13 125 15 1453 1
221 25 125 15 1453 1
222 4 125 9 1015 1
223 7 125 9 1015 1
224 4 129 19 2443 1
225 7 129 19 2443 1
226 10 129 19 2443 1
227 13 129 19 2443 1
228 16 129 19 2443 1
229 19 129 19 2443 1
230 22 129 19 2443 1
231 25 129 19 2443 1
232 28 129 19 2443 1
233 7 118 5 306 1
234 13 118 5 306 1
235 19 118 5 306 1
236 25 118 5 306 1
237 31 118 5 306 1
238 5 122 61 5520 1
239 9 122 61 5520 1
240 17 118 33 3409 1
241 10 125 15 2292 1
242 7 137 17 3376 1
243 8 122 24 3583 1
244 14 139 22 2039 1
245 27 139 22 2039 1
246 10 122 9 1507 1
247 19 122 9 1507 1
248 28 122 9 1507 1
249 37 122 9 1507 1
250 9 126 15 1578 1
251 17 126 15 1578 1
252 25 126 15 1578 1
253 33 126 15 1578 1
254 20 137 6 792 1
255 4 121 15 2003 1
256 2 110 5 370 1
257 3 133 10 903 1
258 5 133 10 903 1
259 12 140 42 7261 1
260 23 140 42 7261 1
261 6 110 77 11752 1
262 11 110 77 11752 1
263 14 127 21 3211 1
264 27 127 21 3211 1
265 40 127 21 3211 1
266 53 127 21 3211 1
267 34 118 7 978 1
268 13 137 12 1232 1
269 25 137 12 1232 1
270 37 137 12 1232 1
271 15 129 18 1583 1
272 13 140 41 6461 1
273 3 127 32 5547 1
274 15 129 5 585 1
275 29 129 5 585 1
276 6 125 5 811 1
277 11 125 5 811 1
278 16 125 5 811 1
279 21 125 5 811 1
280 6 126 13 1457 1
281 19 127 11 1525 1
282 37 127 11 1525 1
283 55 127 11 1525 1
284 6 110 10 1620 1
285 11 110 10 1620 1
286 11 129 8 1186 1
287 10 118 14 1159 1
288 12 129 30 2927 1
289 23 129 30 2927 1
290 34 129 30 2927 1
291 45 129 30 2927 1
292 56 129 30 2927 1
293 20 126 12 1014 1
294 12 141 10 1377 1
295 23 141 10 1377 1
296 4 127 5 917 1
297 7 127 5 917 1
298 10 127 5 917 1
299 13 139 12 1691 1
300 25 139 12 1691 1
301 37 139 12 1691 1
302 49 139 12 1691 1
303 4 133 13 1968 1
304 7 133 13 1968 1
305 10 133 13 1968 1
306 13 133 13 1968 1
307 16 133 13 1968 1
308 19 133 13 1968 1
309 10 122 8 1461 1
310 19 122 8 1461 1
311 28 122 8 1461 1
312 37 122 8 1461 1
313 46 122 8 1461 1
314 55 122 8 1461 1
315 11 140 14 1976 1
316 21 140 14 1976 1
317 31 140 14 1976 1
318 41 140 14 1976 1
319 4 132 52 3837 1
320 17 125 27 2658 1
321 33 125 27 2658 1
322 49 125 27 2658 1
323 3 140 9 1116 1
324 5 140 9 1116 1
325 14 126 24 3526 1
326 27 126 24 3526 1
327 16 129 13 1341 1
328 31 129 13 1341 1
329 46 129 13 1341 1
330 61 129 13 1341 1
331 76 129 13 1341 1
332 91 129 13 1341 1
333 3 137 8 1365 1
334 15 127 13 1584 1
335 29 127 13 1584 1
336 43 127 13 1584 1
337 57 127 13 1584 1
338 71 127 13 1584 1
339 85 127 13 1584 1
340 99 127 13 1584 1
341 7 125 11 783 1
342 18 141 20 1944 1
343 35 141 20 1944 1
344 11 129 25 4204 1
345 21 129 25 4204 1
346 31 129 25 4204 1
347 41 129 25 4204 1
348 51 129 25 4204 1
349 5 125 13 1152 1
350 9 125 13 1152 1
351 13 125 13 1152 1
352 4 121 14 2204 1
353 4 141 4 669 1
354 4 133 9 1121 1
355 7 133 9 1121 1
356 10 133 9 1121 1
357 13 133 9 1121 1
358 16 133 9 1121 1
359 4 138 19 2044 1
360 13 121 11 1149 1
361 25 121 11 1149 1
362 37 121 11 1149 1
363 13 127 17 1252 1
364 17 122 19 1943 1
365 3 140 5 519 1
366 8 129 17 1661 1
367 15 129 17 1661 1
368 4 133 18 2288 1
369 7 133 18 2288 1
370 17 141 22 4185 1
371 9 125 16 1481 1
372 4 129 22 2541 1
373 8 132 25 3941 1
374 17 134 22 1823 1
375 33 134 22 1823 1
376 5 129 17 1100 1
377 9 129 17 1100 1
378 13 129 17 1100 1
379 5 122 9 792 1
380 17 122 7 533 1
381 33 122 7 533 1
382 10 127 5 907 1
383 9 137 5 646 1
384 17 137 5 646 1
385 25 137 5 646 1
386 33 137 5 646 1
387 41 137 5 646 1
388 13 125 16 1029 1
389 25 125 16 1029 1
390 37 125 16 1029 1
391 13 134 19 3530 1
392 25 134 19 3530 1
393 37 134 19 3530 1
394 4 118 34 5162 1
395 12 140 8 1489 1
396 23 140 8 1489 1
397 34 140 8 1489 1
398 10 137 19 2000 1
399 19 137 19 2000 1
400 28 137 19 2000 1
401 37 137 19 2000 1
402 9 121 17 2305 1
403 8 127 16 1483 1
404 15 127 16 1483 1
405 22 127 16 1483 1
406 29 127 16 1483 1
407 18 110 4 302 1
408 35 110 4 302 1
409 52 110 4 302 1
410 69 110 4 302 1
411 9 121 18 2906 1
412 11 127 10 1203 1
413 21 127 10 1203 1
414 13 138 10 1263 1
415 25 138 10 1263 1
416 37 138 10 1263 1
417 49 138 10 1263 1
418 61 138 10 1263 1
419 73 138 10 1263 1
420 85 138 10 1263 1
421 4 127 12 1854 1
422 8 138 25 2501 1
423 5 141 12 1487 1
424 10 122 13 1303 1
425 10 140 8 670 1
426 19 140 8 670 1
427 28 140 8 670 1
428 37 140 8 670 1
429 4 137 40 3179 1
430 7 137 40 3179 1
431 5 138 26 3706 1
432 9 138 26 3706 1
433 13 138 26 3706 1
434 7 125 5 918 1
435 13 125 5 918 1
436 19 125 5 918 1
437 25 125 5 918 1
438 31 125 5 918 1
439 37 125 5 918 1
440 43 125 5 918 1
441 49 125 5 918 1
442 55 125 5 918 1
443 61 125 5 918 1
444 67 125 5 918 1
445 9 141 4 361 1
446 17 141 4 361 1
447 25 141 4 361 1
448 33 141 4 361 1
449 4 133 14 1295 1
450 7 133 14 1295 1
451 6 137 11 1010 1
452 26 132 12 1574 1
453 3 139 19 1461 1
454 5 139 19 1461 1
455 18 122 6 623 1
456 35 122 6 623 1
457 52 122 6 623 1
458 69 122 6 623 1
459 86 122 6 623 1
460 103 122 6 623 1
461 120 122 6 623 1
462 137 122 6 623 1
463 154 122 6 623 1
464 31 127 9 1581 1
465 10 137 11 1874 1
466 19 137 11 1874 1
467 28 137 11 1874 1
468 37 137 11 1874 1
469 5 122 15 2650 1
470 60 126 12 777 1
471 1 121 10 921 1
472 1 121 10 921 1
473 1 121 10 921 1
474 1 121 10 921 1
475 1 121 10 921 1
476 12 121 10 1008 1
477 23 121 10 1008 1
478 34 121 10 1008 1
479 45 121 10 1008 1
480 56 121 10 1008 1
481 67 121 10 1008 1
482 13 137 8 666 1
483 25 137 8 666 1
484 37 137 8 666 1
485 49 137 8 666 1
486 61 137 8 666 1
487 73 137 8 666 1
488 85 137 8 666 1
489 10 133 19 3784 1
490 19 133 19 3784 1
491 28 133 19 3784 1
492 37 133 19 3784 1
493 2 141 30 2198 1
494 4 127 14 1032 1
495 4 129 22 2127 1
496 7 129 22 2127 1
497 2 129 12 1716 1
498 3 129 12 1716 1
499 9 122 16 2430 1
500 17 122 16 2430 1
501 25 122 16 2430 1
502 33 122 16 2430 1
503 17 110 17 2594 1
504 9 121 21 3617 1
505 17 121 21 3617 1
506 25 121 21 3617 1
507 9 110 7 483 1
508 17 110 7 483 1
509 12 122 6 806 1
510 23 122 6 806 1
511 34 122 6 806 1
512 45 122 6 806 1
513 56 122 6 806 1
514 67 122 6 806 1
515 12 122 25 2075 1
516 23 122 25 2075 1
517 34 122 25 2075 1
518 45 122 25 2075 1
519 56 122 25 2075 1
520 67 122 25 2075 1
521 78 122 25 2075 1
522 89 122 25 2075 1
523 10 126 8 1357 1
524 19 126 8 1357 1
525 28 126 8 1357 1
526 13 132 17 2630 1
527 25 132 17 2630 1
528 4 126 7 1210 1
529 11 125 16 2834 1
530 21 125 16 2834 1
531 31 125 16 2834 1
532 41 125 16 2834 1
533 51 125 16 2834 1
534 61 125 16 2834 1
535 71 125 16 2834 1
536 81 125 16 2834 1
537 11 110 7 469 1
538 9 125 24 4126 1
539 17 125 24 4126 1
540 25 125 24 4126 1
541 11 138 14 1249 1
542 21 138 14 1249 1
543 3 139 17 2068 1
544 4 125 14 1564 1
545 1 141 8 965 1
546 1 141 8 965 1
547 3 125 10 1435 1
548 13 118 11 1316 1
549 17 141 32 4876 1
550 33 141 32 4876 1
551 49 141 32 4876 1
552 4 110 7 1101 1
553 10 139 12 1875 1
554 9 138 4 460 1
555 17 138 4 460 1
556 16 110 24 1405 1
557 31 110 24 1405 1
558 46 110 24 1405 1
559 8 138 14 1877 1
560 15 138 14 1877 1
561 12 134 28 4105 1
562 7 126 23 4115 1
563 81 121 17 2158 1
564 10 132 21 1747 1
565 19 132 21 1747 1
566 28 132 21 1747 1
567 37 132 21 1747 1
568 17 122 55 4114 1
569 33 122 55 4114 1
570 49 122 55 4114 1
571 65 122 55 4114 1
572 81 122 55 4114 1
573 11 125 9 1100 1
574 3 122 22 2686 1
575 5 122 22 2686 1
576 4 110 9 1089 1
577 6 121 17 1044 1
578 4 121 19 2772 1
579 12 122 7 538 1
580 23 122 7 538 1
581 34 122 7 538 1
582 45 122 7 538 1
583 56 122 7 538 1
584 67 122 7 538 1
585 78 122 7 538 1
586 89 122 7 538 1
587 100 122 7 538 1
588 111 122 7 538 1
589 122 122 7 538 1
590 10 138 23 3928 1
591 19 138 23 3928 1
592 28 138 23 3928 1
593 37 138 23 3928 1
594 46 138 23 3928 1
595 55 138 23 3928 1
596 64 138 23 3928 1
597 73 138 23 3928 1
598 82 138 23 3928 1
599 91 138 23 3928 1
600 3 110 11 1718 1
601 11 126 13 2143 1
602 21 126 13 2143 1
603 10 141 29 2422 1
604 5 118 9 545 1
605 4 122 13 1270 1
606 12 139 14 2399 1
607 3 140 15 1635 1
608 3 140 41 5514 1
609 1 138 7 1444 1
610 11 121 13 985 1
611 21 121 13 985 1
612 31 121 13 985 1
613 41 121 13 985 1
614 51 121 13 985 1
615 61 121 13 985 1
616 5 125 31 4290 1
617 5 110 9 1403 1
618 9 110 9 1403 1
619 13 110 9 1403 1
620 17 110 9 1403 1
621 21 110 9 1403 1
622 11 139 14 2534 1
623 21 139 14 2534 1
624 13 141 20 2659 1
625 25 141 20 2659 1
626 37 141 20 2659 1
627 49 141 20 2659 1
628 61 141 20 2659 1
629 73 141 20 2659 1
630 3 126 13 1863 1
631 18 127 5 361 1
632 5 139 21 4293 1
633 9 138 20 3927 1
634 17 138 20 3927 1
635 25 138 20 3927 1
636 33 138 20 3927 1
637 41 138 20 3927 1
638 3 121 5 715 1
639 8 141 47 5322 1
640 15 141 47 5322 1
641 9 126 10 1405 1
642 17 126 10 1405 1
643 25 126 10 1405 1
644 17 110 12 1328 1
645 33 110 12 1328 1
646 49 110 12 1328 1
647 65 110 12 1328 1
648 81 110 12 1328 1
649 97 110 12 1328 1
650 113 110 12 1328 1
651 129 110 12 1328 1
652 5 121 3 241 1
653 11 140 10 1416 1
654 21 140 10 1416 1
655 31 140 10 1416 1
656 41 140 10 1416 1
657 51 140 10 1416 1
658 61 140 10 1416 1
659 3 121 13 2249 1
660 15 125 3 208 1
661 3 122 26 2624 1
662 2 129 43 7535 1
663 8 165 8 1917 1
664 10 166 11 1109 1
665 19 166 11 1109 1
666 14 165 21 2729 1
667 27 165 21 2729 1
668 10 149 14 2792 1
669 14 147 24 2970 1
670 27 147 24 2970 1
671 40 147 24 2970 1
672 4 155 11 2314 1
673 11 149 10 1620 1
674 24 147 11 850 1
675 47 147 11 850 1
676 17 165 26 6226 1
677 129 157 14 2641 1
678 9 166 16 2844 1
679 12 154 7 690 1
680 9 149 55 10417 1
681 17 149 55 10417 1
682 13 151 7 1205 1
683 9 165 17 2248 1
684 22 155 27 2647 1
685 14 154 7 569 1
686 27 154 7 569 1
687 3 151 10 1316 1
688 9 155 27 5330 1
689 10 154 12 1193 1
690 9 147 13 1880 1
691 5 166 15 1746 1
692 14 149 9 1524 1
693 9 160 38 8561 1
694 2 155 10 1898 1
695 9 161 17 2299 1
696 19 154 11 1557 1
697 12 157 14 2290 1
698 23 157 14 2290 1
699 34 157 14 2290 1
700 45 157 14 2290 1
701 56 157 14 2290 1
702 67 157 14 2290 1
703 78 157 14 2290 1
704 89 157 14 2290 1
705 100 157 14 2290 1
706 111 157 14 2290 1
707 122 157 14 2290 1
708 14 160 7 756 1
709 27 160 7 756 1
710 9 158 16 2633 1
711 10 160 23 3536 1
712 25 161 7 1373 1
713 49 161 7 1373 1
714 15 160 11 1190 1
715 8 147 15 2799 1
716 15 147 15 2799 1
717 12 155 16 3043 1
718 23 155 16 3043 1
719 34 155 16 3043 1
720 45 155 16 3043 1
721 11 157 17 2802 1
722 21 157 17 2802 1
723 11 147 15 1884 1
724 21 147 15 1884 1
725 31 147 15 1884 1
726 2 149 5 856 1
727 3 149 5 856 1
728 10 161 18 2497 1
729 19 161 18 2497 1
730 28 161 18 2497 1
731 37 161 18 2497 1
732 46 161 18 2497 1
733 55 161 18 2497 1
734 64 161 18 2497 1
735 73 161 18 2497 1
736 3 149 22 2489 1
737 2 160 9 1270 1
738 3 158 41 4840 1
739 11 165 13 1680 1
740 9 158 23 4029 1
741 8 154 34 7421 1
742 11 161 22 4225 1
743 8 160 24 4710 1
744 12 158 15 2254 1
745 23 158 15 2254 1
746 34 158 15 2254 1
747 45 158 15 2254 1
748 3 151 8 1317 1
749 4 161 8 1884 1
750 10 151 9 1990 1
751 7 158 19 3096 1
752 13 158 19 3096 1
753 19 158 19 3096 1
754 9 161 10 1018 1
755 11 149 14 2048 1
756 21 149 14 2048 1
757 31 149 14 2048 1
758 13 154 32 7327 1
759 8 160 19 4110 1
760 8 155 18 3019 1
761 15 155 18 3019 1
762 22 155 18 3019 1
763 12 155 10 1065 1
764 23 155 10 1065 1
765 18 161 11 1885 1
766 35 161 11 1885 1
767 52 161 11 1885 1
768 69 161 11 1885 1
769 86 161 11 1885 1
770 103 161 11 1885 1
771 9 154 10 2052 1
772 17 154 10 2052 1
773 25 154 10 2052 1
774 33 154 10 2052 1
775 41 154 10 2052 1
776 49 154 10 2052 1
777 10 158 14 1604 1
778 15 157 12 1205 1
779 29 157 12 1205 1
780 12 154 23 3542 1
781 12 165 14 1675 1
782 127 151 12 1408 1
783 15 147 21 4572 1
784 12 147 25 2342 1
785 23 147 25 2342 1
786 26 154 12 1484 1
787 11 158 17 2328 1
788 8 157 17 3449 1
789 15 157 17 3449 1
790 4 165 12 2293 1
791 5 166 35 3236 1
792 8 155 24 5406 1
793 10 151 5 848 1
794 19 151 5 848 1
795 28 151 5 848 1
796 37 151 5 848 1
797 3 147 39 6324 1
798 5 151 23 4321 1
799 11 155 17 3702 1
800 3 154 13 2159 1
801 11 165 6 1227 1
802 21 165 6 1227 1
803 31 165 6 1227 1
804 27 166 8 1737 1
805 7 155 74 14623 1
806 8 149 25 5505 1
807 12 165 14 3139 1
808 23 165 14 3139 1
809 11 158 16 3039 1
810 21 158 16 3039 1
811 11 157 31 3758 1
812 18 160 8 1363 1
813 11 151 30 5190 1
814 5 151 17 2771 1
815 13 160 9 1679 1
816 25 160 9 1679 1
817 10 166 51 11382 1
818 19 166 51 11382 1
819 17 168 12 1246 1
820 23 178 26 4030 1
821 45 178 26 4030 1
822 30 184 7 1895 1
823 31 198 118 16439 1
824 13 183 25 4654 1
825 13 175 21 5141 1
826 15 178 17 2055 1
827 3 185 54 14168 1
828 33 198 17 2308 1
829 23 178 10 1551 1
830 13 197 22 2243 1
831 46 185 24 4985 1
832 15 195 26 5793 1
833 17 170 13 2160 1
834 13 197 14 3147 1
835 14 168 20 4087 1
836 15 198 9 1490 1
837 29 198 9 1490 1
838 15 194 20 4358 1
839 15 188 14 2999 1
840 29 188 14 2999 1
841 14 184 21 2164 1
842 15 197 14 3313 1
843 32 168 7 793 1
844 11 170 9 1838 1
845 12 190 29 3206 1
846 37 185 18 4358 1
847 3 168 19 1885 1
848 61 169 22 2337 1
849 16 178 15 1739 1
850 31 178 15 1739 1
851 37 168 16 2499 1
852 15 188 27 6672 1
853 16 169 22 5450 1
854 16 194 11 1357 1
855 4 188 22 3717 1
856 132 170 27 2961 1
857 10 170 29 3152 1
858 16 197 28 6658 1
859 41 185 26 4508 1
860 15 178 34 8605 1
861 3 168 25 4822 1
862 23 197 19 4116 1
863 45 197 19 4116 1
864 15 175 24 4522 1
865 14 170 16 2685 1
866 13 168 36 7141 1
867 9 195 20 3471 1
868 17 195 20 3471 1
869 36 197 17 4258 1
870 24 183 19 3048 1
871 13 194 30 8376 1
872 15 170 17 3382 1
873 12 194 25 3292 1
874 136 183 16 4152 1
875 271 183 16 4152 1
876 22 175 18 2603 1
877 15 169 13 1131 1
878 3 188 19 5267 1
879 41 170 9 1269 1
880 67 175 9 1831 1
881 13 183 25 4594 1
882 11 197 6 794 1
883 23 195 14 3935 1
884 12 198 11 2401 1
885 15 168 18 2900 1
886 29 168 18 2900 1
887 38 184 10 2622 1
888 36 194 19 3165 1
889 71 194 19 3165 1
890 16 194 16 3787 1
891 15 169 7 621 1
892 15 195 12 1519 1
893 10 183 5 818 1
894 16 169 12 1567 1
895 13 188 14 2733 1
896 25 195 37 6341 1
897 21 195 8 1315 1
898 13 175 22 4977 1
899 36 197 17 2413 1
900 42 175 17 2623 1
901 83 175 17 2623 1
902 13 198 21 2565 1
903 25 198 21 2565 1
904 40 178 34 3830 1
905 79 178 34 3830 1
906 15 190 10 1025 1
907 33 169 12 1242 1
908 23 194 18 4027 1
909 45 194 18 4027 1
910 17 197 36 8472 1
911 11 178 15 3391 1
912 9 185 31 3288 1
913 14 197 20 2149 1
914 11 170 20 4912 1
915 21 170 20 4912 1
916 38 210 21 2914 1
917 75 210 21 2914 1
918 112 210 21 2914 1
919 149 210 21 2914 1
920 186 210 21 2914 1
921 223 210 21 2914 1
922 260 210 21 2914 1
923 297 210 21 2914 1
924 42 222 13 2615 1
925 83 222 13 2615 1
926 124 222 13 2615 1
927 165 222 13 2615 1
928 33 212 18 3994 1
929 65 212 18 3994 1
930 34 208 29 4450 1
931 67 208 29 4450 1
932 100 208 29 4450 1
933 133 208 29 4450 1
934 166 208 29 4450 1
935 199 208 29 4450 1
936 41 222 15 4634 1
937 81 222 15 4634 1
938 121 222 15 4634 1
939 161 222 15 4634 1
940 201 222 15 4634 1
941 241 222 15 4634 1
942 281 222 15 4634 1
943 321 222 15 4634 1
944 361 222 15 4634 1
945 39 208 15 2750 1
946 77 208 15 2750 1
947 115 208 15 2750 1
948 153 208 15 2750 1
949 191 208 15 2750 1
950 229 208 15 2750 1
951 267 208 15 2750 1
952 305 208 15 2750 1
953 39 210 16 4167 1
954 77 210 16 4167 1
955 115 210 16 4167 1
956 153 210 16 4167 1
957 83 208 16 2818 1
958 38 210 8 1028 1
959 75 210 8 1028 1
960 112 210 8 1028 1
961 149 210 8 1028 1
962 186 210 8 1028 1
963 223 210 8 1028 1
964 41 212 22 3183 1
965 81 212 22 3183 1
966 121 212 22 3183 1
967 161 212 22 3183 1
968 201 212 22 3183 1
969 241 212 22 3183 1
970 281 212 22 3183 1
971 321 212 22 3183 1
972 361 212 22 3183 1
973 401 212 22 3183 1
974 441 212 22 3183 1
975 481 212 22 3183 1
976 41 211 27 2963 1
977 31 208 19 3705 1
978 61 208 19 3705 1
979 91 208 19 3705 1
980 5 210 17 2634 1
981 40 212 20 3632 1
982 119 230 16 2825 1
983 237 230 16 2825 1
984 355 230 16 2825 1
985 37 228 15 4970 1
986 73 228 15 4970 1
987 35 239 12 1504 1
988 205 230 25 4232 1
989 38 230 15 3443 1
990 75 230 15 3443 1
991 47 225 13 4138 1
992 38 239 17 2828 1
993 57 225 22 3911 1
994 33 239 12 3678 1
995 38 225 25 6408 1
996 75 225 25 6408 1
997 54 230 15 2176 1
998 107 230 15 2176 1
999 38 230 25 5519 1
1000 62 228 27 8216 1
1001 37 239 31 10171 1
1002 37 228 18 4073 1
1003 36 239 19 3215 1
1004 64 228 11 3198 1
1005 36 239 21 7183 1
1006 55 228 18 5128 1
1007 36 225 19 2497 1
1008 31 239 16 4270 1
1009 34 225 36 8891 1
1010 35 230 17 5497 1
1011 113 228 16 2094 1
1012 57 230 8 1915 1
1013 42 239 22 5467 1
1014 53 228 19 6357 1
1015 112 239 21 5536 1
1016 37 225 21 4583 1
1017 106 278 14 4224 1
1018 93 293 20 5967 1
1019 57 268 13 4836 1
1020 113 268 13 4836 1
1021 169 268 13 4836 1
1022 107 260 42 6449 1
1023 57 266 25 6275 1
1024 55 261 20 7656 1
1025 58 261 20 6769 1
1026 56 275 28 6444 1
1027 111 275 28 6444 1
1028 56 260 30 7917 1
1029 106 255 17 5572 1
1030 63 260 20 6172 1
1031 125 260 20 6172 1
1032 165 277 45 7862 1
1033 107 278 26 10417 1
1034 94 274 25 9098 1
1035 174 261 35 8206 1
1036 57 260 27 7886 1
35
400 400 400 400 500 500 600 600 600 600 600 600 600 400 400 400 400 400 230 315 600 450 450 400 400 400 665 725 645 500 500 305 400 400 390 