1036
1 7 99 6 603 1
2 13 99 6 603 1
3 6 101 17 2551 1
4 20 101 11 1156 1
5 39 101 11 1156 1
6 7 99 19 1663 1
7 17 99 22 2475 1
8 33 99 22 2475 1
9 8 99 18 1923 1
10 7 101 33 2060 1
11 19 101 16 1282 1
12 37 101 16 1282 1
13 55 101 16 1282 1
14 4 99 12 1679 1
15 23 99 5 356 1
16 6 101 34 1957 1
17 7 101 106 9559 1
18 3 101 39 3736 1
19 7 99 15 1544 1
20 12 99 10 571 1
21 12 101 18 1219 1
22 23 101 18 1219 1
23 34 101 18 1219 1
24 14 101 13 1709 1
25 6 99 7 923 1
26 4 99 38 5218 1
27 3 101 19 2839 1
28 4 99 16 1829 1
29 7 101 20 2484 1
30 5 99 10 819 1
31 14 99 11 821 1
32 19 101 12 1621 1
33 4 101 8 424 1
34 3 101 7 443 1
35 7 101 14 1026 1
36 14 99 25 2619 1
37 7 101 15 1581 1
38 3 101 10 822 1
39 7 99 5 439 1
40 3 133 12 1623 1
41 8 122 8 1092 1
42 15 122 8 1092 1
43 16 139 14 2231 1
44 12 129 8 1120 1
45 23 129 8 1120 1
46 34 129 8 1120 1
47 45 129 8 1120 1
48 10 122 5 330 1
49 19 122 5 330 1
50 28 122 5 330 1
51 10 127 21 2293 1
52 19 127 21 2293 1
53 28 127 21 2293 1
54 6 126 8 777 1
55 11 126 8 777 1
56 16 126 8 777 1
57 21 126 8 777 1
58 26 126 8 777 1
59 20 122 14 2354 1
60 13 134 17 1544 1
61 25 134 17 1544 1
62 37 134 17 1544 1
63 49 134 17 1544 1
64 61 134 17 1544 1
65 73 134 17 1544 1
66 9 132 24 3173 1
67 17 132 24 3173 1
68 25 132 24 3173 1
69 4 126 32 3864 1
70 7 126 32 3864 1
71 7 122 13 2089 1
72 13 122 13 2089 1
73 19 122 13 2089 1
74 25 122 13 2089 1
75 31 122 13 2089 1
76 14 125 37 4629 1
77 12 137 6 983 1
78 23 137 6 983 1
79 34 137 6 983 1
80 45 137 6 983 1
81 56 137 6 983 1
82 21 141 31 3309 1
83 5 133 12 1005 1
84 9 133 12 1005 1
85 13 133 12 1005 1
86 17 133 12 1005 1
87 21 133 12 1005 1
88 25 133 12 1005 1
89 29 133 12 1005 1
90 33 133 12 1005 1
91 4 110 16 2197 1
92 11 125 9 1607 1
93 11 127 15 2022 1
94 21 127 15 2022 1
95 8 138 14 2037 1
96 15 138 14 2037 1
97 3 125 10 1854 1
98 3 140 8 623 1
99 4 140 9 1675 1
100 14 134 7 1185 1
101 27 134 7 1185 1
102 40 134 7 1185 1
103 53 134 7 1185 1
104 5 139 13 957 1
105 4 139 13 1852 1
106 7 139 13 1852 1
107 15 138 3 564 1
108 29 138 3 564 1
109 43 138 3 564 1
110 57 138 3 564 1
111 71 138 3 564 1
112 85 138 3 564 1
113 99 138 3 564 1
114 5 141 10 858 1
115 9 141 10 858 1
116 4 125 39 4633 1
117 28 140 16 2358 1
118 4 132 28 5118 1
119 45 118 31 1992 1
120 18 129 11 964 1
121 35 129 11 964 1
122 52 129 11 964 1
123 69 129 11 964 1
124 86 129 11 964 1
125 103 129 11 964 1
126 120 129 11 964 1
127 137 129 11 964 1
128 154 129 11 964 1
129 171 129 11 964 1
130 188 129 11 964 1
131 15 140 4 499 1
132 29 140 4 499 1
133 43 140 4 499 1
134 57 140 4 499 1
135 71 140 4 499 1
136 85 140 4 499 1
137 99 140 4 499 1
138 113 140 4 499 1
139 127 140 4 499 1
140 141 140 4 499 1
141 155 140 4 499 1
142 169 140 4 499 1
143 183 140 4 499 1
144 197 140 4 499 1
145 11 138 18 2336 1
146 1 129 10 1528 1
147 1 129 10 1528 1
148 1 129 10 1528 1
149 1 129 10 1528 1
150 1 129 10 1528 1
151 1 129 10 1528 1
152 1 129 10 1528 1
153 1 129 10 1528 1
154 1 129 10 1528 1
155 1 129 10 1528 1
156 1 129 10 1528 1
157 1 129 10 1528 1
158 8 138 6 712 1
159 15 138 6 712 1
160 22 138 6 712 1
161 29 138 6 712 1
162 36 138 6 712 1
163 43 138 6 712 1
164 50 138 6 712 1
165 57 138 6 712 1
166 64 138 6 712 1
167 71 138 6 712 1
168 78 138 6 712 1
169 3 138 7 560 1
170 13 121 34 2460 1
171 25 121 34 2460 1
172 37 121 34 2460 1
173 11 141 24 2078 1
174 21 141 24 2078 1
175 31 141 24 2078 1
176 41 141 24 2078 1
177 51 141 24 2078 1
178 12 139 6 1226 1
179 23 139 6 1226 1
180 34 139 6 1226 1
181 1 140 36 5779 1
182 1 140 36 5779 1
183 1 140 36 5779 1
184 1 140 36 5779 1
185 45 125 18 3078 1
186 13 122 8 545 1
187 25 122 8 545 1
188 37 122 8 545 1
189 49 122 8 545 1
190 61 122 8 545 1
191 73 122 8 545 1
192 85 122 8 545 1
193 97 122 8 545 1
194 16 133 12 1168 1
195 12 121 14 1104 1
196 23 121 14 1104 1
197 34 121 14 1104 1
198 45 121 14 1104 1
199 13 122 13 853 1
200 25 122 13 853 1
201 37 122 13 853 1
202 49 122 13 853 1
203 61 122 13 853 1
204 73 122 13 853 1
205 8 139 13 1374 1
206 15 139 13 1374 1
207 22 139 13 1374 1
208 3 140 32 5830 1
209 4 129 12 1685 1
210 6 133 19 2757 1
211 11 133 19 2757 1
212 16 133 19 2757 1
213 34 141 33 4755 1
214 7 140 10 1322 1
215 13 140 10 1322 1
216 19 140 10 1322 1
217 25 140 10 1322 1
218 31 140 10 1322 1
219 37 140 10 1322 1
220 43 140 10 1322 1
221 49 140 10 1322 1
222 55 140 10 1322 1
223 4 127 9 943 1
224 15 137 7 554 1
225 6 141 65 10445 1
226 11 141 65 10445 1
227 16 141 65 10445 1
228 21 141 65 10445 1
229 26 141 65 10445 1
230 10 141 51 7588 1
231 19 141 51 7588 1
232 28 141 51 7588 1
233 37 141 51 7588 1
234 46 141 51 7588 1
235 55 141 51 7588 1
236 64 141 51 7588 1
237 73 141 51 7588 1
238 82 141 51 7588 1
239 91 141 51 7588 1
240 100 141 51 7588 1
241 109 141 51 7588 1
242 118 141 51 7588 1
243 127 141 51 7588 1
244 136 141 51 7588 1
245 33 141 10 1531 1
246 9 129 6 981 1
247 17 129 6 981 1
248 14 138 10 1993 1
249 27 138 10 1993 1
250 15 140 6 883 1
251 29 140 6 883 1
252 5 139 20 1905 1
253 9 139 20 1905 1
254 13 139 20 1905 1
255 17 139 20 1905 1
256 5 129 31 3658 1
257 8 133 8 1523 1
258 15 133 8 1523 1
259 7 121 38 4627 1
260 18 126 9 1363 1
261 35 126 9 1363 1
262 5 132 12 1865 1
263 9 132 12 1865 1
264 14 118 17 1343 1
265 14 138 10 1869 1
266 27 138 10 1869 1
267 7 121 13 948 1
268 13 121 13 948 1
269 8 132 7 958 1
270 10 127 9 939 1
271 19 127 9 939 1
272 28 127 9 939 1
273 37 127 9 939 1
274 46 127 9 939 1
275 55 127 9 939 1
276 12 118 8 1122 1
277 23 118 8 1122 1
278 9 127 18 2456 1
279 17 127 18 2456 1
280 25 127 18 2456 1
281 33 127 18 2456 1
282 41 127 18 2456 1
283 49 127 18 2456 1
284 17 110 10 571 1
285 33 110 10 571 1
286 49 110 10 571 1
287 65 110 10 571 1
288 81 110 10 571 1
289 3 134 54 6705 1
290 5 134 54 6705 1
291 7 134 54 6705 1
292 9 134 54 6705 1
293 11 134 54 6705 1
294 13 134 54 6705 1
295 8 110 51 5012 1
296 15 110 51 5012 1
297 22 110 51 5012 1
298 6 139 38 4497 1
299 7 122 9 1367 1
300 13 122 9 1367 1
301 7 133 10 740 1
302 4 118 9 628 1
303 10 139 8 815 1
304 19 139 8 815 1
305 28 139 8 815 1
306 4 110 14 1783 1
307 10 140 10 1148 1
308 19 140 10 1148 1
309 28 140 10 1148 1
310 37 140 10 1148 1
311 46 140 10 1148 1
312 55 140 10 1148 1
313 10 110 12 1227 1
314 19 110 12 1227 1
315 19 122 28 4687 1
316 37 122 28 4687 1
317 55 122 28 4687 1
318 73 122 28 4687 1
319 91 122 28 4687 1
320 109 122 28 4687 1
321 127 122 28 4687 1
322 145 122 28 4687 1
323 163 122 28 4687 1
324 181 122 28 4687 1
325 4 134 13 1816 1
326 18 141 5 820 1
327 35 141 5 820 1
328 13 125 22 3560 1
329 25 125 22 3560 1
330 37 125 22 3560 1
331 49 125 22 3560 1
332 16 110 11 1534 1
333 31 110 11 1534 1
334 46 110 11 1534 1
335 61 110 11 1534 1
336 76 110 11 1534 1
337 19 126 32 2859 1
338 37 126 32 2859 1
339 55 126 32 2859 1
340 73 126 32 2859 1
341 91 126 32 2859 1
342 109 126 32 2859 1
343 14 140 31 4135 1
344 27 140 31 4135 1
345 40 140 31 4135 1
346 53 140 31 4135 1
347 12 139 15 2995 1
348 23 139 15 2995 1
349 34 139 15 2995 1
350 45 139 15 2995 1
351 56 139 15 2995 1
352 67 139 15 2995 1
353 18 140 6 518 1
354 3 134 12 1463 1
355 4 139 25 3760 1
356 3 125 17 2896 1
357 5 125 17 2896 1
358 2 141 30 4351 1
359 4 133 27 4255 1
360 4 125 5 337 1
361 3 139 14 1384 1
362 9 118 31 3185 1
363 4 139 17 3528 1
364 9 118 7 424 1
365 9 110 4 523 1
366 17 110 4 523 1
367 25 110 4 523 1
368 33 110 4 523 1
369 9 110 18 1589 1
370 17 110 18 1589 1
371 25 110 18 1589 1
372 33 110 18 1589 1
373 41 110 18 1589 1
374 49 110 18 1589 1
375 5 137 13 1230 1
376 9 137 13 1230 1
377 13 137 13 1230 1
378 17 137 13 1230 1
379 21 137 13 1230 1
380 25 137 13 1230 1
381 13 139 14 1795 1
382 3 140 15 1171 1
383 5 140 15 1171 1
384 3 127 13 1856 1
385 5 127 13 1856 1
386 7 127 13 1856 1
387 5 134 23 3962 1
388 9 134 23 3962 1
389 13 127 29 2768 1
390 25 127 29 2768 1
391 37 127 29 2768 1
392 18 134 26 3152 1
393 17 129 6 998 1
394 3 122 11 1050 1
395 8 137 8 1537 1
396 15 137 8 1537 1
397 22 137 8 1537 1
398 29 137 8 1537 1
399 36 137 8 1537 1
400 43 137 8 1537 1
401 50 137 8 1537 1
402 57 137 8 1537 1
403 3 118 20 1248 1
404 5 118 20 1248 1
405 7 118 20 1248 1
406 9 118 20 1248 1
407 11 118 20 1248 1
408 19 134 12 1114 1
409 37 134 12 1114 1
410 55 134 12 1114 1
411 73 134 12 1114 1
412 91 134 12 1114 1
413 109 134 12 1114 1
414 127 134 12 1114 1
415 145 134 12 1114 1
416 163 134 12 1114 1
417 14 138 5 497 1
418 27 138 5 497 1
419 40 138 5 497 1
420 53 138 5 497 1
421 66 138 5 497 1
422 79 138 5 497 1
423 4 139 18 2647 1
424 3 110 11 901 1
425 5 110 11 901 1
426 3 132 11 2106 1
427 3 110 15 2248 1
428 13 134 14 1479 1
429 11 125 17 2911 1
430 21 125 17 2911 1
431 12 138 8 995 1
432 12 110 8 838 1
433 23 110 8 838 1
434 34 110 8 838 1
435 45 110 8 838 1
436 56 110 8 838 1
437 67 110 8 838 1
438 4 139 7 961 1
439 7 139 7 961 1
440 8 118 14 1592 1
441 15 118 14 1592 1
442 22 118 14 1592 1
443 29 118 14 1592 1
444 36 118 14 1592 1
445 43 118 14 1592 1
446 50 118 14 1592 1
447 57 118 14 1592 1
448 64 118 14 1592 1
449 71 118 14 1592 1
450 78 118 14 1592 1
451 6 121 16 2853 1
452 4 126 8 800 1
453 17 138 7 564 1
454 33 138 7 564 1
455 49 138 7 564 1
456 65 138 7 564 1
457 81 138 7 564 1
458 97 138 7 564 1
459 113 138 7 564 1
460 8 118 19 2838 1
461 15 118 19 2838 1
462 22 118 19 2838 1
463 14 125 13 1738 1
464 27 125 13 1738 1
465 9 138 19 1796 1
466 8 134 6 697 1
467 15 134 6 697 1
468 22 134 6 697 1
469 29 134 6 697 1
470 36 134 6 697 1
471 14 121 13 1338 1
472 27 121 13 1338 1
473 40 121 13 1338 1
474 53 121 13 1338 1
475 66 121 13 1338 1
476 79 121 13 1338 1
477 92 121 13 1338 1
478 105 121 13 1338 1
479 118 121 13 1338 1
480 131 121 13 1338 1
481 144 121 13 1338 1
482 2 127 24 2731 1
483 7 118 20 1333 1
484 13 118 20 1333 1
485 19 118 20 1333 1
486 25 118 20 1333 1
487 31 118 20 1333 1
488 37 118 20 1333 1
489 43 118 20 1333 1
490 49 118 20 1333 1
491 55 118 20 1333 1
492 5 133 34 3919 1
493 13 138 11 2152 1
494 25 138 11 2152 1
495 37 138 11 2152 1
496 49 138 11 2152 1
497 4 133 38 5054 1
498 9 121 9 1045 1
499 10 118 10 841 1
500 19 118 10 841 1
501 28 118 10 841 1
502 37 118 10 841 1
503 3 129 17 2395 1
504 13 140 18 2347 1
505 25 140 18 2347 1
506 16 110 11 1025 1
507 13 126 11 706 1
508 25 126 11 706 1
509 37 126 11 706 1
510 49 126 11 706 1
511 29 127 12 1967 1
512 18 126 14 1643 1
513 35 126 14 1643 1
514 52 126 14 1643 1
515 26 134 23 3186 1
516 1 118 28 2769 1
517 6 140 15 2263 1
518 11 140 15 2263 1
519 16 140 15 2263 1
520 21 140 15 2263 1
521 26 140 15 2263 1
522 31 140 15 2263 1
523 36 140 15 2263 1
524 41 140 15 2263 1
525 46 140 15 2263 1
526 51 140 15 2263 1
527 5 138 74 5665 1
528 10 118 12 1486 1
529 19 118 12 1486 1
530 28 118 12 1486 1
531 3 139 11 1900 1
532 5 139 11 1900 1
533 7 139 11 1900 1
534 11 129 35 2728 1
535 21 129 35 2728 1
536 31 129 35 2728 1
537 41 129 35 2728 1
538 51 129 35 2728 1
539 61 129 35 2728 1
540 71 129 35 2728 1
541 81 129 35 2728 1
542 3 138 12 1876 1
543 14 133 11 1557 1
544 13 140 10 1072 1
545 6 122 16 2880 1
546 13 138 54 5504 1
547 8 121 13 1219 1
548 13 138 16 2352 1
549 25 138 16 2352 1
550 19 127 11 1433 1
551 37 127 11 1433 1
552 11 133 32 3648 1
553 4 133 6 581 1
554 7 133 6 581 1
555 4 121 6 835 1
556 6 110 6 414 1
557 11 110 6 414 1
558 8 134 10 1014 1
559 9 140 30 4142 1
560 17 140 30 4142 1
561 25 140 30 4142 1
562 33 140 30 4142 1
563 41 140 30 4142 1
564 49 140 30 4142 1
565 57 140 30 4142 1
566 65 140 30 4142 1
567 73 140 30 4142 1
568 81 140 30 4142 1
569 89 140 30 4142 1
570 97 140 30 4142 1
571 4 140 30 6056 1
572 10 137 21 1569 1
573 19 137 21 1569 1
574 28 137 21 1569 1
575 37 137 21 1569 1
576 46 137 21 1569 1
577 55 137 21 1569 1
578 4 127 10 1383 1
579 7 127 10 1383 1
580 4 121 3 364 1
581 7 138 37 7318 1
582 13 138 37 7318 1
583 16 139 8 1029 1
584 31 139 8 1029 1
585 46 139 8 1029 1
586 12 138 8 590 1
587 23 138 8 590 1
588 34 138 8 590 1
589 45 138 8 590 1
590 56 138 8 590 1
591 67 138 8 590 1
592 3 127 26 2222 1
593 5 127 26 2222 1
594 7 127 26 2222 1
595 9 127 26 2222 1
596 11 127 26 2222 1
597 21 127 23 2839 1
598 41 127 23 2839 1
599 29 134 13 2507 1
600 10 126 23 2437 1
601 9 110 9 787 1
602 17 110 9 787 1
603 25 110 9 787 1
604 33 110 9 787 1
605 41 110 9 787 1
606 49 110 9 787 1
607 57 110 9 787 1
608 65 110 9 787 1
609 73 110 9 787 1
610 81 110 9 787 1
611 89 110 9 787 1
612 97 110 9 787 1
613 105 110 9 787 1
614 4 126 13 1602 1
615 12 121 14 2335 1
616 33 129 6 681 1
617 8 138 30 2908 1
618 15 138 30 2908 1
619 22 138 30 2908 1
620 29 138 30 2908 1
621 36 138 30 2908 1
622 43 138 30 2908 1
623 50 138 30 2908 1
624 57 138 30 2908 1
625 64 138 30 2908 1
626 71 138 30 2908 1
627 78 138 30 2908 1
628 4 139 33 2945 1
629 7 139 33 2945 1
630 10 139 33 2945 1
631 13 139 33 2945 1
632 16 139 33 2945 1
633 19 139 33 2945 1
634 22 139 33 2945 1
635 11 141 24 3220 1
636 21 141 24 3220 1
637 31 141 24 3220 1
638 41 141 24 3220 1
639 5 133 12 1255 1
640 9 133 12 1255 1
641 13 133 12 1255 1
642 17 133 12 1255 1
643 21 133 12 1255 1
644 25 133 12 1255 1
645 29 133 12 1255 1
646 33 133 12 1255 1
647 16 122 15 2308 1
648 37 132 13 1919 1
649 1 140 24 4853 1
650 5 133 7 992 1
651 9 133 7 992 1
652 14 133 12 1683 1
653 27 133 12 1683 1
654 40 133 12 1683 1
655 3 132 5 376 1
656 15 132 17 2980 1
657 29 132 17 2980 1
658 43 132 17 2980 1
659 57 132 17 2980 1
660 71 132 17 2980 1
661 3 132 11 1725 1
662 5 133 10 1924 1
663 5 147 10 892 1
664 9 147 10 892 1
665 13 147 10 892 1
666 12 149 30 4700 1
667 23 149 30 4700 1
668 34 149 30 4700 1
669 9 151 20 3062 1
670 17 151 20 3062 1
671 25 151 20 3062 1
672 8 151 14 2571 1
673 14 147 27 4944 1
674 13 149 12 1466 1
675 25 149 12 1466 1
676 37 149 12 1466 1
677 15 157 32 4847 1
678 29 157 32 4847 1
679 5 157 14 1657 1
680 8 149 32 3612 1
681 15 149 32 3612 1
682 12 157 39 4441 1
683 23 157 39 4441 1
684 10 155 28 4975 1
685 13 147 16 1290 1
686 25 147 16 1290 1
687 21 158 6 540 1
688 3 149 31 5960 1
689 5 149 31 5960 1
690 13 160 20 3087 1
691 25 160 20 3087 1
692 5 147 32 4652 1
693 4 166 15 1616 1
694 28 160 11 1850 1
695 55 160 11 1850 1
696 8 158 40 4024 1
697 19 149 21 3405 1
698 11 166 14 1662 1
699 4 166 30 3568 1
700 9 151 20 1881 1
701 9 158 42 4375 1
702 10 155 21 4331 1
703 19 155 21 4331 1
704 3 160 15 3486 1
705 10 155 9 1042 1
706 8 151 16 3212 1
707 3 166 26 4990 1
708 2 158 21 4628 1
709 4 155 12 1483 1
710 9 149 56 4768 1
711 3 154 13 1301 1
712 13 166 29 5446 1
713 25 166 29 5446 1
714 13 151 10 1599 1
715 11 147 11 1024 1
716 9 161 12 1527 1
717 7 149 11 2433 1
718 26 165 9 894 1
719 160 155 24 2277 1
720 28 154 17 3020 1
721 55 154 17 3020 1
722 4 157 40 3936 1
723 7 157 40 3936 1
724 10 157 40 3936 1
725 6 147 15 3184 1
726 16 154 24 2741 1
727 31 154 24 2741 1
728 46 154 24 2741 1
729 61 154 24 2741 1
730 76 154 24 2741 1
731 91 154 24 2741 1
732 106 154 24 2741 1
733 121 154 24 2741 1
734 136 154 24 2741 1
735 14 157 14 2977 1
736 27 157 14 2977 1
737 40 157 14 2977 1
738 4 155 20 1720 1
739 7 155 20 1720 1
740 12 155 21 3832 1
741 23 155 21 3832 1
742 34 155 21 3832 1
743 45 155 21 3832 1
744 56 155 21 3832 1
745 67 155 21 3832 1
746 10 151 17 2378 1
747 3 154 14 2267 1
748 15 155 12 1487 1
749 14 166 28 3148 1
750 15 165 34 8373 1
751 14 165 11 1136 1
752 27 165 11 1136 1
753 40 165 11 1136 1
754 53 165 11 1136 1
755 10 155 10 2292 1
756 15 161 9 1245 1
757 29 161 9 1245 1
758 9 158 16 3047 1
759 12 160 16 1387 1
760 9 151 18 2432 1
761 26 154 12 1476 1
762 9 147 7 1352 1
763 17 147 7 1352 1
764 25 147 7 1352 1
765 11 151 8 910 1
766 11 151 8 660 1
767 8 161 9 1149 1
768 7 157 14 2242 1
769 13 157 14 2242 1
770 4 151 22 2457 1
771 12 166 11 1414 1
772 15 155 9 1129 1
773 11 147 26 2072 1
774 21 147 26 2072 1
775 16 154 27 5080 1
776 31 154 27 5080 1
777 46 154 27 5080 1
778 12 154 22 3655 1
779 9 165 17 2962 1
780 10 151 28 4641 1
781 11 151 16 3614 1
782 12 154 10 1232 1
783 23 154 10 1232 1
784 34 154 10 1232 1
785 12 155 26 2090 1
786 8 157 8 785 1
787 15 157 8 785 1
788 22 157 8 785 1
789 29 157 8 785 1
790 13 165 5 1233 1
791 25 165 5 1233 1
792 37 165 5 1233 1
793 12 155 18 3808 1
794 11 166 19 4555 1
795 21 166 19 4555 1
796 14 149 9 1007 1
797 27 149 9 1007 1
798 40 149 9 1007 1
799 53 149 9 1007 1
800 12 155 14 3078 1
801 21 160 14 1637 1
802 10 161 26 5766 1
803 8 147 15 2772 1
804 12 149 18 3751 1
805 23 149 18 3751 1
806 2 160 17 2486 1
807 9 161 60 7655 1
808 13 160 13 2638 1
809 25 160 13 2638 1
810 37 160 13 2638 1
811 49 160 13 2638 1
812 61 160 13 2638 1
813 73 160 13 2638 1
814 22 154 15 3061 1
815 11 165 23 3440 1
816 9 154 20 4060 1
817 11 155 15 2827 1
818 21 155 15 2827 1
819 29 183 18 3349 1
820 9 178 17 2199 1
821 15 188 22 4968 1
822 15 195 25 6727 1
823 29 195 25 6727 1
824 16 190 80 19627 1
825 31 190 80 19627 1
826 4 195 19 3456 1
827 15 184 50 7830 1
828 29 184 50 7830 1
829 43 184 50 7830 1
830 21 190 21 5125 1
831 13 183 47 12734 1
832 13 168 24 2798 1
833 15 190 7 1350 1
834 29 190 7 1350 1
835 43 190 7 1350 1
836 34 185 11 2086 1
837 25 197 46 12486 1
838 4 195 16 2852 1
839 11 184 31 4288 1
840 23 184 12 2256 1
841 16 184 17 2859 1
842 31 184 17 2859 1
843 46 184 17 2859 1
844 15 185 58 9978 1
845 13 175 17 1789 1
846 15 197 13 3280 1
847 29 197 13 3280 1
848 15 190 34 8479 1
849 16 178 3 523 1
850 31 178 3 523 1
851 44 188 28 3003 1
852 47 175 20 5149 1
853 93 175 20 5149 1
854 139 175 20 5149 1
855 16 175 20 4012 1
856 31 175 20 4012 1
857 46 175 20 4012 1
858 40 169 25 5779 1
859 14 169 13 2073 1
860 3 194 36 6796 1
861 22 190 15 2645 1
862 16 175 18 2965 1
863 23 169 19 1918 1
864 22 170 17 2290 1
865 15 194 29 3198 1
866 14 184 19 3682 1
867 16 194 24 4406 1
868 21 194 20 4943 1
869 22 170 10 2073 1
870 23 184 37 5563 1
871 10 195 27 3653 1
872 19 195 27 3653 1
873 15 169 60 7634 1
874 10 168 19 4052 1
875 2 188 37 7055 1
876 36 194 18 3336 1
877 71 194 18 3336 1
878 106 194 18 3336 1
879 11 188 18 4780 1
880 3 188 9 1647 1
881 24 183 16 4293 1
882 47 183 16 4293 1
883 70 183 16 4293 1
884 14 185 22 5168 1
885 34 190 20 2859 1
886 13 175 30 4526 1
887 16 197 14 3233 1
888 14 198 14 3430 1
889 14 183 18 3622 1
890 15 170 21 2965 1
891 21 170 29 5620 1
892 36 170 15 1795 1
893 14 168 22 2843 1
894 23 175 14 3428 1
895 12 178 14 2497 1
896 3 185 8 1837 1
897 3 198 19 3833 1
898 10 184 28 6972 1
899 15 198 18 2340 1
900 3 170 20 2463 1
901 16 197 12 3511 1
902 31 197 12 3511 1
903 46 197 12 3511 1
904 15 185 16 2856 1
905 15 175 15 2490 1
906 29 175 15 2490 1
907 43 175 15 2490 1
908 57 175 15 2490 1
909 14 198 7 1087 1
910 22 185 30 2824 1
911 15 194 29 6888 1
912 16 183 9 2460 1
913 11 188 9 2515 1
914 14 170 23 4677 1
915 12 198 12 1935 1
916 43 210 17 1846 1
917 85 210 17 1846 1
918 127 210 17 1846 1
919 169 210 17 1846 1
920 211 210 17 1846 1
921 253 210 17 1846 1
922 295 210 17 1846 1
923 337 210 17 1846 1
924 379 210 17 1846 1
925 421 210 17 1846 1
926 463 210 17 1846 1
927 505 210 17 1846 1
928 71 207 10 2926 1
929 45 222 14 1591 1
930 89 222 14 1591 1
931 133 222 14 1591 1
932 177 222 14 1591 1
933 221 222 14 1591 1
934 265 222 14 1591 1
935 309 222 14 1591 1
936 353 222 14 1591 1
937 39 222 15 3449 1
938 77 222 15 3449 1
939 115 222 15 3449 1
940 153 222 15 3449 1
941 191 222 15 3449 1
942 41 222 1 278 1
943 81 222 1 278 1
944 121 222 1 278 1
945 46 207 25 6713 1
946 91 207 25 6713 1
947 136 207 25 6713 1
948 181 207 25 6713 1
949 226 207 25 6713 1
950 271 207 25 6713 1
951 316 207 25 6713 1
952 361 207 25 6713 1
953 406 207 25 6713 1
954 451 207 25 6713 1
955 38 210 12 2167 1
956 48 211 11 1833 1
957 95 211 11 1833 1
958 142 211 11 1833 1
959 189 211 11 1833 1
960 236 211 11 1833 1
961 283 211 11 1833 1
962 330 211 11 1833 1
963 377 211 11 1833 1
964 424 211 11 1833 1
965 471 211 11 1833 1
966 518 211 11 1833 1
967 53 210 20 2950 1
968 105 210 20 2950 1
969 157 210 20 2950 1
970 209 210 20 2950 1
971 42 222 20 4289 1
972 83 222 20 4289 1
973 124 222 20 4289 1
974 36 212 12 3226 1
975 71 212 12 3226 1
976 106 212 12 3226 1
977 39 222 29 7660 1
978 38 210 12 2658 1
979 32 207 22 3682 1
980 63 207 22 3682 1
981 94 207 22 3682 1
982 38 239 16 3689 1
983 75 239 16 3689 1
984 36 228 14 4168 1
985 36 230 19 3130 1
986 108 230 15 3959 1
987 39 239 26 5830 1
988 37 239 19 4650 1
989 40 225 24 7313 1
990 53 239 26 5424 1
991 227 228 29 9886 1
992 36 228 13 2804 1
993 36 239 26 8622 1
994 37 225 14 3821 1
995 33 230 18 3325 1
996 33 225 18 4710 1
997 36 228 16 2084 1
998 37 225 11 2375 1
999 58 230 17 4405 1
1000 115 230 17 4405 1
1001 36 225 12 3607 1
1002 55 228 14 3528 1
1003 95 230 18 2349 1
1004 189 230 18 2349 1
1005 283 230 18 2349 1
1006 377 230 18 2349 1
1007 37 230 20 6723 1
1008 35 230 15 3326 1
1009 36 230 19 2298 1
1010 37 225 15 4231 1
1011 97 230 12 3974 1
1012 53 239 11 2503 1
1013 37 239 17 2057 1
1014 37 228 15 1930 1
1015 73 228 15 1930 1
1016 109 228 15 1930 1
1017 93 264 29 6739 1
1018 172 303 26 7921 1
1019 58 260 23 6015 1
1020 115 260 23 6015 1
1021 172 260 23 6015 1
1022 229 260 23 6015 1
1023 69 255 22 3162 1
1024 36 293 14 5705 1
1025 94 294 32 6866 1
1026 57 274 1 160 1
1027 113 274 1 160 1
1028 122 278 37 14097 1
1029 59 258 18 6501 1
1030 117 258 18 6501 1
1031 54 303 17 6378 1
1032 37 294 35 7626 1
1033 92 294 25 5070 1
1034 106 265 32 4443 1
1035 36 260 26 7307 1
1036 62 282 25 5732 1
35
400 400 400 400 500 500 600 600 600 600 600 600 600 400 400 400 400 400 230 315 600 450 450 400 400 400 665 725 645 500 500 305 400 400 390 