1036
1 4 101 19 2278 1
2 7 101 19 2278 1
3 10 101 19 2278 1
4 4 99 30 3055 1
5 7 99 30 3055 1
6 10 99 30 3055 1
7 13 99 30 3055 1
8 4 99 33 3492 1
9 11 99 29 1829 1
10 353 99 15 1289 1
11 3 101 15 1665 1
12 4 101 33 4869 1
13 7 101 33 4869 1
14 10 101 33 4869 1
15 16 101 24 2838 1
16 3 99 12 1082 1
17 3 99 23 1599 1
18 4 101 26 1458 1
19 4 101 11 676 1
20 7 101 11 676 1
21 10 101 11 676 1
22 3 101 21 3065 1
23 5 101 21 3065 1
24 5 99 5 461 1
25 9 99 5 461 1
26 23 101 17 2143 1
27 45 101 17 2143 1
28 3 99 6 419 1
29 15 101 4 362 1
30 29 101 4 362 1
31 18 99 16 1585 1
32 22 99 21 1218 1
33 6 101 20 1899 1
34 18 101 14 959 1
35 35 101 14 959 1
36 279 101 17 1238 1
37 4 99 10 771 1
38 4 99 7 857 1
39 7 99 7 857 1
40 4 127 14 2619 1
41 5 122 66 11578 1
42 3 141 29 3243 1
43 5 141 29 3243 1
44 7 141 29 3243 1
45 9 141 29 3243 1
46 11 141 29 3243 1
47 13 141 29 3243 1
48 15 141 29 3243 1
49 14 126 19 3138 1
50 27 126 19 3138 1
51 9 121 7 548 1
52 17 121 7 548 1
53 25 121 7 548 1
54 33 121 7 548 1
55 3 118 36 3493 1
56 9 125 11 1751 1
57 17 125 11 1751 1
58 25 125 11 1751 1
59 33 125 11 1751 1
60 41 125 11 1751 1
61 49 125 11 1751 1
62 57 125 11 1751 1
63 9 138 9 958 1
64 4 139 14 2030 1
65 7 139 14 2030 1
66 4 122 11 705 1
67 10 110 22 2157 1
68 7 138 7 1174 1
69 13 138 7 1174 1
70 19 138 7 1174 1
71 25 138 7 1174 1
72 31 138 7 1174 1
73 5 141 9 1224 1
74 9 141 9 1224 1
75 14 118 12 776 1
76 18 127 11 1335 1
77 35 127 11 1335 1
78 19 118 14 866 1
79 37 118 14 866 1
80 15 129 10 1551 1
81 29 129 10 1551 1
82 18 121 17 2166 1
83 35 121 17 2166 1
84 52 121 17 2166 1
85 69 121 17 2166 1
86 5 122 12 1255 1
87 4 121 12 1486 1
88 7 121 12 1486 1
89 10 121 12 1486 1
90 4 134 11 1328 1
91 7 134 11 1328 1
92 10 134 11 1328 1
93 13 134 11 1328 1
94 16 134 11 1328 1
95 19 134 11 1328 1
96 22 134 11 1328 1
97 2 126 6 490 1
98 3 126 6 490 1
99 4 134 13 2276 1
100 9 125 43 5843 1
101 6 129 9 1388 1
102 11 129 9 1388 1
103 17 134 9 1425 1
104 16 118 25 3678 1
105 31 118 25 3678 1
106 18 141 11 2247 1
107 35 141 11 2247 1
108 52 141 11 2247 1
109 13 137 8 1081 1
110 25 137 8 1081 1
111 37 137 8 1081 1
112 49 137 8 1081 1
113 61 137 8 1081 1
114 73 137 8 1081 1
115 85 137 8 1081 1
116 97 137 8 1081 1
117 109 137 8 1081 1
118 4 134 11 1213 1
119 7 134 11 1213 1
120 9 110 17 2662 1
121 17 110 17 2662 1
122 25 110 17 2662 1
123 14 118 11 1708 1
124 27 118 11 1708 1
125 4 137 10 1337 1
126 7 137 10 1337 1
127 4 118 8 830 1
128 7 118 8 830 1
129 8 140 33 6512 1
130 15 140 33 6512 1
131 22 140 33 6512 1
132 51 132 5 602 1
133 10 129 12 2307 1
134 19 129 12 2307 1
135 28 129 12 2307 1
136 3 132 6 568 1
137 3 118 10 696 1
138 10 140 13 1247 1
139 4 127 10 894 1
140 7 127 10 894 1
141 5 139 19 2277 1
142 9 139 19 2277 1
143 13 139 19 2277 1
144 17 139 19 2277 1
145 21 139 19 2277 1
146 16 118 10 1485 1
147 31 118 10 1485 1
148 16 134 15 2515 1
149 31 134 15 2515 1
150 46 134 15 2515 1
151 5 121 13 1233 1
152 9 129 15 1918 1
153 17 129 15 1918 1
154 25 129 15 1918 1
155 33 129 15 1918 1
156 11 133 7 521 1
157 21 133 7 521 1
158 5 141 17 1232 1
159 9 141 17 1232 1
160 13 141 17 1232 1
161 17 141 17 1232 1
162 21 141 17 1232 1
163 25 141 17 1232 1
164 29 141 17 1232 1
165 23 118 8 1084 1
166 45 118 8 1084 1
167 11 125 9 1341 1
168 11 129 14 2022 1
169 21 129 14 2022 1
170 31 129 14 2022 1
171 41 129 14 2022 1
172 51 129 14 2022 1
173 4 139 16 3310 1
174 3 126 11 1848 1
175 5 126 11 1848 1
176 4 134 9 1060 1
177 7 134 9 1060 1
178 10 126 9 1172 1
179 8 133 11 1948 1
180 15 133 11 1948 1
181 22 133 11 1948 1
182 29 133 11 1948 1
183 7 134 12 1871 1
184 13 134 12 1871 1
185 19 134 12 1871 1
186 5 127 10 1565 1
187 9 127 10 1565 1
188 3 121 18 2143 1
189 5 121 18 2143 1
190 7 121 18 2143 1
191 9 121 18 2143 1
192 11 121 18 2143 1
193 13 121 18 2143 1
194 15 121 18 2143 1
195 17 121 18 2143 1
196 19 121 18 2143 1
197 21 121 18 2143 1
198 23 121 18 2143 1
199 3 133 21 4012 1
200 19 110 14 2060 1
201 37 110 14 2060 1
202 57 125 13 1234 1
203 18 139 41 4015 1
204 35 139 41 4015 1
205 8 132 13 1462 1
206 15 132 13 1462 1
207 22 132 13 1462 1
208 29 132 13 1462 1
209 8 139 17 1446 1
210 6 129 16 1437 1
211 3 138 38 5133 1
212 5 138 38 5133 1
213 13 133 8 597 1
214 8 139 12 2478 1
215 15 139 12 2478 1
216 22 139 12 2478 1
217 29 139 12 2478 1
218 36 139 12 2478 1
219 43 139 12 2478 1
220 50 139 12 2478 1
221 57 139 12 2478 1
222 64 139 12 2478 1
223 71 139 12 2478 1
224 78 139 12 2478 1
225 85 139 12 2478 1
226 92 139 12 2478 1
227 11 137 8 1538 1
228 21 137 8 1538 1
229 31 137 8 1538 1
230 41 137 8 1538 1
231 15 129 18 1346 1
232 29 129 18 1346 1
233 43 129 18 1346 1
234 57 129 18 1346 1
235 71 129 18 1346 1
236 16 129 20 2275 1
237 19 122 18 1344 1
238 3 125 8 1432 1
239 18 122 35 4736 1
240 35 122 35 4736 1
241 17 138 15 1347 1
242 13 127 8 1012 1
243 25 127 8 1012 1
244 4 133 21 1776 1
245 4 121 6 533 1
246 13 132 13 1832 1
247 25 132 13 1832 1
248 37 132 13 1832 1
249 49 132 13 1832 1
250 61 132 13 1832 1
251 73 132 13 1832 1
252 3 132 21 3482 1
253 23 133 16 2143 1
254 45 133 16 2143 1
255 67 133 16 2143 1
256 5 137 44 8779 1
257 9 137 44 8779 1
258 13 137 44 8779 1
259 12 129 12 2238 1
260 23 129 12 2238 1
261 34 129 12 2238 1
262 45 129 12 2238 1
263 9 121 13 1465 1
264 17 121 13 1465 1
265 25 121 13 1465 1
266 33 121 13 1465 1
267 41 121 13 1465 1
268 49 121 13 1465 1
269 57 121 13 1465 1
270 65 121 13 1465 1
271 73 121 13 1465 1
272 81 121 13 1465 1
273 89 121 13 1465 1
274 97 121 13 1465 1
275 105 121 13 1465 1
276 14 139 10 892 1
277 27 139 10 892 1
278 13 133 9 616 1
279 8 134 5 898 1
280 3 137 30 5992 1
281 5 137 30 5992 1
282 7 137 30 5992 1
283 9 137 30 5992 1
284 11 137 30 5992 1
285 13 137 30 5992 1
286 15 126 9 1398 1
287 4 140 4 449 1
288 13 122 15 1566 1
289 25 122 15 1566 1
290 37 122 15 1566 1
291 49 122 15 1566 1
292 6 121 13 1376 1
293 15 140 19 2794 1
294 29 140 19 2794 1
295 43 140 19 2794 1
296 57 140 19 2794 1
297 71 140 19 2794 1
298 85 140 19 2794 1
299 99 140 19 2794 1
300 113 140 19 2794 1
301 22 141 27 5418 1
302 32 129 11 1690 1
303 4 137 17 1686 1
304 10 129 27 4302 1
305 8 134 14 1728 1
306 15 134 14 1728 1
307 22 134 14 1728 1
308 29 134 14 1728 1
309 36 134 14 1728 1
310 5 127 57 10511 1
311 14 140 17 3424 1
312 27 140 17 3424 1
313 40 140 17 3424 1
314 53 140 17 3424 1
315 66 140 17 3424 1
316 79 140 17 3424 1
317 92 140 17 3424 1
318 4 121 26 2468 1
319 4 134 19 1916 1
320 9 137 11 1000 1
321 17 137 11 1000 1
322 10 118 15 1801 1
323 19 118 15 1801 1
324 3 122 20 3319 1
325 5 122 20 3319 1
326 7 122 20 3319 1
327 9 122 20 3319 1
328 3 139 14 1399 1
329 15 129 10 1571 1
330 29 129 10 1571 1
331 43 129 10 1571 1
332 57 129 10 1571 1
333 4 134 6 709 1
334 4 110 17 2043 1
335 79 126 10 1453 1
336 5 126 8 729 1
337 9 126 8 729 1
338 13 126 8 729 1
339 17 126 8 729 1
340 21 126 8 729 1
341 25 126 8 729 1
342 29 126 8 729 1
343 9 127 4 481 1
344 11 125 18 1846 1
345 13 133 16 1713 1
346 3 139 46 6161 1
347 3 118 11 1674 1
348 13 127 10 1221 1
349 25 127 10 1221 1
350 37 127 10 1221 1
351 3 132 11 1429 1
352 3 118 8 626 1
353 5 118 8 626 1
354 14 121 10 1381 1
355 27 121 10 1381 1
356 40 121 10 1381 1
357 53 121 10 1381 1
358 5 110 9 992 1
359 17 133 10 1881 1
360 33 133 10 1881 1
361 49 133 10 1881 1
362 65 133 10 1881 1
363 81 133 10 1881 1
364 97 133 10 1881 1
365 113 133 10 1881 1
366 14 133 17 2846 1
367 27 133 17 2846 1
368 40 133 17 2846 1
369 5 138 45 7332 1
370 12 121 10 1641 1
371 23 121 10 1641 1
372 11 110 15 1620 1
373 21 110 15 1620 1
374 2 133 8 1512 1
375 3 133 8 1512 1
376 4 133 8 1512 1
377 5 133 8 1512 1
378 6 133 8 1512 1
379 7 133 8 1512 1
380 9 125 21 3215 1
381 17 125 21 3215 1
382 25 125 21 3215 1
383 33 125 21 3215 1
384 41 125 21 3215 1
385 4 132 7 1192 1
386 11 122 6 1004 1
387 21 122 6 1004 1
388 31 122 6 1004 1
389 41 122 6 1004 1
390 5 139 13 1554 1
391 9 139 13 1554 1
392 13 139 13 1554 1
393 17 139 13 1554 1
394 21 139 13 1554 1
395 25 139 13 1554 1
396 29 139 13 1554 1
397 2 126 3 469 1
398 3 122 10 1676 1
399 15 138 26 4016 1
400 29 138 26 4016 1
401 4 127 8 595 1
402 17 129 6 1004 1
403 33 129 6 1004 1
404 13 140 22 2761 1
405 25 140 22 2761 1
406 37 140 22 2761 1
407 49 140 22 2761 1
408 61 140 22 2761 1
409 73 140 22 2761 1
410 85 140 22 2761 1
411 13 110 17 2086 1
412 11 126 12 1635 1
413 8 110 9 1439 1
414 15 110 9 1439 1
415 22 110 9 1439 1
416 9 134 40 2743 1
417 12 140 7 1019 1
418 23 140 7 1019 1
419 34 140 7 1019 1
420 45 140 7 1019 1
421 56 140 7 1019 1
422 67 140 7 1019 1
423 78 140 7 1019 1
424 89 140 7 1019 1
425 4 137 17 1644 1
426 4 137 11 972 1
427 16 134 11 818 1
428 31 134 11 818 1
429 46 134 11 818 1
430 4 118 15 1303 1
431 15 137 5 769 1
432 29 137 5 769 1
433 43 137 5 769 1
434 57 137 5 769 1
435 71 137 5 769 1
436 85 137 5 769 1
437 99 137 5 769 1
438 113 137 5 769 1
439 8 140 9 1286 1
440 15 140 9 1286 1
441 22 140 9 1286 1
442 4 140 15 2567 1
443 62 121 11 756 1
444 9 141 13 1415 1
445 17 141 13 1415 1
446 25 141 13 1415 1
447 33 141 13 1415 1
448 10 125 26 2752 1
449 19 125 26 2752 1
450 4 110 16 1675 1
451 7 110 16 1675 1
452 14 122 10 730 1
453 27 122 10 730 1
454 7 129 7 980 1
455 3 139 30 2980 1
456 5 139 30 2980 1
457 7 139 30 2980 1
458 4 126 7 1065 1
459 3 138 12 1644 1
460 27 140 8 1060 1
461 4 121 13 1794 1
462 7 121 13 1794 1
463 10 121 13 1794 1
464 3 129 12 1267 1
465 5 129 12 1267 1
466 7 129 12 1267 1
467 3 141 14 1387 1
468 18 132 7 742 1
469 35 132 7 742 1
470 52 132 7 742 1
471 69 132 7 742 1
472 86 132 7 742 1
473 4 133 6 666 1
474 16 139 23 2108 1
475 31 139 23 2108 1
476 12 110 5 761 1
477 23 110 5 761 1
478 34 110 5 761 1
479 11 138 5 567 1
480 21 138 5 567 1
481 7 110 15 1486 1
482 13 110 15 1486 1
483 19 110 15 1486 1
484 25 110 15 1486 1
485 31 110 15 1486 1
486 37 110 15 1486 1
487 43 110 15 1486 1
488 49 110 15 1486 1
489 55 110 15 1486 1
490 61 110 15 1486 1
491 10 122 9 1513 1
492 5 132 46 8632 1
493 10 110 19 2220 1
494 19 110 19 2220 1
495 28 110 19 2220 1
496 44 140 26 3210 1
497 3 140 11 1098 1
498 11 133 11 1618 1
499 21 133 11 1618 1
500 31 133 11 1618 1
501 41 133 11 1618 1
502 51 133 11 1618 1
503 61 133 11 1618 1
504 71 133 11 1618 1
505 81 133 11 1618 1
506 91 133 11 1618 1
507 101 133 11 1618 1
508 15 129 23 3427 1
509 29 129 23 3427 1
510 43 129 23 3427 1
511 57 129 23 3427 1
512 71 129 23 3427 1
513 85 129 23 3427 1
514 99 129 23 3427 1
515 113 129 23 3427 1
516 14 118 8 1267 1
517 27 118 8 1267 1
518 2 125 18 3231 1
519 3 125 18 3231 1
520 4 138 8 1611 1
521 7 134 6 929 1
522 13 134 6 929 1
523 19 134 6 929 1
524 25 134 6 929 1
525 31 134 6 929 1
526 37 134 6 929 1
527 43 134 6 929 1
528 49 134 6 929 1
529 55 134 6 929 1
530 3 133 24 4323 1
531 4 138 22 4325 1
532 3 139 14 2415 1
533 5 139 14 2415 1
534 7 139 14 2415 1
535 4 134 15 1639 1
536 7 134 15 1639 1
537 7 126 13 1101 1
538 13 126 13 1101 1
539 19 126 13 1101 1
540 3 139 9 1382 1
541 4 126 20 1786 1
542 13 138 39 2976 1
543 25 138 39 2976 1
544 37 138 39 2976 1
545 49 138 39 2976 1
546 61 138 39 2976 1
547 13 134 17 3195 1
548 18 139 5 349 1
549 35 139 5 349 1
550 8 118 11 1060 1
551 15 118 11 1060 1
552 8 110 10 832 1
553 15 110 10 832 1
554 22 110 10 832 1
555 29 110 10 832 1
556 36 110 10 832 1
557 43 110 10 832 1
558 50 110 10 832 1
559 57 110 10 832 1
560 64 110 10 832 1
561 71 110 10 832 1
562 78 110 10 832 1
563 4 138 14 1570 1
564 6 122 18 1920 1
565 11 122 18 1920 1
566 16 122 18 1920 1
567 21 122 18 1920 1
568 26 122 18 1920 1
569 31 122 18 1920 1
570 36 122 18 1920 1
571 1 125 11 961 1
572 1 125 11 961 1
573 1 125 11 961 1
574 1 125 11 961 1
575 1 125 11 961 1
576 1 125 11 961 1
577 1 125 11 961 1
578 1 125 11 961 1
579 25 134 4 528 1
580 49 134 4 528 1
581 7 126 28 3342 1
582 13 126 28 3342 1
583 19 126 28 3342 1
584 25 126 28 3342 1
585 31 126 28 3342 1
586 37 126 28 3342 1
587 43 126 28 3342 1
588 5 137 11 1058 1
589 9 137 11 1058 1
590 4 118 10 716 1
591 6 138 12 1051 1
592 11 138 12 1051 1
593 16 138 12 1051 1
594 21 138 12 1051 1
595 26 138 12 1051 1
596 8 132 15 2269 1
597 15 132 15 2269 1
598 22 132 15 2269 1
599 29 132 15 2269 1
600 11 125 46 6228 1
601 8 134 7 1372 1
602 17 139 9 879 1
603 33 139 9 879 1
604 49 139 9 879 1
605 65 139 9 879 1
606 81 139 9 879 1
607 97 139 9 879 1
608 113 139 9 879 1
609 129 139 9 879 1
610 145 139 9 879 1
611 161 139 9 879 1
612 12 139 24 3389 1
613 23 139 24 3389 1
614 34 139 24 3389 1
615 90 133 7 1169 1
616 13 122 15 2325 1
617 25 122 15 2325 1
618 37 122 15 2325 1
619 49 122 15 2325 1
620 61 122 15 2325 1
621 43 125 16 1829 1
622 13 122 19 2196 1
623 25 122 19 2196 1
624 58 138 12 1328 1
625 8 139 9 1569 1
626 15 139 9 1569 1
627 22 139 9 1569 1
628 29 139 9 1569 1
629 4 137 7 681 1
630 4 132 13 1216 1
631 7 132 13 1216 1
632 10 132 13 1216 1
633 4 127 5 606 1
634 4 132 20 1936 1
635 7 132 20 1936 1
636 10 132 20 1936 1
637 13 132 20 1936 1
638 16 132 20 1936 1
639 19 132 20 1936 1
640 22 132 20 1936 1
641 25 132 20 1936 1
642 28 132 20 1936 1
643 16 132 18 3351 1
644 31 132 18 3351 1
645 14 127 6 765 1
646 27 127 6 765 1
647 40 127 6 765 1
648 53 127 6 765 1
649 66 127 6 765 1
650 79 127 6 765 1
651 92 127 6 765 1
652 105 127 6 765 1
653 16 121 12 1596 1
654 31 121 12 1596 1
655 3 134 3 474 1
656 3 125 6 397 1
657 5 125 6 397 1
658 3 110 4 256 1
659 4 122 30 4657 1
660 7 122 30 4657 1
661 12 138 37 4463 1
662 23 138 37 4463 1
663 8 154 10 1590 1
664 12 165 6 837 1
665 23 165 6 837 1
666 2 151 6 1252 1
667 11 147 11 1069 1
668 21 147 11 1069 1
669 15 161 26 5209 1
670 12 160 9 1337 1
671 23 160 9 1337 1
672 8 155 23 5192 1
673 4 155 44 7843 1
674 3 166 11 2689 1
675 8 147 28 4282 1
676 15 147 28 4282 1
677 16 154 14 1526 1
678 3 160 57 7165 1
679 12 165 24 3824 1
680 10 155 36 7728 1
681 19 155 36 7728 1
682 28 155 36 7728 1
683 37 155 36 7728 1
684 46 155 36 7728 1
685 55 155 36 7728 1
686 16 157 30 6869 1
687 11 165 10 2357 1
688 5 149 51 8230 1
689 4 158 17 1653 1
690 13 160 16 2614 1
691 26 155 11 2075 1
692 9 157 15 1961 1
693 17 157 15 1961 1
694 25 157 15 1961 1
695 33 157 15 1961 1
696 15 154 28 4680 1
697 29 154 28 4680 1
698 43 154 28 4680 1
699 3 160 18 3385 1
700 15 160 12 2053 1
701 15 149 9 1699 1
702 29 149 9 1699 1
703 12 160 13 1586 1
704 23 160 13 1586 1
705 34 160 13 1586 1
706 45 160 13 1586 1
707 15 160 11 1910 1
708 29 160 11 1910 1
709 43 160 11 1910 1
710 57 160 11 1910 1
711 71 160 11 1910 1
712 22 161 29 4801 1
713 2 149 15 1396 1
714 10 154 23 3548 1
715 19 154 23 3548 1
716 6 161 12 2630 1
717 10 165 27 5748 1
718 12 166 22 3297 1
719 7 161 19 4483 1
720 13 149 28 3598 1
721 25 149 28 3598 1
722 9 155 6 871 1
723 5 161 5 1044 1
724 9 161 18 1924 1
725 3 154 15 1646 1
726 12 160 9 1454 1
727 9 155 34 4773 1
728 8 165 22 5153 1
729 10 166 20 2205 1
730 19 166 20 2205 1
731 13 151 14 2334 1
732 25 151 14 2334 1
733 4 165 45 7754 1
734 4 151 20 2700 1
735 3 165 20 2045 1
736 3 155 32 2505 1
737 4 157 21 2024 1
738 34 160 9 1317 1
739 12 160 12 1175 1
740 26 154 18 1592 1
741 8 166 9 1202 1
742 15 166 9 1202 1
743 11 151 15 2724 1
744 21 151 15 2724 1
745 10 155 8 676 1
746 16 157 7 1117 1
747 12 149 16 1523 1
748 23 149 16 1523 1
749 17 151 15 2553 1
750 10 157 11 1612 1
751 12 165 18 3250 1
752 13 154 9 1466 1
753 25 154 9 1466 1
754 11 154 24 2481 1
755 12 155 12 1428 1
756 13 155 13 1412 1
757 25 155 13 1412 1
758 37 155 13 1412 1
759 4 165 19 2436 1
760 16 155 15 1963 1
761 3 151 9 1455 1
762 15 149 25 2689 1
763 29 149 25 2689 1
764 43 149 25 2689 1
765 57 149 25 2689 1
766 71 149 25 2689 1
767 85 149 25 2689 1
768 11 151 38 3570 1
769 12 151 26 5208 1
770 14 161 10 1237 1
771 27 161 10 1237 1
772 11 151 14 2521 1
773 7 155 23 1784 1
774 13 155 23 1784 1
775 8 161 13 1553 1
776 14 166 31 4495 1
777 27 166 31 4495 1
778 40 166 31 4495 1
779 17 154 28 5698 1
780 18 149 16 2886 1
781 14 160 14 1180 1
782 27 160 14 1180 1
783 40 160 14 1180 1
784 15 160 21 4491 1
785 14 166 26 4875 1
786 9 155 18 3910 1
787 5 158 8 1532 1
788 20 149 19 4237 1
789 136 161 18 2942 1
790 10 160 14 3266 1
791 19 160 14 3266 1
792 4 157 25 5160 1
793 7 157 25 5160 1
794 11 161 18 3694 1
795 4 165 17 3940 1
796 13 147 19 3640 1
797 25 147 19 3640 1
798 37 147 19 3640 1
799 9 149 12 2535 1
800 11 157 14 1393 1
801 14 161 7 1061 1
802 27 161 7 1061 1
803 8 161 10 888 1
804 3 154 42 9356 1
805 12 155 34 7621 1
806 8 151 17 3321 1
807 11 155 12 1949 1
808 2 149 12 2581 1
809 3 149 12 2581 1
810 11 161 43 6020 1
811 21 161 43 6020 1
812 31 161 43 6020 1
813 14 157 51 10774 1
814 27 157 51 10774 1
815 8 155 17 1590 1
816 15 155 17 1590 1
817 12 149 11 856 1
818 9 151 12 1990 1
819 24 198 17 2168 1
820 47 198 17 2168 1
821 36 190 7 900 1
822 171 188 12 3284 1
823 15 188 15 4088 1
824 49 198 21 4180 1
825 21 169 13 2437 1
826 13 175 24 3421 1
827 46 188 15 3791 1
828 12 170 53 10888 1
829 16 178 17 4129 1
830 23 197 56 8860 1
831 17 184 32 3360 1
832 24 178 7 827 1
833 14 194 26 3845 1
834 13 178 18 3123 1
835 16 188 26 2590 1
836 13 185 28 7173 1
837 15 169 31 7707 1
838 3 178 13 1866 1
839 3 190 53 12913 1
840 11 194 32 4698 1
841 21 175 10 1849 1
842 21 185 36 5320 1
843 13 170 18 4432 1
844 12 170 11 2215 1
845 16 183 35 6835 1
846 16 188 23 2500 1
847 14 190 22 3124 1
848 27 190 22 3124 1
849 22 183 19 2433 1
850 2 178 20 2304 1
851 36 183 18 2850 1
852 22 169 18 4335 1
853 16 194 14 3595 1
854 13 170 12 2472 1
855 25 170 12 2472 1
856 24 169 42 7447 1
857 31 169 25 5120 1
858 24 169 14 1781 1
859 15 175 12 2572 1
860 12 185 114 11612 1
861 16 184 25 5713 1
862 38 170 19 2576 1
863 75 170 19 2576 1
864 112 170 19 2576 1
865 149 170 19 2576 1
866 40 184 21 3046 1
867 79 184 21 3046 1
868 118 184 21 3046 1
869 11 197 33 6240 1
870 15 169 10 1030 1
871 29 169 10 1030 1
872 14 185 17 4344 1
873 10 178 9 1675 1
874 14 168 10 1700 1
875 13 168 28 2968 1
876 40 198 21 2591 1
877 79 198 21 2591 1
878 118 198 21 2591 1
879 3 190 30 4922 1
880 16 188 26 5029 1
881 31 188 26 5029 1
882 22 183 18 4289 1
883 35 197 14 2394 1
884 23 184 23 3478 1
885 13 188 20 4591 1
886 25 188 20 4591 1
887 13 198 20 2972 1
888 23 185 22 5295 1
889 45 185 22 5295 1
890 33 185 22 3421 1
891 65 185 22 3421 1
892 43 190 24 3652 1
893 15 183 10 1445 1
894 11 184 39 6427 1
895 16 195 18 2951 1
896 11 169 7 800 1
897 41 168 17 2654 1
898 23 178 16 2121 1
899 23 195 9 1375 1
900 99 175 25 3042 1
901 10 184 45 9537 1
902 3 168 29 6150 1
903 16 195 21 3746 1
904 15 170 27 6510 1
905 11 197 25 7163 1
906 43 175 10 2123 1
907 12 170 15 1680 1
908 41 168 26 5117 1
909 13 185 28 6594 1
910 10 184 51 10065 1
911 3 188 38 5759 1
912 16 170 31 6201 1
913 16 190 13 1711 1
914 31 190 13 1711 1
915 10 175 22 2423 1
916 42 212 20 5284 1
917 41 222 7 1718 1
918 81 222 7 1718 1
919 121 222 7 1718 1
920 161 222 7 1718 1
921 36 211 15 3025 1
922 6 204 13 3182 1
923 41 207 3 578 1
924 42 221 14 3947 1
925 83 221 14 3947 1
926 124 221 14 3947 1
927 165 221 14 3947 1
928 206 221 14 3947 1
929 247 221 14 3947 1
930 288 221 14 3947 1
931 34 210 27 6902 1
932 67 210 27 6902 1
933 100 210 27 6902 1
934 133 210 27 6902 1
935 166 210 27 6902 1
936 199 210 27 6902 1
937 232 210 27 6902 1
938 32 212 14 1719 1
939 63 212 14 1719 1
940 94 212 14 1719 1
941 61 221 23 4112 1
942 121 221 23 4112 1
943 49 208 16 3555 1
944 97 208 16 3555 1
945 145 208 16 3555 1
946 193 208 16 3555 1
947 40 207 6 1099 1
948 36 221 13 3014 1
949 71 221 13 3014 1
950 42 222 20 3013 1
951 102 208 20 3420 1
952 203 208 20 3420 1
953 29 208 27 8204 1
954 57 208 27 8204 1
955 43 211 12 1959 1
956 85 211 12 1959 1
957 127 211 12 1959 1
958 169 211 12 1959 1
959 211 211 12 1959 1
960 253 211 12 1959 1
961 36 211 21 6399 1
962 36 222 33 6298 1
963 71 222 33 6298 1
964 106 222 33 6298 1
965 141 222 33 6298 1
966 176 222 33 6298 1
967 211 222 33 6298 1
968 246 222 33 6298 1
969 281 222 33 6298 1
970 316 222 33 6298 1
971 351 222 33 6298 1
972 51 204 24 6504 1
973 101 204 24 6504 1
974 151 204 24 6504 1
975 201 204 24 6504 1
976 33 207 16 3758 1
977 65 207 16 3758 1
978 97 207 16 3758 1
979 129 207 16 3758 1
980 161 207 16 3758 1
981 193 207 16 3758 1
982 36 228 27 6008 1
983 58 239 23 7348 1
984 37 228 12 3184 1
985 34 228 23 7026 1
986 58 230 16 2493 1
987 37 225 13 2393 1
988 36 239 22 3236 1
989 36 228 31 6149 1
990 71 228 31 6149 1
991 97 230 18 3511 1
992 37 230 13 2063 1
993 73 230 13 2063 1
994 99 228 13 3752 1
995 36 228 10 1872 1
996 36 239 15 4442 1
997 80 225 28 8875 1
998 37 239 25 7071 1
999 73 239 25 7071 1
1000 39 230 25 8092 1
1001 99 225 22 4876 1
1002 197 225 22 4876 1
1003 37 239 15 3245 1
1004 56 230 19 3456 1
1005 37 228 17 4577 1
1006 73 228 17 4577 1
1007 36 230 16 4383 1
1008 38 230 21 4313 1
1009 75 230 21 4313 1
1010 37 225 18 4076 1
1011 73 225 18 4076 1
1012 41 230 14 3562 1
1013 102 228 27 3144 1
1014 39 228 24 7480 1
1015 36 239 23 6344 1
1016 56 228 29 7807 1
1017 58 264 28 8269 1
1018 93 276 38 7386 1
1019 57 277 25 4614 1
1020 59 303 23 7040 1
1021 35 303 29 12260 1
1022 69 303 29 12260 1
1023 57 270 14 4622 1
1024 113 270 14 4622 1
1025 169 270 14 4622 1
1026 37 282 29 10578 1
1027 73 282 29 10578 1
1028 94 291 31 7811 1
1029 106 260 24 6766 1
1030 106 291 6 938 1
1031 37 299 35 5892 1
1032 107 299 26 7309 1
1033 37 293 26 10266 1
1034 174 266 16 3097 1
1035 92 266 29 5061 1
1036 183 266 29 5061 1
35
400 400 400 400 500 500 600 600 600 600 600 600 600 400 400 400 400 400 230 315 600 450 450 400 400 400 665 725 645 500 500 305 400 400 390 