1036
1 12 99 14 1821 1
2 6 99 10 1178 1
3 23 99 19 961 1
4 20 99 17 2112 1
5 39 99 17 2112 1
6 6 99 26 3816 1
7 11 99 26 3816 1
8 6 101 16 1915 1
9 11 101 16 1915 1
10 16 101 16 1915 1
11 6 99 8 405 1
12 4 101 19 2342 1
13 13 101 5 514 1
14 7 101 9 1032 1
15 6 99 17 1575 1
16 7 101 86 6572 1
17 3 101 8 1032 1
18 4 99 27 1495 1
19 13 101 15 1772 1
20 4 101 14 1813 1
21 6 101 20 1215 1
22 19 99 22 1124 1
23 37 99 22 1124 1
24 55 99 22 1124 1
25 6 101 15 828 1
26 4 99 19 2560 1
27 13 101 15 817 1
28 25 101 15 817 1
29 37 101 15 817 1
30 6 99 4 220 1
31 11 99 4 220 1
32 16 99 4 220 1
33 6 101 17 1264 1
34 6 101 59 5696 1
35 20 101 29 3005 1
36 11 99 7 778 1
37 21 99 7 778 1
38 6 99 9 461 1
39 13 99 9 562 1
40 13 127 19 2552 1
41 25 127 19 2552 1
42 37 127 19 2552 1
43 49 127 19 2552 1
44 61 127 19 2552 1
45 73 127 19 2552 1
46 85 127 19 2552 1
47 97 127 19 2552 1
48 12 118 24 3469 1
49 23 118 24 3469 1
50 34 118 24 3469 1
51 45 118 24 3469 1
52 56 118 24 3469 1
53 67 118 24 3469 1
54 78 118 24 3469 1
55 89 118 24 3469 1
56 100 118 24 3469 1
57 5 138 40 7463 1
58 9 138 40 7463 1
59 4 121 4 641 1
60 7 121 4 641 1
61 4 125 10 1164 1
62 17 129 15 2675 1
63 33 129 15 2675 1
64 49 129 15 2675 1
65 4 125 9 712 1
66 9 126 11 1958 1
67 17 126 11 1958 1
68 25 126 11 1958 1
69 33 126 11 1958 1
70 41 126 11 1958 1
71 49 126 11 1958 1
72 57 126 11 1958 1
73 65 126 11 1958 1
74 4 129 17 2461 1
75 7 129 17 2461 1
76 3 139 29 3305 1
77 5 139 29 3305 1
78 7 139 29 3305 1
79 9 139 29 3305 1
80 11 139 29 3305 1
81 3 125 12 1532 1
82 11 138 12 1750 1
83 3 132 10 1729 1
84 18 132 18 3012 1
85 35 132 18 3012 1
86 12 125 13 826 1
87 23 125 13 826 1
88 34 125 13 826 1
89 45 125 13 826 1
90 56 125 13 826 1
91 67 125 13 826 1
92 78 125 13 826 1
93 7 137 19 1739 1
94 13 137 19 1739 1
95 19 137 19 1739 1
96 25 137 19 1739 1
97 31 137 19 1739 1
98 37 137 19 1739 1
99 43 137 19 1739 1
100 49 137 19 1739 1
101 55 137 19 1739 1
102 61 137 19 1739 1
103 67 137 19 1739 1
104 73 137 19 1739 1
105 79 137 19 1739 1
106 21 138 15 2518 1
107 41 138 15 2518 1
108 4 133 17 3174 1
109 9 110 23 1883 1
110 17 110 23 1883 1
111 25 110 23 1883 1
112 11 121 4 423 1
113 21 121 4 423 1
114 5 126 11 1571 1
115 4 134 8 609 1
116 24 126 8 1409 1
117 47 126 8 1409 1
118 70 126 8 1409 1
119 20 140 20 2783 1
120 8 110 4 312 1
121 15 110 4 312 1
122 22 110 4 312 1
123 29 110 4 312 1
124 3 127 12 1434 1
125 3 110 13 1585 1
126 5 132 15 2309 1
127 3 139 16 1403 1
128 13 127 12 1651 1
129 25 127 12 1651 1
130 37 127 12 1651 1
131 49 127 12 1651 1
132 12 141 16 1777 1
133 23 141 16 1777 1
134 34 141 16 1777 1
135 45 141 16 1777 1
136 56 141 16 1777 1
137 67 141 16 1777 1
138 78 141 16 1777 1
139 89 141 16 1777 1
140 100 141 16 1777 1
141 111 141 16 1777 1
142 122 141 16 1777 1
143 133 141 16 1777 1
144 144 141 16 1777 1
145 155 141 16 1777 1
146 166 141 16 1777 1
147 63 133 26 1796 1
148 11 139 37 7416 1
149 18 132 22 1700 1
150 35 132 22 1700 1
151 52 132 22 1700 1
152 10 132 11 1375 1
153 13 134 13 1832 1
154 25 134 13 1832 1
155 37 134 13 1832 1
156 49 134 13 1832 1
157 5 110 11 1306 1
158 9 110 11 1306 1
159 14 127 13 2053 1
160 27 127 13 2053 1
161 40 127 13 2053 1
162 53 127 13 2053 1
163 66 127 13 2053 1
164 79 127 13 2053 1
165 9 127 7 1085 1
166 17 127 7 1085 1
167 25 127 7 1085 1
168 33 127 7 1085 1
169 6 129 12 1119 1
170 11 129 12 1119 1
171 16 129 12 1119 1
172 21 129 12 1119 1
173 26 129 12 1119 1
174 31 129 12 1119 1
175 36 129 12 1119 1
176 41 129 12 1119 1
177 56 132 16 1477 1
178 60 129 31 2101 1
179 4 141 34 5866 1
180 11 125 14 986 1
181 21 125 14 986 1
182 31 125 14 986 1
183 41 125 14 986 1
184 7 122 37 4650 1
185 13 122 37 4650 1
186 9 132 9 1757 1
187 17 132 9 1757 1
188 25 132 9 1757 1
189 33 132 9 1757 1
190 10 126 12 1782 1
191 14 122 8 531 1
192 27 122 8 531 1
193 40 122 8 531 1
194 5 140 11 1805 1
195 8 127 9 1527 1
196 15 127 9 1527 1
197 22 127 9 1527 1
198 29 127 9 1527 1
199 10 140 12 2030 1
200 19 140 12 2030 1
201 28 140 12 2030 1
202 13 126 15 1382 1
203 12 129 6 450 1
204 23 129 6 450 1
205 10 127 22 2548 1
206 19 127 22 2548 1
207 28 127 22 2548 1
208 37 127 22 2548 1
209 46 127 22 2548 1
210 55 127 22 2548 1
211 12 127 11 816 1
212 10 121 21 1459 1
213 19 121 21 1459 1
214 28 121 21 1459 1
215 37 121 21 1459 1
216 46 121 21 1459 1
217 10 127 23 2466 1
218 3 139 7 1070 1
219 5 139 7 1070 1
220 16 126 24 4354 1
221 31 126 24 4354 1
222 46 126 24 4354 1
223 61 126 24 4354 1
224 76 126 24 4354 1
225 91 126 24 4354 1
226 106 126 24 4354 1
227 3 121 9 898 1
228 5 121 9 898 1
229 3 129 14 2208 1
230 13 126 8 1208 1
231 25 126 8 1208 1
232 37 126 8 1208 1
233 49 126 8 1208 1
234 61 126 8 1208 1
235 73 126 8 1208 1
236 1 133 41 6720 1
237 9 140 26 3399 1
238 36 126 9 1631 1
239 20 122 14 1791 1
240 39 122 14 1791 1
241 58 122 14 1791 1
242 77 122 14 1791 1
243 96 122 14 1791 1
244 115 122 14 1791 1
245 134 122 14 1791 1
246 4 121 17 1781 1
247 13 122 35 5327 1
248 25 122 35 5327 1
249 5 137 14 2476 1
250 9 137 14 2476 1
251 15 122 5 309 1
252 15 126 17 3058 1
253 29 126 17 3058 1
254 43 126 17 3058 1
255 57 126 17 3058 1
256 3 137 28 4352 1
257 11 127 24 3270 1
258 21 127 24 3270 1
259 31 127 24 3270 1
260 15 125 6 801 1
261 29 125 6 801 1
262 43 125 6 801 1
263 11 133 19 1958 1
264 21 133 19 1958 1
265 31 133 19 1958 1
266 16 118 11 1754 1
267 31 118 11 1754 1
268 17 133 9 945 1
269 33 133 9 945 1
270 19 134 7 990 1
271 37 134 7 990 1
272 15 129 14 2618 1
273 29 129 14 2618 1
274 24 121 6 671 1
275 3 132 29 4805 1
276 5 132 29 4805 1
277 8 132 10 1036 1
278 6 141 9 979 1
279 11 141 9 979 1
280 16 141 9 979 1
281 21 141 9 979 1
282 26 141 9 979 1
283 7 125 15 2703 1
284 5 139 18 1995 1
285 9 140 14 1751 1
286 4 121 7 494 1
287 7 121 7 494 1
288 10 121 7 494 1
289 2 133 23 3752 1
290 6 118 5 808 1
291 11 118 5 808 1
292 16 118 5 808 1
293 7 137 9 1007 1
294 13 137 9 1007 1
295 11 121 7 1080 1
296 21 121 7 1080 1
297 31 121 7 1080 1
298 41 121 7 1080 1
299 51 121 7 1080 1
300 61 121 7 1080 1
301 71 121 7 1080 1
302 81 121 7 1080 1
303 91 121 7 1080 1
304 101 121 7 1080 1
305 111 121 7 1080 1
306 121 121 7 1080 1
307 3 126 4 366 1
308 5 126 4 366 1
309 5 141 12 1789 1
310 15 118 16 1475 1
311 29 118 16 1475 1
312 43 118 16 1475 1
313 57 118 16 1475 1
314 13 110 14 993 1
315 8 133 31 4566 1
316 15 133 31 4566 1
317 22 133 31 4566 1
318 29 133 31 4566 1
319 36 133 31 4566 1
320 43 133 31 4566 1
321 50 133 31 4566 1
322 57 133 31 4566 1
323 64 133 31 4566 1
324 71 133 31 4566 1
325 78 133 31 4566 1
326 85 133 31 4566 1
327 92 133 31 4566 1
328 21 127 6 963 1
329 41 127 6 963 1
330 61 127 6 963 1
331 81 127 6 963 1
332 101 127 6 963 1
333 121 127 6 963 1
334 141 127 6 963 1
335 161 127 6 963 1
336 2 134 5 516 1
337 12 129 16 1138 1
338 23 129 16 1138 1
339 34 129 16 1138 1
340 14 132 47 4468 1
341 35 121 8 678 1
342 4 140 17 2739 1
343 7 140 17 2739 1
344 8 126 21 1613 1
345 15 126 21 1613 1
346 22 126 21 1613 1
347 29 126 21 1613 1
348 36 126 21 1613 1
349 43 126 21 1613 1
350 50 126 21 1613 1
351 57 126 21 1613 1
352 64 126 21 1613 1
353 71 126 21 1613 1
354 8 122 16 1643 1
355 15 122 16 1643 1
356 11 125 6 402 1
357 21 125 6 402 1
358 4 133 10 941 1
359 7 133 10 941 1
360 17 138 16 1547 1
361 7 125 4 493 1
362 13 125 4 493 1
363 124 126 4 308 1
364 43 139 5 775 1
365 8 138 19 2686 1
366 10 134 43 5010 1
367 19 134 43 5010 1
368 12 138 17 1760 1
369 13 118 6 371 1
370 25 118 6 371 1
371 37 118 6 371 1
372 49 118 6 371 1
373 61 118 6 371 1
374 73 118 6 371 1
375 15 127 14 2022 1
376 13 122 6 794 1
377 9 134 18 3227 1
378 17 134 18 3227 1
379 25 134 18 3227 1
380 33 134 18 3227 1
381 4 121 8 1010 1
382 12 118 5 834 1
383 23 118 5 834 1
384 5 137 27 2445 1
385 9 137 27 2445 1
386 3 133 7 1140 1
387 5 133 7 1140 1
388 15 132 13 1539 1
389 29 132 13 1539 1
390 43 132 13 1539 1
391 57 132 13 1539 1
392 71 132 13 1539 1
393 85 132 13 1539 1
394 99 132 13 1539 1
395 113 132 13 1539 1
396 3 129 26 3124 1
397 5 129 26 3124 1
398 7 129 26 3124 1
399 9 129 26 3124 1
400 11 141 29 3764 1
401 11 118 11 712 1
402 21 118 11 712 1
403 12 138 8 1067 1
404 10 121 31 3557 1
405 17 133 15 2434 1
406 33 133 15 2434 1
407 49 133 15 2434 1
408 4 110 5 649 1
409 7 110 5 649 1
410 3 137 18 3040 1
411 5 137 18 3040 1
412 7 137 18 3040 1
413 9 137 18 3040 1
414 8 134 17 2396 1
415 11 125 5 545 1
416 21 125 5 545 1
417 31 125 5 545 1
418 41 125 5 545 1
419 15 141 12 1901 1
420 10 127 9 1260 1
421 19 127 9 1260 1
422 28 127 9 1260 1
423 37 127 9 1260 1
424 46 127 9 1260 1
425 10 139 25 5080 1
426 19 139 25 5080 1
427 28 139 25 5080 1
428 37 139 25 5080 1
429 46 139 25 5080 1
430 55 139 25 5080 1
431 64 139 25 5080 1
432 73 139 25 5080 1
433 13 118 36 5895 1
434 12 137 11 2223 1
435 23 137 11 2223 1
436 34 137 11 2223 1
437 45 137 11 2223 1
438 56 137 11 2223 1
439 67 137 11 2223 1
440 78 137 11 2223 1
441 89 137 11 2223 1
442 9 122 11 938 1
443 4 132 25 3234 1
444 10 126 15 1059 1
445 19 126 15 1059 1
446 28 126 15 1059 1
447 37 126 15 1059 1
448 46 126 15 1059 1
449 4 141 7 696 1
450 7 141 7 696 1
451 6 137 12 2254 1
452 4 126 4 328 1
453 7 126 4 328 1
454 10 126 4 328 1
455 13 126 4 328 1
456 13 129 19 1879 1
457 25 129 19 1879 1
458 37 129 19 1879 1
459 49 129 19 1879 1
460 61 129 19 1879 1
461 4 110 9 681 1
462 12 122 8 560 1
463 16 118 14 1824 1
464 31 118 14 1824 1
465 46 118 14 1824 1
466 61 118 14 1824 1
467 13 129 26 4191 1
468 25 129 26 4191 1
469 37 129 26 4191 1
470 49 129 26 4191 1
471 16 141 22 2729 1
472 31 141 22 2729 1
473 46 141 22 2729 1
474 14 141 23 3413 1
475 27 141 23 3413 1
476 40 141 23 3413 1
477 53 141 23 3413 1
478 66 141 23 3413 1
479 4 125 10 1416 1
480 58 110 26 3775 1
481 3 122 8 1165 1
482 12 134 21 1580 1
483 16 139 111 12729 1
484 31 139 111 12729 1
485 46 139 111 12729 1
486 4 129 19 3028 1
487 7 129 19 3028 1
488 10 129 19 3028 1
489 13 129 19 3028 1
490 16 129 19 3028 1
491 13 137 13 2077 1
492 25 137 13 2077 1
493 37 137 13 2077 1
494 49 137 13 2077 1
495 61 137 13 2077 1
496 73 137 13 2077 1
497 85 137 13 2077 1
498 97 137 13 2077 1
499 109 137 13 2077 1
500 17 125 10 1616 1
501 33 125 10 1616 1
502 49 125 10 1616 1
503 65 125 10 1616 1
504 6 134 44 4265 1
505 11 134 44 4265 1
506 5 140 10 985 1
507 9 140 10 985 1
508 13 140 10 985 1
509 17 140 10 985 1
510 13 125 6 850 1
511 25 125 6 850 1
512 37 125 6 850 1
513 10 118 8 564 1
514 19 118 8 564 1
515 28 118 8 564 1
516 37 118 8 564 1
517 46 118 8 564 1
518 55 118 8 564 1
519 64 118 8 564 1
520 73 118 8 564 1
521 8 134 9 1720 1
522 11 133 12 1452 1
523 21 133 12 1452 1
524 14 110 12 1418 1
525 27 110 12 1418 1
526 40 110 12 1418 1
527 53 110 12 1418 1
528 66 110 12 1418 1
529 79 110 12 1418 1
530 92 110 12 1418 1
531 10 122 7 1276 1
532 5 126 17 1726 1
533 3 133 10 1469 1
534 2 132 13 1812 1
535 3 132 13 1812 1
536 5 110 15 1675 1
537 9 138 10 1814 1
538 17 138 10 1814 1
539 25 138 10 1814 1
540 33 138 10 1814 1
541 41 138 10 1814 1
542 7 141 25 4967 1
543 13 141 25 4967 1
544 19 141 25 4967 1
545 16 110 7 667 1
546 31 110 7 667 1
547 46 110 7 667 1
548 61 110 7 667 1
549 76 110 7 667 1
550 17 122 35 3321 1
551 33 122 35 3321 1
552 49 122 35 3321 1
553 65 122 35 3321 1
554 81 122 35 3321 1
555 97 122 35 3321 1
556 11 110 7 1076 1
557 21 110 7 1076 1
558 31 110 7 1076 1
559 17 122 6 594 1
560 33 122 6 594 1
561 17 138 9 658 1
562 11 138 11 1828 1
563 21 138 11 1828 1
564 9 118 13 2230 1
565 17 118 13 2230 1
566 25 118 13 2230 1
567 33 118 13 2230 1
568 41 118 13 2230 1
569 49 118 13 2230 1
570 57 118 13 2230 1
571 65 118 13 2230 1
572 73 118 13 2230 1
573 81 118 13 2230 1
574 89 118 13 2230 1
575 3 127 26 4048 1
576 9 139 16 1829 1
577 17 139 16 1829 1
578 25 139 16 1829 1
579 33 139 16 1829 1
580 41 139 16 1829 1
581 17 110 13 874 1
582 17 132 8 1526 1
583 33 132 8 1526 1
584 49 132 8 1526 1
585 14 137 15 2356 1
586 27 137 15 2356 1
587 40 137 15 2356 1
588 4 137 5 891 1
589 11 138 18 3479 1
590 16 138 15 2855 1
591 31 138 15 2855 1
592 46 138 15 2855 1
593 61 138 15 2855 1
594 76 138 15 2855 1
595 12 127 4 578 1
596 23 127 4 578 1
597 13 138 7 927 1
598 10 139 12 1079 1
599 19 139 12 1079 1
600 28 139 12 1079 1
601 37 139 12 1079 1
602 46 139 12 1079 1
603 55 139 12 1079 1
604 64 139 12 1079 1
605 73 139 12 1079 1
606 82 139 12 1079 1
607 91 139 12 1079 1
608 100 139 12 1079 1
609 109 139 12 1079 1
610 118 139 12 1079 1
611 127 139 12 1079 1
612 5 141 19 2920 1
613 9 141 19 2920 1
614 13 141 19 2920 1
615 17 141 19 2920 1
616 21 141 19 2920 1
617 2 127 28 4105 1
618 3 127 28 4105 1
619 4 127 28 4105 1
620 5 127 28 4105 1
621 20 121 6 383 1
622 9 137 14 1291 1
623 17 137 14 1291 1
624 5 127 15 2852 1
625 9 127 15 2852 1
626 9 127 19 2333 1
627 9 118 28 4105 1
628 17 118 28 4105 1
629 25 118 28 4105 1
630 3 132 24 4108 1
631 12 132 14 1427 1
632 23 132 14 1427 1
633 34 132 14 1427 1
634 45 132 14 1427 1
635 56 132 14 1427 1
636 67 132 14 1427 1
637 15 133 5 618 1
638 4 139 6 759 1
639 13 121 16 2352 1
640 25 121 16 2352 1
641 37 121 16 2352 1
642 57 122 9 967 1
643 4 126 10 875 1
644 3 134 31 3547 1
645 11 139 8 1039 1
646 18 132 25 3811 1
647 4 134 28 3092 1
648 16 110 14 1475 1
649 31 110 14 1475 1
650 46 110 14 1475 1
651 61 110 14 1475 1
652 3 126 7 516 1
653 4 129 13 2258 1
654 9 129 6 401 1
655 17 129 6 401 1
656 25 129 6 401 1
657 33 129 6 401 1
658 41 129 6 401 1
659 49 129 6 401 1
660 57 129 6 401 1
661 11 122 3 512 1
662 21 122 3 512 1
663 21 161 17 1841 1
664 3 158 15 2649 1
665 3 166 25 4465 1
666 2 165 19 2872 1
667 3 165 19 2872 1
668 4 158 12 1642 1
669 7 158 12 1642 1
670 12 161 13 2487 1
671 23 161 13 2487 1
672 9 149 35 4512 1
673 24 158 10 1670 1
674 13 157 14 2494 1
675 25 157 14 2494 1
676 37 157 14 2494 1
677 49 157 14 2494 1
678 61 157 14 2494 1
679 73 157 14 2494 1
680 85 157 14 2494 1
681 3 166 15 3557 1
682 11 154 8 649 1
683 21 154 8 649 1
684 31 154 8 649 1
685 15 149 21 2280 1
686 14 158 11 1739 1
687 4 157 7 921 1
688 10 147 10 1689 1
689 19 147 10 1689 1
690 28 147 10 1689 1
691 3 157 38 6524 1
692 44 151 13 1758 1
693 11 147 10 1289 1
694 12 166 16 2692 1
695 12 155 26 2075 1
696 23 155 26 2075 1
697 34 155 26 2075 1
698 3 166 22 2325 1
699 12 161 14 2295 1
700 23 161 14 2295 1
701 11 155 9 2028 1
702 10 161 12 1800 1
703 9 151 13 1871 1
704 17 151 13 1871 1
705 11 155 31 5025 1
706 21 155 31 5025 1
707 8 155 10 2269 1
708 15 166 6 1294 1
709 14 155 23 2710 1
710 27 155 23 2710 1
711 40 155 23 2710 1
712 53 155 23 2710 1
713 66 155 23 2710 1
714 79 155 23 2710 1
715 14 155 39 8392 1
716 27 155 39 8392 1
717 40 155 39 8392 1
718 9 160 20 4143 1
719 14 154 11 2506 1
720 27 154 11 2506 1
721 40 154 11 2506 1
722 53 154 11 2506 1
723 66 154 11 2506 1
724 79 154 11 2506 1
725 92 154 11 2506 1
726 105 154 11 2506 1
727 118 154 11 2506 1
728 131 154 11 2506 1
729 144 154 11 2506 1
730 12 151 10 1476 1
731 23 151 10 1476 1
732 14 160 52 11931 1
733 27 160 52 11931 1
734 11 147 11 1068 1
735 4 158 10 1563 1
736 4 149 8 881 1
737 15 158 43 6248 1
738 29 158 43 6248 1
739 43 158 43 6248 1
740 57 158 43 6248 1
741 71 158 43 6248 1
742 23 161 9 1592 1
743 14 160 14 3141 1
744 12 154 6 1051 1
745 6 149 7 898 1
746 13 166 12 2507 1
747 14 155 9 928 1
748 5 154 11 2379 1
749 10 161 24 4344 1
750 19 161 24 4344 1
751 28 161 24 4344 1
752 9 157 20 4044 1
753 14 149 38 5904 1
754 9 165 18 2028 1
755 69 165 25 2520 1
756 4 160 4 957 1
757 22 157 25 5548 1
758 12 154 11 1303 1
759 23 154 11 1303 1
760 34 154 11 1303 1
761 45 154 11 1303 1
762 56 154 11 1303 1
763 67 154 11 1303 1
764 9 149 41 7990 1
765 12 155 10 1405 1
766 4 151 27 4961 1
767 10 157 15 1431 1
768 8 157 6 1160 1
769 15 157 6 1160 1
770 15 147 9 1597 1
771 29 147 9 1597 1
772 8 165 17 1618 1
773 15 165 17 1618 1
774 13 147 7 525 1
775 11 157 27 2308 1
776 3 147 9 1860 1
777 14 158 10 1352 1
778 9 149 11 2131 1
779 17 149 11 2131 1
780 9 160 15 3137 1
781 4 157 31 4116 1
782 14 155 9 1719 1
783 11 165 12 1171 1
784 21 165 12 1171 1
785 31 165 12 1171 1
786 10 158 11 2011 1
787 19 158 11 2011 1
788 28 158 11 2011 1
789 37 158 11 2011 1
790 46 158 11 2011 1
791 55 158 11 2011 1
792 11 161 17 3019 1
793 11 161 26 2395 1
794 2 154 29 3298 1
795 3 154 29 3298 1
796 13 165 29 5421 1
797 9 147 21 4238 1
798 17 149 17 1834 1
799 33 149 17 1834 1
800 49 149 17 1834 1
801 11 160 7 1154 1
802 21 160 7 1154 1
803 10 165 34 8001 1
804 24 160 37 8628 1
805 12 151 12 1803 1
806 23 151 12 1803 1
807 34 151 12 1803 1
808 10 161 66 8309 1
809 9 147 4 830 1
810 13 149 15 1282 1
811 8 158 38 6540 1
812 15 166 21 4046 1
813 29 166 21 4046 1
814 43 166 21 4046 1
815 57 166 21 4046 1
816 71 166 21 4046 1
817 85 166 21 4046 1
818 99 166 21 4046 1
819 13 169 20 2969 1
820 16 185 26 4574 1
821 10 197 21 2632 1
822 11 184 13 1640 1
823 15 178 14 2984 1
824 2 185 23 2186 1
825 16 170 8 1426 1
826 22 184 27 4822 1
827 43 184 27 4822 1
828 16 175 16 1622 1
829 31 175 16 1622 1
830 16 194 39 7481 1
831 22 175 15 2505 1
832 3 185 8 833 1
833 7 184 13 3243 1
834 23 188 16 2653 1
835 14 198 11 3026 1
836 51 170 9 1035 1
837 16 188 7 1503 1
838 40 178 17 3175 1
839 12 169 12 2502 1
840 13 178 12 2666 1
841 25 178 12 2666 1
842 16 170 26 6381 1
843 31 170 26 6381 1
844 16 178 14 3236 1
845 16 183 29 5474 1
846 31 183 29 5474 1
847 15 195 27 7311 1
848 29 195 27 7311 1
849 43 195 27 7311 1
850 57 195 27 7311 1
851 22 169 21 2696 1
852 15 178 27 5243 1
853 107 184 11 2465 1
854 22 185 23 2765 1
855 43 185 23 2765 1
856 64 185 23 2765 1
857 15 178 20 2265 1
858 15 169 18 3525 1
859 44 169 15 3483 1
860 87 169 15 3483 1
861 15 188 29 4628 1
862 21 184 8 814 1
863 15 183 24 5206 1
864 29 183 24 5206 1
865 15 175 12 2768 1
866 4 185 56 10051 1
867 117 168 31 6184 1
868 43 170 17 2079 1
869 15 198 31 6204 1
870 10 184 16 4062 1
871 29 185 37 6453 1
872 15 183 33 6125 1
873 37 175 9 822 1
874 2 194 12 3280 1
875 4 178 12 2631 1
876 15 169 20 2759 1
877 15 190 26 4825 1
878 29 190 26 4825 1
879 43 190 26 4825 1
880 2 190 20 4533 1
881 16 198 59 10795 1
882 31 198 59 10795 1
883 46 198 59 10795 1
884 61 198 59 10795 1
885 76 198 59 10795 1
886 15 170 10 1697 1
887 29 170 10 1697 1
888 16 198 12 1961 1
889 31 198 12 1961 1
890 46 198 12 1961 1
891 16 169 11 1783 1
892 22 188 31 3501 1
893 21 175 38 5637 1
894 11 188 22 2087 1
895 20 185 15 2552 1
896 15 184 20 4562 1
897 29 184 20 4562 1
898 14 194 18 4091 1
899 11 190 15 1695 1
900 14 169 15 2076 1
901 2 190 7 1726 1
902 16 170 16 2811 1
903 22 195 27 4005 1
904 43 170 9 1277 1
905 85 170 9 1277 1
906 9 175 35 5844 1
907 17 175 35 5844 1
908 25 175 35 5844 1
909 11 194 14 2152 1
910 34 169 28 4873 1
911 67 169 28 4873 1
912 2 175 15 3393 1
913 21 195 18 5092 1
914 41 195 18 5092 1
915 23 195 25 6013 1
916 36 207 19 2420 1
917 71 207 19 2420 1
918 106 207 19 2420 1
919 141 207 19 2420 1
920 176 207 19 2420 1
921 211 207 19 2420 1
922 246 207 19 2420 1
923 39 207 18 3348 1
924 27 207 21 5635 1
925 53 207 21 5635 1
926 45 204 23 3165 1
927 46 204 16 2996 1
928 38 208 12 2369 1
929 75 208 12 2369 1
930 112 208 12 2369 1
931 149 208 12 2369 1
932 186 208 12 2369 1
933 223 208 12 2369 1
934 260 208 12 2369 1
935 297 208 12 2369 1
936 334 208 12 2369 1
937 371 208 12 2369 1
938 408 208 12 2369 1
939 445 208 12 2369 1
940 482 208 12 2369 1
941 519 208 12 2369 1
942 556 208 12 2369 1
943 593 208 12 2369 1
944 630 208 12 2369 1
945 42 222 21 6673 1
946 83 222 21 6673 1
947 124 222 21 6673 1
948 165 222 21 6673 1
949 53 222 18 4743 1
950 34 208 9 2676 1
951 67 208 9 2676 1
952 100 208 9 2676 1
953 133 208 9 2676 1
954 45 211 13 1517 1
955 89 211 13 1517 1
956 133 211 13 1517 1
957 163 204 17 2671 1
958 35 208 17 2109 1
959 69 208 17 2109 1
960 103 208 17 2109 1
961 37 221 18 4757 1
962 27 221 18 2845 1
963 30 204 31 5707 1
964 59 204 31 5707 1
965 88 204 31 5707 1
966 117 204 31 5707 1
967 146 204 31 5707 1
968 175 204 31 5707 1
969 30 212 18 2289 1
970 38 212 25 7402 1
971 75 212 25 7402 1
972 112 212 25 7402 1
973 149 212 25 7402 1
974 186 212 25 7402 1
975 223 212 25 7402 1
976 260 212 25 7402 1
977 297 212 25 7402 1
978 334 212 25 7402 1
979 371 212 25 7402 1
980 408 212 25 7402 1
981 445 212 25 7402 1
982 37 228 10 3127 1
983 73 228 10 3127 1
984 36 225 22 3315 1
985 71 225 22 3315 1
986 62 225 20 2437 1
987 35 225 25 7041 1
988 37 228 24 8034 1
989 60 230 17 4640 1
990 38 239 16 5183 1
991 37 228 17 3325 1
992 35 228 20 4881 1
993 34 230 17 5594 1
994 56 230 21 5008 1
995 39 228 20 4135 1
996 77 228 20 4135 1
997 36 230 23 4788 1
998 71 230 23 4788 1
999 106 230 23 4788 1
1000 104 239 34 10688 1
1001 38 239 26 8905 1
1002 30 225 25 7109 1
1003 93 225 19 4113 1
1004 185 225 19 4113 1
1005 277 225 19 4113 1
1006 84 239 14 4058 1
1007 37 230 24 8076 1
1008 55 225 14 1937 1
1009 34 230 11 3516 1
1010 33 239 18 5718 1
1011 43 239 17 2711 1
1012 36 230 23 3399 1
1013 39 239 13 2718 1
1014 36 239 16 4283 1
1015 71 239 16 4283 1
1016 58 225 18 5050 1
1017 58 274 34 7740 1
1018 115 274 34 7740 1
1019 172 274 34 7740 1
1020 94 267 30 8748 1
1021 107 266 44 12282 1
1022 213 266 44 12282 1
1023 58 264 19 4995 1
1024 58 270 7 2158 1
1025 93 262 23 5306 1
1026 106 267 30 7848 1
1027 91 264 23 8662 1
1028 58 267 20 7168 1
1029 93 261 17 4997 1
1030 37 270 29 11235 1
1031 36 259 19 4255 1
1032 56 299 36 7544 1
1033 37 276 27 7934 1
1034 36 278 28 8753 1
1035 94 282 21 7604 1
1036 106 274 28 8999 1
35
400 400 400 400 500 500 600 600 600 600 600 600 600 400 400 400 400 400 230 315 600 450 450 400 400 400 665 725 645 500 500 305 400 400 390 