1036
1 6 101 17 2530 1
2 7 101 11 1275 1
3 13 101 11 1275 1
4 8 99 13 758 1
5 4 99 26 2886 1
6 7 101 8 998 1
7 3 99 17 1040 1
8 5 99 17 1040 1
9 6 101 14 762 1
10 4 101 14 1851 1
11 7 101 14 1851 1
12 16 99 7 655 1
13 31 99 7 655 1
14 46 99 7 655 1
15 4 101 5 378 1
16 7 101 5 378 1
17 6 101 19 2272 1
18 11 101 19 2272 1
19 4 99 18 948 1
20 7 99 18 948 1
21 4 99 17 2005 1
22 7 99 17 2005 1
23 10 99 17 2005 1
24 19 99 15 2020 1
25 7 101 11 573 1
26 22 101 12 1018 1
27 7 101 26 1482 1
28 13 101 26 1482 1
29 6 101 29 1854 1
30 4 101 35 1867 1
31 17 101 48 5763 1
32 33 101 48 5763 1
33 49 101 48 5763 1
34 25 99 11 1507 1
35 49 99 11 1507 1
36 15 99 16 1361 1
37 29 99 16 1361 1
38 43 99 16 1361 1
39 6 99 10 837 1
40 13 122 9 1072 1
41 25 122 9 1072 1
42 37 122 9 1072 1
43 9 139 7 590 1
44 9 121 6 769 1
45 17 121 6 769 1
46 5 125 16 2002 1
47 16 139 21 4369 1
48 31 139 21 4369 1
49 46 139 21 4369 1
50 4 140 13 1919 1
51 5 126 10 1033 1
52 15 121 4 447 1
53 29 121 4 447 1
54 5 127 11 1170 1
55 9 127 11 1170 1
56 8 110 7 791 1
57 15 110 7 791 1
58 22 110 7 791 1
59 3 140 10 1064 1
60 7 132 23 3844 1
61 13 132 23 3844 1
62 19 132 23 3844 1
63 25 132 23 3844 1
64 5 110 12 961 1
65 9 110 12 961 1
66 13 110 12 961 1
67 4 137 12 1084 1
68 5 122 16 1794 1
69 9 141 16 2319 1
70 17 141 16 2319 1
71 10 127 11 1868 1
72 19 127 11 1868 1
73 28 127 11 1868 1
74 66 125 24 3883 1
75 4 133 20 1604 1
76 7 133 20 1604 1
77 10 133 20 1604 1
78 13 110 10 648 1
79 25 110 10 648 1
80 12 134 7 980 1
81 23 134 7 980 1
82 17 110 12 1282 1
83 33 110 12 1282 1
84 10 137 13 932 1
85 6 134 7 827 1
86 11 134 7 827 1
87 16 134 7 827 1
88 21 134 7 827 1
89 26 134 7 827 1
90 31 134 7 827 1
91 36 134 7 827 1
92 41 134 7 827 1
93 46 134 7 827 1
94 12 138 7 1336 1
95 23 138 7 1336 1
96 4 125 18 3360 1
97 14 141 12 2015 1
98 3 121 19 3187 1
99 11 125 11 778 1
100 5 134 13 2551 1
101 16 138 59 11074 1
102 31 138 59 11074 1
103 46 138 59 11074 1
104 61 138 59 11074 1
105 20 125 6 891 1
106 9 118 11 766 1
107 9 125 8 706 1
108 19 126 9 727 1
109 37 126 9 727 1
110 55 126 9 727 1
111 73 126 9 727 1
112 15 132 6 795 1
113 10 141 8 617 1
114 19 141 8 617 1
115 9 127 13 2173 1
116 3 140 21 3654 1
117 3 125 11 1573 1
118 8 138 14 1671 1
119 26 110 9 569 1
120 51 110 9 569 1
121 76 110 9 569 1
122 101 110 9 569 1
123 126 110 9 569 1
124 151 110 9 569 1
125 176 110 9 569 1
126 8 125 13 1901 1
127 12 118 31 3868 1
128 23 118 31 3868 1
129 34 118 31 3868 1
130 9 139 21 1495 1
131 17 139 21 1495 1
132 13 132 46 7099 1
133 25 132 46 7099 1
134 37 132 46 7099 1
135 4 122 7 1050 1
136 7 122 7 1050 1
137 10 122 7 1050 1
138 13 122 7 1050 1
139 4 132 15 1664 1
140 13 138 18 2903 1
141 25 138 18 2903 1
142 37 138 18 2903 1
143 56 138 12 1676 1
144 7 110 19 1539 1
145 13 110 19 1539 1
146 19 110 19 1539 1
147 25 110 19 1539 1
148 31 110 19 1539 1
149 37 110 19 1539 1
150 43 110 19 1539 1
151 49 110 19 1539 1
152 55 110 19 1539 1
153 61 110 19 1539 1
154 67 110 19 1539 1
155 8 132 23 1792 1
156 8 110 9 503 1
157 11 110 15 1500 1
158 21 110 15 1500 1
159 12 134 39 6967 1
160 23 134 39 6967 1
161 34 134 39 6967 1
162 5 141 13 1392 1
163 3 133 13 1605 1
164 6 132 7 1114 1
165 5 121 23 1931 1
166 14 141 12 1750 1
167 10 140 24 4381 1
168 19 140 24 4381 1
169 28 140 24 4381 1
170 9 140 24 4231 1
171 17 140 24 4231 1
172 25 140 24 4231 1
173 3 122 10 1146 1
174 5 122 10 1146 1
175 12 132 10 1167 1
176 23 132 10 1167 1
177 9 139 9 1628 1
178 17 139 9 1628 1
179 10 122 15 2720 1
180 19 122 15 2720 1
181 28 122 15 2720 1
182 37 122 15 2720 1
183 46 122 15 2720 1
184 55 122 15 2720 1
185 64 122 15 2720 1
186 73 122 15 2720 1
187 82 122 15 2720 1
188 91 122 15 2720 1
189 100 122 15 2720 1
190 3 133 13 917 1
191 8 138 8 1102 1
192 3 110 12 1925 1
193 18 140 13 2702 1
194 35 140 13 2702 1
195 4 110 7 1107 1
196 7 110 7 1107 1
197 10 126 9 1588 1
198 8 110 12 1958 1
199 15 110 12 1958 1
200 22 110 12 1958 1
201 29 110 12 1958 1
202 12 139 20 3160 1
203 23 139 20 3160 1
204 34 139 20 3160 1
205 45 139 20 3160 1
206 56 139 20 3160 1
207 67 139 20 3160 1
208 78 139 20 3160 1
209 89 139 20 3160 1
210 100 139 20 3160 1
211 111 139 20 3160 1
212 122 139 20 3160 1
213 133 139 20 3160 1
214 15 134 31 4675 1
215 29 134 31 4675 1
216 12 140 30 4614 1
217 23 140 30 4614 1
218 34 140 30 4614 1
219 45 140 30 4614 1
220 56 140 30 4614 1
221 67 140 30 4614 1
222 78 140 30 4614 1
223 13 132 26 5064 1
224 4 137 12 1996 1
225 6 122 4 476 1
226 11 122 4 476 1
227 16 122 4 476 1
228 21 122 4 476 1
229 11 132 14 1185 1
230 4 121 19 3006 1
231 5 118 28 2613 1
232 9 118 28 2613 1
233 13 118 28 2613 1
234 14 137 11 1310 1
235 27 137 11 1310 1
236 15 125 11 743 1
237 29 125 11 743 1
238 43 125 11 743 1
239 57 125 11 743 1
240 7 139 13 1399 1
241 13 139 13 1399 1
242 8 141 22 1897 1
243 15 141 22 1897 1
244 22 141 22 1897 1
245 29 141 22 1897 1
246 36 141 22 1897 1
247 43 141 22 1897 1
248 50 141 22 1897 1
249 57 141 22 1897 1
250 64 141 22 1897 1
251 71 141 22 1897 1
252 78 141 22 1897 1
253 85 141 22 1897 1
254 92 141 22 1897 1
255 2 126 7 619 1
256 3 126 7 619 1
257 4 126 7 619 1
258 5 126 7 619 1
259 6 126 7 619 1
260 18 121 12 1653 1
261 4 138 43 3176 1
262 12 122 27 2995 1
263 23 122 27 2995 1
264 34 122 27 2995 1
265 4 118 10 1291 1
266 7 118 10 1291 1
267 11 118 8 554 1
268 21 118 8 554 1
269 31 118 8 554 1
270 41 118 8 554 1
271 51 118 8 554 1
272 61 118 8 554 1
273 71 118 8 554 1
274 81 118 8 554 1
275 91 118 8 554 1
276 101 118 8 554 1
277 111 118 8 554 1
278 121 118 8 554 1
279 131 118 8 554 1
280 6 132 14 2439 1
281 11 132 14 2439 1
282 16 132 14 2439 1
283 21 132 14 2439 1
284 26 132 14 2439 1
285 31 132 14 2439 1
286 36 132 14 2439 1
287 19 110 12 916 1
288 22 121 8 865 1
289 3 134 8 952 1
290 5 132 12 893 1
291 14 126 19 2876 1
292 27 126 19 2876 1
293 40 126 19 2876 1
294 53 126 19 2876 1
295 66 126 19 2876 1
296 79 126 19 2876 1
297 92 126 19 2876 1
298 105 126 19 2876 1
299 15 134 7 949 1
300 7 122 20 3628 1
301 13 122 20 3628 1
302 14 118 8 1299 1
303 4 139 20 3925 1
304 13 133 11 982 1
305 25 133 11 982 1
306 37 133 11 982 1
307 49 133 11 982 1
308 96 132 15 1624 1
309 14 134 9 839 1
310 17 129 12 2022 1
311 33 129 12 2022 1
312 49 129 12 2022 1
313 4 134 8 1474 1
314 4 139 11 1642 1
315 7 139 11 1642 1
316 17 110 11 940 1
317 33 110 11 940 1
318 49 110 11 940 1
319 23 125 24 3343 1
320 45 125 24 3343 1
321 67 125 24 3343 1
322 89 125 24 3343 1
323 111 125 24 3343 1
324 6 121 16 2742 1
325 11 121 16 2742 1
326 16 121 16 2742 1
327 4 110 13 1654 1
328 3 138 12 1763 1
329 14 125 12 1530 1
330 8 137 18 1413 1
331 15 137 18 1413 1
332 22 137 18 1413 1
333 29 137 18 1413 1
334 36 137 18 1413 1
335 24 110 39 4304 1
336 9 137 24 2738 1
337 17 137 24 2738 1
338 13 141 5 557 1
339 3 122 14 2471 1
340 5 122 14 2471 1
341 4 127 26 2357 1
342 3 133 13 1803 1
343 10 126 29 5130 1
344 11 122 13 1989 1
345 21 122 13 1989 1
346 31 122 13 1989 1
347 41 122 13 1989 1
348 51 122 13 1989 1
349 9 132 52 9884 1
350 45 127 27 1878 1
351 89 127 27 1878 1
352 9 122 29 3949 1
353 17 122 29 3949 1
354 25 122 29 3949 1
355 3 133 34 3918 1
356 5 133 34 3918 1
357 6 134 7 626 1
358 11 134 7 626 1
359 16 134 7 626 1
360 16 133 10 1416 1
361 31 133 10 1416 1
362 46 133 10 1416 1
363 12 137 25 3812 1
364 23 137 25 3812 1
365 11 126 25 4572 1
366 21 126 25 4572 1
367 31 126 25 4572 1
368 41 126 25 4572 1
369 8 129 36 4519 1
370 16 141 21 3953 1
371 31 141 21 3953 1
372 4 132 22 2406 1
373 3 121 17 2188 1
374 21 125 8 1499 1
375 10 139 14 2202 1
376 19 139 14 2202 1
377 28 139 14 2202 1
378 37 139 14 2202 1
379 46 139 14 2202 1
380 55 139 14 2202 1
381 64 139 14 2202 1
382 73 139 14 2202 1
383 82 139 14 2202 1
384 91 139 14 2202 1
385 100 139 14 2202 1
386 109 139 14 2202 1
387 118 139 14 2202 1
388 127 139 14 2202 1
389 136 139 14 2202 1
390 145 139 14 2202 1
391 16 139 21 3371 1
392 31 139 21 3371 1
393 9 138 17 2695 1
394 17 138 17 2695 1
395 4 140 8 1652 1
396 11 137 15 3048 1
397 21 137 15 3048 1
398 5 139 16 1761 1
399 11 139 23 3802 1
400 21 139 23 3802 1
401 31 139 23 3802 1
402 12 140 8 1388 1
403 23 140 8 1388 1
404 2 137 16 2259 1
405 3 137 16 2259 1
406 4 137 16 2259 1
407 5 137 16 2259 1
408 6 137 16 2259 1
409 14 129 26 2135 1
410 16 122 11 1447 1
411 7 121 39 5078 1
412 13 121 39 5078 1
413 19 121 39 5078 1
414 25 121 39 5078 1
415 31 121 39 5078 1
416 37 121 39 5078 1
417 43 121 39 5078 1
418 49 121 39 5078 1
419 55 121 39 5078 1
420 61 121 39 5078 1
421 67 121 39 5078 1
422 73 121 39 5078 1
423 79 121 39 5078 1
424 85 121 39 5078 1
425 91 121 39 5078 1
426 16 141 12 2490 1
427 9 125 16 2602 1
428 17 125 16 2602 1
429 25 125 16 2602 1
430 33 125 16 2602 1
431 41 125 16 2602 1
432 49 125 16 2602 1
433 57 125 16 2602 1
434 13 127 16 2358 1
435 25 127 16 2358 1
436 37 127 16 2358 1
437 49 127 16 2358 1
438 4 139 23 3625 1
439 7 139 23 3625 1
440 15 125 19 3185 1
441 6 134 14 1263 1
442 11 134 14 1263 1
443 16 134 14 1263 1
444 8 125 6 773 1
445 7 126 15 2439 1
446 13 126 15 2439 1
447 19 126 15 2439 1
448 25 126 15 2439 1
449 3 118 25 4360 1
450 13 141 18 2360 1
451 16 121 5 681 1
452 7 127 7 580 1
453 17 121 14 955 1
454 33 121 14 955 1
455 8 118 16 1804 1
456 15 118 16 1804 1
457 22 118 16 1804 1
458 29 118 16 1804 1
459 2 118 21 2097 1
460 3 118 21 2097 1
461 4 118 21 2097 1
462 96 141 34 7033 1
463 62 134 15 1347 1
464 3 141 6 798 1
465 6 132 4 461 1
466 11 132 4 461 1
467 16 132 4 461 1
468 21 132 4 461 1
469 26 132 4 461 1
470 31 132 4 461 1
471 36 132 4 461 1
472 14 122 11 1001 1
473 27 122 11 1001 1
474 40 122 11 1001 1
475 53 122 11 1001 1
476 10 140 9 1225 1
477 19 140 9 1225 1
478 8 126 18 1885 1
479 8 129 39 4737 1
480 15 129 39 4737 1
481 22 129 39 4737 1
482 29 129 39 4737 1
483 36 129 39 4737 1
484 75 139 24 3424 1
485 13 125 15 1185 1
486 25 125 15 1185 1
487 37 125 15 1185 1
488 49 125 15 1185 1
489 61 125 15 1185 1
490 12 137 26 4364 1
491 5 141 6 1052 1
492 5 141 34 6362 1
493 9 141 34 6362 1
494 13 141 34 6362 1
495 17 141 34 6362 1
496 14 137 25 3990 1
497 27 137 25 3990 1
498 40 137 25 3990 1
499 53 137 25 3990 1
500 66 137 25 3990 1
501 79 137 25 3990 1
502 92 137 25 3990 1
503 10 129 10 1324 1
504 19 129 10 1324 1
505 28 129 10 1324 1
506 37 129 10 1324 1
507 46 129 10 1324 1
508 55 129 10 1324 1
509 14 122 7 748 1
510 8 110 13 1933 1
511 15 110 13 1933 1
512 22 110 13 1933 1
513 29 110 13 1933 1
514 36 110 13 1933 1
515 43 110 13 1933 1
516 50 110 13 1933 1
517 9 140 6 976 1
518 14 110 9 1159 1
519 27 110 9 1159 1
520 40 110 9 1159 1
521 5 138 7 847 1
522 9 138 7 847 1
523 9 110 30 4427 1
524 13 129 12 942 1
525 18 140 7 909 1
526 8 132 18 3079 1
527 7 126 19 1841 1
528 13 126 19 1841 1
529 19 126 19 1841 1
530 25 126 19 1841 1
531 6 138 32 2916 1
532 10 133 16 2611 1
533 7 132 25 3238 1
534 13 132 25 3238 1
535 19 132 25 3238 1
536 25 132 25 3238 1
537 4 137 24 2832 1
538 15 134 18 3251 1
539 29 134 18 3251 1
540 43 134 18 3251 1
541 14 125 35 6296 1
542 27 125 35 6296 1
543 40 125 35 6296 1
544 4 132 15 2551 1
545 5 110 19 2701 1
546 4 129 26 1838 1
547 15 137 14 1699 1
548 29 137 14 1699 1
549 4 125 7 544 1
550 6 137 7 1286 1
551 3 137 20 1872 1
552 5 137 20 1872 1
553 7 137 20 1872 1
554 9 137 20 1872 1
555 11 137 20 1872 1
556 13 137 20 1872 1
557 15 137 20 1872 1
558 17 137 20 1872 1
559 19 137 20 1872 1
560 13 138 18 3629 1
561 25 138 18 3629 1
562 8 122 29 5131 1
563 15 122 29 5131 1
564 22 122 29 5131 1
565 12 141 15 2253 1
566 23 141 15 2253 1
567 12 141 16 2744 1
568 23 141 16 2744 1
569 34 141 16 2744 1
570 45 141 16 2744 1
571 56 141 16 2744 1
572 3 121 17 1265 1
573 5 121 17 1265 1
574 14 139 5 672 1
575 27 139 5 672 1
576 12 118 7 585 1
577 23 118 7 585 1
578 34 118 7 585 1
579 45 118 7 585 1
580 14 140 11 2307 1
581 27 140 11 2307 1
582 40 140 11 2307 1
583 53 140 11 2307 1
584 66 140 11 2307 1
585 79 140 11 2307 1
586 3 121 11 1203 1
587 22 141 19 2456 1
588 43 141 19 2456 1
589 21 138 10 1953 1
590 41 138 10 1953 1
591 61 138 10 1953 1
592 81 138 10 1953 1
593 101 138 10 1953 1
594 1 126 11 1994 1
595 5 118 16 1690 1
596 7 127 9 627 1
597 13 127 9 627 1
598 19 127 9 627 1
599 25 127 9 627 1
600 31 127 9 627 1
601 37 127 9 627 1
602 7 125 11 1089 1
603 13 125 11 1089 1
604 19 125 11 1089 1
605 25 125 11 1089 1
606 31 125 11 1089 1
607 37 125 11 1089 1
608 43 125 11 1089 1
609 49 125 11 1089 1
610 55 125 11 1089 1
611 61 125 11 1089 1
612 67 125 11 1089 1
613 73 125 11 1089 1
614 79 125 11 1089 1
615 11 110 22 1849 1
616 8 121 41 5728 1
617 15 121 41 5728 1
618 8 132 14 985 1
619 15 132 14 985 1
620 22 132 14 985 1
621 29 132 14 985 1
622 36 132 14 985 1
623 43 132 14 985 1
624 50 132 14 985 1
625 57 132 14 985 1
626 64 132 14 985 1
627 71 132 14 985 1
628 78 132 14 985 1
629 85 132 14 985 1
630 4 140 23 4052 1
631 7 140 23 4052 1
632 14 127 18 1365 1
633 17 132 43 7579 1
634 33 132 43 7579 1
635 49 132 43 7579 1
636 65 132 43 7579 1
637 81 132 43 7579 1
638 97 132 43 7579 1
639 113 132 43 7579 1
640 11 129 20 3413 1
641 21 129 20 3413 1
642 9 140 17 2898 1
643 17 140 17 2898 1
644 25 140 17 2898 1
645 13 139 12 1563 1
646 25 139 12 1563 1
647 37 139 12 1563 1
648 49 139 12 1563 1
649 11 137 17 3013 1
650 21 137 17 3013 1
651 31 137 17 3013 1
652 41 137 17 3013 1
653 12 132 13 2193 1
654 13 125 18 1726 1
655 25 125 18 1726 1
656 37 125 18 1726 1
657 49 125 18 1726 1
658 12 121 12 920 1
659 23 121 12 920 1
660 34 121 12 920 1
661 45 121 12 920 1
662 56 121 12 920 1
663 24 151 12 1817 1
664 10 155 20 3824 1
665 19 155 20 3824 1
666 28 155 20 3824 1
667 11 165 56 7149 1
668 4 149 13 2795 1
669 17 147 15 2271 1
670 4 155 7 1116 1
671 9 149 17 1533 1
672 35 160 19 3670 1
673 13 154 18 4132 1
674 25 154 18 4132 1
675 8 155 21 3640 1
676 9 157 12 1503 1
677 17 157 12 1503 1
678 25 157 12 1503 1
679 33 157 12 1503 1
680 41 157 12 1503 1
681 15 166 23 4408 1
682 29 166 23 4408 1
683 43 166 23 4408 1
684 57 166 23 4408 1
685 16 154 9 1989 1
686 15 157 18 4023 1
687 29 157 18 4023 1
688 43 157 18 4023 1
689 57 157 18 4023 1
690 11 160 19 3344 1
691 5 166 53 9628 1
692 12 157 38 7113 1
693 23 157 38 7113 1
694 34 157 38 7113 1
695 9 151 8 1565 1
696 17 151 8 1565 1
697 200 166 18 3896 1
698 7 161 11 2566 1
699 11 149 18 3033 1
700 21 149 18 3033 1
701 10 157 15 2971 1
702 19 157 15 2971 1
703 28 157 15 2971 1
704 37 157 15 2971 1
705 12 161 20 3833 1
706 23 161 20 3833 1
707 34 161 20 3833 1
708 45 161 20 3833 1
709 56 161 20 3833 1
710 67 161 20 3833 1
711 9 154 21 3213 1
712 13 160 16 2428 1
713 4 165 11 1551 1
714 7 165 11 1551 1
715 9 154 11 2455 1
716 12 154 20 4420 1
717 12 147 30 2840 1
718 23 147 30 2840 1
719 14 157 10 788 1
720 3 160 14 1944 1
721 13 155 34 5296 1
722 15 160 17 1901 1
723 14 147 25 5270 1
724 11 155 29 3994 1
725 8 166 16 3507 1
726 67 157 21 2221 1
727 133 157 21 2221 1
728 11 158 14 1112 1
729 21 158 14 1112 1
730 31 158 14 1112 1
731 12 165 42 4942 1
732 9 151 10 2148 1
733 7 149 21 4090 1
734 9 154 15 1987 1
735 4 155 20 3760 1
736 33 149 8 1746 1
737 14 151 23 2360 1
738 27 151 23 2360 1
739 40 151 23 2360 1
740 53 151 23 2360 1
741 66 151 23 2360 1
742 79 151 23 2360 1
743 14 161 20 4023 1
744 8 151 7 1434 1
745 3 157 20 4001 1
746 12 147 6 1165 1
747 8 165 26 3859 1
748 38 151 7 832 1
749 13 166 22 2792 1
750 14 147 7 640 1
751 12 155 52 5216 1
752 23 155 52 5216 1
753 34 155 52 5216 1
754 13 154 34 2747 1
755 13 157 28 3684 1
756 13 154 35 7533 1
757 25 154 35 7533 1
758 9 161 15 1253 1
759 8 165 26 3169 1
760 4 147 6 1239 1
761 8 161 10 1217 1
762 18 157 37 7676 1
763 13 149 33 2966 1
764 25 149 33 2966 1
765 37 149 33 2966 1
766 49 149 33 2966 1
767 3 147 7 978 1
768 3 157 22 4874 1
769 8 161 11 2264 1
770 9 149 20 3881 1
771 7 154 20 3190 1
772 26 154 13 1961 1
773 9 149 8 1745 1
774 17 149 8 1745 1
775 25 149 8 1745 1
776 33 149 8 1745 1
777 11 147 13 2080 1
778 21 147 13 2080 1
779 13 151 27 3258 1
780 25 151 27 3258 1
781 10 166 22 3542 1
782 9 166 26 6441 1
783 11 166 36 3120 1
784 11 149 39 5233 1
785 15 149 5 960 1
786 29 149 5 960 1
787 8 161 9 1303 1
788 15 161 9 1303 1
789 4 160 10 866 1
790 8 157 10 1421 1
791 10 158 25 4998 1
792 19 158 25 4998 1
793 28 158 25 4998 1
794 37 158 25 4998 1
795 7 154 7 1586 1
796 64 161 7 1423 1
797 11 161 19 1636 1
798 15 149 18 2667 1
799 29 149 18 2667 1
800 21 161 100 11194 1
801 13 154 25 3320 1
802 25 154 25 3320 1
803 11 165 11 973 1
804 9 157 14 3225 1
805 15 157 49 8811 1
806 29 157 49 8811 1
807 14 161 17 3656 1
808 27 161 17 3656 1
809 40 161 17 3656 1
810 53 161 17 3656 1
811 15 161 27 3690 1
812 8 154 15 3091 1
813 8 154 14 2935 1
814 15 154 14 2935 1
815 22 154 14 2935 1
816 29 154 14 2935 1
817 36 154 14 2935 1
818 43 154 14 2935 1
819 10 188 21 3866 1
820 34 183 23 3961 1
821 42 178 28 5759 1
822 13 175 35 7649 1
823 13 175 11 2813 1
824 14 188 12 2825 1
825 13 175 22 2093 1
826 34 185 41 4367 1
827 32 190 20 4415 1
828 3 194 88 16350 1
829 12 183 9 884 1
830 40 185 8 1014 1
831 15 194 15 4190 1
832 29 194 15 4190 1
833 14 183 23 6295 1
834 16 195 24 3528 1
835 31 195 24 3528 1
836 46 195 24 3528 1
837 13 175 71 8034 1
838 10 184 12 2141 1
839 14 188 50 8124 1
840 4 168 8 1188 1
841 12 178 45 11686 1
842 64 169 28 6993 1
843 16 168 23 2202 1
844 24 185 6 1227 1
845 38 188 17 3095 1
846 14 198 23 4619 1
847 13 169 11 2404 1
848 25 169 11 2404 1
849 13 198 14 4150 1
850 3 184 12 2802 1
851 13 197 11 2164 1
852 16 184 24 4996 1
853 15 188 15 2170 1
854 3 178 7 820 1
855 9 168 16 2298 1
856 13 169 37 4143 1
857 25 169 37 4143 1
858 15 184 17 4322 1
859 37 190 12 2195 1
860 12 170 6 1003 1
861 15 178 27 4882 1
862 14 183 15 1385 1
863 15 178 3 718 1
864 16 168 18 1781 1
865 41 194 28 7425 1
866 81 194 28 7425 1
867 4 168 8 794 1
868 13 188 39 4203 1
869 25 188 39 4203 1
870 33 178 12 1766 1
871 20 197 26 2813 1
872 13 190 12 1611 1
873 25 190 12 1611 1
874 12 194 9 2009 1
875 16 195 28 6798 1
876 31 195 28 6798 1
877 46 195 28 6798 1
878 37 197 36 9050 1
879 2 170 28 3956 1
880 15 198 10 2344 1
881 29 198 10 2344 1
882 43 198 10 2344 1
883 57 198 10 2344 1
884 16 178 11 1645 1
885 31 178 11 1645 1
886 46 178 11 1645 1
887 13 183 27 4395 1
888 13 198 13 2849 1
889 13 197 10 1963 1
890 25 197 10 1963 1
891 3 169 12 1768 1
892 11 194 17 2324 1
893 23 175 25 3982 1
894 16 184 15 3215 1
895 31 184 15 3215 1
896 36 183 17 4487 1
897 71 183 17 4487 1
898 13 169 22 2674 1
899 16 188 20 4104 1
900 16 198 10 2224 1
901 11 168 15 3129 1
902 16 175 8 1076 1
903 10 178 13 1695 1
904 2 168 15 3482 1
905 14 183 13 2084 1
906 13 175 10 1844 1
907 13 197 15 3778 1
908 35 168 12 1459 1
909 69 168 12 1459 1
910 3 190 22 6069 1
911 5 190 22 6069 1
912 11 190 16 4090 1
913 15 190 16 2979 1
914 14 185 22 2148 1
915 4 195 18 1950 1
916 113 212 23 3309 1
917 36 210 20 4262 1
918 71 210 20 4262 1
919 106 210 20 4262 1
920 141 210 20 4262 1
921 176 210 20 4262 1
922 211 210 20 4262 1
923 246 210 20 4262 1
924 281 210 20 4262 1
925 316 210 20 4262 1
926 351 210 20 4262 1
927 386 210 20 4262 1
928 421 210 20 4262 1
929 456 210 20 4262 1
930 491 210 20 4262 1
931 526 210 20 4262 1
932 561 210 20 4262 1
933 41 212 23 4095 1
934 81 212 23 4095 1
935 121 212 23 4095 1
936 161 212 23 4095 1
937 40 207 13 1846 1
938 79 207 13 1846 1
939 118 207 13 1846 1
940 157 207 13 1846 1
941 196 207 13 1846 1
942 235 207 13 1846 1
943 274 207 13 1846 1
944 37 210 23 4813 1
945 73 210 23 4813 1
946 109 210 23 4813 1
947 145 210 23 4813 1
948 38 211 5 1174 1
949 75 211 5 1174 1
950 112 211 5 1174 1
951 149 211 5 1174 1
952 186 211 5 1174 1
953 223 211 5 1174 1
954 260 211 5 1174 1
955 297 211 5 1174 1
956 334 211 5 1174 1
957 371 211 5 1174 1
958 408 211 5 1174 1
959 52 204 22 2548 1
960 103 204 22 2548 1
961 154 204 22 2548 1
962 31 208 22 4073 1
963 61 208 22 4073 1
964 91 208 22 4073 1
965 39 221 26 6918 1
966 77 221 26 6918 1
967 115 221 26 6918 1
968 153 221 26 6918 1
969 191 221 26 6918 1
970 229 221 26 6918 1
971 267 221 26 6918 1
972 305 221 26 6918 1
973 343 221 26 6918 1
974 381 221 26 6918 1
975 419 221 26 6918 1
976 457 221 26 6918 1
977 495 221 26 6918 1
978 533 221 26 6918 1
979 571 221 26 6918 1
980 609 221 26 6918 1
981 647 221 26 6918 1
982 110 228 14 3699 1
983 219 228 14 3699 1
984 38 228 13 3964 1
985 97 225 22 3929 1
986 55 228 16 3455 1
987 35 225 18 4908 1
988 100 225 13 2142 1
989 56 230 15 3469 1
990 94 228 15 1818 1
991 97 225 17 2982 1
992 56 228 20 4072 1
993 105 225 24 5731 1
994 37 228 15 4503 1
995 101 225 28 8654 1
996 37 228 16 3937 1
997 37 230 17 3881 1
998 210 230 15 4118 1
999 102 228 25 8503 1
1000 42 228 12 2466 1
1001 36 225 16 2228 1
1002 37 228 20 4453 1
1003 34 228 18 5504 1
1004 37 228 17 3271 1
1005 105 230 31 6546 1
1006 114 228 21 6705 1
1007 36 239 17 2074 1
1008 71 239 17 2074 1
1009 62 228 17 4734 1
1010 123 228 17 4734 1
1011 37 228 19 5137 1
1012 36 225 9 1405 1
1013 71 225 9 1405 1
1014 102 239 12 3412 1
1015 104 225 21 6982 1
1016 207 225 21 6982 1
1017 59 294 15 2450 1
1018 57 264 36 6724 1
1019 93 255 10 1761 1
1020 56 259 37 14284 1
1021 36 274 23 3304 1
1022 58 299 19 7175 1
1023 115 299 19 7175 1
1024 58 262 12 2357 1
1025 93 299 20 3689 1
1026 36 255 18 6427 1
1027 57 264 31 6115 1
1028 166 274 15 3142 1
1029 94 277 21 5696 1
1030 91 274 30 5125 1
1031 58 274 25 8159 1
1032 92 303 22 5772 1
1033 107 305 31 12817 1
1034 59 291 32 8024 1
1035 94 275 30 12069 1
1036 142 275 23 3264 1
35
400 400 400 400 500 500 600 600 600 600 600 600 600 400 400 400 400 400 230 315 600 450 450 400 400 400 665 725 645 500 500 305 400 400 390 