1036
1 16 101 19 1578 1
2 31 101 19 1578 1
3 19 101 15 1011 1
4 299 101 9 1215 1
5 17 101 35 2999 1
6 3 99 10 1008 1
7 5 99 10 1008 1
8 7 99 10 1008 1
9 9 99 10 1008 1
10 7 101 11 930 1
11 14 101 14 1459 1
12 21 101 17 1449 1
13 9 101 18 947 1
14 6 101 11 879 1
15 11 101 11 879 1
16 16 101 11 879 1
17 4 99 14 940 1
18 7 99 14 940 1
19 7 99 10 524 1
20 4 99 6 820 1
21 3 99 12 760 1
22 16 99 15 1223 1
23 31 99 15 1223 1
24 46 99 15 1223 1
25 61 99 15 1223 1
26 76 99 15 1223 1
27 6 101 53 5495 1
28 6 99 19 2090 1
29 11 99 19 2090 1
30 16 99 19 2090 1
31 13 101 14 1833 1
32 6 99 13 1663 1
33 200 101 18 1637 1
34 4 99 46 3550 1
35 7 99 46 3550 1
36 8 101 26 2873 1
37 20 101 33 2934 1
38 20 101 11 784 1
39 19 101 16 1791 1
40 12 125 68 8804 1
41 9 132 33 5365 1
42 17 132 33 5365 1
43 25 132 33 5365 1
44 33 132 33 5365 1
45 11 141 15 1751 1
46 21 141 15 1751 1
47 31 141 15 1751 1
48 41 141 15 1751 1
49 51 141 15 1751 1
50 61 141 15 1751 1
51 71 141 15 1751 1
52 8 132 19 3073 1
53 15 132 19 3073 1
54 22 132 19 3073 1
55 29 132 19 3073 1
56 36 132 19 3073 1
57 10 129 16 2579 1
58 7 137 22 3099 1
59 13 137 22 3099 1
60 19 137 22 3099 1
61 4 122 14 1996 1
62 2 140 12 1764 1
63 9 134 14 1645 1
64 4 140 22 3839 1
65 7 140 22 3839 1
66 10 140 22 3839 1
67 2 121 11 1291 1
68 1 125 9 731 1
69 1 125 9 731 1
70 1 125 9 731 1
71 8 125 15 1741 1
72 15 125 15 1741 1
73 22 125 15 1741 1
74 4 137 13 1283 1
75 7 137 13 1283 1
76 15 110 9 520 1
77 29 110 9 520 1
78 43 110 9 520 1
79 57 110 9 520 1
80 71 110 9 520 1
81 9 121 6 699 1
82 17 121 6 699 1
83 25 121 6 699 1
84 33 121 6 699 1
85 11 129 9 1489 1
86 21 129 9 1489 1
87 31 129 9 1489 1
88 41 129 9 1489 1
89 8 139 34 4733 1
90 15 139 34 4733 1
91 22 139 34 4733 1
92 29 139 34 4733 1
93 36 139 34 4733 1
94 43 139 34 4733 1
95 50 139 34 4733 1
96 57 139 34 4733 1
97 14 126 11 1830 1
98 13 141 9 816 1
99 25 141 9 816 1
100 37 141 9 816 1
101 49 141 9 816 1
102 98 127 29 2088 1
103 13 125 19 1430 1
104 14 139 15 2666 1
105 27 139 15 2666 1
106 40 139 15 2666 1
107 53 139 15 2666 1
108 9 132 12 1528 1
109 7 127 3 392 1
110 3 134 17 1804 1
111 5 134 17 1804 1
112 7 134 17 1804 1
113 9 134 17 1804 1
114 11 134 17 1804 1
115 13 134 17 1804 1
116 19 138 9 717 1
117 37 138 9 717 1
118 55 138 9 717 1
119 73 138 9 717 1
120 91 138 9 717 1
121 5 140 12 1686 1
122 9 140 12 1686 1
123 3 129 31 3847 1
124 5 129 31 3847 1
125 7 129 31 3847 1
126 23 133 4 763 1
127 45 133 4 763 1
128 67 133 4 763 1
129 89 133 4 763 1
130 13 129 13 2308 1
131 25 129 13 2308 1
132 37 129 13 2308 1
133 49 129 13 2308 1
134 14 126 4 309 1
135 27 126 4 309 1
136 40 126 4 309 1
137 53 126 4 309 1
138 66 126 4 309 1
139 79 126 4 309 1
140 92 126 4 309 1
141 105 126 4 309 1
142 118 126 4 309 1
143 131 126 4 309 1
144 4 140 13 2359 1
145 6 141 7 1228 1
146 11 141 7 1228 1
147 16 141 7 1228 1
148 4 138 10 1393 1
149 7 138 10 1393 1
150 4 126 14 1278 1
151 12 118 18 1327 1
152 23 118 18 1327 1
153 3 125 14 1435 1
154 5 125 14 1435 1
155 14 122 20 1448 1
156 27 122 20 1448 1
157 5 133 43 7496 1
158 9 133 43 7496 1
159 13 133 43 7496 1
160 17 133 43 7496 1
161 21 133 43 7496 1
162 10 133 32 2292 1
163 6 141 23 3266 1
164 11 141 23 3266 1
165 16 141 23 3266 1
166 14 122 11 1146 1
167 27 122 11 1146 1
168 4 140 27 3559 1
169 7 137 38 7616 1
170 13 137 38 7616 1
171 19 137 38 7616 1
172 11 127 4 431 1
173 21 127 4 431 1
174 31 127 4 431 1
175 41 127 4 431 1
176 51 127 4 431 1
177 13 125 12 2110 1
178 25 125 12 2110 1
179 37 125 12 2110 1
180 49 125 12 2110 1
181 13 127 29 5112 1
182 4 132 10 994 1
183 7 132 10 994 1
184 12 121 3 447 1
185 10 121 23 2852 1
186 16 126 11 2040 1
187 31 126 11 2040 1
188 46 126 11 2040 1
189 61 126 11 2040 1
190 4 126 12 2116 1
191 18 129 4 507 1
192 35 129 4 507 1
193 25 122 9 767 1
194 49 122 9 767 1
195 73 122 9 767 1
196 97 122 9 767 1
197 121 122 9 767 1
198 145 122 9 767 1
199 6 122 15 1956 1
200 17 118 10 1578 1
201 33 118 10 1578 1
202 49 118 10 1578 1
203 65 118 10 1578 1
204 81 118 10 1578 1
205 97 118 10 1578 1
206 13 141 22 3590 1
207 25 141 22 3590 1
208 37 141 22 3590 1
209 49 141 22 3590 1
210 61 141 22 3590 1
211 73 141 22 3590 1
212 13 141 12 1473 1
213 3 134 7 652 1
214 10 137 27 2775 1
215 18 125 9 773 1
216 35 125 9 773 1
217 14 125 5 764 1
218 27 125 5 764 1
219 14 134 15 2184 1
220 8 138 30 5701 1
221 15 138 30 5701 1
222 9 126 18 1735 1
223 14 133 24 2627 1
224 70 141 54 6593 1
225 8 137 8 1401 1
226 15 137 8 1401 1
227 22 137 8 1401 1
228 29 137 8 1401 1
229 16 126 16 2659 1
230 7 122 8 937 1
231 13 122 8 937 1
232 19 122 8 937 1
233 25 122 8 937 1
234 31 122 8 937 1
235 37 122 8 937 1
236 9 134 33 3448 1
237 15 138 49 7557 1
238 53 134 11 1160 1
239 18 129 10 1090 1
240 35 129 10 1090 1
241 52 129 10 1090 1
242 7 126 10 1608 1
243 13 126 10 1608 1
244 7 139 17 2989 1
245 5 129 8 1245 1
246 9 129 8 1245 1
247 13 129 8 1245 1
248 5 133 12 1943 1
249 9 133 12 1943 1
250 13 133 12 1943 1
251 13 139 8 677 1
252 15 134 23 1871 1
253 29 134 23 1871 1
254 43 134 23 1871 1
255 14 129 9 633 1
256 27 129 9 633 1
257 40 129 9 633 1
258 53 129 9 633 1
259 66 129 9 633 1
260 4 132 47 7859 1
261 9 122 16 2856 1
262 17 122 16 2856 1
263 25 122 16 2856 1
264 33 122 16 2856 1
265 19 110 12 897 1
266 37 110 12 897 1
267 55 110 12 897 1
268 73 110 12 897 1
269 91 110 12 897 1
270 109 110 12 897 1
271 127 110 12 897 1
272 145 110 12 897 1
273 4 122 16 1635 1
274 12 141 28 1986 1
275 8 129 12 1459 1
276 13 137 7 1247 1
277 25 137 7 1247 1
278 37 137 7 1247 1
279 49 137 7 1247 1
280 61 137 7 1247 1
281 73 137 7 1247 1
282 12 118 6 562 1
283 23 118 6 562 1
284 34 118 6 562 1
285 45 118 6 562 1
286 56 118 6 562 1
287 67 118 6 562 1
288 78 118 6 562 1
289 89 118 6 562 1
290 100 118 6 562 1
291 5 141 32 6270 1
292 9 141 32 6270 1
293 13 141 32 6270 1
294 12 110 7 400 1
295 23 110 7 400 1
296 34 110 7 400 1
297 8 125 60 5122 1
298 15 125 60 5122 1
299 22 125 60 5122 1
300 29 125 60 5122 1
301 36 125 60 5122 1
302 43 125 60 5122 1
303 4 138 28 4751 1
304 7 138 28 4751 1
305 6 137 35 5726 1
306 11 137 35 5726 1
307 16 137 35 5726 1
308 21 137 35 5726 1
309 9 126 15 1086 1
310 17 126 15 1086 1
311 25 126 15 1086 1
312 14 126 18 2222 1
313 27 126 18 2222 1
314 40 126 18 2222 1
315 53 126 18 2222 1
316 66 126 18 2222 1
317 79 126 18 2222 1
318 92 126 18 2222 1
319 6 126 6 1076 1
320 11 126 6 1076 1
321 16 126 6 1076 1
322 13 118 22 2585 1
323 14 125 24 2321 1
324 27 125 24 2321 1
325 40 125 24 2321 1
326 53 125 24 2321 1
327 66 125 24 2321 1
328 13 134 18 1941 1
329 25 134 18 1941 1
330 19 127 11 1240 1
331 37 127 11 1240 1
332 3 139 12 1939 1
333 11 110 7 980 1
334 21 110 7 980 1
335 11 137 9 1171 1
336 21 137 9 1171 1
337 21 127 24 3965 1
338 41 127 24 3965 1
339 9 137 17 2401 1
340 17 137 17 2401 1
341 25 137 17 2401 1
342 33 137 17 2401 1
343 11 141 3 387 1
344 21 141 3 387 1
345 31 141 3 387 1
346 41 141 3 387 1
347 51 141 3 387 1
348 61 141 3 387 1
349 71 141 3 387 1
350 15 134 5 928 1
351 29 134 5 928 1
352 43 134 5 928 1
353 57 134 5 928 1
354 71 134 5 928 1
355 85 134 5 928 1
356 99 134 5 928 1
357 113 134 5 928 1
358 14 137 25 1864 1
359 27 137 25 1864 1
360 40 137 25 1864 1
361 3 118 18 1788 1
362 5 139 13 2486 1
363 9 139 13 2486 1
364 12 110 16 1575 1
365 23 110 16 1575 1
366 34 110 16 1575 1
367 45 110 16 1575 1
368 56 110 16 1575 1
369 67 110 16 1575 1
370 10 118 14 2096 1
371 19 118 14 2096 1
372 2 132 10 1012 1
373 4 132 19 2232 1
374 15 137 6 1233 1
375 29 137 6 1233 1
376 43 137 6 1233 1
377 57 137 6 1233 1
378 71 137 6 1233 1
379 85 137 6 1233 1
380 99 137 6 1233 1
381 113 137 6 1233 1
382 127 137 6 1233 1
383 141 137 6 1233 1
384 155 137 6 1233 1
385 169 137 6 1233 1
386 183 137 6 1233 1
387 197 137 6 1233 1
388 211 137 6 1233 1
389 225 137 6 1233 1
390 239 137 6 1233 1
391 253 137 6 1233 1
392 13 110 10 982 1
393 7 132 41 5879 1
394 13 132 41 5879 1
395 19 132 41 5879 1
396 25 132 41 5879 1
397 3 129 6 406 1
398 7 134 65 12534 1
399 13 134 65 12534 1
400 19 134 65 12534 1
401 10 137 28 4993 1
402 19 137 28 4993 1
403 28 137 28 4993 1
404 37 137 28 4993 1
405 46 137 28 4993 1
406 55 137 28 4993 1
407 64 137 28 4993 1
408 73 137 28 4993 1
409 82 137 28 4993 1
410 91 137 28 4993 1
411 7 118 5 568 1
412 13 118 5 568 1
413 10 133 14 2053 1
414 19 133 14 2053 1
415 3 126 18 3307 1
416 8 140 13 1389 1
417 17 110 15 1125 1
418 33 110 15 1125 1
419 49 110 15 1125 1
420 13 118 11 1425 1
421 25 118 11 1425 1
422 12 141 11 2266 1
423 23 141 11 2266 1
424 34 141 11 2266 1
425 14 134 16 2025 1
426 6 140 16 2574 1
427 4 127 16 2350 1
428 4 134 9 946 1
429 5 132 8 1427 1
430 9 132 8 1427 1
431 13 132 8 1427 1
432 17 132 8 1427 1
433 21 118 17 1391 1
434 8 118 16 2785 1
435 15 118 16 2785 1
436 22 118 16 2785 1
437 29 118 16 2785 1
438 36 118 16 2785 1
439 43 118 16 2785 1
440 50 118 16 2785 1
441 10 133 9 1637 1
442 19 133 9 1637 1
443 9 132 13 2273 1
444 17 132 13 2273 1
445 12 110 12 1499 1
446 20 141 13 2164 1
447 3 132 6 935 1
448 5 132 6 935 1
449 7 132 6 935 1
450 5 126 15 2676 1
451 9 126 15 2676 1
452 7 125 21 3662 1
453 13 125 21 3662 1
454 21 121 15 2457 1
455 7 140 18 3515 1
456 13 140 18 3515 1
457 19 140 18 3515 1
458 10 141 25 2258 1
459 19 141 25 2258 1
460 28 141 25 2258 1
461 7 138 13 1664 1
462 11 126 15 2433 1
463 21 126 15 2433 1
464 13 133 9 1095 1
465 25 133 9 1095 1
466 37 133 9 1095 1
467 49 133 9 1095 1
468 61 133 9 1095 1
469 14 121 8 755 1
470 27 121 8 755 1
471 40 121 8 755 1
472 53 121 8 755 1
473 66 121 8 755 1
474 15 127 12 1232 1
475 29 127 12 1232 1
476 43 127 12 1232 1
477 57 127 12 1232 1
478 71 127 12 1232 1
479 85 127 12 1232 1
480 99 127 12 1232 1
481 113 127 12 1232 1
482 7 126 15 1246 1
483 13 126 15 1246 1
484 19 126 15 1246 1
485 25 126 15 1246 1
486 31 126 15 1246 1
487 37 126 15 1246 1
488 43 126 15 1246 1
489 49 126 15 1246 1
490 55 126 15 1246 1
491 61 126 15 1246 1
492 67 126 15 1246 1
493 73 126 15 1246 1
494 3 125 26 2886 1
495 15 129 8 1058 1
496 6 110 36 3291 1
497 11 110 36 3291 1
498 19 121 10 1257 1
499 15 118 20 2325 1
500 29 118 20 2325 1
501 43 118 20 2325 1
502 12 134 10 1479 1
503 23 134 10 1479 1
504 34 134 10 1479 1
505 45 134 10 1479 1
506 4 110 46 6656 1
507 7 110 46 6656 1
508 3 134 16 2620 1
509 5 134 16 2620 1
510 7 134 16 2620 1
511 9 134 16 2620 1
512 11 134 16 2620 1
513 13 134 16 2620 1
514 15 134 16 2620 1
515 17 134 16 2620 1
516 19 134 16 2620 1
517 8 121 15 1015 1
518 15 121 15 1015 1
519 22 121 15 1015 1
520 29 121 15 1015 1
521 36 121 15 1015 1
522 43 121 15 1015 1
523 50 121 15 1015 1
524 11 138 24 4436 1
525 21 138 24 4436 1
526 31 138 24 4436 1
527 41 138 24 4436 1
528 51 138 24 4436 1
529 61 138 24 4436 1
530 4 121 16 1885 1
531 7 121 16 1885 1
532 81 139 12 1221 1
533 10 127 41 5590 1
534 10 122 4 360 1
535 2 137 11 1265 1
536 15 138 9 1078 1
537 11 126 24 2736 1
538 21 126 24 2736 1
539 14 129 11 1901 1
540 27 129 11 1901 1
541 40 129 11 1901 1
542 53 129 11 1901 1
543 66 129 11 1901 1
544 79 129 11 1901 1
545 92 129 11 1901 1
546 105 129 11 1901 1
547 118 129 11 1901 1
548 131 129 11 1901 1
549 9 134 12 1996 1
550 17 134 12 1996 1
551 17 139 24 4588 1
552 33 139 24 4588 1
553 49 139 24 4588 1
554 3 126 13 1247 1
555 5 126 13 1247 1
556 7 126 13 1247 1
557 9 126 13 1247 1
558 11 126 13 1247 1
559 19 129 23 3771 1
560 37 129 23 3771 1
561 55 129 23 3771 1
562 73 129 23 3771 1
563 2 139 30 4359 1
564 17 129 30 4989 1
565 33 129 30 4989 1
566 49 129 30 4989 1
567 65 129 30 4989 1
568 17 126 5 904 1
569 33 126 5 904 1
570 49 126 5 904 1
571 3 133 18 2326 1
572 11 121 27 4417 1
573 21 121 27 4417 1
574 13 129 28 5039 1
575 5 138 32 6203 1
576 9 138 32 6203 1
577 13 138 32 6203 1
578 15 134 6 729 1
579 29 134 6 729 1
580 12 118 10 948 1
581 12 140 14 1387 1
582 7 118 14 2335 1
583 9 126 39 3126 1
584 17 126 39 3126 1
585 10 134 15 2952 1
586 19 134 15 2952 1
587 28 134 15 2952 1
588 37 134 15 2952 1
589 46 134 15 2952 1
590 55 134 15 2952 1
591 4 110 7 549 1
592 7 110 7 549 1
593 10 110 7 549 1
594 13 110 7 549 1
595 19 129 10 1685 1
596 18 137 11 2096 1
597 35 137 11 2096 1
598 52 137 11 2096 1
599 13 126 9 1016 1
600 9 134 12 1623 1
601 17 134 12 1623 1
602 76 138 6 1008 1
603 3 122 71 9584 1
604 5 122 71 9584 1
605 7 122 71 9584 1
606 4 118 6 393 1
607 15 122 8 845 1
608 4 129 48 7887 1
609 3 129 51 3758 1
610 5 129 51 3758 1
611 4 137 21 1641 1
612 4 137 22 2041 1
613 7 141 10 1748 1
614 13 141 10 1748 1
615 9 121 16 1524 1
616 14 141 24 3444 1
617 27 141 24 3444 1
618 40 141 24 3444 1
619 53 141 24 3444 1
620 66 141 24 3444 1
621 79 141 24 3444 1
622 50 118 15 2514 1
623 14 129 41 7312 1
624 6 129 9 747 1
625 11 129 9 747 1
626 16 129 9 747 1
627 4 129 23 1787 1
628 17 134 12 1730 1
629 9 125 7 628 1
630 69 134 25 2345 1
631 5 129 18 1919 1
632 9 129 18 1919 1
633 13 129 18 1919 1
634 17 129 18 1919 1
635 21 129 18 1919 1
636 25 129 18 1919 1
637 29 129 18 1919 1
638 1 137 25 4629 1
639 1 137 25 4629 1
640 1 137 25 4629 1
641 16 127 19 2940 1
642 31 127 19 2940 1
643 46 127 19 2940 1
644 21 122 9 1546 1
645 41 122 9 1546 1
646 61 122 9 1546 1
647 81 122 9 1546 1
648 101 122 9 1546 1
649 121 122 9 1546 1
650 3 129 10 1206 1
651 5 129 10 1206 1
652 11 133 6 780 1
653 15 137 4 707 1
654 29 137 4 707 1
655 43 137 4 707 1
656 12 133 4 342 1
657 4 110 14 1980 1
658 9 137 48 7236 1
659 17 137 48 7236 1
660 25 137 48 7236 1
661 33 137 48 7236 1
662 41 137 48 7236 1
663 11 154 25 3031 1
664 9 149 15 1197 1
665 5 154 7 1103 1
666 3 155 23 4718 1
667 5 155 23 4718 1
668 10 147 16 1844 1
669 4 165 34 3534 1
670 14 161 26 6228 1
671 27 161 26 6228 1
672 10 158 9 2033 1
673 19 158 9 2033 1
674 28 158 9 2033 1
675 9 165 20 3745 1
676 4 165 11 1113 1
677 7 165 11 1113 1
678 12 151 26 2475 1
679 23 151 26 2475 1
680 9 165 18 2890 1
681 17 165 18 2890 1
682 4 165 20 2593 1
683 10 154 12 2743 1
684 9 166 14 1572 1
685 14 149 13 2007 1
686 11 161 5 1033 1
687 12 154 58 6945 1
688 23 154 58 6945 1
689 34 154 58 6945 1
690 45 154 58 6945 1
691 13 166 23 4633 1
692 3 160 22 3512 1
693 5 160 18 3459 1
694 12 155 17 3920 1
695 23 155 17 3920 1
696 14 151 86 16190 1
697 27 151 86 16190 1
698 40 151 86 16190 1
699 13 149 17 3620 1
700 25 149 17 3620 1
701 11 161 27 2342 1
702 21 161 27 2342 1
703 9 160 3 449 1
704 26 157 14 2394 1
705 9 155 15 2948 1
706 17 155 15 2948 1
707 25 155 15 2948 1
708 17 166 7 1151 1
709 13 155 11 1251 1
710 11 151 23 4041 1
711 21 151 23 4041 1
712 12 155 35 6329 1
713 23 155 35 6329 1
714 34 155 35 6329 1
715 45 155 35 6329 1
716 17 165 8 1780 1
717 33 165 8 1780 1
718 9 149 6 574 1
719 14 155 21 3924 1
720 9 151 12 1598 1
721 11 154 19 2680 1
722 3 158 15 2751 1
723 8 166 10 2355 1
724 15 166 10 2355 1
725 8 158 27 2360 1
726 8 158 15 2251 1
727 10 161 6 1116 1
728 175 160 7 1481 1
729 12 166 14 2296 1
730 9 157 9 2067 1
731 17 157 9 2067 1
732 25 157 9 2067 1
733 33 157 9 2067 1
734 41 157 9 2067 1
735 3 155 15 1752 1
736 9 166 19 4011 1
737 13 149 11 1919 1
738 25 149 11 1919 1
739 14 147 31 5022 1
740 9 158 13 2350 1
741 11 147 19 2003 1
742 2 165 9 1691 1
743 3 165 9 1691 1
744 11 161 14 1967 1
745 21 161 14 1967 1
746 4 151 27 4786 1
747 10 165 11 1229 1
748 19 165 11 1229 1
749 15 160 10 1771 1
750 29 160 10 1771 1
751 12 147 35 7511 1
752 23 147 35 7511 1
753 13 149 22 4223 1
754 25 149 22 4223 1
755 37 149 22 4223 1
756 49 149 22 4223 1
757 10 160 29 6535 1
758 3 147 14 2727 1
759 5 147 14 2727 1
760 13 149 45 6353 1
761 19 165 15 1760 1
762 21 151 17 3650 1
763 41 151 17 3650 1
764 3 151 12 1271 1
765 5 161 21 2566 1
766 9 161 21 2566 1
767 16 166 20 2427 1
768 14 161 32 5141 1
769 143 155 5 818 1
770 16 158 6 919 1
771 9 154 15 1159 1
772 15 155 13 1851 1
773 29 155 13 1851 1
774 14 147 8 1549 1
775 27 147 8 1549 1
776 40 147 8 1549 1
777 53 147 8 1549 1
778 66 147 8 1549 1
779 79 147 8 1549 1
780 14 166 7 1409 1
781 18 154 7 1063 1
782 11 165 37 6616 1
783 3 161 14 2159 1
784 15 147 11 1829 1
785 9 160 29 2474 1
786 17 160 29 2474 1
787 25 160 29 2474 1
788 14 161 37 4174 1
789 11 161 20 3090 1
790 5 147 24 2836 1
791 16 154 19 2742 1
792 3 158 10 973 1
793 12 154 4 504 1
794 8 166 34 8442 1
795 15 166 34 8442 1
796 13 157 25 3258 1
797 25 157 25 3258 1
798 37 157 25 3258 1
799 10 158 16 1869 1
800 19 158 16 1869 1
801 28 158 16 1869 1
802 37 158 16 1869 1
803 46 158 16 1869 1
804 11 157 10 1864 1
805 4 161 6 734 1
806 11 166 16 3739 1
807 21 154 6 844 1
808 8 160 18 2860 1
809 9 151 18 1611 1
810 17 151 18 1611 1
811 25 151 18 1611 1
812 9 161 16 2829 1
813 17 161 16 2829 1
814 12 160 12 2780 1
815 23 160 12 2780 1
816 34 160 12 2780 1
817 45 160 12 2780 1
818 12 149 21 4551 1
819 16 190 23 5335 1
820 15 197 28 7118 1
821 29 197 28 7118 1
822 15 188 23 4364 1
823 16 168 11 2093 1
824 31 168 11 2093 1
825 46 168 11 2093 1
826 37 183 24 5199 1
827 17 194 24 5031 1
828 33 194 24 5031 1
829 49 194 24 5031 1
830 3 197 18 2033 1
831 4 190 14 3340 1
832 15 195 14 2074 1
833 29 195 14 2074 1
834 13 169 26 5643 1
835 15 195 9 2435 1
836 3 188 21 5352 1
837 15 175 12 1262 1
838 29 175 12 1262 1
839 2 178 21 2937 1
840 22 183 13 3030 1
841 43 197 20 2993 1
842 37 184 14 2053 1
843 39 178 11 2840 1
844 93 195 19 2529 1
845 11 184 21 4027 1
846 22 169 19 4215 1
847 43 169 19 4215 1
848 40 184 18 4466 1
849 79 184 18 4466 1
850 118 184 18 4466 1
851 4 195 18 4041 1
852 16 194 24 3742 1
853 15 198 25 7287 1
854 15 197 47 5290 1
855 15 178 16 4069 1
856 46 197 63 9991 1
857 42 198 17 3288 1
858 13 198 20 4028 1
859 25 198 20 4028 1
860 22 183 43 8488 1
861 20 183 32 4385 1
862 13 195 30 5931 1
863 38 197 31 9027 1
864 16 197 65 18242 1
865 31 197 65 18242 1
866 16 169 23 3215 1
867 16 188 16 2106 1
868 14 178 16 4012 1
869 10 195 23 5974 1
870 3 195 12 1207 1
871 21 197 93 15334 1
872 12 169 21 5182 1
873 29 195 20 2654 1
874 23 188 15 2925 1
875 23 195 9 2097 1
876 45 195 9 2097 1
877 14 185 9 2310 1
878 27 185 9 2310 1
879 40 185 9 2310 1
880 53 185 9 2310 1
881 181 175 8 1238 1
882 42 175 8 1150 1
883 9 185 25 6771 1
884 10 178 25 4515 1
885 13 188 44 8871 1
886 15 170 9 1613 1
887 47 178 27 7180 1
888 33 184 19 4890 1
889 33 195 12 3176 1
890 65 195 12 3176 1
891 13 183 17 3000 1
892 16 198 11 3105 1
893 31 198 11 3105 1
894 46 198 11 3105 1
895 13 188 12 2308 1
896 25 188 12 2308 1
897 3 198 10 1662 1
898 42 185 9 1075 1
899 21 169 14 1607 1
900 14 194 35 8607 1
901 32 198 11 3063 1
902 14 178 15 3325 1
903 22 198 13 3393 1
904 43 198 13 3393 1
905 3 195 24 5510 1
906 3 190 11 1094 1
907 9 188 12 1214 1
908 14 170 6 1432 1
909 21 169 12 1319 1
910 16 170 6 731 1
911 36 169 12 2394 1
912 3 178 13 1555 1
913 15 198 38 11278 1
914 25 188 29 6977 1
915 40 198 12 3158 1
916 36 211 18 3727 1
917 44 208 22 4835 1
918 87 208 22 4835 1
919 130 208 22 4835 1
920 173 208 22 4835 1
921 216 208 22 4835 1
922 259 208 22 4835 1
923 302 208 22 4835 1
924 345 208 22 4835 1
925 388 208 22 4835 1
926 431 208 22 4835 1
927 474 208 22 4835 1
928 517 208 22 4835 1
929 68 221 25 5606 1
930 43 211 4 1130 1
931 85 211 4 1130 1
932 127 211 4 1130 1
933 169 211 4 1130 1
934 211 211 4 1130 1
935 253 211 4 1130 1
936 295 211 4 1130 1
937 337 211 4 1130 1
938 379 211 4 1130 1
939 421 211 4 1130 1
940 463 211 4 1130 1
941 505 211 4 1130 1
942 547 211 4 1130 1
943 589 211 4 1130 1
944 631 211 4 1130 1
945 673 211 4 1130 1
946 715 211 4 1130 1
947 757 211 4 1130 1
948 799 211 4 1130 1
949 841 211 4 1130 1
950 883 211 4 1130 1
951 33 221 21 4698 1
952 65 221 21 4698 1
953 97 221 21 4698 1
954 129 221 21 4698 1
955 161 221 21 4698 1
956 193 221 21 4698 1
957 225 221 21 4698 1
958 257 221 21 4698 1
959 43 210 27 7042 1
960 85 210 27 7042 1
961 33 208 17 2218 1
962 65 208 17 2218 1
963 97 208 17 2218 1
964 129 208 17 2218 1
965 161 208 17 2218 1
966 193 208 17 2218 1
967 225 208 17 2218 1
968 257 208 17 2218 1
969 37 222 13 1711 1
970 73 222 13 1711 1
971 109 222 13 1711 1
972 145 222 13 1711 1
973 181 222 13 1711 1
974 46 207 24 5477 1
975 91 207 24 5477 1
976 42 208 13 2417 1
977 33 212 24 3269 1
978 65 212 24 3269 1
979 97 212 24 3269 1
980 129 212 24 3269 1
981 161 212 24 3269 1
982 38 239 16 2156 1
983 36 239 17 3536 1
984 81 228 13 1975 1
985 47 225 22 5883 1
986 38 239 19 2476 1
987 37 230 19 5873 1
988 101 228 21 4527 1
989 96 230 23 2648 1
990 111 239 24 2917 1
991 86 239 29 6732 1
992 54 239 21 6225 1
993 37 225 19 5096 1
994 85 230 25 3343 1
995 59 228 29 6062 1
996 53 239 32 11088 1
997 35 228 13 2130 1
998 36 230 22 6745 1
999 62 228 24 7341 1
1000 30 228 18 4168 1
1001 36 225 17 4971 1
1002 37 239 17 3279 1
1003 36 225 27 4059 1
1004 37 225 24 4335 1
1005 73 225 24 4335 1
1006 125 228 17 5437 1
1007 23 230 15 2379 1
1008 36 225 26 8492 1
1009 101 230 11 3092 1
1010 55 225 17 2826 1
1011 112 230 25 8226 1
1012 35 228 22 7358 1
1013 37 225 21 6579 1
1014 73 225 21 6579 1
1015 109 225 21 6579 1
1016 33 228 24 3623 1
1017 37 261 32 8057 1
1018 73 261 32 8057 1
1019 37 282 22 4883 1
1020 57 274 25 10139 1
1021 113 274 25 10139 1
1022 95 265 45 10486 1
1023 189 265 45 10486 1
1024 283 265 45 10486 1
1025 94 265 41 8776 1
1026 36 275 15 2948 1
1027 94 258 22 7345 1
1028 187 258 22 7345 1
1029 148 259 28 10043 1
1030 57 262 8 1153 1
1031 113 262 8 1153 1
1032 67 260 28 3654 1
1033 133 260 28 3654 1
1034 106 261 31 6018 1
1035 58 282 32 10285 1
1036 57 293 27 11749 1
35
400 400 400 400 500 500 600 600 600 600 600 600 600 400 400 400 400 400 230 315 600 450 450 400 400 400 665 725 645 500 500 305 400 400 390 