1036
1 12 101 9 1256 1
2 7 101 4 347 1
3 4 101 4 528 1
4 7 101 4 528 1
5 3 101 11 998 1
6 22 101 6 894 1
7 43 101 6 894 1
8 6 101 17 2426 1
9 17 99 16 1313 1
10 33 99 16 1313 1
11 7 101 4 496 1
12 17 99 28 1499 1
13 4 101 20 2529 1
14 23 101 23 1844 1
15 8 99 17 1053 1
16 15 99 17 1053 1
17 4 101 28 3673 1
18 7 101 28 3673 1
19 23 99 23 3201 1
20 12 101 53 3770 1
21 16 101 21 2208 1
22 31 101 21 2208 1
23 24 101 7 421 1
24 5 99 31 4190 1
25 9 99 31 4190 1
26 8 101 6 352 1
27 15 99 25 3268 1
28 4 99 12 704 1
29 7 101 13 1440 1
30 6 99 9 1005 1
31 7 101 16 1294 1
32 12 99 15 2058 1
33 14 99 14 2051 1
34 3 99 13 1907 1
35 6 99 9 1080 1
36 4 101 27 2905 1
37 3 101 17 1808 1
38 6 99 9 862 1
39 4 101 29 3026 1
40 11 132 20 2941 1
41 16 139 14 1856 1
42 31 139 14 1856 1
43 46 139 14 1856 1
44 61 139 14 1856 1
45 76 139 14 1856 1
46 8 127 55 9603 1
47 12 132 37 5877 1
48 23 132 37 5877 1
49 34 132 37 5877 1
50 45 132 37 5877 1
51 56 132 37 5877 1
52 67 132 37 5877 1
53 78 132 37 5877 1
54 89 132 37 5877 1
55 100 132 37 5877 1
56 111 132 37 5877 1
57 122 132 37 5877 1
58 133 132 37 5877 1
59 144 132 37 5877 1
60 15 127 13 1732 1
61 5 110 18 1434 1
62 14 126 15 1624 1
63 27 126 15 1624 1
64 40 126 15 1624 1
65 19 110 6 915 1
66 4 121 10 625 1
67 4 118 7 1178 1
68 15 126 5 716 1
69 7 141 33 4455 1
70 3 122 30 3578 1
71 5 122 30 3578 1
72 7 122 30 3578 1
73 9 122 30 3578 1
74 11 122 30 3578 1
75 13 122 30 3578 1
76 7 126 15 1741 1
77 13 126 15 1741 1
78 19 126 15 1741 1
79 25 126 15 1741 1
80 31 126 15 1741 1
81 37 126 15 1741 1
82 3 137 13 980 1
83 5 137 13 980 1
84 7 137 13 980 1
85 9 137 13 980 1
86 11 126 16 2586 1
87 21 126 16 2586 1
88 31 126 16 2586 1
89 41 126 16 2586 1
90 51 126 16 2586 1
91 8 132 11 1432 1
92 15 132 11 1432 1
93 12 122 13 1990 1
94 2 122 20 1360 1
95 11 141 10 1116 1
96 21 141 10 1116 1
97 31 141 10 1116 1
98 41 141 10 1116 1
99 51 141 10 1116 1
100 61 141 10 1116 1
101 15 140 9 1284 1
102 4 134 32 3899 1
103 4 138 11 1026 1
104 4 140 28 4565 1
105 3 140 34 2658 1
106 5 140 34 2658 1
107 7 140 34 2658 1
108 4 134 51 7102 1
109 7 134 51 7102 1
110 3 132 16 1143 1
111 6 138 11 1871 1
112 11 138 11 1871 1
113 16 138 11 1871 1
114 10 132 22 2747 1
115 19 132 22 2747 1
116 28 132 22 2747 1
117 37 132 22 2747 1
118 46 132 22 2747 1
119 10 110 9 1149 1
120 19 110 9 1149 1
121 28 110 9 1149 1
122 13 110 38 4733 1
123 25 110 38 4733 1
124 37 110 38 4733 1
125 4 127 15 2496 1
126 26 126 21 2800 1
127 7 139 7 1394 1
128 27 126 7 1153 1
129 18 138 12 2151 1
130 35 138 12 2151 1
131 52 138 12 2151 1
132 69 138 12 2151 1
133 20 118 18 3022 1
134 39 118 18 3022 1
135 9 118 14 1738 1
136 18 129 11 1245 1
137 35 129 11 1245 1
138 52 129 11 1245 1
139 69 129 11 1245 1
140 11 127 10 791 1
141 21 127 10 791 1
142 31 127 10 791 1
143 41 127 10 791 1
144 51 127 10 791 1
145 61 127 10 791 1
146 71 127 10 791 1
147 21 139 15 1586 1
148 41 139 15 1586 1
149 61 139 15 1586 1
150 81 139 15 1586 1
151 9 118 15 2575 1
152 17 118 15 2575 1
153 4 141 8 1053 1
154 2 140 15 1169 1
155 3 140 15 1169 1
156 4 140 15 1169 1
157 5 140 15 1169 1
158 6 140 15 1169 1
159 15 134 16 1664 1
160 11 129 21 1742 1
161 21 129 21 1742 1
162 1 134 21 3382 1
163 1 134 21 3382 1
164 1 134 21 3382 1
165 1 134 21 3382 1
166 1 134 21 3382 1
167 1 134 21 3382 1
168 1 134 21 3382 1
169 1 134 21 3382 1
170 1 134 21 3382 1
171 1 134 21 3382 1
172 1 134 21 3382 1
173 1 134 21 3382 1
174 13 141 6 1137 1
175 15 129 36 6233 1
176 17 126 34 2975 1
177 33 126 34 2975 1
178 49 126 34 2975 1
179 65 126 34 2975 1
180 18 125 13 927 1
181 35 125 13 927 1
182 52 125 13 927 1
183 11 137 15 2494 1
184 21 137 15 2494 1
185 31 137 15 2494 1
186 41 137 15 2494 1
187 51 137 15 2494 1
188 61 137 15 2494 1
189 71 137 15 2494 1
190 81 137 15 2494 1
191 91 137 15 2494 1
192 101 137 15 2494 1
193 111 137 15 2494 1
194 121 137 15 2494 1
195 131 137 15 2494 1
196 15 139 7 776 1
197 29 139 7 776 1
198 43 139 7 776 1
199 57 139 7 776 1
200 71 139 7 776 1
201 85 139 7 776 1
202 99 139 7 776 1
203 113 139 7 776 1
204 127 139 7 776 1
205 4 138 7 1256 1
206 4 126 27 2613 1
207 7 126 27 2613 1
208 19 134 12 1183 1
209 12 139 15 2809 1
210 23 139 15 2809 1
211 12 138 15 2120 1
212 23 138 15 2120 1
213 34 138 15 2120 1
214 45 138 15 2120 1
215 56 138 15 2120 1
216 67 138 15 2120 1
217 13 133 7 675 1
218 25 133 7 675 1
219 14 121 11 1276 1
220 27 121 11 1276 1
221 40 121 11 1276 1
222 53 121 11 1276 1
223 66 121 11 1276 1
224 79 121 11 1276 1
225 92 121 11 1276 1
226 6 139 17 2746 1
227 11 139 17 2746 1
228 16 139 17 2746 1
229 21 139 17 2746 1
230 26 139 17 2746 1
231 31 139 17 2746 1
232 36 139 17 2746 1
233 9 122 17 3019 1
234 17 122 17 3019 1
235 25 122 17 3019 1
236 33 122 17 3019 1
237 6 110 16 1098 1
238 11 110 16 1098 1
239 16 110 16 1098 1
240 21 110 16 1098 1
241 26 110 16 1098 1
242 4 133 12 839 1
243 7 133 12 839 1
244 2 126 7 1068 1
245 3 126 7 1068 1
246 60 127 5 651 1
247 4 132 7 523 1
248 3 118 17 2474 1
249 11 129 14 1188 1
250 21 129 14 1188 1
251 9 138 28 4174 1
252 3 132 9 1287 1
253 5 132 9 1287 1
254 7 132 9 1287 1
255 9 132 9 1287 1
256 11 132 9 1287 1
257 13 132 9 1287 1
258 15 132 9 1287 1
259 17 132 9 1287 1
260 19 132 9 1287 1
261 3 134 15 1367 1
262 5 134 15 1367 1
263 11 138 10 1250 1
264 21 138 10 1250 1
265 31 138 10 1250 1
266 8 141 7 1473 1
267 14 110 20 3058 1
268 27 110 20 3058 1
269 40 110 20 3058 1
270 53 110 20 3058 1
271 66 110 20 3058 1
272 79 110 20 3058 1
273 7 139 18 1365 1
274 13 139 18 1365 1
275 19 139 18 1365 1
276 25 139 18 1365 1
277 12 140 29 4554 1
278 23 140 29 4554 1
279 34 140 29 4554 1
280 45 140 29 4554 1
281 56 140 29 4554 1
282 67 140 29 4554 1
283 4 118 11 1162 1
284 15 125 11 898 1
285 3 126 16 1715 1
286 5 126 16 1715 1
287 7 126 16 1715 1
288 9 126 16 1715 1
289 11 126 16 1715 1
290 13 126 16 1715 1
291 15 126 16 1715 1
292 17 126 16 1715 1
293 4 126 10 1780 1
294 5 140 24 3551 1
295 9 140 24 3551 1
296 12 140 6 1105 1
297 23 140 6 1105 1
298 34 140 6 1105 1
299 9 127 11 819 1
300 17 127 11 819 1
301 25 127 11 819 1
302 48 138 18 3212 1
303 3 118 28 3455 1
304 3 125 48 7604 1
305 5 125 48 7604 1
306 13 141 14 1390 1
307 25 141 14 1390 1
308 37 141 14 1390 1
309 10 118 19 1630 1
310 15 127 17 2305 1
311 11 137 10 1882 1
312 5 134 5 875 1
313 3 138 24 4257 1
314 8 133 4 644 1
315 15 133 4 644 1
316 22 133 4 644 1
317 29 133 4 644 1
318 36 133 4 644 1
319 43 133 4 644 1
320 71 134 16 2159 1
321 11 121 9 1131 1
322 21 121 9 1131 1
323 31 121 9 1131 1
324 8 121 28 4759 1
325 15 121 28 4759 1
326 22 121 28 4759 1
327 29 121 28 4759 1
328 36 121 28 4759 1
329 43 121 28 4759 1
330 50 121 28 4759 1
331 57 121 28 4759 1
332 64 121 28 4759 1
333 71 121 28 4759 1
334 78 121 28 4759 1
335 85 121 28 4759 1
336 92 121 28 4759 1
337 99 121 28 4759 1
338 106 121 28 4759 1
339 113 121 28 4759 1
340 3 141 5 862 1
341 4 125 28 3625 1
342 3 138 13 2222 1
343 5 118 22 1922 1
344 17 125 18 2221 1
345 33 125 18 2221 1
346 49 125 18 2221 1
347 65 125 18 2221 1
348 81 125 18 2221 1
349 9 129 15 1810 1
350 14 129 11 1043 1
351 27 129 11 1043 1
352 40 129 11 1043 1
353 10 132 14 1309 1
354 12 129 17 1700 1
355 23 129 17 1700 1
356 34 129 17 1700 1
357 4 125 15 1071 1
358 8 129 13 1855 1
359 15 129 13 1855 1
360 8 127 20 1545 1
361 15 127 20 1545 1
362 22 127 20 1545 1
363 29 127 20 1545 1
364 36 127 20 1545 1
365 43 127 20 1545 1
366 50 127 20 1545 1
367 11 127 15 1982 1
368 21 127 15 1982 1
369 9 122 21 2777 1
370 16 129 9 1461 1
371 3 133 22 4223 1
372 17 126 12 1337 1
373 12 110 9 793 1
374 14 126 22 4022 1
375 27 126 22 4022 1
376 40 126 22 4022 1
377 53 126 22 4022 1
378 9 126 4 671 1
379 17 126 4 671 1
380 6 118 15 1695 1
381 11 118 15 1695 1
382 16 118 15 1695 1
383 21 118 15 1695 1
384 26 118 15 1695 1
385 31 118 15 1695 1
386 4 140 19 3390 1
387 12 127 7 479 1
388 9 132 15 2691 1
389 17 127 12 1935 1
390 33 127 12 1935 1
391 49 127 12 1935 1
392 65 127 12 1935 1
393 11 125 16 1115 1
394 21 125 16 1115 1
395 31 125 16 1115 1
396 41 125 16 1115 1
397 51 125 16 1115 1
398 61 125 16 1115 1
399 71 125 16 1115 1
400 81 125 16 1115 1
401 13 134 38 7042 1
402 25 134 38 7042 1
403 7 118 8 522 1
404 13 118 8 522 1
405 19 118 8 522 1
406 25 118 8 522 1
407 4 118 20 2324 1
408 4 133 11 999 1
409 11 133 16 2962 1
410 21 133 16 2962 1
411 10 132 12 2216 1
412 16 126 16 2502 1
413 31 126 16 2502 1
414 46 126 16 2502 1
415 61 126 16 2502 1
416 76 126 16 2502 1
417 91 126 16 2502 1
418 106 126 16 2502 1
419 121 126 16 2502 1
420 136 126 16 2502 1
421 17 122 7 787 1
422 33 122 7 787 1
423 49 122 7 787 1
424 8 141 14 2622 1
425 8 141 11 1978 1
426 15 141 11 1978 1
427 9 110 10 869 1
428 17 110 10 869 1
429 25 110 10 869 1
430 33 110 10 869 1
431 41 110 10 869 1
432 11 129 9 1385 1
433 21 129 9 1385 1
434 31 129 9 1385 1
435 41 129 9 1385 1
436 51 129 9 1385 1
437 61 129 9 1385 1
438 71 129 9 1385 1
439 81 129 9 1385 1
440 91 129 9 1385 1
441 101 129 9 1385 1
442 5 132 11 1300 1
443 9 134 6 734 1
444 17 134 6 734 1
445 25 134 6 734 1
446 33 134 6 734 1
447 41 134 6 734 1
448 49 134 6 734 1
449 16 139 35 6249 1
450 31 139 35 6249 1
451 46 139 35 6249 1
452 61 139 35 6249 1
453 76 139 35 6249 1
454 11 132 35 2718 1
455 21 132 35 2718 1
456 31 132 35 2718 1
457 41 132 35 2718 1
458 51 132 35 2718 1
459 61 132 35 2718 1
460 4 121 14 1866 1
461 7 121 14 1866 1
462 9 134 12 1510 1
463 3 132 42 8147 1
464 4 125 7 873 1
465 49 110 29 2514 1
466 16 129 12 2320 1
467 31 129 12 2320 1
468 15 137 11 1331 1
469 29 137 11 1331 1
470 43 137 11 1331 1
471 4 140 22 2931 1
472 7 140 22 2931 1
473 3 138 7 1027 1
474 3 129 24 3525 1
475 5 121 9 749 1
476 44 139 48 3400 1
477 4 132 23 3607 1
478 10 134 33 2817 1
479 14 110 9 1193 1
480 27 110 9 1193 1
481 40 110 9 1193 1
482 53 110 9 1193 1
483 66 110 9 1193 1
484 79 110 9 1193 1
485 92 110 9 1193 1
486 105 110 9 1193 1
487 118 110 9 1193 1
488 131 110 9 1193 1
489 144 110 9 1193 1
490 3 139 21 4012 1
491 18 137 18 2373 1
492 5 126 28 1855 1
493 9 126 28 1855 1
494 13 126 28 1855 1
495 3 121 7 848 1
496 12 141 3 236 1
497 6 140 20 3879 1
498 11 140 20 3879 1
499 16 140 20 3879 1
500 21 140 20 3879 1
501 26 140 20 3879 1
502 31 140 20 3879 1
503 36 140 20 3879 1
504 41 140 20 3879 1
505 46 140 20 3879 1
506 9 126 10 708 1
507 17 126 10 708 1
508 25 126 10 708 1
509 33 126 10 708 1
510 8 129 32 3711 1
511 15 129 32 3711 1
512 5 126 20 1894 1
513 9 126 20 1894 1
514 10 110 10 844 1
515 19 110 10 844 1
516 28 110 10 844 1
517 37 110 10 844 1
518 46 110 10 844 1
519 5 118 5 850 1
520 9 118 5 850 1
521 15 129 15 1022 1
522 14 126 31 5113 1
523 27 126 31 5113 1
524 4 134 6 788 1
525 3 122 13 2190 1
526 5 122 13 2190 1
527 7 122 13 2190 1
528 11 132 15 2563 1
529 21 132 15 2563 1
530 18 139 14 1358 1
531 7 127 23 3925 1
532 13 127 23 3925 1
533 19 127 23 3925 1
534 15 118 28 4411 1
535 29 118 28 4411 1
536 43 118 28 4411 1
537 6 137 25 3773 1
538 8 110 14 876 1
539 6 133 11 1904 1
540 13 121 10 1342 1
541 18 138 14 1589 1
542 35 138 14 1589 1
543 6 140 24 1684 1
544 11 140 24 1684 1
545 12 132 8 978 1
546 23 132 8 978 1
547 34 132 8 978 1
548 11 132 17 2749 1
549 7 139 28 2340 1
550 13 139 28 2340 1
551 19 139 28 2340 1
552 7 110 8 731 1
553 13 110 8 731 1
554 19 110 8 731 1
555 25 110 8 731 1
556 31 110 8 731 1
557 14 122 9 1470 1
558 12 118 6 373 1
559 23 118 6 373 1
560 4 125 12 2081 1
561 7 125 12 2081 1
562 8 139 9 993 1
563 15 139 9 993 1
564 22 139 9 993 1
565 14 132 8 1245 1
566 9 132 17 1247 1
567 17 132 17 1247 1
568 25 132 17 1247 1
569 33 132 17 1247 1
570 41 132 17 1247 1
571 49 132 17 1247 1
572 57 132 17 1247 1
573 65 132 17 1247 1
574 73 132 17 1247 1
575 81 132 17 1247 1
576 89 132 17 1247 1
577 97 132 17 1247 1
578 105 132 17 1247 1
579 11 118 15 1217 1
580 21 118 15 1217 1
581 10 141 7 834 1
582 19 141 7 834 1
583 28 141 7 834 1
584 37 141 7 834 1
585 46 141 7 834 1
586 55 141 7 834 1
587 64 141 7 834 1
588 73 141 7 834 1
589 82 141 7 834 1
590 8 140 46 3687 1
591 3 138 10 1346 1
592 15 127 6 869 1
593 29 127 6 869 1
594 43 127 6 869 1
595 1 122 7 922 1
596 1 122 7 922 1
597 1 122 7 922 1
598 3 140 11 2084 1
599 5 140 11 2084 1
600 8 140 41 4614 1
601 15 140 41 4614 1
602 14 134 18 2622 1
603 27 134 18 2622 1
604 19 129 21 1479 1
605 37 129 21 1479 1
606 55 129 21 1479 1
607 73 129 21 1479 1
608 91 129 21 1479 1
609 109 129 21 1479 1
610 3 110 9 698 1
611 5 110 9 698 1
612 7 110 9 698 1
613 9 110 9 698 1
614 11 110 9 698 1
615 13 110 9 698 1
616 15 110 9 698 1
617 17 110 9 698 1
618 19 110 9 698 1
619 21 110 9 698 1
620 23 110 9 698 1
621 25 110 9 698 1
622 27 110 9 698 1
623 29 110 9 698 1
624 31 110 9 698 1
625 33 110 9 698 1
626 35 110 9 698 1
627 37 110 9 698 1
628 39 110 9 698 1
629 4 127 10 1070 1
630 8 127 29 2240 1
631 5 141 15 2263 1
632 5 140 30 6111 1
633 9 140 30 6111 1
634 13 140 30 6111 1
635 4 118 5 665 1
636 9 127 15 2215 1
637 17 127 15 2215 1
638 25 127 15 2215 1
639 33 127 15 2215 1
640 41 127 15 2215 1
641 49 127 15 2215 1
642 57 127 15 2215 1
643 65 127 15 2215 1
644 4 134 14 957 1
645 4 127 6 762 1
646 6 122 5 864 1
647 8 126 13 1562 1
648 15 126 13 1562 1
649 2 132 18 1480 1
650 10 141 16 2023 1
651 19 141 16 2023 1
652 14 127 16 2217 1
653 27 127 16 2217 1
654 40 127 16 2217 1
655 53 127 16 2217 1
656 66 127 16 2217 1
657 79 127 16 2217 1
658 3 126 6 976 1
659 5 129 28 1924 1
660 4 125 17 2963 1
661 7 121 8 858 1
662 13 121 8 858 1
663 7 158 33 5209 1
664 16 160 9 970 1
665 13 154 12 2110 1
666 9 166 14 2858 1
667 17 166 14 2858 1
668 25 166 14 2858 1
669 13 149 17 1277 1
670 8 157 20 1587 1
671 15 157 20 1587 1
672 22 157 20 1587 1
673 9 157 8 803 1
674 17 157 8 803 1
675 25 157 8 803 1
676 33 157 8 803 1
677 10 154 15 1947 1
678 19 154 15 1947 1
679 10 160 36 2898 1
680 10 160 8 924 1
681 2 157 12 2774 1
682 4 157 29 3642 1
683 15 157 9 1502 1
684 29 157 9 1502 1
685 43 157 9 1502 1
686 12 166 19 3519 1
687 23 166 19 3519 1
688 34 166 19 3519 1
689 5 147 21 2911 1
690 2 158 25 5730 1
691 3 158 25 5730 1
692 9 157 15 2323 1
693 3 157 52 8927 1
694 15 151 17 2716 1
695 12 147 22 1866 1
696 23 147 22 1866 1
697 10 161 14 2476 1
698 19 161 14 2476 1
699 45 149 17 2071 1
700 10 166 16 1824 1
701 3 161 8 1076 1
702 15 158 54 7467 1
703 29 158 54 7467 1
704 43 158 54 7467 1
705 24 155 8 1065 1
706 8 154 18 3673 1
707 16 157 23 4077 1
708 31 157 23 4077 1
709 46 157 23 4077 1
710 4 149 16 1669 1
711 10 160 31 3328 1
712 11 149 26 3655 1
713 21 149 26 3655 1
714 3 166 23 3674 1
715 8 165 18 1767 1
716 12 149 14 2740 1
717 12 160 22 4525 1
718 8 149 34 2822 1
719 4 166 34 7269 1
720 7 166 34 7269 1
721 13 149 7 665 1
722 12 149 18 1823 1
723 20 157 15 2104 1
724 9 151 12 2340 1
725 9 155 23 3027 1
726 17 155 23 3027 1
727 25 155 23 3027 1
728 3 154 14 2934 1
729 5 154 14 2934 1
730 7 154 14 2934 1
731 10 165 15 1724 1
732 13 166 69 16949 1
733 3 160 25 4266 1
734 10 160 5 878 1
735 12 147 18 3078 1
736 23 147 18 3078 1
737 34 147 18 3078 1
738 45 147 18 3078 1
739 56 147 18 3078 1
740 14 161 34 6021 1
741 27 161 34 6021 1
742 40 161 34 6021 1
743 53 161 34 6021 1
744 66 161 34 6021 1
745 79 161 34 6021 1
746 7 166 6 968 1
747 13 166 19 4719 1
748 9 149 11 2197 1
749 13 149 5 954 1
750 25 149 5 954 1
751 37 149 5 954 1
752 49 149 5 954 1
753 61 149 5 954 1
754 10 157 24 2385 1
755 19 157 24 2385 1
756 9 149 22 2924 1
757 17 160 9 1639 1
758 12 160 23 2282 1
759 10 149 11 1729 1
760 19 149 11 1729 1
761 8 166 24 3919 1
762 13 165 20 4175 1
763 11 157 27 6181 1
764 21 157 27 6181 1
765 31 157 27 6181 1
766 41 157 27 6181 1
767 51 157 27 6181 1
768 3 160 4 708 1
769 3 166 29 3082 1
770 17 158 45 6984 1
771 33 158 45 6984 1
772 19 154 31 5176 1
773 12 151 22 3859 1
774 20 149 17 1635 1
775 13 161 17 4028 1
776 25 161 17 4028 1
777 37 161 17 4028 1
778 12 157 9 1775 1
779 9 158 23 5305 1
780 9 155 24 5434 1
781 193 161 38 7192 1
782 4 165 15 1721 1
783 7 165 15 1721 1
784 5 161 21 2247 1
785 12 149 16 1504 1
786 3 161 14 3113 1
787 5 161 14 3113 1
788 11 165 9 1777 1
789 21 165 9 1777 1
790 31 165 9 1777 1
791 41 165 9 1777 1
792 51 165 9 1777 1
793 61 165 9 1777 1
794 12 151 12 1499 1
795 10 154 31 4937 1
796 3 161 13 2477 1
797 4 154 48 10671 1
798 3 151 10 866 1
799 5 151 10 866 1
800 7 151 10 866 1
801 8 161 40 6002 1
802 3 149 33 6369 1
803 12 166 11 2385 1
804 8 165 13 1238 1
805 14 166 34 2935 1
806 27 166 34 2935 1
807 40 166 34 2935 1
808 53 166 34 2935 1
809 66 166 34 2935 1
810 79 166 34 2935 1
811 10 147 11 838 1
812 19 147 11 838 1
813 28 147 11 838 1
814 37 147 11 838 1
815 15 157 17 1872 1
816 3 160 17 3888 1
817 10 158 15 3423 1
818 19 158 15 3423 1
819 12 194 35 6973 1
820 16 188 14 2495 1
821 36 197 10 2550 1
822 33 178 19 3995 1
823 10 198 23 4456 1
824 11 168 22 2026 1
825 24 170 28 4885 1
826 47 170 28 4885 1
827 15 190 6 841 1
828 41 198 15 2970 1
829 110 168 11 1852 1
830 12 168 27 5036 1
831 15 168 11 2690 1
832 21 184 28 7449 1
833 41 184 28 7449 1
834 13 169 19 2153 1
835 44 169 47 4054 1
836 15 184 12 3287 1
837 29 184 12 3287 1
838 16 184 12 2011 1
839 15 194 14 1963 1
840 29 194 14 1963 1
841 22 178 11 2542 1
842 17 185 22 3748 1
843 33 185 22 3748 1
844 31 197 36 9076 1
845 13 190 25 3887 1
846 15 195 20 3392 1
847 35 190 11 1731 1
848 21 190 49 9729 1
849 42 178 13 3013 1
850 83 178 13 3013 1
851 15 170 15 3112 1
852 29 170 15 3112 1
853 10 178 23 4429 1
854 39 184 7 842 1
855 16 170 16 3608 1
856 31 170 16 3608 1
857 46 170 16 3608 1
858 61 170 16 3608 1
859 76 170 16 3608 1
860 11 178 12 2254 1
861 15 185 27 3807 1
862 29 185 27 3807 1
863 16 188 16 1856 1
864 41 168 10 972 1
865 14 197 11 2686 1
866 13 185 17 3222 1
867 24 190 19 2117 1
868 32 195 7 1832 1
869 11 185 51 8600 1
870 14 188 16 3759 1
871 27 188 16 3759 1
872 16 183 20 3033 1
873 31 183 20 3033 1
874 4 169 32 6348 1
875 16 188 17 3397 1
876 36 183 24 3634 1
877 11 183 19 2336 1
878 32 194 15 4109 1
879 16 197 16 1599 1
880 31 197 16 1599 1
881 15 195 33 6875 1
882 16 178 14 2054 1
883 14 169 10 1336 1
884 13 197 52 5697 1
885 16 170 14 2370 1
886 16 184 12 1654 1
887 2 194 9 1264 1
888 16 178 27 4546 1
889 14 185 11 2881 1
890 9 185 8 1906 1
891 3 183 39 10159 1
892 16 194 10 1280 1
893 31 194 10 1280 1
894 51 194 25 5843 1
895 13 184 16 2671 1
896 4 170 6 1049 1
897 4 169 22 4588 1
898 11 175 8 2029 1
899 16 188 42 11209 1
900 31 188 42 11209 1
901 15 197 14 1799 1
902 31 184 18 3218 1
903 44 185 7 716 1
904 39 194 15 1628 1
905 13 184 12 2916 1
906 32 197 24 6971 1
907 14 188 29 5504 1
908 27 188 29 5504 1
909 17 178 9 1135 1
910 15 195 13 3421 1
911 16 178 6 1168 1
912 9 183 12 2042 1
913 15 175 11 1866 1
914 13 198 11 2190 1
915 16 185 9 999 1
916 41 222 20 3278 1
917 81 222 20 3278 1
918 121 222 20 3278 1
919 161 222 20 3278 1
920 201 222 20 3278 1
921 241 222 20 3278 1
922 281 222 20 3278 1
923 321 222 20 3278 1
924 361 222 20 3278 1
925 51 207 12 1821 1
926 42 212 20 6053 1
927 83 212 20 6053 1
928 124 212 20 6053 1
929 38 208 7 2075 1
930 75 208 7 2075 1
931 112 208 7 2075 1
932 149 208 7 2075 1
933 186 208 7 2075 1
934 223 208 7 2075 1
935 260 208 7 2075 1
936 41 212 27 5430 1
937 81 212 27 5430 1
938 121 212 27 5430 1
939 161 212 27 5430 1
940 201 212 27 5430 1
941 241 212 27 5430 1
942 281 212 27 5430 1
943 321 212 27 5430 1
944 361 212 27 5430 1
945 401 212 27 5430 1
946 441 212 27 5430 1
947 36 222 32 10029 1
948 71 222 32 10029 1
949 106 222 32 10029 1
950 47 210 11 2756 1
951 93 210 11 2756 1
952 139 210 11 2756 1
953 185 210 11 2756 1
954 231 210 11 2756 1
955 37 222 26 6385 1
956 73 222 26 6385 1
957 109 222 26 6385 1
958 145 222 26 6385 1
959 181 222 26 6385 1
960 35 212 28 5135 1
961 69 212 28 5135 1
962 103 212 28 5135 1
963 137 212 28 5135 1
964 171 212 28 5135 1
965 205 212 28 5135 1
966 31 222 46 10701 1
967 61 222 46 10701 1
968 91 222 46 10701 1
969 121 222 46 10701 1
970 151 222 46 10701 1
971 181 222 46 10701 1
972 211 222 46 10701 1
973 241 222 46 10701 1
974 190 210 18 3505 1
975 44 207 19 2973 1
976 87 207 19 2973 1
977 130 207 19 2973 1
978 39 221 37 4428 1
979 43 221 18 4880 1
980 85 221 18 4880 1
981 127 221 18 4880 1
982 107 228 18 4859 1
983 37 228 12 2643 1
984 73 228 12 2643 1
985 109 228 12 2643 1
986 102 225 24 4530 1
987 37 228 16 2566 1
988 36 228 13 3885 1
989 158 228 19 3619 1
990 83 225 19 5630 1
991 59 230 30 9510 1
992 39 225 21 4526 1
993 36 239 12 2868 1
994 71 239 12 2868 1
995 101 230 20 3223 1
996 32 225 20 3012 1
997 36 239 18 3109 1
998 59 225 13 3858 1
999 117 225 13 3858 1
1000 36 228 16 2429 1
1001 36 225 18 3614 1
1002 31 228 16 2832 1
1003 33 230 13 2730 1
1004 38 239 15 4787 1
1005 37 225 13 2216 1
1006 73 225 13 2216 1
1007 109 225 13 2216 1
1008 88 228 20 2309 1
1009 36 225 14 1753 1
1010 35 228 26 3837 1
1011 35 225 13 2069 1
1012 38 228 19 2986 1
1013 37 230 25 3705 1
1014 96 230 17 3494 1
1015 97 230 33 6773 1
1016 31 228 14 1986 1
1017 36 268 40 8139 1
1018 58 282 24 5706 1
1019 115 282 24 5706 1
1020 172 282 24 5706 1
1021 229 282 24 5706 1
1022 286 282 24 5706 1
1023 343 282 24 5706 1
1024 400 282 24 5706 1
1025 57 299 42 16300 1
1026 113 299 42 16300 1
1027 36 259 24 5575 1
1028 71 259 24 5575 1
1029 36 259 15 2913 1
1030 186 278 22 3215 1
1031 64 274 21 5502 1
1032 127 274 21 5502 1
1033 59 258 22 4122 1
1034 37 260 27 6958 1
1035 64 267 12 3235 1
1036 58 267 23 7234 1
35
400 400 400 400 500 500 600 600 600 600 600 600 600 400 400 400 400 400 230 315 600 450 450 400 400 400 665 725 645 500 500 305 400 400 390 