1036
1 20 99 24 2765 1
2 39 99 24 2765 1
3 58 99 24 2765 1
4 23 99 9 1018 1
5 4 101 12 977 1
6 7 101 12 977 1
7 10 101 12 977 1
8 6 99 9 1200 1
9 6 99 11 654 1
10 6 101 33 4585 1
11 9 99 33 3575 1
12 17 99 33 3575 1
13 187 101 10 1375 1
14 16 101 8 907 1
15 31 101 8 907 1
16 7 99 6 754 1
17 9 99 5 295 1
18 29 99 22 1714 1
19 6 99 27 3813 1
20 6 101 7 459 1
21 11 101 7 459 1
22 16 101 7 459 1
23 21 101 7 459 1
24 7 101 11 852 1
25 8 99 15 1490 1
26 15 99 15 1490 1
27 3 99 47 5602 1
28 6 99 15 1644 1
29 4 101 27 2640 1
30 7 101 27 2640 1
31 17 101 8 712 1
32 33 101 8 712 1
33 3 101 7 428 1
34 17 101 10 1415 1
35 33 101 10 1415 1
36 49 101 10 1415 1
37 15 99 34 2864 1
38 15 99 14 953 1
39 29 99 14 953 1
40 15 110 14 1612 1
41 29 110 14 1612 1
42 13 133 10 1312 1
43 25 133 10 1312 1
44 37 133 10 1312 1
45 4 140 20 3108 1
46 15 122 10 644 1
47 29 122 10 644 1
48 43 122 10 644 1
49 57 122 10 644 1
50 71 122 10 644 1
51 85 122 10 644 1
52 99 122 10 644 1
53 113 122 10 644 1
54 127 122 10 644 1
55 8 138 20 1649 1
56 15 138 20 1649 1
57 22 138 20 1649 1
58 29 138 20 1649 1
59 36 138 20 1649 1
60 43 138 20 1649 1
61 3 118 5 826 1
62 15 134 15 1813 1
63 29 134 15 1813 1
64 43 134 15 1813 1
65 57 134 15 1813 1
66 71 134 15 1813 1
67 85 134 15 1813 1
68 99 134 15 1813 1
69 113 134 15 1813 1
70 127 134 15 1813 1
71 141 134 15 1813 1
72 155 134 15 1813 1
73 7 118 9 1144 1
74 20 133 29 4707 1
75 16 118 16 1765 1
76 1 139 25 4875 1
77 12 134 12 2138 1
78 16 133 18 2909 1
79 31 133 18 2909 1
80 46 133 18 2909 1
81 61 133 18 2909 1
82 76 133 18 2909 1
83 91 133 18 2909 1
84 106 133 18 2909 1
85 15 134 6 1108 1
86 2 137 9 948 1
87 3 137 9 948 1
88 5 133 53 8577 1
89 8 132 17 3267 1
90 15 132 17 3267 1
91 22 132 17 3267 1
92 29 132 17 3267 1
93 6 140 16 2013 1
94 2 125 18 3053 1
95 3 125 18 3053 1
96 6 140 15 2452 1
97 11 140 15 2452 1
98 16 140 15 2452 1
99 21 140 15 2452 1
100 26 140 15 2452 1
101 31 140 15 2452 1
102 36 140 15 2452 1
103 41 140 15 2452 1
104 46 140 15 2452 1
105 51 140 15 2452 1
106 56 140 15 2452 1
107 61 140 15 2452 1
108 66 140 15 2452 1
109 71 140 15 2452 1
110 76 140 15 2452 1
111 5 139 9 1180 1
112 8 122 12 1687 1
113 15 122 12 1687 1
114 22 122 12 1687 1
115 29 122 12 1687 1
116 36 122 12 1687 1
117 43 122 12 1687 1
118 50 122 12 1687 1
119 5 133 29 2312 1
120 9 133 29 2312 1
121 13 133 29 2312 1
122 17 133 29 2312 1
123 21 133 29 2312 1
124 25 133 29 2312 1
125 29 133 29 2312 1
126 33 133 29 2312 1
127 16 137 8 1125 1
128 31 137 8 1125 1
129 46 137 8 1125 1
130 61 137 8 1125 1
131 14 126 10 1409 1
132 27 126 10 1409 1
133 40 126 10 1409 1
134 53 126 10 1409 1
135 66 126 10 1409 1
136 79 126 10 1409 1
137 92 126 10 1409 1
138 105 126 10 1409 1
139 9 133 99 15291 1
140 17 133 99 15291 1
141 25 133 99 15291 1
142 33 133 99 15291 1
143 41 133 99 15291 1
144 3 141 10 1075 1
145 5 125 4 614 1
146 5 138 8 1643 1
147 9 138 8 1643 1
148 21 137 13 893 1
149 41 137 13 893 1
150 61 137 13 893 1
151 81 137 13 893 1
152 12 122 20 2121 1
153 10 126 8 1295 1
154 19 126 8 1295 1
155 28 126 8 1295 1
156 37 126 8 1295 1
157 3 126 21 2275 1
158 13 139 17 2531 1
159 25 139 17 2531 1
160 37 139 17 2531 1
161 49 139 17 2531 1
162 61 139 17 2531 1
163 73 139 17 2531 1
164 85 139 17 2531 1
165 97 139 17 2531 1
166 109 139 17 2531 1
167 121 139 17 2531 1
168 133 139 17 2531 1
169 4 134 43 7510 1
170 7 134 43 7510 1
171 10 134 43 7510 1
172 4 121 12 2065 1
173 7 121 12 2065 1
174 10 121 12 2065 1
175 13 110 14 1125 1
176 12 125 28 4947 1
177 23 125 28 4947 1
178 34 125 28 4947 1
179 45 125 28 4947 1
180 56 125 28 4947 1
181 12 137 4 350 1
182 14 127 13 840 1
183 27 127 13 840 1
184 40 127 13 840 1
185 18 110 11 939 1
186 35 110 11 939 1
187 52 110 11 939 1
188 69 110 11 939 1
189 15 134 11 2131 1
190 29 134 11 2131 1
191 43 134 11 2131 1
192 57 134 11 2131 1
193 71 134 11 2131 1
194 85 134 11 2131 1
195 6 110 9 1125 1
196 11 110 9 1125 1
197 4 132 23 4456 1
198 4 121 9 1082 1
199 15 132 17 1332 1
200 9 134 24 3052 1
201 17 134 24 3052 1
202 25 134 24 3052 1
203 33 134 24 3052 1
204 41 134 24 3052 1
205 49 134 24 3052 1
206 57 134 24 3052 1
207 65 134 24 3052 1
208 73 134 24 3052 1
209 81 134 24 3052 1
210 16 139 10 1973 1
211 31 139 10 1973 1
212 46 139 10 1973 1
213 16 140 17 2570 1
214 31 140 17 2570 1
215 46 140 17 2570 1
216 61 140 17 2570 1
217 76 140 17 2570 1
218 91 140 17 2570 1
219 20 133 15 2249 1
220 18 138 11 930 1
221 17 132 15 2323 1
222 15 125 11 1460 1
223 29 125 11 1460 1
224 43 125 11 1460 1
225 11 134 16 2930 1
226 16 118 10 1465 1
227 31 118 10 1465 1
228 46 118 10 1465 1
229 61 118 10 1465 1
230 4 137 11 1977 1
231 9 134 8 682 1
232 17 134 8 682 1
233 25 134 8 682 1
234 33 134 8 682 1
235 9 127 7 451 1
236 17 127 7 451 1
237 25 127 7 451 1
238 6 110 13 2003 1
239 10 137 31 6009 1
240 19 137 31 6009 1
241 28 137 31 6009 1
242 16 138 22 2625 1
243 20 121 10 1811 1
244 39 121 10 1811 1
245 58 121 10 1811 1
246 77 121 10 1811 1
247 96 121 10 1811 1
248 115 121 10 1811 1
249 134 121 10 1811 1
250 153 121 10 1811 1
251 172 121 10 1811 1
252 191 121 10 1811 1
253 210 121 10 1811 1
254 229 121 10 1811 1
255 248 121 10 1811 1
256 267 121 10 1811 1
257 286 121 10 1811 1
258 10 132 7 715 1
259 19 132 7 715 1
260 19 129 3 411 1
261 16 137 56 6203 1
262 31 137 56 6203 1
263 46 137 56 6203 1
264 61 137 56 6203 1
265 76 137 56 6203 1
266 12 133 11 2122 1
267 23 133 11 2122 1
268 34 133 11 2122 1
269 45 133 11 2122 1
270 56 133 11 2122 1
271 67 133 11 2122 1
272 19 125 14 1550 1
273 37 125 14 1550 1
274 55 125 14 1550 1
275 73 125 14 1550 1
276 18 134 21 3101 1
277 35 134 21 3101 1
278 52 134 21 3101 1
279 69 134 21 3101 1
280 86 134 21 3101 1
281 103 134 21 3101 1
282 10 132 24 2880 1
283 4 141 16 1432 1
284 18 129 11 842 1
285 35 129 11 842 1
286 9 127 18 1930 1
287 3 126 26 3476 1
288 5 126 26 3476 1
289 3 118 7 594 1
290 5 118 7 594 1
291 7 118 7 594 1
292 9 118 7 594 1
293 11 118 7 594 1
294 12 139 12 1199 1
295 23 139 12 1199 1
296 34 139 12 1199 1
297 2 126 21 1573 1
298 9 125 6 882 1
299 17 125 6 882 1
300 25 125 6 882 1
301 33 125 6 882 1
302 41 125 6 882 1
303 49 125 6 882 1
304 15 110 15 1774 1
305 29 110 15 1774 1
306 8 133 11 1172 1
307 15 133 11 1172 1
308 22 133 11 1172 1
309 43 127 13 977 1
310 15 127 9 613 1
311 29 127 9 613 1
312 52 122 13 1074 1
313 3 118 21 2827 1
314 19 140 13 2230 1
315 12 129 10 1243 1
316 23 129 10 1243 1
317 34 129 10 1243 1
318 9 132 10 1016 1
319 17 132 10 1016 1
320 25 132 10 1016 1
321 9 137 18 3000 1
322 17 137 18 3000 1
323 5 126 16 1409 1
324 4 127 21 3557 1
325 15 127 7 956 1
326 29 127 7 956 1
327 43 127 7 956 1
328 57 127 7 956 1
329 71 127 7 956 1
330 85 127 7 956 1
331 99 127 7 956 1
332 113 127 7 956 1
333 127 127 7 956 1
334 8 134 5 669 1
335 15 134 5 669 1
336 22 134 5 669 1
337 29 134 5 669 1
338 36 134 5 669 1
339 5 133 13 1458 1
340 7 132 16 1483 1
341 13 132 16 1483 1
342 19 132 16 1483 1
343 16 127 12 1356 1
344 31 127 12 1356 1
345 46 127 12 1356 1
346 61 127 12 1356 1
347 76 127 12 1356 1
348 91 127 12 1356 1
349 106 127 12 1356 1
350 121 127 12 1356 1
351 136 127 12 1356 1
352 151 127 12 1356 1
353 166 127 12 1356 1
354 9 134 22 2225 1
355 15 121 16 2087 1
356 29 121 16 2087 1
357 43 121 16 2087 1
358 57 121 16 2087 1
359 71 121 16 2087 1
360 85 121 16 2087 1
361 99 121 16 2087 1
362 6 133 7 517 1
363 11 133 7 517 1
364 19 125 18 1395 1
365 37 125 18 1395 1
366 55 125 18 1395 1
367 73 125 18 1395 1
368 91 125 18 1395 1
369 109 125 18 1395 1
370 127 125 18 1395 1
371 11 140 19 2189 1
372 21 140 19 2189 1
373 11 127 6 822 1
374 21 127 6 822 1
375 31 127 6 822 1
376 41 127 6 822 1
377 51 127 6 822 1
378 61 127 6 822 1
379 71 127 6 822 1
380 81 127 6 822 1
381 10 132 13 1679 1
382 3 125 9 1366 1
383 4 118 33 2348 1
384 7 118 33 2348 1
385 10 118 33 2348 1
386 13 118 33 2348 1
387 10 140 12 1469 1
388 16 121 17 3083 1
389 31 121 17 3083 1
390 13 134 9 991 1
391 8 137 12 1198 1
392 15 137 12 1198 1
393 22 137 12 1198 1
394 4 126 12 992 1
395 7 126 12 992 1
396 10 126 12 992 1
397 23 139 29 2228 1
398 3 132 40 3931 1
399 5 132 40 3931 1
400 7 132 40 3931 1
401 9 132 40 3931 1
402 11 132 40 3931 1
403 13 132 40 3931 1
404 15 132 40 3931 1
405 17 132 40 3931 1
406 19 132 40 3931 1
407 19 140 13 2223 1
408 37 140 13 2223 1
409 4 141 14 2670 1
410 4 125 5 678 1
411 12 139 24 4860 1
412 23 139 24 4860 1
413 16 122 4 682 1
414 31 122 4 682 1
415 4 126 11 741 1
416 7 126 11 741 1
417 18 125 29 2284 1
418 35 125 29 2284 1
419 52 125 29 2284 1
420 69 125 29 2284 1
421 86 125 29 2284 1
422 13 110 15 1611 1
423 10 141 21 3189 1
424 19 141 21 3189 1
425 28 141 21 3189 1
426 37 141 21 3189 1
427 3 129 9 1135 1
428 7 118 22 3461 1
429 13 118 22 3461 1
430 19 118 22 3461 1
431 25 118 22 3461 1
432 31 118 22 3461 1
433 37 118 22 3461 1
434 43 118 22 3461 1
435 10 138 16 2009 1
436 19 138 16 2009 1
437 14 140 31 2836 1
438 27 140 31 2836 1
439 40 140 31 2836 1
440 4 141 19 1383 1
441 4 125 10 782 1
442 7 125 10 782 1
443 10 125 10 782 1
444 13 125 10 782 1
445 5 121 11 669 1
446 9 121 11 669 1
447 15 118 25 2592 1
448 29 118 25 2592 1
449 43 118 25 2592 1
450 57 118 25 2592 1
451 71 118 25 2592 1
452 85 118 25 2592 1
453 99 118 25 2592 1
454 113 118 25 2592 1
455 71 139 16 1309 1
456 64 125 11 1425 1
457 3 110 7 1050 1
458 9 122 18 1696 1
459 17 122 18 1696 1
460 25 122 18 1696 1
461 33 122 18 1696 1
462 41 122 18 1696 1
463 49 122 18 1696 1
464 57 122 18 1696 1
465 65 122 18 1696 1
466 73 122 18 1696 1
467 4 137 9 847 1
468 7 137 9 847 1
469 10 137 9 847 1
470 11 122 12 1594 1
471 21 122 12 1594 1
472 31 122 12 1594 1
473 44 118 13 1418 1
474 13 122 10 833 1
475 25 122 10 833 1
476 37 122 10 833 1
477 49 122 10 833 1
478 61 122 10 833 1
479 73 122 10 833 1
480 7 133 10 1278 1
481 13 133 10 1278 1
482 19 133 10 1278 1
483 5 126 19 1430 1
484 12 129 32 5045 1
485 23 129 32 5045 1
486 34 129 32 5045 1
487 45 129 32 5045 1
488 56 129 32 5045 1
489 67 129 32 5045 1
490 5 129 13 1150 1
491 16 138 14 2480 1
492 31 138 14 2480 1
493 46 138 14 2480 1
494 61 138 14 2480 1
495 76 138 14 2480 1
496 91 138 14 2480 1
497 106 138 14 2480 1
498 12 139 17 1247 1
499 23 139 17 1247 1
500 34 139 17 1247 1
501 3 134 9 953 1
502 20 141 14 2435 1
503 9 118 11 1841 1
504 17 118 11 1841 1
505 10 126 28 3467 1
506 11 132 12 1773 1
507 7 137 7 1341 1
508 16 141 7 1095 1
509 31 141 7 1095 1
510 9 139 29 5705 1
511 5 140 63 12097 1
512 48 133 17 2296 1
513 58 126 13 921 1
514 13 139 13 2153 1
515 25 139 13 2153 1
516 37 139 13 2153 1
517 49 139 13 2153 1
518 61 139 13 2153 1
519 73 139 13 2153 1
520 13 118 5 646 1
521 25 118 5 646 1
522 37 118 5 646 1
523 49 118 5 646 1
524 61 118 5 646 1
525 4 134 9 959 1
526 13 141 5 1045 1
527 25 141 5 1045 1
528 37 141 5 1045 1
529 49 141 5 1045 1
530 61 141 5 1045 1
531 73 141 5 1045 1
532 85 141 5 1045 1
533 4 134 17 2555 1
534 5 126 22 3614 1
535 9 126 22 3614 1
536 13 126 22 3614 1
537 17 126 22 3614 1
538 21 126 22 3614 1
539 25 126 22 3614 1
540 29 126 22 3614 1
541 4 129 11 939 1
542 7 129 11 939 1
543 11 132 9 947 1
544 21 132 9 947 1
545 31 132 9 947 1
546 41 132 9 947 1
547 12 125 11 769 1
548 15 139 11 1239 1
549 29 139 11 1239 1
550 43 139 11 1239 1
551 57 139 11 1239 1
552 71 139 11 1239 1
553 85 139 11 1239 1
554 99 139 11 1239 1
555 10 129 10 1507 1
556 19 129 10 1507 1
557 28 129 10 1507 1
558 37 129 10 1507 1
559 46 129 10 1507 1
560 55 129 10 1507 1
561 64 129 10 1507 1
562 73 129 10 1507 1
563 82 129 10 1507 1
564 91 129 10 1507 1
565 100 129 10 1507 1
566 109 129 10 1507 1
567 118 129 10 1507 1
568 12 138 9 926 1
569 23 138 9 926 1
570 34 138 9 926 1
571 45 138 9 926 1
572 12 137 10 1964 1
573 23 137 10 1964 1
574 34 137 10 1964 1
575 4 129 41 7131 1
576 4 139 11 1334 1
577 7 139 11 1334 1
578 12 140 7 497 1
579 23 140 7 497 1
580 34 140 7 497 1
581 45 140 7 497 1
582 56 140 7 497 1
583 67 140 7 497 1
584 3 133 22 2882 1
585 5 133 22 2882 1
586 7 133 22 2882 1
587 9 140 8 1091 1
588 11 134 12 1145 1
589 21 134 12 1145 1
590 31 134 12 1145 1
591 41 134 12 1145 1
592 51 134 12 1145 1
593 61 134 12 1145 1
594 7 140 9 903 1
595 13 140 9 903 1
596 19 140 9 903 1
597 10 140 19 1457 1
598 19 140 19 1457 1
599 28 140 19 1457 1
600 37 140 19 1457 1
601 1 129 15 1998 1
602 1 129 15 1998 1
603 1 129 15 1998 1
604 1 129 15 1998 1
605 1 129 15 1998 1
606 1 129 15 1998 1
607 1 129 15 1998 1
608 1 129 15 1998 1
609 1 129 15 1998 1
610 1 129 15 1998 1
611 1 129 15 1998 1
612 1 129 15 1998 1
613 1 129 15 1998 1
614 1 129 15 1998 1
615 1 129 15 1998 1
616 1 129 15 1998 1
617 4 121 25 3514 1
618 7 121 25 3514 1
619 10 121 25 3514 1
620 8 133 24 4543 1
621 15 133 24 4543 1
622 4 141 15 1954 1
623 3 133 14 1897 1
624 8 137 5 960 1
625 15 137 5 960 1
626 13 122 12 922 1
627 25 122 12 922 1
628 37 122 12 922 1
629 5 125 40 4484 1
630 9 125 40 4484 1
631 13 125 40 4484 1
632 17 125 40 4484 1
633 21 125 40 4484 1
634 11 140 14 2017 1
635 21 140 14 2017 1
636 3 126 17 1991 1
637 2 134 15 2948 1
638 3 134 15 2948 1
639 4 134 15 2948 1
640 5 134 15 2948 1
641 6 134 15 2948 1
642 5 132 12 1965 1
643 5 122 42 7243 1
644 5 121 9 660 1
645 9 121 9 660 1
646 12 137 8 1094 1
647 23 137 8 1094 1
648 10 139 11 806 1
649 19 139 11 806 1
650 11 133 11 1054 1
651 21 133 11 1054 1
652 31 133 11 1054 1
653 41 133 11 1054 1
654 51 133 11 1054 1
655 61 133 11 1054 1
656 128 138 17 2270 1
657 11 129 16 1532 1
658 12 110 25 2529 1
659 23 110 25 2529 1
660 6 126 27 2243 1
661 11 126 27 2243 1
662 16 126 27 2243 1
663 12 157 20 2684 1
664 8 157 21 4799 1
665 101 157 22 4996 1
666 17 149 8 1367 1
667 33 149 8 1367 1
668 49 149 8 1367 1
669 65 149 8 1367 1
670 12 154 18 1985 1
671 23 154 18 1985 1
672 34 154 18 1985 1
673 45 154 18 1985 1
674 56 154 18 1985 1
675 67 154 18 1985 1
676 3 161 31 3499 1
677 5 161 31 3499 1
678 10 154 47 8639 1
679 19 154 47 8639 1
680 3 149 25 2430 1
681 3 160 10 1852 1
682 9 154 9 791 1
683 17 154 9 791 1
684 11 151 18 3086 1
685 21 151 18 3086 1
686 31 151 18 3086 1
687 41 151 18 3086 1
688 4 157 6 1182 1
689 11 165 13 1558 1
690 21 165 13 1558 1
691 31 165 13 1558 1
692 11 158 28 6204 1
693 21 158 28 6204 1
694 3 158 20 4512 1
695 5 158 20 4512 1
696 8 166 16 2910 1
697 15 166 16 2910 1
698 15 157 9 1554 1
699 10 160 8 1734 1
700 12 155 20 2159 1
701 25 161 19 1846 1
702 13 165 23 5562 1
703 3 157 19 1651 1
704 13 165 15 2205 1
705 25 165 15 2205 1
706 37 165 15 2205 1
707 15 160 11 1044 1
708 29 160 11 1044 1
709 43 160 11 1044 1
710 57 160 11 1044 1
711 3 160 14 1814 1
712 11 165 15 1496 1
713 18 157 16 2516 1
714 8 151 13 1148 1
715 8 154 22 2405 1
716 15 154 22 2405 1
717 22 154 22 2405 1
718 4 166 27 4429 1
719 13 157 6 1269 1
720 4 155 8 740 1
721 7 155 8 740 1
722 23 161 16 3022 1
723 10 154 15 2595 1
724 19 154 15 2595 1
725 28 154 15 2595 1
726 37 154 15 2595 1
727 46 154 15 2595 1
728 8 165 46 7149 1
729 4 160 19 4064 1
730 14 157 9 903 1
731 15 166 33 4990 1
732 2 155 20 2347 1
733 10 161 13 1412 1
734 14 149 48 8765 1
735 13 155 39 5205 1
736 25 155 39 5205 1
737 7 161 13 2454 1
738 13 161 13 2454 1
739 19 161 13 2454 1
740 10 166 26 6000 1
741 19 166 26 6000 1
742 28 166 26 6000 1
743 37 166 26 6000 1
744 9 158 15 3088 1
745 15 147 6 1246 1
746 29 147 6 1246 1
747 4 161 13 3129 1
748 3 166 35 2995 1
749 22 155 17 3094 1
750 4 149 27 4625 1
751 11 166 33 3488 1
752 10 147 23 1811 1
753 10 160 10 1235 1
754 19 160 10 1235 1
755 28 160 10 1235 1
756 12 157 9 1800 1
757 12 154 11 2002 1
758 23 154 11 2002 1
759 34 154 11 2002 1
760 17 149 11 1759 1
761 11 157 13 2886 1
762 10 157 26 4850 1
763 19 157 26 4850 1
764 28 157 26 4850 1
765 4 151 9 1805 1
766 11 147 17 2600 1
767 11 147 13 2610 1
768 21 147 13 2610 1
769 11 166 47 4359 1
770 13 151 9 1625 1
771 25 151 9 1625 1
772 8 160 31 4765 1
773 15 160 31 4765 1
774 13 157 32 4256 1
775 25 157 32 4256 1
776 37 157 32 4256 1
777 18 157 12 1057 1
778 8 160 30 3787 1
779 10 154 22 2458 1
780 19 154 22 2458 1
781 28 154 22 2458 1
782 37 154 22 2458 1
783 46 154 22 2458 1
784 12 158 25 3316 1
785 6 165 13 3166 1
786 3 157 23 3054 1
787 10 149 15 2339 1
788 12 154 21 4010 1
789 11 158 12 984 1
790 21 158 12 984 1
791 16 155 19 2522 1
792 31 155 19 2522 1
793 9 154 12 2178 1
794 17 154 12 2178 1
795 12 157 31 3639 1
796 23 157 31 3639 1
797 12 155 19 1483 1
798 23 155 19 1483 1
799 12 149 22 3345 1
800 23 149 22 3345 1
801 34 149 22 3345 1
802 12 154 41 5800 1
803 23 154 41 5800 1
804 10 166 11 2226 1
805 11 154 21 2459 1
806 21 154 21 2459 1
807 31 154 21 2459 1
808 41 154 21 2459 1
809 16 161 8 1389 1
810 25 154 17 1714 1
811 49 154 17 1714 1
812 12 155 14 1354 1
813 23 155 14 1354 1
814 34 155 14 1354 1
815 4 154 16 2439 1
816 14 161 45 5015 1
817 27 161 45 5015 1
818 40 161 45 5015 1
819 13 194 9 1682 1
820 15 183 11 1783 1
821 3 184 58 15306 1
822 5 184 58 15306 1
823 7 184 58 15306 1
824 23 197 60 11608 1
825 10 197 11 2331 1
826 15 169 12 2558 1
827 29 169 12 2558 1
828 39 175 7 1417 1
829 10 169 14 3431 1
830 2 168 22 3108 1
831 23 184 19 1881 1
832 44 190 19 4731 1
833 4 198 15 3375 1
834 15 184 38 3514 1
835 3 194 28 6123 1
836 8 183 13 1490 1
837 15 195 24 5332 1
838 2 195 18 4923 1
839 23 190 14 3100 1
840 37 183 13 1710 1
841 11 184 13 2020 1
842 11 178 9 1131 1
843 44 178 22 4539 1
844 15 169 24 4155 1
845 29 169 24 4155 1
846 43 169 24 4155 1
847 57 169 24 4155 1
848 2 185 17 3413 1
849 3 185 17 3413 1
850 4 185 17 3413 1
851 16 190 16 2829 1
852 31 190 16 2829 1
853 46 190 16 2829 1
854 11 184 39 9601 1
855 16 188 19 5195 1
856 31 188 19 5195 1
857 46 188 19 5195 1
858 22 195 19 3742 1
859 16 188 5 981 1
860 127 188 20 2069 1
861 13 175 60 7434 1
862 15 170 14 2809 1
863 23 197 37 4454 1
864 16 194 19 2222 1
865 33 194 16 4487 1
866 65 194 16 4487 1
867 10 197 8 1027 1
868 3 169 21 2126 1
869 20 178 42 6136 1
870 13 183 9 1997 1
871 16 188 21 3364 1
872 31 188 21 3364 1
873 13 184 20 2452 1
874 15 188 21 4789 1
875 16 169 14 2654 1
876 2 175 10 2130 1
877 10 175 14 1251 1
878 23 170 39 5529 1
879 15 188 6 1518 1
880 29 188 6 1518 1
881 15 168 23 4798 1
882 13 194 21 5852 1
883 37 169 15 3387 1
884 14 170 9 1763 1
885 119 168 12 2953 1
886 35 168 20 3432 1
887 15 197 24 4340 1
888 15 188 7 1617 1
889 29 188 7 1617 1
890 43 188 7 1617 1
891 57 188 7 1617 1
892 12 197 28 6800 1
893 11 183 12 2915 1
894 21 183 12 2915 1
895 38 197 19 3395 1
896 14 198 40 6410 1
897 106 175 10 1223 1
898 21 185 27 4372 1
899 13 190 5 1161 1
900 12 194 19 4865 1
901 23 194 19 4865 1
902 14 169 42 6080 1
903 40 198 13 2835 1
904 79 198 13 2835 1
905 14 175 22 3006 1
906 10 185 18 4029 1
907 23 183 41 8529 1
908 13 198 22 2523 1
909 15 190 18 2998 1
910 29 190 18 2998 1
911 17 198 27 7012 1
912 15 183 28 4260 1
913 29 183 28 4260 1
914 180 194 18 4032 1
915 23 183 20 1955 1
916 27 208 16 3072 1
917 53 208 16 3072 1
918 37 212 12 1877 1
919 73 212 12 1877 1
920 109 212 12 1877 1
921 145 212 12 1877 1
922 181 212 12 1877 1
923 217 212 12 1877 1
924 253 212 12 1877 1
925 289 212 12 1877 1
926 325 212 12 1877 1
927 41 211 6 798 1
928 174 204 36 6348 1
929 117 211 16 4745 1
930 123 207 42 10397 1
931 42 204 21 3606 1
932 83 204 21 3606 1
933 41 208 15 3955 1
934 81 208 15 3955 1
935 121 208 15 3955 1
936 161 208 15 3955 1
937 201 208 15 3955 1
938 43 222 36 9516 1
939 34 210 27 4246 1
940 67 210 27 4246 1
941 100 210 27 4246 1
942 133 210 27 4246 1
943 166 210 27 4246 1
944 199 210 27 4246 1
945 232 210 27 4246 1
946 265 210 27 4246 1
947 44 207 18 3754 1
948 87 207 18 3754 1
949 130 207 18 3754 1
950 173 207 18 3754 1
951 216 207 18 3754 1
952 259 207 18 3754 1
953 302 207 18 3754 1
954 345 207 18 3754 1
955 388 207 18 3754 1
956 431 207 18 3754 1
957 474 207 18 3754 1
958 38 210 17 3149 1
959 75 210 17 3149 1
960 112 210 17 3149 1
961 41 212 24 7275 1
962 35 207 19 5723 1
963 69 207 19 5723 1
964 103 207 19 5723 1
965 41 210 22 6179 1
966 81 210 22 6179 1
967 121 210 22 6179 1
968 161 210 22 6179 1
969 201 210 22 6179 1
970 241 210 22 6179 1
971 31 212 19 3026 1
972 61 212 19 3026 1
973 91 212 19 3026 1
974 121 212 19 3026 1
975 151 212 19 3026 1
976 181 212 19 3026 1
977 211 212 19 3026 1
978 241 212 19 3026 1
979 271 212 19 3026 1
980 38 210 13 2711 1
981 75 210 13 2711 1
982 38 228 19 3070 1
983 37 239 17 4995 1
984 37 230 20 5182 1
985 37 230 21 5820 1
986 37 239 27 6831 1
987 73 239 27 6831 1
988 38 225 21 5113 1
989 38 230 17 4508 1
990 150 239 37 7858 1
991 116 230 14 3440 1
992 102 225 19 2446 1
993 34 239 21 2943 1
994 37 225 10 2148 1
995 98 228 16 2373 1
996 56 228 17 3338 1
997 38 239 27 7080 1
998 75 239 27 7080 1
999 35 228 16 4181 1
1000 37 225 18 3721 1
1001 36 225 10 1209 1
1002 90 230 42 7674 1
1003 37 228 21 2544 1
1004 57 228 16 4114 1
1005 59 230 22 5467 1
1006 40 225 20 5476 1
1007 79 225 20 5476 1
1008 118 225 20 5476 1
1009 35 230 19 5383 1
1010 38 230 15 2166 1
1011 38 228 19 2954 1
1012 75 239 27 5746 1
1013 36 225 25 3962 1
1014 71 225 25 3962 1
1015 106 225 25 3962 1
1016 57 228 22 5518 1
1017 36 275 12 3028 1
1018 71 275 12 3028 1
1019 37 259 23 3724 1
1020 155 278 18 5466 1
1021 57 299 23 9997 1
1022 136 262 14 4193 1
1023 63 264 20 7502 1
1024 36 303 29 10386 1
1025 57 255 15 3400 1
1026 96 293 11 2462 1
1027 36 294 52 22096 1
1028 57 270 23 5388 1
1029 107 255 31 10371 1
1030 213 255 31 10371 1
1031 92 299 28 12166 1
1032 183 299 28 12166 1
1033 57 261 22 6084 1
1034 56 274 30 11040 1
1035 57 261 21 3607 1
1036 58 265 15 5040 1
35
400 400 400 400 500 500 600 600 600 600 600 600 600 400 400 400 400 400 230 315 600 450 450 400 400 400 665 725 645 500 500 305 400 400 390 