1036
1 17 99 9 730 1
2 24 99 9 883 1
3 6 99 20 1636 1
4 4 101 10 523 1
5 7 99 12 1645 1
6 4 101 17 2519 1
7 7 101 17 2519 1
8 24 101 13 1700 1
9 47 101 13 1700 1
10 4 99 5 675 1
11 13 99 20 1145 1
12 4 99 26 1851 1
13 7 99 26 1851 1
14 7 101 11 1423 1
15 3 101 24 3466 1
16 5 101 24 3466 1
17 7 101 24 3466 1
18 26 101 18 1776 1
19 3 99 43 3209 1
20 3 101 31 3881 1
21 4 101 16 2269 1
22 8 101 21 1271 1
23 15 101 21 1271 1
24 20 101 40 5891 1
25 7 101 10 1388 1
26 13 101 10 1388 1
27 3 99 11 1356 1
28 5 99 11 1356 1
29 7 101 11 1142 1
30 13 101 11 1142 1
31 24 101 20 1516 1
32 7 99 14 1631 1
33 7 101 8 598 1
34 13 101 8 598 1
35 19 101 8 598 1
36 6 99 17 1672 1
37 11 99 17 1672 1
38 16 99 17 1672 1
39 3 101 13 809 1
40 8 118 15 1911 1
41 3 110 13 2074 1
42 5 110 13 2074 1
43 10 118 7 540 1
44 40 141 11 1520 1
45 7 140 13 1876 1
46 13 140 13 1876 1
47 19 140 13 1876 1
48 25 140 13 1876 1
49 31 140 13 1876 1
50 4 140 6 955 1
51 7 140 6 955 1
52 5 125 19 2287 1
53 9 140 25 3286 1
54 17 140 25 3286 1
55 4 134 6 1112 1
56 7 126 38 4706 1
57 13 126 38 4706 1
58 19 126 38 4706 1
59 25 126 38 4706 1
60 31 126 38 4706 1
61 2 132 39 4503 1
62 13 127 10 1257 1
63 39 137 9 642 1
64 2 126 33 2813 1
65 3 126 33 2813 1
66 4 126 33 2813 1
67 5 126 33 2813 1
68 3 110 16 1275 1
69 15 126 8 1088 1
70 13 133 27 4402 1
71 25 133 27 4402 1
72 37 133 27 4402 1
73 49 133 27 4402 1
74 61 133 27 4402 1
75 13 137 29 3681 1
76 25 137 29 3681 1
77 37 137 29 3681 1
78 4 125 11 744 1
79 7 125 11 744 1
80 10 125 11 744 1
81 13 125 11 744 1
82 16 125 11 744 1
83 19 125 11 744 1
84 22 125 11 744 1
85 25 125 11 744 1
86 8 121 8 904 1
87 15 121 8 904 1
88 22 121 8 904 1
89 29 121 8 904 1
90 36 121 8 904 1
91 7 140 10 1564 1
92 13 140 10 1564 1
93 19 140 10 1564 1
94 7 126 19 3458 1
95 13 126 19 3458 1
96 19 126 19 3458 1
97 25 126 19 3458 1
98 11 134 11 1855 1
99 4 126 8 1355 1
100 7 126 8 1355 1
101 10 126 8 1355 1
102 7 110 13 1391 1
103 13 110 13 1391 1
104 19 110 13 1391 1
105 5 141 15 1850 1
106 3 127 34 3745 1
107 10 137 14 2471 1
108 19 137 14 2471 1
109 28 137 14 2471 1
110 8 139 47 7561 1
111 4 137 21 3105 1
112 7 137 21 3105 1
113 10 137 21 3105 1
114 12 122 8 603 1
115 23 122 8 603 1
116 34 122 8 603 1
117 45 122 8 603 1
118 56 122 8 603 1
119 67 122 8 603 1
120 78 122 8 603 1
121 16 129 25 1717 1
122 6 121 10 1225 1
123 11 121 10 1225 1
124 16 121 10 1225 1
125 21 121 10 1225 1
126 26 121 10 1225 1
127 9 129 17 3061 1
128 17 129 17 3061 1
129 25 129 17 3061 1
130 33 129 17 3061 1
131 41 129 17 3061 1
132 49 129 17 3061 1
133 57 129 17 3061 1
134 65 129 17 3061 1
135 73 129 17 3061 1
136 81 129 17 3061 1
137 89 129 17 3061 1
138 8 140 6 751 1
139 5 134 21 3945 1
140 9 134 21 3945 1
141 13 134 21 3945 1
142 17 134 21 3945 1
143 21 134 21 3945 1
144 20 140 10 1368 1
145 39 140 10 1368 1
146 58 140 10 1368 1
147 77 140 10 1368 1
148 96 140 10 1368 1
149 115 140 10 1368 1
150 134 140 10 1368 1
151 153 140 10 1368 1
152 172 140 10 1368 1
153 191 140 10 1368 1
154 210 140 10 1368 1
155 9 139 36 2781 1
156 17 139 36 2781 1
157 25 139 36 2781 1
158 33 139 36 2781 1
159 41 139 36 2781 1
160 7 140 14 2467 1
161 13 140 14 2467 1
162 19 140 14 2467 1
163 25 140 14 2467 1
164 31 140 14 2467 1
165 37 140 14 2467 1
166 43 140 14 2467 1
167 49 140 14 2467 1
168 55 140 14 2467 1
169 61 140 14 2467 1
170 67 140 14 2467 1
171 73 140 14 2467 1
172 79 140 14 2467 1
173 85 140 14 2467 1
174 91 140 14 2467 1
175 2 110 15 2448 1
176 3 110 15 2448 1
177 4 110 15 2448 1
178 5 110 15 2448 1
179 6 110 15 2448 1
180 4 127 22 2559 1
181 10 139 23 3101 1
182 19 139 23 3101 1
183 12 121 9 1448 1
184 23 121 9 1448 1
185 34 121 9 1448 1
186 45 121 9 1448 1
187 56 121 9 1448 1
188 12 127 7 697 1
189 23 127 7 697 1
190 34 127 7 697 1
191 15 129 19 3593 1
192 29 129 19 3593 1
193 43 129 19 3593 1
194 57 129 19 3593 1
195 3 134 25 2743 1
196 5 134 25 2743 1
197 6 141 21 3084 1
198 11 141 21 3084 1
199 16 141 21 3084 1
200 21 141 21 3084 1
201 26 141 21 3084 1
202 12 110 28 3573 1
203 12 140 15 1157 1
204 23 140 15 1157 1
205 34 140 15 1157 1
206 45 140 15 1157 1
207 56 140 15 1157 1
208 67 140 15 1157 1
209 78 140 15 1157 1
210 89 140 15 1157 1
211 100 140 15 1157 1
212 111 140 15 1157 1
213 122 140 15 1157 1
214 133 140 15 1157 1
215 144 140 15 1157 1
216 155 140 15 1157 1
217 4 110 4 451 1
218 7 110 4 451 1
219 10 110 4 451 1
220 2 132 15 2765 1
221 4 133 11 2175 1
222 5 133 27 2924 1
223 14 141 23 3781 1
224 10 118 13 1048 1
225 19 118 13 1048 1
226 28 118 13 1048 1
227 37 118 13 1048 1
228 46 118 13 1048 1
229 55 118 13 1048 1
230 8 125 7 1052 1
231 13 137 25 3344 1
232 24 121 15 2483 1
233 2 139 14 1448 1
234 3 139 14 1448 1
235 4 139 14 1448 1
236 5 139 14 1448 1
237 9 141 6 833 1
238 17 141 6 833 1
239 12 121 13 1393 1
240 9 118 17 2386 1
241 17 118 17 2386 1
242 25 118 17 2386 1
243 33 118 17 2386 1
244 10 139 11 1203 1
245 19 139 11 1203 1
246 28 139 11 1203 1
247 37 139 11 1203 1
248 46 139 11 1203 1
249 55 139 11 1203 1
250 6 127 27 4051 1
251 15 125 44 3231 1
252 29 125 44 3231 1
253 43 125 44 3231 1
254 57 125 44 3231 1
255 71 125 44 3231 1
256 85 125 44 3231 1
257 99 125 44 3231 1
258 8 133 10 1199 1
259 10 122 42 3482 1
260 19 122 42 3482 1
261 21 140 31 2668 1
262 4 138 11 1685 1
263 21 110 9 856 1
264 41 110 9 856 1
265 18 110 21 3260 1
266 15 139 21 4262 1
267 29 139 21 4262 1
268 43 139 21 4262 1
269 57 139 21 4262 1
270 71 139 21 4262 1
271 85 139 21 4262 1
272 99 139 21 4262 1
273 113 139 21 4262 1
274 127 139 21 4262 1
275 5 141 11 1771 1
276 9 141 11 1771 1
277 13 141 11 1771 1
278 17 141 11 1771 1
279 21 141 11 1771 1
280 18 140 20 1773 1
281 4 127 8 858 1
282 5 126 4 644 1
283 18 127 14 2510 1
284 5 140 32 4777 1
285 16 118 6 737 1
286 5 127 11 1111 1
287 9 127 25 2136 1
288 17 127 25 2136 1
289 25 127 25 2136 1
290 5 118 15 2553 1
291 3 140 18 2041 1
292 9 110 6 807 1
293 17 110 6 807 1
294 25 110 6 807 1
295 5 140 10 1546 1
296 9 140 10 1546 1
297 4 138 17 2551 1
298 14 129 19 1265 1
299 27 129 19 1265 1
300 4 118 12 1213 1
301 7 118 12 1213 1
302 10 118 12 1213 1
303 4 139 11 1209 1
304 8 139 11 1693 1
305 15 139 11 1693 1
306 22 139 11 1693 1
307 8 134 14 1354 1
308 12 139 107 22006 1
309 3 138 25 5025 1
310 16 133 4 476 1
311 71 137 11 1557 1
312 4 133 7 683 1
313 15 138 38 5784 1
314 29 138 38 5784 1
315 43 138 38 5784 1
316 57 138 38 5784 1
317 71 138 38 5784 1
318 21 125 13 1048 1
319 41 125 13 1048 1
320 11 137 14 2058 1
321 21 137 14 2058 1
322 31 137 14 2058 1
323 41 137 14 2058 1
324 7 125 13 1448 1
325 6 138 8 568 1
326 11 138 8 568 1
327 16 138 8 568 1
328 9 140 11 1396 1
329 17 140 11 1396 1
330 25 140 11 1396 1
331 33 140 11 1396 1
332 11 118 7 690 1
333 4 134 13 1783 1
334 15 134 7 1273 1
335 29 134 7 1273 1
336 4 121 15 1566 1
337 10 141 8 1125 1
338 94 122 8 1417 1
339 187 122 8 1417 1
340 8 125 10 1278 1
341 15 125 10 1278 1
342 22 125 10 1278 1
343 29 125 10 1278 1
344 18 118 22 1916 1
345 35 118 22 1916 1
346 52 118 22 1916 1
347 3 141 33 5825 1
348 5 141 33 5825 1
349 4 121 28 4376 1
350 24 125 4 599 1
351 47 125 4 599 1
352 3 132 25 4619 1
353 4 137 25 3220 1
354 7 138 6 622 1
355 13 138 6 622 1
356 19 138 6 622 1
357 25 138 6 622 1
358 31 138 6 622 1
359 37 138 6 622 1
360 3 110 10 1412 1
361 5 110 10 1412 1
362 16 110 5 432 1
363 4 134 22 2920 1
364 3 134 15 2726 1
365 5 134 15 2726 1
366 7 134 15 2726 1
367 9 134 15 2726 1
368 11 134 15 2726 1
369 10 141 20 2224 1
370 11 110 8 1110 1
371 21 110 8 1110 1
372 31 110 8 1110 1
373 41 110 8 1110 1
374 51 110 8 1110 1
375 61 110 8 1110 1
376 71 110 8 1110 1
377 11 134 15 1638 1
378 21 134 15 1638 1
379 31 134 15 1638 1
380 7 134 14 1634 1
381 13 134 14 1634 1
382 19 134 14 1634 1
383 25 134 14 1634 1
384 31 134 14 1634 1
385 37 134 14 1634 1
386 43 134 14 1634 1
387 49 134 14 1634 1
388 55 134 14 1634 1
389 15 118 16 1485 1
390 29 118 16 1485 1
391 43 118 16 1485 1
392 5 122 14 1654 1
393 17 138 12 1354 1
394 33 138 12 1354 1
395 9 125 21 3807 1
396 17 125 21 3807 1
397 6 126 7 1172 1
398 11 126 7 1172 1
399 9 141 17 1825 1
400 17 141 17 1825 1
401 25 141 17 1825 1
402 33 141 17 1825 1
403 4 134 7 1248 1
404 7 134 7 1248 1
405 8 138 8 1645 1
406 15 138 8 1645 1
407 22 138 8 1645 1
408 29 138 8 1645 1
409 10 118 8 1399 1
410 19 118 8 1399 1
411 18 132 9 966 1
412 35 132 9 966 1
413 52 132 9 966 1
414 69 132 9 966 1
415 86 132 9 966 1
416 4 127 18 1173 1
417 7 127 18 1173 1
418 10 127 18 1173 1
419 13 127 18 1173 1
420 16 127 18 1173 1
421 19 127 18 1173 1
422 22 127 18 1173 1
423 25 127 18 1173 1
424 28 127 18 1173 1
425 31 127 18 1173 1
426 4 122 25 3212 1
427 6 138 9 1661 1
428 1 129 8 1464 1
429 15 139 17 1543 1
430 3 121 14 1449 1
431 6 134 16 1518 1
432 11 134 16 1518 1
433 16 134 16 1518 1
434 21 134 16 1518 1
435 15 133 9 893 1
436 3 126 18 2992 1
437 4 137 11 959 1
438 15 129 9 862 1
439 29 129 9 862 1
440 19 141 16 2486 1
441 37 141 16 2486 1
442 55 141 16 2486 1
443 4 127 34 6300 1
444 7 127 34 6300 1
445 10 127 34 6300 1
446 13 127 34 6300 1
447 16 127 34 6300 1
448 19 127 34 6300 1
449 22 127 34 6300 1
450 25 127 34 6300 1
451 28 127 34 6300 1
452 31 127 34 6300 1
453 12 138 9 1147 1
454 23 138 9 1147 1
455 34 138 9 1147 1
456 7 139 16 3300 1
457 23 139 12 2118 1
458 13 127 3 390 1
459 25 127 3 390 1
460 11 118 8 1357 1
461 21 118 8 1357 1
462 12 132 14 2286 1
463 23 132 14 2286 1
464 34 132 14 2286 1
465 45 132 14 2286 1
466 56 132 14 2286 1
467 3 140 11 1859 1
468 13 138 5 355 1
469 25 138 5 355 1
470 37 138 5 355 1
471 49 138 5 355 1
472 4 110 21 2185 1
473 7 110 21 2185 1
474 7 110 24 1325 1
475 4 118 13 1394 1
476 4 121 20 3229 1
477 7 121 20 3229 1
478 14 118 19 2118 1
479 27 118 19 2118 1
480 40 118 19 2118 1
481 53 118 19 2118 1
482 66 118 19 2118 1
483 79 118 19 2118 1
484 92 118 19 2118 1
485 105 118 19 2118 1
486 9 140 17 1264 1
487 20 110 8 1252 1
488 39 110 8 1252 1
489 58 110 8 1252 1
490 11 110 6 746 1
491 21 110 6 746 1
492 31 110 6 746 1
493 41 110 6 746 1
494 4 122 31 4169 1
495 7 122 31 4169 1
496 6 126 21 2558 1
497 11 126 21 2558 1
498 15 125 22 4014 1
499 29 125 22 4014 1
500 43 125 22 4014 1
501 57 125 22 4014 1
502 71 125 22 4014 1
503 16 126 18 2621 1
504 31 126 18 2621 1
505 46 126 18 2621 1
506 61 126 18 2621 1
507 3 127 15 1437 1
508 3 129 16 1636 1
509 9 125 5 912 1
510 17 125 5 912 1
511 25 125 5 912 1
512 33 125 5 912 1
513 41 125 5 912 1
514 8 141 19 2518 1
515 15 141 19 2518 1
516 3 126 16 1307 1
517 5 134 3 439 1
518 5 137 19 1759 1
519 3 127 30 4566 1
520 5 127 30 4566 1
521 5 122 18 2900 1
522 9 122 18 2900 1
523 18 129 5 369 1
524 35 129 5 369 1
525 52 129 5 369 1
526 69 129 5 369 1
527 86 129 5 369 1
528 103 129 5 369 1
529 120 129 5 369 1
530 137 129 5 369 1
531 154 129 5 369 1
532 171 129 5 369 1
533 188 129 5 369 1
534 8 140 19 1975 1
535 15 140 19 1975 1
536 22 140 19 1975 1
537 29 140 19 1975 1
538 36 140 19 1975 1
539 8 133 16 1202 1
540 15 133 16 1202 1
541 22 133 16 1202 1
542 13 132 7 1055 1
543 25 132 7 1055 1
544 37 132 7 1055 1
545 49 132 7 1055 1
546 61 132 7 1055 1
547 73 132 7 1055 1
548 9 134 16 3061 1
549 36 122 13 1009 1
550 11 125 8 1331 1
551 21 125 8 1331 1
552 31 125 8 1331 1
553 6 140 30 4365 1
554 11 140 30 4365 1
555 16 140 30 4365 1
556 4 138 32 5152 1
557 13 137 3 433 1
558 25 137 3 433 1
559 37 137 3 433 1
560 49 137 3 433 1
561 61 137 3 433 1
562 73 137 3 433 1
563 9 133 8 599 1
564 18 129 11 2039 1
565 35 129 11 2039 1
566 8 139 8 1456 1
567 4 118 17 1996 1
568 7 118 17 1996 1
569 8 141 12 2149 1
570 15 141 12 2149 1
571 3 140 11 2293 1
572 9 132 20 1472 1
573 17 132 20 1472 1
574 25 132 20 1472 1
575 33 132 20 1472 1
576 41 132 20 1472 1
577 49 132 20 1472 1
578 57 132 20 1472 1
579 3 118 14 1752 1
580 16 137 6 1025 1
581 6 139 4 487 1
582 5 121 11 1201 1
583 9 121 11 1201 1
584 13 121 11 1201 1
585 17 121 11 1201 1
586 9 126 5 938 1
587 17 126 5 938 1
588 25 126 5 938 1
589 33 126 5 938 1
590 41 126 5 938 1
591 49 126 5 938 1
592 13 134 25 2407 1
593 25 134 25 2407 1
594 37 134 25 2407 1
595 49 134 25 2407 1
596 61 134 25 2407 1
597 73 134 25 2407 1
598 85 134 25 2407 1
599 97 134 25 2407 1
600 4 121 17 3043 1
601 8 139 15 1884 1
602 64 121 12 1693 1
603 10 140 37 2634 1
604 5 110 14 884 1
605 21 132 9 1586 1
606 41 132 9 1586 1
607 61 132 9 1586 1
608 5 137 17 2657 1
609 9 137 17 2657 1
610 13 137 17 2657 1
611 17 137 17 2657 1
612 4 132 14 2005 1
613 8 129 9 1053 1
614 15 129 9 1053 1
615 22 129 9 1053 1
616 5 140 6 1237 1
617 9 140 6 1237 1
618 13 140 6 1237 1
619 17 140 6 1237 1
620 21 140 6 1237 1
621 25 140 6 1237 1
622 10 126 13 1033 1
623 19 126 13 1033 1
624 4 127 39 6460 1
625 7 127 39 6460 1
626 12 134 8 1194 1
627 23 134 8 1194 1
628 34 134 8 1194 1
629 45 134 8 1194 1
630 56 134 8 1194 1
631 67 134 8 1194 1
632 78 134 8 1194 1
633 15 122 44 3267 1
634 29 122 44 3267 1
635 3 132 6 668 1
636 14 129 9 1102 1
637 27 129 9 1102 1
638 40 129 9 1102 1
639 53 129 9 1102 1
640 66 129 9 1102 1
641 79 129 9 1102 1
642 92 129 9 1102 1
643 105 129 9 1102 1
644 118 129 9 1102 1
645 131 129 9 1102 1
646 144 129 9 1102 1
647 3 122 7 1081 1
648 32 129 23 2484 1
649 11 110 18 1868 1
650 21 110 18 1868 1
651 12 118 5 468 1
652 23 118 5 468 1
653 34 118 5 468 1
654 45 118 5 468 1
655 56 118 5 468 1
656 67 118 5 468 1
657 78 118 5 468 1
658 89 118 5 468 1
659 100 118 5 468 1
660 3 133 8 1269 1
661 10 127 32 4000 1
662 19 127 32 4000 1
663 17 149 19 3290 1
664 33 149 19 3290 1
665 49 149 19 3290 1
666 65 149 19 3290 1
667 3 151 16 2762 1
668 9 147 21 4224 1
669 2 161 32 3481 1
670 9 151 5 637 1
671 10 160 17 2928 1
672 19 160 17 2928 1
673 28 160 17 2928 1
674 37 160 17 2928 1
675 46 160 17 2928 1
676 12 160 52 5099 1
677 8 154 11 1287 1
678 15 154 11 1287 1
679 22 154 11 1287 1
680 13 147 7 942 1
681 12 161 23 2526 1
682 23 161 23 2526 1
683 9 166 11 2466 1
684 17 166 11 2466 1
685 9 157 30 6029 1
686 9 158 15 2669 1
687 11 166 16 3841 1
688 21 166 16 3841 1
689 31 166 16 3841 1
690 12 157 16 3243 1
691 10 166 11 922 1
692 19 166 11 922 1
693 8 154 13 2852 1
694 15 154 13 2852 1
695 22 154 13 2852 1
696 29 154 13 2852 1
697 36 154 13 2852 1
698 43 154 13 2852 1
699 14 149 18 3339 1
700 27 149 18 3339 1
701 40 149 18 3339 1
702 13 165 23 4524 1
703 25 165 23 4524 1
704 13 151 10 789 1
705 15 157 16 3387 1
706 29 157 16 3387 1
707 9 158 8 1628 1
708 4 160 26 3438 1
709 12 160 15 2532 1
710 23 160 15 2532 1
711 11 161 21 2106 1
712 21 161 21 2106 1
713 3 149 41 8421 1
714 11 149 24 3433 1
715 21 149 24 3433 1
716 31 149 24 3433 1
717 14 160 19 1905 1
718 6 157 9 969 1
719 11 157 27 2915 1
720 8 158 38 7493 1
721 14 166 25 5806 1
722 27 166 25 5806 1
723 40 166 25 5806 1
724 53 166 25 5806 1
725 9 147 17 1695 1
726 36 158 14 2226 1
727 12 157 34 6369 1
728 12 165 7 1683 1
729 23 165 7 1683 1
730 34 165 7 1683 1
731 45 165 7 1683 1
732 56 165 7 1683 1
733 67 165 7 1683 1
734 78 165 7 1683 1
735 13 166 21 1780 1
736 25 166 21 1780 1
737 10 147 15 2515 1
738 9 149 23 4759 1
739 9 161 10 1591 1
740 12 165 9 1230 1
741 23 165 9 1230 1
742 34 165 9 1230 1
743 45 165 9 1230 1
744 19 149 23 5135 1
745 3 158 9 1035 1
746 5 151 43 4974 1
747 11 151 19 3072 1
748 13 166 25 2817 1
749 25 166 25 2817 1
750 10 151 21 2693 1
751 147 166 14 1981 1
752 4 158 24 3649 1
753 9 166 32 4415 1
754 17 166 32 4415 1
755 27 158 17 1757 1
756 8 155 8 1099 1
757 10 147 35 5520 1
758 9 155 15 3086 1
759 8 157 14 3274 1
760 10 160 22 1832 1
761 9 149 11 1837 1
762 16 165 6 795 1
763 31 165 6 795 1
764 8 147 9 1559 1
765 11 151 18 2991 1
766 4 161 39 7586 1
767 4 155 19 1483 1
768 7 155 19 1483 1
769 14 155 6 681 1
770 11 165 16 3758 1
771 21 165 16 3758 1
772 31 165 16 3758 1
773 41 165 16 3758 1
774 51 165 16 3758 1
775 13 147 14 1250 1
776 9 151 16 2683 1
777 10 149 20 1583 1
778 9 155 41 8156 1
779 14 165 9 2002 1
780 13 151 12 935 1
781 3 151 13 1879 1
782 16 161 18 1573 1
783 11 165 29 3794 1
784 11 165 28 2406 1
785 21 165 28 2406 1
786 5 155 14 1925 1
787 9 158 20 2224 1
788 9 155 19 3420 1
789 17 155 19 3420 1
790 14 149 14 2768 1
791 11 157 10 2321 1
792 13 165 19 2631 1
793 8 155 9 1580 1
794 15 155 9 1580 1
795 22 155 9 1580 1
796 3 155 12 1627 1
797 5 155 12 1627 1
798 7 155 12 1627 1
799 23 157 9 995 1
800 12 155 9 1600 1
801 23 155 9 1600 1
802 34 155 9 1600 1
803 45 155 9 1600 1
804 14 147 13 1045 1
805 13 161 12 1496 1
806 25 161 12 1496 1
807 37 161 12 1496 1
808 4 166 10 988 1
809 17 155 16 2164 1
810 33 155 16 2164 1
811 12 160 36 5002 1
812 23 160 36 5002 1
813 15 149 18 2749 1
814 29 149 18 2749 1
815 15 165 26 5602 1
816 29 165 26 5602 1
817 8 149 5 785 1
818 4 160 11 1915 1
819 38 188 26 6319 1
820 16 169 38 7143 1
821 13 183 18 2917 1
822 25 183 18 2917 1
823 15 183 5 517 1
824 124 169 22 2085 1
825 16 178 7 876 1
826 9 168 18 2860 1
827 13 169 20 2161 1
828 11 185 17 3300 1
829 13 175 19 2740 1
830 13 185 29 6261 1
831 25 185 29 6261 1
832 42 190 9 1058 1
833 16 168 25 5050 1
834 45 170 13 2458 1
835 23 190 21 5293 1
836 45 190 21 5293 1
837 16 185 10 1634 1
838 16 188 13 1468 1
839 15 195 13 2693 1
840 13 195 6 1062 1
841 3 195 32 5365 1
842 15 195 37 7695 1
843 20 175 26 5012 1
844 39 175 26 5012 1
845 4 168 13 1105 1
846 16 168 24 3578 1
847 31 168 24 3578 1
848 48 184 11 2437 1
849 110 197 35 5782 1
850 15 198 39 5610 1
851 15 170 20 3055 1
852 29 170 20 3055 1
853 43 170 20 3055 1
854 23 183 8 926 1
855 11 188 40 8007 1
856 21 188 40 8007 1
857 14 185 21 5439 1
858 10 168 19 3450 1
859 15 169 11 2327 1
860 21 190 14 3081 1
861 41 190 14 3081 1
862 12 184 16 3269 1
863 23 184 16 3269 1
864 14 188 23 5137 1
865 16 183 15 4080 1
866 11 188 6 938 1
867 11 184 15 2562 1
868 23 195 24 3136 1
869 22 188 25 4315 1
870 40 195 21 4019 1
871 16 185 15 2338 1
872 4 168 14 3219 1
873 21 185 37 4516 1
874 37 169 18 2263 1
875 34 194 13 1350 1
876 17 168 13 2187 1
877 13 188 5 930 1
878 25 188 5 930 1
879 23 188 25 5618 1
880 10 197 18 3671 1
881 19 197 18 3671 1
882 13 185 25 3615 1
883 21 194 21 5399 1
884 23 184 9 1475 1
885 13 170 18 2173 1
886 44 178 28 3534 1
887 13 175 17 3118 1
888 16 169 22 2416 1
889 13 197 24 5328 1
890 14 175 29 4686 1
891 27 175 29 4686 1
892 40 175 29 4686 1
893 37 184 28 4800 1
894 73 184 28 4800 1
895 22 169 20 1743 1
896 43 169 20 1743 1
897 127 195 14 1569 1
898 35 190 25 4518 1
899 9 190 15 2601 1
900 36 195 39 6566 1
901 71 195 39 6566 1
902 37 198 13 3401 1
903 16 197 9 922 1
904 15 194 24 3043 1
905 29 194 24 3043 1
906 43 194 24 3043 1
907 29 170 11 993 1
908 14 168 13 2515 1
909 34 188 23 4869 1
910 17 170 15 3411 1
911 13 195 71 13951 1
912 25 195 71 13951 1
913 37 195 71 13951 1
914 3 175 12 1243 1
915 15 194 19 4942 1
916 42 210 14 2265 1
917 40 208 27 3022 1
918 38 204 7 1158 1
919 75 204 7 1158 1
920 112 204 7 1158 1
921 149 204 7 1158 1
922 10 207 19 3102 1
923 43 222 19 4908 1
924 38 207 13 1941 1
925 75 207 13 1941 1
926 112 207 13 1941 1
927 149 207 13 1941 1
928 186 207 13 1941 1
929 223 207 13 1941 1
930 260 207 13 1941 1
931 297 207 13 1941 1
932 29 222 16 4964 1
933 57 222 16 4964 1
934 6 207 14 2872 1
935 30 221 31 8762 1
936 59 221 31 8762 1
937 88 221 31 8762 1
938 117 221 31 8762 1
939 36 222 5 1013 1
940 54 221 14 2758 1
941 48 221 25 3667 1
942 95 221 25 3667 1
943 142 221 25 3667 1
944 32 210 19 2127 1
945 63 210 19 2127 1
946 94 210 19 2127 1
947 36 210 18 4848 1
948 71 210 18 4848 1
949 106 210 18 4848 1
950 141 210 18 4848 1
951 176 210 18 4848 1
952 211 210 18 4848 1
953 246 210 18 4848 1
954 281 210 18 4848 1
955 316 210 18 4848 1
956 351 210 18 4848 1
957 386 210 18 4848 1
958 421 210 18 4848 1
959 456 210 18 4848 1
960 491 210 18 4848 1
961 526 210 18 4848 1
962 133 222 21 5202 1
963 265 222 21 5202 1
964 40 222 26 3589 1
965 79 222 26 3589 1
966 118 222 26 3589 1
967 39 207 25 6892 1
968 77 207 25 6892 1
969 115 207 25 6892 1
970 153 207 25 6892 1
971 191 207 25 6892 1
972 229 207 25 6892 1
973 267 207 25 6892 1
974 170 210 30 8246 1
975 339 210 30 8246 1
976 40 204 14 3081 1
977 79 204 14 3081 1
978 118 204 14 3081 1
979 157 204 14 3081 1
980 43 211 27 4055 1
981 85 211 27 4055 1
982 42 228 24 7437 1
983 56 225 25 2832 1
984 38 228 10 1470 1
985 93 228 20 6692 1
986 38 230 13 4051 1
987 108 239 21 2601 1
988 36 228 25 8470 1
989 37 225 18 3153 1
990 101 228 29 7964 1
991 201 228 29 7964 1
992 56 228 16 3414 1
993 36 225 11 3361 1
994 71 225 11 3361 1
995 35 228 30 6591 1
996 41 228 16 3700 1
997 36 239 15 2796 1
998 38 228 33 6956 1
999 37 230 27 7680 1
1000 99 225 16 3258 1
1001 36 230 19 4570 1
1002 210 228 14 1926 1
1003 38 230 29 4048 1
1004 33 239 16 4756 1
1005 34 230 15 3634 1
1006 35 239 18 5763 1
1007 69 239 18 5763 1
1008 34 239 12 2338 1
1009 84 228 19 5063 1
1010 32 228 17 4418 1
1011 37 239 13 2814 1
1012 59 239 16 3024 1
1013 45 228 22 6679 1
1014 57 225 13 1707 1
1015 36 225 18 3185 1
1016 38 230 21 4654 1
1017 63 291 26 4578 1
1018 37 274 21 3785 1
1019 58 255 41 6517 1
1020 115 255 41 6517 1
1021 93 267 37 11028 1
1022 38 282 22 6900 1
1023 75 282 22 6900 1
1024 57 291 24 10157 1
1025 113 291 24 10157 1
1026 169 291 24 10157 1
1027 58 279 27 4650 1
1028 57 259 25 7792 1
1029 57 261 24 3341 1
1030 133 259 22 6472 1
1031 56 294 23 7778 1
1032 36 275 24 5088 1
1033 36 299 22 5598 1
1034 54 279 28 6494 1
1035 150 282 31 11288 1
1036 94 259 24 8729 1
35
400 400 400 400 500 500 600 600 600 600 600 600 600 400 400 400 400 400 230 315 600 450 450 400 400 400 665 725 645 500 500 305 400 400 390 