1036
1 6 99 28 3179 1
2 3 101 21 1564 1
3 3 101 6 579 1
4 5 101 6 579 1
5 5 101 14 1521 1
6 6 101 7 390 1
7 11 101 7 390 1
8 4 101 16 2184 1
9 7 101 16 2184 1
10 6 99 23 2784 1
11 11 99 23 2784 1
12 16 99 23 2784 1
13 7 99 9 1105 1
14 13 99 9 1105 1
15 19 99 9 1105 1
16 25 99 9 1105 1
17 7 101 15 1864 1
18 6 99 13 1144 1
19 4 99 8 696 1
20 4 101 12 1512 1
21 3 99 27 1830 1
22 14 101 28 3197 1
23 13 101 13 1103 1
24 25 101 13 1103 1
25 16 101 23 2766 1
26 31 101 23 2766 1
27 46 101 23 2766 1
28 61 101 23 2766 1
29 13 99 14 818 1
30 3 99 9 1243 1
31 6 99 40 2152 1
32 11 99 40 2152 1
33 16 99 40 2152 1
34 4 101 17 1565 1
35 14 101 34 1790 1
36 27 101 34 1790 1
37 17 101 7 576 1
38 33 101 7 576 1
39 49 101 7 576 1
40 4 141 49 9455 1
41 8 129 26 2179 1
42 12 141 7 1015 1
43 6 118 10 990 1
44 11 118 10 990 1
45 16 118 10 990 1
46 8 133 8 819 1
47 15 133 8 819 1
48 22 133 8 819 1
49 29 133 8 819 1
50 36 133 8 819 1
51 43 133 8 819 1
52 50 133 8 819 1
53 57 133 8 819 1
54 15 141 41 7949 1
55 29 141 41 7949 1
56 38 134 6 926 1
57 2 127 20 3119 1
58 16 126 46 5484 1
59 31 126 46 5484 1
60 6 118 13 909 1
61 11 118 13 909 1
62 16 118 13 909 1
63 9 141 8 1070 1
64 17 141 8 1070 1
65 25 141 8 1070 1
66 33 141 8 1070 1
67 41 141 8 1070 1
68 49 141 8 1070 1
69 57 141 8 1070 1
70 15 121 19 2413 1
71 29 121 19 2413 1
72 43 121 19 2413 1
73 57 121 19 2413 1
74 71 121 19 2413 1
75 85 121 19 2413 1
76 9 140 32 5365 1
77 7 129 35 4006 1
78 13 129 35 4006 1
79 6 141 22 4361 1
80 7 127 15 1819 1
81 13 127 15 1819 1
82 19 127 15 1819 1
83 25 127 15 1819 1
84 18 129 24 2834 1
85 50 110 4 493 1
86 4 126 14 1124 1
87 7 126 14 1124 1
88 4 121 5 853 1
89 3 127 10 1630 1
90 5 127 10 1630 1
91 6 139 33 3445 1
92 10 139 44 4440 1
93 19 139 44 4440 1
94 28 139 44 4440 1
95 37 139 44 4440 1
96 14 126 20 2312 1
97 27 126 20 2312 1
98 40 126 20 2312 1
99 53 126 20 2312 1
100 66 126 20 2312 1
101 47 127 28 2949 1
102 10 129 10 1309 1
103 19 129 10 1309 1
104 7 110 19 2083 1
105 14 121 9 1463 1
106 27 121 9 1463 1
107 40 121 9 1463 1
108 53 121 9 1463 1
109 66 121 9 1463 1
110 79 121 9 1463 1
111 92 121 9 1463 1
112 105 121 9 1463 1
113 118 121 9 1463 1
114 131 121 9 1463 1
115 144 121 9 1463 1
116 157 121 9 1463 1
117 170 121 9 1463 1
118 183 121 9 1463 1
119 4 125 16 2065 1
120 3 140 9 1344 1
121 13 141 14 1261 1
122 25 141 14 1261 1
123 3 129 20 2998 1
124 9 138 13 1533 1
125 17 138 13 1533 1
126 1 140 21 3806 1
127 1 140 21 3806 1
128 7 137 18 2087 1
129 13 137 18 2087 1
130 5 122 5 406 1
131 9 122 5 406 1
132 4 122 9 839 1
133 3 140 7 1044 1
134 5 140 7 1044 1
135 5 122 16 2333 1
136 9 122 16 2333 1
137 13 122 16 2333 1
138 17 122 16 2333 1
139 21 122 16 2333 1
140 25 122 16 2333 1
141 29 122 16 2333 1
142 9 134 23 4182 1
143 17 134 23 4182 1
144 25 134 23 4182 1
145 14 126 9 1113 1
146 9 126 41 2993 1
147 16 127 10 1371 1
148 72 133 7 781 1
149 15 125 15 2346 1
150 3 138 41 8417 1
151 5 138 41 8417 1
152 9 125 12 1323 1
153 17 125 12 1323 1
154 25 125 12 1323 1
155 3 132 50 8120 1
156 5 132 50 8120 1
157 6 133 7 643 1
158 11 133 7 643 1
159 16 133 7 643 1
160 21 133 7 643 1
161 26 133 7 643 1
162 31 133 7 643 1
163 36 133 7 643 1
164 15 118 11 1633 1
165 7 121 3 363 1
166 13 121 3 363 1
167 19 121 3 363 1
168 25 121 3 363 1
169 31 121 3 363 1
170 37 121 3 363 1
171 9 118 9 1212 1
172 17 118 9 1212 1
173 25 118 9 1212 1
174 33 118 9 1212 1
175 41 118 9 1212 1
176 49 118 9 1212 1
177 57 118 9 1212 1
178 65 118 9 1212 1
179 17 126 17 1710 1
180 10 122 12 1788 1
181 19 122 12 1788 1
182 28 122 12 1788 1
183 37 122 12 1788 1
184 46 122 12 1788 1
185 10 133 12 2312 1
186 11 139 19 1930 1
187 6 121 4 593 1
188 11 121 4 593 1
189 16 121 4 593 1
190 21 121 4 593 1
191 26 121 4 593 1
192 13 129 5 615 1
193 25 129 5 615 1
194 37 129 5 615 1
195 49 129 5 615 1
196 7 118 9 1255 1
197 13 118 9 1255 1
198 19 118 9 1255 1
199 25 118 9 1255 1
200 31 118 9 1255 1
201 37 118 9 1255 1
202 29 126 15 1409 1
203 4 118 12 1751 1
204 20 138 17 1769 1
205 12 125 18 2738 1
206 23 125 18 2738 1
207 11 139 33 3814 1
208 21 139 33 3814 1
209 12 137 14 2143 1
210 11 118 19 2855 1
211 21 118 19 2855 1
212 31 118 19 2855 1
213 41 118 19 2855 1
214 51 118 19 2855 1
215 61 118 19 2855 1
216 71 118 19 2855 1
217 81 118 19 2855 1
218 91 118 19 2855 1
219 101 118 19 2855 1
220 9 133 3 376 1
221 10 137 19 1622 1
222 19 137 19 1622 1
223 28 137 19 1622 1
224 37 137 19 1622 1
225 46 137 19 1622 1
226 55 137 19 1622 1
227 64 137 19 1622 1
228 73 137 19 1622 1
229 3 138 15 1512 1
230 15 138 6 649 1
231 29 138 6 649 1
232 5 122 3 270 1
233 9 122 3 270 1
234 13 122 3 270 1
235 17 122 3 270 1
236 21 122 3 270 1
237 25 122 3 270 1
238 29 122 3 270 1
239 33 122 3 270 1
240 37 122 3 270 1
241 15 141 20 3672 1
242 29 141 20 3672 1
243 43 141 20 3672 1
244 4 126 28 4062 1
245 7 126 28 4062 1
246 4 127 19 3112 1
247 10 132 10 1170 1
248 19 132 10 1170 1
249 4 127 22 1596 1
250 14 126 7 707 1
251 27 126 7 707 1
252 40 126 7 707 1
253 53 126 7 707 1
254 66 126 7 707 1
255 17 118 8 1109 1
256 33 118 8 1109 1
257 49 118 8 1109 1
258 12 134 15 1997 1
259 23 134 15 1997 1
260 11 125 27 3250 1
261 8 140 18 1718 1
262 15 140 18 1718 1
263 19 122 14 1944 1
264 37 122 14 1944 1
265 55 122 14 1944 1
266 73 122 14 1944 1
267 13 121 19 2081 1
268 5 118 9 1453 1
269 9 118 9 1453 1
270 13 118 9 1453 1
271 12 110 46 5790 1
272 23 110 46 5790 1
273 34 110 46 5790 1
274 45 110 46 5790 1
275 56 110 46 5790 1
276 67 110 46 5790 1
277 78 110 46 5790 1
278 89 110 46 5790 1
279 9 129 13 1171 1
280 13 125 31 4084 1
281 15 140 10 1580 1
282 20 125 5 716 1
283 15 121 42 5951 1
284 3 122 15 1785 1
285 13 110 17 1181 1
286 25 110 17 1181 1
287 37 110 17 1181 1
288 15 137 31 5848 1
289 3 110 41 3359 1
290 13 126 8 1248 1
291 25 126 8 1248 1
292 10 129 15 1246 1
293 19 129 15 1246 1
294 28 129 15 1246 1
295 37 129 15 1246 1
296 46 129 15 1246 1
297 3 140 22 4284 1
298 8 138 22 3740 1
299 15 138 22 3740 1
300 22 138 22 3740 1
301 29 138 22 3740 1
302 36 138 22 3740 1
303 13 122 14 2244 1
304 25 122 14 2244 1
305 37 122 14 2244 1
306 14 127 9 893 1
307 27 127 9 893 1
308 14 137 30 5296 1
309 27 137 30 5296 1
310 4 133 45 8192 1
311 7 133 45 8192 1
312 10 133 45 8192 1
313 13 133 45 8192 1
314 16 133 45 8192 1
315 19 133 45 8192 1
316 22 133 45 8192 1
317 25 133 45 8192 1
318 28 133 45 8192 1
319 31 133 45 8192 1
320 34 133 45 8192 1
321 37 133 45 8192 1
322 40 133 45 8192 1
323 17 129 15 2742 1
324 33 129 15 2742 1
325 49 129 15 2742 1
326 8 125 11 1100 1
327 15 125 11 1100 1
328 3 125 6 1111 1
329 3 140 8 920 1
330 5 138 12 2258 1
331 13 132 14 1795 1
332 13 137 22 3221 1
333 25 137 22 3221 1
334 13 139 11 1294 1
335 25 139 11 1294 1
336 4 121 6 926 1
337 10 126 18 1526 1
338 19 126 18 1526 1
339 28 126 18 1526 1
340 13 139 19 3190 1
341 25 139 19 3190 1
342 37 139 19 3190 1
343 49 139 19 3190 1
344 61 139 19 3190 1
345 73 139 19 3190 1
346 85 139 19 3190 1
347 97 139 19 3190 1
348 3 118 14 1895 1
349 5 118 14 1895 1
350 15 121 20 3426 1
351 10 122 8 1269 1
352 6 132 24 2445 1
353 16 133 20 3217 1
354 16 133 12 2012 1
355 9 118 20 3453 1
356 13 127 6 746 1
357 25 127 6 746 1
358 37 127 6 746 1
359 49 127 6 746 1
360 61 127 6 746 1
361 73 127 6 746 1
362 85 127 6 746 1
363 97 127 6 746 1
364 109 127 6 746 1
365 121 127 6 746 1
366 133 127 6 746 1
367 145 127 6 746 1
368 157 127 6 746 1
369 169 127 6 746 1
370 181 127 6 746 1
371 12 137 10 1766 1
372 23 137 10 1766 1
373 7 125 12 1612 1
374 13 125 12 1612 1
375 12 121 26 1789 1
376 23 121 26 1789 1
377 34 121 26 1789 1
378 9 137 8 1023 1
379 17 137 8 1023 1
380 25 137 8 1023 1
381 33 137 8 1023 1
382 41 137 8 1023 1
383 3 122 28 2384 1
384 10 140 16 1351 1
385 19 140 16 1351 1
386 3 121 11 1336 1
387 18 140 20 1716 1
388 35 140 20 1716 1
389 6 134 13 1648 1
390 11 134 13 1648 1
391 16 134 13 1648 1
392 10 140 25 3696 1
393 11 139 9 1562 1
394 21 139 9 1562 1
395 3 127 4 545 1
396 3 125 10 1145 1
397 5 125 10 1145 1
398 4 110 10 1520 1
399 7 110 10 1520 1
400 10 110 10 1520 1
401 12 140 11 1474 1
402 23 140 11 1474 1
403 34 140 11 1474 1
404 45 140 11 1474 1
405 10 118 12 1666 1
406 19 118 12 1666 1
407 28 118 12 1666 1
408 37 118 12 1666 1
409 46 118 12 1666 1
410 4 118 19 3329 1
411 12 118 16 1810 1
412 23 118 16 1810 1
413 34 118 16 1810 1
414 45 118 16 1810 1
415 9 137 20 1838 1
416 17 137 20 1838 1
417 25 137 20 1838 1
418 33 137 20 1838 1
419 7 138 20 3756 1
420 13 138 20 3756 1
421 19 138 20 3756 1
422 3 139 7 657 1
423 10 118 25 2896 1
424 4 137 28 4489 1
425 13 138 34 5192 1
426 25 138 34 5192 1
427 4 138 9 1728 1
428 7 138 9 1728 1
429 7 134 19 2427 1
430 13 134 19 2427 1
431 19 134 19 2427 1
432 25 134 19 2427 1
433 31 134 19 2427 1
434 13 133 24 4011 1
435 25 133 24 4011 1
436 37 133 24 4011 1
437 49 133 24 4011 1
438 61 133 24 4011 1
439 73 133 24 4011 1
440 85 133 24 4011 1
441 15 139 8 769 1
442 8 118 16 1765 1
443 15 118 16 1765 1
444 16 110 23 3371 1
445 31 110 23 3371 1
446 72 118 12 1413 1
447 5 125 7 594 1
448 9 122 9 977 1
449 17 122 9 977 1
450 6 126 7 966 1
451 11 126 7 966 1
452 16 126 7 966 1
453 21 126 7 966 1
454 4 129 5 883 1
455 2 127 14 995 1
456 3 127 14 995 1
457 4 127 14 995 1
458 5 127 14 995 1
459 6 127 14 995 1
460 7 127 14 995 1
461 5 141 8 613 1
462 9 141 8 613 1
463 4 138 9 1072 1
464 7 138 9 1072 1
465 5 132 17 1715 1
466 10 122 12 1409 1
467 16 110 10 1011 1
468 31 110 10 1011 1
469 46 110 10 1011 1
470 4 127 26 2772 1
471 3 125 17 2142 1
472 4 133 15 2761 1
473 20 118 15 1818 1
474 39 118 15 1818 1
475 10 127 13 1022 1
476 19 127 13 1022 1
477 28 127 13 1022 1
478 6 122 11 1366 1
479 11 122 11 1366 1
480 16 122 11 1366 1
481 21 122 11 1366 1
482 26 122 11 1366 1
483 8 125 29 3116 1
484 15 125 29 3116 1
485 18 134 6 637 1
486 35 134 6 637 1
487 52 134 6 637 1
488 3 125 34 3783 1
489 5 125 34 3783 1
490 13 127 11 1641 1
491 7 140 10 1840 1
492 7 126 22 1399 1
493 13 126 22 1399 1
494 19 126 22 1399 1
495 25 126 22 1399 1
496 31 126 22 1399 1
497 37 126 22 1399 1
498 43 126 22 1399 1
499 49 126 22 1399 1
500 55 126 22 1399 1
501 61 126 22 1399 1
502 67 126 22 1399 1
503 73 126 22 1399 1
504 79 126 22 1399 1
505 85 126 22 1399 1
506 91 126 22 1399 1
507 13 129 45 7745 1
508 25 129 45 7745 1
509 37 129 45 7745 1
510 15 133 10 1903 1
511 29 133 10 1903 1
512 43 133 10 1903 1
513 57 133 10 1903 1
514 4 137 12 1643 1
515 4 134 24 1965 1
516 7 134 24 1965 1
517 10 134 24 1965 1
518 13 134 24 1965 1
519 16 134 24 1965 1
520 19 134 24 1965 1
521 22 134 24 1965 1
522 25 134 24 1965 1
523 4 129 16 1384 1
524 7 129 16 1384 1
525 11 137 14 1419 1
526 12 121 38 5973 1
527 23 121 38 5973 1
528 34 121 38 5973 1
529 45 121 38 5973 1
530 3 110 12 951 1
531 13 132 18 3150 1
532 10 122 14 1397 1
533 5 122 13 2272 1
534 8 138 17 1495 1
535 15 138 17 1495 1
536 22 138 17 1495 1
537 29 138 17 1495 1
538 36 138 17 1495 1
539 43 138 17 1495 1
540 50 138 17 1495 1
541 57 138 17 1495 1
542 64 138 17 1495 1
543 71 138 17 1495 1
544 4 126 14 1641 1
545 7 126 14 1641 1
546 10 126 14 1641 1
547 13 126 14 1641 1
548 16 126 14 1641 1
549 19 126 14 1641 1
550 22 126 14 1641 1
551 25 126 14 1641 1
552 28 126 14 1641 1
553 3 110 13 1151 1
554 15 139 6 850 1
555 29 139 6 850 1
556 43 139 6 850 1
557 57 139 6 850 1
558 71 139 6 850 1
559 11 134 9 1326 1
560 21 134 9 1326 1
561 31 134 9 1326 1
562 41 134 9 1326 1
563 16 129 12 2066 1
564 31 129 12 2066 1
565 46 129 12 2066 1
566 5 133 6 1080 1
567 9 133 6 1080 1
568 13 133 6 1080 1
569 17 133 6 1080 1
570 21 133 6 1080 1
571 25 133 6 1080 1
572 29 133 6 1080 1
573 33 133 6 1080 1
574 37 133 6 1080 1
575 12 129 29 5319 1
576 23 129 29 5319 1
577 5 141 29 3974 1
578 4 137 42 4058 1
579 3 125 10 1852 1
580 5 125 10 1852 1
581 9 127 9 608 1
582 14 118 9 884 1
583 3 110 29 2008 1
584 9 127 10 1749 1
585 17 127 10 1749 1
586 25 127 10 1749 1
587 10 122 24 2655 1
588 19 122 24 2655 1
589 28 122 24 2655 1
590 13 137 13 1563 1
591 25 137 13 1563 1
592 5 133 23 4341 1
593 20 139 14 2028 1
594 39 139 14 2028 1
595 5 133 5 381 1
596 18 132 13 1431 1
597 35 132 13 1431 1
598 6 138 10 810 1
599 12 140 29 3748 1
600 6 127 5 424 1
601 11 127 5 424 1
602 16 127 5 424 1
603 11 118 5 689 1
604 21 118 5 689 1
605 31 118 5 689 1
606 41 118 5 689 1
607 4 118 68 8955 1
608 11 127 31 5587 1
609 4 138 16 2332 1
610 7 138 16 2332 1
611 10 121 12 1918 1
612 19 121 12 1918 1
613 28 121 12 1918 1
614 37 121 12 1918 1
615 46 121 12 1918 1
616 55 121 12 1918 1
617 64 121 12 1918 1
618 4 141 7 1269 1
619 3 126 14 2521 1
620 4 138 14 2051 1
621 12 129 16 2371 1
622 23 129 16 2371 1
623 34 129 16 2371 1
624 45 129 16 2371 1
625 56 129 16 2371 1
626 67 129 16 2371 1
627 7 126 19 2953 1
628 7 121 11 1091 1
629 13 121 11 1091 1
630 19 121 11 1091 1
631 3 129 10 961 1
632 14 110 18 2596 1
633 27 110 18 2596 1
634 40 110 18 2596 1
635 53 110 18 2596 1
636 3 118 5 476 1
637 4 110 8 730 1
638 8 126 18 1701 1
639 15 126 18 1701 1
640 22 126 18 1701 1
641 29 126 18 1701 1
642 36 126 18 1701 1
643 43 126 18 1701 1
644 50 126 18 1701 1
645 57 126 18 1701 1
646 64 126 18 1701 1
647 71 126 18 1701 1
648 4 133 17 1338 1
649 7 122 6 892 1
650 13 122 6 892 1
651 19 122 6 892 1
652 25 122 6 892 1
653 31 122 6 892 1
654 37 122 6 892 1
655 43 122 6 892 1
656 49 122 6 892 1
657 10 121 10 861 1
658 19 121 10 861 1
659 28 121 10 861 1
660 37 121 10 861 1
661 46 121 10 861 1
662 55 121 10 861 1
663 5 165 8 838 1
664 13 149 19 2408 1
665 9 166 14 2944 1
666 3 165 9 1158 1
667 15 166 30 6438 1
668 29 166 30 6438 1
669 43 166 30 6438 1
670 9 157 8 1832 1
671 9 165 37 8246 1
672 17 165 37 8246 1
673 25 165 37 8246 1
674 3 158 21 2390 1
675 10 160 14 2366 1
676 13 147 33 3814 1
677 25 147 33 3814 1
678 3 160 17 1485 1
679 10 154 10 1200 1
680 14 160 9 1916 1
681 27 160 9 1916 1
682 40 160 9 1916 1
683 4 149 12 1854 1
684 11 147 5 876 1
685 21 147 5 876 1
686 10 155 33 4173 1
687 10 149 15 2330 1
688 13 155 19 1572 1
689 9 160 18 2361 1
690 17 160 18 2361 1
691 25 160 18 2361 1
692 3 149 23 2449 1
693 4 158 31 6183 1
694 8 166 13 2969 1
695 27 158 20 2217 1
696 2 160 18 2402 1
697 10 154 25 2175 1
698 19 154 25 2175 1
699 28 154 25 2175 1
700 22 157 14 2719 1
701 13 161 15 2347 1
702 12 160 18 3342 1
703 12 149 32 6724 1
704 23 149 32 6724 1
705 10 165 37 4234 1
706 19 165 37 4234 1
707 28 165 37 4234 1
708 9 166 47 7351 1
709 17 166 47 7351 1
710 13 157 22 3777 1
711 25 157 22 3777 1
712 37 157 22 3777 1
713 9 160 14 1959 1
714 10 160 24 4227 1
715 19 160 24 4227 1
716 28 160 24 4227 1
717 9 161 26 5718 1
718 17 161 26 5718 1
719 25 161 26 5718 1
720 5 154 16 2897 1
721 14 155 16 2470 1
722 27 155 16 2470 1
723 40 155 16 2470 1
724 12 165 10 1014 1
725 5 160 14 3158 1
726 14 160 8 1214 1
727 27 160 8 1214 1
728 4 157 13 2425 1
729 14 151 10 1626 1
730 27 151 10 1626 1
731 40 151 10 1626 1
732 53 151 10 1626 1
733 11 147 12 2113 1
734 21 147 12 2113 1
735 31 147 12 2113 1
736 41 147 12 2113 1
737 51 147 12 2113 1
738 8 154 19 3099 1
739 3 147 10 2145 1
740 5 147 10 2145 1
741 7 165 20 3505 1
742 5 155 28 6129 1
743 10 155 14 2214 1
744 19 155 14 2214 1
745 3 166 25 2500 1
746 15 160 9 1159 1
747 29 160 9 1159 1
748 43 160 9 1159 1
749 57 160 9 1159 1
750 71 160 9 1159 1
751 5 151 20 3429 1
752 8 161 21 4652 1
753 14 158 22 2945 1
754 27 158 22 2945 1
755 8 166 13 2735 1
756 14 157 15 2106 1
757 14 155 12 1512 1
758 11 165 13 2577 1
759 13 155 9 1564 1
760 25 155 9 1564 1
761 3 158 9 1135 1
762 23 154 37 2934 1
763 45 154 37 2934 1
764 67 154 37 2934 1
765 3 160 14 3176 1
766 12 154 24 2460 1
767 9 160 23 3707 1
768 11 161 27 5761 1
769 3 160 27 4442 1
770 10 161 20 2434 1
771 19 161 20 2434 1
772 16 147 16 1219 1
773 31 147 16 1219 1
774 13 158 31 5575 1
775 13 161 23 3919 1
776 25 161 23 3919 1
777 9 151 8 717 1
778 3 149 14 2654 1
779 18 154 14 2375 1
780 14 160 23 4907 1
781 27 160 23 4907 1
782 15 154 32 5795 1
783 29 154 32 5795 1
784 10 147 17 2579 1
785 19 147 17 2579 1
786 28 147 17 2579 1
787 13 155 34 3485 1
788 12 165 17 3580 1
789 23 165 17 3580 1
790 12 166 19 4051 1
791 23 166 19 4051 1
792 34 166 19 4051 1
793 45 166 19 4051 1
794 56 166 19 4051 1
795 13 155 29 4416 1
796 25 155 29 4416 1
797 37 155 29 4416 1
798 49 155 29 4416 1
799 61 155 29 4416 1
800 73 155 29 4416 1
801 10 158 7 602 1
802 14 151 23 3383 1
803 2 154 8 933 1
804 4 158 28 5947 1
805 13 149 4 341 1
806 15 151 16 1952 1
807 29 151 16 1952 1
808 43 151 16 1952 1
809 15 154 19 1772 1
810 3 165 12 1110 1
811 28 165 36 7901 1
812 14 165 24 2382 1
813 27 165 24 2382 1
814 14 161 19 2768 1
815 9 154 28 3486 1
816 5 147 23 2957 1
817 12 155 10 2320 1
818 11 154 40 4857 1
819 10 190 31 6635 1
820 11 184 20 3684 1
821 22 190 13 1332 1
822 14 184 10 2404 1
823 12 185 16 3738 1
824 22 175 18 1692 1
825 10 175 13 2850 1
826 9 183 23 5915 1
827 15 168 17 4135 1
828 29 168 17 4135 1
829 15 183 14 3346 1
830 13 188 15 1492 1
831 16 188 24 6636 1
832 13 197 11 2352 1
833 39 170 8 1230 1
834 43 195 12 1426 1
835 10 197 20 4984 1
836 32 170 35 5408 1
837 13 169 14 2468 1
838 25 169 14 2468 1
839 10 197 10 2670 1
840 15 178 20 4778 1
841 15 198 31 3932 1
842 16 175 11 2794 1
843 152 197 5 848 1
844 15 194 19 4745 1
845 29 194 19 4745 1
846 41 169 12 1343 1
847 122 184 15 1432 1
848 11 183 27 5460 1
849 38 197 17 2194 1
850 23 198 12 3525 1
851 44 175 8 1480 1
852 14 185 8 1158 1
853 12 190 26 4707 1
854 41 175 18 4069 1
855 14 198 17 4330 1
856 13 184 14 3340 1
857 22 185 20 4624 1
858 43 185 20 4624 1
859 16 183 13 2006 1
860 31 183 13 2006 1
861 22 198 13 1803 1
862 21 194 47 12697 1
863 13 170 16 3111 1
864 10 195 25 2730 1
865 10 188 8 1021 1
866 22 198 33 9207 1
867 23 194 30 2914 1
868 22 198 26 2850 1
869 12 198 28 3058 1
870 13 198 37 9083 1
871 13 195 14 3142 1
872 21 198 21 3860 1
873 25 175 9 1855 1
874 49 175 9 1855 1
875 3 194 20 2262 1
876 13 185 15 2318 1
877 23 168 15 2611 1
878 10 170 19 3470 1
879 13 178 38 9308 1
880 3 190 24 3564 1
881 148 188 18 4100 1
882 11 195 53 8030 1
883 42 175 3 593 1
884 35 197 14 3362 1
885 15 198 10 1596 1
886 29 198 10 1596 1
887 13 195 17 3114 1
888 16 197 8 1317 1
889 10 175 34 8218 1
890 34 197 19 3174 1
891 11 195 14 2549 1
892 14 183 16 3684 1
893 16 198 13 3762 1
894 31 198 13 3762 1
895 22 188 18 3749 1
896 38 188 23 4822 1
897 20 169 28 4887 1
898 16 190 25 4813 1
899 31 190 25 4813 1
900 13 178 21 4508 1
901 16 184 7 1323 1
902 41 185 126 13602 1
903 15 195 25 2942 1
904 8 195 8 2005 1
905 13 195 7 1004 1
906 14 194 37 5408 1
907 21 175 22 3595 1
908 15 188 13 1311 1
909 43 195 7 1045 1
910 16 190 20 2181 1
911 23 178 12 3002 1
912 13 168 43 3736 1
913 16 197 16 3093 1
914 5 169 17 1461 1
915 15 175 12 1865 1
916 37 210 14 2376 1
917 32 222 16 4775 1
918 63 222 16 4775 1
919 94 222 16 4775 1
920 125 222 16 4775 1
921 156 222 16 4775 1
922 187 222 16 4775 1
923 218 222 16 4775 1
924 249 222 16 4775 1
925 280 222 16 4775 1
926 311 222 16 4775 1
927 342 222 16 4775 1
928 373 222 16 4775 1
929 404 222 16 4775 1
930 435 222 16 4775 1
931 60 210 27 5634 1
932 42 222 15 4419 1
933 83 222 15 4419 1
934 124 222 15 4419 1
935 165 222 15 4419 1
936 206 222 15 4419 1
937 247 222 15 4419 1
938 288 222 15 4419 1
939 37 222 23 5911 1
940 73 222 23 5911 1
941 109 222 23 5911 1
942 145 222 23 5911 1
943 181 222 23 5911 1
944 217 222 23 5911 1
945 253 222 23 5911 1
946 34 222 11 2529 1
947 67 222 11 2529 1
948 100 222 11 2529 1
949 133 222 11 2529 1
950 166 222 11 2529 1
951 199 222 11 2529 1
952 232 222 11 2529 1
953 265 222 11 2529 1
954 298 222 11 2529 1
955 331 222 11 2529 1
956 364 222 11 2529 1
957 397 222 11 2529 1
958 430 222 11 2529 1
959 463 222 11 2529 1
960 496 222 11 2529 1
961 529 222 11 2529 1
962 562 222 11 2529 1
963 595 222 11 2529 1
964 628 222 11 2529 1
965 44 221 23 3958 1
966 87 221 23 3958 1
967 23 211 20 3110 1
968 45 211 20 3110 1
969 67 211 20 3110 1
970 45 221 21 6185 1
971 89 221 21 6185 1
972 51 210 22 4092 1
973 101 210 22 4092 1
974 151 210 22 4092 1
975 201 210 22 4092 1
976 251 210 22 4092 1
977 51 222 20 2267 1
978 47 207 15 2702 1
979 33 208 20 2177 1
980 65 208 20 2177 1
981 97 208 20 2177 1
982 36 239 11 1878 1
983 71 239 11 1878 1
984 36 230 15 5010 1
985 37 230 13 4335 1
986 56 230 23 4947 1
987 56 225 18 5680 1
988 37 230 25 7766 1
989 37 225 13 2111 1
990 73 225 13 2111 1
991 33 239 25 3273 1
992 65 239 25 3273 1
993 45 239 19 2301 1
994 36 228 18 3617 1
995 35 228 16 4159 1
996 55 230 31 4864 1
997 109 230 31 4864 1
998 57 225 15 4937 1
999 41 225 13 2921 1
1000 56 239 14 2032 1
1001 38 228 26 3400 1
1002 38 239 17 4600 1
1003 75 239 17 4600 1
1004 37 225 10 1712 1
1005 36 225 22 5283 1
1006 108 239 28 5100 1
1007 105 239 22 4359 1
1008 36 239 10 1387 1
1009 35 225 15 2212 1
1010 37 225 21 5545 1
1011 114 228 13 3544 1
1012 34 230 20 6247 1
1013 38 239 12 4057 1
1014 37 228 11 2163 1
1015 73 228 11 2163 1
1016 32 228 10 3001 1
1017 37 278 22 7583 1
1018 73 278 22 7583 1
1019 94 305 19 7014 1
1020 94 264 22 4821 1
1021 57 294 24 10129 1
1022 113 294 24 10129 1
1023 37 260 17 4884 1
1024 92 270 20 3168 1
1025 57 268 28 8984 1
1026 107 262 31 7259 1
1027 57 270 19 4332 1
1028 57 255 28 9422 1
1029 58 299 38 13732 1
1030 95 279 24 8214 1
1031 189 279 24 8214 1
1032 94 291 25 4416 1
1033 57 293 18 5944 1
1034 106 293 27 7251 1
1035 91 264 25 6089 1
1036 92 276 14 3692 1
35
400 400 400 400 500 500 600 600 600 600 600 600 600 400 400 400 400 400 230 315 600 450 450 400 400 400 665 725 645 500 500 305 400 400 390 