1036
1 7 101 27 1400 1
2 7 101 21 3138 1
3 7 101 12 759 1
4 30 99 34 2833 1
5 4 99 10 974 1
6 7 99 10 974 1
7 6 101 9 983 1
8 4 101 7 842 1
9 21 101 13 1060 1
10 41 101 13 1060 1
11 6 99 14 1598 1
12 4 99 48 3868 1
13 7 99 48 3868 1
14 19 99 11 1200 1
15 3 99 7 758 1
16 5 99 7 758 1
17 7 99 7 758 1
18 9 99 7 758 1
19 4 101 15 1383 1
20 21 101 10 1250 1
21 7 99 8 851 1
22 13 99 8 851 1
23 23 99 22 1512 1
24 45 99 22 1512 1
25 4 99 16 928 1
26 7 101 10 1207 1
27 18 101 12 823 1
28 7 99 26 1597 1
29 13 99 26 1597 1
30 9 99 28 2211 1
31 4 101 7 517 1
32 7 101 7 517 1
33 4 99 14 1129 1
34 3 99 10 814 1
35 5 99 10 814 1
36 7 99 10 814 1
37 3 101 7 679 1
38 6 101 8 1043 1
39 11 101 8 1043 1
40 11 110 15 2212 1
41 12 125 8 1046 1
42 3 140 46 3733 1
43 5 140 46 3733 1
44 14 118 8 775 1
45 27 118 8 775 1
46 12 140 21 3249 1
47 14 140 13 1297 1
48 27 140 13 1297 1
49 40 140 13 1297 1
50 53 140 13 1297 1
51 9 140 24 4444 1
52 17 140 24 4444 1
53 25 140 24 4444 1
54 33 140 24 4444 1
55 9 132 6 1075 1
56 17 132 6 1075 1
57 25 132 6 1075 1
58 19 127 14 1229 1
59 10 110 11 1727 1
60 4 140 10 1130 1
61 7 140 10 1130 1
62 3 141 21 2804 1
63 10 110 10 693 1
64 19 110 10 693 1
65 13 129 5 939 1
66 10 126 15 1249 1
67 19 126 15 1249 1
68 28 126 15 1249 1
69 37 126 15 1249 1
70 46 126 15 1249 1
71 55 126 15 1249 1
72 64 126 15 1249 1
73 10 132 34 5940 1
74 19 132 34 5940 1
75 3 134 10 1894 1
76 5 134 10 1894 1
77 6 132 31 5139 1
78 11 132 31 5139 1
79 9 132 13 2301 1
80 17 132 13 2301 1
81 25 132 13 2301 1
82 33 132 13 2301 1
83 41 132 13 2301 1
84 49 132 13 2301 1
85 57 132 13 2301 1
86 13 121 13 961 1
87 25 121 13 961 1
88 37 121 13 961 1
89 49 121 13 961 1
90 2 139 23 2440 1
91 13 140 17 3030 1
92 25 140 17 3030 1
93 37 140 17 3030 1
94 20 127 16 2228 1
95 10 126 13 1888 1
96 14 132 8 1155 1
97 10 140 13 2547 1
98 19 140 13 2547 1
99 28 140 13 2547 1
100 10 121 22 2410 1
101 8 133 24 1785 1
102 15 133 24 1785 1
103 22 133 24 1785 1
104 29 133 24 1785 1
105 36 133 24 1785 1
106 43 133 24 1785 1
107 50 133 24 1785 1
108 57 133 24 1785 1
109 4 110 9 1293 1
110 3 133 22 2624 1
111 9 138 12 1086 1
112 11 121 5 825 1
113 21 121 5 825 1
114 11 118 26 4231 1
115 21 118 26 4231 1
116 31 118 26 4231 1
117 4 127 16 1156 1
118 11 134 6 435 1
119 21 134 6 435 1
120 3 129 22 3477 1
121 4 127 16 2410 1
122 7 127 16 2410 1
123 8 127 11 1188 1
124 8 129 42 6748 1
125 15 129 42 6748 1
126 22 129 42 6748 1
127 29 129 42 6748 1
128 13 139 26 2312 1
129 25 139 26 2312 1
130 37 139 26 2312 1
131 49 139 26 2312 1
132 61 139 26 2312 1
133 73 139 26 2312 1
134 85 139 26 2312 1
135 97 139 26 2312 1
136 109 139 26 2312 1
137 14 129 9 1633 1
138 3 137 11 899 1
139 15 129 7 489 1
140 29 129 7 489 1
141 43 129 7 489 1
142 7 141 27 5014 1
143 13 141 27 5014 1
144 19 141 27 5014 1
145 9 137 11 795 1
146 17 137 11 795 1
147 25 137 11 795 1
148 4 137 14 1993 1
149 53 141 18 1316 1
150 19 127 8 1244 1
151 37 127 8 1244 1
152 55 127 8 1244 1
153 73 127 8 1244 1
154 91 127 8 1244 1
155 109 127 8 1244 1
156 127 127 8 1244 1
157 10 137 8 1616 1
158 8 129 41 3228 1
159 15 129 41 3228 1
160 21 133 8 702 1
161 41 133 8 702 1
162 61 133 8 702 1
163 81 133 8 702 1
164 101 133 8 702 1
165 121 133 8 702 1
166 141 133 8 702 1
167 10 134 20 2895 1
168 19 134 20 2895 1
169 28 134 20 2895 1
170 37 134 20 2895 1
171 46 134 20 2895 1
172 55 134 20 2895 1
173 64 134 20 2895 1
174 6 139 7 728 1
175 11 139 7 728 1
176 16 139 7 728 1
177 21 139 7 728 1
178 26 139 7 728 1
179 31 139 7 728 1
180 36 139 7 728 1
181 16 132 13 1067 1
182 11 127 21 2737 1
183 21 127 21 2737 1
184 31 127 21 2737 1
185 41 127 21 2737 1
186 51 127 21 2737 1
187 7 139 18 2122 1
188 13 139 18 2122 1
189 19 139 18 2122 1
190 25 139 18 2122 1
191 31 139 18 2122 1
192 37 139 18 2122 1
193 5 137 8 653 1
194 15 137 10 1110 1
195 11 138 10 1527 1
196 15 125 23 1678 1
197 29 125 23 1678 1
198 43 125 23 1678 1
199 4 118 30 2653 1
200 7 118 30 2653 1
201 10 118 30 2653 1
202 13 118 30 2653 1
203 9 122 21 3217 1
204 17 122 21 3217 1
205 25 122 21 3217 1
206 33 122 21 3217 1
207 10 134 36 2579 1
208 15 140 5 923 1
209 7 138 37 4567 1
210 13 138 37 4567 1
211 19 138 37 4567 1
212 25 138 37 4567 1
213 78 140 10 1055 1
214 41 133 28 5285 1
215 81 133 28 5285 1
216 121 133 28 5285 1
217 8 125 16 1883 1
218 15 125 16 1883 1
219 22 125 16 1883 1
220 18 127 15 1585 1
221 35 127 15 1585 1
222 11 137 34 6179 1
223 21 137 34 6179 1
224 31 137 34 6179 1
225 41 137 34 6179 1
226 20 138 6 994 1
227 39 138 6 994 1
228 31 133 18 2629 1
229 18 134 7 498 1
230 35 134 7 498 1
231 52 134 7 498 1
232 69 134 7 498 1
233 86 134 7 498 1
234 103 134 7 498 1
235 120 134 7 498 1
236 137 134 7 498 1
237 154 134 7 498 1
238 171 134 7 498 1
239 188 134 7 498 1
240 205 134 7 498 1
241 9 118 18 1482 1
242 8 121 13 907 1
243 15 121 13 907 1
244 22 121 13 907 1
245 17 134 34 3204 1
246 11 129 10 1781 1
247 21 129 10 1781 1
248 4 110 16 1550 1
249 4 140 16 1834 1
250 7 140 16 1834 1
251 11 127 8 1422 1
252 21 127 8 1422 1
253 31 127 8 1422 1
254 11 134 4 482 1
255 21 134 4 482 1
256 31 134 4 482 1
257 41 134 4 482 1
258 51 134 4 482 1
259 61 134 4 482 1
260 41 133 16 1800 1
261 18 126 26 4711 1
262 35 126 26 4711 1
263 52 126 26 4711 1
264 69 126 26 4711 1
265 86 126 26 4711 1
266 103 126 26 4711 1
267 9 125 8 1448 1
268 17 125 8 1448 1
269 6 129 15 2343 1
270 10 125 24 1518 1
271 12 129 22 3960 1
272 23 129 22 3960 1
273 34 129 22 3960 1
274 45 129 22 3960 1
275 56 129 22 3960 1
276 3 118 10 1545 1
277 3 125 7 1143 1
278 5 125 7 1143 1
279 11 118 13 1941 1
280 21 118 13 1941 1
281 31 118 13 1941 1
282 41 118 13 1941 1
283 6 140 14 2346 1
284 16 139 10 1394 1
285 31 139 10 1394 1
286 46 139 10 1394 1
287 61 139 10 1394 1
288 76 139 10 1394 1
289 4 141 9 1642 1
290 7 141 9 1642 1
291 10 141 9 1642 1
292 5 132 72 13888 1
293 4 121 14 2127 1
294 3 138 49 7704 1
295 5 138 49 7704 1
296 11 122 6 776 1
297 21 122 6 776 1
298 31 122 6 776 1
299 41 122 6 776 1
300 7 132 15 2649 1
301 13 132 15 2649 1
302 19 132 15 2649 1
303 16 127 8 1286 1
304 3 121 33 2221 1
305 6 110 14 878 1
306 3 129 23 1982 1
307 4 141 27 3735 1
308 4 126 11 1058 1
309 7 126 11 1058 1
310 12 127 3 460 1
311 23 127 3 460 1
312 8 137 16 2925 1
313 4 127 12 1295 1
314 7 127 12 1295 1
315 4 125 6 566 1
316 9 138 23 4161 1
317 17 138 23 4161 1
318 25 138 23 4161 1
319 33 138 23 4161 1
320 41 138 23 4161 1
321 49 138 23 4161 1
322 15 121 22 3454 1
323 29 121 22 3454 1
324 43 121 22 3454 1
325 57 121 22 3454 1
326 17 125 9 841 1
327 33 125 9 841 1
328 49 125 9 841 1
329 64 125 19 2202 1
330 3 122 26 1756 1
331 5 122 26 1756 1
332 7 122 26 1756 1
333 9 122 26 1756 1
334 11 122 26 1756 1
335 13 122 26 1756 1
336 15 122 26 1756 1
337 17 122 26 1756 1
338 19 122 26 1756 1
339 21 122 26 1756 1
340 23 122 26 1756 1
341 25 122 26 1756 1
342 27 122 26 1756 1
343 29 122 26 1756 1
344 31 122 26 1756 1
345 33 122 26 1756 1
346 35 122 26 1756 1
347 16 118 5 297 1
348 11 118 18 1079 1
349 35 122 17 2293 1
350 13 140 20 3251 1
351 9 118 24 4081 1
352 17 118 24 4081 1
353 25 118 24 4081 1
354 33 118 24 4081 1
355 41 118 24 4081 1
356 49 118 24 4081 1
357 57 118 24 4081 1
358 65 118 24 4081 1
359 5 122 14 2096 1
360 9 138 6 726 1
361 17 138 6 726 1
362 25 138 6 726 1
363 33 138 6 726 1
364 41 138 6 726 1
365 12 118 13 1802 1
366 23 118 13 1802 1
367 34 118 13 1802 1
368 8 139 34 5981 1
369 15 139 34 5981 1
370 22 139 34 5981 1
371 29 139 34 5981 1
372 36 139 34 5981 1
373 43 139 34 5981 1
374 50 139 34 5981 1
375 57 139 34 5981 1
376 3 134 11 921 1
377 15 126 18 3131 1
378 29 126 18 3131 1
379 43 126 18 3131 1
380 57 126 18 3131 1
381 71 126 18 3131 1
382 85 126 18 3131 1
383 99 126 18 3131 1
384 113 126 18 3131 1
385 4 118 11 1935 1
386 9 125 22 3119 1
387 17 125 22 3119 1
388 16 122 11 1722 1
389 31 122 11 1722 1
390 46 122 11 1722 1
391 11 133 75 14522 1
392 21 133 75 14522 1
393 31 133 75 14522 1
394 41 133 75 14522 1
395 51 133 75 14522 1
396 4 134 8 1252 1
397 17 139 15 1591 1
398 33 139 15 1591 1
399 49 139 15 1591 1
400 21 110 18 2394 1
401 12 137 29 5870 1
402 23 137 29 5870 1
403 7 122 11 1085 1
404 13 122 11 1085 1
405 11 139 23 2252 1
406 21 139 23 2252 1
407 31 139 23 2252 1
408 6 134 6 503 1
409 11 134 6 503 1
410 16 134 6 503 1
411 21 134 6 503 1
412 26 134 6 503 1
413 31 134 6 503 1
414 5 126 24 2060 1
415 9 126 24 2060 1
416 13 126 24 2060 1
417 17 126 24 2060 1
418 12 134 16 2426 1
419 23 134 16 2426 1
420 34 134 16 2426 1
421 7 132 16 2785 1
422 13 132 16 2785 1
423 5 127 58 3925 1
424 9 127 58 3925 1
425 13 127 58 3925 1
426 4 129 53 4381 1
427 9 110 50 4278 1
428 17 110 50 4278 1
429 14 139 8 1640 1
430 27 139 8 1640 1
431 40 139 8 1640 1
432 53 139 8 1640 1
433 8 125 8 775 1
434 15 125 8 775 1
435 22 125 8 775 1
436 16 122 11 1340 1
437 7 140 23 2766 1
438 13 140 23 2766 1
439 19 140 23 2766 1
440 12 137 19 3181 1
441 23 137 19 3181 1
442 34 137 19 3181 1
443 45 137 19 3181 1
444 56 137 19 3181 1
445 67 137 19 3181 1
446 78 137 19 3181 1
447 89 137 19 3181 1
448 13 118 11 650 1
449 12 129 44 3119 1
450 10 125 27 3119 1
451 19 125 27 3119 1
452 28 125 27 3119 1
453 37 125 27 3119 1
454 14 118 14 938 1
455 27 118 14 938 1
456 40 118 14 938 1
457 14 110 12 1037 1
458 27 110 12 1037 1
459 2 122 12 1445 1
460 3 122 12 1445 1
461 4 122 12 1445 1
462 5 125 20 2862 1
463 9 125 20 2862 1
464 11 122 15 1071 1
465 21 122 15 1071 1
466 9 137 45 7078 1
467 17 137 45 7078 1
468 11 125 14 1371 1
469 21 125 14 1371 1
470 31 125 14 1371 1
471 41 125 14 1371 1
472 6 118 13 1844 1
473 11 118 13 1844 1
474 16 118 13 1844 1
475 18 122 8 1116 1
476 35 122 8 1116 1
477 52 122 8 1116 1
478 69 122 8 1116 1
479 86 122 8 1116 1
480 17 133 6 505 1
481 33 133 6 505 1
482 49 133 6 505 1
483 65 133 6 505 1
484 81 133 6 505 1
485 12 121 10 1226 1
486 23 121 10 1226 1
487 34 121 10 1226 1
488 10 125 10 886 1
489 19 125 10 886 1
490 28 125 10 886 1
491 37 125 10 886 1
492 46 125 10 886 1
493 12 110 16 2625 1
494 23 110 16 2625 1
495 34 110 16 2625 1
496 14 137 14 2008 1
497 9 134 16 1210 1
498 17 134 16 1210 1
499 25 134 16 1210 1
500 33 134 16 1210 1
501 16 133 29 2082 1
502 31 133 29 2082 1
503 46 133 29 2082 1
504 61 133 29 2082 1
505 76 133 29 2082 1
506 91 133 29 2082 1
507 9 118 16 2394 1
508 3 138 17 2072 1
509 14 137 9 1346 1
510 3 141 22 3914 1
511 8 140 12 1199 1
512 15 140 12 1199 1
513 22 140 12 1199 1
514 29 140 12 1199 1
515 36 140 12 1199 1
516 43 140 12 1199 1
517 4 141 10 1410 1
518 7 141 10 1410 1
519 10 141 10 1410 1
520 13 141 10 1410 1
521 14 110 37 2840 1
522 27 110 37 2840 1
523 40 110 37 2840 1
524 53 110 37 2840 1
525 13 137 7 640 1
526 25 137 7 640 1
527 37 137 7 640 1
528 3 110 13 901 1
529 5 110 13 901 1
530 7 110 13 901 1
531 9 110 13 901 1
532 4 137 14 2245 1
533 5 134 12 1143 1
534 23 133 18 3135 1
535 6 134 25 3895 1
536 11 134 25 3895 1
537 16 134 25 3895 1
538 21 134 25 3895 1
539 26 134 25 3895 1
540 5 133 39 3907 1
541 9 133 39 3907 1
542 13 133 39 3907 1
543 17 129 13 1095 1
544 33 129 13 1095 1
545 49 129 13 1095 1
546 65 129 13 1095 1
547 4 110 14 2156 1
548 12 134 21 1569 1
549 23 134 21 1569 1
550 34 134 21 1569 1
551 45 134 21 1569 1
552 56 134 21 1569 1
553 10 122 24 3878 1
554 19 122 24 3878 1
555 10 129 39 5726 1
556 19 129 39 5726 1
557 28 129 39 5726 1
558 37 129 39 5726 1
559 46 129 39 5726 1
560 55 129 39 5726 1
561 9 133 11 932 1
562 17 133 11 932 1
563 25 133 11 932 1
564 33 133 11 932 1
565 41 133 11 932 1
566 49 133 11 932 1
567 57 133 11 932 1
568 65 133 11 932 1
569 73 133 11 932 1
570 81 133 11 932 1
571 14 139 13 1855 1
572 27 139 13 1855 1
573 40 139 13 1855 1
574 53 139 13 1855 1
575 66 139 13 1855 1
576 10 127 8 1099 1
577 19 127 8 1099 1
578 28 127 8 1099 1
579 4 138 19 1673 1
580 8 137 13 2201 1
581 10 129 9 1385 1
582 19 129 9 1385 1
583 28 129 9 1385 1
584 37 129 9 1385 1
585 46 129 9 1385 1
586 55 129 9 1385 1
587 11 127 25 4330 1
588 21 127 25 4330 1
589 31 127 25 4330 1
590 41 127 25 4330 1
591 51 127 25 4330 1
592 61 127 25 4330 1
593 11 132 6 695 1
594 21 132 6 695 1
595 31 132 6 695 1
596 41 132 6 695 1
597 51 132 6 695 1
598 61 132 6 695 1
599 71 132 6 695 1
600 81 132 6 695 1
601 17 133 23 4089 1
602 33 133 23 4089 1
603 49 133 23 4089 1
604 65 133 23 4089 1
605 13 125 5 915 1
606 21 132 17 1666 1
607 41 132 17 1666 1
608 15 134 21 3619 1
609 29 134 21 3619 1
610 43 134 21 3619 1
611 15 139 49 7844 1
612 8 118 40 4943 1
613 2 127 17 1169 1
614 10 129 13 1882 1
615 4 125 11 853 1
616 7 125 11 853 1
617 13 122 9 952 1
618 25 122 9 952 1
619 37 122 9 952 1
620 49 122 9 952 1
621 61 122 9 952 1
622 11 118 12 1469 1
623 21 118 12 1469 1
624 15 141 10 1191 1
625 29 141 10 1191 1
626 43 141 10 1191 1
627 9 133 16 1623 1
628 17 133 16 1623 1
629 25 133 16 1623 1
630 33 133 16 1623 1
631 41 133 16 1623 1
632 11 134 7 590 1
633 21 134 7 590 1
634 31 134 7 590 1
635 41 134 7 590 1
636 51 134 7 590 1
637 3 122 26 2516 1
638 5 140 17 2759 1
639 8 118 13 2088 1
640 15 118 13 2088 1
641 22 118 13 2088 1
642 4 118 17 1558 1
643 10 141 13 1936 1
644 19 141 13 1936 1
645 28 141 13 1936 1
646 37 141 13 1936 1
647 46 141 13 1936 1
648 55 141 13 1936 1
649 9 129 9 822 1
650 17 129 9 822 1
651 25 129 9 822 1
652 33 129 9 822 1
653 41 129 9 822 1
654 49 129 9 822 1
655 57 129 9 822 1
656 65 129 9 822 1
657 73 129 9 822 1
658 81 129 9 822 1
659 89 129 9 822 1
660 97 129 9 822 1
661 105 129 9 822 1
662 113 129 9 822 1
663 19 151 46 9736 1
664 12 166 10 1263 1
665 23 166 10 1263 1
666 34 166 10 1263 1
667 45 166 10 1263 1
668 10 165 15 2395 1
669 15 165 16 1479 1
670 29 165 16 1479 1
671 43 165 16 1479 1
672 57 165 16 1479 1
673 15 154 15 2815 1
674 29 154 15 2815 1
675 43 154 15 2815 1
676 57 154 15 2815 1
677 6 157 10 1910 1
678 11 157 10 1910 1
679 16 157 10 1910 1
680 15 157 24 2918 1
681 12 147 29 5863 1
682 23 147 29 5863 1
683 8 160 15 2491 1
684 9 161 20 3840 1
685 17 161 20 3840 1
686 12 160 14 2051 1
687 10 155 16 2634 1
688 8 154 39 7020 1
689 13 151 37 7096 1
690 9 161 18 1624 1
691 15 160 10 1773 1
692 29 160 10 1773 1
693 43 160 10 1773 1
694 57 160 10 1773 1
695 14 155 9 882 1
696 4 154 13 2135 1
697 5 166 13 2642 1
698 9 166 13 2642 1
699 12 149 7 1203 1
700 23 149 7 1203 1
701 9 147 13 1558 1
702 17 147 13 1558 1
703 14 161 15 1896 1
704 27 161 15 1896 1
705 4 165 23 4855 1
706 11 147 14 2849 1
707 9 165 8 1059 1
708 17 165 8 1059 1
709 12 161 21 3903 1
710 13 165 9 976 1
711 4 147 10 1952 1
712 16 147 7 519 1
713 31 147 7 519 1
714 46 147 7 519 1
715 12 165 18 2505 1
716 23 165 18 2505 1
717 34 165 18 2505 1
718 45 165 18 2505 1
719 56 165 18 2505 1
720 15 151 13 1558 1
721 29 151 13 1558 1
722 43 151 13 1558 1
723 57 151 13 1558 1
724 71 151 13 1558 1
725 12 165 33 5076 1
726 23 165 33 5076 1
727 34 165 33 5076 1
728 45 165 33 5076 1
729 56 165 33 5076 1
730 67 165 33 5076 1
731 78 165 33 5076 1
732 12 165 11 2631 1
733 5 157 11 2167 1
734 11 155 31 6745 1
735 11 166 8 1276 1
736 21 166 8 1276 1
737 31 166 8 1276 1
738 15 166 15 2803 1
739 29 166 15 2803 1
740 43 166 15 2803 1
741 4 157 8 932 1
742 9 155 11 1976 1
743 11 147 18 1942 1
744 12 155 10 2221 1
745 12 147 23 4539 1
746 23 147 23 4539 1
747 11 165 16 1366 1
748 12 157 9 1813 1
749 23 157 9 1813 1
750 34 157 9 1813 1
751 12 166 14 3125 1
752 10 165 21 4530 1
753 8 147 10 1170 1
754 15 147 10 1170 1
755 17 165 14 1223 1
756 12 155 9 970 1
757 13 161 8 1781 1
758 6 160 11 1621 1
759 14 166 23 2165 1
760 27 166 23 2165 1
761 40 166 23 2165 1
762 53 166 23 2165 1
763 66 166 23 2165 1
764 79 166 23 2165 1
765 92 166 23 2165 1
766 105 166 23 2165 1
767 118 166 23 2165 1
768 131 166 23 2165 1
769 144 166 23 2165 1
770 14 165 43 6532 1
771 27 165 43 6532 1
772 12 161 13 1737 1
773 14 157 18 1547 1
774 27 157 18 1547 1
775 40 157 18 1547 1
776 9 165 19 3879 1
777 17 165 19 3879 1
778 25 165 19 3879 1
779 8 161 12 1049 1
780 12 151 12 1762 1
781 23 151 12 1762 1
782 34 151 12 1762 1
783 9 165 22 4318 1
784 11 158 62 10991 1
785 9 147 16 1642 1
786 17 147 16 1642 1
787 25 147 16 1642 1
788 10 158 13 2008 1
789 19 158 13 2008 1
790 28 158 13 2008 1
791 10 166 23 5437 1
792 13 147 44 7146 1
793 25 147 44 7146 1
794 10 157 26 3374 1
795 19 157 26 3374 1
796 11 161 14 2939 1
797 29 154 27 2319 1
798 13 147 12 1677 1
799 25 147 12 1677 1
800 7 154 11 1278 1
801 17 161 34 3720 1
802 12 155 8 973 1
803 23 155 8 973 1
804 7 158 21 3603 1
805 3 147 27 3914 1
806 21 149 42 6387 1
807 10 147 24 4091 1
808 12 160 21 3122 1
809 13 165 29 3690 1
810 25 165 29 3690 1
811 9 160 11 1986 1
812 14 157 16 3449 1
813 9 158 45 8736 1
814 17 158 45 8736 1
815 13 166 29 3467 1
816 25 166 29 3467 1
817 14 157 13 2576 1
818 27 157 13 2576 1
819 14 175 19 4624 1
820 27 175 19 4624 1
821 16 195 24 3159 1
822 15 197 16 4411 1
823 37 175 35 3548 1
824 10 170 26 4281 1
825 23 197 16 4179 1
826 22 185 8 2120 1
827 43 185 8 2120 1
828 10 190 20 3103 1
829 19 190 20 3103 1
830 39 183 17 4623 1
831 17 194 14 3594 1
832 33 194 14 3594 1
833 16 178 23 3823 1
834 31 178 23 3823 1
835 46 178 23 3823 1
836 11 183 12 3232 1
837 3 183 18 3220 1
838 9 198 14 2443 1
839 17 169 26 5238 1
840 33 169 26 5238 1
841 11 175 13 2425 1
842 23 185 11 1470 1
843 12 169 20 1883 1
844 37 168 17 2142 1
845 73 168 17 2142 1
846 16 184 10 1447 1
847 15 185 15 3009 1
848 13 185 31 8081 1
849 15 197 13 3202 1
850 29 197 13 3202 1
851 43 197 13 3202 1
852 17 170 31 6443 1
853 33 170 31 6443 1
854 16 178 8 713 1
855 16 185 26 4422 1
856 3 197 22 4725 1
857 16 185 24 3544 1
858 33 169 19 2060 1
859 13 170 11 1214 1
860 16 190 19 2609 1
861 3 170 22 3767 1
862 13 184 22 3926 1
863 15 198 58 12209 1
864 15 170 42 5260 1
865 21 197 30 6799 1
866 13 194 17 3320 1
867 36 168 9 1361 1
868 11 198 19 1953 1
869 21 198 19 1953 1
870 10 185 33 8549 1
871 168 185 34 4564 1
872 16 175 22 3345 1
873 21 184 20 4991 1
874 4 197 14 1810 1
875 15 184 25 3475 1
876 29 184 25 3475 1
877 111 178 18 4472 1
878 15 183 13 1950 1
879 14 170 6 842 1
880 14 190 26 3850 1
881 13 184 9 1961 1
882 12 194 57 15978 1
883 23 195 49 9606 1
884 15 183 17 3772 1
885 3 197 15 2337 1
886 12 168 26 5005 1
887 13 194 9 2007 1
888 11 190 16 1962 1
889 26 175 30 5080 1
890 16 178 21 2956 1
891 31 178 21 2956 1
892 46 178 21 2956 1
893 15 169 28 2504 1
894 29 169 28 2504 1
895 15 198 12 1620 1
896 21 185 44 6756 1
897 15 184 7 1125 1
898 34 178 13 1350 1
899 10 185 41 7574 1
900 20 188 24 4903 1
901 17 190 27 3049 1
902 33 190 27 3049 1
903 37 195 22 2894 1
904 36 170 17 3120 1
905 43 169 11 2226 1
906 14 185 13 3594 1
907 16 185 17 2197 1
908 31 185 17 2197 1
909 72 188 21 5367 1
910 28 195 60 15641 1
911 55 195 60 15641 1
912 82 195 60 15641 1
913 11 184 20 2142 1
914 21 184 20 2142 1
915 23 178 38 9065 1
916 86 208 24 4166 1
917 171 208 24 4166 1
918 34 207 28 3423 1
919 67 207 28 3423 1
920 100 207 28 3423 1
921 133 207 28 3423 1
922 166 207 28 3423 1
923 199 207 28 3423 1
924 41 208 21 2702 1
925 81 208 21 2702 1
926 121 208 21 2702 1
927 48 222 8 1664 1
928 95 222 8 1664 1
929 142 222 8 1664 1
930 189 222 8 1664 1
931 33 222 28 3147 1
932 65 222 28 3147 1
933 97 222 28 3147 1
934 129 222 28 3147 1
935 161 222 28 3147 1
936 193 222 28 3147 1
937 225 222 28 3147 1
938 257 222 28 3147 1
939 289 222 28 3147 1
940 321 222 28 3147 1
941 353 222 28 3147 1
942 385 222 28 3147 1
943 417 222 28 3147 1
944 449 222 28 3147 1
945 43 222 19 4889 1
946 44 221 25 3722 1
947 87 221 25 3722 1
948 66 212 33 7908 1
949 178 211 31 5899 1
950 34 207 31 9603 1
951 67 207 31 9603 1
952 100 207 31 9603 1
953 133 207 31 9603 1
954 166 207 31 9603 1
955 199 207 31 9603 1
956 232 207 31 9603 1
957 265 207 31 9603 1
958 298 207 31 9603 1
959 331 207 31 9603 1
960 41 222 20 2451 1
961 81 222 20 2451 1
962 121 222 20 2451 1
963 18 207 22 3067 1
964 45 211 9 2492 1
965 89 211 9 2492 1
966 133 211 9 2492 1
967 177 211 9 2492 1
968 32 208 15 2619 1
969 29 212 21 6604 1
970 49 204 34 7852 1
971 97 204 34 7852 1
972 42 210 21 6573 1
973 83 210 21 6573 1
974 124 210 21 6573 1
975 34 222 27 5606 1
976 67 222 27 5606 1
977 100 222 27 5606 1
978 133 222 27 5606 1
979 166 222 27 5606 1
980 199 222 27 5606 1
981 232 222 27 5606 1
982 98 239 20 6413 1
983 108 228 22 5625 1
984 33 225 17 3521 1
985 37 239 16 2847 1
986 104 225 11 3404 1
987 207 225 11 3404 1
988 192 230 16 3136 1
989 59 228 18 5080 1
990 36 239 16 2921 1
991 36 230 19 3759 1
992 36 228 30 5133 1
993 71 228 30 5133 1
994 33 225 12 3597 1
995 37 239 24 7488 1
996 57 230 16 4195 1
997 113 230 16 4195 1
998 56 228 20 2633 1
999 33 230 17 2389 1
1000 58 230 16 3979 1
1001 115 230 16 3979 1
1002 172 230 16 3979 1
1003 105 225 28 8065 1
1004 59 228 23 2709 1
1005 55 225 13 1736 1
1006 55 228 17 2936 1
1007 109 228 17 2936 1
1008 33 225 16 3503 1
1009 37 225 19 5887 1
1010 38 230 21 6566 1
1011 98 228 18 5043 1
1012 37 225 17 2269 1
1013 73 225 17 2269 1
1014 90 228 13 3116 1
1015 179 228 13 3116 1
1016 36 228 17 3693 1
1017 93 274 12 3081 1
1018 94 293 16 3126 1
1019 58 260 32 4267 1
1020 115 260 32 4267 1
1021 172 260 32 4267 1
1022 93 262 37 7600 1
1023 93 268 26 10014 1
1024 185 268 26 10014 1
1025 57 261 21 4486 1
1026 113 261 21 4486 1
1027 93 266 24 5295 1
1028 69 293 11 2918 1
1029 57 278 26 9411 1
1030 56 266 20 6114 1
1031 57 264 14 4133 1
1032 91 264 25 7128 1
1033 181 264 25 7128 1
1034 36 261 32 9427 1
1035 56 255 23 6549 1
1036 94 282 35 8163 1
35
400 400 400 400 500 500 600 600 600 600 600 600 600 400 400 400 400 400 230 315 600 450 450 400 400 400 665 725 645 500 500 305 400 400 390 