1037
1 9 101 25 2631 1
2 15 133 30 3622 1
3 8 117 26 1625 1
4 15 117 26 1625 1
5 22 117 26 1625 1
6 9 138 28 4009 1
7 17 138 28 4009 1
8 9 117 25 2077 1
9 16 101 14 957 1
10 8 121 21 2384 1
11 11 139 50 7863 1
12 8 134 9 1411 1
13 16 125 3 279 1
14 9 134 23 2715 1
15 8 132 36 3331 1
16 9 137 35 5275 1
17 9 137 21 4121 1
18 17 137 21 4121 1
19 9 141 29 4573 1
20 17 141 29 4573 1
21 25 141 29 4573 1
22 33 141 29 4573 1
23 8 127 22 4115 1
24 15 127 22 4115 1
25 8 139 1 190 1
26 8 121 38 6559 1
27 9 138 13 1022 1
28 17 138 13 1022 1
29 25 138 13 1022 1
30 33 138 13 1022 1
31 8 137 22 3929 1
32 15 137 22 3929 1
33 8 140 32 3125 1
34 15 140 32 3125 1
35 9 138 17 1373 1
36 5 133 21 2067 1
37 16 127 24 2376 1
38 8 140 36 6069 1
39 15 140 36 6069 1
40 14 137 49 3649 1
41 27 137 49 3649 1
42 12 141 52 8768 1
43 9 134 24 2683 1
44 17 134 24 2683 1
45 8 140 48 5392 1
46 12 117 26 4419 1
47 7 132 19 2801 1
48 6 139 5 616 1
49 8 141 11 1459 1
50 10 133 17 2727 1
51 15 127 16 2836 1
52 16 140 8 1547 1
53 31 140 8 1547 1
54 15 118 14 873 1
55 12 127 27 2007 1
56 7 117 46 6353 1
57 6 129 19 1894 1
58 15 101 14 1561 1
59 29 101 14 1561 1
60 8 134 22 2172 1
61 16 125 11 699 1
62 10 139 45 6394 1
63 8 101 7 869 1
64 15 118 27 2350 1
65 9 140 42 3979 1
66 17 140 42 3979 1
67 13 137 27 3944 1
68 25 137 27 3944 1
69 8 117 27 2474 1
70 15 117 27 2474 1
71 8 139 15 1744 1
72 15 139 15 1744 1
73 22 139 15 1744 1
74 29 139 15 1744 1
75 15 129 26 3315 1
76 7 129 24 2834 1
77 13 129 24 2834 1
78 10 125 15 1293 1
79 19 125 15 1293 1
80 7 141 19 2079 1
81 8 134 25 2425 1
82 8 117 10 943 1
83 15 117 10 943 1
84 8 141 16 1782 1
85 8 134 12 1098 1
86 15 134 12 1098 1
87 22 134 12 1098 1
88 8 125 21 1379 1
89 8 127 22 3156 1
90 15 127 22 3156 1
91 22 127 22 3156 1
92 11 121 17 1510 1
93 27 141 25 3581 1
94 9 137 30 4019 1
95 8 140 37 2834 1
96 8 129 24 4591 1
97 15 127 22 1466 1
98 10 121 21 2184 1
99 26 118 29 2752 1
100 9 133 47 5432 1
101 8 138 29 3983 1
102 16 117 23 2318 1
103 9 134 12 1777 1
104 9 138 5 418 1
105 23 138 48 7504 1
106 17 121 4 505 1
107 33 121 4 505 1
108 15 140 15 2830 1
109 9 117 15 1108 1
110 17 117 15 1108 1
111 25 117 15 1108 1
112 33 117 15 1108 1
113 41 117 15 1108 1
114 49 117 15 1108 1
115 16 134 36 3435 1
116 140 127 43 5633 1
117 9 133 43 4803 1
118 17 133 43 4803 1
119 9 101 17 1856 1
120 21 118 51 7113 1
121 198 117 1 146 1
122 9 121 15 2019 1
123 9 139 16 2812 1
124 17 139 16 2812 1
125 25 139 16 2812 1
126 33 139 16 2812 1
127 8 117 33 1970 1
128 8 118 35 5184 1
129 15 118 35 5184 1
130 9 125 14 2216 1
131 17 125 14 2216 1
132 10 118 29 2855 1
133 8 118 55 9451 1
134 11 141 24 1993 1
135 7 118 15 2406 1
136 13 118 15 2406 1
137 12 133 16 2002 1
138 8 140 6 878 1
139 15 140 6 878 1
140 8 125 29 4522 1
141 15 125 29 4522 1
142 6 139 15 2125 1
143 11 139 15 2125 1
144 9 134 3 226 1
145 17 134 3 226 1
146 25 134 3 226 1
147 16 137 27 2411 1
148 12 133 14 1088 1
149 20 125 20 2100 1
150 8 127 40 7294 1
151 15 127 40 7294 1
152 22 127 40 7294 1
153 19 141 18 3578 1
154 26 125 14 952 1
155 8 125 33 5954 1
156 15 125 33 5954 1
157 20 133 21 1590 1
158 9 138 47 5822 1
159 17 138 47 5822 1
160 25 138 47 5822 1
161 33 138 47 5822 1
162 9 140 40 4571 1
163 17 140 40 4571 1
164 25 140 40 4571 1
165 33 140 40 4571 1
166 41 140 40 4571 1
167 49 140 40 4571 1
168 14 121 31 4351 1
169 9 132 32 4534 1
170 17 132 32 4534 1
171 9 132 2 274 1
172 17 132 2 274 1
173 29 138 8 1142 1
174 9 127 6 695 1
175 17 127 6 695 1
176 8 139 49 5678 1
177 16 125 17 2856 1
178 8 129 20 3567 1
179 8 141 15 1613 1
180 15 141 15 1613 1
181 22 141 15 1613 1
182 29 141 15 1613 1
183 36 141 15 1613 1
184 68 129 12 996 1
185 8 121 16 2605 1
186 9 134 26 4824 1
187 10 132 21 3152 1
188 8 125 26 4327 1
189 15 125 26 4327 1
190 16 139 23 3671 1
191 26 127 24 4426 1
192 9 140 28 4391 1
193 17 140 28 4391 1
194 25 140 28 4391 1
195 33 140 28 4391 1
196 7 141 13 2029 1
197 10 134 28 3036 1
198 16 127 33 4572 1
199 13 129 4 285 1
200 25 129 4 285 1
201 37 129 4 285 1
202 8 101 4 557 1
203 9 118 25 3997 1
204 15 118 15 912 1
205 6 134 40 6278 1
206 9 134 17 2119 1
207 17 134 17 2119 1
208 25 134 17 2119 1
209 15 121 12 1175 1
210 29 121 12 1175 1
211 8 140 21 1938 1
212 15 140 21 1938 1
213 22 140 21 1938 1
214 7 121 23 2608 1
215 9 137 46 3321 1
216 5 137 34 6117 1
217 8 139 30 5732 1
218 15 139 30 5732 1
219 22 139 30 5732 1
220 9 133 25 4322 1
221 13 134 16 1654 1
222 15 117 24 1847 1
223 8 141 14 1423 1
224 15 141 14 1423 1
225 4 133 54 4010 1
226 24 134 17 1792 1
227 15 137 36 4482 1
228 136 127 11 1400 1
229 9 127 12 1777 1
230 17 127 12 1777 1
231 25 127 12 1777 1
232 9 118 16 989 1
233 25 138 21 2472 1
234 10 127 5 341 1
235 19 127 5 341 1
236 8 101 28 2961 1
237 15 101 28 2961 1
238 15 125 23 3385 1
239 22 117 22 3760 1
240 9 121 37 4931 1
241 17 121 37 4931 1
242 32 134 26 3694 1
243 63 134 26 3694 1
244 9 133 46 6327 1
245 17 133 46 6327 1
246 25 133 46 6327 1
247 33 133 46 6327 1
248 41 133 46 6327 1
249 49 133 46 6327 1
250 9 141 24 4911 1
251 8 140 52 6274 1
252 9 118 23 2821 1
253 17 118 23 2821 1
254 25 118 23 2821 1
255 33 118 23 2821 1
256 15 121 16 2321 1
257 8 101 34 4703 1
258 8 138 27 3169 1
259 22 140 18 1979 1
260 43 140 18 1979 1
261 12 125 12 1523 1
262 9 121 26 4050 1
263 8 101 17 1431 1
264 15 101 17 1431 1
265 15 137 32 4386 1
266 29 137 32 4386 1
267 23 133 47 8004 1
268 17 117 11 1046 1
269 7 118 30 3990 1
270 12 121 24 3191 1
271 11 138 48 7287 1
272 8 121 15 2228 1
273 15 121 15 2228 1
274 6 125 16 2687 1
275 8 125 15 2011 1
276 15 125 15 2011 1
277 63 118 21 1679 1
278 16 117 18 1111 1
279 8 117 25 1777 1
280 8 127 37 3830 1
281 15 127 37 3830 1
282 22 127 37 3830 1
283 29 127 37 3830 1
284 36 127 37 3830 1
285 12 138 23 4029 1
286 13 168 37 8089 1
287 25 168 37 8089 1
288 13 170 40 3710 1
289 25 170 40 3710 1
290 37 170 40 3710 1
291 16 151 20 2006 1
292 9 160 20 3128 1
293 10 168 8 1276 1
294 35 149 27 2668 1
295 7 170 28 6955 1
296 13 169 25 5145 1
297 12 165 29 2616 1
298 15 160 34 3185 1
299 44 165 35 7248 1
300 13 167 24 2431 1
301 25 167 24 2431 1
302 7 145 21 3777 1
303 38 161 15 2938 1
304 8 169 12 1128 1
305 15 169 12 1128 1
306 9 167 37 3962 1
307 17 167 37 3962 1
308 25 167 37 3962 1
309 8 157 35 6989 1
310 9 170 32 6669 1
311 14 157 27 5606 1
312 27 157 27 5606 1
313 15 149 38 2925 1
314 24 167 25 6006 1
315 16 165 20 3601 1
316 12 147 38 6926 1
317 23 147 38 6926 1
318 34 147 38 6926 1
319 8 169 27 6051 1
320 41 167 26 5425 1
321 10 170 26 6582 1
322 8 147 14 2768 1
323 11 167 41 4269 1
324 21 167 41 4269 1
325 11 145 48 3876 1
326 21 145 48 3876 1
327 8 167 14 3130 1
328 13 147 33 3625 1
329 16 169 22 3452 1
330 15 145 21 2662 1
331 23 145 13 1269 1
332 11 158 37 3738 1
333 16 170 37 7430 1
334 8 149 24 3308 1
335 12 158 35 4262 1
336 33 160 31 5487 1
337 12 165 34 6519 1
338 23 165 34 6519 1
339 7 161 58 11604 1
340 13 161 58 11604 1
341 19 161 58 11604 1
342 14 168 27 5892 1
343 12 165 28 3177 1
344 23 165 28 3177 1
345 7 158 9 792 1
346 8 168 1 138 1
347 10 170 32 3667 1
348 14 145 34 5153 1
349 8 165 40 7101 1
350 15 165 40 7101 1
351 22 165 40 7101 1
352 13 154 21 2554 1
353 12 145 30 6091 1
354 16 160 6 1070 1
355 8 158 3 664 1
356 8 145 45 3805 1
357 9 167 8 1518 1
358 14 160 26 2583 1
359 31 149 29 4859 1
360 14 165 17 3780 1
361 12 157 34 6796 1
362 23 157 34 6796 1
363 12 160 29 2893 1
364 15 149 22 1643 1
365 11 149 48 7794 1
366 24 145 21 1835 1
367 9 149 9 1105 1
368 21 157 39 8550 1
369 15 158 8 1887 1
370 7 149 12 1162 1
371 12 151 30 5603 1
372 8 160 19 3876 1
373 7 168 37 3137 1
374 15 167 56 4862 1
375 28 145 28 2789 1
376 12 151 30 5613 1
377 12 161 42 5007 1
378 23 161 42 5007 1
379 10 169 16 2827 1
380 19 169 16 2827 1
381 12 170 32 2793 1
382 14 147 17 3022 1
383 13 151 17 1945 1
384 8 170 40 4087 1
385 15 170 40 4087 1
386 8 158 8 959 1
387 10 167 47 7695 1
388 19 167 47 7695 1
389 23 161 6 599 1
390 23 151 1 199 1
391 45 151 1 199 1
392 12 160 17 3040 1
393 15 167 39 4685 1
394 8 158 8 1801 1
395 12 167 16 3156 1
396 9 154 18 2473 1
397 17 154 18 2473 1
398 12 158 34 7784 1
399 10 167 32 7228 1
400 16 147 17 2599 1
401 15 168 55 12511 1
402 13 145 30 4544 1
403 31 151 28 3187 1
404 9 157 32 6287 1
405 11 158 29 5613 1
406 3 168 52 5122 1
407 8 149 49 8687 1
408 16 158 41 8842 1
409 21 170 16 4038 1
410 12 154 4 604 1
411 23 154 4 604 1
412 12 169 24 4882 1
413 8 154 11 1493 1
414 8 145 19 3625 1
415 12 151 45 7199 1
416 16 161 20 1998 1
417 10 167 21 2606 1
418 15 158 41 8620 1
419 16 165 29 2620 1
420 11 158 51 11242 1
421 21 158 51 11242 1
422 31 158 51 11242 1
423 41 158 51 11242 1
424 12 147 35 2575 1
425 36 167 30 6664 1
426 12 169 14 3393 1
427 10 167 13 2381 1
428 19 167 13 2381 1
429 23 160 16 1571 1
430 45 160 16 1571 1
431 9 145 9 930 1
432 16 161 37 3982 1
433 26 170 26 4888 1
434 23 145 4 766 1
435 7 165 43 6351 1
436 12 165 26 2707 1
437 23 165 26 2707 1
438 4 168 15 1789 1
439 16 158 29 5953 1
440 15 161 28 5552 1
441 29 161 28 5552 1
442 43 161 28 5552 1
443 57 161 28 5552 1
444 15 170 39 6096 1
445 8 161 8 1044 1
446 24 151 34 4932 1
447 9 154 50 4421 1
448 9 161 22 2802 1
449 17 161 22 2802 1
450 9 154 48 7119 1
451 22 165 26 4981 1
452 43 165 26 4981 1
453 32 165 28 3985 1
454 13 167 20 4455 1
455 25 167 20 4455 1
456 13 161 28 6319 1
457 25 161 28 6319 1
458 37 161 28 6319 1
459 15 168 33 4132 1
460 10 158 18 2171 1
461 16 168 17 2677 1
462 13 154 15 2247 1
463 25 154 15 2247 1
464 13 168 16 2310 1
465 9 158 41 7515 1
466 141 151 41 3564 1
467 15 170 55 13437 1
468 14 149 44 8546 1
469 9 169 1 232 1
470 9 154 78 9031 1
471 17 165 21 2439 1
472 25 147 14 1387 1
473 12 151 36 4747 1
474 15 161 6 1195 1
475 11 154 13 2273 1
476 21 154 13 2273 1
477 23 151 37 5563 1
478 9 165 43 10419 1
479 12 160 46 6129 1
480 13 160 13 2031 1
481 25 160 13 2031 1
482 14 147 29 5361 1
483 11 158 14 1337 1
484 12 168 32 6045 1
485 23 168 32 6045 1
486 34 168 32 6045 1
487 12 151 45 4569 1
488 15 149 8 826 1
489 22 161 57 4764 1
490 8 149 48 6787 1
491 12 169 34 7338 1
492 12 157 31 4776 1
493 23 157 31 4776 1
494 14 147 19 3917 1
495 10 158 31 2955 1
496 18 170 39 7529 1
497 12 149 14 1627 1
498 12 157 6 786 1
499 8 169 28 6920 1
500 16 170 53 10778 1
501 13 170 60 12880 1
502 25 170 60 12880 1
503 10 158 40 6379 1
504 24 161 23 2699 1
505 45 151 40 8474 1
506 12 168 30 5141 1
507 137 165 54 12135 1
508 12 147 1 155 1
509 15 165 9 2043 1
510 13 169 37 8554 1
511 9 149 41 7281 1
512 11 167 6 1088 1
513 26 170 34 3147 1
514 18 160 25 4243 1
515 8 149 33 3568 1
516 3 167 38 8529 1
517 9 147 14 1047 1
518 23 161 54 4766 1
519 9 157 12 2421 1
520 17 157 12 2421 1
521 23 169 23 5369 1
522 16 165 35 2959 1
523 13 154 35 4908 1
524 25 154 35 4908 1
525 37 154 35 4908 1
526 49 154 35 4908 1
527 10 151 31 3830 1
528 19 151 31 3830 1
529 12 167 36 7340 1
530 11 158 11 887 1
531 8 157 20 2901 1
532 10 160 27 2194 1
533 11 149 18 2503 1
534 13 167 33 7171 1
535 15 170 32 4054 1
536 22 158 27 6376 1
537 10 154 21 4108 1
538 19 154 21 4108 1
539 12 151 26 4826 1
540 23 151 26 4826 1
541 34 151 26 4826 1
542 30 170 63 7381 1
543 17 167 32 3133 1
544 12 160 47 7049 1
545 15 157 30 2756 1
546 9 160 24 3382 1
547 17 160 24 3382 1
548 11 145 13 1791 1
549 21 145 13 1791 1
550 31 145 13 1791 1
551 7 165 40 8948 1
552 9 168 12 2724 1
553 16 147 24 3954 1
554 23 167 10 1712 1
555 7 151 33 5792 1
556 13 151 33 5792 1
557 13 168 24 4469 1
558 8 154 34 6744 1
559 13 147 33 6746 1
560 11 169 37 8771 1
561 21 169 37 8771 1
562 9 151 35 5375 1
563 14 167 32 5141 1
564 12 161 60 12849 1
565 8 165 49 10419 1
566 10 149 30 5847 1
567 20 151 39 3642 1
568 39 151 39 3642 1
569 8 167 27 2616 1
570 11 149 37 4677 1
571 21 149 37 4677 1
572 31 149 37 4677 1
573 14 170 21 3801 1
574 10 158 61 12742 1
575 9 169 44 8946 1
576 12 147 41 3518 1
577 23 147 41 3518 1
578 9 157 23 4695 1
579 16 154 11 1307 1
580 9 169 25 6137 1
581 34 167 50 11770 1
582 7 158 23 4032 1
583 13 145 14 1180 1
584 25 145 14 1180 1
585 37 145 14 1180 1
586 13 168 3 426 1
587 56 197 9 2407 1
588 71 178 7 1826 1
589 19 208 57 15419 1
590 44 175 22 2410 1
591 58 198 12 3169 1
592 44 175 24 3628 1
593 56 197 43 10918 1
594 24 178 29 7269 1
595 56 210 20 5461 1
596 58 208 13 2347 1
597 57 175 14 1830 1
598 43 211 42 5842 1
599 40 208 11 2385 1
600 58 178 26 6854 1
601 115 178 26 6854 1
602 36 207 11 2171 1
603 57 175 15 2521 1
604 15 211 16 2425 1
605 15 175 19 4871 1
606 43 198 9 1812 1
607 85 198 9 1812 1
608 127 198 9 1812 1
609 169 198 9 1812 1
610 211 198 9 1812 1
611 253 198 9 1812 1
612 18 183 22 2681 1
613 37 198 28 3017 1
614 73 198 28 3017 1
615 37 194 19 4009 1
616 36 184 8 1669 1
617 57 178 22 4021 1
618 43 184 16 4016 1
619 44 184 12 1341 1
620 58 198 39 6005 1
621 43 210 18 3887 1
622 15 211 10 1700 1
623 14 207 25 2744 1
624 58 183 15 1586 1
625 37 197 35 5546 1
626 73 197 35 5546 1
627 42 184 34 5040 1
628 19 208 14 3084 1
629 37 208 14 3084 1
630 57 194 14 3047 1
631 44 183 13 2549 1
632 36 211 9 1508 1
633 43 175 24 2540 1
634 15 175 20 1903 1
635 16 183 13 1565 1
636 16 184 19 2955 1
637 31 184 19 2955 1
638 16 184 14 1648 1
639 31 184 14 1648 1
640 44 195 24 4474 1
641 87 195 24 4474 1
642 130 195 24 4474 1
643 45 197 8 1821 1
644 43 178 16 1569 1
645 85 178 16 1569 1
646 27 208 12 1959 1
647 20 195 15 1909 1
648 40 175 21 4539 1
649 58 184 12 2652 1
650 115 184 12 2652 1
651 172 184 12 2652 1
652 229 184 12 2652 1
653 37 178 30 5467 1
654 43 194 18 4926 1
655 58 207 25 5368 1
656 120 195 22 2984 1
657 37 197 24 5590 1
658 14 178 20 2741 1
659 41 195 17 3133 1
660 42 208 21 3502 1
661 83 208 21 3502 1
662 44 195 13 2004 1
663 87 195 13 2004 1
664 36 195 13 1673 1
665 21 184 10 940 1
666 36 195 18 3947 1
667 71 195 18 3947 1
668 106 195 18 3947 1
669 141 195 18 3947 1
670 36 207 39 7585 1
671 44 178 26 2991 1
672 37 183 18 4845 1
673 44 211 12 1827 1
674 38 184 23 4241 1
675 44 198 16 2378 1
676 42 211 40 11428 1
677 43 210 21 4116 1
678 19 210 22 3987 1
679 17 207 13 2307 1
680 33 207 13 2307 1
681 57 267 13 4993 1
682 58 243 28 7208 1
683 29 257 41 13605 1
684 15 275 17 4720 1
685 33 216 27 6297 1
686 49 279 31 5381 1
687 36 239 32 6026 1
688 43 222 21 3560 1
689 39 267 16 3638 1
690 37 254 19 5384 1
691 57 230 20 5618 1
692 35 216 15 1975 1
693 92 274 31 9421 1
694 57 228 26 4390 1
695 39 274 15 4640 1
696 57 258 13 4250 1
697 14 264 33 12258 1
698 27 264 33 12258 1
699 40 264 33 12258 1
700 91 274 40 16308 1
701 37 276 26 10215 1
702 44 254 19 7099 1
703 36 220 12 1736 1
704 71 220 12 1736 1
705 78 274 28 8072 1
706 92 228 25 4205 1
707 35 276 25 7171 1
708 50 220 31 7666 1
709 35 243 37 6225 1
710 36 277 31 12771 1
711 37 220 22 3264 1
712 51 216 15 3958 1
713 29 267 37 14156 1
714 93 258 31 4836 1
715 32 279 30 7698 1
716 91 264 38 9333 1
717 65 277 31 12844 1
718 57 243 14 3466 1
719 57 259 23 7083 1
720 17 257 41 15265 1
721 49 257 29 10174 1
722 65 240 21 4780 1
723 36 265 15 3143 1
724 38 240 21 4046 1
725 49 274 40 11321 1
726 41 257 32 11098 1
727 37 221 26 5293 1
728 57 243 19 5211 1
729 36 216 27 8273 1
730 47 277 32 6251 1
731 39 257 21 4835 1
732 58 267 33 13181 1
733 115 267 33 13181 1
734 172 267 33 13181 1
735 57 257 11 3646 1
736 91 257 25 5123 1
737 181 257 25 5123 1
738 271 257 25 5123 1
739 38 221 16 1809 1
740 57 239 26 3270 1
741 51 243 28 5572 1
742 44 255 25 8084 1
743 49 243 29 5805 1
744 57 275 47 11410 1
745 50 221 16 4905 1
746 15 216 40 5669 1
747 37 222 19 6302 1
748 36 259 42 13035 1
749 57 240 28 4840 1
750 113 240 28 4840 1
751 92 275 37 8552 1
752 58 277 19 3718 1
753 115 277 19 3718 1
754 92 274 20 7470 1
755 31 216 18 4936 1
756 58 239 16 4294 1
757 30 239 17 2553 1
758 51 243 11 1481 1
759 29 220 18 3823 1
760 57 260 28 6242 1
761 58 220 17 4273 1
762 57 257 17 2857 1
763 113 257 17 2857 1
764 29 276 31 11571 1
765 36 272 26 5815 1
766 29 258 23 7136 1
767 31 261 28 9410 1
768 58 264 27 8520 1
769 115 264 27 8520 1
770 172 264 27 8520 1
771 5 261 22 6634 1
772 89 216 16 5022 1
773 51 260 25 8268 1
774 50 268 23 7807 1
775 30 240 20 4534 1
776 57 282 30 11229 1
777 39 281 43 16282 1
778 57 304 28 10314 1
779 57 334 30 11197 1
780 113 334 30 11197 1
781 169 334 30 11197 1
782 57 294 40 9065 1
783 59 282 4 711 1
784 61 294 29 11527 1
785 58 305 28 9769 1
786 57 332 39 12811 1
787 113 332 39 12811 1
788 169 332 39 12811 1
789 225 332 39 12811 1
790 58 333 39 11441 1
791 115 333 39 11441 1
792 172 333 39 11441 1
793 30 333 45 8578 1
794 35 282 15 6065 1
795 77 294 31 8772 1
796 36 338 33 6805 1
797 36 336 32 13147 1
798 58 333 38 7728 1
799 115 333 38 7728 1
800 36 323 57 19666 1
801 36 335 29 8049 1
802 57 332 53 16273 1
803 65 294 22 5756 1
804 58 324 26 4649 1
805 115 324 26 4649 1
806 172 324 26 4649 1
807 229 324 26 4649 1
808 286 324 26 4649 1
809 57 323 37 15157 1
810 57 293 26 8792 1
811 113 293 26 8792 1
812 169 293 26 8792 1
813 225 293 26 8792 1
814 281 293 26 8792 1
815 337 293 26 8792 1
816 393 293 26 8792 1
817 56 286 27 8925 1
818 36 292 23 9779 1
819 79 338 52 9592 1
820 58 304 39 17722 1
821 58 305 34 8009 1
822 56 304 37 11322 1
823 111 304 37 11322 1
824 57 335 36 6116 1
825 113 335 36 6116 1
826 169 335 36 6116 1
827 39 316 31 5779 1
828 36 338 40 16828 1
829 58 337 20 5968 1
830 115 337 20 5968 1
831 57 337 40 16581 1
832 113 337 40 16581 1
833 57 304 24 4724 1
834 78 303 32 5577 1
835 59 334 54 15832 1
836 35 293 38 12683 1
837 58 305 34 12603 1
838 115 305 34 12603 1
839 58 336 33 9415 1
840 115 336 33 9415 1
841 58 299 26 6178 1
842 57 303 36 7997 1
843 36 300 19 3110 1
844 77 338 42 19478 1
845 29 334 54 26047 1
846 36 292 26 6458 1
847 8 300 43 7855 1
848 38 332 18 4388 1
849 57 333 35 13570 1
850 113 333 35 13570 1
851 169 333 35 13570 1
852 37 300 30 4953 1
853 58 304 51 8046 1
854 56 292 32 12341 1
855 35 323 46 9492 1
856 57 294 43 12922 1
857 113 294 43 12922 1
858 57 316 24 4867 1
859 113 316 24 4867 1
860 6 316 37 16806 1
861 27 324 36 6892 1
862 57 282 38 15342 1
863 113 282 38 15342 1
864 169 282 38 15342 1
865 225 282 38 15342 1
866 57 282 43 9498 1
867 51 336 30 6882 1
868 58 335 37 16837 1
869 79 323 33 8663 1
870 157 323 33 8663 1
871 57 332 30 8365 1
872 113 332 30 8365 1
873 169 332 30 8365 1
874 53 286 40 15262 1
875 58 334 19 5976 1
876 115 334 19 5976 1
877 172 334 19 5976 1
878 229 334 19 5976 1
879 78 304 39 15543 1
880 155 304 39 15543 1
881 57 300 27 8521 1
882 113 300 27 8521 1
883 99 369 58 14255 1
884 197 369 58 14255 1
885 85 363 54 10407 1
886 72 363 46 10473 1
887 143 363 46 10473 1
888 79 363 29 10739 1
889 157 363 29 10739 1
890 85 365 31 6111 1
891 69 366 38 16247 1
892 119 365 27 12285 1
893 72 365 62 16430 1
894 70 369 29 6717 1
895 139 369 29 6717 1
896 80 363 32 10857 1
897 107 369 20 5655 1
898 70 363 54 26918 1
899 139 363 54 26918 1
900 208 363 54 26918 1
901 62 368 44 22744 1
902 123 368 44 22744 1
903 68 369 45 10135 1
904 131 369 32 12449 1
905 261 369 32 12449 1
906 73 368 48 16128 1
907 145 368 48 16128 1
908 76 369 24 9241 1
909 63 366 54 27985 1
910 72 363 57 15053 1
911 65 368 48 9973 1
912 73 349 45 17231 1
913 78 364 30 6676 1
914 71 365 32 16734 1
915 84 366 39 16744 1
916 78 363 30 15401 1
917 80 363 46 23489 1
918 159 363 46 23489 1
919 71 369 25 12530 1
920 73 366 30 16385 1
921 94 369 39 16154 1
922 79 369 38 19712 1
923 157 369 38 19712 1
924 79 363 43 21834 1
925 70 365 45 10341 1
926 71 368 39 9064 1
927 92 363 20 5447 1
928 127 368 40 8733 1
929 163 365 48 16294 1
930 85 369 47 10220 1
931 169 369 47 10220 1
932 253 369 47 10220 1
933 80 368 34 7800 1
934 72 365 23 10640 1
935 143 365 23 10640 1
936 214 365 23 10640 1
937 112 364 28 10837 1
938 77 368 81 23050 1
939 153 368 81 23050 1
940 88 363 32 15251 1
941 71 363 35 7251 1
942 77 369 39 21206 1
943 153 369 39 21206 1
944 79 363 24 6366 1
945 157 363 24 6366 1
946 72 365 64 22884 1
947 143 365 64 22884 1
948 214 365 64 22884 1
949 73 368 34 8692 1
950 65 369 42 12601 1
951 73 363 36 6787 1
952 126 366 44 10890 1
953 71 368 61 11720 1
954 141 368 61 11720 1
955 211 368 61 11720 1
956 74 349 36 11882 1
957 147 349 36 11882 1
958 220 349 36 11882 1
959 293 349 36 11882 1
960 86 364 46 15779 1
961 85 365 60 15314 1
962 90 366 33 14121 1
963 77 365 55 26624 1
964 85 366 44 22029 1
965 80 363 19 6004 1
966 159 363 19 6004 1
967 79 366 63 12771 1
968 78 364 33 11624 1
969 70 368 50 10548 1
970 139 368 50 10548 1
971 72 368 60 26366 1
972 108 368 66 33165 1
973 78 368 76 16838 1
974 74 368 43 19721 1
975 72 365 47 20119 1
976 72 365 53 18015 1
977 79 365 29 15382 1
978 77 368 43 20067 1
979 106 365 41 8417 1
980 69 366 36 14835 1
981 99 369 44 12411 1
982 76 366 31 6964 1
983 62 366 28 11050 1
984 71 363 49 18453 1
985 141 363 49 18453 1
986 67 368 42 12772 1
987 71 365 27 8039 1
988 141 365 27 8039 1
989 79 369 77 30346 1
990 71 366 29 13820 1
991 77 366 41 9239 1
992 153 366 41 9239 1
993 85 369 27 10687 1
994 64 349 43 14939 1
995 72 368 42 22766 1
996 73 349 41 13044 1
997 73 349 43 11913 1
998 91 364 36 11979 1
999 75 365 42 8136 1
1000 85 366 49 14235 1
1001 86 349 29 6724 1
1002 71 368 64 30384 1
1003 141 368 64 30384 1
1004 70 366 57 27590 1
1005 109 349 50 24303 1
1006 217 349 50 24303 1
1007 70 366 18 5420 1
1008 86 368 28 14066 1
1009 171 368 28 14066 1
1010 77 366 38 19975 1
1011 75 368 42 12001 1
1012 79 368 28 14759 1
1013 114 368 69 37646 1
1014 84 349 39 10192 1
1015 60 368 47 23747 1
1016 91 397 51 23954 1
1017 181 397 51 23954 1
1018 271 397 51 23954 1
1019 361 397 51 23954 1
1020 130 397 57 20106 1
1021 79 396 57 30151 1
1022 102 397 58 20421 1
1023 81 397 48 21213 1
1024 79 399 78 17151 1
1025 148 396 53 29422 1
1026 79 396 38 13900 1
1027 157 396 38 13900 1
1028 235 396 38 13900 1
1029 89 399 12 6465 1
1030 92 398 52 28990 1
1031 82 396 59 27120 1
1032 150 399 50 25757 1
1033 85 400 35 10726 1
1034 86 397 2 658 1
1035 171 397 2 658 1
1036 89 396 64 31925 1
1037 81 399 33 12505 1
16
500 500 500 500 425 425 400 400 440 500 500 400 500 500 500 550 