1037
1 8 121 18 2461 1
2 15 121 18 2461 1
3 9 125 21 1540 1
4 8 134 21 1872 1
5 9 133 14 1758 1
6 15 117 17 2344 1
7 8 132 18 1713 1
8 8 133 25 3594 1
9 13 125 21 3335 1
10 10 117 21 2701 1
11 19 117 21 2701 1
12 9 140 35 2583 1
13 17 140 35 2583 1
14 25 140 35 2583 1
15 6 132 18 2824 1
16 15 118 17 2920 1
17 8 137 24 2415 1
18 15 137 24 2415 1
19 22 137 24 2415 1
20 8 101 18 2002 1
21 8 132 20 1769 1
22 6 129 31 4001 1
23 13 139 27 4355 1
24 16 140 64 7769 1
25 31 140 64 7769 1
26 9 127 22 2140 1
27 13 125 14 1599 1
28 25 125 14 1599 1
29 37 125 14 1599 1
30 4 129 26 4135 1
31 7 129 26 4135 1
32 9 140 27 4062 1
33 16 121 25 4519 1
34 8 139 9 964 1
35 50 137 21 1971 1
36 7 137 33 2656 1
37 13 137 33 2656 1
38 19 137 33 2656 1
39 29 101 15 1424 1
40 7 125 28 2409 1
41 13 125 28 2409 1
42 9 101 21 3039 1
43 17 101 21 3039 1
44 9 117 3 412 1
45 17 117 3 412 1
46 9 141 12 1620 1
47 17 141 12 1620 1
48 26 118 22 2335 1
49 16 118 22 2449 1
50 8 118 16 1562 1
51 15 118 16 1562 1
52 11 132 27 2514 1
53 8 101 10 809 1
54 8 129 27 4109 1
55 8 132 14 1285 1
56 15 132 14 1285 1
57 12 125 17 1684 1
58 8 133 16 2011 1
59 20 125 28 3718 1
60 15 134 11 1499 1
61 8 139 45 3715 1
62 15 139 45 3715 1
63 9 132 2 195 1
64 15 138 4 523 1
65 27 118 6 722 1
66 10 121 17 2128 1
67 5 141 37 5643 1
68 8 137 20 2652 1
69 13 118 28 3041 1
70 9 125 37 4349 1
71 17 125 37 4349 1
72 25 125 37 4349 1
73 33 125 37 4349 1
74 9 101 28 2625 1
75 15 137 15 2359 1
76 16 127 14 1424 1
77 9 129 29 3106 1
78 16 129 19 2363 1
79 9 132 12 974 1
80 8 118 32 3772 1
81 15 118 32 3772 1
82 8 129 16 1034 1
83 15 129 16 1034 1
84 22 129 16 1034 1
85 29 129 16 1034 1
86 36 129 16 1034 1
87 43 129 16 1034 1
88 50 129 16 1034 1
89 10 125 36 6672 1
90 4 133 21 3665 1
91 16 101 22 2738 1
92 7 133 21 1648 1
93 9 134 36 3647 1
94 17 134 36 3647 1
95 9 134 15 2770 1
96 17 134 15 2770 1
97 10 129 37 3886 1
98 19 129 37 3886 1
99 9 118 22 1414 1
100 17 118 22 1414 1
101 25 118 22 1414 1
102 33 118 22 1414 1
103 9 118 14 2474 1
104 15 140 24 4278 1
105 29 140 24 4278 1
106 83 138 32 6279 1
107 9 140 20 2473 1
108 16 121 23 4046 1
109 8 125 55 5293 1
110 3 101 7 509 1
111 8 117 16 1195 1
112 15 117 16 1195 1
113 17 132 51 7156 1
114 8 121 8 1451 1
115 15 121 8 1451 1
116 10 140 13 2630 1
117 9 121 10 1729 1
118 17 121 10 1729 1
119 25 121 10 1729 1
120 13 127 16 1083 1
121 15 140 25 4198 1
122 9 121 48 7656 1
123 10 134 12 1764 1
124 9 127 29 5035 1
125 17 127 29 5035 1
126 8 141 22 2365 1
127 15 141 22 2365 1
128 22 141 22 2365 1
129 29 141 22 2365 1
130 9 133 39 6144 1
131 8 101 4 247 1
132 15 101 4 247 1
133 22 101 4 247 1
134 16 133 24 4531 1
135 17 132 7 915 1
136 33 132 7 915 1
137 49 132 7 915 1
138 9 134 14 1430 1
139 17 134 14 1430 1
140 8 101 15 857 1
141 14 127 39 5112 1
142 9 118 5 695 1
143 5 139 10 1256 1
144 15 125 30 2411 1
145 29 125 30 2411 1
146 11 117 16 1081 1
147 21 117 16 1081 1
148 31 117 16 1081 1
149 41 117 16 1081 1
150 51 117 16 1081 1
151 16 132 29 4328 1
152 16 132 33 2260 1
153 6 101 36 1989 1
154 11 101 36 1989 1
155 16 101 36 1989 1
156 15 139 34 6745 1
157 9 141 37 4270 1
158 17 141 37 4270 1
159 8 137 40 7119 1
160 15 137 40 7119 1
161 22 137 40 7119 1
162 29 137 40 7119 1
163 36 137 40 7119 1
164 9 118 45 3081 1
165 17 118 45 3081 1
166 8 101 36 3220 1
167 15 101 36 3220 1
168 22 101 36 3220 1
169 16 132 8 1269 1
170 8 140 6 502 1
171 15 140 6 502 1
172 26 121 20 1755 1
173 9 139 17 2847 1
174 17 139 17 2847 1
175 11 117 23 1545 1
176 29 138 20 2472 1
177 10 139 17 3239 1
178 10 139 15 1644 1
179 23 118 20 1661 1
180 15 141 14 1331 1
181 29 141 14 1331 1
182 4 141 31 4130 1
183 26 132 36 2600 1
184 8 118 16 1625 1
185 3 139 25 3071 1
186 8 133 37 6538 1
187 8 134 26 3871 1
188 15 134 26 3871 1
189 22 134 26 3871 1
190 17 117 13 1423 1
191 17 127 38 3273 1
192 8 141 13 1205 1
193 8 141 11 1625 1
194 15 141 11 1625 1
195 22 141 11 1625 1
196 29 141 11 1625 1
197 12 127 22 4053 1
198 23 127 22 4053 1
199 34 127 22 4053 1
200 45 127 22 4053 1
201 8 117 1 164 1
202 7 118 36 5485 1
203 9 101 15 1110 1
204 4 140 15 2577 1
205 7 140 15 2577 1
206 10 140 15 2577 1
207 16 138 14 2774 1
208 31 138 14 2774 1
209 8 125 15 1421 1
210 11 134 13 1651 1
211 8 141 52 7682 1
212 15 141 52 7682 1
213 19 138 34 5123 1
214 153 132 2 148 1
215 11 118 25 3756 1
216 25 141 48 7430 1
217 8 137 51 5666 1
218 9 141 46 6294 1
219 8 121 11 1849 1
220 8 117 28 2430 1
221 15 117 28 2430 1
222 9 133 21 3753 1
223 17 133 21 3753 1
224 79 133 17 2501 1
225 8 118 11 934 1
226 15 118 11 934 1
227 9 125 43 3984 1
228 15 129 12 1007 1
229 4 101 4 422 1
230 9 140 15 1544 1
231 17 140 15 1544 1
232 25 140 15 1544 1
233 10 141 18 3578 1
234 19 141 18 3578 1
235 28 141 18 3578 1
236 37 141 18 3578 1
237 46 141 18 3578 1
238 55 141 18 3578 1
239 10 129 1 82 1
240 19 129 1 82 1
241 26 140 26 3982 1
242 12 121 19 1435 1
243 8 117 29 3398 1
244 9 140 39 8090 1
245 15 129 29 3382 1
246 16 125 28 3133 1
247 9 134 24 2405 1
248 17 134 24 2405 1
249 25 134 24 2405 1
250 33 134 24 2405 1
251 41 134 24 2405 1
252 49 134 24 2405 1
253 57 134 24 2405 1
254 65 134 24 2405 1
255 73 134 24 2405 1
256 8 137 28 2646 1
257 15 137 28 2646 1
258 22 137 28 2646 1
259 29 137 28 2646 1
260 36 137 28 2646 1
261 8 121 44 5155 1
262 9 117 37 5053 1
263 17 117 37 5053 1
264 25 117 37 5053 1
265 9 117 8 1003 1
266 15 101 17 1145 1
267 4 137 24 1922 1
268 7 137 24 1922 1
269 10 137 24 1922 1
270 13 137 24 1922 1
271 9 139 2 340 1
272 9 117 30 4768 1
273 17 117 30 4768 1
274 25 117 30 4768 1
275 33 117 30 4768 1
276 9 132 28 5042 1
277 17 132 28 5042 1
278 25 132 28 5042 1
279 17 118 9 1512 1
280 33 118 9 1512 1
281 9 117 16 2802 1
282 34 132 20 1881 1
283 6 139 18 1681 1
284 11 139 18 1681 1
285 9 132 27 3116 1
286 16 158 30 6565 1
287 16 157 11 2169 1
288 11 165 68 15571 1
289 12 151 12 1568 1
290 10 157 57 9020 1
291 8 157 16 1373 1
292 14 145 1 127 1
293 27 145 1 127 1
294 40 145 1 127 1
295 53 145 1 127 1
296 16 167 25 5341 1
297 11 154 29 4178 1
298 12 147 3 312 1
299 22 160 37 6120 1
300 3 158 36 5769 1
301 16 168 21 3200 1
302 31 168 21 3200 1
303 17 157 35 6396 1
304 24 145 35 2834 1
305 12 151 22 2687 1
306 23 151 22 2687 1
307 34 151 22 2687 1
308 15 168 40 7447 1
309 10 149 13 1307 1
310 11 151 18 3857 1
311 24 151 31 5347 1
312 10 165 30 4084 1
313 11 165 22 5279 1
314 21 165 22 5279 1
315 12 161 30 3957 1
316 101 158 31 2795 1
317 14 167 20 4108 1
318 8 167 50 8060 1
319 17 149 27 2386 1
320 15 169 14 2180 1
321 11 170 56 4847 1
322 21 170 56 4847 1
323 31 170 56 4847 1
324 11 145 24 5140 1
325 11 157 18 4112 1
326 12 169 35 3632 1
327 23 169 35 3632 1
328 23 145 35 2891 1
329 8 160 28 4372 1
330 8 169 28 6030 1
331 15 169 28 6030 1
332 12 158 24 4526 1
333 24 161 19 4280 1
334 8 158 19 2362 1
335 11 161 37 4181 1
336 9 147 35 3307 1
337 14 169 18 3234 1
338 33 170 54 11742 1
339 23 149 31 4889 1
340 32 149 26 5156 1
341 10 149 41 6164 1
342 8 165 23 5260 1
343 15 165 23 5260 1
344 10 157 33 5218 1
345 11 149 16 3261 1
346 9 170 34 3572 1
347 22 145 26 4254 1
348 8 149 40 7384 1
349 17 149 35 7013 1
350 12 157 38 3310 1
351 23 157 38 3310 1
352 16 167 28 5613 1
353 8 169 3 487 1
354 10 161 27 4791 1
355 13 154 49 10689 1
356 12 145 3 236 1
357 23 145 3 236 1
358 34 145 3 236 1
359 8 145 19 1981 1
360 13 161 25 2458 1
361 10 149 26 2027 1
362 19 149 26 2027 1
363 12 151 6 801 1
364 11 170 17 3362 1
365 9 168 49 8102 1
366 14 158 27 4902 1
367 23 147 23 3413 1
368 17 158 18 1441 1
369 22 151 36 5674 1
370 9 161 23 3403 1
371 8 157 27 5244 1
372 15 145 24 3741 1
373 7 149 34 3850 1
374 14 165 28 5034 1
375 16 157 45 8148 1
376 13 154 60 7662 1
377 25 154 60 7662 1
378 11 157 23 5288 1
379 13 160 13 2426 1
380 13 170 24 3105 1
381 25 170 24 3105 1
382 22 165 34 3216 1
383 13 149 48 9400 1
384 23 168 72 15475 1
385 11 170 19 3000 1
386 21 170 19 3000 1
387 31 170 19 3000 1
388 15 145 8 1275 1
389 14 151 42 3458 1
390 22 154 33 7230 1
391 17 160 39 5900 1
392 11 147 48 6178 1
393 21 147 48 6178 1
394 47 145 34 3421 1
395 10 167 23 4455 1
396 16 151 18 3117 1
397 12 145 18 3588 1
398 13 169 14 3443 1
399 11 161 14 1619 1
400 21 161 14 1619 1
401 11 160 7 1675 1
402 15 145 40 7373 1
403 7 160 22 3087 1
404 12 161 20 3629 1
405 23 161 20 3629 1
406 34 161 20 3629 1
407 10 147 15 2941 1
408 25 154 29 3198 1
409 12 160 19 1923 1
410 11 154 24 2615 1
411 14 157 26 2344 1
412 7 145 15 2739 1
413 15 168 39 8613 1
414 16 154 28 6061 1
415 8 151 34 3291 1
416 6 168 30 6405 1
417 7 170 33 5565 1
418 17 157 25 2736 1
419 12 158 25 5364 1
420 13 161 18 2194 1
421 12 167 14 1574 1
422 12 147 13 1702 1
423 23 147 13 1702 1
424 34 147 13 1702 1
425 45 147 13 1702 1
426 56 147 13 1702 1
427 67 147 13 1702 1
428 12 151 31 2813 1
429 23 151 31 2813 1
430 9 154 7 1361 1
431 8 154 29 4656 1
432 23 149 22 3176 1
433 12 147 44 6591 1
434 23 147 44 6591 1
435 11 168 40 4962 1
436 12 158 13 3073 1
437 23 158 13 3073 1
438 12 157 25 3463 1
439 23 157 25 3463 1
440 19 158 33 6637 1
441 11 170 36 4414 1
442 2 157 30 4424 1
443 10 161 44 3799 1
444 22 147 14 2117 1
445 23 145 18 2597 1
446 10 161 52 6612 1
447 19 161 52 6612 1
448 28 161 52 6612 1
449 2 170 28 5269 1
450 16 151 23 1934 1
451 32 149 15 2827 1
452 15 154 29 5717 1
453 29 154 29 5717 1
454 16 154 36 6288 1
455 10 170 38 8144 1
456 19 170 38 8144 1
457 28 170 38 8144 1
458 12 145 14 2615 1
459 23 145 14 2615 1
460 34 145 14 2615 1
461 13 161 20 4544 1
462 16 147 38 4358 1
463 11 168 13 2532 1
464 21 168 13 2532 1
465 31 168 13 2532 1
466 15 154 13 1800 1
467 10 161 39 6945 1
468 10 157 28 2356 1
469 8 154 16 1466 1
470 15 165 31 4435 1
471 9 157 28 3586 1
472 8 169 49 4984 1
473 15 169 49 4984 1
474 8 158 21 1761 1
475 39 149 17 2769 1
476 17 147 62 6167 1
477 9 145 41 3592 1
478 8 160 31 7203 1
479 12 168 37 6373 1
480 23 168 37 6373 1
481 13 147 8 875 1
482 22 167 20 4847 1
483 13 145 26 3502 1
484 24 170 15 2348 1
485 7 149 21 3273 1
486 17 151 13 1034 1
487 33 151 13 1034 1
488 12 160 41 5842 1
489 23 160 41 5842 1
490 34 160 41 5842 1
491 9 169 42 9381 1
492 8 169 43 9951 1
493 15 169 43 9951 1
494 10 165 23 5038 1
495 25 157 11 2281 1
496 13 154 28 3315 1
497 25 154 28 3315 1
498 8 157 36 5743 1
499 23 154 30 6504 1
500 20 151 33 6854 1
501 10 160 25 4056 1
502 19 160 25 4056 1
503 28 160 25 4056 1
504 8 161 22 3026 1
505 13 161 19 4341 1
506 25 161 19 4341 1
507 37 161 19 4341 1
508 15 149 22 2727 1
509 17 158 24 2151 1
510 12 149 43 4596 1
511 23 149 43 4596 1
512 34 149 43 4596 1
513 45 149 43 4596 1
514 12 154 14 2289 1
515 12 158 36 3493 1
516 16 167 43 9181 1
517 40 149 35 2982 1
518 10 151 29 4648 1
519 11 169 21 2341 1
520 16 157 10 966 1
521 8 145 16 2005 1
522 15 145 16 2005 1
523 22 145 16 2005 1
524 15 147 20 4405 1
525 12 158 52 10354 1
526 8 147 24 4379 1
527 9 158 40 6844 1
528 17 158 40 6844 1
529 25 158 40 6844 1
530 17 165 33 5053 1
531 13 169 2 186 1
532 25 169 2 186 1
533 10 154 38 5445 1
534 23 154 18 2918 1
535 7 154 23 3431 1
536 13 154 23 3431 1
537 19 154 23 3431 1
538 12 165 9 1051 1
539 8 147 27 4991 1
540 11 151 38 3091 1
541 21 151 38 3091 1
542 31 151 38 3091 1
543 41 151 38 3091 1
544 7 145 37 3415 1
545 15 154 68 14640 1
546 29 154 68 14640 1
547 16 170 21 4870 1
548 11 165 14 2617 1
549 15 161 5 468 1
550 12 149 33 3159 1
551 23 149 33 3159 1
552 34 149 33 3159 1
553 45 149 33 3159 1
554 56 149 33 3159 1
555 12 165 33 8107 1
556 11 151 47 6203 1
557 8 145 19 2471 1
558 22 158 24 3821 1
559 11 169 66 13678 1
560 21 169 66 13678 1
561 31 169 66 13678 1
562 41 169 66 13678 1
563 51 169 66 13678 1
564 8 170 49 6465 1
565 15 147 51 9263 1
566 29 147 51 9263 1
567 43 147 51 9263 1
568 8 165 56 4633 1
569 8 149 13 1611 1
570 16 169 37 5942 1
571 17 170 41 3945 1
572 15 161 25 5476 1
573 9 161 3 485 1
574 9 147 23 4589 1
575 10 147 38 7415 1
576 19 147 38 7415 1
577 16 170 26 2343 1
578 21 147 37 5438 1
579 11 151 22 3668 1
580 11 160 27 2257 1
581 21 160 27 2257 1
582 9 161 41 5034 1
583 17 161 41 5034 1
584 25 161 41 5034 1
585 8 149 17 2429 1
586 16 147 28 5069 1
587 71 183 38 4385 1
588 43 183 13 3350 1
589 85 183 13 3350 1
590 127 183 13 3350 1
591 43 207 9 2598 1
592 15 175 16 2187 1
593 36 178 13 3339 1
594 36 211 18 3453 1
595 71 211 18 3453 1
596 106 211 18 3453 1
597 39 175 10 1054 1
598 58 198 38 9268 1
599 37 184 9 1188 1
600 15 184 31 4644 1
601 56 175 9 1154 1
602 44 178 14 1994 1
603 45 198 10 1373 1
604 44 183 12 2875 1
605 87 183 12 2875 1
606 43 184 6 1344 1
607 36 178 10 2432 1
608 57 184 15 1890 1
609 37 207 7 1577 1
610 45 210 14 2278 1
611 89 210 14 2278 1
612 133 210 14 2278 1
613 177 210 14 2278 1
614 15 194 17 3700 1
615 29 194 17 3700 1
616 43 210 10 2016 1
617 85 210 10 2016 1
618 127 210 10 2016 1
619 44 178 11 1733 1
620 87 178 11 1733 1
621 130 178 11 1733 1
622 36 194 14 2195 1
623 55 195 12 2476 1
624 23 207 7 1946 1
625 60 178 34 9004 1
626 119 178 34 9004 1
627 20 208 11 2160 1
628 93 197 49 14033 1
629 45 194 11 2224 1
630 89 194 11 2224 1
631 43 210 7 1424 1
632 38 184 11 2632 1
633 45 184 15 4008 1
634 89 184 15 4008 1
635 45 197 15 1905 1
636 45 184 27 5019 1
637 15 184 21 2690 1
638 36 194 16 3175 1
639 44 208 18 3783 1
640 19 211 14 2025 1
641 40 178 21 4702 1
642 44 178 26 4319 1
643 18 198 16 2997 1
644 12 207 25 7482 1
645 26 175 19 1740 1
646 12 194 26 3229 1
647 41 178 11 2483 1
648 16 195 9 2558 1
649 44 198 15 4168 1
650 38 195 11 1660 1
651 33 208 13 2955 1
652 44 198 19 4368 1
653 12 175 6 872 1
654 45 198 29 5097 1
655 89 198 29 5097 1
656 133 198 29 5097 1
657 177 198 29 5097 1
658 62 178 21 4127 1
659 18 195 7 1745 1
660 37 175 20 4124 1
661 44 198 12 2716 1
662 9 184 9 1061 1
663 42 178 14 1836 1
664 43 175 12 1953 1
665 38 210 17 3640 1
666 15 194 13 2697 1
667 19 178 12 2339 1
668 43 175 17 4131 1
669 85 175 17 4131 1
670 57 198 11 1887 1
671 37 194 40 5436 1
672 43 195 49 5728 1
673 37 194 20 2139 1
674 15 195 24 2367 1
675 58 195 17 2899 1
676 19 195 14 2003 1
677 37 195 14 2003 1
678 59 195 56 12963 1
679 117 195 56 12963 1
680 13 198 14 2673 1
681 36 216 15 2968 1
682 71 216 15 2968 1
683 106 216 15 2968 1
684 59 262 20 2637 1
685 36 220 13 2086 1
686 71 220 13 2086 1
687 38 257 30 9268 1
688 36 257 36 10777 1
689 71 257 36 10777 1
690 36 279 13 4978 1
691 38 240 41 5935 1
692 57 262 19 6341 1
693 113 262 19 6341 1
694 169 262 19 6341 1
695 95 254 31 9091 1
696 50 272 35 10554 1
697 57 268 25 7967 1
698 57 279 16 5175 1
699 113 279 16 5175 1
700 40 221 37 11768 1
701 79 221 37 11768 1
702 36 274 24 9117 1
703 91 255 35 5467 1
704 37 230 17 3055 1
705 65 220 32 9389 1
706 40 260 24 5354 1
707 57 265 21 3039 1
708 64 261 27 6888 1
709 57 279 24 5175 1
710 57 222 20 5955 1
711 36 255 27 8951 1
712 57 254 20 4159 1
713 90 261 35 7487 1
714 65 221 29 6015 1
715 36 230 29 9384 1
716 35 222 18 3016 1
717 69 222 18 3016 1
718 58 220 7 1318 1
719 30 259 33 6338 1
720 57 262 23 5625 1
721 37 272 32 7750 1
722 41 259 21 5550 1
723 37 279 18 2742 1
724 73 279 18 2742 1
725 28 255 18 3469 1
726 37 257 25 7776 1
727 57 216 18 2838 1
728 57 254 21 3645 1
729 37 264 23 5823 1
730 29 228 26 8707 1
731 36 267 36 7802 1
732 71 267 36 7802 1
733 37 222 29 9423 1
734 73 222 29 9423 1
735 109 222 29 9423 1
736 145 222 29 9423 1
737 31 243 22 7577 1
738 17 259 10 1502 1
739 14 275 35 13640 1
740 60 265 30 9604 1
741 29 272 17 6473 1
742 15 258 35 8765 1
743 70 268 32 6188 1
744 139 268 32 6188 1
745 50 277 25 6280 1
746 58 279 32 11931 1
747 57 222 13 4323 1
748 113 222 13 4323 1
749 57 267 7 1031 1
750 58 277 29 11054 1
751 57 267 38 11595 1
752 57 272 25 3822 1
753 37 265 16 3879 1
754 73 265 16 3879 1
755 92 262 27 7726 1
756 61 257 20 4194 1
757 37 239 31 7876 1
758 73 239 31 7876 1
759 109 239 31 7876 1
760 58 220 16 3901 1
761 57 277 37 8595 1
762 36 262 28 6899 1
763 31 230 27 6433 1
764 38 239 19 5549 1
765 58 268 31 7395 1
766 115 268 31 7395 1
767 29 221 23 2649 1
768 57 221 23 2649 1
769 85 221 23 2649 1
770 90 258 21 7479 1
771 36 228 35 11267 1
772 36 277 23 9433 1
773 71 277 23 9433 1
774 57 220 20 4907 1
775 90 258 29 4881 1
776 31 316 39 15432 1
777 68 324 12 5352 1
778 57 335 31 14549 1
779 113 335 31 14549 1
780 2 337 36 14988 1
781 57 299 25 6525 1
782 78 305 46 9263 1
783 30 324 39 15876 1
784 57 336 33 10064 1
785 8 282 32 7245 1
786 46 292 24 9578 1
787 57 316 34 9583 1
788 57 316 40 8079 1
789 113 316 40 8079 1
790 169 316 40 8079 1
791 225 316 40 8079 1
792 281 316 40 8079 1
793 58 336 28 11776 1
794 78 333 30 6347 1
795 155 333 30 6347 1
796 78 282 31 10517 1
797 57 299 34 8066 1
798 113 299 34 8066 1
799 45 333 37 17868 1
800 75 300 29 8961 1
801 60 332 15 5621 1
802 30 333 31 9247 1
803 58 334 44 12913 1
804 57 281 33 4926 1
805 113 281 33 4926 1
806 169 281 33 4926 1
807 78 281 23 9523 1
808 56 299 32 9612 1
809 58 293 39 16949 1
810 115 293 39 16949 1
811 58 338 25 9105 1
812 56 316 17 5891 1
813 37 337 27 7857 1
814 73 337 27 7857 1
815 57 338 19 7323 1
816 80 323 27 4711 1
817 38 300 38 9786 1
818 78 286 20 4651 1
819 26 316 25 11118 1
820 30 305 31 4783 1
821 30 337 39 13538 1
822 57 282 36 7948 1
823 113 282 36 7948 1
824 49 332 36 9381 1
825 58 292 34 9319 1
826 115 292 34 9319 1
827 14 282 32 12927 1
828 60 293 45 11802 1
829 59 292 24 9711 1
830 117 292 24 9711 1
831 175 292 24 9711 1
832 56 334 51 15600 1
833 111 334 51 15600 1
834 92 334 24 7970 1
835 30 316 32 8558 1
836 57 303 29 12742 1
837 29 324 29 12822 1
838 57 324 29 12822 1
839 79 324 31 10005 1
840 157 324 31 10005 1
841 66 337 33 13180 1
842 78 303 39 6597 1
843 57 300 27 4568 1
844 113 300 27 4568 1
845 65 293 17 7143 1
846 36 299 40 14108 1
847 56 286 33 4912 1
848 111 286 33 4912 1
849 166 286 33 4912 1
850 221 286 33 4912 1
851 276 286 33 4912 1
852 78 323 49 8030 1
853 69 304 31 7937 1
854 57 336 29 13777 1
855 80 334 43 18484 1
856 67 332 32 6917 1
857 36 292 24 8276 1
858 57 332 28 13264 1
859 69 282 23 8111 1
860 137 282 23 8111 1
861 57 293 32 13736 1
862 113 293 32 13736 1
863 169 293 32 13736 1
864 225 293 32 13736 1
865 281 293 32 13736 1
866 78 292 38 7314 1
867 36 282 27 10449 1
868 71 282 27 10449 1
869 28 332 38 18403 1
870 57 338 24 12099 1
871 30 292 31 9020 1
872 57 337 64 11991 1
873 56 305 19 5545 1
874 111 305 19 5545 1
875 58 332 30 5839 1
876 46 337 31 9199 1
877 56 281 14 2096 1
878 111 281 14 2096 1
879 166 281 14 2096 1
880 79 316 55 23257 1
881 12 324 4 776 1
882 59 292 23 5412 1
883 62 365 20 9034 1
884 70 366 55 22652 1
885 71 368 34 18477 1
886 52 349 29 8027 1
887 81 349 22 11334 1
888 70 363 28 14138 1
889 139 363 28 14138 1
890 71 366 42 14019 1
891 73 369 45 22269 1
892 69 369 24 10322 1
893 71 368 43 18735 1
894 80 364 45 13650 1
895 79 364 40 20450 1
896 157 364 40 20450 1
897 86 366 32 6727 1
898 85 364 42 7910 1
899 66 365 27 7864 1
900 79 349 37 6724 1
901 85 349 45 13166 1
902 67 364 26 5122 1
903 79 369 15 7425 1
904 63 366 30 11066 1
905 86 368 41 11275 1
906 139 363 23 5149 1
907 85 363 40 18349 1
908 169 363 40 18349 1
909 72 363 35 18902 1
910 38 368 40 12253 1
911 136 363 56 17919 1
912 79 365 45 10875 1
913 157 365 45 10875 1
914 76 364 71 17408 1
915 78 366 49 16105 1
916 77 369 55 18717 1
917 125 349 38 12863 1
918 249 349 38 12863 1
919 78 366 29 9814 1
920 76 363 36 10549 1
921 85 349 34 10071 1
922 67 369 30 8557 1
923 72 349 41 17512 1
924 111 363 48 9410 1
925 85 368 54 20780 1
926 72 349 50 15359 1
927 78 364 54 16964 1
928 155 364 54 16964 1
929 84 363 26 8195 1
930 67 363 22 9192 1
931 133 363 22 9192 1
932 199 363 22 9192 1
933 72 363 44 16633 1
934 72 369 46 20546 1
935 143 369 46 20546 1
936 214 369 46 20546 1
937 76 369 64 34488 1
938 71 366 61 29560 1
939 141 366 61 29560 1
940 211 366 61 29560 1
941 74 364 25 8979 1
942 99 365 29 13509 1
943 79 366 37 19835 1
944 86 349 52 17944 1
945 84 366 32 11363 1
946 67 369 68 36848 1
947 80 364 26 7145 1
948 79 365 45 13663 1
949 84 364 59 12194 1
950 71 365 52 25491 1
951 78 364 63 29175 1
952 84 363 34 10626 1
953 79 363 68 17728 1
954 157 363 68 17728 1
955 77 365 47 23193 1
956 84 368 34 7427 1
957 99 365 48 15529 1
958 131 349 48 13354 1
959 86 368 43 21690 1
960 71 349 33 11388 1
961 141 349 33 11388 1
962 211 349 33 11388 1
963 70 364 43 13963 1
964 112 349 30 13456 1
965 72 363 63 24215 1
966 71 368 37 16559 1
967 124 349 46 11916 1
968 79 365 21 8394 1
969 75 369 71 19742 1
970 77 349 52 24862 1
971 88 368 47 12455 1
972 175 368 47 12455 1
973 78 349 56 22007 1
974 86 366 51 20385 1
975 75 364 44 8793 1
976 122 369 25 11088 1
977 243 369 25 11088 1
978 71 365 41 9468 1
979 94 364 18 5575 1
980 98 364 35 12082 1
981 74 363 38 9800 1
982 147 363 38 9800 1
983 79 364 35 12337 1
984 157 364 35 12337 1
985 235 364 35 12337 1
986 78 368 39 19966 1
987 72 366 53 13470 1
988 111 366 65 24596 1
989 87 368 57 27642 1
990 79 363 50 26165 1
991 157 363 50 26165 1
992 64 363 25 9869 1
993 78 365 28 7773 1
994 85 349 32 11142 1
995 64 364 37 14842 1
996 85 364 28 5692 1
997 124 363 29 11371 1
998 88 369 32 13342 1
999 72 363 39 15062 1
1000 143 363 39 15062 1
1001 79 363 38 11796 1
1002 71 349 36 14191 1
1003 71 363 40 18512 1
1004 79 365 44 13662 1
1005 157 365 44 13662 1
1006 77 369 35 12737 1
1007 72 364 43 17054 1
1008 143 364 43 17054 1
1009 214 364 43 17054 1
1010 285 364 43 17054 1
1011 70 363 28 7582 1
1012 139 363 28 7582 1
1013 88 364 93 37148 1
1014 79 369 38 17630 1
1015 157 369 38 17630 1
1016 90 398 44 14458 1
1017 80 398 78 31097 1
1018 92 397 50 25823 1
1019 96 400 40 14321 1
1020 111 396 23 10941 1
1021 221 396 23 10941 1
1022 107 396 51 29822 1
1023 152 396 47 23614 1
1024 93 399 46 23017 1
1025 104 399 45 16100 1
1026 101 400 41 10234 1
1027 79 398 55 31357 1
1028 87 399 40 17983 1
1029 92 400 53 17870 1
1030 183 400 53 17870 1
1031 94 397 41 17635 1
1032 79 399 45 19509 1
1033 89 398 32 15555 1
1034 74 398 52 11525 1
1035 170 398 51 19689 1
1036 78 399 49 13085 1
1037 155 399 49 13085 1
16
500 500 500 500 425 425 400 400 440 500 500 400 500 500 500 550 