1037
1 9 125 7 548 1
2 17 125 7 548 1
3 25 125 7 548 1
4 33 125 7 548 1
5 41 125 7 548 1
6 49 125 7 548 1
7 57 125 7 548 1
8 65 125 7 548 1
9 73 125 7 548 1
10 8 118 5 325 1
11 9 101 15 1361 1
12 8 137 25 3851 1
13 8 101 20 2470 1
14 15 101 20 2470 1
15 9 137 26 2622 1
16 17 137 26 2622 1
17 25 137 26 2622 1
18 33 137 26 2622 1
19 41 137 26 2622 1
20 49 137 26 2622 1
21 57 137 26 2622 1
22 10 125 16 2530 1
23 15 132 26 2535 1
24 29 132 26 2535 1
25 43 132 26 2535 1
26 57 132 26 2535 1
27 8 133 10 1520 1
28 15 133 10 1520 1
29 8 101 23 1883 1
30 16 121 23 3162 1
31 8 125 30 4972 1
32 15 137 50 6402 1
33 29 137 50 6402 1
34 9 133 36 4656 1
35 9 132 39 3101 1
36 9 139 35 6553 1
37 17 139 35 6553 1
38 25 139 35 6553 1
39 33 139 35 6553 1
40 9 117 9 751 1
41 16 125 16 2544 1
42 9 127 22 3740 1
43 17 127 22 3740 1
44 1 132 42 7278 1
45 21 141 47 8341 1
46 11 139 34 6804 1
47 21 139 34 6804 1
48 9 101 13 1693 1
49 10 132 13 1131 1
50 19 132 13 1131 1
51 28 132 13 1131 1
52 37 132 13 1131 1
53 9 139 30 2438 1
54 16 139 31 3361 1
55 8 129 35 3111 1
56 5 118 5 460 1
57 7 140 29 4824 1
58 4 127 6 597 1
59 7 127 6 597 1
60 9 127 18 1419 1
61 17 127 18 1419 1
62 25 127 18 1419 1
63 9 125 16 2964 1
64 17 125 16 2964 1
65 13 133 42 3034 1
66 15 125 17 2497 1
67 8 127 15 1459 1
68 15 127 15 1459 1
69 22 127 15 1459 1
70 29 127 15 1459 1
71 16 139 7 660 1
72 9 133 40 5859 1
73 9 137 63 10003 1
74 40 138 26 4328 1
75 16 138 13 1835 1
76 15 127 13 1626 1
77 29 127 13 1626 1
78 8 129 21 2087 1
79 9 141 30 2487 1
80 17 141 30 2487 1
81 9 137 34 3641 1
82 17 137 34 3641 1
83 8 140 13 2161 1
84 8 134 22 4256 1
85 15 134 22 4256 1
86 22 134 22 4256 1
87 29 134 22 4256 1
88 36 134 22 4256 1
89 43 134 22 4256 1
90 50 134 22 4256 1
91 8 127 12 1524 1
92 4 139 28 4112 1
93 8 127 33 3034 1
94 15 127 33 3034 1
95 8 101 10 714 1
96 9 141 38 3531 1
97 9 138 27 2178 1
98 9 118 11 1100 1
99 17 118 11 1100 1
100 25 118 11 1100 1
101 33 118 11 1100 1
102 41 118 11 1100 1
103 8 127 20 1772 1
104 15 127 20 1772 1
105 22 127 20 1772 1
106 9 121 13 1479 1
107 6 118 26 4404 1
108 11 118 26 4404 1
109 8 140 27 3535 1
110 15 140 27 3535 1
111 22 140 27 3535 1
112 29 140 27 3535 1
113 8 140 38 4873 1
114 3 139 13 1794 1
115 19 141 27 5137 1
116 9 139 10 1632 1
117 8 134 16 2807 1
118 8 141 26 5005 1
119 15 141 26 5005 1
120 9 118 31 2028 1
121 32 118 21 2851 1
122 9 138 18 2679 1
123 17 138 18 2679 1
124 25 138 18 2679 1
125 33 138 18 2679 1
126 41 138 18 2679 1
127 49 138 18 2679 1
128 57 138 18 2679 1
129 65 138 18 2679 1
130 73 138 18 2679 1
131 81 138 18 2679 1
132 89 138 18 2679 1
133 97 138 18 2679 1
134 9 118 67 7959 1
135 9 117 16 1886 1
136 9 139 28 4373 1
137 17 139 28 4373 1
138 25 139 28 4373 1
139 33 139 28 4373 1
140 8 117 38 3990 1
141 15 117 38 3990 1
142 22 117 38 3990 1
143 9 125 25 3270 1
144 10 125 24 2303 1
145 10 118 33 2116 1
146 19 118 33 2116 1
147 9 129 29 4376 1
148 8 132 72 5210 1
149 15 132 72 5210 1
150 8 139 27 2493 1
151 15 139 27 2493 1
152 25 129 3 428 1
153 49 129 3 428 1
154 8 129 28 1990 1
155 15 129 28 1990 1
156 22 129 28 1990 1
157 9 117 25 3215 1
158 17 117 25 3215 1
159 8 127 28 3234 1
160 15 127 28 3234 1
161 13 141 26 5352 1
162 25 141 26 5352 1
163 20 133 17 2644 1
164 9 121 7 691 1
165 17 121 7 691 1
166 8 117 41 3815 1
167 9 139 31 4376 1
168 12 118 20 3413 1
169 9 134 18 2770 1
170 17 134 18 2770 1
171 25 134 18 2770 1
172 9 125 20 3411 1
173 17 125 20 3411 1
174 9 133 27 3048 1
175 16 141 32 3148 1
176 13 140 22 2454 1
177 23 138 23 2671 1
178 8 129 28 3180 1
179 9 133 32 3828 1
180 9 138 40 6328 1
181 17 138 40 6328 1
182 7 140 30 5490 1
183 13 140 30 5490 1
184 3 117 35 4019 1
185 5 118 5 560 1
186 16 101 24 1556 1
187 9 121 10 1477 1
188 11 133 10 1532 1
189 16 129 9 1637 1
190 31 129 9 1637 1
191 16 129 42 8081 1
192 7 133 46 9101 1
193 9 134 29 3439 1
194 30 139 23 2946 1
195 59 139 23 2946 1
196 9 121 23 1906 1
197 17 121 23 1906 1
198 25 121 23 1906 1
199 33 121 23 1906 1
200 41 121 23 1906 1
201 10 141 27 2340 1
202 9 133 38 5484 1
203 17 133 38 5484 1
204 25 133 38 5484 1
205 16 101 21 2709 1
206 30 118 8 1227 1
207 7 140 25 3733 1
208 8 101 19 2602 1
209 15 101 19 2602 1
210 22 101 19 2602 1
211 29 101 19 2602 1
212 10 140 10 1372 1
213 19 140 10 1372 1
214 28 140 10 1372 1
215 37 140 10 1372 1
216 7 138 8 876 1
217 13 138 8 876 1
218 8 101 6 470 1
219 15 125 13 1365 1
220 8 138 19 3375 1
221 15 138 19 3375 1
222 22 138 19 3375 1
223 4 132 40 5044 1
224 7 132 40 5044 1
225 8 125 11 1897 1
226 8 134 39 6681 1
227 15 121 5 530 1
228 25 133 17 2436 1
229 9 125 16 2773 1
230 11 129 13 1437 1
231 21 129 13 1437 1
232 12 139 37 6319 1
233 9 133 20 1474 1
234 7 118 16 1796 1
235 13 118 16 1796 1
236 16 140 18 1818 1
237 5 138 36 6346 1
238 9 121 24 4080 1
239 17 121 24 4080 1
240 25 121 24 4080 1
241 25 138 31 3356 1
242 9 129 18 2033 1
243 15 138 9 1657 1
244 24 125 13 1813 1
245 10 127 35 2401 1
246 9 121 37 2679 1
247 17 121 37 2679 1
248 8 129 12 1768 1
249 14 117 14 916 1
250 16 121 21 2204 1
251 15 121 16 1211 1
252 29 121 16 1211 1
253 8 138 65 4980 1
254 15 138 65 4980 1
255 10 118 9 1250 1
256 12 134 32 4935 1
257 16 133 40 4019 1
258 22 140 23 3832 1
259 12 132 3 253 1
260 8 101 16 2157 1
261 8 121 8 1349 1
262 8 132 50 6154 1
263 15 132 50 6154 1
264 22 132 50 6154 1
265 10 137 19 1547 1
266 19 137 19 1547 1
267 8 137 24 3771 1
268 15 137 24 3771 1
269 8 127 8 738 1
270 9 118 18 3002 1
271 17 118 18 3002 1
272 25 118 18 3002 1
273 33 118 18 3002 1
274 41 118 18 3002 1
275 9 101 21 1912 1
276 17 101 21 1912 1
277 15 139 15 2612 1
278 9 133 37 4073 1
279 16 133 6 536 1
280 8 117 7 469 1
281 15 117 7 469 1
282 22 117 7 469 1
283 29 117 7 469 1
284 36 117 7 469 1
285 9 134 15 1364 1
286 7 147 26 2969 1
287 16 161 48 5013 1
288 11 149 23 2093 1
289 22 167 14 3090 1
290 11 169 20 4213 1
291 11 147 17 2843 1
292 21 147 17 2843 1
293 10 168 16 3144 1
294 19 168 16 3144 1
295 7 167 27 6315 1
296 11 160 15 2148 1
297 21 160 15 2148 1
298 22 151 23 5127 1
299 8 158 31 5198 1
300 9 149 27 4634 1
301 17 149 27 4634 1
302 6 165 28 2650 1
303 9 151 37 3199 1
304 15 145 16 3205 1
305 45 165 7 961 1
306 8 169 50 6890 1
307 15 169 50 6890 1
308 7 157 11 994 1
309 8 158 40 8909 1
310 24 161 27 2401 1
311 12 169 23 4920 1
312 17 170 13 1752 1
313 7 165 50 9255 1
314 13 149 39 5412 1
315 12 149 33 2614 1
316 15 161 68 8471 1
317 22 161 29 2969 1
318 9 170 43 10586 1
319 13 170 8 1413 1
320 25 170 8 1413 1
321 12 160 13 2218 1
322 23 160 13 2218 1
323 16 167 26 6138 1
324 10 149 6 1156 1
325 11 154 30 5949 1
326 21 154 30 5949 1
327 31 154 30 5949 1
328 139 161 15 1447 1
329 12 145 25 4553 1
330 12 161 25 3289 1
331 23 161 25 3289 1
332 34 161 25 3289 1
333 38 157 47 7326 1
334 75 157 47 7326 1
335 20 169 28 6493 1
336 9 167 53 12947 1
337 17 167 53 12947 1
338 42 167 16 2960 1
339 9 158 35 4551 1
340 17 158 35 4551 1
341 15 170 46 11623 1
342 25 149 24 2299 1
343 21 145 25 2013 1
344 12 151 17 2453 1
345 23 151 17 2453 1
346 34 151 17 2453 1
347 8 154 23 2390 1
348 15 154 23 2390 1
349 22 154 23 2390 1
350 29 154 23 2390 1
351 12 160 42 5247 1
352 21 168 15 2438 1
353 10 165 26 3265 1
354 9 158 33 7216 1
355 8 161 14 2458 1
356 11 170 42 5271 1
357 21 170 42 5271 1
358 9 170 29 2571 1
359 17 154 37 6652 1
360 15 158 23 4645 1
361 15 149 17 1818 1
362 9 170 38 5192 1
363 9 167 37 7987 1
364 10 170 29 4898 1
365 14 145 37 4935 1
366 11 169 47 4888 1
367 16 157 30 2645 1
368 11 169 23 4696 1
369 13 165 37 5921 1
370 24 147 13 2848 1
371 16 145 30 3200 1
372 12 170 15 2353 1
373 23 170 15 2353 1
374 34 170 15 2353 1
375 45 170 15 2353 1
376 11 165 33 7431 1
377 13 167 26 2763 1
378 25 167 26 2763 1
379 15 168 33 8225 1
380 17 170 39 6691 1
381 8 151 46 6979 1
382 36 160 27 3367 1
383 12 169 3 483 1
384 7 161 47 5502 1
385 13 161 47 5502 1
386 12 167 6 1309 1
387 13 169 26 2379 1
388 25 169 26 2379 1
389 9 147 45 5829 1
390 14 167 41 6865 1
391 12 167 37 5266 1
392 23 167 37 5266 1
393 34 167 37 5266 1
394 17 170 23 5091 1
395 33 170 23 5091 1
396 15 154 39 7980 1
397 15 170 51 10605 1
398 29 170 51 10605 1
399 43 170 51 10605 1
400 22 168 2 243 1
401 12 167 33 4561 1
402 11 160 58 5716 1
403 13 157 12 1301 1
404 25 157 12 1301 1
405 14 160 10 1711 1
406 27 160 10 1711 1
407 7 167 29 2952 1
408 11 161 1 176 1
409 21 161 1 176 1
410 31 161 1 176 1
411 41 161 1 176 1
412 11 167 9 1827 1
413 15 170 34 3495 1
414 9 151 33 4316 1
415 2 157 34 5207 1
416 12 158 49 10319 1
417 23 158 49 10319 1
418 34 158 49 10319 1
419 3 167 29 2950 1
420 8 169 48 10223 1
421 22 169 38 6158 1
422 16 160 11 1333 1
423 12 170 32 5587 1
424 23 170 32 5587 1
425 10 167 38 6750 1
426 19 167 38 6750 1
427 28 167 38 6750 1
428 9 154 32 5215 1
429 11 147 17 3399 1
430 15 169 25 2731 1
431 10 167 24 3594 1
432 9 169 16 2077 1
433 12 165 31 6932 1
434 23 165 31 6932 1
435 16 151 23 2307 1
436 16 167 11 2532 1
437 31 167 11 2532 1
438 12 170 35 3628 1
439 15 170 25 3681 1
440 22 149 19 1704 1
441 9 161 14 1408 1
442 16 170 38 6973 1
443 13 151 21 3789 1
444 25 151 21 3789 1
445 22 151 36 7207 1
446 43 151 36 7207 1
447 9 170 26 2681 1
448 12 169 44 7053 1
449 23 169 44 7053 1
450 17 157 39 6662 1
451 14 147 35 2862 1
452 16 168 23 2164 1
453 15 151 44 4055 1
454 11 167 1 232 1
455 117 169 29 5019 1
456 13 169 43 5366 1
457 25 169 43 5366 1
458 22 168 5 1060 1
459 15 157 37 8191 1
460 8 147 15 2173 1
461 15 158 33 4450 1
462 14 170 42 8206 1
463 12 154 38 8151 1
464 15 158 35 4261 1
465 11 158 25 4009 1
466 13 169 26 4753 1
467 16 149 16 2858 1
468 8 161 32 4190 1
469 11 154 37 3048 1
470 9 149 12 1658 1
471 9 169 42 8641 1
472 23 160 40 6277 1
473 14 161 30 2485 1
474 27 161 30 2485 1
475 9 161 21 4727 1
476 12 161 6 1166 1
477 23 161 6 1166 1
478 21 170 16 2798 1
479 11 151 12 2419 1
480 9 151 64 11254 1
481 16 161 44 9020 1
482 8 147 18 2023 1
483 10 154 1 152 1
484 23 145 33 4672 1
485 15 169 30 2979 1
486 14 145 23 2054 1
487 16 157 29 3838 1
488 31 157 29 3838 1
489 46 157 29 3838 1
490 17 161 18 2979 1
491 11 170 27 4138 1
492 11 149 8 1053 1
493 16 169 35 8071 1
494 22 168 50 6676 1
495 8 169 16 2394 1
496 13 160 18 2875 1
497 13 161 28 5598 1
498 8 149 5 929 1
499 11 149 36 6538 1
500 21 149 36 6538 1
501 10 170 1 176 1
502 12 154 14 2604 1
503 15 145 48 7848 1
504 29 145 48 7848 1
505 43 145 48 7848 1
506 17 147 21 4536 1
507 11 161 31 2512 1
508 21 161 31 2512 1
509 31 161 31 2512 1
510 41 161 31 2512 1
511 20 151 21 1889 1
512 39 151 21 1889 1
513 8 167 78 14475 1
514 10 147 23 3003 1
515 19 147 23 3003 1
516 11 151 20 2683 1
517 10 168 18 4466 1
518 13 165 42 4095 1
519 9 145 30 4160 1
520 12 170 29 6638 1
521 8 165 50 10087 1
522 10 160 18 3766 1
523 19 160 18 3766 1
524 11 170 58 8710 1
525 10 154 64 7681 1
526 19 154 64 7681 1
527 10 158 19 2711 1
528 13 154 45 4911 1
529 25 154 45 4911 1
530 9 170 58 13465 1
531 17 170 58 13465 1
532 15 149 40 4388 1
533 13 157 33 2674 1
534 10 160 27 2362 1
535 19 160 27 2362 1
536 15 154 50 10423 1
537 9 151 19 2155 1
538 9 160 22 3248 1
539 13 170 34 4604 1
540 25 170 34 4604 1
541 3 147 52 7877 1
542 15 161 7 919 1
543 16 145 29 5280 1
544 9 147 13 1171 1
545 17 147 13 1171 1
546 25 147 13 1171 1
547 16 169 28 4615 1
548 17 157 53 9676 1
549 9 170 42 8558 1
550 12 161 37 5047 1
551 94 160 34 3792 1
552 16 157 10 1307 1
553 21 149 49 10890 1
554 13 151 56 9212 1
555 9 149 21 4606 1
556 22 158 24 2789 1
557 12 145 56 7580 1
558 23 145 56 7580 1
559 34 145 56 7580 1
560 16 170 18 4318 1
561 51 149 23 2014 1
562 13 168 8 721 1
563 12 154 42 4513 1
564 23 154 42 4513 1
565 16 170 57 6808 1
566 3 151 51 9982 1
567 22 168 14 3080 1
568 12 169 35 3263 1
569 23 169 35 3263 1
570 34 169 35 3263 1
571 10 167 31 7655 1
572 13 165 46 9073 1
573 9 167 42 9966 1
574 10 168 23 4060 1
575 29 169 86 16249 1
576 14 167 35 4928 1
577 27 167 35 4928 1
578 40 167 35 4928 1
579 53 167 35 4928 1
580 66 167 35 4928 1
581 9 157 54 5578 1
582 17 157 54 5578 1
583 15 147 27 4900 1
584 11 154 18 1471 1
585 21 154 18 1471 1
586 10 170 47 4565 1
587 40 195 13 3137 1
588 15 211 13 2125 1
589 29 211 13 2125 1
590 59 208 16 3995 1
591 37 197 19 2304 1
592 56 207 8 1513 1
593 72 178 12 1092 1
594 72 178 9 1971 1
595 44 198 9 2579 1
596 87 198 9 2579 1
597 130 198 9 2579 1
598 44 211 13 3385 1
599 37 183 29 6614 1
600 44 195 13 1879 1
601 38 194 7 690 1
602 43 198 6 1527 1
603 85 198 6 1527 1
604 127 198 6 1527 1
605 19 210 16 4241 1
606 15 195 23 3485 1
607 23 211 15 2688 1
608 44 195 33 5297 1
609 87 195 33 5297 1
610 130 195 33 5297 1
611 173 195 33 5297 1
612 36 210 40 7191 1
613 15 198 14 3312 1
614 29 198 14 3312 1
615 43 198 14 3312 1
616 42 175 8 1563 1
617 43 198 36 8539 1
618 44 197 10 2407 1
619 87 197 10 2407 1
620 45 184 34 8234 1
621 89 184 34 8234 1
622 41 175 26 5343 1
623 43 195 12 1942 1
624 56 194 24 4336 1
625 41 194 12 1350 1
626 71 210 18 2534 1
627 44 211 12 2977 1
628 43 208 38 8585 1
629 15 197 20 3389 1
630 56 208 18 4473 1
631 37 194 12 3077 1
632 15 207 15 2264 1
633 21 211 25 7757 1
634 43 208 11 1666 1
635 85 208 11 1666 1
636 37 195 9 2115 1
637 13 207 17 3398 1
638 19 184 16 3556 1
639 37 184 16 3556 1
640 30 195 13 2892 1
641 59 195 13 2892 1
642 88 195 13 2892 1
643 38 197 9 1063 1
644 21 207 16 2833 1
645 36 197 14 3691 1
646 71 197 14 3691 1
647 25 178 11 2332 1
648 36 183 14 3334 1
649 43 184 18 2504 1
650 85 184 18 2504 1
651 44 178 14 2256 1
652 57 175 21 3685 1
653 113 175 21 3685 1
654 16 183 9 1192 1
655 45 184 11 2444 1
656 89 184 11 2444 1
657 15 183 27 5399 1
658 44 208 20 5762 1
659 87 208 20 5762 1
660 71 195 13 1556 1
661 16 198 19 2909 1
662 31 198 19 2909 1
663 44 183 23 2842 1
664 87 183 23 2842 1
665 16 178 37 7990 1
666 58 183 22 3079 1
667 43 195 17 2362 1
668 44 211 13 1939 1
669 87 211 13 1939 1
670 104 197 21 3644 1
671 45 208 22 5952 1
672 72 197 20 3259 1
673 18 210 13 2763 1
674 15 178 17 3435 1
675 29 178 17 3435 1
676 44 211 20 3595 1
677 55 197 10 1731 1
678 109 197 10 1731 1
679 48 197 36 7543 1
680 58 184 8 1647 1
681 31 260 41 15640 1
682 16 254 17 2693 1
683 29 262 25 5626 1
684 38 275 21 6798 1
685 57 274 20 6383 1
686 36 276 14 2241 1
687 36 239 21 4411 1
688 36 221 17 3805 1
689 71 221 17 3805 1
690 16 259 24 7681 1
691 30 268 13 1890 1
692 59 268 13 1890 1
693 67 220 28 6239 1
694 36 258 48 13761 1
695 36 240 17 2077 1
696 36 267 22 5040 1
697 43 239 27 5938 1
698 51 274 49 8076 1
699 36 230 25 4472 1
700 16 228 24 3391 1
701 33 274 25 6422 1
702 35 257 17 4853 1
703 38 255 22 3870 1
704 36 243 19 5832 1
705 71 243 19 5832 1
706 106 243 19 5832 1
707 37 268 30 6752 1
708 28 254 25 8382 1
709 37 279 26 10552 1
710 56 260 29 4005 1
711 57 272 27 5152 1
712 44 254 34 10196 1
713 16 272 26 7856 1
714 57 239 23 4116 1
715 113 239 23 4116 1
716 29 239 25 8836 1
717 35 261 39 8554 1
718 51 276 16 5046 1
719 37 222 49 12151 1
720 73 222 49 12151 1
721 30 243 26 8685 1
722 15 264 29 8426 1
723 57 239 29 9987 1
724 8 268 16 3767 1
725 15 268 16 3767 1
726 35 260 19 5731 1
727 31 243 18 6323 1
728 14 276 28 11231 1
729 42 274 24 8612 1
730 57 239 19 3032 1
731 57 267 33 8735 1
732 113 267 33 8735 1
733 36 262 25 4546 1
734 57 221 12 3203 1
735 81 228 37 6899 1
736 36 277 15 4789 1
737 47 239 27 4880 1
738 58 222 26 6835 1
739 36 255 23 8481 1
740 71 255 23 8481 1
741 106 255 23 8481 1
742 58 216 20 2711 1
743 36 258 31 8014 1
744 41 243 26 7418 1
745 58 276 29 4924 1
746 115 276 29 4924 1
747 38 274 36 11022 1
748 51 230 28 7594 1
749 27 222 26 4855 1
750 29 275 23 6872 1
751 28 221 14 3363 1
752 37 261 24 8633 1
753 37 230 14 3759 1
754 37 239 10 3024 1
755 64 221 33 4316 1
756 92 239 31 6191 1
757 58 221 22 3062 1
758 58 216 13 3526 1
759 95 275 23 8029 1
760 57 260 28 6100 1
761 37 221 30 6097 1
762 73 221 30 6097 1
763 31 260 21 7640 1
764 64 275 50 9540 1
765 93 267 14 5196 1
766 36 228 26 7045 1
767 71 228 26 7045 1
768 58 243 27 4513 1
769 31 240 25 7285 1
770 36 262 36 6109 1
771 57 259 15 2091 1
772 50 230 18 2274 1
773 57 268 11 4295 1
774 58 268 14 3417 1
775 30 220 21 4577 1
776 10 282 41 11611 1
777 70 282 31 5655 1
778 5 300 38 9821 1
779 58 332 40 18385 1
780 85 336 34 12668 1
781 56 336 37 17732 1
782 7 282 24 3743 1
783 37 338 32 14393 1
784 56 334 60 21688 1
785 58 324 35 15034 1
786 115 324 35 15034 1
787 37 336 34 13991 1
788 58 304 48 16026 1
789 59 303 30 9000 1
790 117 303 30 9000 1
791 175 303 30 9000 1
792 233 303 30 9000 1
793 291 303 30 9000 1
794 349 303 30 9000 1
795 57 332 45 17037 1
796 36 303 45 7182 1
797 16 281 33 6901 1
798 80 286 22 7258 1
799 58 334 19 6103 1
800 115 334 19 6103 1
801 59 293 27 6646 1
802 79 294 38 10861 1
803 55 300 41 9736 1
804 57 323 7 2978 1
805 58 294 37 14336 1
806 58 292 32 5185 1
807 58 336 21 6290 1
808 115 336 21 6290 1
809 64 282 13 2322 1
810 56 303 37 16423 1
811 36 338 38 12825 1
812 55 334 15 5264 1
813 109 334 15 5264 1
814 37 303 52 11597 1
815 36 304 11 3951 1
816 36 324 28 12906 1
817 57 338 31 12117 1
818 113 338 31 12117 1
819 169 338 31 12117 1
820 67 286 28 4854 1
821 57 299 66 17094 1
822 36 316 28 11618 1
823 58 303 49 16247 1
824 57 333 30 14370 1
825 113 333 30 14370 1
826 36 316 34 15587 1
827 36 332 43 19599 1
828 29 334 27 6407 1
829 8 337 36 10812 1
830 58 281 27 6811 1
831 35 293 19 4761 1
832 58 332 25 11910 1
833 115 332 25 11910 1
834 172 332 25 11910 1
835 29 334 35 11769 1
836 59 305 38 9982 1
837 57 286 24 7163 1
838 58 335 11 2446 1
839 7 316 26 7509 1
840 29 282 31 12384 1
841 57 323 34 9667 1
842 58 333 52 22141 1
843 45 300 44 11727 1
844 71 335 45 11225 1
845 58 294 29 7846 1
846 115 294 29 7846 1
847 172 294 29 7846 1
848 57 336 49 9518 1
849 37 323 29 9147 1
850 58 335 13 3055 1
851 58 324 22 5351 1
852 115 324 22 5351 1
853 58 332 35 12655 1
854 60 323 41 13295 1
855 36 336 18 3509 1
856 30 336 17 6549 1
857 56 304 31 5732 1
858 61 332 36 16700 1
859 56 335 27 11479 1
860 78 316 63 14563 1
861 41 336 35 14430 1
862 57 299 21 6913 1
863 113 299 21 6913 1
864 57 303 34 15025 1
865 113 303 34 15025 1
866 169 303 34 15025 1
867 225 303 34 15025 1
868 281 303 34 15025 1
869 337 303 34 15025 1
870 393 303 34 15025 1
871 69 316 28 12909 1
872 37 335 20 5503 1
873 58 324 31 7722 1
874 57 337 44 20000 1
875 113 337 44 20000 1
876 57 337 24 4849 1
877 113 337 24 4849 1
878 65 336 50 12927 1
879 74 305 38 16954 1
880 58 281 33 12032 1
881 8 305 19 7906 1
882 57 286 29 11396 1
883 58 366 45 8889 1
884 168 365 58 16861 1
885 335 365 58 16861 1
886 85 366 47 24176 1
887 85 369 57 31163 1
888 79 363 67 17205 1
889 85 349 66 17984 1
890 64 368 37 7278 1
891 71 365 70 18576 1
892 141 365 70 18576 1
893 72 363 66 19912 1
894 63 368 42 15712 1
895 75 363 46 9304 1
896 88 363 52 24953 1
897 71 366 43 17266 1
898 62 366 49 10964 1
899 70 366 63 29608 1
900 71 369 44 13072 1
901 56 349 43 17637 1
902 80 349 34 6298 1
903 69 366 40 17042 1
904 88 366 30 9664 1
905 71 365 44 14770 1
906 87 363 25 7876 1
907 79 364 54 16112 1
908 73 368 44 18164 1
909 145 368 44 18164 1
910 72 366 34 12709 1
911 143 366 34 12709 1
912 78 365 34 17200 1
913 155 365 34 17200 1
914 232 365 34 17200 1
915 78 365 28 8035 1
916 155 365 28 8035 1
917 71 369 54 18270 1
918 78 368 32 7108 1
919 93 369 33 15920 1
920 72 366 26 11847 1
921 63 366 64 27467 1
922 111 368 26 13646 1
923 69 349 78 22900 1
924 72 366 34 8091 1
925 79 365 32 7231 1
926 60 369 24 5041 1
927 71 365 61 18769 1
928 141 365 61 18769 1
929 211 365 61 18769 1
930 80 366 83 26657 1
931 85 364 30 8893 1
932 169 364 30 8893 1
933 74 365 33 11101 1
934 147 365 33 11101 1
935 220 365 33 11101 1
936 71 363 31 16077 1
937 97 349 61 23999 1
938 77 366 44 12816 1
939 72 365 29 13677 1
940 70 369 38 7563 1
941 78 369 39 13994 1
942 77 349 30 8722 1
943 153 349 30 8722 1
944 55 364 29 11121 1
945 85 363 30 9856 1
946 78 364 25 10615 1
947 155 364 25 10615 1
948 232 364 25 10615 1
949 80 368 33 17724 1
950 79 366 29 6412 1
951 68 366 35 12308 1
952 135 366 35 12308 1
953 78 363 35 7413 1
954 65 366 67 34496 1
955 72 369 57 18118 1
956 72 368 30 8545 1
957 72 364 32 10072 1
958 143 364 32 10072 1
959 67 369 60 16630 1
960 68 349 37 8328 1
961 86 365 41 15494 1
962 171 365 41 15494 1
963 71 349 25 5082 1
964 141 349 25 5082 1
965 71 366 26 5843 1
966 73 349 33 12268 1
967 145 349 33 12268 1
968 79 363 27 13237 1
969 78 349 42 16726 1
970 86 365 32 5948 1
971 84 364 43 18918 1
972 71 369 29 10184 1
973 80 363 29 14132 1
974 78 365 37 18192 1
975 84 369 34 16746 1
976 167 369 34 16746 1
977 71 366 45 9452 1
978 72 366 31 8521 1
979 55 365 26 12757 1
980 108 366 65 30027 1
981 115 363 61 22728 1
982 95 365 45 12460 1
983 80 363 48 9943 1
984 159 363 48 9943 1
985 79 364 38 12220 1
986 86 368 17 6736 1
987 64 365 31 7554 1
988 78 368 19 10196 1
989 78 349 36 11130 1
990 80 365 38 18086 1
991 65 369 27 9153 1
992 91 365 36 9585 1
993 86 366 53 14239 1
994 67 368 55 19107 1
995 73 366 47 9545 1
996 74 368 26 11317 1
997 81 364 49 11824 1
998 161 364 49 11824 1
999 241 364 49 11824 1
1000 78 368 25 7376 1
1001 86 364 66 27547 1
1002 72 349 28 8378 1
1003 71 369 38 19197 1
1004 141 369 38 19197 1
1005 70 368 44 21594 1
1006 60 369 39 13971 1
1007 72 365 42 8587 1
1008 64 364 88 45389 1
1009 72 365 46 22282 1
1010 69 368 37 13935 1
1011 137 368 37 13935 1
1012 70 364 51 26425 1
1013 72 363 33 9914 1
1014 66 364 49 17519 1
1015 77 368 22 10038 1
1016 92 400 51 25539 1
1017 90 397 38 8409 1
1018 91 400 35 16476 1
1019 79 398 16 4541 1
1020 77 396 41 19423 1
1021 153 396 41 19423 1
1022 141 396 41 12908 1
1023 92 397 55 31645 1
1024 183 397 55 31645 1
1025 274 397 55 31645 1
1026 365 397 55 31645 1
1027 456 397 55 31645 1
1028 547 397 55 31645 1
1029 90 396 41 17392 1
1030 86 399 39 21576 1
1031 171 399 39 21576 1
1032 91 400 43 25629 1
1033 181 400 43 25629 1
1034 92 400 49 18214 1
1035 91 396 64 34259 1
1036 79 399 36 11847 1
1037 92 397 51 29986 1
16
500 500 500 500 425 425 400 400 440 500 500 400 500 500 500 550 