1037
1 8 137 24 2923 1
2 15 137 24 2923 1
3 22 137 24 2923 1
4 29 137 24 2923 1
5 7 140 12 1609 1
6 8 118 6 743 1
7 15 118 6 743 1
8 22 118 6 743 1
9 29 118 6 743 1
10 9 118 19 1757 1
11 17 118 19 1757 1
12 14 139 19 2588 1
13 14 101 27 3879 1
14 9 117 11 1201 1
15 19 141 30 3324 1
16 9 138 28 2567 1
17 9 133 28 4339 1
18 17 133 28 4339 1
19 12 140 34 5256 1
20 15 133 17 1866 1
21 6 137 22 2418 1
22 9 117 35 5920 1
23 6 125 13 1586 1
24 11 125 13 1586 1
25 8 101 8 444 1
26 15 101 8 444 1
27 9 140 5 1046 1
28 17 140 5 1046 1
29 34 133 14 1133 1
30 9 138 14 1311 1
31 17 138 14 1311 1
32 25 138 14 1311 1
33 8 132 14 1371 1
34 15 132 14 1371 1
35 22 132 14 1371 1
36 7 132 21 3136 1
37 13 125 35 5524 1
38 11 141 45 6372 1
39 21 141 45 6372 1
40 31 141 45 6372 1
41 8 117 33 2526 1
42 15 117 33 2526 1
43 16 118 12 1237 1
44 31 118 12 1237 1
45 8 127 36 2958 1
46 8 129 43 7444 1
47 59 121 40 6989 1
48 9 137 32 5761 1
49 17 137 32 5761 1
50 25 137 32 5761 1
51 33 137 32 5761 1
52 9 134 19 2177 1
53 17 134 19 2177 1
54 7 132 31 4187 1
55 8 125 43 7860 1
56 15 125 43 7860 1
57 22 125 43 7860 1
58 12 133 26 2768 1
59 9 118 21 2696 1
60 9 125 18 2944 1
61 9 129 35 4723 1
62 17 129 35 4723 1
63 14 139 49 9696 1
64 9 118 24 3203 1
65 8 121 23 3583 1
66 15 121 23 3583 1
67 9 118 24 2745 1
68 9 121 19 2239 1
69 24 138 15 2303 1
70 8 141 38 6309 1
71 15 141 38 6309 1
72 22 141 38 6309 1
73 16 118 52 7983 1
74 14 137 9 766 1
75 27 134 44 3158 1
76 16 118 22 2133 1
77 10 141 17 1483 1
78 29 137 12 1930 1
79 8 141 7 1170 1
80 6 101 39 2397 1
81 7 121 27 2092 1
82 8 141 48 7991 1
83 4 117 8 1336 1
84 16 137 25 2205 1
85 8 101 27 2073 1
86 8 141 39 6736 1
87 9 118 56 5427 1
88 4 138 27 4727 1
89 10 117 14 981 1
90 15 141 29 4595 1
91 29 141 29 4595 1
92 8 117 18 3124 1
93 15 117 18 3124 1
94 22 117 18 3124 1
95 29 117 18 3124 1
96 8 140 37 5798 1
97 15 140 37 5798 1
98 22 140 37 5798 1
99 29 140 37 5798 1
100 36 140 37 5798 1
101 16 129 16 1281 1
102 11 134 17 2070 1
103 21 134 17 2070 1
104 6 125 11 808 1
105 8 127 11 1064 1
106 15 127 11 1064 1
107 14 121 29 3808 1
108 11 127 13 1998 1
109 16 137 23 2111 1
110 7 117 41 6777 1
111 9 139 16 1456 1
112 11 125 25 3199 1
113 14 121 41 6043 1
114 17 134 14 1900 1
115 8 134 19 1966 1
116 15 134 19 1966 1
117 22 134 19 1966 1
118 29 134 19 1966 1
119 36 134 19 1966 1
120 8 127 46 3207 1
121 15 127 46 3207 1
122 9 140 37 4879 1
123 9 132 13 1541 1
124 13 138 25 2537 1
125 24 141 21 1637 1
126 7 134 20 1755 1
127 9 134 16 1964 1
128 17 134 16 1964 1
129 25 134 16 1964 1
130 33 134 16 1964 1
131 11 138 24 2877 1
132 7 127 21 1841 1
133 7 133 31 4985 1
134 23 125 27 2152 1
135 16 117 38 4845 1
136 31 117 38 4845 1
137 8 127 32 4906 1
138 4 129 25 1698 1
139 7 129 25 1698 1
140 9 118 10 690 1
141 8 134 21 2391 1
142 15 134 21 2391 1
143 22 134 21 2391 1
144 9 138 4 460 1
145 17 138 4 460 1
146 8 127 33 5348 1
147 9 125 16 1317 1
148 9 134 69 12960 1
149 17 134 69 12960 1
150 25 134 69 12960 1
151 9 121 16 2184 1
152 9 133 30 2723 1
153 6 121 36 5386 1
154 8 118 21 2720 1
155 9 141 36 4436 1
156 14 137 24 2393 1
157 8 139 23 4096 1
158 15 139 23 4096 1
159 22 139 23 4096 1
160 8 141 17 1793 1
161 12 134 31 3602 1
162 9 129 48 6848 1
163 11 138 16 1571 1
164 16 129 8 1397 1
165 15 134 17 2454 1
166 9 139 23 3324 1
167 17 139 23 3324 1
168 26 139 11 1525 1
169 20 132 12 2159 1
170 4 129 31 3038 1
171 8 138 49 8065 1
172 8 127 35 3569 1
173 15 127 35 3569 1
174 22 127 35 3569 1
175 12 101 17 1913 1
176 20 138 32 5665 1
177 8 117 24 4200 1
178 16 132 23 1911 1
179 31 132 23 1911 1
180 26 138 21 1700 1
181 12 138 44 6205 1
182 7 117 22 1870 1
183 9 132 20 3604 1
184 9 129 24 4385 1
185 9 129 40 6287 1
186 17 129 40 6287 1
187 25 129 40 6287 1
188 15 121 36 3738 1
189 15 129 12 1065 1
190 15 137 12 1772 1
191 29 137 12 1772 1
192 11 127 26 1759 1
193 9 138 22 4144 1
194 6 141 17 3321 1
195 11 141 17 3321 1
196 9 137 16 2883 1
197 17 137 16 2883 1
198 9 101 17 911 1
199 17 101 17 911 1
200 25 101 17 911 1
201 12 139 55 11127 1
202 23 139 55 11127 1
203 34 139 55 11127 1
204 8 101 39 3940 1
205 10 121 23 4153 1
206 19 121 23 4153 1
207 10 125 38 4265 1
208 15 138 21 1848 1
209 8 125 15 2460 1
210 15 125 15 2460 1
211 22 125 15 2460 1
212 9 133 38 6318 1
213 17 133 38 6318 1
214 25 133 38 6318 1
215 9 118 21 1724 1
216 8 137 12 2053 1
217 15 137 12 2053 1
218 22 137 12 2053 1
219 28 138 33 4549 1
220 6 129 30 3530 1
221 15 127 17 1198 1
222 10 141 14 1114 1
223 18 101 5 264 1
224 35 101 5 264 1
225 8 118 5 782 1
226 15 118 5 782 1
227 16 137 47 5149 1
228 13 127 37 3606 1
229 14 129 18 2479 1
230 10 129 7 529 1
231 8 127 15 1465 1
232 15 127 15 1465 1
233 9 129 33 5613 1
234 17 129 33 5613 1
235 22 139 20 3483 1
236 6 125 7 796 1
237 11 125 7 796 1
238 8 117 37 3824 1
239 15 117 37 3824 1
240 22 117 37 3824 1
241 29 117 37 3824 1
242 15 129 19 2136 1
243 43 125 47 6770 1
244 8 121 28 4503 1
245 15 121 28 4503 1
246 22 121 28 4503 1
247 29 121 28 4503 1
248 8 125 25 3653 1
249 8 125 17 2515 1
250 15 125 17 2515 1
251 22 125 17 2515 1
252 29 125 17 2515 1
253 11 117 5 700 1
254 12 134 18 3541 1
255 16 118 33 4321 1
256 8 140 13 2014 1
257 7 129 18 2764 1
258 8 117 25 3363 1
259 9 118 14 1670 1
260 9 127 13 1972 1
261 17 127 13 1972 1
262 25 127 13 1972 1
263 8 117 39 2865 1
264 10 134 22 1614 1
265 19 134 22 1614 1
266 28 134 22 1614 1
267 11 137 27 5394 1
268 21 137 27 5394 1
269 31 137 27 5394 1
270 161 121 23 3351 1
271 10 138 9 1782 1
272 10 137 29 4462 1
273 19 137 29 4462 1
274 9 138 31 2382 1
275 17 138 31 2382 1
276 25 138 31 2382 1
277 9 140 5 394 1
278 15 139 38 7361 1
279 7 132 8 957 1
280 13 132 8 957 1
281 19 132 8 957 1
282 9 129 19 2829 1
283 22 132 21 2603 1
284 8 138 17 2101 1
285 8 132 18 1270 1
286 12 154 27 4166 1
287 11 147 28 3667 1
288 21 147 28 3667 1
289 31 147 28 3667 1
290 15 168 15 1710 1
291 16 167 22 2777 1
292 13 160 29 3373 1
293 11 154 20 2341 1
294 21 154 20 2341 1
295 31 154 20 2341 1
296 41 154 20 2341 1
297 11 168 32 4534 1
298 15 145 21 3674 1
299 11 168 30 6507 1
300 12 147 34 4992 1
301 23 147 34 4992 1
302 15 145 33 5095 1
303 12 147 42 5518 1
304 23 147 42 5518 1
305 13 157 26 4146 1
306 25 157 26 4146 1
307 37 157 26 4146 1
308 49 157 26 4146 1
309 7 147 46 9346 1
310 11 167 58 7646 1
311 21 167 58 7646 1
312 9 169 44 5615 1
313 17 169 44 5615 1
314 14 169 24 4835 1
315 18 170 49 10044 1
316 8 151 24 4302 1
317 15 151 24 4302 1
318 22 151 24 4302 1
319 29 151 24 4302 1
320 12 158 30 6102 1
321 23 158 30 6102 1
322 15 165 26 4946 1
323 10 151 36 6261 1
324 19 151 36 6261 1
325 25 145 47 8313 1
326 43 167 51 5740 1
327 15 149 17 1437 1
328 10 160 33 2789 1
329 23 165 36 4311 1
330 8 145 23 4452 1
331 13 145 23 2137 1
332 25 145 23 2137 1
333 37 145 23 2137 1
334 24 149 4 501 1
335 47 149 4 501 1
336 17 145 8 1453 1
337 15 157 7 844 1
338 29 157 7 844 1
339 12 170 30 6546 1
340 23 170 30 6546 1
341 34 170 30 6546 1
342 11 170 34 5217 1
343 16 158 54 4981 1
344 31 158 54 4981 1
345 46 158 54 4981 1
346 11 161 40 9036 1
347 21 161 40 9036 1
348 14 169 24 3176 1
349 15 149 24 4876 1
350 15 169 50 10604 1
351 16 145 26 5395 1
352 18 147 8 917 1
353 35 147 8 917 1
354 16 151 16 1799 1
355 15 145 41 5205 1
356 13 160 35 8295 1
357 12 151 56 5957 1
358 23 151 56 5957 1
359 34 151 56 5957 1
360 17 145 45 6163 1
361 10 167 40 9346 1
362 9 157 35 7164 1
363 33 169 38 7451 1
364 12 170 39 5813 1
365 20 168 32 3187 1
366 12 149 14 2011 1
367 225 147 27 3106 1
368 15 147 24 3852 1
369 10 161 27 6038 1
370 19 161 27 6038 1
371 12 157 28 2460 1
372 13 145 21 3238 1
373 25 145 21 3238 1
374 37 145 21 3238 1
375 49 145 21 3238 1
376 61 145 21 3238 1
377 73 145 21 3238 1
378 85 145 21 3238 1
379 9 151 18 2393 1
380 16 165 48 7350 1
381 12 170 45 6013 1
382 23 170 45 6013 1
383 34 170 45 6013 1
384 15 167 28 4559 1
385 31 158 43 6876 1
386 11 160 27 5559 1
387 9 149 37 3991 1
388 12 157 18 3827 1
389 11 168 32 7795 1
390 21 168 32 7795 1
391 15 151 39 7580 1
392 29 151 39 7580 1
393 11 158 47 6432 1
394 21 158 47 6432 1
395 31 158 47 6432 1
396 13 154 39 7535 1
397 25 154 39 7535 1
398 12 157 23 2147 1
399 23 157 23 2147 1
400 11 151 10 869 1
401 21 151 10 869 1
402 31 151 10 869 1
403 11 170 34 4223 1
404 21 170 34 4223 1
405 31 170 34 4223 1
406 41 170 34 4223 1
407 12 168 33 6013 1
408 12 147 71 14091 1
409 7 151 34 7538 1
410 12 154 27 2143 1
411 23 154 27 2143 1
412 34 154 27 2143 1
413 15 154 32 6128 1
414 13 170 34 3050 1
415 25 170 34 3050 1
416 16 161 40 7780 1
417 9 157 25 3328 1
418 12 145 19 2919 1
419 13 158 12 1154 1
420 25 158 12 1154 1
421 11 167 18 2517 1
422 11 168 57 10796 1
423 11 149 21 2768 1
424 21 149 21 2768 1
425 31 149 21 2768 1
426 41 149 21 2768 1
427 13 154 27 4761 1
428 25 154 27 4761 1
429 9 151 52 9120 1
430 17 147 13 2137 1
431 25 169 25 4991 1
432 13 167 55 9171 1
433 25 167 55 9171 1
434 37 167 55 9171 1
435 8 147 22 3348 1
436 7 168 25 6134 1
437 23 157 16 2507 1
438 26 158 1 185 1
439 10 151 3 652 1
440 15 161 22 4583 1
441 14 145 23 4752 1
442 8 168 56 11706 1
443 15 168 56 11706 1
444 15 147 20 4000 1
445 12 168 54 13605 1
446 23 168 54 13605 1
447 9 158 14 3281 1
448 8 157 16 2458 1
449 15 157 16 2458 1
450 22 168 22 2492 1
451 9 158 23 2726 1
452 17 158 23 2726 1
453 12 167 30 5488 1
454 15 168 24 5183 1
455 29 168 24 5183 1
456 43 168 24 5183 1
457 57 168 24 5183 1
458 12 169 33 7735 1
459 11 165 29 6762 1
460 21 147 17 2661 1
461 13 154 40 6058 1
462 158 167 18 3584 1
463 9 160 44 7427 1
464 23 147 29 4681 1
465 45 147 29 4681 1
466 11 167 24 5726 1
467 21 167 24 5726 1
468 12 160 22 3149 1
469 23 160 22 3149 1
470 34 160 22 3149 1
471 11 170 75 15678 1
472 11 167 38 3420 1
473 15 149 23 4908 1
474 9 149 24 4937 1
475 17 149 24 4937 1
476 12 154 22 2506 1
477 11 154 37 3167 1
478 50 145 5 841 1
479 16 161 39 5902 1
480 31 161 39 5902 1
481 16 165 100 10815 1
482 31 165 100 10815 1
483 46 165 100 10815 1
484 22 154 52 11077 1
485 43 154 52 11077 1
486 64 154 52 11077 1
487 14 161 42 6319 1
488 27 161 42 6319 1
489 12 149 12 1548 1
490 18 145 8 770 1
491 18 161 5 1066 1
492 15 154 26 4627 1
493 9 160 31 3824 1
494 37 160 19 2987 1
495 9 168 6 1069 1
496 8 169 36 4627 1
497 8 158 7 935 1
498 9 145 29 2159 1
499 13 147 21 4170 1
500 16 160 56 12898 1
501 17 161 7 1332 1
502 13 167 16 2252 1
503 7 154 16 1435 1
504 16 147 26 3140 1
505 16 157 19 2523 1
506 31 157 19 2523 1
507 23 169 51 12401 1
508 7 157 23 5377 1
509 25 169 60 13873 1
510 49 169 60 13873 1
511 11 165 5 649 1
512 21 165 5 649 1
513 12 165 24 5517 1
514 12 147 38 5217 1
515 23 147 38 5217 1
516 15 160 24 2935 1
517 16 158 23 2961 1
518 3 154 30 5254 1
519 10 170 37 7147 1
520 19 170 37 7147 1
521 28 170 37 7147 1
522 9 168 36 6823 1
523 17 168 12 1597 1
524 8 169 33 5930 1
525 15 169 33 5930 1
526 22 169 33 5930 1
527 13 160 49 9837 1
528 13 161 34 7904 1
529 25 161 34 7904 1
530 14 167 22 3805 1
531 7 165 40 7508 1
532 13 165 40 7508 1
533 22 167 2 388 1
534 8 158 17 1473 1
535 12 154 65 8874 1
536 13 165 53 12557 1
537 11 167 32 4728 1
538 25 165 21 4267 1
539 12 154 52 5984 1
540 12 154 16 1513 1
541 24 158 25 2683 1
542 12 149 28 5737 1
543 23 149 28 5737 1
544 13 168 36 4503 1
545 12 170 33 8085 1
546 23 170 33 8085 1
547 13 161 43 9477 1
548 22 157 29 3734 1
549 8 145 21 2967 1
550 8 168 19 4227 1
551 10 158 1 109 1
552 15 147 16 3354 1
553 3 161 21 3842 1
554 5 161 21 3842 1
555 8 158 25 4526 1
556 15 158 25 4526 1
557 22 158 25 4526 1
558 12 170 22 2775 1
559 10 154 29 3113 1
560 15 147 29 5278 1
561 16 160 18 1817 1
562 10 147 14 1598 1
563 19 147 14 1598 1
564 28 147 14 1598 1
565 16 165 40 7954 1
566 8 169 10 2374 1
567 15 169 10 2374 1
568 4 169 22 4391 1
569 8 147 30 3389 1
570 11 160 22 4227 1
571 15 149 36 3285 1
572 8 145 18 2231 1
573 9 165 37 7192 1
574 17 161 37 5137 1
575 15 168 36 6780 1
576 14 167 41 4046 1
577 16 168 35 3086 1
578 24 160 7 1185 1
579 7 145 28 4529 1
580 14 170 12 2435 1
581 24 165 12 1003 1
582 8 145 28 2095 1
583 9 147 22 4556 1
584 12 167 44 9154 1
585 12 165 15 2120 1
586 24 160 25 2860 1
587 46 197 22 2793 1
588 91 197 22 2793 1
589 136 197 22 2793 1
590 44 210 17 4950 1
591 87 210 17 4950 1
592 39 184 10 2235 1
593 43 197 21 5532 1
594 43 183 18 3425 1
595 36 195 16 2192 1
596 22 210 21 2352 1
597 56 211 29 8229 1
598 111 211 29 8229 1
599 19 210 17 4562 1
600 71 210 22 2489 1
601 18 175 13 2229 1
602 15 210 16 4864 1
603 71 208 8 1334 1
604 44 178 24 3909 1
605 26 194 15 2763 1
606 29 207 18 5080 1
607 16 208 5 943 1
608 15 194 21 3995 1
609 42 195 29 8225 1
610 44 183 13 3477 1
611 36 208 9 1538 1
612 13 175 17 3140 1
613 25 175 17 3140 1
614 37 175 17 3140 1
615 49 175 17 3140 1
616 36 195 12 1379 1
617 43 211 10 1445 1
618 85 211 10 1445 1
619 43 210 23 6418 1
620 43 184 40 6854 1
621 43 178 9 2287 1
622 71 198 19 4215 1
623 36 195 12 2560 1
624 71 195 12 2560 1
625 58 197 20 2750 1
626 16 183 17 2335 1
627 38 210 26 6097 1
628 44 210 34 10369 1
629 57 207 8 2207 1
630 22 207 27 3600 1
631 44 197 12 2365 1
632 36 195 28 4800 1
633 43 211 13 1743 1
634 15 211 18 1913 1
635 37 178 17 2142 1
636 44 210 11 2493 1
637 45 207 10 1690 1
638 40 175 27 2449 1
639 37 183 14 3095 1
640 35 208 23 3979 1
641 43 211 35 4711 1
642 21 208 20 2151 1
643 45 194 12 1932 1
644 58 175 14 3298 1
645 115 175 14 3298 1
646 16 175 13 2321 1
647 36 175 17 3441 1
648 43 178 20 2316 1
649 20 210 18 5469 1
650 72 207 57 7984 1
651 18 183 11 1252 1
652 43 207 29 4745 1
653 43 194 9 2478 1
654 44 183 8 1572 1
655 45 194 13 3763 1
656 37 210 20 3128 1
657 17 198 13 1961 1
658 71 211 18 4302 1
659 43 175 11 1522 1
660 85 175 11 1522 1
661 127 175 11 1522 1
662 169 175 11 1522 1
663 45 208 28 4189 1
664 89 208 28 4189 1
665 44 207 12 1918 1
666 87 207 12 1918 1
667 56 210 18 1944 1
668 58 207 20 3645 1
669 37 208 18 5220 1
670 73 208 18 5220 1
671 37 211 16 3870 1
672 44 175 9 2009 1
673 23 208 17 1996 1
674 36 198 11 2304 1
675 44 183 11 1492 1
676 58 194 42 6836 1
677 100 211 24 3549 1
678 37 198 13 2981 1
679 32 208 18 3929 1
680 37 208 28 4625 1
681 58 254 12 1754 1
682 35 230 19 6450 1
683 57 261 15 3114 1
684 113 261 15 3114 1
685 40 265 12 2377 1
686 60 277 30 6403 1
687 37 264 18 2768 1
688 30 261 30 9297 1
689 57 260 16 3126 1
690 38 239 19 4206 1
691 48 276 29 8722 1
692 57 257 36 9107 1
693 36 254 37 12312 1
694 71 254 37 12312 1
695 41 272 36 12592 1
696 30 254 28 10436 1
697 28 264 22 8307 1
698 54 260 29 6782 1
699 15 258 11 2790 1
700 78 272 26 5930 1
701 117 279 16 3463 1
702 36 243 29 5913 1
703 71 243 29 5913 1
704 42 262 28 6144 1
705 36 221 25 3311 1
706 65 228 14 3402 1
707 36 216 16 3592 1
708 71 216 16 3592 1
709 57 264 37 5193 1
710 36 267 21 7990 1
711 71 267 21 7990 1
712 16 239 42 11551 1
713 36 220 20 6338 1
714 50 216 24 4450 1
715 44 277 25 8218 1
716 64 216 14 1754 1
717 95 279 24 7975 1
718 58 259 28 5125 1
719 57 276 40 16406 1
720 57 228 19 6199 1
721 51 277 38 13546 1
722 51 243 37 5848 1
723 50 265 29 10372 1
724 37 277 30 7464 1
725 57 279 31 7156 1
726 30 216 12 3720 1
727 59 216 12 3720 1
728 88 216 12 3720 1
729 57 274 22 7131 1
730 94 243 34 11225 1
731 58 216 17 4690 1
732 37 221 21 4286 1
733 73 221 21 4286 1
734 16 221 39 6291 1
735 64 275 21 4222 1
736 37 277 32 13258 1
737 73 277 32 13258 1
738 28 221 26 8553 1
739 15 222 25 7303 1
740 50 255 21 7523 1
741 99 255 21 7523 1
742 50 230 39 6432 1
743 45 259 34 8734 1
744 37 220 30 8424 1
745 36 272 14 4428 1
746 37 228 15 4225 1
747 36 268 25 4077 1
748 66 276 20 6258 1
749 57 276 19 6055 1
750 58 279 41 16052 1
751 57 267 19 6509 1
752 57 265 34 4950 1
753 50 277 26 3740 1
754 29 260 21 4732 1
755 57 222 12 2892 1
756 113 222 12 2892 1
757 169 222 12 2892 1
758 37 265 19 2584 1
759 50 222 15 4590 1
760 50 258 10 2688 1
761 75 228 15 3858 1
762 57 257 16 2742 1
763 113 257 16 2742 1
764 169 257 16 2742 1
765 58 279 29 8377 1
766 41 220 25 5416 1
767 15 221 21 5702 1
768 56 279 19 2848 1
769 36 216 31 6910 1
770 58 255 42 13075 1
771 24 265 37 8028 1
772 59 279 47 6715 1
773 58 240 28 6607 1
774 51 272 22 5843 1
775 101 272 22 5843 1
776 58 303 30 12198 1
777 115 303 30 12198 1
778 58 323 22 8789 1
779 59 300 48 9320 1
780 117 300 48 9320 1
781 175 300 48 9320 1
782 70 336 18 8491 1
783 58 293 24 6295 1
784 57 281 26 7618 1
785 58 333 39 7452 1
786 115 333 39 7452 1
787 37 336 77 36067 1
788 37 332 33 9514 1
789 6 333 26 9856 1
790 36 332 42 12643 1
791 71 332 42 12643 1
792 35 335 35 17231 1
793 26 292 29 7557 1
794 33 292 39 13544 1
795 29 337 49 24263 1
796 57 282 55 19967 1
797 113 282 55 19967 1
798 56 292 21 5985 1
799 111 292 21 5985 1
800 166 292 21 5985 1
801 221 292 21 5985 1
802 276 292 21 5985 1
803 331 292 21 5985 1
804 386 292 21 5985 1
805 441 292 21 5985 1
806 496 292 21 5985 1
807 29 293 31 5504 1
808 36 304 26 5884 1
809 35 336 33 9538 1
810 69 336 33 9538 1
811 57 333 33 16460 1
812 113 333 33 16460 1
813 169 333 33 16460 1
814 225 333 33 16460 1
815 57 335 35 10025 1
816 113 335 35 10025 1
817 169 335 35 10025 1
818 225 335 35 10025 1
819 58 337 47 22519 1
820 36 293 29 9036 1
821 68 304 21 8089 1
822 78 303 42 14330 1
823 40 305 25 11263 1
824 78 338 44 15627 1
825 58 303 32 8075 1
826 51 338 63 22129 1
827 59 300 20 4734 1
828 58 335 40 9945 1
829 115 335 40 9945 1
830 58 332 66 25500 1
831 115 332 66 25500 1
832 172 332 66 25500 1
833 229 332 66 25500 1
834 286 332 66 25500 1
835 343 332 66 25500 1
836 400 332 66 25500 1
837 57 293 21 5707 1
838 113 293 21 5707 1
839 30 292 13 4722 1
840 79 333 41 14525 1
841 78 299 54 15564 1
842 56 281 37 7217 1
843 57 332 46 19885 1
844 13 304 18 6701 1
845 56 294 16 4179 1
846 57 294 25 8305 1
847 56 292 26 6638 1
848 111 292 26 6638 1
849 166 292 26 6638 1
850 78 337 29 9806 1
851 58 323 30 7544 1
852 115 323 30 7544 1
853 35 303 26 7906 1
854 58 338 32 5672 1
855 83 282 29 6588 1
856 58 316 9 2071 1
857 73 299 33 12618 1
858 58 305 26 6618 1
859 115 305 26 6618 1
860 172 305 26 6618 1
861 229 305 26 6618 1
862 37 282 41 13594 1
863 4 293 29 12507 1
864 59 316 25 7104 1
865 117 316 25 7104 1
866 57 333 44 20086 1
867 113 333 44 20086 1
868 29 282 29 8734 1
869 51 305 27 10872 1
870 58 335 39 9150 1
871 115 335 39 9150 1
872 35 336 34 10107 1
873 78 316 38 8571 1
874 73 299 32 9578 1
875 56 304 17 7032 1
876 111 304 17 7032 1
877 72 316 31 12246 1
878 57 323 29 12672 1
879 113 323 29 12672 1
880 74 323 24 5669 1
881 147 323 24 5669 1
882 57 323 34 15781 1
883 78 349 56 11309 1
884 155 349 56 11309 1
885 66 364 39 21194 1
886 72 366 35 15471 1
887 143 366 35 15471 1
888 71 369 42 9649 1
889 141 369 42 9649 1
890 78 364 76 28841 1
891 80 365 28 5782 1
892 72 365 31 11607 1
893 71 364 39 20051 1
894 72 366 35 10625 1
895 85 349 45 21600 1
896 88 363 35 12667 1
897 76 365 41 21051 1
898 151 365 41 21051 1
899 96 349 40 13447 1
900 145 366 30 11084 1
901 107 368 26 10876 1
902 79 365 53 15832 1
903 157 365 53 15832 1
904 64 363 29 13010 1
905 85 368 41 14876 1
906 71 364 51 14515 1
907 84 363 43 18567 1
908 70 349 19 4239 1
909 71 363 33 13103 1
910 93 366 50 19517 1
911 107 365 25 9977 1
912 70 369 40 21400 1
913 139 369 40 21400 1
914 208 369 40 21400 1
915 277 369 40 21400 1
916 90 369 41 17324 1
917 92 349 38 16425 1
918 76 364 47 11082 1
919 72 365 41 18553 1
920 78 368 44 9132 1
921 79 364 59 28511 1
922 157 364 59 28511 1
923 78 368 43 20557 1
924 155 368 43 20557 1
925 72 366 39 20428 1
926 92 369 47 15237 1
927 71 368 34 17325 1
928 141 368 34 17325 1
929 211 368 34 17325 1
930 85 363 35 10020 1
931 78 366 35 7219 1
932 155 366 35 7219 1
933 72 363 33 15135 1
934 143 363 33 15135 1
935 214 363 33 15135 1
936 106 369 35 18742 1
937 70 364 44 20317 1
938 86 363 40 19100 1
939 94 349 36 12065 1
940 79 364 29 10140 1
941 157 364 29 10140 1
942 81 363 37 11258 1
943 71 369 42 11114 1
944 78 365 37 10044 1
945 86 365 37 18981 1
946 85 366 37 7700 1
947 124 363 82 33387 1
948 81 363 37 8332 1
949 70 366 57 23229 1
950 71 369 55 24895 1
951 69 365 28 8556 1
952 137 365 28 8556 1
953 85 369 55 22007 1
954 72 364 47 14703 1
955 65 368 66 17717 1
956 65 364 49 24580 1
957 85 366 51 19515 1
958 73 364 75 21074 1
959 80 365 28 13067 1
960 72 364 42 13360 1
961 143 364 42 13360 1
962 78 366 47 23749 1
963 73 368 44 12148 1
964 77 368 45 24081 1
965 157 369 38 20058 1
966 71 349 62 11072 1
967 70 364 49 13503 1
968 93 365 50 10619 1
969 80 365 31 16681 1
970 159 365 31 16681 1
971 76 363 61 19440 1
972 72 363 35 9930 1
973 72 363 26 8524 1
974 71 364 32 17048 1
975 71 363 43 20281 1
976 80 369 54 16940 1
977 77 364 37 9767 1
978 153 364 37 9767 1
979 83 365 54 17527 1
980 80 365 30 5768 1
981 79 349 30 5575 1
982 132 366 53 24026 1
983 70 363 23 7320 1
984 139 363 23 7320 1
985 86 363 26 9375 1
986 171 363 26 9375 1
987 72 369 32 16128 1
988 70 364 37 10844 1
989 92 363 37 11906 1
990 93 349 49 10212 1
991 80 369 26 12364 1
992 95 364 41 19360 1
993 71 365 51 16459 1
994 71 368 40 17461 1
995 73 363 31 14775 1
996 85 366 55 16672 1
997 76 349 42 21102 1
998 151 349 42 21102 1
999 79 349 80 22536 1
1000 70 366 35 17279 1
1001 71 369 70 37046 1
1002 87 364 49 15222 1
1003 79 365 40 19585 1
1004 109 364 47 9390 1
1005 71 363 37 7457 1
1006 86 349 65 33815 1
1007 60 363 34 10368 1
1008 73 349 17 5495 1
1009 145 349 17 5495 1
1010 73 369 75 20194 1
1011 76 364 72 33063 1
1012 85 363 34 18233 1
1013 71 365 27 14379 1
1014 87 368 28 7407 1
1015 71 364 49 13692 1
1016 102 399 59 20970 1
1017 83 400 53 25651 1
1018 77 397 33 10557 1
1019 79 396 30 11644 1
1020 157 396 30 11644 1
1021 92 396 38 9270 1
1022 86 397 69 22813 1
1023 171 397 69 22813 1
1024 94 396 41 14125 1
1025 152 397 45 26012 1
1026 80 399 46 13638 1
1027 74 399 44 25307 1
1028 87 398 43 12564 1
1029 83 400 91 35702 1
1030 145 398 34 7819 1
1031 92 400 45 20273 1
1032 79 398 30 17676 1
1033 91 396 45 9700 1
1034 181 396 45 9700 1
1035 271 396 45 9700 1
1036 89 400 45 14144 1
1037 80 399 59 14267 1
16
500 500 500 500 425 425 400 400 440 500 500 400 500 500 500 550 