1037
1 4 134 35 5002 1
2 9 137 36 7146 1
3 17 137 36 7146 1
4 25 137 36 7146 1
5 33 137 36 7146 1
6 13 121 19 2208 1
7 25 121 19 2208 1
8 9 101 21 1843 1
9 17 140 29 3461 1
10 50 117 21 3552 1
11 16 121 16 2229 1
12 31 121 16 2229 1
13 7 137 17 2053 1
14 13 137 17 2053 1
15 19 137 17 2053 1
16 8 127 9 1247 1
17 26 118 10 1379 1
18 9 141 21 3253 1
19 17 141 21 3253 1
20 9 133 54 9373 1
21 17 133 54 9373 1
22 5 140 20 2096 1
23 3 140 32 3696 1
24 15 127 4 641 1
25 9 101 21 1151 1
26 17 101 21 1151 1
27 8 138 29 4007 1
28 15 138 29 4007 1
29 22 138 29 4007 1
30 29 138 29 4007 1
31 15 134 34 2279 1
32 16 133 26 4338 1
33 4 118 27 4576 1
34 12 129 26 3981 1
35 9 117 30 3570 1
36 12 129 8 1261 1
37 9 101 17 1537 1
38 8 141 34 4254 1
39 9 141 30 5750 1
40 7 138 54 9792 1
41 13 138 54 9792 1
42 9 117 15 2412 1
43 15 121 27 2613 1
44 9 139 37 2683 1
45 17 139 37 2683 1
46 15 117 3 425 1
47 29 117 3 425 1
48 9 125 22 3432 1
49 16 125 20 1541 1
50 9 134 24 2812 1
51 8 118 32 4379 1
52 22 138 17 1941 1
53 33 133 21 1870 1
54 10 121 24 4151 1
55 24 132 20 2985 1
56 8 132 36 3042 1
57 15 132 36 3042 1
58 22 132 36 3042 1
59 9 133 34 3640 1
60 17 133 34 3640 1
61 14 117 33 2276 1
62 9 125 21 2650 1
63 10 133 17 2726 1
64 19 133 17 2726 1
65 9 137 23 4287 1
66 9 140 40 5714 1
67 9 132 14 2314 1
68 10 140 29 4381 1
69 16 140 37 3951 1
70 8 127 10 1111 1
71 15 127 10 1111 1
72 8 137 44 3745 1
73 15 138 7 745 1
74 9 118 21 1303 1
75 17 118 21 1303 1
76 25 118 21 1303 1
77 19 125 17 3150 1
78 8 139 27 2908 1
79 8 138 28 4414 1
80 8 133 11 1572 1
81 17 118 40 2921 1
82 9 141 35 6986 1
83 9 121 36 4355 1
84 17 121 36 4355 1
85 8 141 17 3386 1
86 15 141 17 3386 1
87 22 141 17 3386 1
88 25 139 18 3249 1
89 9 139 23 2999 1
90 7 117 4 289 1
91 13 117 4 289 1
92 8 129 16 1796 1
93 15 129 16 1796 1
94 22 129 16 1796 1
95 8 138 24 4691 1
96 16 134 13 1077 1
97 9 118 12 908 1
98 7 133 16 1920 1
99 17 125 13 1772 1
100 15 137 42 7939 1
101 16 132 43 8066 1
102 31 132 43 8066 1
103 8 137 41 5790 1
104 15 137 41 5790 1
105 22 137 41 5790 1
106 29 137 41 5790 1
107 36 137 41 5790 1
108 8 125 4 517 1
109 15 125 4 517 1
110 7 132 15 2424 1
111 27 138 36 3038 1
112 53 138 36 3038 1
113 16 139 14 2038 1
114 6 117 27 2496 1
115 5 121 32 4311 1
116 8 101 27 1943 1
117 13 139 32 6590 1
118 9 138 35 4808 1
119 8 129 33 4057 1
120 8 132 16 1164 1
121 15 132 16 1164 1
122 22 132 16 1164 1
123 29 132 16 1164 1
124 8 132 20 1596 1
125 9 137 30 5290 1
126 9 133 26 4765 1
127 35 141 43 8709 1
128 9 132 16 2123 1
129 17 132 16 2123 1
130 25 132 16 2123 1
131 17 133 25 3017 1
132 16 138 26 2139 1
133 9 139 21 2219 1
134 17 139 21 2219 1
135 4 129 8 1052 1
136 18 132 28 4869 1
137 16 121 20 3426 1
138 8 139 17 1589 1
139 9 140 19 3367 1
140 9 140 22 3928 1
141 14 137 18 2080 1
142 8 117 9 1468 1
143 8 132 24 1832 1
144 10 117 8 830 1
145 19 117 8 830 1
146 9 101 8 831 1
147 17 101 8 831 1
148 8 121 2 315 1
149 3 141 52 4636 1
150 19 137 30 5037 1
151 8 138 8 582 1
152 16 129 21 2177 1
153 9 101 14 1631 1
154 15 117 26 2368 1
155 15 137 23 1764 1
156 9 141 32 3874 1
157 8 121 19 2794 1
158 8 132 18 2043 1
159 15 132 18 2043 1
160 5 141 11 1130 1
161 9 121 21 3234 1
162 27 138 24 4161 1
163 9 133 20 2776 1
164 17 133 20 2776 1
165 7 121 9 647 1
166 8 121 5 572 1
167 9 101 17 1417 1
168 17 101 17 1417 1
169 25 101 17 1417 1
170 9 121 18 1984 1
171 8 139 36 5267 1
172 15 139 36 5267 1
173 9 101 17 1444 1
174 78 121 13 2150 1
175 9 132 9 999 1
176 17 132 9 999 1
177 25 132 9 999 1
178 33 132 9 999 1
179 19 121 19 2088 1
180 16 139 8 1214 1
181 36 139 28 3892 1
182 9 132 41 5873 1
183 9 138 1 197 1
184 17 138 1 197 1
185 25 138 1 197 1
186 33 138 1 197 1
187 10 121 28 3855 1
188 10 127 12 816 1
189 3 139 39 7914 1
190 8 121 55 7888 1
191 15 121 55 7888 1
192 8 140 23 2136 1
193 15 140 23 2136 1
194 8 139 21 3875 1
195 15 139 21 3875 1
196 22 139 21 3875 1
197 29 139 21 3875 1
198 9 125 18 3072 1
199 10 139 11 1246 1
200 19 139 11 1246 1
201 8 121 18 2561 1
202 8 134 13 1991 1
203 8 127 18 3215 1
204 8 127 29 2730 1
205 16 127 18 1840 1
206 8 141 19 2822 1
207 9 132 19 2290 1
208 17 132 19 2290 1
209 25 132 19 2290 1
210 27 127 26 4623 1
211 13 139 31 3957 1
212 8 134 45 5543 1
213 15 134 45 5543 1
214 15 137 13 2301 1
215 8 127 11 1896 1
216 15 127 11 1896 1
217 22 127 11 1896 1
218 5 141 35 2868 1
219 9 141 35 2868 1
220 8 138 21 2602 1
221 15 138 21 2602 1
222 22 138 21 2602 1
223 9 141 6 817 1
224 6 132 16 3142 1
225 15 101 28 3474 1
226 8 127 48 7882 1
227 15 127 48 7882 1
228 22 127 48 7882 1
229 13 134 4 361 1
230 8 141 39 3648 1
231 8 132 26 3837 1
232 32 137 45 8238 1
233 8 101 15 789 1
234 15 101 15 789 1
235 9 101 3 159 1
236 8 125 43 5564 1
237 29 134 33 2868 1
238 8 132 25 3590 1
239 15 132 25 3590 1
240 14 132 32 5670 1
241 8 139 50 6290 1
242 15 139 50 6290 1
243 22 139 50 6290 1
244 8 117 38 6303 1
245 9 138 21 2160 1
246 8 138 24 1759 1
247 15 138 24 1759 1
248 22 138 24 1759 1
249 13 139 20 1997 1
250 16 137 28 3156 1
251 15 125 50 7969 1
252 29 125 50 7969 1
253 10 121 6 822 1
254 13 101 3 169 1
255 9 134 71 10450 1
256 82 133 25 3790 1
257 15 141 16 2158 1
258 7 138 11 1745 1
259 11 137 6 848 1
260 8 139 30 3546 1
261 9 134 51 4607 1
262 17 134 51 4607 1
263 9 117 39 2703 1
264 17 117 39 2703 1
265 16 118 21 2618 1
266 9 101 12 1743 1
267 16 127 12 1523 1
268 8 138 4 480 1
269 15 138 4 480 1
270 22 138 4 480 1
271 20 138 20 3656 1
272 24 138 20 1808 1
273 16 117 29 3317 1
274 16 127 32 2972 1
275 9 129 4 289 1
276 8 118 24 2030 1
277 15 118 24 2030 1
278 22 118 24 2030 1
279 8 129 31 4639 1
280 15 129 31 4639 1
281 8 132 37 3316 1
282 15 132 37 3316 1
283 22 132 37 3316 1
284 16 139 5 457 1
285 8 121 15 1277 1
286 11 170 12 1290 1
287 10 157 52 11205 1
288 9 167 13 1861 1
289 8 170 46 7383 1
290 8 145 49 9057 1
291 12 157 29 4626 1
292 10 151 37 6881 1
293 13 154 22 4918 1
294 9 168 38 6116 1
295 9 151 22 1895 1
296 47 149 53 8608 1
297 12 160 14 3245 1
298 8 160 19 2951 1
299 15 160 19 2951 1
300 13 160 24 5283 1
301 9 154 8 1784 1
302 16 149 60 5524 1
303 11 169 18 3136 1
304 16 165 20 4589 1
305 11 169 4 796 1
306 14 165 53 7038 1
307 23 165 46 8632 1
308 24 168 64 13439 1
309 13 165 29 4963 1
310 25 165 29 4963 1
311 11 170 6 1315 1
312 21 170 6 1315 1
313 31 170 6 1315 1
314 41 170 6 1315 1
315 13 154 5 1103 1
316 25 154 5 1103 1
317 23 157 20 2382 1
318 21 161 28 6419 1
319 22 168 32 6521 1
320 11 165 41 9369 1
321 21 165 41 9369 1
322 31 165 41 9369 1
323 13 154 30 4623 1
324 10 169 26 2570 1
325 8 154 6 901 1
326 13 170 30 7061 1
327 25 170 30 7061 1
328 10 165 45 10355 1
329 11 158 17 3220 1
330 12 167 26 3632 1
331 12 170 51 8981 1
332 23 170 51 8981 1
333 34 170 51 8981 1
334 45 170 51 8981 1
335 56 170 51 8981 1
336 10 147 35 6173 1
337 22 170 11 1949 1
338 24 158 6 1225 1
339 8 145 25 2456 1
340 16 158 34 3207 1
341 11 169 25 4336 1
342 9 145 12 2083 1
343 16 168 44 8635 1
344 36 169 23 2375 1
345 11 154 27 5498 1
346 10 168 23 4338 1
347 19 168 23 4338 1
348 28 168 23 4338 1
349 11 168 20 2241 1
350 21 168 20 2241 1
351 8 160 23 2117 1
352 8 151 33 4865 1
353 22 147 38 6855 1
354 9 151 35 4786 1
355 90 145 24 3378 1
356 16 145 43 3352 1
357 34 161 34 4472 1
358 12 149 22 3234 1
359 11 158 40 6577 1
360 11 161 7 1313 1
361 13 161 28 4065 1
362 25 161 28 4065 1
363 37 161 28 4065 1
364 49 161 28 4065 1
365 61 161 28 4065 1
366 11 169 28 4136 1
367 12 165 21 5187 1
368 23 165 21 5187 1
369 34 165 21 5187 1
370 45 147 31 4543 1
371 43 149 39 4785 1
372 14 154 46 3690 1
373 27 154 46 3690 1
374 12 145 21 1839 1
375 23 145 21 1839 1
376 40 157 17 2813 1
377 23 169 14 1350 1
378 11 170 24 2257 1
379 15 157 34 3078 1
380 29 157 34 3078 1
381 11 154 11 1018 1
382 21 154 11 1018 1
383 7 170 101 24421 1
384 13 147 11 1706 1
385 11 167 14 1844 1
386 11 160 38 3484 1
387 21 160 38 3484 1
388 31 160 38 3484 1
389 7 154 71 7008 1
390 9 167 27 5335 1
391 12 169 9 1661 1
392 13 154 37 7466 1
393 25 154 37 7466 1
394 37 154 37 7466 1
395 12 145 32 5620 1
396 12 151 35 4186 1
397 23 151 35 4186 1
398 17 158 51 6644 1
399 8 157 27 2386 1
400 12 145 11 1662 1
401 23 145 11 1662 1
402 34 145 11 1662 1
403 8 157 52 6629 1
404 15 157 52 6629 1
405 22 157 52 6629 1
406 16 149 38 7856 1
407 31 149 38 7856 1
408 9 158 17 3603 1
409 9 168 69 15018 1
410 11 154 39 4888 1
411 21 154 39 4888 1
412 9 165 43 4654 1
413 7 170 41 5107 1
414 12 158 34 7493 1
415 10 169 41 5763 1
416 8 158 39 4716 1
417 15 158 39 4716 1
418 22 158 39 4716 1
419 29 158 39 4716 1
420 36 158 39 4716 1
421 43 158 39 4716 1
422 38 161 20 4582 1
423 12 170 33 7581 1
424 11 161 20 2554 1
425 17 168 33 5224 1
426 33 168 33 5224 1
427 11 151 17 3491 1
428 12 169 4 961 1
429 23 169 4 961 1
430 12 145 20 2119 1
431 23 145 20 2119 1
432 34 145 20 2119 1
433 23 165 22 4303 1
434 13 154 17 3432 1
435 14 145 24 4287 1
436 27 145 24 4287 1
437 40 145 24 4287 1
438 53 145 24 4287 1
439 12 168 39 8585 1
440 23 168 39 8585 1
441 9 145 5 498 1
442 13 167 35 7438 1
443 25 167 35 7438 1
444 37 167 35 7438 1
445 49 167 35 7438 1
446 14 160 38 3991 1
447 23 151 20 1611 1
448 11 160 56 11759 1
449 21 160 56 11759 1
450 31 160 56 11759 1
451 3 160 34 4902 1
452 15 161 24 3947 1
453 23 165 36 3769 1
454 12 161 17 2488 1
455 3 167 30 7007 1
456 21 145 2 199 1
457 7 149 46 5991 1
458 9 170 44 4938 1
459 17 170 44 4938 1
460 25 170 44 4938 1
461 15 158 25 5845 1
462 23 147 6 1319 1
463 9 169 25 6272 1
464 8 169 37 8244 1
465 31 158 30 4404 1
466 9 169 16 3167 1
467 10 151 51 9701 1
468 42 167 31 6872 1
469 12 161 40 9504 1
470 8 145 37 6566 1
471 10 154 25 2359 1
472 19 154 25 2359 1
473 11 168 18 2257 1
474 19 169 34 2922 1
475 12 158 49 8746 1
476 23 158 49 8746 1
477 34 158 49 8746 1
478 13 145 47 8615 1
479 12 154 46 4608 1
480 7 151 25 5231 1
481 13 151 25 5231 1
482 19 151 25 5231 1
483 25 151 25 5231 1
484 12 147 43 6650 1
485 23 147 43 6650 1
486 13 157 44 10262 1
487 15 167 8 1410 1
488 14 154 4 650 1
489 22 151 50 3928 1
490 40 151 38 6968 1
491 11 154 31 3167 1
492 45 169 63 7601 1
493 9 147 20 3771 1
494 24 161 28 4993 1
495 8 168 27 2302 1
496 11 145 20 4058 1
497 21 145 20 4058 1
498 31 145 20 4058 1
499 12 149 33 4547 1
500 11 161 26 5637 1
501 15 151 56 11686 1
502 16 158 40 3863 1
503 11 151 28 3593 1
504 8 145 39 4905 1
505 11 161 41 7130 1
506 12 157 23 5171 1
507 10 154 12 1972 1
508 19 154 12 1972 1
509 11 170 28 5995 1
510 21 170 28 5995 1
511 8 154 33 4941 1
512 10 169 22 2140 1
513 8 169 2 280 1
514 9 161 5 901 1
515 17 161 5 901 1
516 3 161 17 2874 1
517 21 161 25 5525 1
518 135 149 19 3952 1
519 24 154 18 2275 1
520 15 154 23 3170 1
521 9 157 49 8890 1
522 8 158 41 8579 1
523 16 145 28 4665 1
524 53 160 51 5277 1
525 18 160 38 5003 1
526 10 149 4 708 1
527 15 168 31 3306 1
528 12 169 3 292 1
529 23 169 3 292 1
530 34 169 3 292 1
531 45 169 3 292 1
532 56 169 3 292 1
533 11 145 26 3401 1
534 21 145 26 3401 1
535 8 147 34 7033 1
536 23 165 23 4033 1
537 12 167 7 1101 1
538 23 167 7 1101 1
539 23 167 30 6093 1
540 15 170 42 10139 1
541 15 169 32 4663 1
542 13 157 35 3435 1
543 25 157 35 3435 1
544 37 157 35 3435 1
545 15 158 39 5993 1
546 29 158 39 5993 1
547 13 169 10 1968 1
548 25 169 10 1968 1
549 12 160 10 2391 1
550 23 160 10 2391 1
551 15 160 18 1509 1
552 13 169 10 2371 1
553 8 168 15 3098 1
554 37 169 22 5110 1
555 12 154 39 3929 1
556 23 154 39 3929 1
557 7 145 11 1095 1
558 8 160 27 4426 1
559 21 149 17 3105 1
560 9 168 23 2530 1
561 7 158 5 1004 1
562 8 165 28 2947 1
563 15 165 28 2947 1
564 10 149 29 4684 1
565 19 149 29 4684 1
566 13 151 20 1804 1
567 25 151 20 1804 1
568 13 158 63 10368 1
569 25 158 63 10368 1
570 37 158 63 10368 1
571 49 158 63 10368 1
572 61 158 63 10368 1
573 36 165 69 14191 1
574 7 145 11 1383 1
575 12 147 19 3602 1
576 8 168 27 4482 1
577 21 165 14 2715 1
578 16 151 21 1691 1
579 18 167 33 4648 1
580 10 147 22 4156 1
581 10 170 60 10499 1
582 19 170 60 10499 1
583 8 167 31 6883 1
584 12 170 23 4758 1
585 9 165 30 3463 1
586 17 165 30 3463 1
587 57 211 25 5939 1
588 43 175 26 4437 1
589 12 183 18 4646 1
590 56 194 47 11817 1
591 111 194 47 11817 1
592 18 211 36 4585 1
593 44 210 11 1411 1
594 87 210 11 1411 1
595 130 210 11 1411 1
596 173 210 11 1411 1
597 15 198 13 3447 1
598 45 208 24 4218 1
599 44 195 17 1766 1
600 44 183 18 2711 1
601 59 207 34 5452 1
602 72 195 15 4069 1
603 43 175 21 2716 1
604 85 175 21 2716 1
605 44 183 74 15106 1
606 87 183 74 15106 1
607 56 175 16 1986 1
608 43 195 15 4272 1
609 16 195 17 2933 1
610 43 210 30 5797 1
611 85 210 30 5797 1
612 127 210 30 5797 1
613 45 211 21 4571 1
614 43 194 27 5775 1
615 58 211 26 3200 1
616 36 208 17 5164 1
617 9 210 25 4159 1
618 17 210 25 4159 1
619 25 210 25 4159 1
620 35 194 27 6975 1
621 129 184 14 2696 1
622 37 211 42 8703 1
623 44 194 31 7781 1
624 37 197 18 3712 1
625 36 183 31 4085 1
626 71 183 31 4085 1
627 43 197 11 3231 1
628 85 197 11 3231 1
629 45 208 21 3744 1
630 57 184 23 3698 1
631 60 194 43 6502 1
632 15 207 39 6084 1
633 35 175 29 5622 1
634 21 207 12 2359 1
635 56 211 11 3248 1
636 43 175 13 2222 1
637 44 208 18 2854 1
638 37 183 34 3966 1
639 17 194 15 3566 1
640 15 178 34 9006 1
641 37 207 10 2430 1
642 44 197 29 3053 1
643 57 183 7 1616 1
644 113 183 7 1616 1
645 169 183 7 1616 1
646 16 194 19 3768 1
647 16 210 23 6073 1
648 38 211 16 1693 1
649 56 194 31 6736 1
650 15 175 21 5380 1
651 44 197 29 6832 1
652 44 195 25 5870 1
653 87 195 25 5870 1
654 130 195 25 5870 1
655 57 195 24 3025 1
656 22 208 48 6952 1
657 43 208 48 6952 1
658 43 178 28 5876 1
659 58 207 27 5556 1
660 38 184 11 2206 1
661 36 198 16 3889 1
662 71 198 16 3889 1
663 23 175 20 1932 1
664 16 184 10 1680 1
665 22 207 20 6023 1
666 43 198 8 1163 1
667 43 175 14 1400 1
668 41 207 15 2666 1
669 43 195 23 2251 1
670 42 178 11 1348 1
671 15 183 16 1581 1
672 16 194 48 8033 1
673 44 183 44 10895 1
674 56 184 26 3031 1
675 43 210 15 2898 1
676 85 210 15 2898 1
677 44 197 33 9295 1
678 45 194 16 4263 1
679 16 184 22 5214 1
680 41 197 18 5288 1
681 29 272 27 3729 1
682 57 254 24 3680 1
683 113 254 24 3680 1
684 37 276 21 4477 1
685 30 276 23 3906 1
686 59 276 23 3906 1
687 58 257 31 6866 1
688 36 259 31 9232 1
689 58 265 24 6917 1
690 57 265 33 9189 1
691 57 277 13 3744 1
692 30 276 13 4305 1
693 59 276 13 4305 1
694 57 279 11 1847 1
695 28 277 18 5840 1
696 51 259 30 10169 1
697 30 279 39 15062 1
698 50 262 19 5538 1
699 57 264 28 10136 1
700 37 275 62 22372 1
701 73 275 62 22372 1
702 109 275 62 22372 1
703 62 254 21 3912 1
704 58 255 35 8138 1
705 51 257 26 5204 1
706 57 265 30 9092 1
707 57 260 21 4342 1
708 36 255 13 2100 1
709 57 216 23 7195 1
710 37 275 25 6470 1
711 37 257 18 5838 1
712 37 267 62 20773 1
713 73 267 62 20773 1
714 109 267 62 20773 1
715 36 239 17 2799 1
716 71 239 17 2799 1
717 58 230 10 2520 1
718 24 261 19 3168 1
719 41 259 55 8315 1
720 51 262 16 6066 1
721 37 222 15 3831 1
722 57 221 30 4843 1
723 57 262 17 4800 1
724 83 259 24 9198 1
725 27 267 20 2789 1
726 53 267 20 2789 1
727 36 228 22 7298 1
728 28 222 35 8113 1
729 57 264 18 3955 1
730 16 240 19 3979 1
731 36 216 18 2569 1
732 15 265 12 3493 1
733 28 230 30 4150 1
734 55 230 30 4150 1
735 57 220 10 2311 1
736 30 276 44 9219 1
737 95 276 25 7116 1
738 36 240 29 5079 1
739 91 262 36 13089 1
740 36 272 29 8960 1
741 37 240 13 2903 1
742 57 277 16 6431 1
743 50 222 15 4781 1
744 30 216 32 5902 1
745 94 239 25 7364 1
746 36 272 43 8939 1
747 51 259 23 4746 1
748 37 221 16 4264 1
749 37 255 27 7626 1
750 30 228 12 1770 1
751 58 261 17 3087 1
752 58 262 28 10620 1
753 115 262 28 10620 1
754 65 265 14 5239 1
755 36 243 24 8344 1
756 58 261 35 11924 1
757 51 276 17 4362 1
758 35 243 41 13995 1
759 58 267 14 3204 1
760 15 230 28 9409 1
761 57 220 23 3389 1
762 113 220 23 3389 1
763 37 239 19 5136 1
764 73 239 19 5136 1
765 17 258 38 10280 1
766 33 258 38 10280 1
767 36 239 20 4880 1
768 71 239 20 4880 1
769 106 239 20 4880 1
770 37 265 34 6697 1
771 73 265 34 6697 1
772 109 265 34 6697 1
773 49 240 19 3626 1
774 97 240 19 3626 1
775 30 262 34 12039 1
776 57 336 32 12181 1
777 37 286 30 7118 1
778 57 292 35 9942 1
779 28 338 39 10976 1
780 58 293 25 5170 1
781 115 293 25 5170 1
782 57 293 36 10265 1
783 113 293 36 10265 1
784 57 292 28 11546 1
785 56 293 43 13417 1
786 57 292 43 10253 1
787 36 332 33 8111 1
788 57 324 31 13658 1
789 113 324 31 13658 1
790 169 324 31 13658 1
791 225 324 31 13658 1
792 58 299 45 11981 1
793 59 294 23 6289 1
794 117 294 23 6289 1
795 18 334 43 11463 1
796 58 292 44 10441 1
797 58 286 44 15719 1
798 115 286 44 15719 1
799 172 286 44 15719 1
800 229 286 44 15719 1
801 57 293 37 6415 1
802 59 334 29 9325 1
803 117 334 29 9325 1
804 175 334 29 9325 1
805 233 334 29 9325 1
806 291 334 29 9325 1
807 62 324 27 6821 1
808 58 281 9 2263 1
809 115 281 9 2263 1
810 172 281 9 2263 1
811 78 286 42 16470 1
812 69 281 34 13561 1
813 57 304 54 17778 1
814 60 299 38 12768 1
815 119 299 38 12768 1
816 178 299 38 12768 1
817 57 333 14 6535 1
818 57 324 21 7789 1
819 113 324 21 7789 1
820 57 332 34 8648 1
821 113 332 34 8648 1
822 58 294 24 6438 1
823 56 299 25 8976 1
824 96 337 37 17974 1
825 56 292 26 8550 1
826 111 292 26 8550 1
827 166 292 26 8550 1
828 221 292 26 8550 1
829 56 299 61 17105 1
830 36 333 33 14424 1
831 61 338 41 12587 1
832 57 294 38 8589 1
833 36 305 32 12453 1
834 35 293 24 8359 1
835 57 338 58 22054 1
836 37 300 33 6715 1
837 71 292 31 11365 1
838 141 292 31 11365 1
839 30 323 20 8412 1
840 58 334 33 8832 1
841 115 334 33 8832 1
842 57 294 34 7439 1
843 58 300 29 6870 1
844 115 300 29 6870 1
845 57 338 27 7666 1
846 58 299 34 11748 1
847 115 299 34 11748 1
848 56 323 34 12130 1
849 111 323 34 12130 1
850 58 333 31 10126 1
851 115 333 31 10126 1
852 172 333 31 10126 1
853 97 292 34 11449 1
854 79 282 38 14562 1
855 37 332 47 23225 1
856 68 300 32 10395 1
857 58 335 32 10952 1
858 36 286 60 25270 1
859 78 332 31 13343 1
860 37 292 33 12850 1
861 57 304 54 13213 1
862 28 293 29 5685 1
863 57 333 45 9828 1
864 78 333 30 8100 1
865 69 305 23 8996 1
866 137 305 23 8996 1
867 57 303 21 6823 1
868 113 303 21 6823 1
869 169 303 21 6823 1
870 225 303 21 6823 1
871 281 303 21 6823 1
872 68 300 34 8556 1
873 135 300 34 8556 1
874 36 299 36 15533 1
875 58 303 29 13151 1
876 115 303 29 13151 1
877 172 303 29 13151 1
878 229 303 29 13151 1
879 47 332 45 11783 1
880 37 316 43 16191 1
881 37 332 35 8539 1
882 73 332 35 8539 1
883 72 366 77 22866 1
884 143 366 77 22866 1
885 78 364 58 28318 1
886 70 364 52 9626 1
887 73 366 46 8806 1
888 71 366 68 14704 1
889 72 365 59 27817 1
890 69 368 63 16344 1
891 137 368 63 16344 1
892 101 365 59 27415 1
893 72 363 40 11138 1
894 143 363 40 11138 1
895 71 364 63 16704 1
896 141 364 63 16704 1
897 211 364 63 16704 1
898 281 364 63 16704 1
899 168 369 22 4471 1
900 335 369 22 4471 1
901 114 364 41 7562 1
902 79 369 33 8515 1
903 130 368 69 32251 1
904 70 363 52 10787 1
905 139 363 52 10787 1
906 85 363 26 6553 1
907 94 368 49 17699 1
908 78 365 58 13963 1
909 86 364 35 6918 1
910 108 364 50 15377 1
911 153 366 23 6222 1
912 64 364 23 11092 1
913 127 364 23 11092 1
914 72 366 25 8767 1
915 98 349 40 20501 1
916 138 369 33 12391 1
917 80 349 43 13439 1
918 71 349 56 18249 1
919 141 349 56 18249 1
920 211 349 56 18249 1
921 72 363 66 32206 1
922 79 369 26 8819 1
923 71 365 51 15104 1
924 72 364 29 10084 1
925 149 365 52 18978 1
926 76 366 53 24462 1
927 66 365 71 30537 1
928 71 365 41 17182 1
929 79 368 68 33839 1
930 85 365 50 18486 1
931 80 369 28 7551 1
932 85 369 49 16975 1
933 136 364 31 10495 1
934 71 366 83 33052 1
935 85 363 38 16625 1
936 68 365 49 9196 1
937 101 369 30 16483 1
938 78 368 34 13094 1
939 80 366 40 19487 1
940 159 366 40 19487 1
941 79 363 38 15473 1
942 77 368 53 22176 1
943 119 363 37 10866 1
944 237 363 37 10866 1
945 85 369 64 29063 1
946 134 369 45 13754 1
947 66 366 55 18118 1
948 64 349 65 13686 1
949 92 368 25 12417 1
950 92 365 35 15750 1
951 66 349 32 8406 1
952 78 363 43 19845 1
953 70 369 52 14455 1
954 85 364 34 6625 1
955 79 369 53 24689 1
956 65 364 38 12345 1
957 78 368 45 13930 1
958 71 369 19 5302 1
959 88 364 45 10281 1
960 75 368 58 27401 1
961 78 369 46 18482 1
962 71 364 65 18726 1
963 79 364 35 14863 1
964 72 363 75 30006 1
965 86 368 39 13077 1
966 171 368 39 13077 1
967 256 368 39 13077 1
968 71 363 40 14794 1
969 56 366 56 18484 1
970 111 366 56 18484 1
971 91 365 28 7853 1
972 71 366 35 17137 1
973 78 365 53 13635 1
974 77 368 28 8281 1
975 153 368 28 8281 1
976 66 349 15 3852 1
977 66 363 38 11208 1
978 78 368 36 13796 1
979 155 368 36 13796 1
980 77 368 17 5624 1
981 86 363 31 5997 1
982 136 366 33 13175 1
983 77 369 63 24237 1
984 80 369 40 16717 1
985 159 369 40 16717 1
986 238 369 40 16717 1
987 86 365 32 16899 1
988 162 365 25 8594 1
989 63 366 22 9771 1
990 130 365 28 8511 1
991 78 365 42 18626 1
992 58 366 35 18991 1
993 77 364 33 11349 1
994 79 365 59 23887 1
995 152 368 76 18263 1
996 70 363 35 15849 1
997 85 368 59 14860 1
998 86 349 27 12141 1
999 80 349 47 13033 1
1000 89 363 18 8355 1
1001 60 368 56 18451 1
1002 111 349 21 7695 1
1003 80 363 23 12056 1
1004 78 364 52 27055 1
1005 89 366 38 14115 1
1006 177 366 38 14115 1
1007 78 364 35 15020 1
1008 155 364 35 15020 1
1009 232 364 35 15020 1
1010 71 369 63 27375 1
1011 72 363 35 10500 1
1012 68 364 33 6709 1
1013 71 365 20 7252 1
1014 72 364 39 14411 1
1015 86 366 36 6946 1
1016 84 400 32 8030 1
1017 167 400 32 8030 1
1018 79 398 48 22941 1
1019 84 400 36 17388 1
1020 91 398 57 21007 1
1021 181 398 57 21007 1
1022 271 398 57 21007 1
1023 119 397 56 15661 1
1024 89 396 63 13447 1
1025 77 396 65 17787 1
1026 153 396 65 17787 1
1027 92 397 57 23615 1
1028 93 396 45 11566 1
1029 185 396 45 11566 1
1030 79 400 39 23070 1
1031 106 397 37 12715 1
1032 91 399 36 14474 1
1033 181 399 36 14474 1
1034 100 396 42 13660 1
1035 86 399 41 17662 1
1036 78 399 37 17515 1
1037 155 399 37 17515 1
16
500 500 500 500 425 425 400 400 440 500 500 400 500 500 500 550 