1037
1 14 139 31 6095 1
2 27 139 31 6095 1
3 40 139 31 6095 1
4 53 139 31 6095 1
5 9 127 22 2998 1
6 9 140 5 436 1
7 17 140 5 436 1
8 25 140 5 436 1
9 33 140 5 436 1
10 41 140 5 436 1
11 49 140 5 436 1
12 57 140 5 436 1
13 12 138 32 4825 1
14 13 139 10 2056 1
15 25 139 10 2056 1
16 9 127 29 3509 1
17 9 101 27 2685 1
18 17 101 27 2685 1
19 25 101 27 2685 1
20 8 139 29 4614 1
21 9 139 29 2377 1
22 8 125 32 3577 1
23 10 140 8 1136 1
24 8 118 35 4493 1
25 15 118 35 4493 1
26 8 133 20 3238 1
27 15 133 20 3238 1
28 15 117 31 3404 1
29 9 101 12 889 1
30 8 127 18 1269 1
31 15 127 18 1269 1
32 22 127 18 1269 1
33 29 127 18 1269 1
34 36 127 18 1269 1
35 43 127 18 1269 1
36 50 127 18 1269 1
37 57 127 18 1269 1
38 64 127 18 1269 1
39 71 127 18 1269 1
40 116 125 14 1412 1
41 23 125 5 428 1
42 9 137 28 3690 1
43 17 138 36 3001 1
44 14 137 6 640 1
45 27 137 6 640 1
46 9 133 30 4012 1
47 19 101 26 2631 1
48 8 134 16 1271 1
49 15 134 16 1271 1
50 15 121 22 2202 1
51 29 121 22 2202 1
52 8 127 41 5018 1
53 10 125 23 1916 1
54 8 129 21 2509 1
55 9 118 22 3621 1
56 17 118 22 3621 1
57 25 118 22 3621 1
58 33 118 22 3621 1
59 16 140 13 1232 1
60 9 101 17 2540 1
61 17 101 17 2540 1
62 3 133 29 3197 1
63 5 133 29 3197 1
64 7 133 29 3197 1
65 9 133 29 3197 1
66 9 137 35 3046 1
67 17 137 35 3046 1
68 25 137 35 3046 1
69 33 137 35 3046 1
70 26 139 31 3725 1
71 15 140 21 2087 1
72 16 132 38 7125 1
73 31 132 38 7125 1
74 4 133 34 5431 1
75 11 134 6 1077 1
76 8 137 31 5664 1
77 15 137 31 5664 1
78 8 140 27 4487 1
79 15 140 27 4487 1
80 22 140 27 4487 1
81 29 140 27 4487 1
82 36 140 27 4487 1
83 43 140 27 4487 1
84 9 132 31 4698 1
85 17 132 31 4698 1
86 25 132 31 4698 1
87 10 141 24 3439 1
88 8 139 41 5735 1
89 16 133 21 2792 1
90 62 140 20 2017 1
91 45 121 21 2666 1
92 10 125 26 2533 1
93 9 127 15 1758 1
94 17 127 15 1758 1
95 9 140 6 729 1
96 17 140 6 729 1
97 21 118 20 2171 1
98 7 129 23 4435 1
99 9 117 19 1276 1
100 17 117 19 1276 1
101 25 117 19 1276 1
102 33 117 19 1276 1
103 41 117 19 1276 1
104 49 117 19 1276 1
105 10 133 19 3196 1
106 19 133 19 3196 1
107 23 101 33 2158 1
108 45 101 33 2158 1
109 9 141 14 2774 1
110 9 132 19 1297 1
111 16 137 5 679 1
112 9 141 4 569 1
113 17 141 4 569 1
114 25 141 4 569 1
115 33 141 4 569 1
116 41 141 4 569 1
117 8 127 28 4171 1
118 16 141 24 2507 1
119 8 141 11 2213 1
120 15 141 11 2213 1
121 22 141 11 2213 1
122 29 141 11 2213 1
123 64 138 32 3427 1
124 9 132 25 2670 1
125 23 140 15 2139 1
126 9 117 12 1564 1
127 2 141 22 4202 1
128 9 134 35 6546 1
129 17 134 35 6546 1
130 25 134 35 6546 1
131 9 101 11 1021 1
132 17 101 11 1021 1
133 25 101 11 1021 1
134 10 101 20 2632 1
135 9 140 15 1561 1
136 8 121 19 1441 1
137 15 121 19 1441 1
138 2 141 26 3246 1
139 12 101 14 1316 1
140 9 117 15 1860 1
141 17 117 15 1860 1
142 25 117 15 1860 1
143 33 117 15 1860 1
144 5 121 26 2022 1
145 15 137 25 2754 1
146 9 138 24 3315 1
147 17 138 24 3315 1
148 25 138 24 3315 1
149 9 133 26 3825 1
150 10 117 7 1183 1
151 16 141 18 3425 1
152 7 101 26 2793 1
153 9 125 18 1330 1
154 17 125 18 1330 1
155 25 125 18 1330 1
156 10 129 23 2795 1
157 19 129 23 2795 1
158 28 129 23 2795 1
159 37 129 23 2795 1
160 46 129 23 2795 1
161 9 118 41 4370 1
162 17 118 41 4370 1
163 25 132 1 168 1
164 8 101 24 1572 1
165 8 139 22 3171 1
166 15 139 13 2004 1
167 21 129 7 491 1
168 7 138 4 808 1
169 13 138 4 808 1
170 19 138 4 808 1
171 8 117 11 684 1
172 8 117 27 3083 1
173 27 101 25 2945 1
174 53 101 25 2945 1
175 8 138 4 365 1
176 15 138 4 365 1
177 8 133 37 5948 1
178 15 133 37 5948 1
179 22 133 37 5948 1
180 15 117 30 3224 1
181 6 134 22 3372 1
182 12 118 21 3462 1
183 7 101 5 272 1
184 13 101 5 272 1
185 9 117 34 3737 1
186 15 125 34 6154 1
187 29 125 34 6154 1
188 3 101 30 2321 1
189 21 140 25 4954 1
190 12 140 23 4315 1
191 15 141 20 3066 1
192 29 141 20 3066 1
193 24 101 16 1793 1
194 9 134 21 4138 1
195 17 134 21 4138 1
196 25 134 21 4138 1
197 10 139 17 2532 1
198 19 139 17 2532 1
199 76 127 8 626 1
200 17 138 41 4598 1
201 10 129 15 1006 1
202 19 129 15 1006 1
203 28 129 15 1006 1
204 17 132 12 1263 1
205 8 117 31 3031 1
206 15 117 31 3031 1
207 22 117 31 3031 1
208 9 140 19 2644 1
209 17 140 19 2644 1
210 49 118 5 721 1
211 24 125 30 2898 1
212 22 140 25 1856 1
213 6 117 18 1607 1
214 8 127 35 2962 1
215 15 127 35 2962 1
216 9 132 5 469 1
217 8 132 12 1247 1
218 15 132 12 1247 1
219 22 132 12 1247 1
220 29 132 12 1247 1
221 36 132 12 1247 1
222 10 101 12 1473 1
223 19 101 12 1473 1
224 19 129 26 5025 1
225 16 129 35 3753 1
226 8 137 63 9404 1
227 8 125 3 486 1
228 20 117 11 662 1
229 39 117 11 662 1
230 13 118 19 1330 1
231 8 140 39 5864 1
232 12 132 16 2721 1
233 9 141 44 9249 1
234 17 141 44 9249 1
235 25 141 44 9249 1
236 8 129 11 899 1
237 15 129 11 899 1
238 22 129 11 899 1
239 29 129 11 899 1
240 36 129 11 899 1
241 24 134 19 1581 1
242 8 137 4 694 1
243 15 137 4 694 1
244 22 137 4 694 1
245 29 137 4 694 1
246 8 121 35 2274 1
247 17 141 25 3165 1
248 14 101 8 642 1
249 7 127 20 3559 1
250 22 117 10 1214 1
251 111 134 34 3937 1
252 8 134 34 2402 1
253 15 134 34 2402 1
254 22 134 34 2402 1
255 16 141 37 2916 1
256 8 129 9 666 1
257 11 133 31 3795 1
258 21 133 31 3795 1
259 5 141 47 4699 1
260 16 118 29 2201 1
261 9 134 52 7923 1
262 17 134 52 7923 1
263 3 140 23 1812 1
264 9 132 39 5347 1
265 14 125 6 990 1
266 9 141 13 1481 1
267 17 141 13 1481 1
268 25 141 13 1481 1
269 8 137 19 1655 1
270 15 137 19 1655 1
271 10 134 14 1344 1
272 19 134 14 1344 1
273 28 134 14 1344 1
274 37 134 14 1344 1
275 46 134 14 1344 1
276 10 101 19 2467 1
277 10 117 16 1705 1
278 23 133 11 1511 1
279 8 129 22 1723 1
280 24 141 29 2572 1
281 27 121 22 2255 1
282 8 138 78 7385 1
283 16 137 16 1816 1
284 9 125 31 4497 1
285 17 125 31 4497 1
286 12 160 48 9308 1
287 12 170 35 7235 1
288 24 168 37 6821 1
289 12 161 28 5342 1
290 16 170 37 8785 1
291 13 170 43 10089 1
292 25 170 43 10089 1
293 8 154 26 5146 1
294 16 160 11 2619 1
295 31 160 11 2619 1
296 11 169 12 2450 1
297 7 167 6 698 1
298 9 165 29 2966 1
299 22 170 21 5156 1
300 15 170 87 13985 1
301 14 158 34 6960 1
302 22 151 8 743 1
303 12 157 27 4614 1
304 9 151 35 7705 1
305 11 158 56 6602 1
306 25 158 16 2330 1
307 9 160 31 3062 1
308 3 165 34 5547 1
309 9 145 17 1347 1
310 7 161 7 668 1
311 8 157 49 10577 1
312 9 168 51 5413 1
313 88 157 25 4759 1
314 12 154 53 4981 1
315 23 154 53 4981 1
316 24 161 47 5277 1
317 4 158 23 3784 1
318 4 147 2 248 1
319 12 154 76 6256 1
320 23 154 76 6256 1
321 34 154 76 6256 1
322 45 154 76 6256 1
323 15 147 23 3386 1
324 12 151 28 2188 1
325 22 167 31 4202 1
326 8 145 11 2334 1
327 13 160 23 3223 1
328 25 160 23 3223 1
329 37 160 23 3223 1
330 49 160 23 3223 1
331 15 151 36 7662 1
332 12 158 5 553 1
333 17 147 64 14024 1
334 16 170 56 8749 1
335 11 170 40 5920 1
336 8 161 17 3777 1
337 10 158 31 4073 1
338 19 158 31 4073 1
339 3 167 31 4516 1
340 12 160 17 3900 1
341 14 151 51 6093 1
342 22 170 39 7652 1
343 12 170 47 5952 1
344 43 165 41 3552 1
345 85 165 41 3552 1
346 22 161 35 5457 1
347 11 158 17 1428 1
348 11 168 33 4455 1
349 21 168 33 4455 1
350 31 168 33 4455 1
351 41 168 33 4455 1
352 7 168 8 1378 1
353 8 157 46 7294 1
354 15 157 46 7294 1
355 11 145 35 7391 1
356 21 145 35 7391 1
357 14 161 37 5277 1
358 27 161 37 5277 1
359 11 158 36 4882 1
360 9 147 9 1935 1
361 17 147 9 1935 1
362 9 158 38 4677 1
363 17 158 38 4677 1
364 17 168 46 9640 1
365 9 169 34 5755 1
366 25 169 33 7084 1
367 8 169 58 11532 1
368 23 161 31 5838 1
369 22 157 25 5745 1
370 43 157 25 5745 1
371 16 149 32 4776 1
372 15 145 16 3337 1
373 14 168 42 7218 1
374 27 168 42 7218 1
375 15 170 30 5740 1
376 14 169 29 6853 1
377 15 147 16 2248 1
378 14 170 34 5753 1
379 8 149 4 826 1
380 42 151 15 2148 1
381 37 158 8 1217 1
382 8 165 34 6748 1
383 9 158 42 4714 1
384 15 145 34 5525 1
385 16 147 32 2548 1
386 15 170 31 7777 1
387 22 169 37 8355 1
388 16 170 65 15572 1
389 9 147 2 361 1
390 16 157 34 7010 1
391 13 161 40 8936 1
392 25 161 40 8936 1
393 15 160 40 4960 1
394 8 151 23 3598 1
395 15 151 23 3598 1
396 12 160 56 7574 1
397 23 160 56 7574 1
398 10 161 10 2036 1
399 19 161 10 2036 1
400 15 154 24 2590 1
401 33 169 71 17116 1
402 7 154 31 5111 1
403 13 154 31 5111 1
404 12 165 7 1457 1
405 8 169 16 2330 1
406 9 161 23 4641 1
407 9 161 6 613 1
408 17 161 6 613 1
409 25 161 6 613 1
410 15 169 26 4154 1
411 13 154 11 1237 1
412 12 158 23 3420 1
413 25 158 4 789 1
414 105 149 2 282 1
415 13 147 7 1437 1
416 25 147 7 1437 1
417 16 161 40 5860 1
418 31 161 40 5860 1
419 9 168 30 2921 1
420 17 168 30 2921 1
421 9 170 52 5297 1
422 17 170 52 5297 1
423 25 170 52 5297 1
424 3 160 9 1711 1
425 10 169 24 4589 1
426 8 158 33 7753 1
427 15 158 33 7753 1
428 22 158 33 7753 1
429 29 158 33 7753 1
430 8 145 32 4710 1
431 11 168 30 4054 1
432 12 168 15 3460 1
433 11 145 40 6123 1
434 10 170 46 7102 1
435 19 170 46 7102 1
436 28 170 46 7102 1
437 16 160 52 7653 1
438 8 145 40 8632 1
439 13 158 5 769 1
440 11 154 16 2037 1
441 16 161 14 3283 1
442 24 158 31 3785 1
443 8 168 27 2687 1
444 16 145 35 6491 1
445 12 157 20 4629 1
446 23 157 20 4629 1
447 11 169 43 10198 1
448 21 169 43 10198 1
449 22 169 27 3087 1
450 16 147 12 2230 1
451 31 147 12 2230 1
452 17 157 31 6017 1
453 16 145 34 3131 1
454 51 154 14 2916 1
455 15 151 51 5017 1
456 9 160 35 6324 1
457 17 157 47 9083 1
458 36 145 11 2121 1
459 165 168 28 6428 1
460 10 157 47 4318 1
461 12 165 15 2267 1
462 23 165 15 2267 1
463 34 165 15 2267 1
464 45 165 15 2267 1
465 56 165 15 2267 1
466 67 165 15 2267 1
467 12 149 19 2965 1
468 12 154 28 6380 1
469 9 165 44 9339 1
470 11 145 32 6811 1
471 10 149 28 5063 1
472 12 145 29 2213 1
473 23 145 29 2213 1
474 10 167 31 6556 1
475 19 167 31 6556 1
476 28 167 31 6556 1
477 15 149 30 6415 1
478 10 168 46 10901 1
479 8 169 28 6581 1
480 16 167 24 4565 1
481 15 167 15 1595 1
482 9 160 22 3179 1
483 11 169 13 1921 1
484 12 168 39 6761 1
485 23 168 39 6761 1
486 16 149 22 4858 1
487 44 147 28 3633 1
488 87 147 28 3633 1
489 13 147 15 1167 1
490 25 147 15 1167 1
491 37 147 15 1167 1
492 49 147 15 1167 1
493 61 147 15 1167 1
494 12 168 7 937 1
495 3 169 40 4041 1
496 21 170 15 3016 1
497 8 157 36 3549 1
498 12 170 58 7393 1
499 23 170 58 7393 1
500 8 154 45 3479 1
501 12 158 23 2263 1
502 23 160 48 10944 1
503 26 168 20 3507 1
504 8 170 39 6466 1
505 8 151 31 3113 1
506 15 151 31 3113 1
507 22 151 31 3113 1
508 17 168 30 5925 1
509 33 168 30 5925 1
510 17 161 29 4246 1
511 9 147 12 2456 1
512 12 161 24 3239 1
513 13 165 39 8502 1
514 15 167 37 7381 1
515 76 147 39 6019 1
516 12 168 13 3033 1
517 23 168 13 3033 1
518 34 168 13 3033 1
519 45 168 13 3033 1
520 8 165 16 3520 1
521 7 167 5 646 1
522 8 168 42 6228 1
523 15 168 42 6228 1
524 12 169 33 4116 1
525 12 147 7 1465 1
526 23 151 28 3448 1
527 15 168 40 8400 1
528 12 170 23 2583 1
529 8 151 15 1766 1
530 15 151 15 1766 1
531 12 151 30 5644 1
532 13 151 13 1073 1
533 25 151 13 1073 1
534 12 168 27 2479 1
535 23 168 27 2479 1
536 9 149 28 2278 1
537 14 149 36 6547 1
538 21 149 34 3774 1
539 13 158 17 1995 1
540 25 158 17 1995 1
541 13 157 9 1854 1
542 13 160 22 4905 1
543 18 167 23 2025 1
544 16 169 28 6866 1
545 31 169 28 6866 1
546 1 145 24 4346 1
547 13 151 33 7183 1
548 25 151 33 7183 1
549 8 161 50 11898 1
550 7 158 9 2011 1
551 15 169 2 229 1
552 13 149 8 801 1
553 25 149 8 801 1
554 13 145 7 565 1
555 25 145 7 565 1
556 7 145 36 2689 1
557 8 160 32 7361 1
558 15 160 32 7361 1
559 12 151 23 5046 1
560 23 151 23 5046 1
561 34 151 23 5046 1
562 13 145 40 7507 1
563 25 145 40 7507 1
564 12 161 29 3109 1
565 15 167 14 3011 1
566 29 167 14 3011 1
567 15 147 32 6482 1
568 11 160 9 1290 1
569 21 160 9 1290 1
570 31 160 9 1290 1
571 41 160 9 1290 1
572 11 158 5 1049 1
573 21 158 5 1049 1
574 31 158 5 1049 1
575 8 169 42 9255 1
576 13 167 27 5960 1
577 25 167 27 5960 1
578 37 167 27 5960 1
579 8 160 36 7846 1
580 15 160 36 7846 1
581 23 149 31 4036 1
582 15 158 26 5028 1
583 11 157 22 5091 1
584 7 149 30 5956 1
585 9 149 3 387 1
586 17 149 3 387 1
587 44 194 25 5535 1
588 37 211 35 10188 1
589 44 207 9 2214 1
590 57 175 21 2127 1
591 14 195 11 1623 1
592 19 194 17 2672 1
593 43 207 26 6103 1
594 85 207 26 6103 1
595 127 207 26 6103 1
596 169 207 26 6103 1
597 17 175 8 1464 1
598 44 207 30 3792 1
599 58 207 12 1655 1
600 115 207 12 1655 1
601 42 211 17 2709 1
602 43 208 9 1248 1
603 37 175 23 4806 1
604 36 175 10 1781 1
605 55 210 27 4212 1
606 109 210 27 4212 1
607 18 183 20 2106 1
608 20 208 17 2812 1
609 38 211 22 5239 1
610 58 210 25 4571 1
611 115 210 25 4571 1
612 15 207 41 4298 1
613 16 198 6 1110 1
614 43 175 8 1317 1
615 44 183 16 2917 1
616 87 183 16 2917 1
617 13 207 14 4047 1
618 25 207 14 4047 1
619 57 197 13 2372 1
620 17 208 25 6084 1
621 33 208 25 6084 1
622 32 194 37 9502 1
623 37 178 10 1886 1
624 115 178 13 1476 1
625 58 211 20 2687 1
626 115 211 20 2687 1
627 44 210 11 1357 1
628 41 208 14 2016 1
629 56 178 43 8195 1
630 59 184 16 3328 1
631 117 184 16 3328 1
632 45 184 15 2186 1
633 21 178 14 1319 1
634 72 198 12 3224 1
635 43 195 10 2253 1
636 85 195 10 2253 1
637 58 210 13 2906 1
638 16 178 16 3056 1
639 14 211 32 8079 1
640 16 178 12 2898 1
641 57 197 19 4764 1
642 39 197 31 3594 1
643 77 197 31 3594 1
644 58 175 12 2586 1
645 23 175 29 6171 1
646 44 207 22 6191 1
647 112 207 19 3771 1
648 43 178 14 3323 1
649 58 198 18 3057 1
650 115 198 18 3057 1
651 56 194 8 1942 1
652 16 194 22 4828 1
653 17 210 20 3156 1
654 37 175 19 3449 1
655 44 175 21 4955 1
656 16 198 22 5461 1
657 36 197 12 2503 1
658 36 194 14 2215 1
659 16 178 23 4312 1
660 20 198 30 5369 1
661 43 183 15 2882 1
662 15 194 30 5811 1
663 29 194 30 5811 1
664 43 175 27 2768 1
665 85 175 27 2768 1
666 37 198 11 2702 1
667 17 207 34 5481 1
668 15 184 34 3338 1
669 57 175 13 2360 1
670 58 195 29 3539 1
671 32 210 34 7279 1
672 44 175 12 2368 1
673 40 194 8 857 1
674 38 195 12 2604 1
675 6 197 34 7910 1
676 43 175 8 1495 1
677 85 175 8 1495 1
678 29 178 12 2607 1
679 41 210 12 1600 1
680 42 194 13 2723 1
681 57 265 41 7796 1
682 36 259 23 5873 1
683 51 277 16 4124 1
684 57 222 19 4149 1
685 37 230 33 11091 1
686 35 221 24 4694 1
687 65 272 28 9410 1
688 36 255 21 5191 1
689 58 274 34 12270 1
690 15 254 27 4747 1
691 37 255 42 14877 1
692 65 268 29 11420 1
693 31 268 20 6980 1
694 57 255 24 6522 1
695 94 272 30 8954 1
696 35 221 28 8976 1
697 36 259 31 4402 1
698 57 261 12 1752 1
699 64 216 19 4850 1
700 74 216 17 2783 1
701 57 275 15 6162 1
702 14 267 48 17971 1
703 37 220 21 3769 1
704 58 254 27 10208 1
705 37 274 34 7649 1
706 73 274 34 7649 1
707 28 258 30 8320 1
708 57 243 20 4564 1
709 36 258 18 2405 1
710 91 262 16 5469 1
711 56 274 18 2883 1
712 29 220 15 1660 1
713 36 265 23 3070 1
714 71 265 23 3070 1
715 106 265 23 3070 1
716 51 220 20 5861 1
717 51 277 41 6017 1
718 36 268 38 12766 1
719 34 239 26 9012 1
720 93 216 15 2463 1
721 185 216 15 2463 1
722 58 221 22 5976 1
723 38 240 14 3058 1
724 32 259 22 6761 1
725 30 261 22 8459 1
726 14 262 17 3966 1
727 13 279 20 5158 1
728 36 255 22 7856 1
729 71 255 22 7856 1
730 29 255 27 5426 1
731 36 261 31 5191 1
732 37 240 15 3773 1
733 36 276 38 5268 1
734 33 262 18 4666 1
735 58 259 38 13615 1
736 115 259 38 13615 1
737 44 264 16 4560 1
738 30 264 16 3841 1
739 29 275 26 4388 1
740 58 262 29 4373 1
741 36 257 42 15420 1
742 36 274 31 10009 1
743 36 272 24 9253 1
744 92 265 38 13511 1
745 15 265 22 4344 1
746 36 257 34 8950 1
747 71 257 34 8950 1
748 57 264 26 5183 1
749 57 277 25 9152 1
750 113 277 25 9152 1
751 74 264 24 6125 1
752 73 262 37 10408 1
753 58 239 14 4617 1
754 50 257 22 4621 1
755 37 255 18 5175 1
756 58 260 27 6859 1
757 6 272 12 1807 1
758 37 261 25 5407 1
759 92 221 23 2944 1
760 36 275 25 4407 1
761 71 275 25 4407 1
762 37 267 29 6247 1
763 36 277 31 6046 1
764 71 277 31 6046 1
765 56 264 12 2860 1
766 111 264 12 2860 1
767 166 264 12 2860 1
768 30 277 48 7423 1
769 51 279 23 6018 1
770 50 255 22 5433 1
771 99 255 22 5433 1
772 28 228 17 5317 1
773 55 228 17 5317 1
774 58 277 24 4653 1
775 29 268 13 3620 1
776 78 332 33 12816 1
777 36 332 57 14199 1
778 59 293 30 12263 1
779 117 293 30 12263 1
780 175 293 30 12263 1
781 27 334 25 10647 1
782 78 316 73 29647 1
783 36 333 29 5832 1
784 31 336 22 11012 1
785 70 332 24 7861 1
786 57 334 37 7339 1
787 113 334 37 7339 1
788 169 334 37 7339 1
789 59 333 45 21010 1
790 117 333 45 21010 1
791 57 336 32 7061 1
792 113 336 32 7061 1
793 56 299 28 8180 1
794 58 333 51 11398 1
795 115 333 51 11398 1
796 172 333 51 11398 1
797 78 324 26 5035 1
798 78 293 36 7339 1
799 155 293 36 7339 1
800 67 333 18 6276 1
801 84 337 25 11520 1
802 167 337 25 11520 1
803 58 334 42 14098 1
804 115 334 42 14098 1
805 172 334 42 14098 1
806 37 294 31 6237 1
807 58 292 32 7811 1
808 37 303 18 3334 1
809 81 332 35 7396 1
810 57 316 22 6849 1
811 13 294 27 7509 1
812 37 336 32 10163 1
813 58 324 39 8252 1
814 115 324 39 8252 1
815 172 324 39 8252 1
816 57 338 37 15785 1
817 29 292 37 10249 1
818 78 300 28 5789 1
819 56 335 17 2990 1
820 43 334 26 8225 1
821 56 316 22 7136 1
822 37 316 63 19310 1
823 37 292 37 15104 1
824 79 281 33 7447 1
825 57 305 34 10448 1
826 5 281 5 1660 1
827 56 292 16 3941 1
828 36 333 40 18846 1
829 57 286 19 7082 1
830 113 286 19 7082 1
831 169 286 19 7082 1
832 80 332 33 7342 1
833 36 299 41 13541 1
834 79 292 42 17271 1
835 56 332 32 11920 1
836 72 293 34 11147 1
837 143 293 34 11147 1
838 56 335 27 10626 1
839 58 334 35 9631 1
840 115 334 35 9631 1
841 59 294 32 6715 1
842 117 294 32 6715 1
843 56 333 28 4759 1
844 59 303 14 3199 1
845 117 303 14 3199 1
846 78 282 23 7038 1
847 58 294 32 5265 1
848 115 294 32 5265 1
849 172 294 32 5265 1
850 229 294 32 5265 1
851 37 304 33 9173 1
852 56 299 37 9599 1
853 111 299 37 9599 1
854 166 299 37 9599 1
855 57 335 89 28208 1
856 58 324 34 11047 1
857 58 305 44 13254 1
858 115 305 44 13254 1
859 172 305 44 13254 1
860 229 305 44 13254 1
861 286 305 44 13254 1
862 343 305 44 13254 1
863 27 294 29 7742 1
864 53 294 29 7742 1
865 55 333 48 19197 1
866 109 333 48 19197 1
867 69 304 34 6046 1
868 58 337 38 14570 1
869 57 286 19 3196 1
870 79 305 43 19035 1
871 157 305 43 19035 1
872 59 300 49 17778 1
873 117 300 49 17778 1
874 57 293 33 13184 1
875 113 293 33 13184 1
876 30 336 24 11076 1
877 72 292 27 10329 1
878 143 292 27 10329 1
879 59 281 35 5957 1
880 59 324 32 7854 1
881 36 303 19 6286 1
882 36 335 43 18713 1
883 72 366 55 19623 1
884 87 369 74 26214 1
885 78 349 29 10470 1
886 86 368 38 15449 1
887 85 368 28 5962 1
888 71 366 41 20836 1
889 79 364 78 38750 1
890 122 349 36 6572 1
891 72 365 42 17532 1
892 143 365 42 17532 1
893 78 368 63 32814 1
894 72 364 39 7114 1
895 56 368 49 12958 1
896 85 365 29 14639 1
897 72 365 54 13510 1
898 79 349 47 24150 1
899 157 349 47 24150 1
900 79 364 31 13791 1
901 93 368 37 16960 1
902 65 366 44 14193 1
903 99 363 42 17007 1
904 197 363 42 17007 1
905 93 369 45 13050 1
906 185 369 45 13050 1
907 71 365 33 13474 1
908 123 349 33 14768 1
909 108 365 54 11261 1
910 79 363 62 12004 1
911 157 363 62 12004 1
912 72 369 46 15248 1
913 85 366 27 7976 1
914 85 364 100 19154 1
915 169 364 100 19154 1
916 73 364 47 15137 1
917 55 363 41 7540 1
918 93 349 44 16744 1
919 73 368 31 10251 1
920 128 364 45 17180 1
921 85 349 32 9871 1
922 169 349 32 9871 1
923 99 369 68 34284 1
924 70 364 57 30934 1
925 77 349 19 6168 1
926 153 349 19 6168 1
927 79 364 38 16484 1
928 157 364 38 16484 1
929 235 364 38 16484 1
930 127 369 33 8518 1
931 79 369 39 10415 1
932 157 369 39 10415 1
933 94 366 37 9874 1
934 78 365 16 4250 1
935 155 365 16 4250 1
936 232 365 16 4250 1
937 70 364 26 7976 1
938 85 368 44 13994 1
939 76 363 35 13881 1
940 78 349 48 20136 1
941 79 369 41 16358 1
942 63 366 45 23617 1
943 121 369 50 22762 1
944 73 363 51 15275 1
945 88 369 34 12654 1
946 85 369 34 12833 1
947 72 363 39 18383 1
948 62 366 48 13977 1
949 91 363 46 8455 1
950 71 349 16 6382 1
951 80 368 30 5942 1
952 159 368 30 5942 1
953 70 366 25 9793 1
954 73 363 37 10269 1
955 79 364 23 7388 1
956 97 363 53 28552 1
957 77 365 27 8178 1
958 79 349 30 11540 1
959 157 349 30 11540 1
960 235 349 30 11540 1
961 61 349 32 6324 1
962 86 363 50 19816 1
963 171 363 50 19816 1
964 80 369 40 16470 1
965 70 366 41 15383 1
966 80 365 74 19614 1
967 159 365 74 19614 1
968 71 364 39 9035 1
969 79 363 42 18224 1
970 88 349 57 14725 1
971 78 364 49 10252 1
972 72 349 27 6487 1
973 78 369 39 13590 1
974 155 369 39 13590 1
975 84 365 31 11762 1
976 50 368 18 7670 1
977 71 363 40 11489 1
978 70 363 53 20520 1
979 139 363 53 20520 1
980 38 366 46 10870 1
981 78 364 89 40131 1
982 155 364 89 40131 1
983 79 349 30 7902 1
984 80 349 51 12263 1
985 159 349 51 12263 1
986 81 368 40 14348 1
987 70 369 51 18570 1
988 71 369 50 19340 1
989 141 369 50 19340 1
990 211 369 50 19340 1
991 70 369 32 15691 1
992 72 349 43 12459 1
993 77 365 84 40561 1
994 78 366 54 25498 1
995 73 349 26 6602 1
996 145 349 26 6602 1
997 77 368 33 8906 1
998 153 368 33 8906 1
999 79 349 38 13358 1
1000 76 368 31 15309 1
1001 85 365 49 11061 1
1002 78 363 47 12780 1
1003 72 366 68 21086 1
1004 72 364 61 26902 1
1005 143 364 61 26902 1
1006 214 364 61 26902 1
1007 84 363 36 11730 1
1008 167 363 36 11730 1
1009 76 363 27 5449 1
1010 76 366 30 16188 1
1011 70 366 55 18495 1
1012 99 364 33 14227 1
1013 86 368 33 11107 1
1014 84 365 36 17133 1
1015 127 364 29 10339 1
1016 79 396 43 9974 1
1017 104 400 69 38865 1
1018 80 399 42 21285 1
1019 92 399 49 12316 1
1020 79 396 36 17330 1
1021 78 398 25 11782 1
1022 76 399 48 13175 1
1023 91 396 21 7778 1
1024 116 397 61 27574 1
1025 78 397 47 20015 1
1026 83 396 33 12406 1
1027 165 396 33 12406 1
1028 105 400 49 11253 1
1029 155 400 41 13845 1
1030 88 396 55 24105 1
1031 82 396 33 10442 1
1032 89 396 40 8135 1
1033 78 398 53 28890 1
1034 85 396 45 22057 1
1035 80 396 45 15298 1
1036 104 398 54 19365 1
1037 85 396 46 20984 1
16
500 500 500 500 425 425 400 400 440 500 500 400 500 500 500 550 