1037
1 16 134 20 2552 1
2 31 134 20 2552 1
3 8 121 27 3647 1
4 15 121 27 3647 1
5 22 121 27 3647 1
6 29 121 27 3647 1
7 8 137 19 2309 1
8 21 139 34 5452 1
9 9 127 36 5364 1
10 7 129 26 3691 1
11 13 129 26 3691 1
12 19 129 26 3691 1
13 25 129 26 3691 1
14 31 129 26 3691 1
15 9 125 24 4300 1
16 9 121 17 1561 1
17 9 141 14 1465 1
18 17 141 14 1465 1
19 9 137 24 4071 1
20 7 134 18 3349 1
21 9 121 16 2790 1
22 17 121 16 2790 1
23 25 121 16 2790 1
24 33 121 16 2790 1
25 8 134 22 3369 1
26 15 134 22 3369 1
27 8 121 11 936 1
28 8 132 28 4807 1
29 15 132 28 4807 1
30 8 141 31 6143 1
31 15 141 31 6143 1
32 7 134 18 3243 1
33 9 101 32 4673 1
34 17 101 32 4673 1
35 8 134 24 3624 1
36 15 134 24 3624 1
37 8 127 30 3098 1
38 9 137 19 1678 1
39 15 118 25 1726 1
40 8 117 31 2775 1
41 15 121 35 6153 1
42 11 129 9 898 1
43 16 139 34 4644 1
44 25 129 26 3167 1
45 49 129 26 3167 1
46 9 125 9 1511 1
47 17 125 9 1511 1
48 8 127 32 2264 1
49 16 134 7 802 1
50 7 140 27 4352 1
51 13 140 27 4352 1
52 6 121 19 1587 1
53 11 121 19 1587 1
54 6 139 28 3040 1
55 9 133 44 6658 1
56 18 117 20 1428 1
57 21 129 32 4144 1
58 41 129 32 4144 1
59 13 125 41 6098 1
60 55 132 24 3999 1
61 16 140 31 4795 1
62 16 140 28 5667 1
63 9 117 10 1680 1
64 8 121 1 74 1
65 16 121 28 1923 1
66 16 133 23 2257 1
67 31 133 23 2257 1
68 13 139 36 2721 1
69 9 127 20 1370 1
70 17 127 20 1370 1
71 25 127 20 1370 1
72 33 127 20 1370 1
73 8 134 46 3412 1
74 15 134 46 3412 1
75 22 134 46 3412 1
76 29 134 46 3412 1
77 36 134 46 3412 1
78 43 134 46 3412 1
79 8 132 7 1127 1
80 15 132 7 1127 1
81 8 140 19 3216 1
82 24 118 5 722 1
83 9 101 25 2115 1
84 17 101 25 2115 1
85 25 101 25 2115 1
86 9 129 30 5003 1
87 9 138 27 4421 1
88 14 125 5 531 1
89 9 121 8 1015 1
90 17 121 8 1015 1
91 25 121 8 1015 1
92 9 129 46 8570 1
93 17 117 15 1189 1
94 33 117 15 1189 1
95 9 129 28 4589 1
96 12 127 44 5501 1
97 4 118 23 3182 1
98 7 118 23 3182 1
99 29 141 28 3084 1
100 5 125 38 3121 1
101 9 125 38 3121 1
102 8 101 18 1976 1
103 9 140 15 3022 1
104 9 137 14 2086 1
105 17 137 14 2086 1
106 9 138 43 3221 1
107 17 138 43 3221 1
108 26 121 29 4987 1
109 16 141 11 2306 1
110 31 141 11 2306 1
111 46 141 11 2306 1
112 9 101 2 230 1
113 19 140 17 2428 1
114 8 129 29 2840 1
115 15 129 29 2840 1
116 8 127 18 1500 1
117 6 138 40 5185 1
118 16 133 15 1269 1
119 11 139 4 759 1
120 21 139 4 759 1
121 9 137 45 6482 1
122 9 129 20 1753 1
123 6 137 29 4787 1
124 11 137 29 4787 1
125 14 140 6 584 1
126 8 125 21 2016 1
127 15 125 21 2016 1
128 22 125 21 2016 1
129 9 133 16 2474 1
130 10 139 29 5120 1
131 19 139 29 5120 1
132 9 138 24 2912 1
133 17 138 24 2912 1
134 25 138 24 2912 1
135 33 138 24 2912 1
136 9 132 17 3302 1
137 17 132 17 3302 1
138 25 132 17 3302 1
139 16 137 24 2799 1
140 15 127 6 498 1
141 13 127 15 2104 1
142 15 140 19 2875 1
143 9 140 31 4250 1
144 9 137 16 3232 1
145 8 141 28 2591 1
146 12 125 3 270 1
147 9 125 13 2324 1
148 17 125 13 2324 1
149 25 125 13 2324 1
150 33 125 13 2324 1
151 9 121 18 1649 1
152 17 121 18 1649 1
153 8 117 23 2552 1
154 15 117 23 2552 1
155 8 132 24 4643 1
156 10 132 18 3023 1
157 6 137 28 2256 1
158 11 137 28 2256 1
159 16 137 28 2256 1
160 15 141 20 1681 1
161 9 133 15 1365 1
162 15 117 21 3202 1
163 60 117 15 1195 1
164 15 121 51 8288 1
165 8 125 30 3329 1
166 9 117 29 1767 1
167 14 134 51 9348 1
168 15 101 12 793 1
169 9 140 32 4861 1
170 17 140 32 4861 1
171 26 118 28 2450 1
172 4 101 8 1122 1
173 9 139 16 2018 1
174 9 137 31 2817 1
175 17 137 31 2817 1
176 15 101 21 2587 1
177 15 125 26 4423 1
178 8 129 23 2283 1
179 9 134 3 505 1
180 17 134 3 505 1
181 25 134 3 505 1
182 33 134 3 505 1
183 41 134 3 505 1
184 23 125 37 2924 1
185 8 125 22 1657 1
186 7 132 44 5697 1
187 7 141 38 6175 1
188 13 141 38 6175 1
189 19 141 38 6175 1
190 25 141 38 6175 1
191 31 141 38 6175 1
192 37 141 38 6175 1
193 24 133 29 2676 1
194 16 129 17 1810 1
195 20 117 7 951 1
196 24 129 18 2403 1
197 18 118 3 408 1
198 8 138 37 6785 1
199 15 138 37 6785 1
200 9 127 13 1306 1
201 17 127 13 1306 1
202 9 134 33 2343 1
203 25 141 44 8074 1
204 8 138 18 3122 1
205 8 140 46 5990 1
206 15 140 46 5990 1
207 22 140 46 5990 1
208 9 133 33 5370 1
209 17 133 33 5370 1
210 25 133 33 5370 1
211 60 125 41 5896 1
212 8 133 18 3086 1
213 15 133 18 3086 1
214 22 133 18 3086 1
215 29 133 18 3086 1
216 9 137 35 2899 1
217 17 137 35 2899 1
218 8 138 22 4182 1
219 15 138 22 4182 1
220 9 101 14 1177 1
221 9 121 26 3307 1
222 8 118 19 1595 1
223 15 118 19 1595 1
224 22 118 19 1595 1
225 29 118 19 1595 1
226 36 118 19 1595 1
227 10 118 22 3115 1
228 19 118 22 3115 1
229 28 118 22 3115 1
230 15 140 39 3006 1
231 15 127 27 4523 1
232 9 118 33 5692 1
233 5 118 25 1511 1
234 8 140 17 3338 1
235 15 140 17 3338 1
236 9 138 23 3386 1
237 17 138 23 3386 1
238 25 138 23 3386 1
239 9 117 14 1956 1
240 17 117 14 1956 1
241 8 137 28 3455 1
242 9 133 34 5206 1
243 2 133 42 7075 1
244 8 127 27 4345 1
245 15 127 27 4345 1
246 9 133 15 2104 1
247 17 133 15 2104 1
248 9 125 12 1894 1
249 17 125 12 1894 1
250 8 127 32 3912 1
251 15 127 32 3912 1
252 30 134 33 5920 1
253 9 133 14 2632 1
254 15 134 10 1752 1
255 8 121 7 808 1
256 15 121 7 808 1
257 9 139 10 1246 1
258 8 137 11 2120 1
259 15 137 11 2120 1
260 13 141 21 2776 1
261 9 125 32 2968 1
262 17 125 32 2968 1
263 25 125 32 2968 1
264 33 125 32 2968 1
265 15 117 14 1242 1
266 9 129 45 3422 1
267 17 129 45 3422 1
268 9 140 22 2979 1
269 27 138 31 4616 1
270 7 140 15 2907 1
271 9 140 33 4188 1
272 17 140 33 4188 1
273 9 118 23 3707 1
274 11 118 29 4886 1
275 5 101 21 2310 1
276 23 141 2 176 1
277 9 127 24 3805 1
278 28 137 29 3205 1
279 16 140 37 5493 1
280 9 133 1 148 1
281 17 133 1 148 1
282 8 101 18 1787 1
283 9 140 24 4257 1
284 17 140 24 4257 1
285 25 140 24 4257 1
286 11 170 21 3222 1
287 21 170 21 3222 1
288 11 149 48 10094 1
289 13 168 38 7570 1
290 8 151 34 2969 1
291 15 151 34 2969 1
292 11 145 40 3810 1
293 21 145 40 3810 1
294 12 161 18 3943 1
295 15 157 28 4225 1
296 22 149 28 5296 1
297 13 145 89 13278 1
298 25 145 89 13278 1
299 37 145 89 13278 1
300 11 145 30 6442 1
301 8 157 21 3596 1
302 60 157 25 1980 1
303 12 154 46 4716 1
304 23 154 46 4716 1
305 21 165 52 4435 1
306 16 168 29 2521 1
307 39 157 20 3330 1
308 77 157 20 3330 1
309 9 170 57 10334 1
310 22 145 9 849 1
311 9 160 21 3314 1
312 12 158 38 5149 1
313 23 158 38 5149 1
314 16 158 35 4637 1
315 8 161 32 6316 1
316 12 160 29 5866 1
317 21 161 16 2749 1
318 22 167 21 5075 1
319 22 158 18 1848 1
320 8 147 36 7750 1
321 7 149 38 6704 1
322 26 158 24 5008 1
323 10 149 44 4928 1
324 23 145 20 2561 1
325 23 161 30 3534 1
326 45 169 29 4432 1
327 12 149 13 1676 1
328 23 149 13 1676 1
329 7 168 24 3895 1
330 23 149 9 727 1
331 14 160 37 6612 1
332 12 161 49 5709 1
333 23 161 49 5709 1
334 34 161 49 5709 1
335 45 161 49 5709 1
336 56 161 49 5709 1
337 17 160 34 6599 1
338 13 161 22 3920 1
339 13 149 21 3135 1
340 2 170 19 4378 1
341 13 161 11 2240 1
342 25 161 11 2240 1
343 56 168 47 8580 1
344 11 161 35 5698 1
345 21 161 35 5698 1
346 11 168 42 5967 1
347 3 165 49 9699 1
348 8 169 22 4178 1
349 9 161 47 4766 1
350 45 168 32 2856 1
351 12 157 21 4865 1
352 12 169 56 11721 1
353 15 170 21 5190 1
354 16 168 13 2916 1
355 12 145 29 5379 1
356 10 168 83 12590 1
357 13 147 42 8380 1
358 25 147 42 8380 1
359 10 161 23 2938 1
360 15 169 8 1829 1
361 3 168 36 6896 1
362 8 145 37 5624 1
363 13 151 18 2386 1
364 25 151 18 2386 1
365 37 151 18 2386 1
366 49 151 18 2386 1
367 18 151 21 2737 1
368 3 167 32 2720 1
369 8 170 10 1813 1
370 8 149 14 1696 1
371 14 158 56 5114 1
372 12 151 11 2044 1
373 23 151 11 2044 1
374 8 147 14 2276 1
375 15 147 14 2276 1
376 8 151 26 4220 1
377 15 151 26 4220 1
378 22 151 26 4220 1
379 12 165 11 2250 1
380 11 167 6 561 1
381 3 151 23 4276 1
382 15 165 33 3376 1
383 14 169 13 1576 1
384 27 169 13 1576 1
385 10 145 39 7017 1
386 19 145 39 7017 1
387 11 145 32 5823 1
388 12 167 37 8770 1
389 12 147 13 2817 1
390 23 147 13 2817 1
391 34 147 13 2817 1
392 12 145 30 2597 1
393 11 165 36 6417 1
394 9 151 31 4346 1
395 17 154 25 4473 1
396 98 154 12 2739 1
397 10 154 33 7427 1
398 13 161 36 5739 1
399 25 161 36 5739 1
400 6 147 28 5423 1
401 20 145 32 2353 1
402 12 169 68 9690 1
403 23 169 68 9690 1
404 34 169 68 9690 1
405 45 169 68 9690 1
406 56 169 68 9690 1
407 9 145 7 1017 1
408 18 167 8 1513 1
409 10 147 33 6905 1
410 19 147 33 6905 1
411 7 170 3 420 1
412 9 165 40 7260 1
413 12 158 27 4165 1
414 10 160 48 9263 1
415 19 160 48 9263 1
416 25 154 19 2673 1
417 16 147 34 2558 1
418 31 147 34 2558 1
419 8 168 43 10709 1
420 13 157 49 9036 1
421 24 157 18 1596 1
422 11 170 26 6275 1
423 14 145 29 4858 1
424 27 145 29 4858 1
425 40 145 29 4858 1
426 8 161 5 429 1
427 10 165 32 3221 1
428 10 154 38 7895 1
429 12 167 28 6704 1
430 23 167 28 6704 1
431 7 149 28 2260 1
432 11 170 49 7753 1
433 8 149 5 869 1
434 15 149 26 5594 1
435 15 145 37 6650 1
436 15 151 30 5750 1
437 8 147 53 6158 1
438 18 168 9 1464 1
439 13 145 28 3137 1
440 15 167 10 1494 1
441 13 167 48 11750 1
442 48 145 32 6158 1
443 13 154 27 5139 1
444 25 154 27 5139 1
445 8 154 27 2994 1
446 14 169 27 4105 1
447 24 145 29 3422 1
448 13 154 22 4041 1
449 11 147 20 3899 1
450 13 157 18 2024 1
451 24 145 12 954 1
452 11 149 7 1561 1
453 21 149 7 1561 1
454 11 167 41 9440 1
455 21 167 41 9440 1
456 12 151 53 10167 1
457 23 151 53 10167 1
458 25 157 6 1213 1
459 23 169 12 1940 1
460 16 160 5 1121 1
461 12 169 15 1792 1
462 23 169 15 1792 1
463 34 169 15 1792 1
464 13 149 27 2668 1
465 25 149 27 2668 1
466 12 169 44 5043 1
467 23 169 44 5043 1
468 15 160 52 4354 1
469 10 149 43 9024 1
470 44 169 8 788 1
471 15 169 37 7362 1
472 12 149 15 1844 1
473 48 157 27 3962 1
474 14 151 26 1988 1
475 8 169 36 6922 1
476 15 157 43 9193 1
477 29 157 43 9193 1
478 12 154 52 10531 1
479 23 154 52 10531 1
480 8 147 26 3549 1
481 18 158 11 1758 1
482 12 161 23 4826 1
483 16 157 27 2900 1
484 9 149 33 5987 1
485 21 145 19 1759 1
486 20 165 47 9389 1
487 7 151 26 3965 1
488 13 151 26 3965 1
489 12 149 30 5988 1
490 23 149 30 5988 1
491 7 157 16 3626 1
492 15 160 17 2459 1
493 9 170 26 6120 1
494 36 149 30 2450 1
495 9 167 48 7685 1
496 13 168 17 3545 1
497 10 161 32 3642 1
498 13 147 15 2806 1
499 25 147 15 2806 1
500 37 147 15 2806 1
501 10 169 62 12873 1
502 15 167 26 5041 1
503 8 158 22 2416 1
504 15 158 22 2416 1
505 13 154 44 8616 1
506 7 161 35 5680 1
507 12 145 24 2402 1
508 11 157 32 3483 1
509 15 167 24 4329 1
510 29 167 24 4329 1
511 11 157 33 3011 1
512 10 158 20 2840 1
513 12 161 28 2509 1
514 23 161 28 2509 1
515 34 161 28 2509 1
516 45 161 28 2509 1
517 16 167 31 3911 1
518 23 151 46 7483 1
519 12 161 24 3391 1
520 10 158 31 2753 1
521 19 158 31 2753 1
522 28 158 31 2753 1
523 10 149 59 6137 1
524 19 149 59 6137 1
525 22 151 27 3298 1
526 12 157 18 3159 1
527 9 160 8 1366 1
528 16 160 23 4301 1
529 10 158 22 3853 1
530 22 157 35 7441 1
531 13 170 67 10427 1
532 25 170 67 10427 1
533 37 170 67 10427 1
534 13 161 32 4426 1
535 12 157 31 2628 1
536 11 157 35 3368 1
537 22 151 13 2138 1
538 12 157 9 734 1
539 13 161 35 3066 1
540 25 161 35 3066 1
541 12 147 43 9313 1
542 24 160 42 9596 1
543 24 165 34 7864 1
544 9 165 22 2373 1
545 8 145 21 3584 1
546 15 145 21 3584 1
547 9 160 30 4594 1
548 17 160 30 4594 1
549 9 167 18 3897 1
550 9 145 33 6912 1
551 10 147 17 2731 1
552 11 145 37 6364 1
553 21 145 37 6364 1
554 31 145 37 6364 1
555 7 165 51 5235 1
556 42 161 53 5858 1
557 15 157 24 2166 1
558 29 157 24 2166 1
559 43 157 24 2166 1
560 11 158 25 4374 1
561 11 151 10 955 1
562 21 151 10 955 1
563 16 169 34 4583 1
564 13 168 7 686 1
565 13 158 47 8205 1
566 13 169 5 951 1
567 25 169 5 951 1
568 37 169 5 951 1
569 49 169 5 951 1
570 22 151 34 3512 1
571 17 151 21 2494 1
572 18 154 43 9381 1
573 10 160 30 5375 1
574 19 160 30 5375 1
575 12 154 17 2219 1
576 15 145 47 3435 1
577 20 165 26 3203 1
578 11 160 44 7854 1
579 21 161 38 3805 1
580 41 161 38 3805 1
581 61 161 38 3805 1
582 13 154 15 1683 1
583 8 168 44 6770 1
584 16 169 25 6130 1
585 16 165 42 9544 1
586 22 158 43 7811 1
587 44 194 28 6757 1
588 58 208 14 2822 1
589 56 207 17 2007 1
590 36 211 16 4441 1
591 71 211 16 4441 1
592 37 195 16 2775 1
593 58 183 15 3098 1
594 20 197 9 2047 1
595 79 183 29 6650 1
596 37 194 14 1770 1
597 43 194 42 4618 1
598 43 178 15 1832 1
599 99 211 17 3761 1
600 43 207 16 3925 1
601 85 207 16 3925 1
602 46 211 37 9752 1
603 36 207 17 3476 1
604 37 211 21 3047 1
605 36 197 18 5234 1
606 44 178 31 6962 1
607 36 211 18 5033 1
608 44 198 24 2489 1
609 21 197 30 7547 1
610 16 184 19 4891 1
611 38 197 14 2151 1
612 44 175 24 5082 1
613 57 195 38 4942 1
614 113 195 38 4942 1
615 16 198 38 9836 1
616 31 198 38 9836 1
617 37 208 24 6970 1
618 37 198 11 2648 1
619 22 178 7 1604 1
620 19 210 24 4794 1
621 37 210 24 4794 1
622 57 178 17 3443 1
623 43 183 20 4529 1
624 56 194 16 1567 1
625 15 210 63 7544 1
626 43 195 18 4422 1
627 85 195 18 4422 1
628 10 211 32 7996 1
629 44 195 7 1014 1
630 87 195 7 1014 1
631 15 197 45 5435 1
632 29 197 45 5435 1
633 57 195 37 6362 1
634 44 183 20 4908 1
635 87 183 20 4908 1
636 44 175 16 1850 1
637 58 197 25 5935 1
638 58 183 16 1763 1
639 16 183 13 2870 1
640 44 184 31 4758 1
641 87 184 31 4758 1
642 130 184 31 4758 1
643 44 198 26 5884 1
644 73 211 23 2462 1
645 58 208 34 9917 1
646 37 175 24 4597 1
647 43 197 14 2585 1
648 14 195 15 3212 1
649 18 197 14 4095 1
650 35 197 14 4095 1
651 44 208 36 11043 1
652 58 194 26 5011 1
653 58 198 19 2662 1
654 43 178 22 3212 1
655 15 195 19 3305 1
656 45 194 14 3027 1
657 43 207 13 3063 1
658 102 184 17 3064 1
659 44 208 23 6193 1
660 42 178 13 3421 1
661 83 178 13 3421 1
662 44 175 22 3486 1
663 87 175 22 3486 1
664 42 184 31 8007 1
665 83 184 31 8007 1
666 124 184 31 8007 1
667 14 198 13 1668 1
668 43 195 13 2405 1
669 85 195 13 2405 1
670 103 211 20 3654 1
671 37 195 28 7328 1
672 58 195 14 2629 1
673 15 194 18 4915 1
674 33 198 20 2433 1
675 44 184 18 1709 1
676 87 184 18 1709 1
677 44 183 10 2465 1
678 18 178 18 3773 1
679 56 207 14 1956 1
680 36 178 25 2933 1
681 57 265 16 3131 1
682 29 220 30 8871 1
683 57 220 30 8871 1
684 57 220 27 6212 1
685 17 260 24 6542 1
686 36 267 32 7744 1
687 57 276 34 9019 1
688 50 277 38 14912 1
689 16 275 29 8916 1
690 57 222 37 8857 1
691 113 222 37 8857 1
692 57 228 14 4635 1
693 113 228 14 4635 1
694 90 261 38 12200 1
695 30 275 19 5070 1
696 37 267 24 4851 1
697 58 268 29 6315 1
698 58 243 19 6208 1
699 36 276 27 3991 1
700 36 267 21 7545 1
701 29 254 17 5483 1
702 50 257 15 2398 1
703 58 268 17 6555 1
704 16 274 12 2701 1
705 58 239 22 4142 1
706 58 279 34 8378 1
707 36 239 19 3200 1
708 51 257 23 8076 1
709 101 257 23 8076 1
710 72 259 23 7813 1
711 57 279 28 6136 1
712 50 267 31 5056 1
713 50 262 17 3257 1
714 57 240 20 4227 1
715 113 240 20 4227 1
716 169 240 20 4227 1
717 57 267 13 4908 1
718 30 260 18 3423 1
719 50 272 21 6912 1
720 38 264 12 2553 1
721 75 264 12 2553 1
722 57 274 21 3044 1
723 89 279 38 12883 1
724 25 274 21 6169 1
725 29 264 18 4323 1
726 37 276 26 6486 1
727 94 275 32 7286 1
728 187 275 32 7286 1
729 51 240 35 4743 1
730 94 260 18 5839 1
731 56 277 19 5614 1
732 40 279 26 10382 1
733 36 243 33 8344 1
734 94 240 15 5354 1
735 14 221 16 2883 1
736 38 255 23 5466 1
737 57 276 39 12243 1
738 36 274 19 2718 1
739 71 274 19 2718 1
740 36 276 27 5826 1
741 58 216 15 3810 1
742 92 254 31 8474 1
743 51 257 23 6667 1
744 74 279 29 12082 1
745 56 255 16 2901 1
746 92 272 40 15748 1
747 45 255 24 4350 1
748 57 243 34 10347 1
749 27 216 15 4078 1
750 15 220 18 5891 1
751 37 262 30 11103 1
752 73 262 30 11103 1
753 43 272 34 7900 1
754 48 265 36 5601 1
755 58 221 15 4487 1
756 37 257 17 4590 1
757 43 279 29 10532 1
758 57 279 16 6088 1
759 36 267 14 2975 1
760 71 267 14 2975 1
761 31 255 36 12172 1
762 36 243 43 13097 1
763 36 222 37 11279 1
764 71 222 37 11279 1
765 50 274 23 3781 1
766 99 274 23 3781 1
767 109 220 28 4154 1
768 49 262 14 3496 1
769 87 216 23 4115 1
770 30 268 32 7632 1
771 37 274 28 7707 1
772 36 240 31 9750 1
773 71 240 31 9750 1
774 50 268 15 3254 1
775 30 243 18 5152 1
776 56 337 25 5968 1
777 111 337 25 5968 1
778 37 337 44 14512 1
779 30 304 30 8741 1
780 78 336 60 24757 1
781 13 281 38 6725 1
782 37 282 29 11631 1
783 57 303 32 14097 1
784 58 282 35 5080 1
785 115 282 35 5080 1
786 172 282 35 5080 1
787 30 303 24 9105 1
788 66 294 39 7290 1
789 46 292 22 4775 1
790 56 337 28 9927 1
791 78 324 24 4223 1
792 29 305 44 8174 1
793 78 292 24 3768 1
794 57 281 18 7030 1
795 36 332 50 9973 1
796 9 337 21 4960 1
797 29 292 36 6926 1
798 58 332 28 12819 1
799 57 336 36 17300 1
800 78 286 35 13369 1
801 36 281 16 6206 1
802 61 300 44 13534 1
803 58 282 45 16581 1
804 115 282 45 16581 1
805 36 333 38 18602 1
806 71 333 38 18602 1
807 37 334 42 12574 1
808 31 303 24 8269 1
809 57 336 34 13610 1
810 78 323 44 11671 1
811 57 305 43 10926 1
812 113 305 43 10926 1
813 169 305 43 10926 1
814 225 305 43 10926 1
815 281 305 43 10926 1
816 337 305 43 10926 1
817 393 305 43 10926 1
818 56 332 37 13023 1
819 58 323 30 5033 1
820 57 335 15 2962 1
821 113 335 15 2962 1
822 169 335 15 2962 1
823 225 335 15 2962 1
824 58 338 1 259 1
825 115 338 1 259 1
826 172 338 1 259 1
827 229 338 1 259 1
828 58 335 32 7834 1
829 115 335 32 7834 1
830 29 338 34 6925 1
831 56 292 31 5180 1
832 111 292 31 5180 1
833 166 292 31 5180 1
834 30 286 30 5317 1
835 29 292 37 14148 1
836 78 338 41 16642 1
837 57 286 24 5453 1
838 58 286 40 7036 1
839 78 337 30 13234 1
840 58 332 37 10658 1
841 58 300 31 8253 1
842 59 338 26 5539 1
843 117 338 26 5539 1
844 175 338 26 5539 1
845 78 292 27 11651 1
846 58 294 20 4194 1
847 57 334 29 4880 1
848 113 334 29 4880 1
849 169 334 29 4880 1
850 57 300 32 10789 1
851 56 337 26 12724 1
852 37 337 25 11984 1
853 27 294 19 6556 1
854 77 316 55 22453 1
855 77 282 31 12961 1
856 57 305 31 8825 1
857 55 303 39 10736 1
858 109 303 39 10736 1
859 163 303 39 10736 1
860 57 292 15 5143 1
861 113 292 15 5143 1
862 28 323 12 3169 1
863 30 333 50 9241 1
864 58 303 38 11171 1
865 115 303 38 11171 1
866 172 303 38 11171 1
867 229 303 38 11171 1
868 37 300 23 9769 1
869 58 316 43 15650 1
870 56 282 25 7278 1
871 111 282 25 7278 1
872 166 282 25 7278 1
873 221 282 25 7278 1
874 276 282 25 7278 1
875 81 286 38 7350 1
876 161 286 38 7350 1
877 57 338 23 9386 1
878 59 300 39 14469 1
879 64 323 31 5201 1
880 78 305 12 4821 1
881 59 305 27 9928 1
882 58 316 23 6780 1
883 116 363 62 27991 1
884 80 363 53 13139 1
885 74 366 33 18048 1
886 63 364 58 13693 1
887 72 366 37 16476 1
888 77 369 85 16632 1
889 72 364 40 7586 1
890 71 366 64 27152 1
891 96 368 59 21776 1
892 65 368 43 20235 1
893 64 364 44 17029 1
894 127 364 44 17029 1
895 77 369 43 23148 1
896 95 369 49 17735 1
897 80 365 30 11055 1
898 159 365 30 11055 1
899 71 364 44 14513 1
900 89 366 65 16879 1
901 71 364 41 14226 1
902 95 349 64 21223 1
903 138 366 31 12346 1
904 80 363 43 8081 1
905 71 366 30 15348 1
906 73 364 36 15654 1
907 145 364 36 15654 1
908 79 364 35 13087 1
909 73 365 29 14414 1
910 72 366 36 9818 1
911 143 366 36 9818 1
912 85 368 35 18390 1
913 69 369 30 8824 1
914 78 363 25 11992 1
915 79 369 40 14462 1
916 157 369 40 14462 1
917 70 363 37 18287 1
918 139 363 37 18287 1
919 208 363 37 18287 1
920 78 366 67 25685 1
921 155 366 67 25685 1
922 55 365 40 21780 1
923 79 349 51 22782 1
924 79 366 36 18659 1
925 85 366 26 13367 1
926 72 365 36 16768 1
927 71 349 43 17389 1
928 101 364 31 8681 1
929 71 369 51 9887 1
930 71 364 40 13645 1
931 141 364 40 13645 1
932 78 364 31 5886 1
933 78 368 50 16363 1
934 71 349 40 20453 1
935 70 363 30 11781 1
936 98 365 39 11583 1
937 78 364 26 5718 1
938 71 363 96 32788 1
939 141 363 96 32788 1
940 71 369 90 16834 1
941 141 369 90 16834 1
942 77 365 38 18324 1
943 79 364 32 10158 1
944 78 363 68 28921 1
945 155 363 68 28921 1
946 232 363 68 28921 1
947 77 365 53 17986 1
948 74 364 70 20428 1
949 147 364 70 20428 1
950 70 349 25 12513 1
951 72 364 40 19290 1
952 79 369 50 25193 1
953 80 364 27 12437 1
954 159 364 27 12437 1
955 71 366 44 21792 1
956 83 364 33 7093 1
957 80 349 35 6267 1
958 72 365 46 22712 1
959 143 365 46 22712 1
960 72 363 34 17718 1
961 78 369 62 17248 1
962 155 369 62 17248 1
963 88 363 29 13887 1
964 70 363 46 22305 1
965 78 366 59 22995 1
966 102 365 43 21378 1
967 59 368 39 9344 1
968 79 363 46 17626 1
969 88 368 36 13264 1
970 67 368 49 21772 1
971 90 368 57 13977 1
972 191 363 30 5490 1
973 85 363 32 5932 1
974 79 349 43 17787 1
975 66 366 31 16895 1
976 71 364 24 10160 1
977 71 368 35 14382 1
978 141 368 35 14382 1
979 85 369 46 22872 1
980 84 349 44 19396 1
981 88 365 21 6020 1
982 175 365 21 6020 1
983 85 365 65 34418 1
984 70 363 32 16737 1
985 79 368 52 11941 1
986 80 349 33 13202 1
987 159 349 33 13202 1
988 238 349 33 13202 1
989 71 364 34 9030 1
990 141 364 34 9030 1
991 84 363 44 8384 1
992 78 363 41 12649 1
993 59 368 68 14407 1
994 117 368 68 14407 1
995 168 349 56 14814 1
996 71 366 45 12770 1
997 70 368 61 25859 1
998 59 365 60 32253 1
999 122 366 41 16194 1
1000 80 363 28 13585 1
1001 85 349 22 7413 1
1002 92 364 42 18605 1
1003 79 363 43 9105 1
1004 72 364 28 8980 1
1005 71 365 37 9158 1
1006 116 364 24 10945 1
1007 72 363 57 26827 1
1008 69 365 53 27979 1
1009 71 364 40 16976 1
1010 72 368 24 12528 1
1011 72 365 45 17987 1
1012 66 363 45 10826 1
1013 131 363 45 10826 1
1014 72 366 24 11020 1
1015 143 366 24 11020 1
1016 85 400 36 20904 1
1017 169 400 36 20904 1
1018 253 400 36 20904 1
1019 337 400 36 20904 1
1020 104 397 59 30050 1
1021 207 397 59 30050 1
1022 78 397 14 5608 1
1023 78 400 52 19592 1
1024 92 399 38 21742 1
1025 151 399 44 24422 1
1026 84 396 38 10190 1
1027 167 396 38 10190 1
1028 102 399 41 20345 1
1029 87 399 41 16488 1
1030 78 397 51 10772 1
1031 78 400 54 16331 1
1032 97 399 29 9630 1
1033 103 398 47 17159 1
1034 90 398 52 19451 1
1035 179 398 52 19451 1
1036 268 398 52 19451 1
1037 357 398 52 19451 1
16
500 500 500 500 425 425 400 400 440 500 500 400 500 500 500 550 