1037
1 17 125 20 3618 1
2 27 101 23 2599 1
3 53 101 23 2599 1
4 22 117 29 2116 1
5 4 137 27 2768 1
6 17 121 38 2982 1
7 17 118 21 1519 1
8 7 101 20 2531 1
9 8 137 29 3681 1
10 15 137 29 3681 1
11 8 125 27 1800 1
12 15 125 27 1800 1
13 22 125 27 1800 1
14 29 125 27 1800 1
15 36 125 27 1800 1
16 43 125 27 1800 1
17 15 132 11 1510 1
18 8 140 11 1980 1
19 10 138 35 3454 1
20 19 138 35 3454 1
21 12 127 42 5098 1
22 9 132 49 9293 1
23 17 132 49 9293 1
24 25 132 49 9293 1
25 15 132 31 4849 1
26 16 132 15 2287 1
27 31 132 15 2287 1
28 9 132 25 4627 1
29 9 141 14 2454 1
30 9 117 21 3362 1
31 8 129 17 1787 1
32 15 129 17 1787 1
33 22 129 17 1787 1
34 29 129 17 1787 1
35 36 129 17 1787 1
36 8 133 1 188 1
37 9 133 20 3155 1
38 27 118 75 12803 1
39 13 129 17 1263 1
40 9 133 4 671 1
41 9 132 26 3737 1
42 8 134 9 625 1
43 15 134 9 625 1
44 22 134 9 625 1
45 9 129 27 3125 1
46 9 139 17 2786 1
47 16 137 29 4578 1
48 11 133 2 177 1
49 22 125 16 1528 1
50 12 138 28 4167 1
51 9 117 22 2669 1
52 17 117 22 2669 1
53 7 140 14 1739 1
54 13 140 14 1739 1
55 15 140 14 2511 1
56 8 137 34 2983 1
57 10 125 25 2341 1
58 19 125 25 2341 1
59 8 138 40 3254 1
60 15 138 40 3254 1
61 136 140 17 2437 1
62 17 137 34 3291 1
63 20 129 24 4531 1
64 15 101 18 1516 1
65 14 137 49 5909 1
66 31 138 23 1819 1
67 10 140 17 3520 1
68 10 138 23 3445 1
69 9 137 56 8710 1
70 17 137 56 8710 1
71 25 137 56 8710 1
72 103 132 53 7342 1
73 20 101 30 3239 1
74 39 101 30 3239 1
75 9 129 14 1717 1
76 7 127 38 3918 1
77 9 117 38 3054 1
78 165 101 14 1835 1
79 16 101 10 1224 1
80 10 140 17 1299 1
81 8 137 16 1731 1
82 8 127 20 1879 1
83 15 127 20 1879 1
84 22 127 20 1879 1
85 8 133 27 2462 1
86 15 133 27 2462 1
87 9 132 23 3245 1
88 8 118 32 4179 1
89 9 129 26 4923 1
90 17 129 26 4923 1
91 9 127 33 4813 1
92 9 138 29 2669 1
93 17 138 29 2669 1
94 25 138 29 2669 1
95 6 134 37 6798 1
96 7 117 10 1669 1
97 12 117 23 3151 1
98 8 138 24 2640 1
99 14 139 28 2864 1
100 5 140 73 6350 1
101 8 117 21 1813 1
102 9 127 19 1343 1
103 17 127 19 1343 1
104 25 127 19 1343 1
105 33 127 19 1343 1
106 41 127 19 1343 1
107 49 127 19 1343 1
108 28 132 11 1077 1
109 8 134 15 2981 1
110 8 129 71 11063 1
111 15 129 71 11063 1
112 13 118 14 1334 1
113 25 118 14 1334 1
114 8 138 1 152 1
115 15 138 1 152 1
116 22 138 1 152 1
117 15 117 27 2204 1
118 9 101 27 2314 1
119 8 139 16 2523 1
120 7 129 30 3904 1
121 13 129 30 3904 1
122 19 129 30 3904 1
123 25 129 30 3904 1
124 18 117 13 2146 1
125 9 127 38 7091 1
126 9 132 1 104 1
127 17 132 1 104 1
128 19 129 26 3861 1
129 37 129 26 3861 1
130 8 125 15 1286 1
131 15 125 15 1286 1
132 22 125 15 1286 1
133 8 129 31 2592 1
134 15 129 31 2592 1
135 111 138 16 1820 1
136 9 101 8 1124 1
137 17 101 8 1124 1
138 7 125 23 2788 1
139 13 125 23 2788 1
140 19 125 23 2788 1
141 8 129 24 3344 1
142 15 129 24 3344 1
143 22 129 24 3344 1
144 10 117 19 1640 1
145 19 101 20 1543 1
146 9 133 22 4037 1
147 17 133 22 4037 1
148 25 133 22 4037 1
149 9 139 16 1752 1
150 17 139 16 1752 1
151 15 140 14 1441 1
152 16 125 35 3719 1
153 9 118 41 3169 1
154 17 118 41 3169 1
155 9 134 27 3245 1
156 17 134 27 3245 1
157 8 140 22 3654 1
158 15 140 22 3654 1
159 20 139 7 743 1
160 10 134 26 2313 1
161 19 134 26 2313 1
162 31 117 30 1864 1
163 8 125 9 943 1
164 15 125 9 943 1
165 22 125 9 943 1
166 9 118 39 5055 1
167 22 125 34 5062 1
168 7 138 26 5288 1
169 24 125 64 5070 1
170 21 127 9 963 1
171 41 127 9 963 1
172 17 127 14 2663 1
173 8 127 21 1619 1
174 15 127 21 1619 1
175 9 134 17 1568 1
176 6 117 9 607 1
177 8 125 34 6108 1
178 17 121 7 655 1
179 16 117 20 2602 1
180 15 141 7 700 1
181 9 117 30 2128 1
182 17 117 30 2128 1
183 25 117 30 2128 1
184 7 133 31 6024 1
185 8 117 34 3969 1
186 9 125 11 1469 1
187 17 125 11 1469 1
188 7 137 31 3560 1
189 21 133 35 3596 1
190 9 121 11 1358 1
191 28 125 6 450 1
192 55 125 6 450 1
193 8 138 45 5631 1
194 21 125 17 2367 1
195 9 133 23 3475 1
196 17 133 23 3475 1
197 22 141 26 5480 1
198 19 138 27 4028 1
199 20 118 19 2749 1
200 15 121 32 4177 1
201 8 129 32 3294 1
202 15 129 32 3294 1
203 9 133 25 2440 1
204 12 127 5 722 1
205 16 117 22 1799 1
206 9 133 12 2285 1
207 17 133 12 2285 1
208 7 101 35 2491 1
209 13 101 35 2491 1
210 19 101 35 2491 1
211 11 133 26 3604 1
212 8 117 9 904 1
213 16 134 27 4757 1
214 8 138 32 5118 1
215 15 138 32 5118 1
216 5 138 30 4394 1
217 9 138 30 4394 1
218 11 137 18 2209 1
219 9 141 7 1391 1
220 8 127 23 2520 1
221 9 134 32 5259 1
222 17 134 32 5259 1
223 25 134 32 5259 1
224 33 134 32 5259 1
225 41 134 32 5259 1
226 97 101 17 2312 1
227 15 137 19 1708 1
228 8 125 41 4978 1
229 9 117 12 1998 1
230 21 139 10 967 1
231 9 134 26 1822 1
232 8 133 22 4180 1
233 15 133 22 4180 1
234 22 133 22 4180 1
235 29 133 22 4180 1
236 36 133 22 4180 1
237 43 133 22 4180 1
238 50 133 22 4180 1
239 57 133 22 4180 1
240 11 134 5 349 1
241 14 132 30 4795 1
242 10 117 14 1374 1
243 7 141 39 2973 1
244 13 141 39 2973 1
245 15 127 2 280 1
246 8 121 23 2967 1
247 8 132 21 2196 1
248 8 125 8 535 1
249 8 101 23 2158 1
250 8 140 45 9189 1
251 21 127 30 5296 1
252 8 127 59 7076 1
253 15 127 59 7076 1
254 8 133 18 1291 1
255 8 125 10 1622 1
256 15 125 10 1622 1
257 22 125 10 1622 1
258 29 125 10 1622 1
259 36 125 10 1622 1
260 8 132 19 3756 1
261 15 132 19 3756 1
262 22 132 19 3756 1
263 6 118 13 2018 1
264 11 118 13 2018 1
265 8 101 11 1348 1
266 15 101 11 1348 1
267 12 138 28 2838 1
268 23 138 28 2838 1
269 19 138 17 2024 1
270 8 139 38 6517 1
271 15 139 38 6517 1
272 5 133 30 2940 1
273 5 139 42 5090 1
274 17 129 15 1204 1
275 9 139 24 4751 1
276 8 117 30 3651 1
277 28 132 13 2358 1
278 9 138 2 242 1
279 17 138 2 242 1
280 25 138 2 242 1
281 33 138 2 242 1
282 41 138 2 242 1
283 49 138 2 242 1
284 57 138 2 242 1
285 17 127 6 659 1
286 16 161 31 5055 1
287 17 157 9 740 1
288 23 170 9 977 1
289 12 168 35 3855 1
290 6 170 34 5790 1
291 36 169 41 9271 1
292 10 161 23 3106 1
293 16 165 19 2780 1
294 13 161 31 4686 1
295 25 161 31 4686 1
296 16 147 18 1964 1
297 14 169 35 3926 1
298 27 169 35 3926 1
299 40 169 35 3926 1
300 12 170 35 8857 1
301 23 170 35 8857 1
302 9 151 29 2643 1
303 7 168 21 1914 1
304 8 165 22 1978 1
305 15 165 22 1978 1
306 9 160 34 7707 1
307 17 160 34 7707 1
308 11 145 29 6142 1
309 7 147 21 2104 1
310 17 145 13 1849 1
311 11 160 42 7848 1
312 21 160 42 7848 1
313 31 160 42 7848 1
314 9 151 15 1474 1
315 17 151 15 1474 1
316 10 157 44 3884 1
317 19 157 44 3884 1
318 28 157 44 3884 1
319 7 160 30 6987 1
320 9 169 24 3276 1
321 17 169 24 3276 1
322 16 161 10 1691 1
323 15 157 30 4038 1
324 11 147 37 3248 1
325 16 158 27 2393 1
326 11 145 19 2365 1
327 21 145 19 2365 1
328 31 145 19 2365 1
329 12 147 5 594 1
330 23 147 5 594 1
331 34 147 5 594 1
332 48 169 27 2683 1
333 12 160 72 16946 1
334 23 160 72 16946 1
335 10 161 20 3343 1
336 19 161 20 3343 1
337 9 170 39 4002 1
338 12 169 37 8823 1
339 23 169 37 8823 1
340 34 169 37 8823 1
341 14 169 30 6926 1
342 27 169 30 6926 1
343 16 147 11 2293 1
344 16 158 23 4674 1
345 14 167 42 8185 1
346 27 167 42 8185 1
347 15 147 16 1434 1
348 17 168 38 6019 1
349 23 154 52 9153 1
350 9 149 66 9145 1
351 17 149 66 9145 1
352 23 160 39 6552 1
353 25 145 16 3330 1
354 10 145 43 8297 1
355 19 145 43 8297 1
356 28 145 43 8297 1
357 37 145 43 8297 1
358 46 145 43 8297 1
359 8 147 31 4746 1
360 15 147 31 4746 1
361 15 158 25 2352 1
362 10 170 33 6299 1
363 11 170 20 2681 1
364 9 169 30 4906 1
365 9 169 9 955 1
366 17 169 9 955 1
367 11 161 4 690 1
368 14 157 11 1065 1
369 27 157 11 1065 1
370 40 157 11 1065 1
371 11 161 25 3406 1
372 21 161 25 3406 1
373 23 154 30 5957 1
374 13 168 44 5173 1
375 16 169 28 5363 1
376 6 161 42 9973 1
377 11 149 35 3180 1
378 21 149 35 3180 1
379 31 149 35 3180 1
380 41 149 35 3180 1
381 51 149 35 3180 1
382 61 149 35 3180 1
383 7 170 40 6114 1
384 13 158 10 1662 1
385 12 161 20 3349 1
386 11 165 32 5015 1
387 7 169 27 3252 1
388 13 169 27 3252 1
389 16 161 28 4292 1
390 13 151 28 2413 1
391 11 151 30 2750 1
392 21 149 31 2406 1
393 9 154 58 10529 1
394 15 158 46 7718 1
395 15 157 44 6702 1
396 29 157 44 6702 1
397 43 157 44 6702 1
398 15 158 13 2581 1
399 12 154 40 4272 1
400 13 158 21 2300 1
401 25 158 21 2300 1
402 13 160 40 4692 1
403 25 160 40 4692 1
404 6 154 4 319 1
405 11 154 4 319 1
406 15 165 15 3481 1
407 2 169 15 2625 1
408 9 168 40 6117 1
409 17 168 40 6117 1
410 14 157 22 3501 1
411 27 157 22 3501 1
412 7 168 66 15518 1
413 16 161 20 4388 1
414 31 161 20 4388 1
415 12 151 24 3300 1
416 23 151 24 3300 1
417 34 151 24 3300 1
418 8 151 16 3456 1
419 8 157 35 3740 1
420 14 157 13 2247 1
421 11 157 48 5705 1
422 15 160 25 4904 1
423 9 157 41 4813 1
424 3 160 60 6740 1
425 9 167 60 12764 1
426 17 167 60 12764 1
427 16 154 51 10875 1
428 10 154 21 2315 1
429 8 158 32 5130 1
430 13 158 16 2528 1
431 25 158 16 2528 1
432 37 158 16 2528 1
433 13 157 37 3928 1
434 13 168 49 4952 1
435 10 149 15 2890 1
436 19 149 15 2890 1
437 28 149 15 2890 1
438 37 149 15 2890 1
439 13 154 18 3903 1
440 25 154 18 3903 1
441 16 157 14 2812 1
442 10 147 24 1843 1
443 11 165 48 7644 1
444 12 170 37 6670 1
445 23 170 37 6670 1
446 34 170 37 6670 1
447 15 161 31 4188 1
448 29 161 31 4188 1
449 43 161 31 4188 1
450 8 158 3 604 1
451 11 170 15 1379 1
452 21 170 15 1379 1
453 31 170 15 1379 1
454 41 170 15 1379 1
455 51 170 15 1379 1
456 15 170 31 3714 1
457 13 170 41 8564 1
458 25 170 41 8564 1
459 37 170 41 8564 1
460 49 170 41 8564 1
461 12 149 26 2508 1
462 11 158 17 2297 1
463 21 158 17 2297 1
464 31 158 17 2297 1
465 14 147 18 2672 1
466 27 147 18 2672 1
467 12 170 42 9429 1
468 43 147 1 130 1
469 9 157 39 5004 1
470 17 157 39 5004 1
471 12 149 29 6207 1
472 23 149 29 6207 1
473 10 169 20 2769 1
474 23 145 50 7335 1
475 12 160 9 1248 1
476 12 147 18 1767 1
477 7 145 41 4503 1
478 18 157 28 5922 1
479 15 161 11 939 1
480 13 158 43 7851 1
481 13 149 16 3099 1
482 8 151 20 3364 1
483 15 151 20 3364 1
484 22 151 20 3364 1
485 10 161 38 8075 1
486 43 170 27 5188 1
487 24 165 27 3775 1
488 15 149 44 9328 1
489 15 154 41 8226 1
490 29 154 41 8226 1
491 43 154 41 8226 1
492 57 154 41 8226 1
493 71 154 41 8226 1
494 85 154 41 8226 1
495 10 170 33 3231 1
496 19 170 33 3231 1
497 28 170 33 3231 1
498 37 170 33 3231 1
499 9 168 5 1180 1
500 15 154 43 8453 1
501 29 154 43 8453 1
502 10 158 19 3343 1
503 19 158 19 3343 1
504 28 158 19 3343 1
505 37 158 19 3343 1
506 9 167 35 7307 1
507 8 167 43 5293 1
508 15 167 43 5293 1
509 22 167 43 5293 1
510 13 145 30 2531 1
511 25 145 30 2531 1
512 30 151 27 5250 1
513 59 151 27 5250 1
514 9 169 25 5989 1
515 12 161 19 3871 1
516 8 151 12 2267 1
517 17 161 26 4193 1
518 33 161 26 4193 1
519 12 145 4 419 1
520 23 145 4 419 1
521 17 145 19 2515 1
522 16 170 39 8858 1
523 116 154 11 1819 1
524 11 165 18 2168 1
525 21 165 18 2168 1
526 15 149 6 1068 1
527 13 147 23 4053 1
528 18 158 9 1169 1
529 8 170 17 3821 1
530 15 170 17 3821 1
531 11 165 28 6264 1
532 15 158 30 7100 1
533 8 167 60 9783 1
534 13 167 21 5181 1
535 8 165 45 9010 1
536 12 151 33 5066 1
537 8 149 23 4998 1
538 22 151 26 4762 1
539 12 151 27 2048 1
540 23 151 27 2048 1
541 34 151 27 2048 1
542 45 151 27 2048 1
543 56 151 27 2048 1
544 13 160 40 7369 1
545 23 161 33 4337 1
546 9 147 27 4774 1
547 12 161 51 9956 1
548 13 168 37 8186 1
549 10 151 18 3594 1
550 19 151 18 3594 1
551 8 161 30 6020 1
552 9 147 7 791 1
553 12 151 31 5427 1
554 12 151 52 9598 1
555 23 151 52 9598 1
556 17 154 25 3209 1
557 11 147 22 2087 1
558 16 154 13 2506 1
559 16 145 30 5862 1
560 8 161 30 6109 1
561 16 167 21 3949 1
562 4 160 16 1920 1
563 8 147 32 4034 1
564 10 157 43 4222 1
565 19 157 43 4222 1
566 28 157 43 4222 1
567 11 147 32 5228 1
568 12 161 46 7976 1
569 23 161 46 7976 1
570 188 154 42 6625 1
571 13 147 9 1835 1
572 38 165 19 4127 1
573 16 151 33 5144 1
574 12 160 45 10392 1
575 23 160 45 10392 1
576 22 167 15 3546 1
577 15 169 26 2695 1
578 15 165 21 4155 1
579 29 165 21 4155 1
580 15 157 25 4310 1
581 22 170 16 3802 1
582 43 170 16 3802 1
583 64 170 16 3802 1
584 12 157 30 5959 1
585 13 157 29 5463 1
586 15 158 27 2522 1
587 36 184 11 1384 1
588 57 194 11 1693 1
589 43 197 28 6323 1
590 85 197 28 6323 1
591 43 198 21 3508 1
592 43 175 8 1870 1
593 85 175 8 1870 1
594 17 184 33 8315 1
595 43 197 22 5900 1
596 44 178 11 1995 1
597 87 178 11 1995 1
598 38 195 32 6101 1
599 44 210 22 6380 1
600 59 184 15 3540 1
601 20 183 13 1196 1
602 15 195 22 4165 1
603 43 184 13 3035 1
604 85 184 13 3035 1
605 127 184 13 3035 1
606 43 175 46 10012 1
607 85 175 46 10012 1
608 36 195 29 5630 1
609 19 178 29 4051 1
610 17 211 24 6782 1
611 43 183 21 5124 1
612 85 183 21 5124 1
613 127 183 21 5124 1
614 16 198 32 7175 1
615 31 198 32 7175 1
616 44 208 17 3209 1
617 44 211 13 2470 1
618 37 195 13 3139 1
619 18 175 16 1471 1
620 37 194 15 2370 1
621 16 208 18 3243 1
622 36 184 17 4606 1
623 62 197 33 8311 1
624 123 197 33 8311 1
625 37 198 12 1237 1
626 43 183 31 4181 1
627 85 183 31 4181 1
628 127 183 31 4181 1
629 58 210 16 2323 1
630 24 198 17 3435 1
631 47 198 17 3435 1
632 28 183 15 2329 1
633 16 211 15 3548 1
634 43 197 14 2090 1
635 43 208 11 3191 1
636 72 211 16 3573 1
637 43 175 12 3069 1
638 85 175 12 3069 1
639 127 175 12 3069 1
640 169 175 12 3069 1
641 211 175 12 3069 1
642 25 197 23 4208 1
643 49 197 23 4208 1
644 23 208 25 7254 1
645 45 208 25 7254 1
646 43 208 19 2470 1
647 85 208 19 2470 1
648 54 197 13 3271 1
649 44 184 13 2276 1
650 43 198 14 2654 1
651 85 198 14 2654 1
652 43 184 17 4502 1
653 43 211 20 3538 1
654 44 183 27 6198 1
655 14 197 13 2172 1
656 44 211 39 11809 1
657 16 198 20 4171 1
658 37 211 13 1603 1
659 57 197 12 2563 1
660 43 178 7 904 1
661 85 178 7 904 1
662 43 207 18 4922 1
663 41 208 26 7465 1
664 37 183 21 2731 1
665 36 178 13 1604 1
666 71 178 13 1604 1
667 43 197 25 6236 1
668 32 184 26 3967 1
669 37 211 14 3730 1
670 6 208 12 2757 1
671 16 211 16 4988 1
672 44 175 8 944 1
673 44 184 17 2695 1
674 87 184 17 2695 1
675 25 194 16 2569 1
676 44 207 11 1509 1
677 25 210 31 3778 1
678 44 184 10 1761 1
679 16 197 15 4334 1
680 57 175 20 2174 1
681 36 277 32 8953 1
682 91 240 29 3819 1
683 37 243 28 6439 1
684 17 267 19 7211 1
685 36 230 13 2764 1
686 50 267 23 6725 1
687 99 267 23 6725 1
688 62 221 11 2305 1
689 58 216 27 8724 1
690 16 272 17 6549 1
691 37 259 21 5367 1
692 29 264 40 13955 1
693 57 264 40 13955 1
694 29 216 23 7105 1
695 16 265 15 2116 1
696 57 276 12 2760 1
697 113 276 12 2760 1
698 29 261 53 8448 1
699 50 279 39 15072 1
700 36 275 33 13441 1
701 31 254 24 7910 1
702 57 216 28 6127 1
703 17 267 27 5413 1
704 30 228 25 7390 1
705 36 274 19 7267 1
706 30 259 12 2958 1
707 36 216 13 1486 1
708 37 228 28 4206 1
709 28 277 34 12409 1
710 57 265 23 5763 1
711 113 265 23 5763 1
712 90 257 32 6160 1
713 29 254 18 3966 1
714 51 259 19 5673 1
715 48 260 19 5500 1
716 17 260 24 6413 1
717 53 276 32 5443 1
718 62 259 31 5443 1
719 30 258 32 9640 1
720 36 221 21 4275 1
721 16 255 24 7716 1
722 32 275 27 9129 1
723 50 243 13 3707 1
724 37 257 26 5516 1
725 35 265 18 6180 1
726 57 279 28 8919 1
727 113 279 28 8919 1
728 50 264 28 4858 1
729 57 267 30 6461 1
730 14 264 40 10762 1
731 39 279 14 3102 1
732 16 279 28 8979 1
733 65 220 24 6622 1
734 68 279 23 6791 1
735 35 279 18 3524 1
736 58 274 22 3257 1
737 37 276 16 4069 1
738 73 276 16 4069 1
739 37 239 12 2949 1
740 36 228 12 1812 1
741 58 260 34 12148 1
742 36 254 19 4649 1
743 37 279 20 6462 1
744 37 258 20 7079 1
745 73 258 20 7079 1
746 29 267 28 9271 1
747 64 265 26 4951 1
748 94 275 24 8741 1
749 58 258 18 5425 1
750 57 220 23 4304 1
751 50 275 13 3058 1
752 57 257 20 5931 1
753 65 262 11 2726 1
754 58 240 26 7958 1
755 55 216 21 5986 1
756 57 268 38 6589 1
757 36 277 53 8224 1
758 37 268 25 9131 1
759 73 268 25 9131 1
760 29 265 13 4950 1
761 75 259 33 12302 1
762 38 276 31 4886 1
763 50 239 28 4489 1
764 36 221 24 3752 1
765 29 259 22 7388 1
766 96 262 33 10051 1
767 42 216 28 8655 1
768 51 255 18 6085 1
769 72 260 36 7076 1
770 50 254 11 3366 1
771 99 254 11 3366 1
772 35 277 13 5197 1
773 28 260 23 2996 1
774 36 239 31 5573 1
775 71 239 31 5573 1
776 65 294 40 16168 1
777 129 294 40 16168 1
778 57 286 35 11671 1
779 59 281 36 11193 1
780 59 333 32 12514 1
781 117 333 32 12514 1
782 175 333 32 12514 1
783 66 338 27 5000 1
784 31 333 25 8638 1
785 38 286 32 7933 1
786 48 335 43 8078 1
787 57 299 21 5485 1
788 113 299 21 5485 1
789 169 299 21 5485 1
790 225 299 21 5485 1
791 281 299 21 5485 1
792 37 282 28 6351 1
793 37 316 20 7630 1
794 73 316 20 7630 1
795 57 338 31 14745 1
796 57 303 22 3633 1
797 11 316 38 12930 1
798 32 338 41 14069 1
799 63 338 41 14069 1
800 57 338 34 14384 1
801 113 338 34 14384 1
802 169 338 34 14384 1
803 225 338 34 14384 1
804 281 338 34 14384 1
805 337 338 34 14384 1
806 393 338 34 14384 1
807 57 292 25 10198 1
808 58 300 31 6866 1
809 72 332 30 13800 1
810 36 334 40 7520 1
811 56 281 5 1795 1
812 57 305 31 7707 1
813 58 282 19 7347 1
814 115 282 19 7347 1
815 56 324 39 16263 1
816 57 336 29 7075 1
817 113 336 29 7075 1
818 169 336 29 7075 1
819 225 336 29 7075 1
820 77 281 33 13349 1
821 11 334 23 10364 1
822 78 286 29 5082 1
823 59 338 34 17085 1
824 117 338 34 17085 1
825 57 293 50 10958 1
826 113 293 50 10958 1
827 169 293 50 10958 1
828 225 293 50 10958 1
829 57 334 28 11830 1
830 58 299 28 7894 1
831 58 332 23 11274 1
832 115 332 23 11274 1
833 58 304 47 11962 1
834 28 324 48 12367 1
835 57 299 30 6055 1
836 57 336 30 8992 1
837 57 323 29 13978 1
838 113 323 29 13978 1
839 169 323 29 13978 1
840 78 337 40 14279 1
841 58 338 32 8018 1
842 115 338 32 8018 1
843 172 338 32 8018 1
844 229 338 32 8018 1
845 58 286 31 13228 1
846 115 286 31 13228 1
847 172 286 31 13228 1
848 30 324 37 8463 1
849 58 335 30 6280 1
850 31 338 26 9970 1
851 69 324 23 4758 1
852 57 299 37 8914 1
853 113 299 37 8914 1
854 169 299 37 8914 1
855 57 293 33 12145 1
856 78 305 33 6997 1
857 57 282 29 5389 1
858 113 282 29 5389 1
859 169 282 29 5389 1
860 58 292 43 18352 1
861 115 292 43 18352 1
862 57 334 35 10636 1
863 57 337 12 4497 1
864 30 293 30 10641 1
865 36 335 43 15448 1
866 57 305 28 8979 1
867 57 293 33 13308 1
868 113 293 33 13308 1
869 58 282 26 5071 1
870 115 282 26 5071 1
871 58 332 35 14794 1
872 56 316 5 1594 1
873 111 316 5 1594 1
874 166 316 5 1594 1
875 37 299 22 8133 1
876 36 332 40 8099 1
877 56 300 43 15651 1
878 30 336 24 10066 1
879 59 336 24 10066 1
880 36 338 44 18407 1
881 33 316 40 7909 1
882 67 299 36 9751 1
883 95 365 54 18432 1
884 63 365 44 14877 1
885 78 365 61 27151 1
886 155 365 61 27151 1
887 232 365 61 27151 1
888 71 366 36 9743 1
889 141 366 36 9743 1
890 71 369 35 17158 1
891 141 369 35 17158 1
892 72 364 54 10188 1
893 143 364 54 10188 1
894 160 349 42 12436 1
895 64 368 43 23177 1
896 71 364 47 14641 1
897 76 368 26 10944 1
898 79 368 50 21318 1
899 93 369 47 24900 1
900 70 349 35 13641 1
901 70 364 37 13995 1
902 61 369 35 14234 1
903 121 369 35 14234 1
904 128 366 49 19933 1
905 80 363 45 17912 1
906 74 364 53 22856 1
907 147 364 53 22856 1
908 78 349 34 8280 1
909 86 368 19 9788 1
910 85 368 58 31762 1
911 63 369 76 17644 1
912 71 365 24 11121 1
913 78 363 49 24748 1
914 70 369 40 11553 1
915 147 368 71 24564 1
916 88 368 37 19509 1
917 72 364 52 27560 1
918 84 364 33 14550 1
919 92 349 26 7784 1
920 78 364 39 8815 1
921 65 365 24 8778 1
922 78 366 72 36049 1
923 71 364 28 13711 1
924 72 363 62 28908 1
925 78 364 42 20032 1
926 78 365 33 9986 1
927 75 369 42 20719 1
928 79 363 36 16144 1
929 71 364 33 10188 1
930 64 368 33 16161 1
931 127 368 33 16161 1
932 190 368 33 16161 1
933 34 366 40 11603 1
934 123 365 49 15790 1
935 69 365 45 10007 1
936 137 365 45 10007 1
937 71 368 37 20032 1
938 85 364 51 23417 1
939 141 365 41 19579 1
940 79 349 42 19464 1
941 85 364 31 6127 1
942 169 364 31 6127 1
943 65 365 62 30595 1
944 84 369 34 18635 1
945 77 349 24 8787 1
946 70 368 43 21078 1
947 71 369 40 12867 1
948 72 349 31 8169 1
949 67 366 21 5221 1
950 77 349 57 27737 1
951 153 349 57 27737 1
952 229 349 57 27737 1
953 120 369 30 13089 1
954 85 366 40 10586 1
955 147 365 28 8600 1
956 79 366 56 29722 1
957 157 366 56 29722 1
958 80 363 57 22962 1
959 71 363 43 10731 1
960 141 363 43 10731 1
961 62 369 50 16902 1
962 117 369 49 23490 1
963 62 366 44 16569 1
964 85 349 35 11283 1
965 77 365 68 33509 1
966 62 368 55 23270 1
967 72 369 44 12331 1
968 77 369 41 14108 1
969 153 369 41 14108 1
970 71 368 49 21088 1
971 134 369 44 9502 1
972 74 363 53 15528 1
973 85 369 25 10102 1
974 71 365 27 6430 1
975 107 349 38 9200 1
976 97 349 35 6381 1
977 72 366 37 8973 1
978 85 366 38 13849 1
979 80 368 73 39824 1
980 80 368 38 20261 1
981 159 368 38 20261 1
982 238 368 38 20261 1
983 90 368 28 7716 1
984 77 368 49 10262 1
985 78 369 47 10677 1
986 155 369 47 10677 1
987 232 369 47 10677 1
988 85 364 41 17920 1
989 70 365 49 22059 1
990 119 366 46 19748 1
991 67 366 22 6048 1
992 78 364 34 9411 1
993 81 364 63 15106 1
994 71 363 24 7952 1
995 141 363 24 7952 1
996 78 369 49 21974 1
997 85 364 27 9687 1
998 78 365 38 13857 1
999 71 363 39 17199 1
1000 141 363 39 17199 1
1001 211 363 39 17199 1
1002 281 363 39 17199 1
1003 351 363 39 17199 1
1004 79 369 33 15040 1
1005 80 369 23 12045 1
1006 58 349 84 23010 1
1007 79 363 42 15326 1
1008 166 364 26 7534 1
1009 70 368 28 5557 1
1010 113 363 38 10040 1
1011 73 366 24 4610 1
1012 145 366 24 4610 1
1013 63 363 22 8088 1
1014 125 363 22 8088 1
1015 72 363 40 11762 1
1016 79 399 46 12091 1
1017 157 399 46 12091 1
1018 235 399 46 12091 1
1019 110 400 45 25248 1
1020 92 396 60 13844 1
1021 91 396 57 27315 1
1022 181 396 57 27315 1
1023 88 396 57 28899 1
1024 175 396 57 28899 1
1025 158 399 51 29042 1
1026 91 400 39 17302 1
1027 94 398 38 8067 1
1028 72 399 38 12805 1
1029 89 398 47 23335 1
1030 88 399 41 11776 1
1031 89 398 31 9103 1
1032 83 400 41 20320 1
1033 91 400 27 15979 1
1034 89 399 56 16112 1
1035 177 399 56 16112 1
1036 108 397 39 15025 1
1037 79 400 44 12428 1
16
500 500 500 500 425 425 400 400 440 500 500 400 500 500 500 550 