1037
1 9 140 10 1636 1
2 17 140 10 1636 1
3 25 140 10 1636 1
4 33 140 10 1636 1
5 8 132 19 2928 1
6 15 132 19 2928 1
7 8 129 15 1358 1
8 15 137 21 3660 1
9 10 138 14 2866 1
10 24 138 7 1438 1
11 15 134 42 3994 1
12 29 134 42 3994 1
13 9 101 18 2218 1
14 17 101 18 2218 1
15 25 101 18 2218 1
16 33 101 18 2218 1
17 8 121 29 5078 1
18 9 134 24 2495 1
19 15 125 26 2589 1
20 9 133 37 4470 1
21 17 127 22 2487 1
22 33 127 22 2487 1
23 49 127 22 2487 1
24 5 129 29 3478 1
25 22 117 20 2510 1
26 8 117 22 2277 1
27 15 137 18 3227 1
28 7 133 37 6882 1
29 13 133 37 6882 1
30 9 138 21 2654 1
31 12 132 28 2111 1
32 9 141 35 6702 1
33 10 118 10 1187 1
34 8 133 27 3635 1
35 15 133 27 3635 1
36 9 137 22 3645 1
37 17 137 22 3645 1
38 25 137 22 3645 1
39 33 137 22 3645 1
40 41 137 22 3645 1
41 49 137 22 3645 1
42 17 141 10 900 1
43 33 141 10 900 1
44 5 140 31 4708 1
45 15 133 6 778 1
46 13 118 37 6025 1
47 17 132 22 4215 1
48 6 139 34 5307 1
49 11 139 34 5307 1
50 9 127 21 2934 1
51 17 127 21 2934 1
52 8 121 28 3275 1
53 15 121 28 3275 1
54 22 121 28 3275 1
55 29 121 28 3275 1
56 9 118 16 2675 1
57 8 127 1 103 1
58 7 101 19 1288 1
59 8 133 30 4911 1
60 9 132 6 726 1
61 17 132 6 726 1
62 9 125 14 2556 1
63 17 125 14 2556 1
64 25 125 14 2556 1
65 33 125 14 2556 1
66 41 125 14 2556 1
67 8 134 17 2028 1
68 15 134 17 2028 1
69 108 141 12 2315 1
70 19 139 20 4138 1
71 24 127 18 2596 1
72 7 137 14 2132 1
73 8 117 33 2458 1
74 16 140 21 1685 1
75 9 121 6 836 1
76 9 127 23 3319 1
77 8 125 15 1670 1
78 8 132 9 1237 1
79 7 129 13 2112 1
80 8 132 24 1621 1
81 9 129 10 1449 1
82 8 132 20 2220 1
83 15 132 20 2220 1
84 22 132 20 2220 1
85 23 127 30 5376 1
86 45 127 30 5376 1
87 20 127 31 2016 1
88 8 133 27 5022 1
89 15 133 27 5022 1
90 9 101 10 965 1
91 17 101 10 965 1
92 9 118 32 5386 1
93 9 117 39 6104 1
94 17 117 39 6104 1
95 9 118 30 3479 1
96 11 127 28 2504 1
97 17 117 17 997 1
98 15 138 38 4102 1
99 29 138 38 4102 1
100 15 117 30 5207 1
101 9 129 9 1253 1
102 17 129 9 1253 1
103 13 137 23 1943 1
104 10 117 29 2521 1
105 10 129 35 2790 1
106 19 129 35 2790 1
107 28 129 35 2790 1
108 8 141 19 3847 1
109 15 132 23 2827 1
110 13 133 11 1562 1
111 17 137 21 3485 1
112 2 125 3 258 1
113 14 138 14 1028 1
114 27 138 14 1028 1
115 8 125 20 3089 1
116 62 129 51 6407 1
117 8 125 23 3419 1
118 15 125 23 3419 1
119 10 117 17 1936 1
120 8 127 26 3828 1
121 14 137 22 2320 1
122 8 117 32 5502 1
123 10 117 14 2165 1
124 19 117 14 2165 1
125 8 118 16 1178 1
126 15 118 16 1178 1
127 15 118 26 2778 1
128 29 118 26 2778 1
129 43 118 26 2778 1
130 23 121 18 1625 1
131 8 133 20 3546 1
132 5 125 32 5808 1
133 8 141 33 5526 1
134 11 133 14 2077 1
135 31 134 24 2873 1
136 11 133 16 2401 1
137 15 118 16 1411 1
138 29 118 16 1411 1
139 8 132 33 4090 1
140 7 125 18 1703 1
141 15 117 61 7192 1
142 8 118 9 1368 1
143 15 118 9 1368 1
144 15 117 17 2335 1
145 28 139 32 3741 1
146 9 101 22 1666 1
147 14 101 15 1341 1
148 16 132 22 4281 1
149 8 140 36 6851 1
150 15 140 36 6851 1
151 18 125 29 3802 1
152 8 117 21 1495 1
153 8 101 12 692 1
154 15 101 12 692 1
155 20 138 14 2854 1
156 15 141 9 1434 1
157 15 141 10 966 1
158 9 139 14 2298 1
159 17 139 14 2298 1
160 9 118 31 5261 1
161 17 118 31 5261 1
162 4 117 29 4002 1
163 9 141 17 3181 1
164 9 138 30 2099 1
165 17 138 30 2099 1
166 25 138 30 2099 1
167 33 138 30 2099 1
168 8 140 42 3765 1
169 7 117 25 1998 1
170 14 117 13 1321 1
171 27 117 13 1321 1
172 40 117 13 1321 1
173 13 139 27 2450 1
174 25 139 27 2450 1
175 8 117 19 2756 1
176 15 117 19 2756 1
177 6 133 33 3859 1
178 16 101 1 135 1
179 9 140 26 4416 1
180 17 140 26 4416 1
181 25 140 26 4416 1
182 33 140 26 4416 1
183 8 134 29 2303 1
184 10 129 13 1782 1
185 8 140 29 4781 1
186 15 140 29 4781 1
187 27 139 18 2512 1
188 16 134 5 765 1
189 31 134 5 765 1
190 9 139 12 2181 1
191 17 139 12 2181 1
192 13 127 36 5163 1
193 10 129 48 4295 1
194 19 129 48 4295 1
195 9 125 21 2864 1
196 17 125 21 2864 1
197 25 125 21 2864 1
198 33 125 21 2864 1
199 7 132 26 2837 1
200 9 125 26 2172 1
201 17 125 26 2172 1
202 9 125 29 4418 1
203 17 125 29 4418 1
204 15 118 11 750 1
205 58 140 26 2453 1
206 56 101 25 2077 1
207 8 139 38 4943 1
208 8 134 29 2565 1
209 15 134 29 2565 1
210 24 134 24 2283 1
211 8 125 15 1789 1
212 9 117 12 738 1
213 17 117 12 738 1
214 9 141 8 907 1
215 17 141 8 907 1
216 25 141 8 907 1
217 8 129 43 4235 1
218 15 129 43 4235 1
219 22 129 43 4235 1
220 9 121 13 1150 1
221 16 138 26 5091 1
222 31 138 26 5091 1
223 8 138 19 2562 1
224 4 132 6 967 1
225 10 127 17 2377 1
226 9 141 54 7264 1
227 17 141 54 7264 1
228 28 134 30 5309 1
229 29 138 26 1935 1
230 5 129 23 3216 1
231 9 129 23 3216 1
232 67 132 33 2485 1
233 7 133 26 4174 1
234 14 117 18 3059 1
235 9 138 27 5526 1
236 17 138 27 5526 1
237 21 138 26 5024 1
238 16 117 7 733 1
239 9 129 23 2155 1
240 17 129 23 2155 1
241 27 125 8 765 1
242 10 133 11 1183 1
243 9 121 25 1936 1
244 9 132 6 571 1
245 8 129 11 1371 1
246 15 129 11 1371 1
247 22 129 11 1371 1
248 29 129 11 1371 1
249 8 118 19 3360 1
250 15 118 19 3360 1
251 22 118 19 3360 1
252 29 118 19 3360 1
253 36 118 19 3360 1
254 43 118 19 3360 1
255 50 118 19 3360 1
256 57 118 19 3360 1
257 8 117 15 1207 1
258 16 118 10 1742 1
259 11 138 11 989 1
260 24 117 23 2540 1
261 9 137 25 3806 1
262 9 129 29 4345 1
263 17 129 29 4345 1
264 25 129 29 4345 1
265 25 132 16 1347 1
266 12 125 26 4637 1
267 23 125 26 4637 1
268 15 134 4 682 1
269 29 134 4 682 1
270 15 137 17 1314 1
271 15 125 26 3440 1
272 15 137 66 10372 1
273 8 139 44 7533 1
274 8 132 25 3546 1
275 15 132 25 3546 1
276 19 129 37 4764 1
277 9 121 27 2897 1
278 17 121 27 2897 1
279 16 117 16 1092 1
280 7 101 11 1069 1
281 9 118 5 756 1
282 8 134 11 1825 1
283 15 134 11 1825 1
284 6 118 24 2326 1
285 9 101 3 447 1
286 10 151 51 8489 1
287 19 151 51 8489 1
288 9 169 8 1898 1
289 13 161 21 2287 1
290 42 149 24 2196 1
291 83 149 24 2196 1
292 13 161 38 4841 1
293 15 151 7 1454 1
294 16 149 44 4993 1
295 31 149 44 4993 1
296 10 168 8 1725 1
297 8 158 32 5376 1
298 11 158 45 6061 1
299 12 165 60 14131 1
300 12 168 26 5577 1
301 23 168 26 5577 1
302 34 168 26 5577 1
303 11 168 31 5373 1
304 21 168 31 5373 1
305 12 151 44 6996 1
306 16 151 29 3393 1
307 10 169 30 5122 1
308 13 157 25 5287 1
309 12 158 28 3980 1
310 23 158 28 3980 1
311 10 154 52 8051 1
312 2 170 28 2865 1
313 15 149 50 10942 1
314 24 158 24 4680 1
315 18 145 27 4165 1
316 14 145 4 524 1
317 11 147 4 521 1
318 21 147 4 521 1
319 11 157 43 8500 1
320 21 157 43 8500 1
321 8 151 24 2753 1
322 13 149 20 3291 1
323 25 149 20 3291 1
324 14 165 8 829 1
325 12 161 47 11230 1
326 23 161 47 11230 1
327 13 161 30 3239 1
328 25 161 30 3239 1
329 17 147 51 4465 1
330 27 165 26 5526 1
331 9 160 26 4810 1
332 17 160 26 4810 1
333 9 151 50 11015 1
334 21 170 45 5960 1
335 13 161 3 544 1
336 25 161 3 544 1
337 46 161 33 6384 1
338 38 165 50 5913 1
339 12 154 39 6278 1
340 23 154 39 6278 1
341 11 157 20 4471 1
342 12 158 17 3696 1
343 16 168 32 6697 1
344 90 169 17 2015 1
345 23 147 17 3571 1
346 16 168 30 6191 1
347 12 168 31 4037 1
348 23 168 31 4037 1
349 34 168 31 4037 1
350 17 145 30 6307 1
351 39 157 42 7015 1
352 8 149 24 3613 1
353 8 158 27 6343 1
354 9 169 11 1356 1
355 11 167 41 6950 1
356 21 167 41 6950 1
357 31 167 41 6950 1
358 8 168 35 7833 1
359 15 149 42 7795 1
360 13 151 4 634 1
361 10 168 7 892 1
362 19 168 7 892 1
363 28 168 7 892 1
364 12 154 18 2543 1
365 23 154 18 2543 1
366 34 154 18 2543 1
367 12 161 40 8164 1
368 10 165 51 4808 1
369 23 168 18 2008 1
370 15 147 42 8356 1
371 11 147 27 3860 1
372 21 147 27 3860 1
373 15 158 39 6094 1
374 18 165 15 2344 1
375 15 167 18 3857 1
376 6 151 30 6435 1
377 146 160 61 13695 1
378 21 165 33 5375 1
379 12 170 13 2869 1
380 23 170 13 2869 1
381 34 170 13 2869 1
382 13 149 42 3739 1
383 25 149 42 3739 1
384 37 149 42 3739 1
385 118 151 25 2100 1
386 14 160 32 5141 1
387 8 158 16 3059 1
388 15 158 16 3059 1
389 23 154 41 9264 1
390 11 169 49 4651 1
391 21 169 19 3253 1
392 41 169 19 3253 1
393 24 161 51 11651 1
394 9 158 33 4725 1
395 17 158 33 4725 1
396 13 169 14 2074 1
397 8 149 33 4239 1
398 12 161 33 4932 1
399 11 160 24 5237 1
400 35 158 28 6346 1
401 9 158 22 2455 1
402 17 158 22 2455 1
403 25 158 22 2455 1
404 8 169 44 10264 1
405 16 167 42 10076 1
406 10 169 23 4533 1
407 19 169 23 4533 1
408 28 169 23 4533 1
409 37 169 23 4533 1
410 6 161 43 6775 1
411 14 161 41 3541 1
412 27 161 41 3541 1
413 40 161 41 3541 1
414 10 158 21 2175 1
415 19 158 21 2175 1
416 12 160 21 2026 1
417 41 167 47 4221 1
418 11 169 44 4507 1
419 16 154 40 4967 1
420 31 154 40 4967 1
421 15 165 50 8011 1
422 29 165 50 8011 1
423 12 154 34 3654 1
424 23 154 34 3654 1
425 10 165 29 4396 1
426 19 165 29 4396 1
427 54 145 19 1868 1
428 7 168 42 5193 1
429 13 168 42 5193 1
430 11 161 44 5055 1
431 21 161 44 5055 1
432 7 147 27 3853 1
433 13 147 41 8388 1
434 25 147 41 8388 1
435 18 149 11 1648 1
436 9 147 25 4308 1
437 11 160 39 3378 1
438 12 158 41 7126 1
439 23 158 41 7126 1
440 34 158 41 7126 1
441 45 158 41 7126 1
442 56 158 41 7126 1
443 11 169 26 6261 1
444 13 149 18 2662 1
445 11 149 33 5219 1
446 13 145 9 1702 1
447 34 160 33 3306 1
448 11 170 41 6732 1
449 8 167 18 2798 1
450 23 169 6 848 1
451 8 147 9 818 1
452 8 149 53 6055 1
453 22 157 33 5860 1
454 16 161 40 7735 1
455 10 161 59 5771 1
456 12 158 20 2486 1
457 9 157 34 3460 1
458 17 157 34 3460 1
459 4 165 30 3413 1
460 17 151 22 3468 1
461 11 160 19 4028 1
462 21 160 19 4028 1
463 12 170 46 9760 1
464 15 158 41 4593 1
465 11 165 46 5440 1
466 2 147 9 1356 1
467 13 170 33 7252 1
468 10 147 33 7071 1
469 12 147 13 1935 1
470 23 147 13 1935 1
471 9 160 25 5085 1
472 11 158 15 2035 1
473 16 157 11 2036 1
474 31 157 11 2036 1
475 22 168 2 316 1
476 21 154 46 5044 1
477 22 165 37 3943 1
478 12 161 34 4472 1
479 11 165 21 3568 1
480 8 161 43 6579 1
481 118 161 12 2064 1
482 9 167 37 5415 1
483 16 167 37 6489 1
484 16 170 34 7511 1
485 24 154 30 5285 1
486 23 145 40 6360 1
487 10 145 28 4534 1
488 9 157 20 3417 1
489 8 154 7 823 1
490 15 154 7 823 1
491 22 154 7 823 1
492 9 168 6 715 1
493 12 161 21 2682 1
494 23 161 21 2682 1
495 11 154 30 5749 1
496 15 160 27 6330 1
497 12 168 41 5068 1
498 23 168 41 5068 1
499 34 168 41 5068 1
500 45 168 41 5068 1
501 23 168 21 2885 1
502 45 168 21 2885 1
503 11 149 9 677 1
504 21 149 9 677 1
505 13 165 32 2713 1
506 10 151 32 6418 1
507 13 158 80 14639 1
508 25 158 80 14639 1
509 25 169 13 2129 1
510 15 161 23 2711 1
511 23 147 38 6207 1
512 9 169 36 3863 1
513 12 158 21 4256 1
514 9 157 14 2108 1
515 17 157 14 2108 1
516 15 158 41 6237 1
517 12 169 6 631 1
518 11 154 18 1493 1
519 21 154 18 1493 1
520 31 154 18 1493 1
521 11 165 12 1883 1
522 3 170 24 2502 1
523 12 149 36 6746 1
524 25 170 27 4900 1
525 35 151 16 2767 1
526 9 161 31 4780 1
527 17 161 31 4780 1
528 25 161 31 4780 1
529 33 161 31 4780 1
530 41 161 31 4780 1
531 8 147 36 4593 1
532 12 160 28 6435 1
533 9 149 11 2325 1
534 17 149 11 2325 1
535 11 149 25 2828 1
536 22 160 17 3895 1
537 10 158 5 908 1
538 15 154 40 6729 1
539 16 168 49 7220 1
540 15 154 20 4442 1
541 12 161 25 3190 1
542 17 149 27 5716 1
543 10 154 36 7215 1
544 7 170 9 1940 1
545 12 169 31 6355 1
546 8 170 31 7458 1
547 23 157 19 4154 1
548 10 170 21 2717 1
549 11 157 32 5429 1
550 21 157 32 5429 1
551 31 157 32 5429 1
552 45 169 19 3524 1
553 12 165 45 3820 1
554 23 165 45 3820 1
555 13 168 29 5015 1
556 25 168 29 5015 1
557 29 167 23 5430 1
558 10 158 27 6109 1
559 12 168 36 3886 1
560 12 170 46 6644 1
561 23 170 46 6644 1
562 34 170 46 6644 1
563 9 167 22 4147 1
564 17 167 22 4147 1
565 25 167 22 4147 1
566 33 167 22 4147 1
567 11 161 17 2294 1
568 3 161 27 2464 1
569 38 149 70 8229 1
570 15 154 2 450 1
571 9 149 36 6174 1
572 9 161 23 3711 1
573 14 170 36 7634 1
574 11 165 44 8022 1
575 21 165 44 8022 1
576 31 165 44 8022 1
577 41 165 44 8022 1
578 51 165 44 8022 1
579 15 157 18 3274 1
580 16 157 31 3519 1
581 9 147 28 5084 1
582 15 154 33 4354 1
583 11 167 30 3678 1
584 12 161 42 4815 1
585 15 157 42 6448 1
586 8 154 32 3789 1
587 20 198 17 3426 1
588 44 183 9 1494 1
589 59 211 16 2658 1
590 117 211 16 2658 1
591 175 211 16 2658 1
592 44 208 18 3211 1
593 43 175 12 2419 1
594 45 207 11 2289 1
595 44 197 29 3617 1
596 18 194 11 3181 1
597 22 207 16 3314 1
598 59 211 20 6064 1
599 57 198 32 7863 1
600 43 210 20 2944 1
601 37 198 20 4589 1
602 16 178 9 2209 1
603 57 198 19 2507 1
604 44 184 13 2580 1
605 87 184 13 2580 1
606 36 211 7 1911 1
607 71 211 7 1911 1
608 106 211 7 1911 1
609 15 194 26 4326 1
610 25 207 37 10278 1
611 15 194 15 1557 1
612 16 178 15 2514 1
613 43 211 40 4703 1
614 42 194 26 5412 1
615 83 194 26 5412 1
616 44 195 24 5321 1
617 87 195 24 5321 1
618 43 197 22 4975 1
619 21 210 6 1522 1
620 71 210 32 6580 1
621 12 207 40 9391 1
622 18 198 24 3634 1
623 15 208 19 2017 1
624 45 184 10 963 1
625 72 195 9 2554 1
626 57 207 26 4915 1
627 44 198 25 5485 1
628 16 175 23 3155 1
629 121 211 25 7554 1
630 16 195 18 2145 1
631 37 184 10 1365 1
632 15 184 15 1473 1
633 43 210 12 2708 1
634 17 194 17 3799 1
635 56 184 16 1703 1
636 43 178 20 2249 1
637 57 183 18 4774 1
638 113 183 18 4774 1
639 169 183 18 4774 1
640 15 194 20 4070 1
641 57 175 18 4579 1
642 14 175 20 4236 1
643 44 207 24 4319 1
644 87 207 24 4319 1
645 58 195 35 5558 1
646 58 210 38 5341 1
647 16 184 11 1230 1
648 36 207 12 1994 1
649 57 210 15 3645 1
650 25 198 13 1645 1
651 40 194 15 2502 1
652 79 194 15 2502 1
653 60 178 11 2225 1
654 44 175 19 4496 1
655 44 210 28 3150 1
656 87 210 28 3150 1
657 21 178 14 2422 1
658 55 207 15 3448 1
659 15 210 28 8192 1
660 14 183 20 3627 1
661 44 183 23 6267 1
662 43 178 20 4960 1
663 12 184 44 5760 1
664 22 183 13 3167 1
665 10 211 43 5289 1
666 72 197 27 6377 1
667 58 210 18 4643 1
668 37 207 13 1606 1
669 37 211 12 1378 1
670 44 208 25 4286 1
671 15 183 23 3300 1
672 56 194 13 2521 1
673 37 184 26 5639 1
674 43 194 12 2825 1
675 18 197 14 2632 1
676 35 197 14 2632 1
677 16 175 33 6388 1
678 15 198 30 3464 1
679 44 207 21 4931 1
680 39 211 19 2736 1
681 36 272 22 8226 1
682 57 255 14 3395 1
683 41 240 17 5270 1
684 36 230 19 5201 1
685 58 243 12 4292 1
686 49 222 13 2302 1
687 37 222 23 4538 1
688 57 268 21 3438 1
689 51 220 12 3230 1
690 93 240 11 2867 1
691 36 222 28 9232 1
692 16 262 17 5039 1
693 35 275 25 8121 1
694 57 268 24 7093 1
695 88 228 31 4406 1
696 58 279 22 5623 1
697 115 279 22 5623 1
698 51 255 23 8265 1
699 47 279 32 7954 1
700 37 272 32 11400 1
701 43 220 35 4545 1
702 36 216 19 5110 1
703 71 216 19 5110 1
704 31 267 26 6069 1
705 39 262 34 9620 1
706 93 268 24 4866 1
707 51 265 21 5675 1
708 43 230 12 1884 1
709 85 230 12 1884 1
710 91 276 22 5283 1
711 57 254 28 6568 1
712 113 254 28 6568 1
713 169 254 28 6568 1
714 15 268 30 6791 1
715 57 216 24 7642 1
716 56 259 29 4259 1
717 57 222 15 3897 1
718 51 258 14 4917 1
719 58 279 21 5161 1
720 57 265 23 9017 1
721 113 265 23 9017 1
722 14 275 17 3765 1
723 50 274 26 4413 1
724 57 255 32 11306 1
725 34 275 24 4842 1
726 50 274 25 5075 1
727 99 274 25 5075 1
728 148 274 25 5075 1
729 197 274 25 5075 1
730 51 274 11 4111 1
731 31 276 27 8435 1
732 37 264 31 7984 1
733 38 254 22 4572 1
734 93 279 49 10125 1
735 36 243 14 3935 1
736 37 264 16 6281 1
737 30 240 17 3788 1
738 59 240 17 3788 1
739 28 265 22 8411 1
740 55 265 22 8411 1
741 92 261 15 2266 1
742 36 240 41 8791 1
743 71 240 41 8791 1
744 106 240 41 8791 1
745 57 259 33 11772 1
746 41 259 38 8752 1
747 81 259 38 8752 1
748 65 222 15 1934 1
749 40 272 24 4555 1
750 51 268 15 3838 1
751 67 261 26 6447 1
752 36 265 19 3642 1
753 57 254 26 4118 1
754 36 268 19 4621 1
755 58 267 28 10681 1
756 37 240 15 2355 1
757 73 240 15 2355 1
758 58 239 17 2559 1
759 115 239 17 2559 1
760 40 254 47 17899 1
761 38 254 22 6760 1
762 37 277 28 9753 1
763 73 277 28 9753 1
764 39 240 30 7864 1
765 77 240 30 7864 1
766 58 240 16 3812 1
767 92 279 37 12704 1
768 36 243 26 5412 1
769 36 279 15 3701 1
770 71 279 15 3701 1
771 36 239 18 2837 1
772 36 230 33 5162 1
773 71 230 33 5162 1
774 36 267 35 6947 1
775 71 267 35 6947 1
776 57 338 25 9854 1
777 113 338 25 9854 1
778 169 338 25 9854 1
779 58 282 27 4494 1
780 115 282 27 4494 1
781 29 305 51 14052 1
782 57 305 29 11178 1
783 57 336 34 10984 1
784 113 336 34 10984 1
785 56 323 26 8208 1
786 30 324 24 7801 1
787 58 332 32 14485 1
788 115 332 32 14485 1
789 172 332 32 14485 1
790 229 332 32 14485 1
791 29 323 33 6506 1
792 36 292 27 10877 1
793 37 332 30 10243 1
794 59 335 35 13837 1
795 57 333 33 13347 1
796 113 333 33 13347 1
797 169 333 33 13347 1
798 59 304 19 6815 1
799 58 335 47 8349 1
800 37 299 35 9088 1
801 58 336 44 21252 1
802 115 336 44 21252 1
803 172 336 44 21252 1
804 229 336 44 21252 1
805 286 336 44 21252 1
806 343 336 44 21252 1
807 37 300 25 5243 1
808 57 316 36 14155 1
809 113 316 36 14155 1
810 169 316 36 14155 1
811 225 316 36 14155 1
812 281 316 36 14155 1
813 337 316 36 14155 1
814 69 323 38 8948 1
815 57 305 27 6185 1
816 113 305 27 6185 1
817 59 335 24 7171 1
818 117 335 24 7171 1
819 175 335 24 7171 1
820 58 333 20 7216 1
821 115 333 20 7216 1
822 77 336 36 6581 1
823 36 300 34 13608 1
824 58 299 48 16955 1
825 115 299 48 16955 1
826 172 299 48 16955 1
827 229 299 48 16955 1
828 32 293 33 11632 1
829 63 293 33 11632 1
830 78 300 23 9678 1
831 25 336 22 6352 1
832 36 300 27 10366 1
833 57 281 28 11527 1
834 58 294 38 12340 1
835 48 305 33 9733 1
836 95 305 33 9733 1
837 57 332 36 13745 1
838 113 332 36 13745 1
839 57 292 40 16517 1
840 113 292 40 16517 1
841 169 292 40 16517 1
842 225 292 40 16517 1
843 281 292 40 16517 1
844 83 305 28 9024 1
845 165 305 28 9024 1
846 56 332 38 8543 1
847 111 332 38 8543 1
848 57 305 19 4539 1
849 113 305 19 4539 1
850 58 286 39 7310 1
851 58 324 34 11962 1
852 115 324 34 11962 1
853 90 292 37 13621 1
854 36 333 45 20001 1
855 58 294 29 7568 1
856 56 316 20 5209 1
857 36 323 27 6232 1
858 71 323 27 6232 1
859 58 299 39 6045 1
860 57 316 37 10424 1
861 113 316 37 10424 1
862 169 316 37 10424 1
863 57 336 39 7960 1
864 57 282 31 5500 1
865 30 332 29 13376 1
866 77 299 25 7550 1
867 78 303 31 8462 1
868 5 286 32 8781 1
869 9 286 32 8781 1
870 29 337 55 13589 1
871 57 282 29 6372 1
872 36 294 34 14768 1
873 58 281 23 3575 1
874 57 338 45 20556 1
875 113 338 45 20556 1
876 29 335 45 14564 1
877 58 300 40 17213 1
878 59 337 33 9913 1
879 37 334 31 10559 1
880 57 332 25 6108 1
881 113 332 25 6108 1
882 169 332 25 6108 1
883 86 363 66 28184 1
884 71 364 42 13745 1
885 141 364 42 13745 1
886 74 364 25 11033 1
887 147 364 25 11033 1
888 80 349 38 16225 1
889 72 369 41 8094 1
890 85 365 56 25318 1
891 70 364 28 15050 1
892 80 349 34 15337 1
893 159 349 34 15337 1
894 103 368 48 18567 1
895 79 363 42 17511 1
896 157 363 42 17511 1
897 235 363 42 17511 1
898 85 364 66 25814 1
899 169 364 66 25814 1
900 72 369 45 18537 1
901 143 369 45 18537 1
902 140 364 52 10405 1
903 72 363 40 8869 1
904 76 349 28 11818 1
905 72 349 26 8421 1
906 69 364 67 22128 1
907 72 364 47 19600 1
908 79 369 28 9257 1
909 157 369 28 9257 1
910 69 369 34 8168 1
911 86 365 60 16934 1
912 71 364 55 20910 1
913 141 364 55 20910 1
914 84 365 51 25465 1
915 68 364 39 15815 1
916 71 364 33 9265 1
917 78 364 43 22918 1
918 155 364 43 22918 1
919 232 364 43 22918 1
920 309 364 43 22918 1
921 78 366 40 20938 1
922 58 369 35 13565 1
923 77 366 41 8149 1
924 66 364 47 17645 1
925 67 364 40 9879 1
926 88 365 46 20286 1
927 72 366 30 10718 1
928 70 366 25 10263 1
929 77 366 62 22335 1
930 72 369 40 20348 1
931 143 369 40 20348 1
932 214 369 40 20348 1
933 47 366 34 15906 1
934 78 368 40 13741 1
935 78 364 35 16841 1
936 78 364 47 23197 1
937 78 368 64 22576 1
938 82 365 66 33910 1
939 71 368 44 19551 1
940 141 368 44 19551 1
941 77 365 45 19628 1
942 77 365 31 11369 1
943 72 363 61 33128 1
944 143 363 61 33128 1
945 214 363 61 33128 1
946 78 363 21 8540 1
947 73 364 26 12053 1
948 87 364 41 7713 1
949 79 369 46 18570 1
950 77 349 34 13058 1
951 79 363 52 13266 1
952 71 368 54 16504 1
953 141 368 54 16504 1
954 72 366 22 9566 1
955 70 369 36 6976 1
956 72 368 44 22758 1
957 85 366 22 6291 1
958 79 364 48 8808 1
959 71 366 31 8475 1
960 115 366 38 8365 1
961 229 366 38 8365 1
962 72 363 30 11269 1
963 143 363 30 11269 1
964 214 363 30 11269 1
965 71 364 47 14974 1
966 73 365 64 28403 1
967 78 349 59 10789 1
968 155 349 59 10789 1
969 85 363 51 26882 1
970 85 368 50 19488 1
971 169 368 50 19488 1
972 78 369 36 17722 1
973 117 369 47 17583 1
974 118 366 36 9015 1
975 235 366 36 9015 1
976 72 368 34 16642 1
977 143 368 34 16642 1
978 121 365 31 7508 1
979 241 365 31 7508 1
980 70 365 46 22112 1
981 78 368 50 16262 1
982 142 363 30 8298 1
983 113 363 71 19424 1
984 71 366 31 14027 1
985 69 365 49 13184 1
986 73 349 46 12344 1
987 70 366 52 24815 1
988 73 366 51 21569 1
989 145 366 51 21569 1
990 217 366 51 21569 1
991 289 366 51 21569 1
992 77 349 53 26583 1
993 84 349 43 19697 1
994 77 369 98 53622 1
995 89 366 76 21795 1
996 58 364 52 20449 1
997 72 368 66 15140 1
998 143 368 66 15140 1
999 214 368 66 15140 1
1000 81 349 21 9233 1
1001 161 349 21 9233 1
1002 91 368 41 19871 1
1003 83 366 33 16735 1
1004 89 365 58 20458 1
1005 125 349 35 13840 1
1006 72 366 42 21085 1
1007 85 364 68 19302 1
1008 68 368 47 12429 1
1009 85 363 43 16989 1
1010 79 364 49 22571 1
1011 66 368 66 29345 1
1012 60 369 41 17141 1
1013 67 369 36 17565 1
1014 81 349 60 15367 1
1015 70 368 38 18359 1
1016 79 399 62 29051 1
1017 79 399 61 13185 1
1018 75 396 40 22822 1
1019 93 400 68 33841 1
1020 185 400 68 33841 1
1021 277 400 68 33841 1
1022 83 400 42 24976 1
1023 84 400 28 8755 1
1024 84 400 55 16704 1
1025 135 397 52 24392 1
1026 82 399 58 33959 1
1027 163 399 58 33959 1
1028 83 398 34 8497 1
1029 80 399 77 33314 1
1030 90 397 53 14392 1
1031 78 399 53 21919 1
1032 79 400 34 8056 1
1033 85 396 35 15990 1
1034 102 397 28 11017 1
1035 78 400 27 14898 1
1036 78 398 54 30269 1
1037 86 400 39 22015 1
16
500 500 500 500 425 425 400 400 440 500 500 400 500 500 500 550 