1037
1 8 121 6 809 1
2 15 121 6 809 1
3 9 138 21 3329 1
4 17 138 21 3329 1
5 9 132 23 3732 1
6 17 132 23 3732 1
7 7 132 29 4252 1
8 10 140 34 2923 1
9 9 138 7 758 1
10 10 138 20 2603 1
11 19 138 20 2603 1
12 28 138 20 2603 1
13 37 138 20 2603 1
14 10 101 20 1278 1
15 8 117 38 4536 1
16 14 118 9 1019 1
17 9 133 12 2301 1
18 9 134 29 2935 1
19 17 134 29 2935 1
20 9 121 22 2079 1
21 17 121 22 2079 1
22 25 121 22 2079 1
23 8 132 3 311 1
24 15 132 3 311 1
25 22 132 3 311 1
26 11 118 16 1627 1
27 21 118 16 1627 1
28 31 118 16 1627 1
29 8 117 22 1587 1
30 15 117 22 1587 1
31 9 134 21 1608 1
32 8 118 32 3498 1
33 15 118 32 3498 1
34 22 118 32 3498 1
35 8 138 10 1374 1
36 15 138 10 1374 1
37 9 137 23 1800 1
38 17 137 23 1800 1
39 8 118 19 2940 1
40 9 138 27 2116 1
41 17 138 27 2116 1
42 12 133 19 1312 1
43 9 117 23 3486 1
44 17 117 23 3486 1
45 9 137 14 2668 1
46 11 118 20 3415 1
47 22 134 1 93 1
48 8 137 44 6674 1
49 8 138 21 1757 1
50 13 132 27 2797 1
51 25 132 27 2797 1
52 13 139 2 149 1
53 9 127 16 1624 1
54 27 117 22 2468 1
55 9 132 13 1944 1
56 9 129 30 1975 1
57 17 129 30 1975 1
58 9 139 38 7522 1
59 8 132 32 4276 1
60 15 132 32 4276 1
61 9 118 10 1522 1
62 10 134 66 7022 1
63 6 134 10 1261 1
64 11 141 18 1356 1
65 7 132 18 2920 1
66 22 133 18 2313 1
67 43 133 18 2313 1
68 64 133 18 2313 1
69 85 133 18 2313 1
70 9 118 11 1311 1
71 17 118 11 1311 1
72 25 118 11 1311 1
73 31 121 22 3855 1
74 9 138 21 2947 1
75 6 101 19 1391 1
76 9 137 24 2281 1
77 17 137 24 2281 1
78 16 140 19 2935 1
79 17 127 33 3556 1
80 33 127 33 3556 1
81 49 127 33 3556 1
82 65 127 33 3556 1
83 9 137 25 2771 1
84 9 121 22 3843 1
85 8 138 21 4076 1
86 9 133 19 2357 1
87 9 137 41 8045 1
88 17 137 41 8045 1
89 25 137 41 8045 1
90 6 134 11 2167 1
91 9 138 16 3297 1
92 9 117 6 1011 1
93 17 117 6 1011 1
94 25 134 42 4328 1
95 9 140 16 2287 1
96 17 140 16 2287 1
97 8 139 52 5253 1
98 15 129 25 4214 1
99 7 118 31 4980 1
100 20 121 4 301 1
101 18 118 4 499 1
102 9 134 33 6526 1
103 8 129 17 2898 1
104 15 129 17 2898 1
105 22 129 17 2898 1
106 29 129 17 2898 1
107 36 129 17 2898 1
108 43 129 17 2898 1
109 19 139 19 3896 1
110 9 137 43 5332 1
111 9 133 45 4416 1
112 17 133 45 4416 1
113 9 121 15 2637 1
114 17 121 15 2637 1
115 9 134 40 3990 1
116 9 141 10 1531 1
117 17 141 10 1531 1
118 9 121 7 1268 1
119 9 134 29 4225 1
120 9 127 23 2822 1
121 7 140 18 3260 1
122 7 133 23 1728 1
123 13 133 23 1728 1
124 19 133 23 1728 1
125 9 121 11 1308 1
126 10 125 11 2032 1
127 19 125 11 2032 1
128 28 125 11 2032 1
129 5 125 18 3011 1
130 9 125 18 3011 1
131 9 140 6 1211 1
132 9 117 9 877 1
133 11 140 6 460 1
134 21 140 6 460 1
135 12 137 51 5006 1
136 11 139 51 7343 1
137 21 139 51 7343 1
138 15 141 8 890 1
139 8 138 34 4540 1
140 15 138 34 4540 1
141 16 129 14 2143 1
142 9 125 11 1727 1
143 17 125 11 1727 1
144 9 127 15 1440 1
145 17 127 15 1440 1
146 15 134 26 4224 1
147 8 138 19 1677 1
148 18 133 27 3630 1
149 15 118 17 1896 1
150 13 117 34 4922 1
151 9 125 25 3133 1
152 13 118 6 654 1
153 25 118 6 654 1
154 9 133 8 690 1
155 11 133 13 1425 1
156 15 125 33 2076 1
157 10 132 31 4175 1
158 38 137 13 2161 1
159 8 139 12 1267 1
160 15 141 32 4681 1
161 9 132 15 2261 1
162 8 129 15 2747 1
163 15 129 15 2747 1
164 22 129 15 2747 1
165 15 101 35 4408 1
166 9 137 7 662 1
167 17 137 7 662 1
168 25 137 7 662 1
169 33 137 7 662 1
170 8 118 16 1100 1
171 26 118 39 2738 1
172 9 133 38 4034 1
173 17 133 38 4034 1
174 25 133 38 4034 1
175 33 133 38 4034 1
176 9 132 19 3419 1
177 9 133 15 2118 1
178 17 133 15 2118 1
179 25 133 15 2118 1
180 10 139 26 1834 1
181 12 101 9 726 1
182 23 101 9 726 1
183 8 132 37 2456 1
184 15 132 37 2456 1
185 22 132 37 2456 1
186 29 132 37 2456 1
187 8 133 24 2127 1
188 8 121 28 2596 1
189 16 137 14 1743 1
190 7 129 19 3260 1
191 21 133 41 7611 1
192 9 137 15 1884 1
193 9 125 20 3366 1
194 17 125 20 3366 1
195 25 125 20 3366 1
196 33 125 20 3366 1
197 9 139 14 2273 1
198 8 137 48 8958 1
199 6 138 25 2194 1
200 23 127 1 104 1
201 9 132 27 3708 1
202 8 133 14 2491 1
203 9 133 19 1960 1
204 17 133 19 1960 1
205 3 141 26 2020 1
206 15 134 40 7975 1
207 9 101 20 1726 1
208 9 101 22 1159 1
209 17 101 22 1159 1
210 9 129 17 2795 1
211 8 129 4 452 1
212 15 129 4 452 1
213 22 129 4 452 1
214 9 121 16 1989 1
215 9 127 23 2068 1
216 7 117 3 189 1
217 28 121 20 2737 1
218 15 139 33 6767 1
219 8 101 3 383 1
220 8 133 8 1504 1
221 8 134 24 3217 1
222 15 134 24 3217 1
223 15 129 4 375 1
224 6 101 5 310 1
225 15 133 25 4474 1
226 12 140 2 294 1
227 8 137 39 7829 1
228 9 139 19 2506 1
229 17 139 19 2506 1
230 9 125 26 2459 1
231 15 134 33 3627 1
232 8 138 33 3186 1
233 15 138 33 3186 1
234 14 137 12 2160 1
235 198 125 11 1639 1
236 16 121 16 1741 1
237 9 117 25 3251 1
238 5 121 14 871 1
239 16 129 10 1126 1
240 15 139 26 2470 1
241 8 134 38 5295 1
242 15 134 6 1179 1
243 11 127 36 5975 1
244 12 121 25 2493 1
245 9 127 27 3965 1
246 17 127 27 3965 1
247 25 127 27 3965 1
248 13 134 13 1207 1
249 11 141 41 7927 1
250 16 137 24 2705 1
251 15 133 18 2497 1
252 9 141 18 2137 1
253 7 134 14 1120 1
254 13 134 14 1120 1
255 8 138 18 1918 1
256 8 133 49 7721 1
257 15 133 49 7721 1
258 22 133 49 7721 1
259 9 141 10 1514 1
260 9 134 33 3611 1
261 17 134 33 3611 1
262 25 134 33 3611 1
263 9 132 33 5319 1
264 27 141 24 3008 1
265 8 141 26 5422 1
266 15 141 26 5422 1
267 22 141 26 5422 1
268 16 137 23 3268 1
269 88 133 21 3817 1
270 109 117 28 1866 1
271 4 118 25 3733 1
272 7 127 11 1633 1
273 9 134 11 1540 1
274 14 141 46 9555 1
275 27 141 46 9555 1
276 10 133 40 4216 1
277 19 133 40 4216 1
278 28 133 40 4216 1
279 8 121 9 932 1
280 17 133 10 1205 1
281 8 133 32 2983 1
282 8 140 40 7142 1
283 15 140 40 7142 1
284 9 118 6 622 1
285 17 118 6 622 1
286 9 145 27 3700 1
287 13 145 28 3398 1
288 25 145 28 3398 1
289 12 158 23 5244 1
290 23 149 14 2548 1
291 8 160 11 1527 1
292 11 149 23 5019 1
293 21 149 23 5019 1
294 12 145 37 2911 1
295 13 157 26 2086 1
296 25 157 26 2086 1
297 13 160 18 2938 1
298 26 170 55 9277 1
299 12 145 18 2425 1
300 8 160 6 1423 1
301 22 151 47 7666 1
302 13 145 30 4260 1
303 12 151 24 4379 1
304 23 151 24 4379 1
305 34 151 24 4379 1
306 12 151 21 3487 1
307 23 151 21 3487 1
308 9 157 12 1253 1
309 11 154 29 2392 1
310 21 154 29 2392 1
311 31 154 29 2392 1
312 9 168 29 4364 1
313 17 168 29 4364 1
314 25 168 29 4364 1
315 22 145 37 7181 1
316 11 161 38 5143 1
317 21 161 38 5143 1
318 17 169 27 4307 1
319 10 161 18 3309 1
320 15 165 21 2178 1
321 10 147 43 6913 1
322 14 168 23 2743 1
323 24 157 29 2709 1
324 8 160 15 2398 1
325 25 170 7 1115 1
326 10 165 29 4188 1
327 17 168 42 5947 1
328 8 151 5 731 1
329 15 149 43 6895 1
330 25 165 12 1807 1
331 15 158 22 2280 1
332 8 170 3 397 1
333 12 169 19 2330 1
334 23 169 19 2330 1
335 34 169 19 2330 1
336 45 169 19 2330 1
337 56 169 19 2330 1
338 15 165 37 6143 1
339 21 151 21 2342 1
340 37 161 11 2596 1
341 11 160 37 8801 1
342 23 151 31 3726 1
343 23 165 35 7614 1
344 10 158 13 1885 1
345 42 151 46 8218 1
346 20 158 14 1646 1
347 15 147 30 5884 1
348 17 154 40 6384 1
349 16 168 30 3871 1
350 31 168 30 3871 1
351 14 161 30 4186 1
352 14 158 22 4328 1
353 8 157 24 3895 1
354 24 161 32 5644 1
355 11 154 40 7053 1
356 21 154 40 7053 1
357 31 154 40 7053 1
358 15 170 40 9280 1
359 14 167 45 6609 1
360 15 169 45 4894 1
361 12 147 30 2873 1
362 23 147 30 2873 1
363 12 161 19 3712 1
364 23 161 19 3712 1
365 3 167 11 1425 1
366 7 149 20 4120 1
367 13 147 8 1222 1
368 25 147 8 1222 1
369 16 170 8 1642 1
370 10 145 28 6020 1
371 24 170 39 5878 1
372 15 151 37 7314 1
373 29 151 37 7314 1
374 22 158 43 9395 1
375 23 158 22 4157 1
376 10 157 19 2569 1
377 13 170 35 7532 1
378 2 167 32 3411 1
379 13 151 39 4451 1
380 24 145 28 5744 1
381 31 170 43 6297 1
382 8 147 22 3081 1
383 11 161 28 5873 1
384 12 145 39 3479 1
385 12 157 40 8952 1
386 9 145 46 6364 1
387 17 145 46 6364 1
388 25 145 46 6364 1
389 33 145 46 6364 1
390 8 149 20 2325 1
391 8 167 49 7782 1
392 16 168 20 4265 1
393 15 154 32 7173 1
394 29 154 32 7173 1
395 43 154 32 7173 1
396 57 154 32 7173 1
397 71 154 32 7173 1
398 14 170 17 2083 1
399 27 170 17 2083 1
400 11 170 30 6846 1
401 21 170 30 6846 1
402 8 158 29 3358 1
403 9 161 23 5204 1
404 8 145 33 2687 1
405 8 147 25 5086 1
406 7 167 44 4690 1
407 16 149 12 1084 1
408 31 149 12 1084 1
409 16 170 32 7174 1
410 14 160 36 4254 1
411 27 160 36 4254 1
412 2 151 23 1805 1
413 11 169 17 2540 1
414 15 169 28 4486 1
415 13 157 15 1767 1
416 14 157 7 613 1
417 22 167 27 3663 1
418 13 167 65 8807 1
419 9 154 31 2997 1
420 8 151 51 4818 1
421 23 169 21 5302 1
422 7 168 17 2436 1
423 16 158 38 7140 1
424 16 160 5 747 1
425 8 158 25 4609 1
426 15 158 25 4609 1
427 22 158 25 4609 1
428 12 161 16 3210 1
429 11 169 23 2966 1
430 21 169 23 2966 1
431 11 154 27 3890 1
432 21 154 27 3890 1
433 31 154 27 3890 1
434 11 149 15 2761 1
435 8 147 41 4879 1
436 15 147 41 4879 1
437 22 147 41 4879 1
438 14 161 52 12146 1
439 27 161 52 12146 1
440 14 149 42 6901 1
441 15 160 26 3044 1
442 17 167 37 7303 1
443 33 167 37 7303 1
444 11 168 36 8168 1
445 7 149 23 4127 1
446 11 161 21 4556 1
447 15 169 40 9330 1
448 16 169 11 2587 1
449 16 160 22 4936 1
450 16 160 22 4838 1
451 11 154 56 8646 1
452 12 169 31 2882 1
453 23 169 31 2882 1
454 34 169 31 2882 1
455 45 169 31 2882 1
456 1 151 2 177 1
457 9 160 33 6287 1
458 12 149 30 5859 1
459 23 149 30 5859 1
460 34 149 30 5859 1
461 45 149 30 5859 1
462 10 170 30 6777 1
463 19 170 30 6777 1
464 18 169 20 1762 1
465 8 158 35 6244 1
466 16 149 35 6083 1
467 8 147 21 3267 1
468 15 147 21 3267 1
469 22 147 21 3267 1
470 19 167 25 4112 1
471 17 157 11 2135 1
472 15 170 34 5519 1
473 9 157 50 6360 1
474 9 161 33 4529 1
475 17 161 33 4529 1
476 25 161 33 4529 1
477 33 161 33 4529 1
478 11 160 22 4116 1
479 17 149 29 2774 1
480 9 167 25 4043 1
481 12 158 32 6972 1
482 23 158 32 6972 1
483 24 165 48 11256 1
484 16 167 28 3041 1
485 11 147 21 3804 1
486 21 147 21 3804 1
487 11 160 31 6574 1
488 24 169 23 4328 1
489 16 151 27 5824 1
490 16 145 27 3011 1
491 9 160 32 5437 1
492 9 149 29 4226 1
493 16 157 16 2829 1
494 9 160 40 5928 1
495 10 167 11 2304 1
496 15 147 24 3566 1
497 7 151 30 5845 1
498 13 151 30 5845 1
499 12 149 15 3010 1
500 13 149 23 4956 1
501 11 145 39 2979 1
502 21 145 39 2979 1
503 7 168 46 8540 1
504 17 168 29 5818 1
505 11 145 29 3585 1
506 11 161 25 4405 1
507 21 161 25 4405 1
508 11 157 11 1404 1
509 10 167 43 9194 1
510 19 167 43 9194 1
511 21 147 17 2560 1
512 11 167 36 5574 1
513 25 158 13 1696 1
514 8 169 33 6595 1
515 15 169 33 6595 1
516 13 158 16 2576 1
517 25 158 16 2576 1
518 37 158 16 2576 1
519 49 158 16 2576 1
520 61 158 16 2576 1
521 73 158 16 2576 1
522 85 158 16 2576 1
523 23 169 17 4011 1
524 9 151 18 1745 1
525 9 160 30 4814 1
526 15 165 49 7863 1
527 11 157 12 2168 1
528 8 165 36 4735 1
529 12 165 33 2874 1
530 25 169 1 157 1
531 9 165 47 7058 1
532 17 165 47 7058 1
533 11 147 26 4812 1
534 21 147 26 4812 1
535 12 154 43 8529 1
536 23 154 43 8529 1
537 8 157 37 5356 1
538 12 170 27 2929 1
539 11 157 9 855 1
540 18 157 17 3071 1
541 38 161 35 2825 1
542 16 154 18 1601 1
543 11 149 34 2719 1
544 16 170 30 5988 1
545 15 169 7 989 1
546 13 168 1 194 1
547 25 168 1 194 1
548 9 161 18 2772 1
549 12 169 22 4013 1
550 23 169 22 4013 1
551 9 151 42 9401 1
552 17 151 42 9401 1
553 13 149 38 4303 1
554 52 158 34 4855 1
555 15 147 3 242 1
556 9 167 41 6617 1
557 17 167 41 6617 1
558 9 170 56 10729 1
559 12 160 59 12035 1
560 23 160 59 12035 1
561 13 161 10 988 1
562 25 161 10 988 1
563 10 149 32 2542 1
564 19 149 32 2542 1
565 18 149 28 5970 1
566 9 165 34 5919 1
567 17 158 19 3315 1
568 17 160 34 5261 1
569 15 169 29 6445 1
570 11 165 60 6821 1
571 21 165 60 6821 1
572 13 161 46 11045 1
573 25 161 46 11045 1
574 24 168 41 7329 1
575 9 145 40 7955 1
576 8 161 28 6202 1
577 7 165 28 4242 1
578 16 168 34 3610 1
579 8 147 17 3083 1
580 18 145 19 2261 1
581 13 145 16 1861 1
582 11 151 50 7649 1
583 3 157 31 4623 1
584 107 145 34 4466 1
585 8 170 20 4987 1
586 15 170 20 4987 1
587 43 178 25 5756 1
588 43 178 17 1897 1
589 42 210 8 1773 1
590 83 210 8 1773 1
591 16 208 16 4911 1
592 42 195 15 2763 1
593 37 194 13 3350 1
594 15 184 18 2575 1
595 24 175 13 2693 1
596 43 184 12 1620 1
597 40 195 13 2077 1
598 44 184 19 2488 1
599 58 207 7 1691 1
600 43 211 21 6036 1
601 36 207 17 2860 1
602 19 208 24 5903 1
603 43 198 23 4591 1
604 85 198 23 4591 1
605 7 197 14 2478 1
606 58 178 14 2064 1
607 37 197 14 3269 1
608 44 208 15 4136 1
609 16 207 14 3904 1
610 14 194 17 4794 1
611 27 194 17 4794 1
612 40 194 17 4794 1
613 24 210 14 2515 1
614 24 183 9 1336 1
615 59 195 6 1356 1
616 15 175 15 3418 1
617 36 207 26 6182 1
618 59 211 16 2561 1
619 44 184 11 2981 1
620 57 194 18 2659 1
621 108 175 30 5771 1
622 16 175 9 2159 1
623 31 175 9 2159 1
624 56 208 22 6162 1
625 17 195 20 4009 1
626 16 194 19 3449 1
627 43 211 20 6168 1
628 85 211 20 6168 1
629 17 208 14 4169 1
630 45 194 23 6098 1
631 43 197 21 3383 1
632 15 207 25 4094 1
633 40 197 15 3162 1
634 36 175 24 5009 1
635 56 194 9 2373 1
636 15 210 17 2472 1
637 23 211 14 2824 1
638 15 195 21 3715 1
639 16 175 10 876 1
640 58 184 25 3935 1
641 37 210 12 2539 1
642 73 210 12 2539 1
643 42 197 32 9196 1
644 83 197 32 9196 1
645 44 211 28 5107 1
646 19 175 18 1834 1
647 45 178 12 1295 1
648 41 175 20 4997 1
649 58 178 24 6058 1
650 44 183 12 2936 1
651 87 183 12 2936 1
652 37 211 24 3805 1
653 58 207 15 2088 1
654 44 198 16 2471 1
655 38 207 13 3103 1
656 22 194 15 3759 1
657 83 178 14 1842 1
658 72 197 28 7887 1
659 45 194 11 2972 1
660 44 184 11 2299 1
661 37 198 7 1092 1
662 29 194 16 1970 1
663 57 194 16 1970 1
664 44 197 23 4564 1
665 37 194 9 1150 1
666 73 194 9 1150 1
667 43 197 23 5456 1
668 17 178 14 3348 1
669 33 178 14 3348 1
670 36 184 14 2785 1
671 71 184 14 2785 1
672 15 195 20 5031 1
673 44 210 18 3053 1
674 87 210 18 3053 1
675 44 198 14 1442 1
676 37 207 37 8369 1
677 44 211 8 1210 1
678 87 211 8 1210 1
679 42 184 11 2651 1
680 44 195 22 4949 1
681 50 243 30 3930 1
682 36 243 16 3031 1
683 58 257 20 4782 1
684 58 262 33 10503 1
685 29 258 21 7119 1
686 37 230 31 9891 1
687 73 230 31 9891 1
688 36 261 17 4490 1
689 56 268 22 6574 1
690 50 279 30 5477 1
691 29 230 28 8918 1
692 34 255 17 4120 1
693 47 221 25 3733 1
694 38 259 19 5660 1
695 43 274 30 5724 1
696 92 262 37 9498 1
697 29 272 33 12354 1
698 16 258 18 2621 1
699 51 228 26 6846 1
700 50 261 25 4182 1
701 35 220 18 4949 1
702 37 262 30 11704 1
703 37 216 43 10478 1
704 42 274 33 5418 1
705 83 274 33 5418 1
706 16 275 20 5630 1
707 57 260 15 3167 1
708 54 230 8 1916 1
709 108 262 19 4302 1
710 215 262 19 4302 1
711 87 240 23 5308 1
712 37 258 23 7313 1
713 37 258 38 14071 1
714 89 257 33 6574 1
715 38 220 13 4074 1
716 57 261 28 4141 1
717 36 239 22 5960 1
718 50 276 31 4917 1
719 28 221 19 2615 1
720 37 267 28 10491 1
721 57 254 26 4601 1
722 29 240 27 9020 1
723 57 277 38 15125 1
724 113 277 38 15125 1
725 37 222 37 11948 1
726 57 272 33 4781 1
727 36 265 23 5835 1
728 71 265 23 5835 1
729 106 265 23 5835 1
730 141 265 23 5835 1
731 176 265 23 5835 1
732 30 261 14 4850 1
733 36 262 19 7299 1
734 90 254 23 4376 1
735 179 254 23 4376 1
736 65 264 21 7105 1
737 50 220 24 4873 1
738 50 272 20 6472 1
739 36 260 36 9011 1
740 25 220 35 8611 1
741 36 230 27 5709 1
742 37 216 18 5228 1
743 57 216 22 5404 1
744 113 216 22 5404 1
745 36 265 22 5403 1
746 30 221 21 6495 1
747 38 243 13 3903 1
748 35 257 13 3390 1
749 30 228 15 2051 1
750 52 222 14 4160 1
751 37 262 28 5827 1
752 91 272 17 3511 1
753 40 274 27 3979 1
754 50 258 18 6050 1
755 99 258 18 6050 1
756 36 276 25 10013 1
757 15 243 20 2792 1
758 57 268 24 7612 1
759 90 276 25 5525 1
760 51 259 25 3808 1
761 63 265 26 9257 1
762 50 274 24 4033 1
763 39 279 34 13150 1
764 37 259 39 8992 1
765 73 259 39 8992 1
766 109 259 39 8992 1
767 36 255 25 5490 1
768 71 255 25 5490 1
769 36 262 28 4170 1
770 93 240 16 4736 1
771 57 255 35 7705 1
772 37 276 9 1943 1
773 73 276 9 1943 1
774 36 222 20 3497 1
775 31 254 37 5059 1
776 59 334 21 4341 1
777 117 334 21 4341 1
778 74 323 39 13480 1
779 57 338 43 10229 1
780 113 338 43 10229 1
781 57 316 27 4801 1
782 113 316 27 4801 1
783 169 316 27 4801 1
784 225 316 27 4801 1
785 36 282 25 8752 1
786 57 292 31 9280 1
787 78 337 42 11511 1
788 58 293 44 13922 1
789 115 293 44 13922 1
790 172 293 44 13922 1
791 229 293 44 13922 1
792 286 293 44 13922 1
793 343 293 44 13922 1
794 30 332 40 18941 1
795 36 324 39 11385 1
796 13 305 29 7760 1
797 37 333 24 7441 1
798 56 335 38 7011 1
799 111 335 38 7011 1
800 57 305 21 8912 1
801 113 305 21 8912 1
802 57 300 19 7236 1
803 36 332 31 7135 1
804 58 337 17 6879 1
805 115 337 17 6879 1
806 84 294 23 9883 1
807 167 294 23 9883 1
808 29 316 23 6994 1
809 58 300 28 10156 1
810 58 336 34 8823 1
811 115 336 34 8823 1
812 172 336 34 8823 1
813 229 336 34 8823 1
814 286 336 34 8823 1
815 343 336 34 8823 1
816 57 305 38 9376 1
817 58 324 46 15528 1
818 115 324 46 15528 1
819 172 324 46 15528 1
820 229 324 46 15528 1
821 29 300 33 5583 1
822 58 293 21 8775 1
823 56 304 36 10095 1
824 68 336 35 7949 1
825 135 336 35 7949 1
826 58 294 32 7062 1
827 58 300 34 13239 1
828 31 335 36 16100 1
829 57 293 28 10446 1
830 56 324 39 15589 1
831 111 324 39 15589 1
832 166 324 39 15589 1
833 31 293 36 9751 1
834 36 294 28 5573 1
835 57 303 19 3128 1
836 113 303 19 3128 1
837 169 303 19 3128 1
838 37 303 35 8140 1
839 30 299 31 9888 1
840 39 335 19 6253 1
841 69 299 27 8203 1
842 55 294 41 8873 1
843 57 324 47 18534 1
844 58 316 33 15517 1
845 57 334 39 6646 1
846 58 281 25 6647 1
847 115 281 25 6647 1
848 172 281 25 6647 1
849 36 332 28 13708 1
850 71 332 28 13708 1
851 57 305 20 4808 1
852 30 332 45 18834 1
853 61 332 37 15852 1
854 121 332 37 15852 1
855 37 334 30 9235 1
856 58 323 58 24858 1
857 29 292 36 8346 1
858 58 286 9 3386 1
859 115 286 9 3386 1
860 58 338 31 9484 1
861 36 323 29 11752 1
862 36 338 53 16081 1
863 57 299 23 7738 1
864 113 299 23 7738 1
865 169 299 23 7738 1
866 59 293 31 10713 1
867 58 293 30 12540 1
868 115 293 30 12540 1
869 53 294 39 16451 1
870 105 294 39 16451 1
871 45 286 35 9306 1
872 58 336 34 10739 1
873 115 336 34 10739 1
874 36 336 47 22781 1
875 71 336 47 22781 1
876 36 338 46 17845 1
877 57 305 37 9134 1
878 113 305 37 9134 1
879 57 282 20 8074 1
880 113 282 20 8074 1
881 169 282 20 8074 1
882 58 294 23 6666 1
883 70 369 36 13614 1
884 78 349 45 18892 1
885 155 349 45 18892 1
886 67 369 37 19600 1
887 78 366 40 11613 1
888 155 366 40 11613 1
889 77 365 66 15669 1
890 153 365 66 15669 1
891 114 368 42 9696 1
892 227 368 42 9696 1
893 65 363 43 20056 1
894 90 349 55 19715 1
895 57 349 30 11426 1
896 70 349 40 15438 1
897 71 368 32 14889 1
898 78 363 66 15411 1
899 155 363 66 15411 1
900 69 366 29 10770 1
901 137 366 29 10770 1
902 85 365 36 13236 1
903 74 368 29 15169 1
904 79 363 58 15851 1
905 157 363 58 15851 1
906 129 369 49 15057 1
907 65 365 56 11202 1
908 72 364 48 9075 1
909 79 364 28 8273 1
910 86 365 54 15994 1
911 77 368 31 6508 1
912 73 349 35 16709 1
913 127 349 27 12941 1
914 86 366 42 7936 1
915 85 365 38 14528 1
916 73 366 52 14092 1
917 145 366 52 14092 1
918 60 366 46 17088 1
919 119 366 46 17088 1
920 66 349 40 19528 1
921 103 364 40 16788 1
922 70 349 29 7614 1
923 73 366 39 16081 1
924 79 365 49 12729 1
925 90 364 46 12379 1
926 78 369 41 15202 1
927 72 368 19 7037 1
928 85 363 31 6446 1
929 86 363 53 15504 1
930 86 369 40 12698 1
931 171 369 40 12698 1
932 109 368 27 12606 1
933 79 364 26 6864 1
934 104 369 22 8024 1
935 61 366 43 19097 1
936 121 366 43 19097 1
937 71 366 22 11859 1
938 78 364 35 12954 1
939 66 368 57 29783 1
940 73 363 28 8965 1
941 58 369 41 11544 1
942 77 365 28 14238 1
943 91 368 31 15445 1
944 85 366 31 10932 1
945 70 366 60 16591 1
946 139 366 60 16591 1
947 71 366 63 20553 1
948 87 349 46 8914 1
949 70 364 59 26907 1
950 139 364 59 26907 1
951 76 349 65 23117 1
952 71 365 52 23199 1
953 72 364 53 16809 1
954 104 369 89 36463 1
955 74 366 54 10887 1
956 147 366 54 10887 1
957 86 349 48 20003 1
958 59 363 37 17358 1
959 69 368 52 9856 1
960 78 349 76 38183 1
961 72 364 22 10046 1
962 143 364 22 10046 1
963 77 368 50 25352 1
964 85 363 39 13308 1
965 85 368 47 12509 1
966 70 349 18 8354 1
967 92 368 44 14261 1
968 79 364 27 13892 1
969 93 369 33 14684 1
970 78 349 40 12420 1
971 89 368 50 26335 1
972 71 368 56 29826 1
973 120 363 35 6934 1
974 80 365 48 21821 1
975 79 366 82 23318 1
976 72 363 79 36495 1
977 143 363 79 36495 1
978 76 366 38 8494 1
979 85 368 50 22444 1
980 71 365 33 13232 1
981 67 349 36 9634 1
982 80 369 44 19561 1
983 60 369 43 18125 1
984 77 369 37 12538 1
985 71 364 56 18757 1
986 70 368 48 15830 1
987 139 368 48 15830 1
988 86 363 23 11290 1
989 77 365 37 12006 1
990 71 366 39 21028 1
991 79 369 53 10657 1
992 157 369 53 10657 1
993 235 369 53 10657 1
994 89 365 42 17000 1
995 71 365 50 26187 1
996 141 365 50 26187 1
997 71 365 32 6997 1
998 141 365 32 6997 1
999 211 365 32 6997 1
1000 74 364 36 9822 1
1001 110 369 45 11789 1
1002 79 364 53 17728 1
1003 73 363 30 12183 1
1004 145 363 30 12183 1
1005 72 366 36 14892 1
1006 69 369 68 32983 1
1007 85 349 52 25229 1
1008 71 364 33 8664 1
1009 80 368 37 14115 1
1010 95 364 43 14892 1
1011 85 366 27 8838 1
1012 70 366 28 6941 1
1013 139 366 28 6941 1
1014 71 366 29 9026 1
1015 87 365 37 12674 1
1016 79 398 31 16722 1
1017 86 399 42 15889 1
1018 92 397 31 10044 1
1019 92 398 61 26381 1
1020 90 399 36 15738 1
1021 106 396 54 14276 1
1022 77 398 41 21289 1
1023 153 398 41 21289 1
1024 79 398 39 16131 1
1025 82 398 58 29970 1
1026 115 397 28 11462 1
1027 78 396 27 15865 1
1028 84 397 70 33664 1
1029 84 397 42 12796 1
1030 82 396 57 29583 1
1031 93 396 37 18330 1
1032 83 397 45 11002 1
1033 92 400 40 13388 1
1034 104 398 43 9522 1
1035 92 399 48 28612 1
1036 183 399 48 28612 1
1037 94 397 54 18294 1
16
500 500 500 500 425 425 400 400 440 500 500 400 500 500 500 550 