1037
1 8 137 16 1214 1
2 8 134 39 3661 1
3 15 134 39 3661 1
4 22 134 39 3661 1
5 29 134 39 3661 1
6 9 121 16 2405 1
7 4 141 17 3377 1
8 8 140 29 5009 1
9 9 101 10 1418 1
10 17 101 10 1418 1
11 25 101 10 1418 1
12 33 101 10 1418 1
13 41 101 10 1418 1
14 16 127 8 941 1
15 8 121 24 1857 1
16 18 140 38 6353 1
17 8 140 29 2860 1
18 8 121 37 6065 1
19 9 139 33 6224 1
20 17 139 33 6224 1
21 8 101 14 2095 1
22 8 129 24 2608 1
23 9 137 23 2685 1
24 17 101 13 1904 1
25 8 101 13 885 1
26 15 101 13 885 1
27 9 137 35 5917 1
28 16 139 32 2881 1
29 5 133 30 2184 1
30 9 133 30 2184 1
31 8 133 35 6654 1
32 28 121 16 2583 1
33 9 117 23 3490 1
34 17 117 23 3490 1
35 25 117 23 3490 1
36 14 118 18 1741 1
37 10 137 18 2370 1
38 7 138 22 4190 1
39 23 139 36 3724 1
40 9 121 17 2136 1
41 17 121 17 2136 1
42 25 121 17 2136 1
43 7 141 7 838 1
44 13 141 7 838 1
45 17 121 22 1574 1
46 8 140 22 4615 1
47 8 121 12 1803 1
48 8 138 32 5275 1
49 15 138 32 5275 1
50 16 137 10 1540 1
51 9 129 39 7413 1
52 17 129 39 7413 1
53 9 129 26 5031 1
54 17 129 26 5031 1
55 25 129 26 5031 1
56 8 133 18 2975 1
57 62 129 27 4203 1
58 9 138 41 4587 1
59 17 138 41 4587 1
60 9 117 14 1201 1
61 17 117 14 1201 1
62 7 137 20 3375 1
63 7 101 25 1523 1
64 13 101 25 1523 1
65 9 129 13 2305 1
66 18 133 23 4536 1
67 14 127 41 7172 1
68 8 133 9 1730 1
69 9 118 56 5067 1
70 66 133 28 3794 1
71 16 133 42 7504 1
72 8 138 21 4126 1
73 15 138 21 4126 1
74 22 138 21 4126 1
75 17 138 16 2577 1
76 23 139 50 10133 1
77 45 139 50 10133 1
78 7 127 14 1561 1
79 13 127 14 1561 1
80 19 127 14 1561 1
81 8 137 8 1056 1
82 8 129 25 2974 1
83 15 129 25 2974 1
84 15 118 26 3623 1
85 29 118 26 3623 1
86 8 140 13 1890 1
87 15 140 13 1890 1
88 9 117 15 1935 1
89 17 117 15 1935 1
90 25 117 15 1935 1
91 33 117 15 1935 1
92 8 138 13 1326 1
93 9 118 42 4953 1
94 9 137 27 3560 1
95 8 125 11 1842 1
96 15 133 64 8060 1
97 29 133 64 8060 1
98 9 134 45 7584 1
99 17 134 45 7584 1
100 25 134 45 7584 1
101 15 129 41 5770 1
102 29 129 41 5770 1
103 26 118 21 2195 1
104 8 125 40 6081 1
105 16 137 29 4583 1
106 12 121 13 850 1
107 15 101 15 1972 1
108 5 133 3 456 1
109 9 133 3 456 1
110 9 134 36 7225 1
111 8 118 16 2185 1
112 15 118 16 2185 1
113 10 140 10 1992 1
114 8 138 9 1305 1
115 8 132 11 894 1
116 15 132 11 894 1
117 12 117 32 5356 1
118 14 133 15 1611 1
119 8 101 22 2493 1
120 15 101 22 2493 1
121 22 101 22 2493 1
122 29 101 22 2493 1
123 36 101 22 2493 1
124 43 101 22 2493 1
125 50 101 22 2493 1
126 57 101 22 2493 1
127 9 127 17 2377 1
128 17 127 17 2377 1
129 25 127 17 2377 1
130 5 125 17 1162 1
131 9 125 17 1162 1
132 10 118 21 2490 1
133 93 141 28 5917 1
134 8 127 23 2421 1
135 15 127 23 2421 1
136 22 127 23 2421 1
137 29 127 23 2421 1
138 10 129 25 2072 1
139 9 132 29 4191 1
140 8 134 5 979 1
141 15 134 5 979 1
142 22 134 5 979 1
143 29 134 5 979 1
144 58 140 25 3431 1
145 8 127 31 2470 1
146 8 133 33 2369 1
147 8 140 34 4003 1
148 15 140 34 4003 1
149 22 140 34 4003 1
150 29 140 34 4003 1
151 36 140 34 4003 1
152 9 129 17 2223 1
153 14 137 17 2091 1
154 27 137 17 2091 1
155 40 137 17 2091 1
156 15 127 9 812 1
157 29 127 9 812 1
158 7 137 27 3630 1
159 8 137 24 3585 1
160 9 134 14 1990 1
161 9 134 8 1072 1
162 9 118 4 597 1
163 17 118 4 597 1
164 25 118 4 597 1
165 8 139 21 3040 1
166 15 139 21 3040 1
167 9 121 25 2985 1
168 17 121 25 2985 1
169 25 121 25 2985 1
170 33 121 25 2985 1
171 16 121 22 3725 1
172 31 121 22 3725 1
173 16 117 7 865 1
174 9 133 50 4777 1
175 10 121 24 1671 1
176 8 140 16 1679 1
177 15 140 16 1679 1
178 21 117 29 3264 1
179 10 140 32 5053 1
180 9 101 2 212 1
181 8 125 23 3261 1
182 9 129 22 1626 1
183 5 134 19 1767 1
184 9 134 19 1767 1
185 13 134 19 1767 1
186 9 118 29 3973 1
187 17 118 29 3973 1
188 25 118 29 3973 1
189 8 101 18 1799 1
190 9 137 45 4150 1
191 16 134 22 2755 1
192 9 127 23 2044 1
193 17 127 23 2044 1
194 9 138 40 4504 1
195 17 138 40 4504 1
196 8 132 53 5884 1
197 10 139 26 2484 1
198 17 134 26 2677 1
199 15 101 2 235 1
200 8 141 34 3259 1
201 10 138 6 547 1
202 16 140 19 1415 1
203 1 117 16 1521 1
204 15 118 14 2175 1
205 8 117 32 3963 1
206 15 117 32 3963 1
207 9 132 22 3906 1
208 17 132 22 3906 1
209 15 138 20 1983 1
210 9 133 14 1208 1
211 17 133 14 1208 1
212 12 137 14 1903 1
213 20 118 2 122 1
214 8 118 21 1370 1
215 10 137 16 3052 1
216 19 137 16 3052 1
217 8 127 27 1731 1
218 16 118 8 1373 1
219 9 132 13 1852 1
220 15 134 42 3324 1
221 16 133 3 341 1
222 8 117 19 1844 1
223 7 140 35 5857 1
224 13 140 35 5857 1
225 9 101 20 1276 1
226 14 129 28 5122 1
227 27 129 28 5122 1
228 40 129 28 5122 1
229 8 134 45 6055 1
230 8 101 27 1671 1
231 61 129 32 5375 1
232 9 141 20 2792 1
233 9 140 29 4067 1
234 17 140 29 4067 1
235 25 140 29 4067 1
236 8 121 17 1650 1
237 15 121 17 1650 1
238 22 121 17 1650 1
239 29 121 17 1650 1
240 36 121 17 1650 1
241 10 141 33 4471 1
242 9 139 26 2827 1
243 14 127 15 2267 1
244 12 141 19 2382 1
245 17 117 22 2618 1
246 8 129 27 2119 1
247 15 139 22 2018 1
248 14 125 26 2071 1
249 9 134 38 5598 1
250 9 141 31 4990 1
251 17 141 31 4990 1
252 8 134 36 3431 1
253 21 121 27 1940 1
254 5 138 26 2633 1
255 16 133 15 1472 1
256 16 133 35 5837 1
257 4 133 1 196 1
258 8 127 26 4897 1
259 15 127 26 4897 1
260 22 127 26 4897 1
261 8 140 27 2531 1
262 29 140 7 1082 1
263 16 132 10 911 1
264 8 121 20 2667 1
265 9 138 17 1460 1
266 17 138 17 1460 1
267 25 138 17 1460 1
268 33 138 17 1460 1
269 9 141 19 2884 1
270 17 141 19 2884 1
271 25 141 19 2884 1
272 26 141 22 4279 1
273 13 139 28 5506 1
274 13 133 20 2271 1
275 22 139 27 3295 1
276 22 138 24 4284 1
277 8 121 13 1574 1
278 15 121 13 1574 1
279 9 134 15 2685 1
280 8 133 5 344 1
281 15 133 5 344 1
282 4 125 24 4017 1
283 9 134 16 2627 1
284 17 134 16 2627 1
285 25 134 16 2627 1
286 11 169 26 2629 1
287 11 160 20 2651 1
288 17 147 19 3512 1
289 13 157 29 6782 1
290 25 157 29 6782 1
291 16 165 10 1501 1
292 31 165 10 1501 1
293 8 147 15 1793 1
294 16 167 47 5269 1
295 8 147 15 1106 1
296 14 154 35 5846 1
297 17 170 9 1717 1
298 17 167 31 7391 1
299 10 158 34 7591 1
300 7 158 58 6246 1
301 17 161 19 4315 1
302 10 165 41 8040 1
303 33 157 33 7096 1
304 22 168 32 4558 1
305 7 147 10 2134 1
306 8 165 29 2889 1
307 9 151 27 4974 1
308 12 165 10 1783 1
309 23 147 39 6832 1
310 45 147 39 6832 1
311 67 147 39 6832 1
312 44 167 5 862 1
313 16 147 1 89 1
314 21 169 29 3943 1
315 16 154 23 1840 1
316 21 169 38 3339 1
317 16 154 36 3459 1
318 10 154 35 3911 1
319 10 149 31 3549 1
320 15 165 13 1304 1
321 12 165 17 1628 1
322 23 165 17 1628 1
323 34 165 17 1628 1
324 12 167 22 2174 1
325 23 167 22 2174 1
326 12 149 28 4456 1
327 3 167 24 2205 1
328 13 170 56 4844 1
329 9 149 54 4579 1
330 23 154 63 4879 1
331 15 168 21 4400 1
332 15 147 34 2907 1
333 13 165 53 9837 1
334 9 158 28 3352 1
335 2 151 36 6631 1
336 9 157 20 2534 1
337 11 151 31 2924 1
338 21 151 31 2924 1
339 9 170 2 310 1
340 17 170 2 310 1
341 15 168 32 7555 1
342 12 168 28 3079 1
343 8 154 18 3114 1
344 18 167 43 8864 1
345 9 165 4 465 1
346 11 169 42 4953 1
347 16 154 20 3647 1
348 7 145 14 2840 1
349 10 147 33 3903 1
350 9 145 34 6006 1
351 42 147 39 6937 1
352 12 170 55 11276 1
353 14 147 6 875 1
354 12 168 8 1936 1
355 15 151 17 1421 1
356 12 149 32 4680 1
357 23 149 32 4680 1
358 51 145 22 3811 1
359 12 165 47 9567 1
360 23 165 47 9567 1
361 34 165 47 9567 1
362 45 165 47 9567 1
363 12 165 28 6237 1
364 23 170 13 1182 1
365 45 170 13 1182 1
366 11 160 44 9715 1
367 24 154 39 3723 1
368 14 147 37 7201 1
369 14 168 15 1865 1
370 14 161 29 4511 1
371 12 149 21 1932 1
372 11 157 30 4739 1
373 74 170 31 4249 1
374 16 170 25 3520 1
375 31 170 25 3520 1
376 9 167 52 11014 1
377 10 170 36 5066 1
378 16 147 9 1285 1
379 9 151 16 2332 1
380 17 151 16 2332 1
381 8 161 17 2049 1
382 12 161 45 9307 1
383 23 161 45 9307 1
384 11 154 34 6854 1
385 21 154 34 6854 1
386 22 165 16 1474 1
387 8 149 28 3749 1
388 15 149 28 3749 1
389 14 170 36 3439 1
390 13 147 11 1457 1
391 12 157 44 4070 1
392 8 145 14 2975 1
393 15 145 14 2975 1
394 25 169 59 12884 1
395 49 169 59 12884 1
396 17 154 27 4536 1
397 33 154 27 4536 1
398 9 168 19 2246 1
399 15 158 41 8685 1
400 16 161 53 8464 1
401 22 157 21 3619 1
402 10 170 21 3667 1
403 28 147 11 1315 1
404 11 167 25 3586 1
405 12 154 39 6620 1
406 23 154 39 6620 1
407 8 160 26 5755 1
408 15 160 26 5755 1
409 14 161 51 10306 1
410 34 170 46 8568 1
411 17 160 49 6142 1
412 22 161 46 10838 1
413 17 160 12 1090 1
414 33 160 12 1090 1
415 49 160 12 1090 1
416 13 168 63 12157 1
417 22 158 28 5685 1
418 12 165 21 4754 1
419 8 158 31 3942 1
420 16 151 50 10076 1
421 12 145 22 4054 1
422 11 149 12 1154 1
423 7 165 5 1090 1
424 7 160 35 8318 1
425 21 170 45 8678 1
426 11 170 9 969 1
427 21 170 9 969 1
428 8 158 19 2456 1
429 14 154 42 7234 1
430 11 160 47 10268 1
431 21 160 47 10268 1
432 154 149 30 5195 1
433 22 149 21 4510 1
434 43 149 21 4510 1
435 8 168 12 2791 1
436 16 151 16 1311 1
437 7 151 14 3074 1
438 14 157 11 2052 1
439 11 157 33 5196 1
440 9 145 6 616 1
441 17 145 6 616 1
442 16 168 44 6287 1
443 31 168 44 6287 1
444 13 167 11 923 1
445 25 167 11 923 1
446 37 167 11 923 1
447 49 167 11 923 1
448 26 147 26 5630 1
449 11 168 44 3805 1
450 13 149 23 4356 1
451 25 149 23 4356 1
452 23 165 42 5859 1
453 9 161 25 2051 1
454 17 161 25 2051 1
455 25 161 25 2051 1
456 33 161 25 2051 1
457 36 169 34 4054 1
458 14 161 26 3293 1
459 8 168 33 6638 1
460 16 145 27 5263 1
461 8 161 34 4256 1
462 15 154 39 5416 1
463 11 145 23 3743 1
464 21 145 23 3743 1
465 10 157 13 2232 1
466 19 157 13 2232 1
467 28 157 13 2232 1
468 11 158 34 2921 1
469 8 161 6 1002 1
470 15 161 6 1002 1
471 22 161 6 1002 1
472 10 157 18 2231 1
473 19 157 18 2231 1
474 12 169 19 4548 1
475 12 154 33 6920 1
476 2 161 33 3187 1
477 15 167 41 3745 1
478 12 165 20 3667 1
479 10 168 33 4343 1
480 19 168 33 4343 1
481 28 168 33 4343 1
482 13 160 26 3235 1
483 11 169 26 5473 1
484 8 145 11 1671 1
485 15 145 11 1671 1
486 12 169 31 7103 1
487 23 169 31 7103 1
488 34 169 31 7103 1
489 12 161 8 1786 1
490 23 161 8 1786 1
491 34 161 8 1786 1
492 45 161 8 1786 1
493 16 147 28 4305 1
494 31 147 28 4305 1
495 46 147 28 4305 1
496 61 147 28 4305 1
497 24 165 45 7392 1
498 8 170 13 2477 1
499 3 158 17 3303 1
500 11 165 23 2357 1
501 21 165 23 2357 1
502 31 165 23 2357 1
503 25 168 46 5874 1
504 11 145 24 3059 1
505 7 168 27 3549 1
506 17 147 23 3439 1
507 9 157 2 458 1
508 17 157 2 458 1
509 13 170 69 12823 1
510 16 168 31 4711 1
511 7 169 32 3201 1
512 9 149 27 2509 1
513 17 149 27 2509 1
514 16 157 34 6040 1
515 14 169 47 10281 1
516 13 157 7 660 1
517 8 154 26 4773 1
518 15 151 51 10008 1
519 12 170 28 3161 1
520 23 170 28 3161 1
521 35 165 1 92 1
522 13 160 44 4224 1
523 25 160 44 4224 1
524 8 170 46 9682 1
525 15 170 46 9682 1
526 13 167 34 3177 1
527 25 167 34 3177 1
528 21 147 39 4523 1
529 12 169 20 3749 1
530 23 169 20 3749 1
531 34 169 20 3749 1
532 16 151 32 4978 1
533 15 149 7 966 1
534 9 160 40 3397 1
535 15 170 19 4377 1
536 29 170 19 4377 1
537 8 151 16 2185 1
538 15 145 32 3158 1
539 9 169 32 3644 1
540 13 169 48 10450 1
541 10 160 47 5382 1
542 19 160 47 5382 1
543 8 151 37 2800 1
544 12 170 21 1796 1
545 23 170 21 1796 1
546 11 149 42 3160 1
547 15 157 41 8981 1
548 23 160 33 4065 1
549 11 147 26 4246 1
550 7 151 52 10729 1
551 16 151 19 2047 1
552 11 160 23 4265 1
553 15 165 4 383 1
554 8 154 33 3366 1
555 11 154 46 9210 1
556 21 154 46 9210 1
557 11 158 24 4308 1
558 23 151 8 1174 1
559 8 161 32 7231 1
560 9 145 21 3699 1
561 7 168 32 4416 1
562 12 160 81 9598 1
563 23 160 81 9598 1
564 11 151 15 1445 1
565 21 151 15 1445 1
566 12 149 33 4031 1
567 11 157 21 2202 1
568 21 157 21 2202 1
569 12 161 8 1807 1
570 23 161 8 1807 1
571 8 160 24 4780 1
572 15 160 24 4780 1
573 15 154 24 4652 1
574 47 151 16 1715 1
575 24 147 13 1392 1
576 11 161 38 3343 1
577 15 145 25 5344 1
578 15 170 25 5892 1
579 29 170 25 5892 1
580 13 147 5 677 1
581 16 170 17 3534 1
582 13 154 35 7438 1
583 11 158 6 1079 1
584 18 169 97 10421 1
585 12 149 30 5211 1
586 23 149 30 5211 1
587 15 211 17 1982 1
588 15 211 14 3550 1
589 44 194 27 6315 1
590 36 210 16 2801 1
591 44 184 21 2100 1
592 36 194 18 1787 1
593 44 210 14 2560 1
594 45 197 30 8209 1
595 89 197 30 8209 1
596 16 194 19 5025 1
597 44 208 25 3728 1
598 15 195 18 4340 1
599 21 183 18 4688 1
600 45 208 23 3114 1
601 56 211 35 10318 1
602 111 211 35 10318 1
603 43 207 22 6271 1
604 57 194 13 3036 1
605 42 198 30 6694 1
606 43 178 39 5593 1
607 23 183 8 1528 1
608 41 208 18 2758 1
609 44 184 14 2471 1
610 87 184 14 2471 1
611 17 207 24 5188 1
612 33 207 24 5188 1
613 37 183 9 1655 1
614 15 197 12 1463 1
615 44 194 31 3035 1
616 15 198 28 4674 1
617 44 208 15 2235 1
618 87 208 15 2235 1
619 16 207 27 6022 1
620 44 183 14 1302 1
621 87 183 14 1302 1
622 56 211 11 1512 1
623 111 211 11 1512 1
624 55 194 16 4637 1
625 72 207 8 1438 1
626 37 194 10 2471 1
627 36 210 18 5372 1
628 41 211 33 5725 1
629 81 211 33 5725 1
630 40 211 19 5465 1
631 38 195 20 4527 1
632 44 211 18 3361 1
633 87 211 18 3361 1
634 130 211 18 3361 1
635 173 211 18 3361 1
636 216 211 18 3361 1
637 59 211 14 2047 1
638 44 178 10 2493 1
639 41 195 24 3865 1
640 60 195 26 4501 1
641 43 178 10 1483 1
642 20 198 18 5246 1
643 57 175 6 1439 1
644 44 184 20 2516 1
645 15 175 10 1676 1
646 15 183 10 2044 1
647 29 183 10 2044 1
648 42 210 14 3253 1
649 36 211 15 4279 1
650 15 207 49 15007 1
651 41 175 9 1964 1
652 37 178 19 4030 1
653 73 178 19 4030 1
654 45 183 25 3825 1
655 37 183 9 1399 1
656 14 175 6 950 1
657 40 198 8 1714 1
658 44 184 22 4181 1
659 87 184 22 4181 1
660 130 184 22 4181 1
661 173 184 22 4181 1
662 39 175 14 1367 1
663 36 197 59 10606 1
664 44 208 31 5770 1
665 44 208 14 3294 1
666 87 208 14 3294 1
667 44 183 16 3361 1
668 36 194 24 3568 1
669 44 175 24 6035 1
670 23 175 26 6685 1
671 43 184 14 3773 1
672 44 210 20 6036 1
673 87 210 20 6036 1
674 58 211 10 2780 1
675 115 211 10 2780 1
676 57 178 13 3153 1
677 36 175 9 1453 1
678 17 195 12 1899 1
679 57 178 17 3654 1
680 36 211 35 9908 1
681 51 220 19 4264 1
682 49 243 21 6454 1
683 38 258 25 7906 1
684 65 261 19 6669 1
685 39 267 35 4920 1
686 14 228 28 3451 1
687 30 254 20 2715 1
688 30 272 16 3059 1
689 38 275 29 11432 1
690 15 268 24 7117 1
691 31 222 20 2338 1
692 42 277 27 8662 1
693 37 243 16 2292 1
694 36 262 23 3967 1
695 29 260 13 2036 1
696 58 221 13 4212 1
697 115 221 13 4212 1
698 26 272 14 2463 1
699 125 260 16 3947 1
700 249 260 16 3947 1
701 90 222 16 3500 1
702 57 222 35 4704 1
703 64 230 24 4374 1
704 57 279 18 2705 1
705 113 279 18 2705 1
706 39 230 26 7139 1
707 38 255 24 7855 1
708 58 259 34 9633 1
709 57 240 14 4029 1
710 36 268 36 14098 1
711 57 239 21 3142 1
712 113 239 21 3142 1
713 91 274 23 4637 1
714 181 274 23 4637 1
715 38 268 35 13301 1
716 75 268 35 13301 1
717 57 261 33 11349 1
718 92 260 23 3514 1
719 36 264 28 6292 1
720 29 239 34 9724 1
721 36 277 23 6349 1
722 39 240 16 3303 1
723 58 222 22 2514 1
724 29 228 32 6882 1
725 15 216 27 6331 1
726 91 255 22 7515 1
727 28 222 30 9249 1
728 28 267 32 8461 1
729 58 221 27 7402 1
730 28 257 17 3164 1
731 36 264 45 9499 1
732 58 268 33 6096 1
733 36 277 38 7297 1
734 71 277 38 7297 1
735 31 259 31 10706 1
736 17 265 27 4476 1
737 32 220 13 1989 1
738 63 220 13 1989 1
739 16 258 14 4998 1
740 51 221 19 4709 1
741 46 260 22 3421 1
742 29 243 22 3394 1
743 51 221 25 5432 1
744 93 275 20 4797 1
745 30 255 24 8748 1
746 15 221 27 4124 1
747 92 260 13 3154 1
748 61 265 25 3977 1
749 121 265 25 3977 1
750 181 265 25 3977 1
751 16 279 29 10756 1
752 51 216 19 4393 1
753 36 216 16 4971 1
754 35 261 33 5299 1
755 57 228 51 14196 1
756 36 222 19 4595 1
757 58 221 26 5565 1
758 37 258 20 6818 1
759 68 257 22 4745 1
760 35 260 13 2847 1
761 69 260 13 2847 1
762 103 260 13 2847 1
763 41 222 14 4539 1
764 36 275 27 8261 1
765 50 268 14 4202 1
766 48 222 38 7067 1
767 39 277 12 4051 1
768 35 274 33 11047 1
769 84 243 23 5791 1
770 29 240 14 4389 1
771 57 240 14 4389 1
772 49 275 27 10475 1
773 90 254 43 14967 1
774 29 277 27 5677 1
775 30 254 27 8471 1
776 57 332 44 15072 1
777 113 332 44 15072 1
778 169 332 44 15072 1
779 78 333 47 23428 1
780 28 286 19 6598 1
781 36 282 35 12497 1
782 57 282 37 9015 1
783 56 335 36 16298 1
784 87 337 56 24517 1
785 59 292 35 6193 1
786 117 292 35 6193 1
787 59 300 24 7610 1
788 117 300 24 7610 1
789 175 300 24 7610 1
790 233 300 24 7610 1
791 79 338 33 13663 1
792 56 337 43 14120 1
793 57 300 46 20198 1
794 47 337 22 8816 1
795 58 334 29 13585 1
796 115 334 29 13585 1
797 172 334 29 13585 1
798 36 294 27 10837 1
799 38 332 15 2635 1
800 31 337 48 21541 1
801 58 292 25 10500 1
802 80 299 21 6082 1
803 55 292 44 13927 1
804 77 334 32 8860 1
805 57 286 26 10258 1
806 113 286 26 10258 1
807 169 286 26 10258 1
808 225 286 26 10258 1
809 78 292 28 4291 1
810 36 304 19 3527 1
811 60 333 38 9883 1
812 119 333 38 9883 1
813 29 282 46 15422 1
814 57 294 30 8022 1
815 44 286 24 5274 1
816 59 294 30 6093 1
817 37 332 20 7464 1
818 76 305 34 14750 1
819 78 324 16 2836 1
820 57 293 43 9134 1
821 113 293 43 9134 1
822 57 292 26 8402 1
823 113 292 26 8402 1
824 169 292 26 8402 1
825 225 292 26 8402 1
826 58 336 30 13368 1
827 115 336 30 13368 1
828 57 294 31 12074 1
829 74 337 36 17778 1
830 147 337 36 17778 1
831 57 334 45 10166 1
832 36 323 34 12091 1
833 80 282 23 6398 1
834 64 294 38 11348 1
835 58 300 29 11949 1
836 58 316 23 8758 1
837 115 316 23 8758 1
838 78 337 41 9018 1
839 58 293 35 13236 1
840 78 304 26 7085 1
841 55 293 26 5313 1
842 109 293 26 5313 1
843 163 293 26 5313 1
844 217 293 26 5313 1
845 271 293 26 5313 1
846 29 324 52 17025 1
847 56 336 9 2907 1
848 56 337 26 11901 1
849 58 300 44 8745 1
850 115 300 44 8745 1
851 172 300 44 8745 1
852 9 300 23 5346 1
853 36 293 31 4690 1
854 71 293 31 4690 1
855 58 332 37 17241 1
856 58 316 34 9975 1
857 56 336 26 5569 1
858 37 337 51 24081 1
859 59 286 35 11844 1
860 57 336 34 10433 1
861 113 336 34 10433 1
862 169 336 34 10433 1
863 58 323 33 11937 1
864 115 323 33 11937 1
865 172 323 33 11937 1
866 29 324 40 17632 1
867 57 293 23 4336 1
868 113 293 23 4336 1
869 46 303 27 11860 1
870 30 336 51 25112 1
871 52 286 40 14327 1
872 57 303 25 9069 1
873 113 303 25 9069 1
874 169 303 25 9069 1
875 57 303 47 18488 1
876 56 324 38 7716 1
877 111 324 38 7716 1
878 59 293 15 5167 1
879 117 293 15 5167 1
880 78 281 41 7408 1
881 57 334 28 13004 1
882 78 300 36 9539 1
883 71 363 24 6124 1
884 77 368 64 17831 1
885 153 368 64 17831 1
886 77 369 29 9819 1
887 79 366 59 30988 1
888 79 369 38 15321 1
889 157 369 38 15321 1
890 70 365 26 13847 1
891 71 365 46 18752 1
892 86 349 45 13144 1
893 71 368 37 19727 1
894 141 368 37 19727 1
895 65 363 36 14105 1
896 92 368 27 13941 1
897 71 363 33 8796 1
898 162 368 26 12606 1
899 58 364 28 9102 1
900 72 349 28 8831 1
901 90 349 36 11172 1
902 86 363 23 5566 1
903 63 369 66 17846 1
904 86 369 28 6314 1
905 93 369 40 16358 1
906 77 368 20 4392 1
907 56 349 34 10924 1
908 111 364 33 8630 1
909 72 349 38 14542 1
910 79 365 27 13615 1
911 157 365 27 13615 1
912 85 365 46 10813 1
913 55 369 40 15739 1
914 71 363 46 16360 1
915 79 364 51 22607 1
916 65 363 15 4460 1
917 84 365 31 9445 1
918 63 349 25 12939 1
919 77 368 39 20310 1
920 168 366 33 9557 1
921 77 366 33 11702 1
922 77 349 31 11915 1
923 153 349 31 11915 1
924 78 366 36 17482 1
925 155 366 36 17482 1
926 232 366 36 17482 1
927 78 363 48 8962 1
928 93 366 48 15214 1
929 185 366 48 15214 1
930 79 349 50 16582 1
931 86 349 14 5904 1
932 76 366 41 9644 1
933 78 366 30 15013 1
934 72 364 50 26882 1
935 79 366 23 5945 1
936 71 349 24 4665 1
937 141 349 24 4665 1
938 72 369 39 9117 1
939 93 368 66 17630 1
940 96 366 19 7208 1
941 80 368 41 21369 1
942 86 363 34 6197 1
943 72 363 43 12673 1
944 72 349 54 25347 1
945 143 349 54 25347 1
946 214 349 54 25347 1
947 71 349 32 16703 1
948 78 349 51 18093 1
949 135 366 23 9177 1
950 71 364 77 31588 1
951 73 364 68 33440 1
952 71 369 45 20669 1
953 72 363 61 16236 1
954 143 363 61 16236 1
955 214 363 61 16236 1
956 85 365 46 16739 1
957 169 365 46 16739 1
958 80 363 48 22533 1
959 77 366 36 14632 1
960 153 366 36 14632 1
961 114 364 56 19078 1
962 227 364 56 19078 1
963 70 369 57 21069 1
964 71 369 38 9094 1
965 90 363 71 25070 1
966 60 363 43 18796 1
967 70 368 37 7978 1
968 77 364 50 20529 1
969 153 364 50 20529 1
970 70 349 32 7115 1
971 72 365 37 15252 1
972 85 349 29 12638 1
973 72 369 31 13508 1
974 79 363 44 22488 1
975 93 363 40 11039 1
976 65 364 28 6451 1
977 80 369 41 18203 1
978 79 363 30 14272 1
979 70 369 42 8303 1
980 94 365 30 11987 1
981 79 349 36 16455 1
982 157 349 36 16455 1
983 77 368 36 18043 1
984 87 363 52 25037 1
985 79 366 50 12635 1
986 157 366 50 12635 1
987 92 365 34 10982 1
988 76 369 44 21779 1
989 151 369 44 21779 1
990 86 349 45 22704 1
991 86 364 52 20793 1
992 70 365 36 17706 1
993 139 365 36 17706 1
994 168 368 35 11059 1
995 63 369 46 10349 1
996 69 363 26 8519 1
997 112 369 36 11325 1
998 79 368 34 8908 1
999 74 366 37 12861 1
1000 79 364 27 9134 1
1001 72 349 24 6151 1
1002 143 349 24 6151 1
1003 214 349 24 6151 1
1004 64 363 57 29396 1
1005 80 349 75 36989 1
1006 79 363 22 11071 1
1007 64 369 53 11153 1
1008 71 366 41 9900 1
1009 65 365 34 16082 1
1010 79 366 45 10224 1
1011 178 368 44 19746 1
1012 84 364 43 9531 1
1013 83 366 43 21543 1
1014 165 366 43 21543 1
1015 73 368 50 16406 1
1016 89 398 49 20653 1
1017 152 397 64 14397 1
1018 166 396 49 21975 1
1019 80 397 46 10900 1
1020 84 400 48 16062 1
1021 78 400 35 18662 1
1022 155 400 35 18662 1
1023 90 396 58 29766 1
1024 92 397 28 13418 1
1025 183 397 28 13418 1
1026 87 398 39 8316 1
1027 173 398 39 8316 1
1028 144 397 41 8842 1
1029 98 398 33 17841 1
1030 195 398 33 17841 1
1031 79 397 51 24429 1
1032 92 396 49 22710 1
1033 183 396 49 22710 1
1034 95 399 49 25508 1
1035 88 399 35 10040 1
1036 81 397 56 24792 1
1037 90 396 74 30607 1
16
500 500 500 500 425 425 400 400 440 500 500 400 500 500 500 550 