1037
1 8 101 17 1833 1
2 15 101 17 1833 1
3 22 101 17 1833 1
4 29 101 17 1833 1
5 36 101 17 1833 1
6 9 139 23 1848 1
7 9 117 17 1636 1
8 8 133 34 5882 1
9 15 133 34 5882 1
10 22 133 34 5882 1
11 7 118 20 3369 1
12 13 118 20 3369 1
13 9 129 27 2980 1
14 9 133 35 5177 1
15 17 133 35 5177 1
16 25 133 35 5177 1
17 9 139 33 6502 1
18 8 127 10 1347 1
19 33 117 44 2580 1
20 8 140 13 2053 1
21 16 139 7 1068 1
22 8 140 5 722 1
23 8 129 28 3166 1
24 15 129 28 3166 1
25 9 127 15 2414 1
26 109 133 22 2539 1
27 23 141 18 1671 1
28 7 141 35 4905 1
29 13 141 35 4905 1
30 18 127 19 2945 1
31 15 125 25 2926 1
32 22 137 27 4434 1
33 5 118 8 775 1
34 11 141 18 1719 1
35 15 137 22 4272 1
36 9 134 30 4461 1
37 8 121 30 3286 1
38 15 121 30 3286 1
39 8 140 25 3718 1
40 8 101 18 2514 1
41 14 138 14 1779 1
42 14 129 12 1174 1
43 9 125 38 3842 1
44 10 101 27 3426 1
45 14 129 14 2192 1
46 9 140 21 3445 1
47 17 140 21 3445 1
48 3 129 11 780 1
49 5 129 11 780 1
50 12 127 15 1368 1
51 9 118 15 1013 1
52 16 132 31 2464 1
53 15 137 11 1651 1
54 8 140 27 2672 1
55 7 138 16 3263 1
56 9 127 24 4105 1
57 17 127 24 4105 1
58 25 127 24 4105 1
59 33 127 24 4105 1
60 16 127 12 2051 1
61 7 137 34 2543 1
62 13 137 34 2543 1
63 7 127 23 3533 1
64 13 127 23 3533 1
65 19 127 23 3533 1
66 25 127 23 3533 1
67 16 133 18 1622 1
68 31 133 18 1622 1
69 9 134 59 10303 1
70 9 129 27 4337 1
71 17 129 27 4337 1
72 25 129 27 4337 1
73 33 129 27 4337 1
74 2 117 33 3897 1
75 21 132 20 2522 1
76 7 117 21 2889 1
77 15 118 21 1677 1
78 29 118 21 1677 1
79 43 118 21 1677 1
80 57 118 21 1677 1
81 5 118 15 1420 1
82 9 121 9 1372 1
83 8 117 9 598 1
84 60 127 12 2284 1
85 13 137 27 2198 1
86 8 138 17 1839 1
87 9 138 45 7803 1
88 9 118 40 6789 1
89 17 118 40 6789 1
90 8 125 7 1238 1
91 15 125 7 1238 1
92 8 127 14 2050 1
93 15 127 14 2050 1
94 22 127 14 2050 1
95 29 127 14 2050 1
96 15 118 8 1373 1
97 8 125 26 3441 1
98 15 125 26 3441 1
99 8 140 3 498 1
100 9 141 10 1542 1
101 17 141 10 1542 1
102 9 134 28 2856 1
103 17 134 28 2856 1
104 9 140 26 3634 1
105 17 140 26 3634 1
106 15 138 33 6677 1
107 9 134 21 2348 1
108 22 139 11 1789 1
109 28 117 37 2582 1
110 14 129 21 1427 1
111 17 125 17 2780 1
112 6 140 12 2204 1
113 8 133 25 2094 1
114 15 133 25 2094 1
115 18 140 11 1626 1
116 35 140 11 1626 1
117 8 132 25 4468 1
118 8 101 14 1973 1
119 15 101 14 1973 1
120 22 101 14 1973 1
121 29 101 14 1973 1
122 36 101 14 1973 1
123 9 129 29 3425 1
124 9 134 10 1421 1
125 17 134 10 1421 1
126 9 129 52 5087 1
127 7 140 28 2815 1
128 5 139 25 3341 1
129 16 129 15 1354 1
130 26 127 12 1647 1
131 8 132 30 2742 1
132 15 132 30 2742 1
133 22 132 30 2742 1
134 9 138 27 4366 1
135 8 138 13 2563 1
136 9 134 17 1758 1
137 10 138 29 2173 1
138 19 138 29 2173 1
139 28 138 29 2173 1
140 19 137 29 3203 1
141 122 121 23 4166 1
142 8 101 18 1545 1
143 16 141 43 8900 1
144 12 140 25 3377 1
145 23 140 25 3377 1
146 8 117 4 636 1
147 17 127 25 2547 1
148 13 134 3 310 1
149 25 134 3 310 1
150 9 125 36 2780 1
151 9 127 13 1042 1
152 17 127 13 1042 1
153 8 125 24 1595 1
154 15 125 24 1595 1
155 22 125 24 1595 1
156 29 125 24 1595 1
157 8 137 26 1792 1
158 5 139 9 1232 1
159 9 139 9 1232 1
160 13 139 9 1232 1
161 15 137 23 3577 1
162 29 137 23 3577 1
163 9 121 32 4626 1
164 9 141 10 1184 1
165 17 141 10 1184 1
166 25 141 10 1184 1
167 9 101 11 728 1
168 9 137 50 4148 1
169 8 125 9 1422 1
170 9 138 16 2301 1
171 17 138 16 2301 1
172 12 121 18 1508 1
173 23 121 18 1508 1
174 9 139 24 4885 1
175 17 125 23 4270 1
176 8 139 9 646 1
177 8 133 25 3469 1
178 15 133 25 3469 1
179 8 138 33 2477 1
180 3 139 32 4828 1
181 27 101 15 901 1
182 103 140 21 1541 1
183 28 121 12 850 1
184 9 133 36 4916 1
185 15 139 15 2632 1
186 29 139 15 2632 1
187 11 118 27 3275 1
188 17 134 44 8695 1
189 24 117 25 2724 1
190 22 132 19 3563 1
191 15 117 6 989 1
192 29 117 6 989 1
193 14 134 12 2395 1
194 8 127 30 3689 1
195 8 125 26 3038 1
196 21 133 17 1728 1
197 9 118 22 2807 1
198 17 118 22 2807 1
199 25 118 22 2807 1
200 17 129 9 820 1
201 8 141 25 3846 1
202 8 137 21 2477 1
203 18 133 3 204 1
204 2 137 12 2212 1
205 11 101 21 2487 1
206 6 138 17 2671 1
207 13 133 20 3316 1
208 9 129 29 4768 1
209 17 129 29 4768 1
210 13 133 26 4775 1
211 8 121 8 1374 1
212 15 121 8 1374 1
213 22 121 8 1374 1
214 9 134 19 2684 1
215 30 140 24 4463 1
216 26 140 3 491 1
217 9 132 42 5190 1
218 6 137 33 6077 1
219 11 137 33 6077 1
220 10 133 28 2625 1
221 8 127 29 2815 1
222 11 125 22 3708 1
223 8 117 8 1244 1
224 15 117 8 1244 1
225 17 101 18 1447 1
226 9 117 16 1900 1
227 17 117 16 1900 1
228 15 121 18 1649 1
229 29 121 18 1649 1
230 12 101 33 2507 1
231 28 140 28 5859 1
232 18 137 34 5839 1
233 35 137 34 5839 1
234 12 132 7 720 1
235 23 132 7 720 1
236 8 140 16 2213 1
237 8 101 15 1462 1
238 9 118 13 1145 1
239 9 101 23 1853 1
240 17 101 23 1853 1
241 25 101 23 1853 1
242 8 134 34 3143 1
243 15 134 34 3143 1
244 11 125 24 3366 1
245 9 141 30 3644 1
246 11 125 51 8251 1
247 29 132 21 2503 1
248 26 134 4 444 1
249 51 134 4 444 1
250 9 141 25 5026 1
251 17 141 25 5026 1
252 25 141 25 5026 1
253 10 127 10 1675 1
254 19 127 10 1675 1
255 9 125 30 3606 1
256 21 101 15 2005 1
257 8 118 25 3062 1
258 9 140 19 2088 1
259 17 140 19 2088 1
260 25 140 19 2088 1
261 31 129 24 2083 1
262 15 133 25 3487 1
263 5 138 51 3695 1
264 9 138 51 3695 1
265 13 138 51 3695 1
266 13 117 39 6788 1
267 10 141 14 2670 1
268 16 132 41 5054 1
269 26 121 60 4790 1
270 9 140 39 6951 1
271 17 140 39 6951 1
272 25 140 39 6951 1
273 8 134 21 3648 1
274 16 134 64 7852 1
275 11 139 21 3855 1
276 8 121 15 1150 1
277 11 117 11 699 1
278 9 139 17 2600 1
279 10 140 24 2240 1
280 9 137 20 3146 1
281 17 137 20 3146 1
282 16 134 32 4722 1
283 15 138 21 1502 1
284 16 138 31 5371 1
285 47 101 52 6182 1
286 15 165 25 3840 1
287 14 160 16 2292 1
288 12 170 31 7866 1
289 9 151 6 454 1
290 13 167 40 3964 1
291 25 167 40 3964 1
292 37 167 40 3964 1
293 49 167 40 3964 1
294 61 167 40 3964 1
295 23 168 33 8204 1
296 15 161 30 4375 1
297 29 161 30 4375 1
298 12 158 9 1594 1
299 23 158 9 1594 1
300 34 158 9 1594 1
301 45 158 9 1594 1
302 56 158 9 1594 1
303 9 168 27 5344 1
304 23 145 14 2459 1
305 16 151 40 3817 1
306 8 145 35 2750 1
307 11 158 27 2322 1
308 21 158 27 2322 1
309 31 158 27 2322 1
310 41 158 27 2322 1
311 51 158 27 2322 1
312 9 151 42 6729 1
313 2 147 26 3827 1
314 11 169 17 1529 1
315 13 161 10 2108 1
316 15 161 49 4933 1
317 8 170 36 5954 1
318 35 158 10 1467 1
319 10 157 21 4130 1
320 24 170 22 4576 1
321 12 147 62 10838 1
322 15 149 16 2118 1
323 15 147 42 6476 1
324 9 168 46 10505 1
325 9 160 4 556 1
326 15 149 35 5136 1
327 16 158 27 6090 1
328 12 157 33 6317 1
329 12 165 28 4004 1
330 12 169 29 3171 1
331 30 149 30 3800 1
332 7 151 20 2342 1
333 13 165 28 5876 1
334 10 147 55 5098 1
335 19 147 55 5098 1
336 28 147 55 5098 1
337 11 154 26 4805 1
338 21 154 26 4805 1
339 31 154 26 4805 1
340 15 169 50 11030 1
341 13 154 24 2265 1
342 11 149 37 4198 1
343 21 149 37 4198 1
344 31 149 37 4198 1
345 13 145 14 2810 1
346 13 151 8 1479 1
347 14 161 51 7731 1
348 12 149 8 623 1
349 12 157 7 716 1
350 12 161 41 4293 1
351 12 154 29 5344 1
352 11 149 35 2999 1
353 13 170 28 4718 1
354 16 161 31 4100 1
355 31 161 31 4100 1
356 13 157 14 1328 1
357 15 149 36 6199 1
358 29 149 36 6199 1
359 24 169 35 3206 1
360 12 145 25 4225 1
361 16 158 66 10878 1
362 8 157 7 980 1
363 9 157 42 9241 1
364 16 160 1 159 1
365 11 161 26 4565 1
366 21 161 26 4565 1
367 22 170 19 2059 1
368 12 161 1 186 1
369 23 161 1 186 1
370 11 145 26 1925 1
371 22 145 26 2474 1
372 36 157 22 2078 1
373 36 149 34 6141 1
374 71 149 34 6141 1
375 8 165 60 10866 1
376 15 165 60 10866 1
377 13 147 2 397 1
378 45 158 20 1620 1
379 38 165 68 14574 1
380 13 158 42 9899 1
381 10 167 32 3339 1
382 7 160 12 2546 1
383 13 160 12 2546 1
384 9 167 24 2775 1
385 17 167 24 2775 1
386 7 169 37 8075 1
387 9 165 38 7709 1
388 13 149 29 4500 1
389 15 167 20 2778 1
390 21 147 49 10450 1
391 7 149 15 1530 1
392 11 149 24 2659 1
393 21 149 24 2659 1
394 13 161 38 5785 1
395 12 158 45 8714 1
396 16 145 39 7938 1
397 16 151 3 233 1
398 15 169 28 5482 1
399 24 151 28 4115 1
400 10 147 18 3171 1
401 45 149 5 393 1
402 9 149 67 13718 1
403 15 169 20 3759 1
404 12 158 15 2939 1
405 13 157 23 4687 1
406 25 157 23 4687 1
407 13 151 51 9812 1
408 25 151 51 9812 1
409 22 158 24 2020 1
410 9 149 6 654 1
411 16 145 23 4223 1
412 16 167 61 13642 1
413 11 157 44 10140 1
414 12 167 38 7197 1
415 23 167 38 7197 1
416 34 167 38 7197 1
417 21 157 11 1239 1
418 10 154 5 646 1
419 19 154 5 646 1
420 13 170 31 3022 1
421 9 158 13 2887 1
422 8 169 27 4959 1
423 16 149 30 3456 1
424 31 149 30 3456 1
425 46 149 30 3456 1
426 12 157 12 1538 1
427 23 157 12 1538 1
428 16 168 24 5630 1
429 9 170 56 10746 1
430 16 165 21 5112 1
431 15 160 23 2222 1
432 9 165 54 10536 1
433 228 160 30 3421 1
434 13 168 24 3831 1
435 16 145 56 5197 1
436 13 149 36 5575 1
437 25 149 36 5575 1
438 37 149 36 5575 1
439 23 168 71 14421 1
440 13 161 21 2543 1
441 25 161 21 2543 1
442 23 145 30 5749 1
443 11 165 24 5732 1
444 13 147 35 3631 1
445 8 167 44 4631 1
446 22 160 30 4421 1
447 8 151 34 4124 1
448 11 149 41 5230 1
449 10 168 17 3651 1
450 10 151 43 8150 1
451 19 151 43 8150 1
452 34 160 39 5169 1
453 101 169 32 2796 1
454 12 169 29 4363 1
455 23 169 29 4363 1
456 23 169 30 2738 1
457 45 169 30 2738 1
458 67 169 30 2738 1
459 13 147 29 5766 1
460 13 169 42 9696 1
461 42 169 20 3451 1
462 9 149 28 4147 1
463 12 151 25 3043 1
464 23 151 25 3043 1
465 4 165 28 5085 1
466 11 170 30 7002 1
467 64 170 9 1129 1
468 11 151 36 4878 1
469 9 161 31 6728 1
470 12 170 37 4240 1
471 12 145 30 4722 1
472 12 149 19 3351 1
473 23 149 19 3351 1
474 9 147 18 3186 1
475 23 158 8 775 1
476 9 157 23 5015 1
477 14 149 45 8062 1
478 17 167 27 6545 1
479 12 165 35 3630 1
480 24 157 25 3345 1
481 9 170 12 2235 1
482 23 167 7 1064 1
483 45 167 7 1064 1
484 16 149 45 3906 1
485 10 160 26 5477 1
486 13 157 35 3738 1
487 24 169 21 2685 1
488 4 158 35 3268 1
489 12 161 31 4527 1
490 21 154 12 1188 1
491 10 151 17 2807 1
492 19 151 17 2807 1
493 11 158 41 6074 1
494 7 149 23 3436 1
495 9 149 26 3248 1
496 9 149 19 2567 1
497 15 168 29 5527 1
498 8 168 7 899 1
499 16 169 17 3743 1
500 40 147 10 881 1
501 16 157 48 5713 1
502 12 168 32 6116 1
503 10 170 24 4713 1
504 13 165 37 5625 1
505 12 149 23 4002 1
506 23 149 23 4002 1
507 8 165 29 2618 1
508 15 145 42 8707 1
509 12 145 2 311 1
510 23 145 2 311 1
511 34 145 2 311 1
512 9 161 27 2986 1
513 9 158 27 3349 1
514 12 170 42 3888 1
515 16 157 34 7284 1
516 14 161 57 6387 1
517 9 158 11 2399 1
518 12 145 39 7405 1
519 7 158 31 4529 1
520 13 158 31 4529 1
521 13 158 8 1535 1
522 12 145 24 5137 1
523 14 160 39 5000 1
524 27 160 39 5000 1
525 40 160 39 5000 1
526 53 160 39 5000 1
527 66 160 39 5000 1
528 79 160 39 5000 1
529 15 165 11 2035 1
530 8 161 41 8111 1
531 4 165 37 8315 1
532 12 165 31 5384 1
533 25 160 9 799 1
534 37 167 29 4885 1
535 73 167 29 4885 1
536 8 154 42 3511 1
537 33 154 12 1851 1
538 8 168 15 1701 1
539 15 168 15 1701 1
540 3 154 26 4600 1
541 25 165 53 8205 1
542 49 165 53 8205 1
543 24 158 16 1603 1
544 15 168 44 9582 1
545 9 151 19 3671 1
546 12 145 44 6714 1
547 9 158 16 2149 1
548 17 158 16 2149 1
549 25 158 16 2149 1
550 13 149 22 2886 1
551 16 160 19 3486 1
552 24 145 24 4479 1
553 20 169 31 2768 1
554 8 161 44 7370 1
555 11 168 30 3759 1
556 12 154 58 6741 1
557 12 169 10 2508 1
558 13 161 21 2385 1
559 22 147 20 2820 1
560 10 158 18 2203 1
561 19 158 18 2203 1
562 28 158 18 2203 1
563 37 158 18 2203 1
564 46 158 18 2203 1
565 16 165 39 7349 1
566 8 147 13 2461 1
567 15 158 28 5601 1
568 12 157 13 2366 1
569 12 170 11 1875 1
570 14 160 22 1842 1
571 43 161 21 4746 1
572 7 151 1 153 1
573 13 151 1 153 1
574 19 151 1 153 1
575 12 149 41 4217 1
576 11 151 19 3048 1
577 21 151 19 3048 1
578 8 147 34 5438 1
579 16 154 13 1956 1
580 12 149 43 8345 1
581 8 157 27 6106 1
582 14 168 23 2829 1
583 27 168 23 2829 1
584 11 160 38 8748 1
585 8 149 19 2634 1
586 11 154 18 2959 1
587 57 197 8 1985 1
588 16 208 21 5088 1
589 15 198 25 7344 1
590 57 183 11 1410 1
591 15 194 24 5943 1
592 35 197 14 3299 1
593 37 211 22 4098 1
594 58 210 12 1875 1
595 43 208 23 2678 1
596 54 197 14 4068 1
597 56 211 23 3474 1
598 20 198 14 2641 1
599 37 194 12 1743 1
600 44 211 16 4469 1
601 87 211 16 4469 1
602 36 208 16 1853 1
603 57 195 41 8428 1
604 58 210 25 6378 1
605 25 183 23 4111 1
606 40 208 11 2591 1
607 16 195 14 2829 1
608 15 210 8 2231 1
609 44 210 11 3385 1
610 55 211 7 1305 1
611 58 210 53 8645 1
612 115 210 53 8645 1
613 38 195 27 4738 1
614 37 195 25 3999 1
615 73 195 25 3999 1
616 38 207 18 5119 1
617 25 208 24 5443 1
618 44 194 6 761 1
619 37 198 10 2575 1
620 41 175 14 3005 1
621 39 197 31 4401 1
622 37 178 11 2778 1
623 43 194 16 2739 1
624 14 195 10 1079 1
625 127 195 18 4567 1
626 15 184 23 2184 1
627 57 184 27 6092 1
628 21 178 9 1122 1
629 14 183 12 1159 1
630 44 194 13 1279 1
631 18 184 26 3217 1
632 16 211 12 3112 1
633 43 197 23 4761 1
634 36 198 15 2682 1
635 71 198 15 2682 1
636 37 207 10 3087 1
637 73 207 10 3087 1
638 36 197 14 3215 1
639 45 175 13 1723 1
640 89 175 13 1723 1
641 133 175 13 1723 1
642 41 183 20 4604 1
643 71 211 15 3177 1
644 24 195 15 3180 1
645 16 211 19 5930 1
646 44 198 7 1370 1
647 87 198 7 1370 1
648 14 178 31 6900 1
649 15 208 22 4130 1
650 35 194 20 3627 1
651 69 194 20 3627 1
652 22 184 13 2955 1
653 43 211 16 2161 1
654 30 183 12 2520 1
655 72 195 15 3013 1
656 37 184 38 8906 1
657 73 184 38 8906 1
658 109 184 38 8906 1
659 57 211 45 5203 1
660 44 210 38 9679 1
661 37 178 21 2941 1
662 73 178 21 2941 1
663 109 178 21 2941 1
664 37 208 32 3698 1
665 15 207 16 1841 1
666 16 194 17 3470 1
667 35 194 41 8304 1
668 57 198 30 7167 1
669 40 210 32 6802 1
670 37 210 16 3973 1
671 21 183 19 3228 1
672 37 195 18 4301 1
673 35 197 14 1872 1
674 44 194 30 3297 1
675 59 208 22 2706 1
676 44 197 28 8169 1
677 41 198 12 2449 1
678 40 197 13 2136 1
679 44 178 8 784 1
680 43 195 36 7007 1
681 30 265 21 6490 1
682 95 259 15 4943 1
683 189 259 15 4943 1
684 21 265 18 5192 1
685 30 262 13 2102 1
686 37 216 31 6840 1
687 73 216 31 6840 1
688 109 216 31 6840 1
689 30 265 15 3059 1
690 59 265 15 3059 1
691 37 230 30 6620 1
692 57 222 31 9168 1
693 32 260 19 5664 1
694 20 274 48 7079 1
695 39 274 48 7079 1
696 32 255 23 7766 1
697 36 258 29 3911 1
698 37 275 26 8857 1
699 1 268 19 3069 1
700 57 267 19 3064 1
701 31 259 27 10376 1
702 57 274 18 6820 1
703 113 274 18 6820 1
704 169 274 18 6820 1
705 37 277 34 13159 1
706 73 277 34 13159 1
707 66 230 31 5956 1
708 57 228 23 4613 1
709 113 228 23 4613 1
710 30 257 38 5866 1
711 16 274 26 5283 1
712 57 230 27 7722 1
713 57 260 44 8148 1
714 113 260 44 8148 1
715 169 260 44 8148 1
716 16 267 35 5269 1
717 16 279 18 3505 1
718 31 279 18 3505 1
719 38 274 24 7616 1
720 75 274 24 7616 1
721 57 268 36 4912 1
722 36 279 55 8693 1
723 36 240 26 7435 1
724 47 239 11 1826 1
725 57 220 19 2548 1
726 113 220 19 2548 1
727 36 262 17 3433 1
728 71 262 17 3433 1
729 50 265 28 4009 1
730 37 267 25 5502 1
731 37 279 18 6126 1
732 73 279 18 6126 1
733 109 279 18 6126 1
734 145 279 18 6126 1
735 36 275 24 7464 1
736 71 275 24 7464 1
737 36 272 18 7056 1
738 71 272 18 7056 1
739 58 265 20 4971 1
740 115 265 20 4971 1
741 37 272 20 7598 1
742 74 221 30 5539 1
743 56 277 22 3730 1
744 58 222 22 4622 1
745 93 258 18 2472 1
746 51 258 26 3824 1
747 36 239 22 3666 1
748 71 239 22 3666 1
749 106 239 22 3666 1
750 50 228 10 3370 1
751 58 230 19 4591 1
752 57 268 29 8110 1
753 46 216 28 4433 1
754 36 277 24 4710 1
755 50 221 23 2754 1
756 50 262 17 5582 1
757 28 254 20 7367 1
758 29 264 25 9152 1
759 57 264 25 9152 1
760 56 275 20 4502 1
761 36 259 15 4851 1
762 71 259 15 4851 1
763 57 216 14 3426 1
764 57 264 24 6259 1
765 39 275 14 5767 1
766 50 228 13 2022 1
767 99 228 13 2022 1
768 51 216 28 3431 1
769 49 257 24 5045 1
770 93 259 27 4698 1
771 58 274 21 8333 1
772 115 274 21 8333 1
773 36 221 33 7350 1
774 57 260 25 8909 1
775 65 258 26 6184 1
776 56 281 30 9339 1
777 111 281 30 9339 1
778 58 282 26 9522 1
779 58 300 29 7580 1
780 115 300 29 7580 1
781 172 300 29 7580 1
782 229 300 29 7580 1
783 286 300 29 7580 1
784 343 300 29 7580 1
785 35 337 46 9768 1
786 58 338 37 13410 1
787 115 338 37 13410 1
788 62 316 3 718 1
789 56 282 38 9644 1
790 111 282 38 9644 1
791 56 281 30 5694 1
792 111 281 30 5694 1
793 166 281 30 5694 1
794 221 281 30 5694 1
795 77 333 51 22421 1
796 27 293 30 11986 1
797 53 335 43 20749 1
798 105 335 43 20749 1
799 58 337 53 26559 1
800 115 337 53 26559 1
801 57 304 52 16321 1
802 113 304 52 16321 1
803 29 281 19 3416 1
804 57 281 19 3416 1
805 31 303 32 14429 1
806 57 305 28 10701 1
807 68 292 29 10499 1
808 135 292 29 10499 1
809 79 282 21 5961 1
810 35 338 39 16499 1
811 56 286 28 8077 1
812 111 286 28 8077 1
813 67 294 34 5680 1
814 57 316 30 7548 1
815 37 336 35 11373 1
816 86 338 44 12715 1
817 78 304 30 4782 1
818 58 337 33 15800 1
819 115 337 33 15800 1
820 172 337 33 15800 1
821 229 337 33 15800 1
822 286 337 33 15800 1
823 58 332 50 24836 1
824 57 292 29 7126 1
825 57 332 33 6784 1
826 72 281 18 2800 1
827 72 333 47 22702 1
828 58 316 23 10866 1
829 115 316 23 10866 1
830 172 316 23 10866 1
831 57 336 38 13898 1
832 37 304 28 7053 1
833 57 324 31 10076 1
834 83 293 29 10305 1
835 56 332 34 9962 1
836 111 332 34 9962 1
837 74 333 37 16183 1
838 44 332 42 8254 1
839 29 324 29 5812 1
840 30 293 18 5759 1
841 57 281 19 2865 1
842 113 281 19 2865 1
843 58 337 44 18103 1
844 59 333 14 4588 1
845 58 304 35 9129 1
846 57 323 22 9046 1
847 37 337 31 10472 1
848 57 324 17 3412 1
849 113 324 17 3412 1
850 58 304 27 7012 1
851 115 304 27 7012 1
852 172 304 27 7012 1
853 74 332 42 13384 1
854 79 324 24 11468 1
855 57 337 36 9570 1
856 78 286 22 8229 1
857 79 335 35 10924 1
858 65 304 35 13873 1
859 57 333 41 15671 1
860 113 333 41 15671 1
861 29 300 50 11186 1
862 70 323 27 8267 1
863 57 324 37 16126 1
864 113 324 37 16126 1
865 169 324 37 16126 1
866 225 324 37 16126 1
867 59 324 28 9865 1
868 117 324 28 9865 1
869 57 281 26 10842 1
870 113 281 26 10842 1
871 169 281 26 10842 1
872 78 303 30 11799 1
873 69 337 39 18742 1
874 137 337 39 18742 1
875 57 324 50 16912 1
876 32 324 39 8517 1
877 77 305 23 5332 1
878 77 337 27 7005 1
879 78 335 29 7374 1
880 58 304 36 7624 1
881 58 305 26 5179 1
882 115 305 26 5179 1
883 60 369 50 24980 1
884 77 349 24 5327 1
885 72 349 57 16613 1
886 77 369 44 21658 1
887 108 368 34 12347 1
888 77 366 69 34558 1
889 66 349 33 9137 1
890 131 349 33 9137 1
891 65 363 34 14588 1
892 86 364 32 15016 1
893 65 349 23 7882 1
894 129 349 23 7882 1
895 62 349 39 16755 1
896 86 364 21 5390 1
897 86 368 48 10566 1
898 143 349 37 15361 1
899 285 349 37 15361 1
900 427 349 37 15361 1
901 569 349 37 15361 1
902 71 369 33 16495 1
903 78 363 40 16260 1
904 155 363 40 16260 1
905 74 365 49 26572 1
906 70 349 31 15839 1
907 73 366 29 13543 1
908 71 369 52 13907 1
909 63 349 37 16822 1
910 101 363 39 18854 1
911 87 349 65 25887 1
912 78 369 25 7952 1
913 117 363 43 20417 1
914 77 365 32 10765 1
915 80 363 44 21096 1
916 77 363 33 12581 1
917 153 363 33 12581 1
918 229 363 33 12581 1
919 305 363 33 12581 1
920 381 363 33 12581 1
921 72 365 29 5448 1
922 143 365 29 5448 1
923 214 365 29 5448 1
924 81 349 34 10613 1
925 79 363 52 17279 1
926 104 366 35 19096 1
927 78 365 31 7553 1
928 88 349 32 5908 1
929 85 349 34 12381 1
930 72 366 40 16399 1
931 64 366 25 8099 1
932 80 366 46 24366 1
933 159 366 46 24366 1
934 85 349 46 23237 1
935 91 366 39 10254 1
936 100 364 47 15514 1
937 73 368 50 15672 1
938 79 365 37 14082 1
939 73 365 38 13073 1
940 145 365 38 13073 1
941 70 369 52 11593 1
942 85 364 33 14640 1
943 70 369 41 18366 1
944 72 349 36 18151 1
945 78 349 130 47590 1
946 90 369 46 19168 1
947 179 369 46 19168 1
948 71 349 60 29928 1
949 70 368 24 7232 1
950 139 368 24 7232 1
951 78 366 36 6868 1
952 78 366 48 13923 1
953 79 363 52 13231 1
954 73 369 25 11470 1
955 63 364 32 8085 1
956 77 349 50 15517 1
957 71 369 33 16725 1
958 141 369 33 16725 1
959 71 369 44 22677 1
960 141 369 44 22677 1
961 211 369 44 22677 1
962 79 363 66 23989 1
963 86 363 42 19232 1
964 57 365 36 12081 1
965 78 364 36 18635 1
966 71 368 32 13429 1
967 141 368 32 13429 1
968 211 368 32 13429 1
969 89 366 47 19650 1
970 72 363 34 12464 1
971 143 363 34 12464 1
972 72 365 26 13046 1
973 86 365 37 19246 1
974 131 365 31 8645 1
975 261 365 31 8645 1
976 78 368 41 8116 1
977 155 368 41 8116 1
978 79 349 27 6606 1
979 71 368 37 17240 1
980 76 366 30 7960 1
981 151 366 30 7960 1
982 62 363 31 9285 1
983 67 363 43 23237 1
984 85 349 54 13427 1
985 169 349 54 13427 1
986 72 366 78 25185 1
987 63 366 60 28793 1
988 84 363 64 17419 1
989 76 364 44 8378 1
990 151 364 44 8378 1
991 87 366 26 11193 1
992 79 363 35 15636 1
993 82 364 27 9023 1
994 72 365 66 16771 1
995 71 363 62 19489 1
996 63 363 63 24119 1
997 80 365 54 26582 1
998 159 365 54 26582 1
999 149 369 34 17421 1
1000 71 364 20 4721 1
1001 88 368 48 9843 1
1002 86 364 21 8674 1
1003 79 365 70 13296 1
1004 73 368 38 19348 1
1005 71 368 35 6447 1
1006 71 366 46 14673 1
1007 103 366 37 16645 1
1008 205 366 37 16645 1
1009 85 349 44 10128 1
1010 71 365 39 9549 1
1011 62 363 48 15527 1
1012 106 349 47 16424 1
1013 65 368 24 9849 1
1014 78 368 33 13785 1
1015 85 369 37 10855 1
1016 85 398 53 12156 1
1017 169 398 53 12156 1
1018 92 400 46 16376 1
1019 88 397 55 28757 1
1020 92 398 44 19813 1
1021 91 398 56 30793 1
1022 92 398 35 17210 1
1023 90 399 53 11860 1
1024 84 397 50 15287 1
1025 91 399 46 13468 1
1026 83 396 55 23008 1
1027 93 397 43 9599 1
1028 89 400 51 13615 1
1029 91 396 51 25265 1
1030 181 396 51 25265 1
1031 271 396 51 25265 1
1032 361 396 51 25265 1
1033 82 400 32 8746 1
1034 94 398 53 15099 1
1035 84 396 50 11678 1
1036 92 400 28 14524 1
1037 149 400 65 14730 1
16
500 500 500 500 425 425 400 400 440 500 500 400 500 500 500 550 