1037
1 8 138 22 3262 1
2 9 117 18 3007 1
3 17 117 18 3007 1
4 11 134 5 393 1
5 11 101 12 1531 1
6 8 138 14 2397 1
7 49 140 32 5703 1
8 8 132 28 3599 1
9 7 139 25 3417 1
10 13 139 25 3417 1
11 19 139 25 3417 1
12 25 139 25 3417 1
13 26 127 13 1318 1
14 9 137 9 1318 1
15 17 137 9 1318 1
16 25 137 9 1318 1
17 33 137 9 1318 1
18 15 141 36 3807 1
19 9 129 28 2731 1
20 17 129 28 2731 1
21 25 129 28 2731 1
22 7 132 17 2841 1
23 13 132 17 2841 1
24 16 101 16 2242 1
25 31 101 16 2242 1
26 23 127 17 2146 1
27 9 125 20 3638 1
28 24 121 25 3568 1
29 47 121 25 3568 1
30 70 121 25 3568 1
31 93 121 25 3568 1
32 16 140 35 7266 1
33 31 140 35 7266 1
34 4 134 12 1460 1
35 7 134 12 1460 1
36 10 134 12 1460 1
37 9 139 1 180 1
38 21 117 18 2673 1
39 13 140 19 2059 1
40 9 127 1 132 1
41 17 127 1 132 1
42 25 127 1 132 1
43 6 101 35 4259 1
44 27 139 39 2747 1
45 11 133 18 1683 1
46 21 133 18 1683 1
47 9 133 10 1158 1
48 17 133 10 1158 1
49 25 133 10 1158 1
50 33 133 10 1158 1
51 41 133 10 1158 1
52 9 118 28 4481 1
53 15 138 29 4197 1
54 26 141 23 4796 1
55 51 141 23 4796 1
56 8 140 18 1580 1
57 8 101 17 2428 1
58 15 101 17 2428 1
59 8 141 11 2220 1
60 26 138 21 1488 1
61 9 125 36 2447 1
62 14 140 25 1898 1
63 25 138 27 5497 1
64 17 132 33 5917 1
65 53 125 22 3861 1
66 11 125 27 4293 1
67 21 125 27 4293 1
68 14 117 24 1849 1
69 8 133 24 1812 1
70 10 121 18 2098 1
71 7 118 22 2625 1
72 13 118 22 2625 1
73 10 139 25 3378 1
74 9 132 23 3759 1
75 17 132 23 3759 1
76 9 121 20 2906 1
77 8 117 8 809 1
78 15 117 8 809 1
79 22 117 8 809 1
80 29 117 8 809 1
81 36 117 8 809 1
82 8 138 9 1662 1
83 1 121 22 1618 1
84 17 141 7 1171 1
85 7 118 13 1072 1
86 5 133 33 4541 1
87 9 101 14 1513 1
88 17 101 14 1513 1
89 9 138 30 3779 1
90 16 137 35 2873 1
91 31 137 35 2873 1
92 10 133 25 4319 1
93 12 139 32 2969 1
94 14 132 25 3427 1
95 8 118 13 1439 1
96 15 118 13 1439 1
97 22 118 13 1439 1
98 9 127 25 2828 1
99 8 134 36 4077 1
100 8 137 20 2360 1
101 8 137 33 5492 1
102 15 137 33 5492 1
103 15 125 20 2409 1
104 9 117 4 627 1
105 9 134 1 166 1
106 9 139 18 3650 1
107 15 121 18 1393 1
108 8 141 44 4575 1
109 15 141 44 4575 1
110 22 141 44 4575 1
111 29 141 44 4575 1
112 9 118 10 723 1
113 11 118 20 2167 1
114 8 117 20 3028 1
115 15 117 20 3028 1
116 22 117 20 3028 1
117 29 117 20 3028 1
118 36 117 20 3028 1
119 8 132 16 1101 1
120 9 132 21 2221 1
121 17 132 21 2221 1
122 25 132 21 2221 1
123 33 132 21 2221 1
124 8 121 8 823 1
125 8 140 29 6087 1
126 15 140 29 6087 1
127 15 118 10 758 1
128 7 117 34 2083 1
129 10 121 18 1310 1
130 8 140 6 739 1
131 15 140 6 739 1
132 9 101 1 135 1
133 17 101 1 135 1
134 25 101 1 135 1
135 19 139 6 992 1
136 8 117 6 766 1
137 129 118 13 1422 1
138 8 139 22 4389 1
139 15 139 22 4389 1
140 22 139 22 4389 1
141 29 139 22 4389 1
142 36 139 22 4389 1
143 43 139 22 4389 1
144 15 101 25 3126 1
145 7 121 19 1269 1
146 9 139 28 2081 1
147 17 139 28 2081 1
148 9 117 17 2098 1
149 8 133 44 5348 1
150 15 133 44 5348 1
151 8 133 39 7681 1
152 15 133 39 7681 1
153 22 133 39 7681 1
154 8 118 18 2150 1
155 15 118 18 2150 1
156 22 125 3 419 1
157 9 117 20 1269 1
158 8 141 11 780 1
159 15 141 11 780 1
160 22 141 11 780 1
161 8 137 46 7111 1
162 15 137 46 7111 1
163 22 137 46 7111 1
164 29 137 46 7111 1
165 10 137 30 5404 1
166 69 127 22 2451 1
167 9 121 18 2553 1
168 8 127 27 4856 1
169 9 134 20 3238 1
170 10 137 23 4483 1
171 19 137 23 4483 1
172 8 141 23 4691 1
173 15 141 23 4691 1
174 22 141 23 4691 1
175 29 141 23 4691 1
176 16 139 35 3636 1
177 8 127 25 3383 1
178 4 127 18 2190 1
179 7 127 18 2190 1
180 8 138 37 3802 1
181 9 134 12 1914 1
182 9 138 30 2689 1
183 17 138 30 2689 1
184 9 140 37 5572 1
185 17 140 37 5572 1
186 8 132 37 3378 1
187 15 132 37 3378 1
188 22 132 37 3378 1
189 8 138 34 6962 1
190 15 138 34 6962 1
191 24 133 23 3391 1
192 15 141 33 5347 1
193 11 117 37 2617 1
194 7 134 29 5696 1
195 13 134 29 5696 1
196 8 121 5 316 1
197 15 121 5 316 1
198 85 141 15 1424 1
199 15 141 30 3054 1
200 8 127 18 2271 1
201 9 133 32 3475 1
202 17 133 32 3475 1
203 25 133 32 3475 1
204 16 121 35 6337 1
205 2 141 36 6905 1
206 3 141 36 6905 1
207 8 134 24 4010 1
208 15 134 24 4010 1
209 22 134 24 4010 1
210 29 134 24 4010 1
211 13 127 9 854 1
212 25 127 9 854 1
213 27 121 23 3526 1
214 8 139 16 3027 1
215 15 139 16 3027 1
216 22 139 16 3027 1
217 8 141 24 3135 1
218 8 129 8 1270 1
219 14 141 11 1792 1
220 9 132 14 2736 1
221 8 140 6 522 1
222 69 138 14 2092 1
223 12 139 20 2903 1
224 9 139 11 1642 1
225 17 139 11 1642 1
226 15 138 12 2308 1
227 8 139 16 1360 1
228 8 129 27 2926 1
229 15 129 27 2926 1
230 8 117 17 1467 1
231 15 117 17 1467 1
232 8 133 40 6160 1
233 15 138 54 6431 1
234 29 138 54 6431 1
235 15 129 12 1959 1
236 29 129 12 1959 1
237 43 129 12 1959 1
238 57 129 12 1959 1
239 9 141 11 1042 1
240 17 141 11 1042 1
241 25 141 11 1042 1
242 9 121 12 868 1
243 17 121 12 868 1
244 9 101 26 3024 1
245 17 101 26 3024 1
246 29 129 17 1489 1
247 9 118 31 3136 1
248 14 140 26 4631 1
249 27 140 26 4631 1
250 8 121 12 1974 1
251 9 101 10 583 1
252 17 101 10 583 1
253 8 118 17 1672 1
254 15 118 17 1672 1
255 10 134 16 1099 1
256 16 121 25 3581 1
257 8 118 24 2562 1
258 8 118 30 3638 1
259 15 118 30 3638 1
260 22 118 30 3638 1
261 29 118 30 3638 1
262 15 117 19 1487 1
263 9 137 8 949 1
264 17 137 8 949 1
265 25 137 8 949 1
266 33 137 8 949 1
267 41 137 8 949 1
268 4 137 29 5373 1
269 7 137 29 5373 1
270 10 118 24 1802 1
271 19 118 24 1802 1
272 12 118 21 2507 1
273 8 127 9 1546 1
274 8 127 23 2238 1
275 15 127 23 2238 1
276 22 127 23 2238 1
277 29 127 23 2238 1
278 36 127 23 2238 1
279 43 127 23 2238 1
280 50 127 23 2238 1
281 21 140 11 1530 1
282 8 129 30 4609 1
283 15 129 30 4609 1
284 22 129 30 4609 1
285 7 138 37 4186 1
286 8 167 33 5651 1
287 15 147 23 3599 1
288 11 161 20 3424 1
289 16 168 25 2589 1
290 9 165 25 2212 1
291 11 165 48 10384 1
292 21 165 48 10384 1
293 12 160 21 2615 1
294 30 170 32 7945 1
295 10 167 31 2654 1
296 19 167 31 2654 1
297 28 167 31 2654 1
298 12 160 9 2086 1
299 23 160 9 2086 1
300 13 145 26 3856 1
301 25 145 26 3856 1
302 37 145 26 3856 1
303 40 170 13 1241 1
304 9 170 15 3284 1
305 11 157 33 6610 1
306 12 160 27 5965 1
307 39 145 43 9344 1
308 11 157 35 3883 1
309 16 160 13 1640 1
310 16 170 27 6172 1
311 31 170 27 6172 1
312 46 170 27 6172 1
313 61 170 27 6172 1
314 76 170 27 6172 1
315 8 154 37 8531 1
316 9 157 26 5201 1
317 9 161 68 16095 1
318 26 160 40 5183 1
319 14 154 29 2799 1
320 12 161 18 2930 1
321 23 161 18 2930 1
322 7 160 41 3762 1
323 44 169 61 10257 1
324 16 169 25 5570 1
325 11 170 22 3938 1
326 21 170 22 3938 1
327 31 170 22 3938 1
328 12 160 31 3017 1
329 23 160 31 3017 1
330 15 158 28 5565 1
331 9 151 40 8047 1
332 127 161 34 5820 1
333 12 157 25 4948 1
334 11 160 5 881 1
335 13 160 20 4272 1
336 16 167 65 11168 1
337 8 149 18 3445 1
338 11 158 19 1629 1
339 14 157 17 3426 1
340 15 160 30 2989 1
341 15 147 33 2487 1
342 8 160 20 2670 1
343 33 168 23 4802 1
344 23 147 27 3015 1
345 11 158 34 3471 1
346 22 158 15 3164 1
347 11 161 24 4331 1
348 21 161 24 4331 1
349 31 161 24 4331 1
350 41 161 24 4331 1
351 13 154 36 3522 1
352 3 160 35 4734 1
353 10 157 31 4968 1
354 19 157 31 4968 1
355 12 157 48 5965 1
356 16 161 56 7440 1
357 15 168 38 8938 1
358 10 167 22 5269 1
359 19 167 22 5269 1
360 28 167 22 5269 1
361 37 167 22 5269 1
362 12 170 24 4135 1
363 8 161 24 3935 1
364 16 147 21 4201 1
365 10 161 23 4791 1
366 19 161 23 4791 1
367 28 161 23 4791 1
368 37 161 23 4791 1
369 46 161 23 4791 1
370 12 168 20 4501 1
371 8 145 23 1694 1
372 15 167 51 5575 1
373 7 167 32 3112 1
374 12 157 39 6743 1
375 12 167 19 2914 1
376 23 167 19 2914 1
377 34 167 19 2914 1
378 45 167 19 2914 1
379 56 167 19 2914 1
380 10 168 22 4715 1
381 12 170 29 3788 1
382 22 168 52 5788 1
383 11 158 23 1994 1
384 12 161 23 2726 1
385 23 161 23 2726 1
386 8 158 53 11534 1
387 12 170 63 15566 1
388 11 151 16 2543 1
389 13 145 10 1633 1
390 13 161 21 3238 1
391 15 145 1 105 1
392 11 168 41 4541 1
393 11 168 29 6271 1
394 15 169 70 8568 1
395 29 169 70 8568 1
396 11 165 44 9452 1
397 15 158 40 7175 1
398 16 169 47 9128 1
399 11 151 17 2743 1
400 21 151 17 2743 1
401 16 154 36 6689 1
402 4 151 13 2010 1
403 7 149 27 4654 1
404 19 165 49 7208 1
405 3 151 24 2259 1
406 12 169 9 1448 1
407 12 170 46 6349 1
408 23 170 46 6349 1
409 34 170 46 6349 1
410 45 170 46 6349 1
411 56 170 46 6349 1
412 13 151 22 1717 1
413 25 151 22 1717 1
414 15 169 7 810 1
415 8 168 35 4878 1
416 12 151 41 4118 1
417 23 151 41 4118 1
418 16 161 19 2602 1
419 13 170 39 9382 1
420 25 170 39 9382 1
421 22 145 43 3203 1
422 10 165 27 5952 1
423 23 157 13 2507 1
424 45 157 13 2507 1
425 15 147 45 8204 1
426 9 157 23 4087 1
427 22 165 18 3251 1
428 106 145 21 3106 1
429 11 168 34 5536 1
430 18 168 22 4549 1
431 16 168 40 7105 1
432 7 154 31 4629 1
433 21 149 24 4239 1
434 13 165 35 4166 1
435 25 165 35 4166 1
436 44 151 26 3522 1
437 11 147 33 5932 1
438 57 160 21 3531 1
439 22 161 29 4370 1
440 10 169 48 11184 1
441 19 169 48 11184 1
442 45 168 11 2190 1
443 12 160 15 1730 1
444 14 145 28 5124 1
445 9 158 5 653 1
446 7 151 31 5837 1
447 13 168 5 534 1
448 10 161 21 3091 1
449 7 167 40 4934 1
450 9 161 49 7828 1
451 9 169 17 3715 1
452 16 147 30 4904 1
453 31 147 30 4904 1
454 24 165 37 7804 1
455 48 157 38 8773 1
456 14 157 37 5873 1
457 27 157 37 5873 1
458 22 158 30 5217 1
459 9 158 34 6983 1
460 8 154 28 4185 1
461 15 165 42 4711 1
462 13 158 58 7936 1
463 10 165 41 9403 1
464 19 158 11 1755 1
465 10 165 44 9777 1
466 12 161 30 6968 1
467 23 161 30 6968 1
468 34 161 30 6968 1
469 17 161 55 12408 1
470 9 145 22 2368 1
471 16 157 37 6514 1
472 31 157 37 6514 1
473 12 169 13 1843 1
474 23 169 13 1843 1
475 9 160 4 749 1
476 17 160 4 749 1
477 12 160 21 1938 1
478 23 160 21 1938 1
479 34 160 21 1938 1
480 7 165 64 6834 1
481 9 158 4 329 1
482 17 158 4 329 1
483 25 158 4 329 1
484 13 160 16 2300 1
485 25 160 16 2300 1
486 37 160 16 2300 1
487 49 160 16 2300 1
488 9 158 42 8407 1
489 17 151 29 3119 1
490 11 149 21 1932 1
491 21 149 21 1932 1
492 13 167 19 4540 1
493 25 167 19 4540 1
494 24 170 27 4512 1
495 17 158 13 1099 1
496 11 170 22 3681 1
497 9 145 63 10306 1
498 14 157 50 8875 1
499 9 168 35 5650 1
500 8 170 44 9609 1
501 15 170 44 9609 1
502 11 160 32 2650 1
503 21 160 32 2650 1
504 15 147 30 4384 1
505 23 169 17 1890 1
506 7 160 31 6237 1
507 11 161 38 5463 1
508 8 151 16 3492 1
509 24 165 30 5942 1
510 13 149 23 3004 1
511 14 158 22 2141 1
512 23 161 33 2716 1
513 15 161 42 3831 1
514 10 145 41 4413 1
515 128 168 62 14523 1
516 7 154 26 3886 1
517 13 169 64 14736 1
518 15 149 16 2100 1
519 10 147 14 2618 1
520 19 147 14 2618 1
521 28 147 14 2618 1
522 9 154 37 2976 1
523 10 168 13 2205 1
524 25 169 41 7844 1
525 15 158 14 1472 1
526 15 154 23 2241 1
527 29 154 23 2241 1
528 12 145 48 4256 1
529 21 161 10 2069 1
530 18 145 31 5467 1
531 9 149 9 1848 1
532 9 147 26 3454 1
533 17 147 26 3454 1
534 14 169 51 5519 1
535 7 168 41 6921 1
536 13 168 41 6921 1
537 21 161 22 4501 1
538 12 167 16 1843 1
539 23 167 16 1843 1
540 11 161 26 6202 1
541 8 167 32 5399 1
542 12 168 57 7766 1
543 13 147 32 3810 1
544 12 170 26 2674 1
545 14 169 25 5153 1
546 12 161 11 1848 1
547 9 149 20 4264 1
548 8 160 23 3627 1
549 13 147 38 7326 1
550 122 168 31 5991 1
551 7 145 35 4118 1
552 13 147 23 4501 1
553 8 160 45 9307 1
554 16 154 40 5449 1
555 25 145 28 4995 1
556 12 149 20 3195 1
557 23 149 20 3195 1
558 10 161 24 5226 1
559 19 161 24 5226 1
560 28 161 24 5226 1
561 15 161 32 3060 1
562 9 169 15 1585 1
563 16 149 9 1667 1
564 22 160 20 3296 1
565 24 160 41 9678 1
566 12 157 20 4269 1
567 23 157 20 4269 1
568 8 169 20 3240 1
569 8 158 11 1466 1
570 15 158 11 1466 1
571 22 158 11 1466 1
572 8 160 14 2322 1
573 16 149 24 3031 1
574 9 168 20 1966 1
575 21 161 33 7154 1
576 8 168 65 13900 1
577 15 168 65 13900 1
578 8 168 23 2701 1
579 8 169 40 7617 1
580 23 149 26 2305 1
581 9 147 9 1295 1
582 24 167 52 12354 1
583 23 157 19 2308 1
584 13 157 37 7437 1
585 25 157 37 7437 1
586 11 160 36 7289 1
587 44 207 58 13806 1
588 19 197 23 3233 1
589 35 197 15 3252 1
590 69 197 15 3252 1
591 44 194 19 2822 1
592 44 175 28 6421 1
593 1 195 12 2428 1
594 45 183 30 7314 1
595 40 197 17 1795 1
596 16 211 14 1632 1
597 57 183 25 6304 1
598 43 208 19 4041 1
599 32 198 22 5427 1
600 43 183 15 3993 1
601 44 178 20 3944 1
602 87 178 20 3944 1
603 14 194 19 3737 1
604 43 211 11 2172 1
605 85 211 11 2172 1
606 127 211 11 2172 1
607 25 183 11 2110 1
608 55 210 18 2463 1
609 57 211 17 4173 1
610 72 183 8 1441 1
611 57 184 26 2409 1
612 37 198 23 6419 1
613 44 197 20 3065 1
614 37 197 16 2818 1
615 43 207 15 2147 1
616 44 207 9 2396 1
617 22 194 22 5374 1
618 14 211 14 3926 1
619 20 207 16 3358 1
620 44 175 23 3650 1
621 56 184 6 1037 1
622 21 195 28 4983 1
623 36 207 19 3349 1
624 37 198 19 5622 1
625 16 197 21 6098 1
626 42 211 9 1565 1
627 83 211 9 1565 1
628 16 210 27 5758 1
629 43 197 8 1555 1
630 85 197 8 1555 1
631 14 194 18 3085 1
632 35 194 18 2882 1
633 58 197 14 4051 1
634 37 184 52 10383 1
635 15 210 21 4223 1
636 36 208 34 6173 1
637 45 210 17 3593 1
638 35 194 15 2330 1
639 14 210 9 1406 1
640 44 197 15 2550 1
641 45 208 29 3197 1
642 89 208 29 3197 1
643 133 208 29 3197 1
644 19 198 17 5034 1
645 43 208 28 4348 1
646 85 208 28 4348 1
647 43 175 9 1237 1
648 58 195 31 8008 1
649 115 195 31 8008 1
650 44 207 14 4288 1
651 16 208 15 3653 1
652 44 194 14 2760 1
653 38 183 20 3282 1
654 37 183 49 13095 1
655 40 194 9 1253 1
656 37 195 19 3512 1
657 15 208 14 3109 1
658 56 195 28 5860 1
659 38 183 26 3758 1
660 36 194 18 4917 1
661 44 210 12 3139 1
662 17 194 12 2815 1
663 33 194 12 2815 1
664 38 184 18 4629 1
665 37 207 14 4005 1
666 44 175 7 1725 1
667 45 207 24 7214 1
668 89 207 24 7214 1
669 133 207 24 7214 1
670 56 184 7 1742 1
671 111 184 7 1742 1
672 17 194 19 2643 1
673 59 207 39 9480 1
674 15 178 32 4601 1
675 29 178 32 4601 1
676 8 197 32 8790 1
677 43 183 8 1714 1
678 72 178 24 4208 1
679 37 198 19 4027 1
680 43 198 20 2276 1
681 17 221 19 2576 1
682 65 276 28 9306 1
683 92 262 21 6379 1
684 29 259 17 6169 1
685 57 259 17 6169 1
686 16 257 45 8664 1
687 95 260 26 5720 1
688 58 222 37 9812 1
689 115 222 37 9812 1
690 50 240 19 3243 1
691 99 240 19 3243 1
692 50 276 14 2417 1
693 101 220 16 4221 1
694 35 255 33 10675 1
695 128 216 13 3346 1
696 36 261 23 7858 1
697 58 216 16 5052 1
698 58 240 22 7100 1
699 29 216 18 3599 1
700 57 260 20 4187 1
701 57 257 41 15147 1
702 16 239 19 6003 1
703 36 272 39 10175 1
704 51 264 24 6743 1
705 28 262 27 7305 1
706 36 264 21 2866 1
707 30 259 24 8649 1
708 57 279 19 6972 1
709 36 255 22 7810 1
710 31 221 39 12738 1
711 15 254 20 5715 1
712 36 264 16 4439 1
713 37 275 20 4234 1
714 30 222 32 7791 1
715 37 264 38 6898 1
716 58 259 21 6629 1
717 58 230 31 7901 1
718 58 272 26 10366 1
719 57 240 22 4279 1
720 37 260 24 3520 1
721 31 230 18 2871 1
722 58 272 27 5659 1
723 115 272 27 5659 1
724 58 221 11 1460 1
725 115 221 11 1460 1
726 21 243 37 10607 1
727 56 240 18 3574 1
728 111 240 18 3574 1
729 57 254 14 5167 1
730 63 259 19 6468 1
731 37 275 22 7438 1
732 73 275 22 7438 1
733 109 275 22 7438 1
734 145 275 22 7438 1
735 181 275 22 7438 1
736 36 279 19 2922 1
737 89 261 28 9027 1
738 57 261 31 5302 1
739 57 221 11 1796 1
740 50 220 20 4292 1
741 99 220 20 4292 1
742 30 277 19 3329 1
743 59 277 19 3329 1
744 38 254 25 6134 1
745 75 254 25 6134 1
746 112 254 25 6134 1
747 149 254 25 6134 1
748 58 259 35 6734 1
749 36 259 23 7786 1
750 57 272 21 6756 1
751 56 275 20 5332 1
752 56 228 19 3765 1
753 37 254 35 9663 1
754 36 220 17 2380 1
755 72 268 35 13195 1
756 95 216 29 6471 1
757 37 268 20 6490 1
758 73 268 20 6490 1
759 15 264 17 6218 1
760 35 222 34 8185 1
761 51 279 29 11541 1
762 37 272 19 7116 1
763 58 239 17 3193 1
764 37 220 31 3881 1
765 73 220 31 3881 1
766 16 265 25 9364 1
767 36 255 24 8177 1
768 29 257 33 11429 1
769 57 257 33 11429 1
770 85 257 33 11429 1
771 28 255 19 3241 1
772 29 260 34 10561 1
773 15 272 21 7755 1
774 92 240 17 3393 1
775 38 261 20 2642 1
776 57 303 19 4331 1
777 113 303 19 4331 1
778 169 303 19 4331 1
779 78 335 37 6670 1
780 79 335 44 10105 1
781 5 292 31 5085 1
782 58 316 37 6747 1
783 115 316 37 6747 1
784 57 323 25 9062 1
785 59 324 22 4056 1
786 117 324 22 4056 1
787 175 324 22 4056 1
788 36 303 40 10265 1
789 56 334 50 9441 1
790 10 335 35 11584 1
791 58 336 31 9573 1
792 115 336 31 9573 1
793 21 316 37 13552 1
794 36 304 24 5037 1
795 71 304 24 5037 1
796 57 334 60 10230 1
797 113 334 60 10230 1
798 169 334 60 10230 1
799 57 323 26 5075 1
800 113 323 26 5075 1
801 169 323 26 5075 1
802 58 337 39 12643 1
803 115 337 39 12643 1
804 57 324 27 5958 1
805 57 316 41 16437 1
806 59 305 29 12084 1
807 117 305 29 12084 1
808 57 324 31 12536 1
809 113 324 31 12536 1
810 169 324 31 12536 1
811 225 324 31 12536 1
812 36 294 30 5724 1
813 78 294 47 9335 1
814 155 294 47 9335 1
815 58 332 31 5237 1
816 115 332 31 5237 1
817 172 332 31 5237 1
818 229 332 31 5237 1
819 57 337 46 11162 1
820 113 337 46 11162 1
821 169 337 46 11162 1
822 225 337 46 11162 1
823 281 337 46 11162 1
824 88 299 6 2413 1
825 28 324 44 14760 1
826 56 300 30 13355 1
827 111 300 30 13355 1
828 166 300 30 13355 1
829 221 300 30 13355 1
830 276 300 30 13355 1
831 58 282 10 2784 1
832 57 324 39 16878 1
833 113 324 39 16878 1
834 78 294 28 8864 1
835 155 294 28 8864 1
836 12 338 34 15488 1
837 37 299 43 14891 1
838 78 334 34 14355 1
839 57 324 33 14276 1
840 37 333 11 5108 1
841 78 282 29 10941 1
842 30 303 40 15652 1
843 34 324 30 10171 1
844 67 324 30 10171 1
845 53 338 36 17089 1
846 27 293 8 1914 1
847 28 286 22 7998 1
848 30 332 25 5071 1
849 36 336 49 19734 1
850 71 336 49 19734 1
851 27 292 39 14664 1
852 40 316 19 4619 1
853 79 316 19 4619 1
854 59 300 25 9735 1
855 117 300 25 9735 1
856 7 338 46 12927 1
857 57 303 34 9068 1
858 85 300 41 8488 1
859 57 338 13 5802 1
860 11 336 47 10333 1
861 32 304 21 4971 1
862 37 335 55 18064 1
863 73 335 55 18064 1
864 29 334 44 8754 1
865 75 337 38 6740 1
866 57 333 20 5821 1
867 113 333 20 5821 1
868 56 300 40 17856 1
869 111 300 40 17856 1
870 166 300 40 17856 1
871 221 300 40 17856 1
872 25 338 34 10576 1
873 37 293 33 9090 1
874 73 293 33 9090 1
875 57 335 55 15437 1
876 113 335 55 15437 1
877 36 286 27 7359 1
878 77 305 40 17676 1
879 58 316 29 7294 1
880 77 334 34 9105 1
881 56 281 27 4683 1
882 57 337 46 16128 1
883 70 364 44 8442 1
884 71 369 57 30660 1
885 82 364 41 18152 1
886 94 366 30 14609 1
887 72 369 81 32098 1
888 70 368 75 35901 1
889 79 349 28 13132 1
890 138 364 96 19904 1
891 68 363 44 9067 1
892 78 349 39 12653 1
893 83 368 56 14366 1
894 72 366 28 14621 1
895 143 366 28 14621 1
896 79 366 44 10915 1
897 157 366 44 10915 1
898 71 365 30 9741 1
899 141 365 30 9741 1
900 68 363 29 5752 1
901 74 364 28 5173 1
902 147 364 28 5173 1
903 72 363 44 12708 1
904 70 369 36 6912 1
905 90 365 29 10949 1
906 85 368 65 16872 1
907 76 349 48 23784 1
908 151 349 48 23784 1
909 77 369 22 9461 1
910 153 369 22 9461 1
911 86 363 41 17094 1
912 93 349 39 20223 1
913 101 364 55 19752 1
914 122 366 38 10432 1
915 243 366 38 10432 1
916 80 364 29 12767 1
917 159 364 29 12767 1
918 79 364 37 10149 1
919 157 364 37 10149 1
920 235 364 37 10149 1
921 72 365 47 12301 1
922 76 364 61 15921 1
923 71 368 64 24310 1
924 141 368 64 24310 1
925 71 349 27 10691 1
926 77 368 42 22306 1
927 153 368 42 22306 1
928 96 365 63 18166 1
929 130 369 58 18501 1
930 77 366 56 18298 1
931 73 368 28 14473 1
932 94 369 44 23661 1
933 77 366 43 13289 1
934 77 366 54 24993 1
935 70 363 28 7618 1
936 73 368 42 10304 1
937 80 363 45 11233 1
938 159 363 45 11233 1
939 85 369 49 9305 1
940 76 369 44 13113 1
941 76 366 52 28080 1
942 78 365 44 17035 1
943 85 349 33 15678 1
944 78 368 34 11148 1
945 155 368 34 11148 1
946 85 363 43 16465 1
947 88 349 48 18829 1
948 175 349 48 18829 1
949 81 349 50 24588 1
950 77 363 55 10454 1
951 67 369 52 18154 1
952 115 366 38 14794 1
953 143 368 28 7096 1
954 86 369 24 11388 1
955 73 364 26 13053 1
956 85 364 30 14557 1
957 71 369 46 18144 1
958 65 364 65 22007 1
959 106 363 33 17737 1
960 55 366 29 14202 1
961 79 366 60 15120 1
962 157 366 60 15120 1
963 235 366 60 15120 1
964 313 366 60 15120 1
965 71 368 30 15352 1
966 77 364 38 9973 1
967 77 364 24 8321 1
968 86 369 36 9252 1
969 153 366 31 12192 1
970 85 349 37 19295 1
971 70 366 55 12052 1
972 70 366 22 4828 1
973 139 366 22 4828 1
974 91 363 20 9940 1
975 79 369 42 13611 1
976 125 364 27 5711 1
977 77 365 56 30269 1
978 71 368 27 11330 1
979 126 368 27 7685 1
980 89 366 28 5817 1
981 72 368 47 25038 1
982 143 368 47 25038 1
983 96 369 57 29668 1
984 51 369 61 30469 1
985 101 369 61 30469 1
986 85 349 25 8495 1
987 71 369 48 22759 1
988 95 363 51 24891 1
989 74 369 38 17951 1
990 147 369 38 17951 1
991 220 369 38 17951 1
992 78 364 27 9338 1
993 78 364 50 21125 1
994 155 364 50 21125 1
995 85 369 29 15873 1
996 95 349 33 15563 1
997 106 365 24 10350 1
998 88 366 42 8236 1
999 85 368 39 18000 1
1000 128 368 33 15870 1
1001 72 364 31 13359 1
1002 143 364 31 13359 1
1003 214 364 31 13359 1
1004 285 364 31 13359 1
1005 356 364 31 13359 1
1006 71 364 45 18534 1
1007 141 364 45 18534 1
1008 81 368 37 19950 1
1009 71 349 37 13693 1
1010 79 364 38 17604 1
1011 77 363 51 22197 1
1012 125 363 37 6849 1
1013 137 369 37 15723 1
1014 273 369 37 15723 1
1015 409 369 37 15723 1
1016 88 397 51 18815 1
1017 92 400 58 24245 1
1018 112 398 44 13058 1
1019 91 396 38 21018 1
1020 89 397 28 11087 1
1021 177 397 28 11087 1
1022 78 397 43 15716 1
1023 102 397 51 24419 1
1024 154 400 41 23924 1
1025 81 398 59 29845 1
1026 143 396 44 17012 1
1027 91 396 43 11275 1
1028 91 399 51 20629 1
1029 82 399 34 12650 1
1030 115 400 46 13368 1
1031 143 399 35 12185 1
1032 78 399 33 10018 1
1033 161 400 48 19245 1
1034 93 399 46 19246 1
1035 92 398 54 24777 1
1036 82 396 42 15114 1
1037 79 400 44 20457 1
16
500 500 500 500 425 425 400 400 440 500 500 400 500 500 500 550 