1037
1 8 133 38 3235 1
2 15 133 38 3235 1
3 8 121 16 2601 1
4 65 132 1 154 1
5 10 132 11 1245 1
6 3 134 31 5349 1
7 5 134 31 5349 1
8 8 134 15 1460 1
9 15 134 15 1460 1
10 22 134 15 1460 1
11 16 134 19 1755 1
12 7 121 31 2058 1
13 9 140 42 7009 1
14 17 140 42 7009 1
15 15 140 41 5247 1
16 19 137 28 4161 1
17 23 101 39 2518 1
18 16 125 19 2778 1
19 23 133 20 1858 1
20 16 125 28 3763 1
21 9 118 23 2248 1
22 15 121 35 4710 1
23 16 134 45 8316 1
24 29 101 49 5960 1
25 6 118 14 2277 1
26 7 125 19 2309 1
27 9 101 32 3762 1
28 17 101 32 3762 1
29 25 101 32 3762 1
30 8 117 31 2970 1
31 9 134 38 5838 1
32 17 134 38 5838 1
33 9 138 42 5204 1
34 17 138 42 5204 1
35 25 138 42 5204 1
36 33 138 42 5204 1
37 41 138 42 5204 1
38 8 117 22 1461 1
39 9 141 38 7781 1
40 8 133 11 1211 1
41 16 132 52 5372 1
42 11 121 1 155 1
43 15 139 2 253 1
44 16 101 20 1470 1
45 11 127 8 1136 1
46 10 133 18 1908 1
47 9 101 31 3756 1
48 17 101 31 3756 1
49 25 101 31 3756 1
50 23 118 14 1697 1
51 11 127 16 1064 1
52 9 138 40 4689 1
53 17 138 40 4689 1
54 25 138 40 4689 1
55 21 121 16 1408 1
56 8 127 14 2030 1
57 15 127 14 2030 1
58 22 127 14 2030 1
59 14 129 9 1297 1
60 15 121 5 459 1
61 10 117 15 1051 1
62 19 117 15 1051 1
63 28 117 15 1051 1
64 37 117 15 1051 1
65 5 117 27 4333 1
66 9 129 20 2780 1
67 17 129 20 2780 1
68 25 129 20 2780 1
69 33 129 20 2780 1
70 2 118 48 4625 1
71 8 141 50 3949 1
72 15 141 50 3949 1
73 22 141 50 3949 1
74 29 141 50 3949 1
75 16 137 37 5511 1
76 31 137 37 5511 1
77 9 134 15 2916 1
78 10 118 31 3547 1
79 8 129 36 3303 1
80 94 134 22 2341 1
81 8 139 22 4445 1
82 15 139 22 4445 1
83 22 139 22 4445 1
84 29 139 22 4445 1
85 15 118 20 1358 1
86 15 140 6 1089 1
87 9 141 12 1283 1
88 17 141 12 1283 1
89 25 141 12 1283 1
90 9 140 33 6466 1
91 17 140 33 6466 1
92 25 140 33 6466 1
93 33 140 33 6466 1
94 41 140 33 6466 1
95 8 118 13 918 1
96 8 129 29 5272 1
97 15 129 29 5272 1
98 16 134 31 5059 1
99 11 129 25 1820 1
100 21 129 25 1820 1
101 4 118 15 2366 1
102 5 101 19 2791 1
103 16 140 25 3610 1
104 8 137 15 1647 1
105 8 101 12 991 1
106 16 137 24 2820 1
107 9 125 49 5449 1
108 8 127 24 3817 1
109 9 137 31 3730 1
110 9 121 20 1513 1
111 17 121 20 1513 1
112 25 121 20 1513 1
113 33 121 20 1513 1
114 41 121 20 1513 1
115 49 121 20 1513 1
116 57 121 20 1513 1
117 65 121 20 1513 1
118 8 134 34 4011 1
119 9 101 32 3404 1
120 17 101 32 3404 1
121 16 139 7 1167 1
122 18 139 10 1373 1
123 8 101 26 1666 1
124 15 101 26 1666 1
125 8 127 29 5355 1
126 15 127 29 5355 1
127 22 127 29 5355 1
128 29 127 29 5355 1
129 10 137 17 1424 1
130 15 139 1 126 1
131 8 117 11 1117 1
132 15 117 11 1117 1
133 9 118 27 2165 1
134 17 118 27 2165 1
135 25 118 27 2165 1
136 9 133 13 2144 1
137 17 133 13 2144 1
138 14 134 16 2520 1
139 8 121 34 4789 1
140 10 140 26 4132 1
141 12 129 19 2408 1
142 9 101 25 2181 1
143 9 125 24 2553 1
144 8 118 29 4045 1
145 57 125 16 1022 1
146 22 134 18 1872 1
147 9 140 40 5490 1
148 17 140 40 5490 1
149 9 134 6 680 1
150 8 132 20 2937 1
151 15 132 20 2937 1
152 9 138 9 902 1
153 17 138 9 902 1
154 16 134 2 299 1
155 31 134 2 299 1
156 80 117 31 3196 1
157 9 132 26 2897 1
158 17 132 26 2897 1
159 25 132 26 2897 1
160 33 132 26 2897 1
161 8 127 22 2380 1
162 15 127 22 2380 1
163 11 134 30 2486 1
164 10 118 41 6058 1
165 16 125 15 1618 1
166 8 101 22 1268 1
167 15 101 22 1268 1
168 22 101 22 1268 1
169 29 101 22 1268 1
170 8 137 43 7605 1
171 15 137 43 7605 1
172 14 101 18 2513 1
173 10 139 22 3521 1
174 19 139 22 3521 1
175 9 121 9 753 1
176 8 140 19 2789 1
177 8 137 2 222 1
178 15 137 2 222 1
179 22 137 2 222 1
180 29 137 2 222 1
181 8 141 8 1042 1
182 15 141 8 1042 1
183 22 141 8 1042 1
184 8 117 19 3330 1
185 15 141 14 2597 1
186 3 132 22 2635 1
187 5 133 13 1600 1
188 9 140 44 3084 1
189 8 138 46 6770 1
190 15 140 21 3689 1
191 9 101 28 3832 1
192 8 117 17 1493 1
193 15 117 17 1493 1
194 22 117 17 1493 1
195 15 117 27 2789 1
196 12 139 15 1816 1
197 13 101 35 3911 1
198 8 137 32 5136 1
199 15 137 32 5136 1
200 8 125 36 3453 1
201 9 138 25 3722 1
202 17 138 25 3722 1
203 8 132 38 5241 1
204 15 129 17 2671 1
205 29 129 17 2671 1
206 15 140 12 880 1
207 8 133 17 2589 1
208 15 133 17 2589 1
209 22 133 17 2589 1
210 29 133 17 2589 1
211 17 127 55 8671 1
212 33 127 55 8671 1
213 9 127 34 2281 1
214 9 138 23 4603 1
215 17 138 23 4603 1
216 25 138 23 4603 1
217 33 138 23 4603 1
218 41 138 23 4603 1
219 10 117 19 1447 1
220 11 139 47 4474 1
221 16 118 21 2910 1
222 15 101 11 1452 1
223 16 132 30 4694 1
224 31 132 30 4694 1
225 15 117 20 1323 1
226 9 139 26 4688 1
227 26 137 26 3632 1
228 7 118 9 1009 1
229 17 141 20 2855 1
230 8 127 20 1334 1
231 15 127 20 1334 1
232 16 101 11 931 1
233 8 138 22 4181 1
234 15 138 22 4181 1
235 9 129 19 1692 1
236 24 133 22 1909 1
237 26 134 32 3984 1
238 9 137 10 1134 1
239 17 137 10 1134 1
240 25 137 10 1134 1
241 8 140 6 582 1
242 8 141 52 10596 1
243 8 138 8 1187 1
244 15 138 8 1187 1
245 22 138 8 1187 1
246 9 129 17 1307 1
247 17 129 17 1307 1
248 8 138 12 1607 1
249 14 132 26 2673 1
250 20 121 25 2075 1
251 6 101 17 2303 1
252 8 129 8 1394 1
253 15 129 8 1394 1
254 22 129 8 1394 1
255 9 101 14 1344 1
256 17 101 14 1344 1
257 11 101 11 1357 1
258 21 101 11 1357 1
259 8 133 12 1313 1
260 8 140 26 3207 1
261 15 140 26 3207 1
262 17 139 29 4947 1
263 9 127 27 3856 1
264 9 139 29 2402 1
265 17 139 29 2402 1
266 10 133 36 3157 1
267 19 133 36 3157 1
268 28 133 36 3157 1
269 37 133 36 3157 1
270 9 101 11 1494 1
271 17 101 11 1494 1
272 17 133 33 2764 1
273 11 132 25 2528 1
274 8 118 7 730 1
275 15 118 7 730 1
276 22 118 7 730 1
277 29 118 7 730 1
278 36 118 7 730 1
279 43 118 7 730 1
280 8 121 5 503 1
281 3 137 27 4340 1
282 28 140 11 1033 1
283 55 140 11 1033 1
284 82 140 11 1033 1
285 8 121 16 2782 1
286 13 167 40 8745 1
287 10 154 39 4782 1
288 16 145 20 1737 1
289 16 149 6 704 1
290 11 151 38 5584 1
291 21 151 38 5584 1
292 13 157 43 10049 1
293 12 168 39 8063 1
294 12 147 42 5916 1
295 23 147 42 5916 1
296 39 149 20 3114 1
297 12 157 31 5450 1
298 23 157 31 5450 1
299 2 147 12 1432 1
300 11 145 25 2026 1
301 8 154 29 2546 1
302 11 170 27 2944 1
303 21 170 27 2944 1
304 31 170 27 2944 1
305 10 167 35 5183 1
306 13 157 31 6385 1
307 25 157 31 6385 1
308 7 161 43 7868 1
309 13 161 43 7868 1
310 19 161 43 7868 1
311 12 149 54 11734 1
312 23 149 54 11734 1
313 24 149 26 3416 1
314 9 170 62 11998 1
315 7 167 6 1388 1
316 8 160 38 9035 1
317 12 147 1 210 1
318 11 154 34 7253 1
319 21 154 34 7253 1
320 12 161 10 990 1
321 23 161 10 990 1
322 34 161 10 990 1
323 45 161 10 990 1
324 19 154 10 1201 1
325 13 170 14 3019 1
326 16 170 11 1446 1
327 12 149 22 3362 1
328 184 145 5 762 1
329 9 158 32 4543 1
330 11 169 12 1587 1
331 16 168 41 6053 1
332 12 167 25 3020 1
333 8 170 2 467 1
334 15 167 24 3635 1
335 29 167 24 3635 1
336 43 167 24 3635 1
337 57 167 24 3635 1
338 15 160 50 9743 1
339 25 149 22 1839 1
340 3 160 20 3314 1
341 10 160 39 8745 1
342 19 160 39 8745 1
343 17 157 21 3340 1
344 11 154 12 1861 1
345 7 145 7 1504 1
346 11 154 16 3311 1
347 21 154 16 3311 1
348 8 157 19 2832 1
349 25 165 42 9496 1
350 27 154 30 5164 1
351 24 147 54 8226 1
352 21 149 30 5301 1
353 16 149 39 3031 1
354 15 154 25 4464 1
355 29 154 25 4464 1
356 9 167 41 5531 1
357 17 167 41 5531 1
358 25 167 41 5531 1
359 13 168 35 8536 1
360 9 147 28 3244 1
361 8 161 27 4021 1
362 8 161 34 4287 1
363 14 145 14 2660 1
364 27 145 14 2660 1
365 12 160 19 2458 1
366 23 160 19 2458 1
367 15 160 56 5232 1
368 14 151 52 10855 1
369 9 151 24 2738 1
370 15 147 30 3402 1
371 11 151 27 4645 1
372 12 160 33 4405 1
373 23 160 33 4405 1
374 34 160 33 4405 1
375 45 160 33 4405 1
376 56 160 33 4405 1
377 8 169 39 9590 1
378 16 161 19 3330 1
379 11 158 56 6766 1
380 21 158 56 6766 1
381 31 158 56 6766 1
382 17 168 15 2190 1
383 9 167 10 1254 1
384 11 165 28 2645 1
385 21 165 28 2645 1
386 15 145 38 7034 1
387 25 157 26 2246 1
388 11 170 30 6950 1
389 12 157 17 2216 1
390 23 157 17 2216 1
391 34 157 17 2216 1
392 45 157 17 2216 1
393 56 157 17 2216 1
394 8 154 18 3138 1
395 8 158 29 6313 1
396 108 151 6 472 1
397 2 167 33 7613 1
398 13 154 7 1178 1
399 78 160 24 5049 1
400 155 160 24 5049 1
401 12 160 34 5272 1
402 9 165 23 2682 1
403 17 149 22 2642 1
404 12 167 33 7371 1
405 23 167 33 7371 1
406 34 167 33 7371 1
407 14 154 26 4873 1
408 27 154 26 4873 1
409 16 168 15 3595 1
410 21 161 11 1377 1
411 9 154 48 7628 1
412 10 167 46 6683 1
413 13 169 15 1987 1
414 22 145 15 3127 1
415 16 157 37 6453 1
416 31 157 37 6453 1
417 11 151 24 2352 1
418 21 151 24 2352 1
419 16 160 20 2863 1
420 15 169 35 3351 1
421 16 149 33 3039 1
422 25 168 31 3669 1
423 13 145 23 1964 1
424 10 165 37 5873 1
425 19 165 37 5873 1
426 9 160 45 8860 1
427 12 145 29 3454 1
428 23 145 29 3454 1
429 34 145 29 3454 1
430 13 149 45 6631 1
431 25 149 45 6631 1
432 47 154 27 5841 1
433 41 161 36 6598 1
434 16 167 16 1360 1
435 8 149 52 10123 1
436 16 158 11 1488 1
437 11 161 34 4867 1
438 15 145 18 3302 1
439 7 154 8 983 1
440 39 170 11 1396 1
441 16 169 37 8105 1
442 13 161 36 3995 1
443 25 161 36 3995 1
444 37 161 36 3995 1
445 12 161 23 3133 1
446 23 169 12 1376 1
447 16 149 18 2427 1
448 13 151 43 3761 1
449 16 160 27 4422 1
450 16 160 34 6193 1
451 31 160 34 6193 1
452 23 158 25 4076 1
453 13 151 1 226 1
454 25 151 1 226 1
455 37 151 1 226 1
456 21 160 24 2560 1
457 41 160 24 2560 1
458 61 160 24 2560 1
459 81 160 24 2560 1
460 12 147 14 3011 1
461 23 147 14 3011 1
462 16 147 31 5008 1
463 23 147 18 3123 1
464 15 157 19 1900 1
465 16 147 12 2206 1
466 10 147 28 5109 1
467 16 168 4 635 1
468 31 168 4 635 1
469 45 151 45 9298 1
470 10 168 45 10681 1
471 50 145 34 5032 1
472 14 145 24 4081 1
473 8 157 31 3465 1
474 12 170 26 3742 1
475 22 157 32 5713 1
476 25 145 26 3719 1
477 13 157 32 4603 1
478 9 149 10 1254 1
479 17 149 10 1254 1
480 15 158 9 2067 1
481 12 160 41 4495 1
482 13 154 24 3304 1
483 25 154 24 3304 1
484 37 154 24 3304 1
485 49 154 24 3304 1
486 61 154 24 3304 1
487 13 149 24 2660 1
488 8 145 17 2093 1
489 9 151 40 8316 1
490 9 157 41 8097 1
491 7 169 14 1665 1
492 11 147 21 3063 1
493 21 147 21 3063 1
494 31 147 21 3063 1
495 41 147 21 3063 1
496 9 161 43 8895 1
497 17 161 43 8895 1
498 13 151 13 2427 1
499 25 151 13 2427 1
500 8 169 33 3473 1
501 7 169 21 2810 1
502 9 165 39 5422 1
503 17 165 39 5422 1
504 15 168 49 4776 1
505 8 145 26 3763 1
506 8 170 31 5266 1
507 13 145 24 4808 1
508 18 161 32 3797 1
509 15 170 12 1512 1
510 10 167 29 6017 1
511 12 147 18 2635 1
512 13 167 31 5283 1
513 10 151 23 3348 1
514 15 147 18 3061 1
515 15 170 48 11478 1
516 29 170 48 11478 1
517 43 170 48 11478 1
518 10 165 29 4625 1
519 53 160 20 2260 1
520 9 157 20 3938 1
521 13 160 31 5617 1
522 25 160 31 5617 1
523 7 169 15 1526 1
524 23 151 65 8070 1
525 79 149 17 2335 1
526 15 165 42 10222 1
527 49 145 30 3789 1
528 27 158 34 6018 1
529 17 149 28 3824 1
530 169 168 4 637 1
531 23 165 11 1740 1
532 12 149 39 5819 1
533 23 149 39 5819 1
534 15 157 20 2682 1
535 22 170 22 2206 1
536 14 170 29 3505 1
537 12 157 26 2294 1
538 23 157 26 2294 1
539 16 160 23 2443 1
540 31 160 23 2443 1
541 16 154 9 816 1
542 14 149 20 1647 1
543 15 157 39 7749 1
544 7 154 49 5080 1
545 13 154 49 5080 1
546 15 154 22 4272 1
547 11 147 28 4639 1
548 21 147 28 4639 1
549 31 147 28 4639 1
550 24 169 8 1287 1
551 7 170 19 4725 1
552 15 149 21 4007 1
553 14 161 64 7918 1
554 13 154 27 3206 1
555 33 154 31 3438 1
556 2 170 5 774 1
557 15 147 36 4315 1
558 35 154 43 8800 1
559 13 161 28 6653 1
560 25 161 28 6653 1
561 21 151 19 4109 1
562 9 157 24 1952 1
563 17 157 24 1952 1
564 16 165 21 3018 1
565 14 161 18 3212 1
566 27 161 18 3212 1
567 40 161 18 3212 1
568 13 161 24 5322 1
569 25 161 24 5322 1
570 37 161 24 5322 1
571 13 154 36 8263 1
572 15 154 13 1682 1
573 4 169 42 10379 1
574 16 169 6 663 1
575 23 145 3 496 1
576 10 167 29 6396 1
577 8 154 39 7609 1
578 14 158 42 5760 1
579 27 158 42 5760 1
580 16 151 10 1988 1
581 17 161 25 5079 1
582 13 165 21 2606 1
583 25 165 21 2606 1
584 15 161 20 2256 1
585 10 160 42 7093 1
586 10 151 17 2916 1
587 67 198 22 4483 1
588 23 207 15 3346 1
589 7 184 15 4114 1
590 19 210 26 6119 1
591 16 178 11 2399 1
592 36 198 22 4258 1
593 18 210 15 3794 1
594 44 195 18 4570 1
595 85 178 18 4549 1
596 16 195 23 5639 1
597 43 183 23 5258 1
598 85 183 23 5258 1
599 127 183 23 5258 1
600 44 184 10 1449 1
601 43 207 15 1674 1
602 43 207 18 3100 1
603 14 184 34 4537 1
604 58 210 16 2663 1
605 115 210 16 2663 1
606 43 194 12 3365 1
607 16 211 19 4236 1
608 58 178 13 2919 1
609 16 211 13 1839 1
610 15 183 30 5192 1
611 18 194 17 3344 1
612 16 207 19 5643 1
613 60 178 22 4924 1
614 13 178 17 4258 1
615 58 194 15 1873 1
616 44 208 25 5267 1
617 87 208 25 5267 1
618 21 184 21 4109 1
619 14 175 21 5130 1
620 44 207 16 2765 1
621 44 178 27 2663 1
622 45 184 17 1884 1
623 89 184 17 1884 1
624 13 207 23 6171 1
625 24 211 65 18742 1
626 35 178 28 5805 1
627 17 207 12 1879 1
628 56 210 15 1943 1
629 44 178 17 1852 1
630 16 210 15 2494 1
631 36 183 23 5965 1
632 16 211 10 3054 1
633 22 175 10 1268 1
634 72 210 33 7374 1
635 43 197 9 1891 1
636 15 210 29 6244 1
637 9 178 9 1923 1
638 16 208 27 5447 1
639 50 175 17 3156 1
640 45 197 24 2598 1
641 44 211 11 1499 1
642 43 184 14 2057 1
643 16 195 16 4365 1
644 31 195 16 4365 1
645 38 207 17 5238 1
646 43 184 20 4148 1
647 36 178 12 1494 1
648 44 207 23 5071 1
649 43 195 12 1682 1
650 45 178 35 7188 1
651 9 207 26 4850 1
652 57 183 20 3634 1
653 21 197 21 2503 1
654 21 194 26 3880 1
655 56 198 16 1936 1
656 111 198 16 1936 1
657 6 184 13 1303 1
658 37 208 13 3357 1
659 73 208 13 3357 1
660 24 175 24 3056 1
661 16 198 27 7479 1
662 44 211 27 3725 1
663 22 210 14 3156 1
664 56 208 15 1730 1
665 44 175 16 2519 1
666 87 175 16 2519 1
667 14 183 22 5556 1
668 17 198 20 2183 1
669 36 208 12 2827 1
670 38 175 16 1763 1
671 43 194 16 4130 1
672 59 184 14 3700 1
673 36 178 14 1898 1
674 71 178 14 1898 1
675 42 210 15 3927 1
676 83 210 15 3927 1
677 124 210 15 3927 1
678 165 210 15 3927 1
679 13 175 17 2491 1
680 25 175 17 2491 1
681 29 275 34 4815 1
682 29 243 21 6591 1
683 36 260 22 4252 1
684 56 261 18 3323 1
685 111 261 18 3323 1
686 166 261 18 3323 1
687 37 228 13 2077 1
688 46 228 18 3323 1
689 61 268 33 8262 1
690 30 275 41 6284 1
691 35 228 34 5691 1
692 37 277 17 3343 1
693 73 277 17 3343 1
694 50 257 21 3440 1
695 99 257 21 3440 1
696 94 257 16 2592 1
697 36 276 17 5310 1
698 36 262 24 4425 1
699 71 262 24 4425 1
700 16 268 30 5317 1
701 50 265 22 6832 1
702 50 240 34 9129 1
703 37 221 16 4210 1
704 73 221 16 4210 1
705 37 261 19 5908 1
706 91 259 26 9926 1
707 36 268 20 7910 1
708 15 265 22 3669 1
709 92 230 13 1876 1
710 17 259 23 6834 1
711 58 239 29 4904 1
712 115 239 29 4904 1
713 30 261 17 3052 1
714 15 243 18 2887 1
715 28 275 22 4890 1
716 86 222 26 3983 1
717 171 222 26 3983 1
718 82 259 20 6591 1
719 57 261 22 3488 1
720 104 239 25 4740 1
721 36 261 22 6214 1
722 71 261 22 6214 1
723 57 260 32 12097 1
724 36 260 30 5235 1
725 50 264 25 4110 1
726 38 254 21 7435 1
727 92 259 16 2667 1
728 35 274 24 5256 1
729 22 221 9 2435 1
730 40 216 27 5373 1
731 37 268 14 4610 1
732 31 228 28 5544 1
733 61 228 28 5544 1
734 29 262 44 10601 1
735 68 267 20 7702 1
736 36 267 17 3938 1
737 70 222 24 7562 1
738 37 259 28 9225 1
739 37 240 22 3555 1
740 59 255 18 4721 1
741 37 257 31 6249 1
742 58 272 33 11508 1
743 115 272 33 11508 1
744 172 272 33 11508 1
745 36 228 20 3802 1
746 58 243 13 2141 1
747 37 259 26 8838 1
748 30 222 32 9985 1
749 37 257 20 2981 1
750 36 239 17 2461 1
751 71 239 17 2461 1
752 37 279 21 4738 1
753 73 279 21 4738 1
754 109 279 21 4738 1
755 71 216 34 10140 1
756 141 216 34 10140 1
757 36 276 27 10817 1
758 57 261 23 8314 1
759 87 275 14 4482 1
760 28 260 21 4600 1
761 37 239 15 4940 1
762 37 240 30 9730 1
763 51 264 26 4565 1
764 101 264 26 4565 1
765 28 216 26 5099 1
766 16 239 24 5979 1
767 58 258 35 8997 1
768 16 267 19 6429 1
769 37 261 23 3560 1
770 36 255 35 9998 1
771 71 255 35 9998 1
772 27 257 16 5715 1
773 51 228 33 4225 1
774 36 254 23 8170 1
775 49 275 29 5128 1
776 78 305 54 14489 1
777 56 300 38 15115 1
778 111 300 38 15115 1
779 57 324 41 18895 1
780 113 324 41 18895 1
781 169 324 41 18895 1
782 225 324 41 18895 1
783 57 323 32 10627 1
784 79 323 35 6011 1
785 37 303 29 5684 1
786 57 282 31 12070 1
787 77 337 29 7998 1
788 35 282 40 11656 1
789 56 334 46 11755 1
790 111 334 46 11755 1
791 166 334 46 11755 1
792 221 334 46 11755 1
793 276 334 46 11755 1
794 331 334 46 11755 1
795 386 334 46 11755 1
796 5 303 26 9364 1
797 37 333 34 6506 1
798 57 294 24 7127 1
799 57 305 40 10790 1
800 58 337 25 7028 1
801 115 337 25 7028 1
802 56 293 37 6118 1
803 37 293 29 8295 1
804 57 286 33 5899 1
805 57 293 37 15976 1
806 57 305 31 6410 1
807 113 305 31 6410 1
808 36 324 47 9849 1
809 46 335 37 7793 1
810 57 305 31 8640 1
811 113 305 31 8640 1
812 58 336 36 16874 1
813 37 333 29 13459 1
814 58 324 26 9568 1
815 115 324 26 9568 1
816 58 300 33 9580 1
817 115 300 33 9580 1
818 56 336 36 17227 1
819 111 336 36 17227 1
820 166 336 36 17227 1
821 221 336 36 17227 1
822 80 304 25 3934 1
823 78 336 13 4303 1
824 75 299 41 12536 1
825 57 282 28 8379 1
826 113 282 28 8379 1
827 57 332 29 11975 1
828 113 332 29 11975 1
829 61 337 31 13918 1
830 121 337 31 13918 1
831 57 304 34 7895 1
832 113 304 34 7895 1
833 58 336 27 6501 1
834 115 336 27 6501 1
835 172 336 27 6501 1
836 229 336 27 6501 1
837 44 282 38 10908 1
838 35 281 17 4138 1
839 58 335 37 16708 1
840 115 335 37 16708 1
841 57 293 27 9712 1
842 113 293 27 9712 1
843 58 303 16 3942 1
844 36 332 43 18015 1
845 71 332 43 18015 1
846 106 332 43 18015 1
847 56 333 31 14240 1
848 56 299 30 9258 1
849 58 337 25 4479 1
850 115 337 25 4479 1
851 57 299 37 7940 1
852 37 338 38 11876 1
853 25 335 38 15440 1
854 60 286 21 5541 1
855 57 332 32 13885 1
856 53 303 27 7428 1
857 57 332 41 7494 1
858 113 332 41 7494 1
859 169 332 41 7494 1
860 57 334 32 9513 1
861 113 334 32 9513 1
862 169 334 32 9513 1
863 225 334 32 9513 1
864 57 324 33 12485 1
865 35 337 33 8800 1
866 56 300 41 17171 1
867 58 303 34 10072 1
868 115 303 34 10072 1
869 172 303 34 10072 1
870 30 294 30 11829 1
871 39 299 32 9876 1
872 37 299 38 7914 1
873 73 299 38 7914 1
874 36 324 42 11887 1
875 56 305 40 8115 1
876 111 305 40 8115 1
877 166 305 40 8115 1
878 78 293 32 5370 1
879 35 303 32 10624 1
880 36 338 28 13895 1
881 79 335 26 9858 1
882 49 316 20 5074 1
883 69 366 38 18995 1
884 86 368 32 15396 1
885 171 368 32 15396 1
886 86 366 38 15491 1
887 73 349 45 18227 1
888 76 349 36 7442 1
889 151 349 36 7442 1
890 226 349 36 7442 1
891 73 363 45 22774 1
892 78 349 60 28939 1
893 71 366 31 14501 1
894 79 369 49 18540 1
895 71 364 22 7659 1
896 71 364 42 15471 1
897 141 364 42 15471 1
898 77 368 28 7857 1
899 73 368 29 12035 1
900 79 368 65 25508 1
901 71 368 48 10755 1
902 86 368 43 10574 1
903 73 349 37 6894 1
904 145 349 37 6894 1
905 56 365 87 20696 1
906 78 366 34 6597 1
907 106 366 29 6324 1
908 78 363 41 7618 1
909 155 363 41 7618 1
910 232 363 41 7618 1
911 66 363 25 10363 1
912 79 368 38 8432 1
913 157 368 38 8432 1
914 72 366 51 27183 1
915 89 366 28 11572 1
916 70 368 36 9831 1
917 79 363 35 14490 1
918 79 365 24 9896 1
919 157 365 24 9896 1
920 76 364 35 14086 1
921 79 368 41 9798 1
922 72 368 45 18666 1
923 143 368 45 18666 1
924 214 368 45 18666 1
925 74 369 41 18837 1
926 80 364 44 9338 1
927 72 368 39 14698 1
928 143 368 39 14698 1
929 73 364 29 7460 1
930 78 349 29 9914 1
931 85 369 30 8586 1
932 169 369 30 8586 1
933 73 366 40 19400 1
934 145 366 40 19400 1
935 79 365 36 14247 1
936 79 369 31 12427 1
937 157 369 31 12427 1
938 70 368 42 18998 1
939 98 349 34 17583 1
940 95 369 53 18221 1
941 73 366 41 20365 1
942 67 365 25 12784 1
943 85 368 51 25511 1
944 132 366 29 15892 1
945 122 365 33 14316 1
946 80 365 34 15407 1
947 159 365 34 15407 1
948 78 349 41 20313 1
949 59 349 25 10480 1
950 72 369 25 6865 1
951 66 369 26 10683 1
952 78 349 40 10859 1
953 78 368 60 31770 1
954 66 363 39 12665 1
955 72 363 47 22737 1
956 143 363 47 22737 1
957 68 366 48 25195 1
958 80 368 46 22957 1
959 84 366 44 23368 1
960 167 366 44 23368 1
961 250 366 44 23368 1
962 73 349 58 22904 1
963 82 368 49 13675 1
964 163 368 49 13675 1
965 110 368 51 19026 1
966 157 365 39 10479 1
967 69 368 36 8485 1
968 70 366 42 14071 1
969 79 363 55 24874 1
970 64 365 75 38932 1
971 120 364 34 7499 1
972 80 364 27 11439 1
973 79 364 26 7849 1
974 80 368 46 18976 1
975 159 368 46 18976 1
976 79 368 43 19711 1
977 80 366 38 12651 1
978 78 365 19 5642 1
979 155 365 19 5642 1
980 86 365 20 4991 1
981 67 366 29 5504 1
982 78 365 38 19359 1
983 116 368 23 6104 1
984 231 368 23 6104 1
985 346 368 23 6104 1
986 85 369 51 14059 1
987 73 365 56 29895 1
988 69 365 39 20829 1
989 79 368 37 15407 1
990 70 366 30 15265 1
991 139 366 30 15265 1
992 208 366 30 15265 1
993 86 349 38 15454 1
994 171 349 38 15454 1
995 89 349 24 11852 1
996 77 363 30 14475 1
997 167 369 38 10678 1
998 135 368 53 25426 1
999 72 368 63 23251 1
1000 143 368 63 23251 1
1001 214 368 63 23251 1
1002 285 368 63 23251 1
1003 356 368 63 23251 1
1004 427 368 63 23251 1
1005 97 366 41 17894 1
1006 71 366 33 12714 1
1007 61 349 52 10111 1
1008 90 368 30 10517 1
1009 103 366 33 13078 1
1010 81 369 60 12044 1
1011 66 349 47 23327 1
1012 80 363 35 13560 1
1013 71 365 77 34997 1
1014 141 365 77 34997 1
1015 80 369 20 4069 1
1016 157 399 57 31242 1
1017 110 397 42 21935 1
1018 79 396 48 26846 1
1019 157 396 48 26846 1
1020 235 396 48 26846 1
1021 79 398 42 11762 1
1022 109 396 59 32280 1
1023 217 396 59 32280 1
1024 78 397 50 18016 1
1025 91 396 70 38955 1
1026 79 399 26 6509 1
1027 78 399 34 12056 1
1028 79 396 52 18702 1
1029 157 396 52 18702 1
1030 79 398 45 26434 1
1031 78 398 44 25529 1
1032 84 400 35 18350 1
1033 79 397 40 12097 1
1034 83 397 49 10238 1
1035 165 397 49 10238 1
1036 247 397 49 10238 1
1037 81 399 61 12405 1
16
500 500 500 500 425 425 400 400 440 500 500 400 500 500 500 550 