1037
1 11 127 45 4092 1
2 8 137 19 1475 1
3 7 140 24 3266 1
4 13 140 24 3266 1
5 19 140 24 3266 1
6 8 141 18 3026 1
7 9 139 11 2179 1
8 8 132 14 1733 1
9 26 141 20 2601 1
10 8 121 33 4554 1
11 8 137 20 1947 1
12 15 137 20 1947 1
13 7 139 12 1455 1
14 21 121 24 4317 1
15 9 139 20 4008 1
16 17 139 20 4008 1
17 25 139 20 4008 1
18 9 139 29 3665 1
19 17 139 29 3665 1
20 29 138 25 3042 1
21 9 138 28 3191 1
22 17 138 28 3191 1
23 10 121 5 840 1
24 12 101 6 654 1
25 8 117 22 3323 1
26 15 117 22 3323 1
27 22 117 22 3323 1
28 29 117 22 3323 1
29 15 118 3 260 1
30 4 118 32 2063 1
31 7 118 32 2063 1
32 10 137 20 3987 1
33 14 140 26 2863 1
34 5 133 10 1492 1
35 9 121 16 1736 1
36 17 121 16 1736 1
37 9 121 15 2473 1
38 15 134 16 1909 1
39 29 134 16 1909 1
40 16 117 45 3461 1
41 9 121 17 1349 1
42 17 121 17 1349 1
43 8 118 20 1848 1
44 8 141 24 3268 1
45 9 133 4 292 1
46 14 101 29 3431 1
47 8 139 22 2548 1
48 8 134 10 1853 1
49 15 134 10 1853 1
50 22 134 10 1853 1
51 29 134 10 1853 1
52 7 139 26 4837 1
53 13 139 26 4837 1
54 11 132 6 849 1
55 8 132 12 2128 1
56 7 118 21 3286 1
57 13 118 21 3286 1
58 19 118 21 3286 1
59 25 118 21 3286 1
60 31 118 21 3286 1
61 2 118 18 1260 1
62 8 127 17 1253 1
63 15 127 17 1253 1
64 7 137 16 2144 1
65 9 127 10 749 1
66 14 132 17 1234 1
67 9 118 9 1055 1
68 17 118 9 1055 1
69 8 140 18 2423 1
70 15 140 18 2423 1
71 75 139 14 1881 1
72 17 133 4 724 1
73 13 101 24 3216 1
74 25 101 24 3216 1
75 20 134 10 1395 1
76 9 133 41 8117 1
77 8 121 18 1873 1
78 6 133 21 2177 1
79 15 138 31 3686 1
80 15 121 12 858 1
81 29 121 12 858 1
82 15 121 19 2189 1
83 8 138 4 350 1
84 8 139 23 4335 1
85 9 133 28 3314 1
86 9 101 28 1476 1
87 17 101 28 1476 1
88 25 101 28 1476 1
89 8 129 32 3280 1
90 8 133 7 1104 1
91 15 133 7 1104 1
92 22 133 7 1104 1
93 29 133 7 1104 1
94 26 140 7 670 1
95 25 118 22 3157 1
96 9 101 11 632 1
97 13 127 7 999 1
98 9 129 32 2919 1
99 9 129 14 1219 1
100 17 129 14 1219 1
101 20 140 28 2995 1
102 39 140 28 2995 1
103 9 121 25 2074 1
104 16 117 29 4595 1
105 22 139 20 3552 1
106 43 139 20 3552 1
107 9 134 22 3459 1
108 17 134 22 3459 1
109 25 134 22 3459 1
110 33 134 22 3459 1
111 9 127 47 5723 1
112 12 134 46 8314 1
113 8 132 46 8648 1
114 10 118 38 4911 1
115 6 141 13 1862 1
116 23 134 7 928 1
117 9 139 24 1937 1
118 15 134 27 4921 1
119 8 125 16 2469 1
120 14 121 28 2266 1
121 27 121 28 2266 1
122 9 140 22 2150 1
123 8 117 21 2314 1
124 8 133 35 6067 1
125 11 137 9 1031 1
126 10 133 51 4586 1
127 19 133 51 4586 1
128 9 101 18 1717 1
129 17 101 18 1717 1
130 25 101 18 1717 1
131 8 133 7 854 1
132 9 127 19 1241 1
133 7 138 22 4395 1
134 13 138 22 4395 1
135 9 137 10 2054 1
136 9 127 25 3751 1
137 9 132 21 3645 1
138 16 127 51 5609 1
139 16 140 14 1169 1
140 16 140 26 2823 1
141 11 121 21 2743 1
142 21 121 21 2743 1
143 9 137 17 3105 1
144 17 137 17 3105 1
145 10 101 26 3320 1
146 19 101 26 3320 1
147 28 101 26 3320 1
148 22 140 34 4379 1
149 9 118 9 958 1
150 9 132 23 2304 1
151 8 141 26 2147 1
152 8 132 21 3983 1
153 9 127 27 4675 1
154 17 127 27 4675 1
155 16 141 24 3073 1
156 8 141 17 1924 1
157 9 117 7 475 1
158 8 127 18 3420 1
159 55 118 17 2039 1
160 15 129 10 1311 1
161 29 129 10 1311 1
162 19 129 12 2040 1
163 9 134 10 1066 1
164 8 121 12 1846 1
165 12 121 4 431 1
166 23 121 4 431 1
167 8 125 37 6414 1
168 22 139 33 4909 1
169 8 101 9 1148 1
170 10 139 1 102 1
171 19 139 1 102 1
172 9 140 19 2753 1
173 8 138 17 3291 1
174 15 138 17 3291 1
175 10 118 29 2628 1
176 14 129 31 2964 1
177 16 127 38 7149 1
178 11 127 5 538 1
179 9 117 27 3439 1
180 9 125 27 4531 1
181 15 134 25 2726 1
182 14 141 23 1916 1
183 8 134 8 1066 1
184 18 121 14 2524 1
185 8 127 23 2561 1
186 6 117 10 743 1
187 16 139 29 4266 1
188 15 140 26 3601 1
189 12 139 21 2776 1
190 10 140 36 7328 1
191 7 138 15 1558 1
192 13 138 15 1558 1
193 9 139 16 3145 1
194 9 134 39 5057 1
195 12 137 24 2575 1
196 8 129 16 1161 1
197 9 137 9 1013 1
198 8 101 11 1525 1
199 15 101 11 1525 1
200 9 117 12 1497 1
201 17 117 12 1497 1
202 8 117 26 3657 1
203 15 118 55 8388 1
204 29 118 55 8388 1
205 63 141 22 1810 1
206 8 118 17 1619 1
207 15 118 17 1619 1
208 22 118 17 1619 1
209 12 141 25 2841 1
210 9 139 23 3209 1
211 17 139 23 3209 1
212 25 139 23 3209 1
213 5 133 6 870 1
214 9 133 12 1758 1
215 17 133 12 1758 1
216 25 133 12 1758 1
217 8 133 32 5092 1
218 9 101 17 2291 1
219 12 121 15 1598 1
220 21 134 12 1853 1
221 10 118 26 4068 1
222 8 101 17 2375 1
223 15 101 17 2375 1
224 9 132 13 2365 1
225 14 132 8 1457 1
226 7 127 16 1851 1
227 13 127 16 1851 1
228 19 127 16 1851 1
229 16 125 16 2178 1
230 9 118 16 1774 1
231 17 118 16 1774 1
232 7 125 3 305 1
233 14 121 22 1392 1
234 9 140 32 4895 1
235 13 127 32 4454 1
236 9 121 21 3423 1
237 24 137 2 357 1
238 16 139 32 3578 1
239 2 117 17 1940 1
240 12 117 28 2881 1
241 6 134 29 4225 1
242 11 134 29 4225 1
243 11 118 7 889 1
244 21 118 7 889 1
245 31 118 7 889 1
246 41 118 7 889 1
247 53 125 26 4786 1
248 16 138 29 3071 1
249 9 125 17 1730 1
250 8 139 22 2899 1
251 6 140 27 2673 1
252 9 121 27 2654 1
253 17 121 27 2654 1
254 25 121 27 2654 1
255 33 121 27 2654 1
256 41 121 27 2654 1
257 49 121 27 2654 1
258 57 121 27 2654 1
259 65 121 27 2654 1
260 73 121 27 2654 1
261 81 121 27 2654 1
262 89 121 27 2654 1
263 97 121 27 2654 1
264 105 121 27 2654 1
265 8 118 8 1163 1
266 15 118 8 1163 1
267 22 118 8 1163 1
268 29 118 8 1163 1
269 9 134 19 3012 1
270 17 134 19 3012 1
271 9 139 37 4365 1
272 17 139 37 4365 1
273 25 139 37 4365 1
274 33 139 37 4365 1
275 41 139 37 4365 1
276 7 137 20 2987 1
277 25 132 52 8588 1
278 8 140 14 1776 1
279 9 139 23 3941 1
280 17 139 23 3941 1
281 8 138 11 1548 1
282 15 138 11 1548 1
283 16 118 13 1265 1
284 3 134 30 4713 1
285 9 138 5 844 1
286 12 154 23 3402 1
287 46 169 24 3984 1
288 24 167 20 2145 1
289 9 170 57 5269 1
290 22 151 27 3754 1
291 13 157 23 3133 1
292 50 149 23 3593 1
293 12 167 58 6924 1
294 16 160 20 2748 1
295 10 145 15 1653 1
296 11 170 54 12532 1
297 17 161 45 5408 1
298 12 151 31 2544 1
299 23 151 31 2544 1
300 34 151 31 2544 1
301 45 151 31 2544 1
302 56 151 31 2544 1
303 9 157 32 2768 1
304 8 151 55 9235 1
305 10 149 22 2528 1
306 23 167 57 9747 1
307 10 147 64 9080 1
308 12 160 42 8033 1
309 12 167 44 5803 1
310 9 158 26 5383 1
311 11 165 49 10918 1
312 21 165 49 10918 1
313 8 165 22 3262 1
314 9 147 9 1494 1
315 8 161 65 15141 1
316 21 149 12 2465 1
317 12 167 4 572 1
318 21 165 15 2713 1
319 49 154 34 7678 1
320 12 147 37 6041 1
321 11 145 23 2847 1
322 21 145 23 2847 1
323 31 145 23 2847 1
324 2 158 32 6766 1
325 12 170 24 4968 1
326 23 170 24 4968 1
327 17 158 11 897 1
328 21 151 21 3343 1
329 15 168 32 6108 1
330 11 169 43 4946 1
331 15 170 42 6274 1
332 15 161 26 2944 1
333 11 165 37 4055 1
334 15 167 25 5460 1
335 29 167 25 5460 1
336 12 165 37 8660 1
337 12 160 14 2811 1
338 13 157 23 4959 1
339 18 151 16 2512 1
340 12 167 42 8113 1
341 25 165 6 927 1
342 49 165 6 927 1
343 15 147 17 3528 1
344 8 158 18 2145 1
345 12 149 21 2844 1
346 23 149 21 2844 1
347 34 149 21 2844 1
348 118 149 22 4088 1
349 9 147 32 3776 1
350 15 161 13 2364 1
351 17 169 17 2789 1
352 15 145 26 2451 1
353 17 167 37 6659 1
354 11 160 9 1027 1
355 13 151 33 4927 1
356 8 154 47 5082 1
357 10 145 29 3889 1
358 19 145 29 3889 1
359 11 168 9 1361 1
360 21 168 9 1361 1
361 31 168 9 1361 1
362 12 167 25 3125 1
363 12 154 26 3584 1
364 12 147 40 5871 1
365 23 147 40 5871 1
366 151 151 28 3671 1
367 14 151 16 3235 1
368 13 170 68 8811 1
369 25 170 68 8811 1
370 37 170 68 8811 1
371 49 170 68 8811 1
372 13 157 8 1770 1
373 9 157 36 7610 1
374 7 167 15 2716 1
375 6 165 94 21455 1
376 16 168 25 4076 1
377 7 165 41 5402 1
378 13 160 14 2963 1
379 25 160 14 2963 1
380 10 160 27 3015 1
381 26 161 54 8127 1
382 11 145 14 2294 1
383 15 169 21 4204 1
384 29 169 21 4204 1
385 43 169 21 4204 1
386 57 169 21 4204 1
387 8 158 18 4199 1
388 8 165 41 7275 1
389 13 145 3 650 1
390 25 145 3 650 1
391 10 165 63 6652 1
392 10 157 16 3372 1
393 19 157 16 3372 1
394 28 157 16 3372 1
395 37 157 16 3372 1
396 11 151 23 2670 1
397 11 158 2 452 1
398 24 170 34 3528 1
399 12 151 21 2238 1
400 8 147 52 6589 1
401 15 147 52 6589 1
402 12 151 27 4220 1
403 13 165 46 8902 1
404 12 154 9 964 1
405 23 154 9 964 1
406 8 154 26 4214 1
407 9 147 26 5378 1
408 17 147 26 5378 1
409 8 167 25 2329 1
410 9 167 20 4906 1
411 10 167 7 643 1
412 10 157 26 4636 1
413 7 157 10 908 1
414 13 157 10 908 1
415 13 165 27 6286 1
416 25 165 27 6286 1
417 12 149 51 6162 1
418 23 149 51 6162 1
419 7 149 33 3623 1
420 13 149 33 3623 1
421 19 149 33 3623 1
422 11 167 1 100 1
423 10 167 54 7674 1
424 14 168 11 2478 1
425 8 147 45 8368 1
426 23 169 47 8889 1
427 13 165 17 2241 1
428 25 165 17 2241 1
429 37 165 17 2241 1
430 12 161 16 2124 1
431 16 160 28 2609 1
432 8 161 36 4367 1
433 15 161 36 4367 1
434 24 151 11 2199 1
435 13 167 29 5715 1
436 25 167 29 5715 1
437 37 167 29 5715 1
438 23 168 26 5662 1
439 11 167 37 6434 1
440 8 151 9 1302 1
441 24 157 26 2639 1
442 12 147 43 8908 1
443 9 154 3 402 1
444 17 154 3 402 1
445 25 154 3 402 1
446 33 154 3 402 1
447 8 169 62 9387 1
448 8 161 22 4283 1
449 15 161 22 4283 1
450 15 160 19 4384 1
451 29 160 19 4384 1
452 15 167 38 7438 1
453 23 154 76 10959 1
454 13 145 25 2342 1
455 25 145 25 2342 1
456 8 165 34 8144 1
457 11 167 46 4555 1
458 22 167 26 3202 1
459 13 151 40 6532 1
460 9 170 18 4548 1
461 24 151 11 866 1
462 13 149 39 6510 1
463 14 157 31 2993 1
464 8 151 24 3463 1
465 15 151 24 3463 1
466 24 170 35 3185 1
467 7 147 47 3726 1
468 13 147 47 3726 1
469 12 160 40 8412 1
470 23 160 40 8412 1
471 34 160 40 8412 1
472 45 160 40 8412 1
473 56 160 40 8412 1
474 9 158 13 2170 1
475 11 170 31 5690 1
476 21 170 31 5690 1
477 31 170 31 5690 1
478 41 170 31 5690 1
479 51 170 31 5690 1
480 8 165 34 6070 1
481 23 145 40 6862 1
482 8 149 25 3017 1
483 15 149 25 3017 1
484 8 145 27 4140 1
485 12 165 35 6858 1
486 23 165 35 6858 1
487 34 165 35 6858 1
488 17 145 30 4565 1
489 123 161 39 6304 1
490 11 149 17 2130 1
491 14 147 44 5764 1
492 13 149 9 1695 1
493 25 149 9 1695 1
494 37 149 9 1695 1
495 16 147 36 6485 1
496 16 149 66 9020 1
497 51 160 20 3317 1
498 15 158 38 8476 1
499 13 147 31 4905 1
500 14 158 17 3910 1
501 27 158 17 3910 1
502 23 170 23 5681 1
503 11 169 35 3925 1
504 15 170 41 6126 1
505 15 169 22 4978 1
506 14 167 28 3653 1
507 8 158 11 1778 1
508 7 161 15 2386 1
509 10 147 16 3055 1
510 10 151 21 3370 1
511 19 151 21 3370 1
512 13 170 37 8446 1
513 25 147 23 3372 1
514 11 165 33 4300 1
515 11 145 42 8254 1
516 21 145 42 8254 1
517 31 145 42 8254 1
518 7 154 29 6583 1
519 13 154 29 6583 1
520 8 169 59 8347 1
521 15 169 59 8347 1
522 22 169 59 8347 1
523 29 169 59 8347 1
524 36 169 59 8347 1
525 12 168 31 4561 1
526 23 168 31 4561 1
527 16 165 5 1097 1
528 14 157 12 2410 1
529 27 157 12 2410 1
530 16 169 40 9890 1
531 14 165 20 1695 1
532 13 168 26 3938 1
533 25 168 26 3938 1
534 15 149 14 3044 1
535 15 161 25 4173 1
536 12 161 42 8934 1
537 23 161 42 8934 1
538 5 168 45 4155 1
539 9 168 45 4155 1
540 10 170 13 2102 1
541 11 149 15 2463 1
542 8 157 32 3706 1
543 13 151 39 5071 1
544 12 154 13 2236 1
545 7 145 35 3195 1
546 12 161 70 12830 1
547 11 160 30 4494 1
548 9 145 26 3081 1
549 15 145 37 4561 1
550 11 167 12 2102 1
551 16 167 26 3579 1
552 10 167 20 2232 1
553 8 167 22 2761 1
554 8 168 43 7371 1
555 16 170 23 2228 1
556 9 154 35 4260 1
557 15 165 56 8751 1
558 11 149 10 1108 1
559 13 165 26 4548 1
560 12 169 22 2069 1
561 23 169 22 2069 1
562 13 158 26 2738 1
563 13 145 49 10585 1
564 8 161 43 8380 1
565 10 170 8 1522 1
566 7 158 30 2780 1
567 13 158 30 2780 1
568 19 158 30 2780 1
569 25 158 30 2780 1
570 21 154 17 3417 1
571 8 145 17 3498 1
572 15 145 17 3498 1
573 7 167 34 7235 1
574 16 151 23 5158 1
575 8 161 13 1508 1
576 16 147 29 6266 1
577 31 147 29 6266 1
578 26 151 33 6165 1
579 15 154 7 912 1
580 22 149 17 2804 1
581 13 168 14 2437 1
582 12 157 7 1263 1
583 23 157 7 1263 1
584 12 165 29 2804 1
585 23 165 29 2804 1
586 34 165 29 2804 1
587 43 211 9 1044 1
588 43 197 8 1601 1
589 42 207 37 10684 1
590 43 194 12 2867 1
591 85 194 12 2867 1
592 43 198 14 2769 1
593 85 198 14 2769 1
594 45 207 9 1885 1
595 41 197 6 739 1
596 18 197 12 1584 1
597 35 197 12 1584 1
598 36 183 18 4049 1
599 43 178 7 1621 1
600 44 210 13 1902 1
601 87 210 13 1902 1
602 36 184 31 6961 1
603 71 184 31 6961 1
604 19 198 33 3575 1
605 57 198 43 10718 1
606 19 198 15 4088 1
607 41 207 8 1898 1
608 18 195 22 4153 1
609 20 197 25 6162 1
610 44 184 18 4402 1
611 24 198 15 3072 1
612 47 198 15 3072 1
613 70 198 15 3072 1
614 58 208 17 4365 1
615 15 197 10 2341 1
616 20 195 23 4830 1
617 37 207 24 2706 1
618 43 178 11 2613 1
619 7 183 25 5603 1
620 33 178 11 2329 1
621 43 208 14 1858 1
622 85 208 14 1858 1
623 127 208 14 1858 1
624 44 194 21 5044 1
625 72 207 16 2977 1
626 32 183 18 2256 1
627 15 198 14 3177 1
628 44 183 17 3759 1
629 87 183 17 3759 1
630 45 208 60 17540 1
631 89 208 60 17540 1
632 19 207 51 13615 1
633 109 207 24 5157 1
634 45 178 14 3637 1
635 44 208 17 2843 1
636 42 210 15 3138 1
637 13 197 15 2941 1
638 43 208 16 1798 1
639 72 184 9 1566 1
640 18 210 16 4948 1
641 58 211 23 4917 1
642 45 198 24 5952 1
643 45 194 15 4214 1
644 57 183 13 2310 1
645 16 210 27 4119 1
646 43 184 11 3008 1
647 43 194 20 5012 1
648 85 194 20 5012 1
649 58 208 12 2874 1
650 16 195 18 4129 1
651 56 175 14 2437 1
652 44 207 17 5126 1
653 44 198 26 3957 1
654 87 198 26 3957 1
655 130 198 26 3957 1
656 173 198 26 3957 1
657 13 198 15 2353 1
658 22 198 17 3763 1
659 57 207 15 2503 1
660 44 194 20 3489 1
661 43 211 26 4148 1
662 35 178 17 4361 1
663 69 178 17 4361 1
664 59 207 17 3818 1
665 43 197 14 1553 1
666 44 194 17 1680 1
667 42 198 17 1895 1
668 44 198 15 3648 1
669 87 198 15 3648 1
670 130 198 15 3648 1
671 41 197 8 817 1
672 42 183 16 3180 1
673 44 184 16 2143 1
674 56 210 5 632 1
675 44 197 31 6798 1
676 87 197 31 6798 1
677 130 197 31 6798 1
678 173 197 31 6798 1
679 56 197 53 15451 1
680 111 197 53 15451 1
681 15 260 21 4036 1
682 16 239 17 3278 1
683 93 221 17 3223 1
684 29 272 16 6072 1
685 37 230 27 8174 1
686 57 240 37 4766 1
687 16 268 35 9947 1
688 36 272 43 15091 1
689 16 262 21 2881 1
690 39 268 19 5039 1
691 16 260 34 7092 1
692 58 265 19 5021 1
693 95 274 20 4621 1
694 58 276 18 5470 1
695 35 261 18 2953 1
696 69 261 18 2953 1
697 36 228 15 5094 1
698 37 258 22 3926 1
699 90 220 22 5980 1
700 48 275 17 3173 1
701 46 221 17 4242 1
702 31 259 27 9998 1
703 16 264 42 9839 1
704 30 267 21 5621 1
705 36 265 53 13531 1
706 71 265 53 13531 1
707 106 265 53 13531 1
708 141 265 53 13531 1
709 93 264 12 2152 1
710 57 240 18 3777 1
711 38 260 36 12547 1
712 31 257 25 9398 1
713 36 267 46 6797 1
714 50 222 15 2174 1
715 50 258 33 8373 1
716 36 259 23 3803 1
717 51 274 15 2674 1
718 101 274 15 2674 1
719 37 255 23 6174 1
720 36 243 33 8668 1
721 58 216 14 4334 1
722 115 216 14 4334 1
723 172 216 14 4334 1
724 90 221 17 3158 1
725 50 240 15 2934 1
726 51 268 31 7210 1
727 91 240 18 2690 1
728 50 268 52 13987 1
729 65 262 24 7746 1
730 37 255 14 5154 1
731 73 255 14 5154 1
732 39 274 22 5427 1
733 77 274 22 5427 1
734 37 221 17 1891 1
735 57 259 19 3073 1
736 58 279 21 4207 1
737 36 261 29 5531 1
738 71 261 29 5531 1
739 58 274 34 6928 1
740 29 275 23 4498 1
741 52 279 33 6131 1
742 57 272 34 9463 1
743 51 268 25 8550 1
744 58 261 22 3323 1
745 17 261 25 6011 1
746 50 274 21 6119 1
747 39 255 32 8268 1
748 15 216 30 3542 1
749 51 279 33 8775 1
750 37 264 20 4556 1
751 37 262 14 2110 1
752 73 262 14 2110 1
753 50 275 24 6255 1
754 37 268 13 3741 1
755 37 254 16 4060 1
756 57 264 17 4708 1
757 113 264 17 4708 1
758 58 274 43 6371 1
759 36 268 29 5159 1
760 71 268 29 5159 1
761 36 222 22 7104 1
762 17 262 13 3831 1
763 31 261 30 10326 1
764 50 260 27 4479 1
765 30 274 22 7977 1
766 29 267 35 11386 1
767 16 257 10 2974 1
768 57 220 28 7853 1
769 113 220 28 7853 1
770 169 220 28 7853 1
771 58 220 15 2965 1
772 57 267 13 4639 1
773 50 259 15 5090 1
774 56 222 21 3603 1
775 111 222 21 3603 1
776 77 323 42 20249 1
777 57 299 40 16051 1
778 113 299 40 16051 1
779 169 299 40 16051 1
780 225 299 40 16051 1
781 281 299 40 16051 1
782 337 299 40 16051 1
783 57 293 36 15750 1
784 113 293 36 15750 1
785 169 293 36 15750 1
786 225 293 36 15750 1
787 36 334 45 7815 1
788 57 332 31 5714 1
789 55 300 43 14700 1
790 29 336 18 5998 1
791 57 336 18 5998 1
792 55 324 40 18896 1
793 109 324 40 18896 1
794 29 337 26 8390 1
795 31 333 34 6029 1
796 61 333 34 6029 1
797 57 286 41 14772 1
798 113 286 41 14772 1
799 79 334 52 10767 1
800 6 300 25 6610 1
801 57 337 47 9836 1
802 113 337 47 9836 1
803 58 299 36 12687 1
804 115 299 36 12687 1
805 57 292 38 11393 1
806 57 292 32 10219 1
807 113 292 32 10219 1
808 169 292 32 10219 1
809 225 292 32 10219 1
810 79 323 32 10166 1
811 59 335 30 11068 1
812 58 286 31 7595 1
813 29 286 35 10682 1
814 68 294 39 10884 1
815 59 303 24 5194 1
816 117 303 24 5194 1
817 80 332 36 10591 1
818 78 282 33 6749 1
819 57 324 42 7460 1
820 35 316 27 7591 1
821 55 282 29 11237 1
822 29 338 51 21292 1
823 57 332 29 5244 1
824 113 332 29 5244 1
825 68 286 29 6542 1
826 57 282 15 2832 1
827 56 332 30 10829 1
828 57 282 14 2591 1
829 57 282 34 11112 1
830 113 282 34 11112 1
831 169 282 34 11112 1
832 225 282 34 11112 1
833 281 282 34 11112 1
834 57 294 37 10642 1
835 78 336 51 9048 1
836 56 286 19 7928 1
837 57 300 33 14814 1
838 113 300 33 14814 1
839 169 300 33 14814 1
840 225 300 33 14814 1
841 78 337 53 11403 1
842 30 337 40 11641 1
843 59 337 40 11641 1
844 70 305 53 12155 1
845 36 303 32 13678 1
846 29 316 32 13175 1
847 55 334 29 13119 1
848 37 303 26 10711 1
849 57 281 18 4430 1
850 113 281 18 4430 1
851 79 286 33 6501 1
852 157 286 33 6501 1
853 57 332 36 10975 1
854 45 286 42 13649 1
855 82 334 52 13830 1
856 58 294 33 6332 1
857 37 281 33 10818 1
858 57 305 41 13377 1
859 34 304 2 312 1
860 77 304 26 10224 1
861 58 293 43 7344 1
862 56 316 43 10646 1
863 57 303 28 11898 1
864 113 303 28 11898 1
865 169 303 28 11898 1
866 6 282 43 8211 1
867 78 324 36 8462 1
868 55 299 42 11808 1
869 46 333 41 12252 1
870 57 299 43 11627 1
871 36 333 41 16184 1
872 37 336 47 10747 1
873 37 303 37 14330 1
874 37 282 44 8972 1
875 79 281 32 6841 1
876 73 303 52 11023 1
877 57 292 44 10018 1
878 113 292 44 10018 1
879 169 292 44 10018 1
880 225 292 44 10018 1
881 4 286 8 3201 1
882 57 300 33 11172 1
883 72 349 32 15731 1
884 124 366 46 11532 1
885 67 363 47 8924 1
886 133 363 47 8924 1
887 71 365 42 9146 1
888 122 366 36 11888 1
889 71 363 37 9014 1
890 106 365 68 15067 1
891 85 365 37 16478 1
892 79 364 62 26970 1
893 157 364 62 26970 1
894 85 363 57 27076 1
895 72 349 42 10898 1
896 72 365 44 15488 1
897 143 365 44 15488 1
898 78 366 82 42028 1
899 78 363 44 19714 1
900 155 363 44 19714 1
901 110 349 32 11913 1
902 70 366 30 10516 1
903 139 366 30 10516 1
904 95 368 19 4461 1
905 71 349 45 16019 1
906 63 366 44 10707 1
907 71 368 61 22819 1
908 72 368 26 9489 1
909 143 368 26 9489 1
910 73 366 39 13840 1
911 71 364 41 7560 1
912 138 349 29 6298 1
913 60 349 61 30368 1
914 80 366 38 18485 1
915 78 365 48 18551 1
916 72 369 49 18864 1
917 98 363 43 16892 1
918 195 363 43 16892 1
919 54 366 42 16838 1
920 145 364 18 8858 1
921 71 368 45 9890 1
922 141 368 45 9890 1
923 80 368 54 22539 1
924 159 368 54 22539 1
925 238 368 54 22539 1
926 79 349 50 23191 1
927 92 365 47 21668 1
928 73 368 63 30410 1
929 145 368 63 30410 1
930 217 368 63 30410 1
931 117 363 29 5811 1
932 233 363 29 5811 1
933 349 363 29 5811 1
934 465 363 29 5811 1
935 79 364 28 5565 1
936 72 365 52 22412 1
937 143 365 52 22412 1
938 77 368 39 11095 1
939 86 349 53 12252 1
940 78 365 36 10550 1
941 72 368 48 8866 1
942 79 366 75 16935 1
943 70 365 52 15382 1
944 78 363 37 9787 1
945 155 363 37 9787 1
946 72 366 17 7185 1
947 143 366 17 7185 1
948 79 349 37 12899 1
949 77 364 33 17979 1
950 91 349 22 7798 1
951 72 364 37 15719 1
952 79 363 46 13428 1
953 80 368 36 7462 1
954 73 349 24 8618 1
955 72 349 65 22015 1
956 143 349 65 22015 1
957 113 364 51 19331 1
958 86 368 24 6304 1
959 85 364 61 14742 1
960 70 349 62 20268 1
961 98 368 37 8788 1
962 57 349 26 10744 1
963 71 366 60 16210 1
964 141 366 60 16210 1
965 211 366 60 16210 1
966 71 363 43 17450 1
967 72 364 23 8349 1
968 78 364 30 9854 1
969 72 365 37 6814 1
970 84 366 65 26010 1
971 71 364 33 7753 1
972 141 364 33 7753 1
973 95 369 31 7567 1
974 140 349 30 9612 1
975 71 363 34 13222 1
976 141 363 34 13222 1
977 211 363 34 13222 1
978 63 363 39 16522 1
979 72 369 36 13680 1
980 78 366 37 19893 1
981 78 364 44 19519 1
982 86 366 24 5691 1
983 85 368 37 20359 1
984 63 366 45 17032 1
985 125 366 45 17032 1
986 63 366 46 19729 1
987 61 366 43 22603 1
988 84 349 43 13484 1
989 80 349 38 19659 1
990 91 363 29 14167 1
991 85 366 32 17272 1
992 96 364 28 12077 1
993 90 349 29 8814 1
994 111 368 40 17202 1
995 221 368 40 17202 1
996 331 368 40 17202 1
997 80 364 27 10328 1
998 73 368 32 6535 1
999 164 369 55 11620 1
1000 70 366 30 9864 1
1001 111 369 21 8520 1
1002 84 349 27 8962 1
1003 71 369 52 16054 1
1004 66 363 44 16475 1
1005 71 364 31 9628 1
1006 83 364 28 9861 1
1007 71 363 36 14792 1
1008 68 368 55 23668 1
1009 71 363 37 13926 1
1010 70 368 32 13292 1
1011 85 369 47 21243 1
1012 72 364 61 33043 1
1013 76 366 38 13743 1
1014 78 364 48 14838 1
1015 62 366 36 18001 1
1016 150 398 65 18013 1
1017 81 399 67 38637 1
1018 78 399 50 25389 1
1019 84 396 32 11237 1
1020 109 398 53 12449 1
1021 217 398 53 12449 1
1022 87 400 18 6711 1
1023 173 400 18 6711 1
1024 82 396 30 6005 1
1025 94 398 46 18690 1
1026 92 399 49 25877 1
1027 183 399 49 25877 1
1028 73 399 36 7335 1
1029 80 400 59 12576 1
1030 159 400 59 12576 1
1031 238 400 59 12576 1
1032 100 400 39 19007 1
1033 199 400 39 19007 1
1034 79 398 71 29761 1
1035 82 400 51 17877 1
1036 92 397 27 15622 1
1037 183 397 27 15622 1
16
500 500 500 500 425 425 400 400 440 500 500 400 500 500 500 550 