1037
1 8 132 17 2819 1
2 15 132 17 2819 1
3 9 125 23 1489 1
4 9 121 6 949 1
5 8 132 23 2661 1
6 12 134 22 2542 1
7 8 137 16 2566 1
8 15 137 16 2566 1
9 22 137 16 2566 1
10 7 117 38 3132 1
11 98 118 7 1126 1
12 8 101 20 1549 1
13 20 129 32 5304 1
14 9 134 21 3139 1
15 8 129 46 5199 1
16 15 129 46 5199 1
17 22 129 46 5199 1
18 9 137 32 3560 1
19 9 138 36 4839 1
20 9 132 17 3185 1
21 8 129 12 1030 1
22 15 129 12 1030 1
23 22 129 12 1030 1
24 29 129 12 1030 1
25 36 129 12 1030 1
26 9 125 11 848 1
27 17 125 11 848 1
28 15 118 34 5513 1
29 13 139 36 3896 1
30 8 121 23 1711 1
31 15 121 23 1711 1
32 11 127 25 3649 1
33 10 133 30 2240 1
34 19 133 30 2240 1
35 28 133 30 2240 1
36 12 125 21 3033 1
37 9 139 51 5527 1
38 17 139 51 5527 1
39 8 139 19 2995 1
40 12 121 21 3445 1
41 7 101 25 2921 1
42 13 101 25 2921 1
43 19 101 25 2921 1
44 25 101 25 2921 1
45 8 133 23 2022 1
46 15 133 23 2022 1
47 27 134 34 5292 1
48 20 133 15 1636 1
49 15 127 30 3060 1
50 29 127 30 3060 1
51 9 117 16 2710 1
52 16 125 21 2529 1
53 8 101 14 1094 1
54 4 138 3 574 1
55 22 127 18 1958 1
56 13 129 17 2505 1
57 24 139 20 1973 1
58 9 117 27 2840 1
59 16 132 16 1238 1
60 9 139 24 2438 1
61 17 139 24 2438 1
62 63 118 13 1390 1
63 21 137 9 1114 1
64 9 125 15 1487 1
65 17 125 15 1487 1
66 8 117 3 379 1
67 16 129 1 130 1
68 9 134 34 4201 1
69 8 125 23 2535 1
70 9 140 29 2694 1
71 17 140 29 2694 1
72 11 121 49 5542 1
73 9 140 39 5754 1
74 17 140 39 5754 1
75 25 140 39 5754 1
76 33 140 39 5754 1
77 8 141 22 2696 1
78 5 118 24 2243 1
79 9 117 2 281 1
80 8 117 37 4538 1
81 4 139 40 5549 1
82 7 139 40 5549 1
83 16 137 21 4001 1
84 9 121 23 4131 1
85 8 101 17 1683 1
86 9 133 41 5606 1
87 17 133 41 5606 1
88 10 133 23 2486 1
89 10 137 29 5640 1
90 19 137 29 5640 1
91 8 139 37 5404 1
92 8 139 16 2067 1
93 15 139 16 2067 1
94 9 141 8 1370 1
95 8 134 14 1197 1
96 15 134 14 1197 1
97 22 134 14 1197 1
98 29 134 14 1197 1
99 36 134 14 1197 1
100 15 117 28 1958 1
101 9 138 19 1425 1
102 9 129 37 5897 1
103 17 129 37 5897 1
104 25 129 37 5897 1
105 33 129 37 5897 1
106 41 129 37 5897 1
107 8 140 35 7221 1
108 5 141 38 6652 1
109 9 134 15 1609 1
110 10 129 25 1725 1
111 9 132 25 3349 1
112 8 137 5 865 1
113 8 133 19 2265 1
114 15 133 19 2265 1
115 25 127 20 2891 1
116 28 117 45 4338 1
117 9 138 21 2149 1
118 12 125 14 1449 1
119 10 139 12 2104 1
120 19 139 12 2104 1
121 28 139 12 2104 1
122 37 139 12 2104 1
123 10 125 14 936 1
124 8 134 41 7002 1
125 15 134 41 7002 1
126 22 134 41 7002 1
127 8 129 27 2066 1
128 22 138 31 3282 1
129 6 118 8 795 1
130 9 121 34 5306 1
131 15 137 23 1842 1
132 9 121 34 6128 1
133 17 121 34 6128 1
134 25 121 34 6128 1
135 33 121 34 6128 1
136 41 121 34 6128 1
137 49 121 34 6128 1
138 9 127 12 1819 1
139 9 118 23 1665 1
140 25 140 10 826 1
141 15 125 18 2020 1
142 7 139 9 1473 1
143 8 125 47 3739 1
144 15 138 5 359 1
145 16 121 20 1550 1
146 8 137 11 1232 1
147 9 117 23 2993 1
148 17 117 23 2993 1
149 25 117 23 2993 1
150 33 117 23 2993 1
151 7 118 18 2788 1
152 13 118 18 2788 1
153 8 139 28 4762 1
154 6 137 29 2512 1
155 8 141 14 1572 1
156 15 137 38 2794 1
157 9 127 16 2253 1
158 8 129 25 2932 1
159 15 129 25 2932 1
160 22 129 25 2932 1
161 11 141 17 2819 1
162 9 127 13 1561 1
163 8 141 37 6286 1
164 8 139 32 6246 1
165 15 139 32 6246 1
166 8 129 27 3994 1
167 15 129 27 3994 1
168 22 129 27 3994 1
169 11 133 6 876 1
170 21 133 6 876 1
171 31 133 6 876 1
172 197 133 37 3532 1
173 6 133 30 4106 1
174 11 133 30 4106 1
175 8 134 5 785 1
176 8 129 36 3242 1
177 15 129 36 3242 1
178 8 129 36 5175 1
179 15 129 36 5175 1
180 22 129 36 5175 1
181 15 125 12 1873 1
182 8 127 15 2477 1
183 15 127 15 2477 1
184 8 127 26 2329 1
185 15 127 26 2329 1
186 22 127 26 2329 1
187 8 141 28 4284 1
188 16 127 30 4476 1
189 8 127 33 6044 1
190 8 134 22 3433 1
191 9 127 13 1414 1
192 16 118 6 871 1
193 10 132 38 4816 1
194 1 125 31 4531 1
195 12 125 30 4299 1
196 16 138 32 4880 1
197 10 137 50 6954 1
198 19 137 50 6954 1
199 13 121 16 1436 1
200 27 140 13 1605 1
201 9 118 25 1766 1
202 25 101 11 909 1
203 10 141 27 3094 1
204 8 132 25 4161 1
205 15 132 25 4161 1
206 22 132 25 4161 1
207 29 132 25 4161 1
208 9 133 42 8225 1
209 17 133 42 8225 1
210 9 127 12 1021 1
211 17 127 12 1021 1
212 25 127 12 1021 1
213 19 140 19 2481 1
214 10 137 3 576 1
215 19 137 3 576 1
216 28 137 3 576 1
217 25 137 10 1267 1
218 8 141 18 2298 1
219 9 137 22 2101 1
220 98 117 53 5969 1
221 11 125 25 4558 1
222 21 125 25 4558 1
223 16 129 20 3343 1
224 31 129 20 3343 1
225 14 133 21 1494 1
226 27 133 21 1494 1
227 40 133 21 1494 1
228 14 133 10 1129 1
229 11 101 29 3550 1
230 22 140 9 1594 1
231 8 129 28 2221 1
232 15 129 28 2221 1
233 22 129 28 2221 1
234 29 129 28 2221 1
235 36 129 28 2221 1
236 43 129 28 2221 1
237 50 129 28 2221 1
238 57 129 28 2221 1
239 8 127 23 3553 1
240 15 127 23 3553 1
241 22 127 23 3553 1
242 29 127 23 3553 1
243 36 127 23 3553 1
244 43 127 23 3553 1
245 50 127 23 3553 1
246 57 127 23 3553 1
247 8 101 10 991 1
248 8 137 30 2628 1
249 15 137 30 2628 1
250 8 129 9 1027 1
251 15 129 9 1027 1
252 22 129 9 1027 1
253 29 129 9 1027 1
254 36 129 9 1027 1
255 43 129 9 1027 1
256 50 129 9 1027 1
257 7 134 19 2502 1
258 15 141 23 2240 1
259 15 127 10 1152 1
260 9 127 5 876 1
261 17 127 5 876 1
262 8 127 14 955 1
263 8 129 1 157 1
264 9 127 16 2695 1
265 17 127 16 2695 1
266 25 127 16 2695 1
267 17 139 9 1118 1
268 15 125 19 1517 1
269 9 138 28 4470 1
270 8 134 12 820 1
271 15 134 12 820 1
272 8 139 27 4736 1
273 9 121 2 322 1
274 12 121 14 973 1
275 10 132 28 4916 1
276 19 132 28 4916 1
277 28 132 28 4916 1
278 16 139 24 1885 1
279 15 118 21 2984 1
280 13 140 34 2461 1
281 8 133 22 2126 1
282 8 101 16 1226 1
283 8 141 28 2760 1
284 9 133 14 2658 1
285 9 118 28 4406 1
286 10 149 30 2364 1
287 9 151 31 3144 1
288 11 147 13 1451 1
289 21 147 13 1451 1
290 31 147 13 1451 1
291 14 165 35 6797 1
292 21 170 32 4819 1
293 17 154 31 4132 1
294 33 154 31 4132 1
295 24 160 29 3888 1
296 12 154 56 4806 1
297 15 151 6 1006 1
298 8 165 14 2387 1
299 13 169 34 4506 1
300 21 147 30 5871 1
301 41 147 30 5871 1
302 171 165 10 1073 1
303 12 170 40 6931 1
304 16 147 39 4310 1
305 13 160 21 2992 1
306 11 161 25 2522 1
307 16 161 41 6483 1
308 11 157 47 6207 1
309 15 161 24 3742 1
310 9 151 17 1322 1
311 17 151 17 1322 1
312 16 147 47 3496 1
313 12 169 39 3494 1
314 23 169 39 3494 1
315 13 165 41 6876 1
316 25 165 41 6876 1
317 37 165 41 6876 1
318 12 145 14 1178 1
319 23 145 14 1178 1
320 34 145 14 1178 1
321 13 167 11 2571 1
322 25 167 11 2571 1
323 37 167 11 2571 1
324 49 167 11 2571 1
325 61 167 11 2571 1
326 10 170 29 5481 1
327 19 170 29 5481 1
328 10 149 26 2507 1
329 19 149 26 2507 1
330 28 149 26 2507 1
331 10 149 9 1552 1
332 7 170 7 1606 1
333 15 154 81 14700 1
334 15 169 30 3941 1
335 7 149 13 2808 1
336 15 149 34 5071 1
337 13 169 26 6326 1
338 25 169 26 6326 1
339 13 168 51 6800 1
340 25 168 51 6800 1
341 12 157 22 3987 1
342 23 157 22 3987 1
343 3 154 35 3243 1
344 16 170 11 2558 1
345 11 160 9 861 1
346 16 169 38 4245 1
347 24 170 48 10786 1
348 12 170 33 3993 1
349 23 170 33 3993 1
350 76 170 3 271 1
351 13 168 56 12091 1
352 25 168 56 12091 1
353 37 168 56 12091 1
354 10 168 33 6747 1
355 19 168 33 6747 1
356 28 168 33 6747 1
357 12 168 46 10744 1
358 13 167 58 11694 1
359 15 145 27 5254 1
360 16 168 25 2326 1
361 31 168 25 2326 1
362 23 161 34 4405 1
363 23 154 12 2083 1
364 14 147 40 3797 1
365 152 151 25 5377 1
366 8 154 9 1370 1
367 15 154 9 1370 1
368 13 167 35 6244 1
369 25 167 35 6244 1
370 10 160 16 3279 1
371 25 147 26 4988 1
372 14 157 22 2553 1
373 9 145 24 4358 1
374 8 145 12 1097 1
375 15 145 12 1097 1
376 17 165 41 7792 1
377 33 165 41 7792 1
378 11 154 27 2679 1
379 9 145 29 5396 1
380 13 170 45 8075 1
381 22 165 11 1609 1
382 16 151 24 3589 1
383 22 168 44 9399 1
384 43 168 44 9399 1
385 13 160 15 1996 1
386 25 160 15 1996 1
387 37 160 15 1996 1
388 22 157 2 229 1
389 11 165 28 4111 1
390 11 158 28 4857 1
391 21 158 28 4857 1
392 23 147 42 7657 1
393 14 154 29 4544 1
394 12 165 37 8702 1
395 10 157 19 3035 1
396 19 157 19 3035 1
397 22 158 3 686 1
398 43 158 3 686 1
399 8 167 35 5664 1
400 15 167 35 5664 1
401 11 167 25 3021 1
402 12 151 40 6795 1
403 12 145 27 2765 1
404 22 160 29 5135 1
405 22 160 13 1329 1
406 13 167 32 2968 1
407 22 169 101 9030 1
408 13 145 14 1497 1
409 25 145 14 1497 1
410 22 145 20 3893 1
411 12 167 31 6789 1
412 11 147 25 2216 1
413 17 160 32 6860 1
414 10 165 48 10808 1
415 11 151 23 3054 1
416 12 170 36 6742 1
417 23 170 36 6742 1
418 34 170 36 6742 1
419 45 170 36 6742 1
420 12 161 40 5294 1
421 107 170 28 4729 1
422 9 158 9 1082 1
423 17 158 9 1082 1
424 12 154 28 6183 1
425 23 154 28 6183 1
426 34 154 28 6183 1
427 45 154 28 6183 1
428 17 147 16 2509 1
429 10 149 24 3586 1
430 181 157 51 4115 1
431 18 158 41 9517 1
432 9 147 61 4893 1
433 10 161 24 4337 1
434 17 149 12 2329 1
435 3 145 30 6213 1
436 8 154 17 2923 1
437 15 154 17 2923 1
438 22 154 17 2923 1
439 29 154 17 2923 1
440 17 160 28 6510 1
441 8 169 9 1885 1
442 15 169 9 1885 1
443 22 169 9 1885 1
444 71 157 17 3869 1
445 9 151 52 4375 1
446 15 167 38 4303 1
447 24 170 43 8761 1
448 14 145 28 3038 1
449 27 145 28 3038 1
450 15 157 39 6707 1
451 13 161 17 2287 1
452 25 161 17 2287 1
453 37 161 17 2287 1
454 9 147 40 7877 1
455 47 149 23 2747 1
456 9 158 17 1813 1
457 17 158 17 1813 1
458 8 165 30 7320 1
459 22 161 26 4747 1
460 11 169 9 1654 1
461 16 158 37 8035 1
462 27 157 30 3587 1
463 8 149 22 2840 1
464 17 165 37 5308 1
465 95 158 43 9917 1
466 189 158 43 9917 1
467 16 170 23 4419 1
468 8 157 26 4555 1
469 8 160 20 3860 1
470 10 154 22 2084 1
471 9 161 24 1968 1
472 17 161 24 1968 1
473 25 161 24 1968 1
474 10 154 37 7734 1
475 19 154 37 7734 1
476 28 154 37 7734 1
477 37 154 37 7734 1
478 15 149 31 3009 1
479 11 170 57 13707 1
480 21 170 57 13707 1
481 12 145 22 3316 1
482 23 145 22 3316 1
483 34 145 22 3316 1
484 12 167 23 2249 1
485 14 151 15 2292 1
486 27 151 15 2292 1
487 40 151 15 2292 1
488 17 145 29 4440 1
489 53 160 29 4825 1
490 7 147 18 3123 1
491 13 147 18 3123 1
492 12 170 20 3475 1
493 11 145 25 2781 1
494 21 145 25 2781 1
495 16 161 25 3030 1
496 15 154 9 1164 1
497 12 149 30 2963 1
498 23 149 30 2963 1
499 23 157 61 12392 1
500 12 151 11 1376 1
501 13 170 2 340 1
502 25 170 2 340 1
503 37 170 2 340 1
504 49 170 2 340 1
505 11 151 1 169 1
506 21 151 1 169 1
507 15 151 41 8438 1
508 11 145 41 3467 1
509 28 147 23 2250 1
510 22 147 12 1359 1
511 20 160 27 3786 1
512 8 170 42 7637 1
513 17 169 23 4380 1
514 8 165 49 10618 1
515 7 154 35 4228 1
516 13 154 35 4228 1
517 8 168 14 2977 1
518 13 168 24 3806 1
519 12 145 58 8706 1
520 15 168 19 3854 1
521 25 168 39 7877 1
522 12 161 28 2721 1
523 11 167 5 1132 1
524 21 167 5 1132 1
525 10 145 1 119 1
526 8 168 35 7600 1
527 7 170 37 7527 1
528 13 170 37 7527 1
529 10 147 26 3498 1
530 19 147 26 3498 1
531 11 158 34 7105 1
532 12 160 25 4549 1
533 85 160 46 10178 1
534 44 161 55 9306 1
535 12 165 32 4264 1
536 17 145 28 2887 1
537 11 167 6 1067 1
538 21 167 6 1067 1
539 12 158 15 2796 1
540 23 158 15 2796 1
541 34 158 15 2796 1
542 12 160 45 4418 1
543 23 160 45 4418 1
544 34 160 45 4418 1
545 45 160 45 4418 1
546 13 149 5 464 1
547 25 149 5 464 1
548 11 165 25 5059 1
549 11 151 31 2762 1
550 16 169 55 9935 1
551 8 161 35 6901 1
552 14 147 26 4244 1
553 8 165 21 4633 1
554 15 165 21 4633 1
555 9 149 57 9108 1
556 9 151 3 357 1
557 17 151 3 357 1
558 13 154 45 5564 1
559 7 154 14 2482 1
560 13 154 14 2482 1
561 12 145 25 3303 1
562 23 145 25 3303 1
563 34 145 25 3303 1
564 11 167 40 5262 1
565 12 147 44 5087 1
566 23 147 44 5087 1
567 34 147 44 5087 1
568 45 147 44 5087 1
569 12 145 13 1437 1
570 10 160 15 3380 1
571 19 160 15 3380 1
572 14 168 28 4814 1
573 11 167 27 6307 1
574 21 167 27 6307 1
575 14 167 39 3472 1
576 27 167 39 3472 1
577 11 154 25 2503 1
578 21 154 25 2503 1
579 8 157 45 7809 1
580 10 145 40 4132 1
581 19 145 40 4132 1
582 22 147 28 2853 1
583 9 151 30 5602 1
584 17 160 10 974 1
585 23 170 16 3728 1
586 10 170 21 2184 1
587 44 178 27 3736 1
588 16 175 14 2581 1
589 14 197 14 3450 1
590 16 197 16 4059 1
591 44 207 51 9712 1
592 33 210 11 2054 1
593 57 175 31 3674 1
594 43 198 18 2965 1
595 56 197 25 3121 1
596 20 207 28 3594 1
597 10 175 15 2236 1
598 19 175 15 2236 1
599 15 178 14 3119 1
600 57 184 8 1340 1
601 113 184 8 1340 1
602 44 198 13 1664 1
603 56 184 8 1231 1
604 111 184 8 1231 1
605 44 178 17 1972 1
606 37 210 15 4166 1
607 44 198 23 5461 1
608 87 198 23 5461 1
609 130 198 23 5461 1
610 16 183 26 5730 1
611 44 211 22 6434 1
612 14 210 39 10827 1
613 72 207 19 3603 1
614 45 207 15 1842 1
615 25 198 21 4507 1
616 15 184 19 2050 1
617 15 184 16 3312 1
618 57 183 22 3211 1
619 45 198 27 5420 1
620 44 208 15 3949 1
621 118 175 17 1943 1
622 37 184 13 3101 1
623 45 208 22 5813 1
624 89 208 22 5813 1
625 44 197 17 3518 1
626 44 198 48 6198 1
627 15 194 27 6508 1
628 59 178 13 3458 1
629 43 208 26 6952 1
630 59 183 16 2984 1
631 117 183 16 2984 1
632 20 175 36 5335 1
633 19 208 19 3420 1
634 57 208 20 3044 1
635 113 208 20 3044 1
636 14 184 32 7544 1
637 36 194 8 1177 1
638 17 197 9 1528 1
639 72 194 18 2726 1
640 15 198 20 3725 1
641 60 210 8 1300 1
642 44 210 19 3776 1
643 40 195 9 1668 1
644 37 195 8 1515 1
645 25 198 13 2454 1
646 57 178 10 2125 1
647 113 178 10 2125 1
648 44 195 29 4662 1
649 87 195 29 4662 1
650 130 195 29 4662 1
651 35 195 27 5469 1
652 25 194 14 3151 1
653 40 208 18 5430 1
654 35 183 21 4361 1
655 37 194 9 1030 1
656 36 198 9 1973 1
657 71 198 9 1973 1
658 43 211 14 3783 1
659 85 211 14 3783 1
660 37 194 11 2369 1
661 16 207 11 2959 1
662 57 208 14 1466 1
663 37 183 20 5017 1
664 37 198 12 3349 1
665 73 198 12 3349 1
666 45 207 24 3473 1
667 17 184 6 1210 1
668 58 208 30 4641 1
669 57 184 10 969 1
670 19 183 27 5450 1
671 28 195 10 2101 1
672 43 207 15 2606 1
673 36 178 14 2286 1
674 53 208 33 7493 1
675 39 210 6 1695 1
676 56 194 19 4127 1
677 15 198 21 4944 1
678 29 198 21 4944 1
679 45 210 19 3066 1
680 36 197 21 4177 1
681 15 260 13 3990 1
682 57 255 21 6711 1
683 57 268 31 6544 1
684 64 276 35 6354 1
685 29 265 37 6875 1
686 37 274 31 4802 1
687 73 274 31 4802 1
688 40 277 18 4375 1
689 29 222 14 2136 1
690 31 264 33 8957 1
691 36 216 14 1739 1
692 36 274 25 9078 1
693 41 239 15 2828 1
694 81 239 15 2828 1
695 36 220 21 3853 1
696 58 222 28 3435 1
697 17 255 24 5797 1
698 92 230 23 3627 1
699 57 222 33 10935 1
700 75 276 21 3921 1
701 149 276 21 3921 1
702 58 230 18 3049 1
703 58 243 30 9755 1
704 58 230 18 3322 1
705 38 258 28 3923 1
706 75 258 28 3923 1
707 112 258 28 3923 1
708 149 258 28 3923 1
709 15 275 42 16579 1
710 36 239 27 8660 1
711 71 239 27 8660 1
712 37 268 22 3664 1
713 73 268 22 3664 1
714 109 268 22 3664 1
715 145 268 22 3664 1
716 181 268 22 3664 1
717 50 228 26 8260 1
718 50 240 19 3178 1
719 16 260 42 10095 1
720 37 277 23 5959 1
721 78 258 33 11985 1
722 36 276 35 6701 1
723 35 228 34 4685 1
724 40 259 16 4318 1
725 58 258 17 3198 1
726 46 257 23 4075 1
727 89 239 14 2219 1
728 50 254 30 7495 1
729 99 254 30 7495 1
730 50 239 17 3855 1
731 50 267 30 11141 1
732 57 222 22 2725 1
733 50 243 37 8775 1
734 99 243 37 8775 1
735 29 265 36 13127 1
736 57 254 18 4509 1
737 37 230 26 5257 1
738 51 240 27 5597 1
739 43 279 14 2558 1
740 56 257 20 5777 1
741 36 258 20 6305 1
742 71 258 20 6305 1
743 106 258 20 6305 1
744 37 239 25 8352 1
745 73 239 25 8352 1
746 50 262 16 4837 1
747 58 243 19 4696 1
748 38 268 18 5117 1
749 37 272 21 6399 1
750 73 272 21 6399 1
751 29 274 45 8483 1
752 44 230 32 5666 1
753 31 220 24 7491 1
754 9 274 16 4017 1
755 31 274 28 8131 1
756 64 276 29 8211 1
757 37 272 22 5275 1
758 73 272 22 5275 1
759 58 257 33 5781 1
760 115 257 33 5781 1
761 37 255 17 2847 1
762 57 259 20 6942 1
763 113 259 20 6942 1
764 36 222 14 3313 1
765 35 277 47 13921 1
766 29 222 22 3830 1
767 37 261 19 7155 1
768 73 261 19 7155 1
769 18 260 29 5592 1
770 30 239 18 2830 1
771 56 228 16 2651 1
772 36 255 25 6342 1
773 65 268 21 6421 1
774 29 239 16 5684 1
775 23 265 18 6991 1
776 80 303 23 5213 1
777 79 332 28 4740 1
778 57 281 25 6969 1
779 113 281 25 6969 1
780 58 335 21 4068 1
781 58 293 33 6486 1
782 62 299 34 8577 1
783 57 334 31 7210 1
784 58 338 28 10331 1
785 78 282 44 13893 1
786 57 337 31 14336 1
787 113 337 31 14336 1
788 58 338 43 18865 1
789 56 286 17 2526 1
790 57 323 49 9131 1
791 113 323 49 9131 1
792 42 299 43 16431 1
793 57 293 36 14643 1
794 65 305 52 23333 1
795 58 333 50 20012 1
796 59 324 36 15765 1
797 117 324 36 15765 1
798 78 338 40 18550 1
799 57 299 22 5673 1
800 113 299 22 5673 1
801 58 332 34 6137 1
802 67 286 33 8125 1
803 58 304 15 4442 1
804 56 336 58 28146 1
805 111 336 58 28146 1
806 66 305 42 14550 1
807 76 334 38 13509 1
808 151 334 38 13509 1
809 64 338 11 4405 1
810 83 335 41 14617 1
811 57 303 33 14150 1
812 30 334 33 7515 1
813 56 299 12 3245 1
814 111 299 12 3245 1
815 58 334 36 10160 1
816 115 334 36 10160 1
817 80 286 14 3124 1
818 37 304 27 11045 1
819 78 281 28 4702 1
820 57 332 27 12566 1
821 113 332 27 12566 1
822 56 303 42 18988 1
823 111 303 42 18988 1
824 166 303 42 18988 1
825 28 333 30 6034 1
826 37 293 35 8673 1
827 58 286 13 5487 1
828 70 281 26 5565 1
829 79 292 24 8650 1
830 78 286 34 9652 1
831 5 303 24 5469 1
832 57 323 42 11711 1
833 58 333 28 8110 1
834 115 333 28 8110 1
835 172 333 28 8110 1
836 229 333 28 8110 1
837 286 333 28 8110 1
838 78 281 28 4323 1
839 58 300 31 12996 1
840 115 300 31 12996 1
841 172 300 31 12996 1
842 78 338 34 14939 1
843 155 338 34 14939 1
844 77 333 63 19391 1
845 59 324 59 9642 1
846 117 324 59 9642 1
847 37 281 30 5910 1
848 78 334 45 16818 1
849 57 337 26 7597 1
850 58 338 30 5987 1
851 57 324 27 5761 1
852 58 323 38 11163 1
853 6 332 36 14393 1
854 57 294 27 6016 1
855 113 294 27 6016 1
856 57 332 53 17411 1
857 113 332 53 17411 1
858 78 300 26 10054 1
859 55 333 37 18281 1
860 37 334 41 9235 1
861 58 292 34 8531 1
862 115 292 34 8531 1
863 61 332 46 15365 1
864 42 281 10 2152 1
865 36 281 35 7690 1
866 58 324 31 12986 1
867 57 338 21 8197 1
868 30 293 24 10427 1
869 29 335 43 21443 1
870 58 294 43 12522 1
871 115 294 43 12522 1
872 77 332 33 6784 1
873 55 332 40 18883 1
874 56 335 35 6788 1
875 57 293 21 3567 1
876 113 293 21 3567 1
877 169 293 21 3567 1
878 225 293 21 3567 1
879 281 293 21 3567 1
880 68 286 24 7139 1
881 135 286 24 7139 1
882 57 294 31 8682 1
883 85 369 23 7060 1
884 77 364 20 6962 1
885 80 365 42 13755 1
886 77 365 60 15464 1
887 74 364 55 17170 1
888 70 349 33 7258 1
889 139 349 33 7258 1
890 78 363 26 14013 1
891 155 363 26 14013 1
892 232 363 26 14013 1
893 73 369 38 15605 1
894 145 369 38 15605 1
895 217 369 38 15605 1
896 289 369 38 15605 1
897 73 364 24 6410 1
898 70 366 43 18043 1
899 139 366 43 18043 1
900 208 366 43 18043 1
901 72 363 54 14308 1
902 78 368 43 19084 1
903 70 363 52 22472 1
904 77 365 41 13489 1
905 116 365 42 20577 1
906 231 365 42 20577 1
907 346 365 42 20577 1
908 79 363 43 10302 1
909 71 364 48 9976 1
910 95 365 24 9874 1
911 71 368 56 23311 1
912 75 363 45 18977 1
913 84 364 27 14276 1
914 78 349 48 14951 1
915 155 349 48 14951 1
916 89 365 24 9697 1
917 78 366 41 20207 1
918 155 366 41 20207 1
919 232 366 41 20207 1
920 309 366 41 20207 1
921 86 363 18 4140 1
922 71 365 43 8925 1
923 70 365 79 26109 1
924 71 369 48 18139 1
925 63 368 27 6605 1
926 125 368 27 6605 1
927 149 349 42 12605 1
928 62 349 38 18861 1
929 69 365 27 9136 1
930 95 368 45 23363 1
931 189 368 45 23363 1
932 114 365 41 21883 1
933 84 366 25 9075 1
934 72 364 25 9558 1
935 90 349 39 10115 1
936 69 365 39 17420 1
937 73 365 71 30405 1
938 79 365 28 8975 1
939 80 365 54 19846 1
940 71 369 27 9328 1
941 141 369 27 9328 1
942 90 366 37 10079 1
943 71 363 81 21297 1
944 72 368 34 13329 1
945 112 349 59 29960 1
946 109 369 35 17029 1
947 217 369 35 17029 1
948 79 349 27 6015 1
949 71 369 38 18610 1
950 78 368 46 16456 1
951 91 349 35 15182 1
952 71 366 47 18904 1
953 141 366 47 18904 1
954 78 368 44 23453 1
955 155 368 44 23453 1
956 71 366 42 16242 1
957 71 368 44 16869 1
958 75 366 30 14977 1
959 149 366 30 14977 1
960 85 349 38 14594 1
961 69 349 34 14164 1
962 52 368 36 7717 1
963 73 366 70 22387 1
964 79 365 34 8661 1
965 157 365 34 8661 1
966 93 365 62 26228 1
967 76 365 49 23932 1
968 135 368 41 22341 1
969 85 349 29 8125 1
970 72 364 46 15549 1
971 143 364 46 15549 1
972 72 368 41 12769 1
973 71 366 24 6090 1
974 63 369 44 18335 1
975 71 364 51 15935 1
976 78 366 32 16006 1
977 155 366 32 16006 1
978 76 365 56 15253 1
979 85 365 21 8210 1
980 79 349 41 19183 1
981 67 364 50 25140 1
982 133 364 50 25140 1
983 199 364 50 25140 1
984 108 366 38 18873 1
985 137 349 37 12321 1
986 68 369 34 9579 1
987 135 369 34 9579 1
988 80 364 64 27540 1
989 73 369 57 29771 1
990 68 369 43 12023 1
991 73 364 46 22382 1
992 78 364 43 17936 1
993 78 365 51 15745 1
994 70 349 45 19774 1
995 139 349 45 19774 1
996 109 349 46 13008 1
997 79 364 34 8417 1
998 157 364 34 8417 1
999 235 364 34 8417 1
1000 71 369 51 13974 1
1001 73 366 33 17327 1
1002 70 366 37 14977 1
1003 56 349 25 4912 1
1004 72 349 39 12706 1
1005 71 369 36 12416 1
1006 141 369 36 12416 1
1007 69 349 64 20671 1
1008 78 369 39 20474 1
1009 155 369 39 20474 1
1010 72 349 41 14026 1
1011 78 349 47 12905 1
1012 72 363 41 20120 1
1013 76 365 63 26253 1
1014 151 365 63 26253 1
1015 61 368 26 8100 1
1016 86 397 29 13489 1
1017 171 397 29 13489 1
1018 256 397 29 13489 1
1019 90 398 39 13683 1
1020 83 399 28 15699 1
1021 91 398 55 15781 1
1022 181 398 55 15781 1
1023 78 399 43 20704 1
1024 90 398 54 19988 1
1025 179 398 54 19988 1
1026 268 398 54 19988 1
1027 91 399 53 19478 1
1028 85 398 46 17619 1
1029 79 399 36 7979 1
1030 152 398 37 19503 1
1031 93 396 46 17964 1
1032 93 400 60 12384 1
1033 185 400 60 12384 1
1034 277 400 60 12384 1
1035 78 399 40 13507 1
1036 86 400 41 12234 1
1037 171 400 41 12234 1
16
500 500 500 500 425 425 400 400 440 500 500 400 500 500 500 550 