1037
1 8 121 45 4053 1
2 8 118 15 2455 1
3 6 118 30 4103 1
4 9 127 16 2565 1
5 8 129 20 3736 1
6 7 117 7 947 1
7 21 134 21 3492 1
8 22 133 23 3086 1
9 8 121 18 2171 1
10 16 118 43 4760 1
11 9 118 38 2421 1
12 9 137 13 1692 1
13 9 127 29 4892 1
14 31 141 22 2924 1
15 61 141 22 2924 1
16 8 125 16 1326 1
17 15 125 16 1326 1
18 16 125 16 2600 1
19 31 125 16 2600 1
20 21 132 27 5210 1
21 5 138 29 3934 1
22 8 132 31 5356 1
23 9 129 23 2215 1
24 9 118 6 717 1
25 8 137 23 2098 1
26 15 137 23 2098 1
27 8 139 19 3010 1
28 25 127 19 1576 1
29 16 132 41 3865 1
30 14 127 24 1695 1
31 6 133 43 3499 1
32 8 140 36 7032 1
33 9 118 14 2341 1
34 17 127 34 2732 1
35 8 101 7 414 1
36 15 101 7 414 1
37 22 101 7 414 1
38 29 101 7 414 1
39 15 129 8 832 1
40 22 137 12 2123 1
41 4 121 7 806 1
42 7 121 7 806 1
43 9 139 16 2610 1
44 17 139 16 2610 1
45 8 141 10 1141 1
46 9 139 29 3081 1
47 17 139 29 3081 1
48 15 121 21 3219 1
49 29 121 21 3219 1
50 43 121 21 3219 1
51 11 121 34 3355 1
52 8 121 20 1923 1
53 15 121 20 1923 1
54 8 139 22 1891 1
55 15 139 22 1891 1
56 15 118 19 3291 1
57 29 118 19 3291 1
58 9 133 41 5826 1
59 8 141 19 2433 1
60 8 132 3 254 1
61 15 132 3 254 1
62 3 138 57 9973 1
63 7 133 14 959 1
64 8 137 30 4396 1
65 15 137 30 4396 1
66 16 138 18 3375 1
67 31 138 18 3375 1
68 23 127 23 2866 1
69 8 121 15 2604 1
70 15 121 15 2604 1
71 8 137 31 2325 1
72 22 117 18 2581 1
73 26 125 23 2566 1
74 21 129 23 2182 1
75 78 121 33 4336 1
76 14 127 50 6594 1
77 14 133 31 5630 1
78 15 133 22 2920 1
79 12 139 12 1310 1
80 8 134 25 2761 1
81 15 134 25 2761 1
82 22 134 25 2761 1
83 20 134 24 2987 1
84 10 125 24 4494 1
85 16 101 13 1612 1
86 9 139 68 8225 1
87 17 139 68 8225 1
88 17 127 21 3248 1
89 9 125 28 4883 1
90 15 138 36 4151 1
91 15 133 18 3104 1
92 15 138 20 3928 1
93 9 101 34 4581 1
94 8 121 20 1489 1
95 8 137 30 2784 1
96 8 137 13 1883 1
97 15 137 13 1883 1
98 8 125 34 4235 1
99 15 125 34 4235 1
100 22 125 34 4235 1
101 29 125 34 4235 1
102 9 127 22 3454 1
103 10 129 13 1723 1
104 9 118 12 1107 1
105 17 118 12 1107 1
106 8 134 19 1301 1
107 30 117 12 1509 1
108 8 101 22 2504 1
109 15 101 22 2504 1
110 9 138 7 1265 1
111 17 138 7 1265 1
112 25 138 7 1265 1
113 16 139 26 2182 1
114 8 134 14 947 1
115 15 134 14 947 1
116 22 134 14 947 1
117 29 134 14 947 1
118 36 134 14 947 1
119 8 134 36 4564 1
120 9 118 16 1319 1
121 26 134 1 189 1
122 51 134 1 189 1
123 10 101 16 967 1
124 16 139 9 1121 1
125 9 125 12 1226 1
126 17 125 12 1226 1
127 27 141 2 301 1
128 8 141 18 1866 1
129 9 140 25 4003 1
130 17 140 25 4003 1
131 25 140 25 4003 1
132 9 127 23 2632 1
133 9 101 3 445 1
134 72 141 20 3350 1
135 8 127 7 601 1
136 7 117 18 3076 1
137 17 117 33 5367 1
138 8 141 22 1606 1
139 9 138 24 3584 1
140 7 101 22 2769 1
141 13 101 22 2769 1
142 9 127 11 1015 1
143 182 133 25 3554 1
144 9 133 38 7248 1
145 17 133 38 7248 1
146 8 137 10 848 1
147 8 141 25 3525 1
148 15 141 25 3525 1
149 22 141 25 3525 1
150 29 141 25 3525 1
151 8 125 15 2515 1
152 10 101 30 1814 1
153 19 101 30 1814 1
154 8 133 40 5251 1
155 15 133 40 5251 1
156 22 133 40 5251 1
157 29 133 40 5251 1
158 36 133 40 5251 1
159 43 133 40 5251 1
160 50 133 40 5251 1
161 57 133 40 5251 1
162 9 141 53 4138 1
163 9 133 45 3204 1
164 15 138 14 1137 1
165 9 127 31 3601 1
166 8 132 9 1678 1
167 9 118 11 1375 1
168 17 118 11 1375 1
169 25 118 11 1375 1
170 21 118 35 4152 1
171 15 118 18 2319 1
172 7 139 25 2383 1
173 38 121 4 595 1
174 23 133 76 5339 1
175 8 141 40 4728 1
176 15 141 40 4728 1
177 22 141 40 4728 1
178 29 141 40 4728 1
179 36 141 40 4728 1
180 43 141 40 4728 1
181 9 140 25 5003 1
182 17 140 25 5003 1
183 25 140 25 5003 1
184 15 118 4 318 1
185 9 140 30 2803 1
186 17 140 30 2803 1
187 8 139 25 2955 1
188 9 117 21 2051 1
189 8 140 31 2343 1
190 7 137 43 7543 1
191 13 137 43 7543 1
192 19 137 43 7543 1
193 8 133 44 5803 1
194 15 133 44 5803 1
195 22 133 44 5803 1
196 29 133 44 5803 1
197 17 118 22 3704 1
198 10 101 12 1251 1
199 19 101 12 1251 1
200 9 137 25 3626 1
201 48 101 4 512 1
202 24 117 7 700 1
203 7 141 19 1995 1
204 6 129 21 2319 1
205 9 140 38 3868 1
206 17 140 38 3868 1
207 8 138 22 2208 1
208 15 138 22 2208 1
209 22 138 22 2208 1
210 8 127 23 2571 1
211 14 138 21 3130 1
212 12 125 47 4862 1
213 4 117 26 2087 1
214 9 121 6 526 1
215 17 121 6 526 1
216 25 121 6 526 1
217 33 121 6 526 1
218 96 134 38 6670 1
219 11 125 26 4334 1
220 9 139 23 4753 1
221 8 127 29 3437 1
222 9 138 21 1960 1
223 19 127 34 6428 1
224 8 121 17 1311 1
225 15 121 17 1311 1
226 22 121 17 1311 1
227 29 121 17 1311 1
228 36 121 17 1311 1
229 43 121 17 1311 1
230 8 132 11 1733 1
231 15 132 6 964 1
232 9 138 15 1752 1
233 15 141 13 1828 1
234 16 121 21 1445 1
235 9 141 41 5801 1
236 8 129 56 7675 1
237 8 121 22 3499 1
238 9 139 36 3315 1
239 8 140 38 4057 1
240 15 140 38 4057 1
241 14 141 20 2797 1
242 7 137 36 6272 1
243 22 141 14 2343 1
244 3 118 35 3873 1
245 10 137 29 2827 1
246 9 138 20 3719 1
247 16 141 19 3813 1
248 9 121 25 1634 1
249 9 140 15 1487 1
250 9 127 22 3221 1
251 13 121 24 3442 1
252 10 140 20 2474 1
253 15 141 18 3489 1
254 26 133 7 556 1
255 10 134 4 470 1
256 19 134 4 470 1
257 28 134 4 470 1
258 16 129 25 3268 1
259 5 117 32 5381 1
260 9 117 32 5381 1
261 15 127 20 2222 1
262 8 129 14 1951 1
263 11 132 25 2349 1
264 15 117 34 3996 1
265 8 134 39 4870 1
266 9 139 20 2316 1
267 8 125 14 2406 1
268 14 129 32 4261 1
269 27 129 32 4261 1
270 8 118 29 2206 1
271 15 118 29 2206 1
272 15 129 19 1367 1
273 7 132 23 3543 1
274 30 121 20 1318 1
275 19 127 23 3579 1
276 8 133 51 4691 1
277 11 132 10 1616 1
278 9 134 18 3297 1
279 17 134 18 3297 1
280 8 125 29 5426 1
281 15 125 29 5426 1
282 22 125 29 5426 1
283 29 125 29 5426 1
284 9 139 20 4165 1
285 17 139 20 4165 1
286 16 157 37 5993 1
287 16 149 25 3324 1
288 21 170 25 4024 1
289 24 167 30 5543 1
290 8 165 26 3011 1
291 9 151 26 3662 1
292 11 160 37 8325 1
293 12 165 9 1345 1
294 15 158 29 5667 1
295 29 158 29 5667 1
296 23 161 10 1852 1
297 16 158 31 5936 1
298 15 165 52 11376 1
299 10 157 26 4176 1
300 16 151 21 3382 1
301 8 168 17 3433 1
302 9 160 21 2516 1
303 8 168 21 2178 1
304 2 167 46 4431 1
305 8 165 35 5115 1
306 7 167 49 6454 1
307 21 169 44 8865 1
308 11 165 27 2753 1
309 8 151 24 2232 1
310 7 161 32 6861 1
311 12 170 13 1481 1
312 23 170 13 1481 1
313 9 167 30 2990 1
314 12 169 42 9997 1
315 23 169 42 9997 1
316 12 151 37 5230 1
317 23 151 37 5230 1
318 12 147 13 2774 1
319 10 149 8 607 1
320 19 149 8 607 1
321 15 147 28 3048 1
322 12 154 16 2324 1
323 11 170 55 9211 1
324 13 151 11 2165 1
325 15 157 27 4023 1
326 16 169 24 2387 1
327 22 151 26 5482 1
328 15 157 43 7827 1
329 10 145 21 2681 1
330 9 170 28 3795 1
331 9 147 27 4190 1
332 11 157 36 7718 1
333 10 167 47 11088 1
334 8 165 39 8757 1
335 39 167 47 9874 1
336 35 161 27 2495 1
337 22 165 39 4016 1
338 105 170 52 8955 1
339 17 151 20 4053 1
340 12 157 21 3907 1
341 23 157 21 3907 1
342 10 154 34 4988 1
343 19 154 34 4988 1
344 57 147 18 2157 1
345 113 147 18 2157 1
346 7 168 37 9186 1
347 12 158 18 4095 1
348 23 158 18 4095 1
349 34 158 18 4095 1
350 7 167 23 2400 1
351 12 169 13 1692 1
352 3 170 34 3626 1
353 8 145 12 1163 1
354 15 145 12 1163 1
355 11 168 21 3455 1
356 21 168 21 3455 1
357 10 170 28 3134 1
358 19 170 28 3134 1
359 9 160 8 1070 1
360 10 161 29 2427 1
361 8 161 22 4152 1
362 8 154 9 1011 1
363 16 151 10 1310 1
364 11 168 63 14694 1
365 21 168 63 14694 1
366 31 168 63 14694 1
367 9 160 33 7196 1
368 13 167 10 847 1
369 25 167 10 847 1
370 12 145 25 3867 1
371 11 147 48 4500 1
372 21 147 48 4500 1
373 8 168 46 7754 1
374 10 161 23 3682 1
375 22 147 51 7422 1
376 11 170 20 3883 1
377 21 170 20 3883 1
378 31 170 20 3883 1
379 16 160 11 1929 1
380 11 147 14 1751 1
381 21 147 14 1751 1
382 9 169 51 7136 1
383 17 169 51 7136 1
384 12 170 17 2751 1
385 23 170 17 2751 1
386 34 170 17 2751 1
387 45 170 17 2751 1
388 12 157 31 5224 1
389 21 161 37 8099 1
390 14 149 26 3995 1
391 27 149 26 3995 1
392 9 158 40 6155 1
393 13 168 48 8293 1
394 25 168 48 8293 1
395 37 168 48 8293 1
396 14 169 20 2439 1
397 27 169 20 2439 1
398 9 149 23 4182 1
399 15 145 26 3877 1
400 15 154 43 6644 1
401 25 161 22 3366 1
402 11 157 31 4092 1
403 21 157 31 4092 1
404 15 149 44 4661 1
405 17 149 33 6483 1
406 10 145 11 1713 1
407 16 145 31 5976 1
408 22 161 18 2794 1
409 17 154 27 5973 1
410 9 151 20 3286 1
411 7 169 16 2607 1
412 11 161 34 4648 1
413 21 161 34 4648 1
414 31 161 34 4648 1
415 31 161 34 4630 1
416 12 161 40 6065 1
417 17 157 36 7235 1
418 16 147 28 2705 1
419 22 157 32 3010 1
420 8 151 10 2102 1
421 15 151 10 2102 1
422 12 154 32 3761 1
423 23 161 24 5623 1
424 17 165 35 3225 1
425 33 165 35 3225 1
426 11 154 26 4702 1
427 21 154 26 4702 1
428 16 149 8 1025 1
429 12 165 37 8337 1
430 23 165 37 8337 1
431 12 145 47 5407 1
432 12 158 73 6310 1
433 13 157 23 4629 1
434 23 151 30 3358 1
435 45 151 30 3358 1
436 9 161 3 331 1
437 13 151 9 1671 1
438 25 151 9 1671 1
439 11 158 45 3706 1
440 21 158 45 3706 1
441 31 158 45 3706 1
442 41 158 45 3706 1
443 12 158 66 12826 1
444 13 170 28 4191 1
445 25 170 28 4191 1
446 15 158 43 8624 1
447 29 158 43 8624 1
448 22 165 22 4526 1
449 8 169 20 4191 1
450 16 170 18 4555 1
451 13 160 9 1606 1
452 25 160 9 1606 1
453 10 170 34 5989 1
454 10 170 45 5381 1
455 10 154 22 4553 1
456 16 147 21 4295 1
457 13 158 20 4360 1
458 16 151 35 5235 1
459 13 157 23 2945 1
460 24 165 13 2279 1
461 14 147 24 3051 1
462 16 151 19 2183 1
463 16 149 27 2290 1
464 24 165 34 3608 1
465 13 170 29 6309 1
466 23 154 12 1770 1
467 12 157 23 5254 1
468 23 157 23 5254 1
469 22 165 32 7288 1
470 8 158 21 2830 1
471 11 151 39 3090 1
472 21 151 39 3090 1
473 31 151 39 3090 1
474 13 151 22 4601 1
475 4 158 45 4077 1
476 8 169 45 5571 1
477 7 147 9 838 1
478 12 145 19 3206 1
479 23 145 19 3206 1
480 51 170 28 4495 1
481 8 147 34 6170 1
482 15 147 34 6170 1
483 10 154 36 6406 1
484 14 147 28 5515 1
485 27 147 28 5515 1
486 40 147 28 5515 1
487 25 147 1 207 1
488 10 158 16 3112 1
489 19 158 16 3112 1
490 12 158 23 4356 1
491 15 151 35 7739 1
492 35 167 16 3679 1
493 13 161 1 172 1
494 25 161 1 172 1
495 11 170 39 3789 1
496 23 158 24 4950 1
497 43 149 18 1393 1
498 9 165 24 4373 1
499 9 168 29 4284 1
500 17 168 29 4284 1
501 9 170 23 4180 1
502 39 165 32 4606 1
503 17 168 3 439 1
504 9 168 22 2263 1
505 7 147 33 3068 1
506 13 147 33 3068 1
507 21 147 19 2327 1
508 7 154 51 11047 1
509 13 170 9 2108 1
510 11 158 45 5941 1
511 10 160 15 3183 1
512 16 145 9 1644 1
513 11 154 30 4264 1
514 16 165 5 487 1
515 16 151 53 9171 1
516 13 169 25 5550 1
517 25 169 25 5550 1
518 8 165 52 8414 1
519 9 170 21 4655 1
520 6 149 27 3958 1
521 11 149 27 3958 1
522 16 149 27 3958 1
523 23 168 44 3760 1
524 4 169 16 2476 1
525 22 158 13 1557 1
526 12 165 41 5993 1
527 23 165 41 5993 1
528 16 151 20 2302 1
529 9 161 46 7851 1
530 11 145 25 3506 1
531 21 145 25 3506 1
532 31 145 25 3506 1
533 10 170 44 9958 1
534 12 145 41 4380 1
535 11 160 10 1139 1
536 21 165 19 4679 1
537 9 168 31 5306 1
538 16 157 18 2387 1
539 11 167 32 5613 1
540 12 157 17 1658 1
541 11 168 44 9180 1
542 21 168 44 9180 1
543 16 161 32 6979 1
544 12 145 26 2195 1
545 8 170 24 5709 1
546 12 169 12 2070 1
547 23 169 12 2070 1
548 34 169 12 2070 1
549 16 158 20 4033 1
550 8 167 38 6756 1
551 12 165 21 4560 1
552 23 165 21 4560 1
553 17 165 13 2920 1
554 11 158 25 2752 1
555 124 169 23 4318 1
556 20 158 7 924 1
557 12 161 44 8077 1
558 15 161 28 3774 1
559 11 145 45 3946 1
560 13 169 18 2976 1
561 25 169 18 2976 1
562 37 169 18 2976 1
563 23 147 33 3463 1
564 19 160 23 5103 1
565 172 154 25 4246 1
566 8 147 38 7513 1
567 16 170 75 13109 1
568 16 160 19 3701 1
569 16 158 34 7141 1
570 7 160 24 2315 1
571 13 160 24 2315 1
572 8 145 42 5032 1
573 22 145 15 2143 1
574 12 154 4 526 1
575 12 165 24 4224 1
576 23 165 24 4224 1
577 13 147 22 2715 1
578 9 167 22 4032 1
579 17 167 22 4032 1
580 7 165 26 4703 1
581 90 154 32 4426 1
582 12 158 58 6653 1
583 15 149 18 2299 1
584 16 158 19 3599 1
585 9 149 23 4434 1
586 17 149 23 4434 1
587 44 178 38 3720 1
588 44 194 23 3175 1
589 17 183 14 2497 1
590 43 197 16 1824 1
591 43 194 13 2440 1
592 36 207 9 2411 1
593 40 210 17 3765 1
594 14 198 18 4189 1
595 55 197 10 1146 1
596 43 207 20 3091 1
597 37 211 11 1939 1
598 73 208 19 5710 1
599 40 175 18 1999 1
600 25 183 31 4797 1
601 44 178 20 3922 1
602 87 178 20 3922 1
603 130 178 20 3922 1
604 173 178 20 3922 1
605 216 178 20 3922 1
606 259 178 20 3922 1
607 17 183 28 5093 1
608 44 197 15 2647 1
609 40 198 34 9201 1
610 22 195 11 2482 1
611 58 178 38 3701 1
612 43 198 24 4462 1
613 22 210 25 3433 1
614 37 183 11 1554 1
615 16 207 9 1343 1
616 13 197 14 3870 1
617 25 197 14 3870 1
618 43 198 10 1598 1
619 15 183 20 4887 1
620 59 184 26 6253 1
621 44 183 12 1939 1
622 45 184 18 1861 1
623 52 195 20 5461 1
624 43 183 11 1573 1
625 37 198 21 4840 1
626 40 195 15 2799 1
627 21 208 10 1135 1
628 46 183 16 4286 1
629 43 210 12 1615 1
630 85 210 12 1615 1
631 36 175 14 2521 1
632 71 210 6 1888 1
633 19 184 16 3173 1
634 43 178 16 4138 1
635 37 195 26 4412 1
636 42 197 22 4474 1
637 20 178 14 3572 1
638 39 178 14 3572 1
639 44 195 20 5344 1
640 37 198 20 2445 1
641 42 195 30 7712 1
642 83 195 30 7712 1
643 124 195 30 7712 1
644 165 195 30 7712 1
645 36 178 9 1911 1
646 43 211 58 13826 1
647 16 208 17 2118 1
648 41 211 17 3999 1
649 12 194 16 2486 1
650 59 211 23 7216 1
651 41 183 12 1234 1
652 16 183 6 1411 1
653 45 178 20 2387 1
654 89 178 20 2387 1
655 37 211 33 10167 1
656 58 198 14 3523 1
657 44 210 35 7552 1
658 37 211 15 3130 1
659 42 211 24 6390 1
660 16 178 12 2029 1
661 44 184 18 2532 1
662 87 184 18 2532 1
663 130 184 18 2532 1
664 17 210 26 5494 1
665 56 211 27 5674 1
666 17 211 11 2608 1
667 41 194 13 2483 1
668 57 195 32 7540 1
669 113 195 32 7540 1
670 71 210 34 8056 1
671 38 184 15 2414 1
672 75 184 15 2414 1
673 112 184 15 2414 1
674 44 198 10 1412 1
675 87 198 10 1412 1
676 44 194 15 2804 1
677 87 194 15 2804 1
678 44 178 27 7128 1
679 43 183 13 3426 1
680 44 198 16 3442 1
681 50 222 21 4161 1
682 92 221 42 7676 1
683 43 216 16 3272 1
684 85 216 16 3272 1
685 36 240 39 6963 1
686 40 258 14 4210 1
687 56 275 23 5496 1
688 57 239 37 13086 1
689 113 239 37 13086 1
690 57 255 23 7976 1
691 29 277 33 12828 1
692 38 257 26 5322 1
693 43 222 24 5286 1
694 51 221 16 4204 1
695 38 221 20 4096 1
696 51 265 20 4926 1
697 62 259 26 5574 1
698 13 216 22 3503 1
699 58 268 36 10382 1
700 50 221 29 8524 1
701 45 267 27 4915 1
702 57 260 21 7680 1
703 30 240 15 4349 1
704 58 220 43 13233 1
705 51 275 16 5141 1
706 37 265 18 7118 1
707 73 265 18 7118 1
708 109 265 18 7118 1
709 14 254 33 8263 1
710 52 216 13 2784 1
711 50 275 25 9721 1
712 36 264 16 2590 1
713 29 230 26 3411 1
714 91 216 21 2584 1
715 29 277 19 7824 1
716 37 274 35 11114 1
717 37 239 23 4981 1
718 40 243 17 5055 1
719 51 267 36 13828 1
720 29 257 20 5488 1
721 57 259 27 5584 1
722 66 222 23 4281 1
723 51 262 29 4868 1
724 36 272 33 8932 1
725 36 240 22 7264 1
726 58 240 21 5382 1
727 57 230 11 2542 1
728 57 262 21 5423 1
729 30 259 18 4905 1
730 58 261 24 8858 1
731 57 230 32 8722 1
732 113 230 32 8722 1
733 51 254 11 3549 1
734 30 228 14 4675 1
735 57 268 18 5327 1
736 57 258 13 4566 1
737 36 268 32 7490 1
738 71 268 32 7490 1
739 34 255 24 5335 1
740 30 268 17 5428 1
741 58 262 30 10063 1
742 37 255 30 6031 1
743 73 255 30 6031 1
744 99 259 40 6894 1
745 44 274 14 5169 1
746 58 276 21 7266 1
747 37 240 18 3989 1
748 64 258 36 8339 1
749 50 228 51 16023 1
750 99 228 51 16023 1
751 148 228 51 16023 1
752 36 222 48 12412 1
753 71 222 48 12412 1
754 16 222 42 11788 1
755 31 277 29 10857 1
756 30 243 26 5532 1
757 38 216 35 6951 1
758 50 275 23 8885 1
759 31 220 25 6851 1
760 87 276 24 6887 1
761 173 276 24 6887 1
762 58 275 20 6230 1
763 115 275 20 6230 1
764 6 261 17 3063 1
765 58 230 27 9107 1
766 35 274 21 8409 1
767 23 228 20 6189 1
768 63 260 27 8060 1
769 64 258 32 10332 1
770 57 260 26 4575 1
771 113 260 26 4575 1
772 169 260 26 4575 1
773 37 240 19 3012 1
774 38 222 16 3778 1
775 37 261 39 12906 1
776 56 324 41 16529 1
777 111 324 41 16529 1
778 31 303 18 7459 1
779 58 293 32 10513 1
780 115 293 32 10513 1
781 172 293 32 10513 1
782 35 293 29 7602 1
783 10 324 64 24201 1
784 56 286 55 14022 1
785 42 286 28 10675 1
786 57 299 25 8743 1
787 57 316 36 9564 1
788 113 316 36 9564 1
789 169 316 36 9564 1
790 225 316 36 9564 1
791 31 337 29 7905 1
792 28 336 37 12252 1
793 77 324 33 7825 1
794 57 305 31 12802 1
795 77 300 27 11063 1
796 83 334 44 9113 1
797 29 303 35 7847 1
798 77 334 28 13366 1
799 57 281 31 12096 1
800 36 323 31 12996 1
801 58 337 48 21353 1
802 115 337 48 21353 1
803 172 337 48 21353 1
804 229 337 48 21353 1
805 56 336 19 6619 1
806 111 336 19 6619 1
807 166 336 19 6619 1
808 221 336 19 6619 1
809 276 336 19 6619 1
810 58 281 15 5865 1
811 36 299 27 7475 1
812 36 300 7 2359 1
813 78 323 36 10781 1
814 57 294 31 8950 1
815 113 294 31 8950 1
816 169 294 31 8950 1
817 225 294 31 8950 1
818 281 294 31 8950 1
819 70 323 30 14471 1
820 139 323 30 14471 1
821 58 294 21 9204 1
822 57 338 37 10939 1
823 78 299 25 8548 1
824 58 316 37 11991 1
825 31 333 22 10608 1
826 57 292 13 2567 1
827 69 300 27 8192 1
828 62 336 32 13414 1
829 88 294 37 11669 1
830 58 323 23 6566 1
831 37 303 29 7709 1
832 79 292 42 16356 1
833 58 282 36 12245 1
834 115 282 36 12245 1
835 172 282 36 12245 1
836 56 335 33 13842 1
837 78 324 43 8125 1
838 58 294 43 13971 1
839 115 294 43 13971 1
840 56 303 20 6745 1
841 111 303 20 6745 1
842 57 293 38 11686 1
843 113 293 38 11686 1
844 56 300 28 11568 1
845 49 337 30 14148 1
846 97 337 30 14148 1
847 56 335 34 5872 1
848 111 335 34 5872 1
849 29 293 12 2511 1
850 57 293 12 2511 1
851 57 333 32 6515 1
852 113 333 32 6515 1
853 56 335 20 8211 1
854 63 337 34 6602 1
855 125 337 34 6602 1
856 56 338 45 7990 1
857 30 304 30 5918 1
858 39 336 40 19845 1
859 77 336 40 19845 1
860 79 305 34 5474 1
861 57 316 44 19815 1
862 29 323 76 12427 1
863 52 300 26 11054 1
864 65 333 40 7240 1
865 58 332 43 16695 1
866 115 332 43 16695 1
867 36 336 44 15624 1
868 58 332 33 16234 1
869 57 304 43 17317 1
870 113 304 43 17317 1
871 169 304 43 17317 1
872 37 333 44 11487 1
873 59 335 41 14298 1
874 117 335 41 14298 1
875 30 335 33 10586 1
876 79 323 36 13830 1
877 38 282 33 9001 1
878 58 300 31 12498 1
879 32 305 25 6852 1
880 57 300 39 14859 1
881 57 338 51 11429 1
882 113 338 51 11429 1
883 78 366 104 47226 1
884 121 369 39 10389 1
885 85 364 29 11156 1
886 169 364 29 11156 1
887 77 369 46 10784 1
888 72 368 69 26346 1
889 143 368 69 26346 1
890 214 368 69 26346 1
891 78 369 51 9693 1
892 77 364 31 6736 1
893 153 364 31 6736 1
894 95 369 49 21516 1
895 91 365 50 18596 1
896 65 366 27 13427 1
897 129 366 27 13427 1
898 193 366 27 13427 1
899 73 349 24 10797 1
900 85 349 58 15100 1
901 121 365 36 13506 1
902 73 366 68 33192 1
903 145 366 68 33192 1
904 70 369 65 24500 1
905 72 369 51 18149 1
906 85 365 37 11360 1
907 70 363 23 8425 1
908 139 363 23 8425 1
909 78 364 41 9592 1
910 64 363 28 13198 1
911 72 365 34 14085 1
912 78 366 31 11304 1
913 155 366 31 11304 1
914 80 349 39 15340 1
915 58 365 39 17742 1
916 110 363 27 9523 1
917 126 368 59 31424 1
918 71 366 44 9002 1
919 72 369 35 7323 1
920 90 349 21 5476 1
921 87 363 32 9163 1
922 85 349 39 12017 1
923 71 365 59 20054 1
924 58 369 39 11790 1
925 90 369 81 27309 1
926 67 369 34 17959 1
927 86 365 31 6633 1
928 106 349 43 12418 1
929 87 363 46 24889 1
930 79 349 23 9083 1
931 72 349 50 19822 1
932 70 363 72 25539 1
933 120 349 30 9178 1
934 77 368 65 26921 1
935 59 366 38 17768 1
936 85 366 29 9431 1
937 70 365 30 15136 1
938 139 365 30 15136 1
939 71 369 52 28391 1
940 76 369 29 15727 1
941 94 349 51 21469 1
942 59 366 43 10845 1
943 73 366 29 10742 1
944 145 366 29 10742 1
945 85 365 39 12562 1
946 169 365 39 12562 1
947 119 349 21 5812 1
948 237 349 21 5812 1
949 71 363 37 12554 1
950 72 369 40 9491 1
951 86 366 33 6940 1
952 79 365 36 19575 1
953 85 368 75 24334 1
954 74 366 30 10809 1
955 72 368 77 38154 1
956 72 364 40 16036 1
957 70 366 48 10984 1
958 61 349 28 11014 1
959 134 349 39 15151 1
960 267 349 39 15151 1
961 68 365 30 13550 1
962 84 363 38 6907 1
963 78 364 41 22092 1
964 71 369 44 17547 1
965 89 366 40 8203 1
966 78 363 61 15025 1
967 141 363 37 18629 1
968 281 363 37 18629 1
969 77 369 26 12227 1
970 156 369 64 12219 1
971 85 364 46 18932 1
972 89 368 59 30850 1
973 79 369 54 20501 1
974 78 365 50 16852 1
975 70 365 44 16571 1
976 63 363 40 20682 1
977 73 349 37 16878 1
978 77 369 53 18970 1
979 153 369 53 18970 1
980 86 365 43 12612 1
981 73 364 43 11590 1
982 71 369 41 20675 1
983 71 369 45 24507 1
984 141 369 45 24507 1
985 211 369 45 24507 1
986 281 369 45 24507 1
987 68 365 58 10793 1
988 78 366 48 20509 1
989 80 368 62 18096 1
990 121 349 46 17738 1
991 77 368 28 14868 1
992 64 364 43 23286 1
993 91 366 56 28375 1
994 78 365 51 12760 1
995 72 364 38 17381 1
996 86 365 60 18131 1
997 152 364 67 34255 1
998 63 368 35 16676 1
999 85 366 26 12456 1
1000 78 363 28 8787 1
1001 155 363 28 8787 1
1002 86 365 40 16096 1
1003 72 364 35 19090 1
1004 106 349 48 24045 1
1005 92 364 54 18372 1
1006 70 369 46 16167 1
1007 84 364 37 20093 1
1008 78 369 68 37017 1
1009 91 349 42 19549 1
1010 70 368 57 12080 1
1011 70 349 91 27658 1
1012 89 369 39 10877 1
1013 87 349 35 17385 1
1014 70 366 24 12475 1
1015 68 349 45 7861 1
1016 92 400 45 20593 1
1017 183 400 45 20593 1
1018 78 399 56 32611 1
1019 93 400 62 33176 1
1020 94 400 39 9142 1
1021 82 397 47 12340 1
1022 163 397 47 12340 1
1023 134 396 35 9339 1
1024 78 400 32 17494 1
1025 92 400 35 14072 1
1026 183 400 35 14072 1
1027 274 400 35 14072 1
1028 94 400 46 15159 1
1029 187 400 46 15159 1
1030 280 400 46 15159 1
1031 373 400 46 15159 1
1032 82 396 63 13885 1
1033 91 396 40 16736 1
1034 91 399 54 27197 1
1035 92 400 65 31557 1
1036 105 400 36 13360 1
1037 209 400 36 13360 1
16
500 500 500 500 425 425 400 400 440 500 500 400 500 500 500 550 