1037
1 16 132 24 4379 1
2 9 140 29 2567 1
3 17 140 29 2567 1
4 9 140 4 566 1
5 9 125 23 2565 1
6 17 125 23 2565 1
7 25 125 23 2565 1
8 12 138 36 4868 1
9 23 138 36 4868 1
10 34 138 36 4868 1
11 45 138 36 4868 1
12 56 138 36 4868 1
13 8 121 11 1373 1
14 8 118 28 1841 1
15 15 118 28 1841 1
16 22 118 28 1841 1
17 8 133 13 2464 1
18 16 138 34 6246 1
19 31 138 34 6246 1
20 46 138 34 6246 1
21 9 134 22 3554 1
22 17 134 22 3554 1
23 8 137 5 487 1
24 6 141 24 4237 1
25 11 141 24 4237 1
26 10 133 21 4050 1
27 31 127 25 1749 1
28 61 127 25 1749 1
29 9 139 21 1884 1
30 9 127 14 2334 1
31 17 127 14 2334 1
32 25 127 14 2334 1
33 33 127 14 2334 1
34 16 137 7 576 1
35 9 101 22 3099 1
36 17 101 22 3099 1
37 8 134 18 1469 1
38 8 132 11 1914 1
39 15 132 11 1914 1
40 4 117 17 1274 1
41 9 134 35 4567 1
42 17 134 35 4567 1
43 25 134 35 4567 1
44 33 134 35 4567 1
45 7 129 7 822 1
46 9 141 24 3642 1
47 15 134 40 3336 1
48 8 134 29 4091 1
49 15 134 29 4091 1
50 22 134 29 4091 1
51 16 133 15 1279 1
52 8 125 37 2653 1
53 15 125 37 2653 1
54 22 125 37 2653 1
55 5 138 29 5457 1
56 9 138 29 5457 1
57 20 137 26 1821 1
58 25 134 28 5280 1
59 7 121 32 5519 1
60 8 134 27 2854 1
61 9 132 23 2483 1
62 9 129 19 2765 1
63 17 129 19 2765 1
64 5 127 31 2729 1
65 15 133 51 4072 1
66 8 140 40 5381 1
67 15 140 40 5381 1
68 22 140 40 5381 1
69 29 140 40 5381 1
70 4 138 26 2138 1
71 8 138 17 2598 1
72 15 138 17 2598 1
73 8 133 17 2399 1
74 23 118 10 703 1
75 7 121 37 5177 1
76 13 121 37 5177 1
77 7 134 13 2021 1
78 7 125 13 1387 1
79 13 125 13 1387 1
80 9 138 23 4690 1
81 17 138 23 4690 1
82 15 138 22 2329 1
83 9 132 24 2996 1
84 17 132 24 2996 1
85 25 132 24 2996 1
86 7 132 28 5132 1
87 13 132 28 5132 1
88 4 134 24 4489 1
89 16 118 8 976 1
90 9 127 47 5030 1
91 17 127 47 5030 1
92 16 139 21 2288 1
93 8 141 23 3237 1
94 9 117 12 881 1
95 8 132 21 2952 1
96 9 127 10 930 1
97 7 118 5 704 1
98 8 141 20 2077 1
99 15 141 20 2077 1
100 22 141 20 2077 1
101 9 125 16 2072 1
102 9 138 35 3624 1
103 17 138 35 3624 1
104 7 127 36 4688 1
105 13 127 36 4688 1
106 19 127 36 4688 1
107 25 127 36 4688 1
108 31 127 36 4688 1
109 8 117 24 3106 1
110 16 141 23 2339 1
111 11 101 5 607 1
112 8 129 21 3614 1
113 15 129 21 3614 1
114 16 141 24 2748 1
115 31 141 24 2748 1
116 5 127 9 629 1
117 4 118 21 3669 1
118 7 118 21 3669 1
119 8 132 57 10372 1
120 15 132 57 10372 1
121 22 132 57 10372 1
122 29 132 57 10372 1
123 9 101 3 189 1
124 16 127 37 5613 1
125 11 132 36 2668 1
126 8 125 25 2837 1
127 8 140 19 3249 1
128 12 133 19 3315 1
129 10 129 45 5206 1
130 9 138 22 3279 1
131 17 132 23 2926 1
132 9 137 18 1264 1
133 9 101 9 1170 1
134 9 121 8 1303 1
135 17 121 8 1303 1
136 9 121 37 2288 1
137 9 118 11 776 1
138 17 118 11 776 1
139 9 139 50 5514 1
140 27 134 26 3775 1
141 8 141 26 2251 1
142 15 141 26 2251 1
143 22 141 26 2251 1
144 26 101 15 1364 1
145 10 138 44 7461 1
146 10 121 39 3937 1
147 8 140 9 1206 1
148 15 140 9 1206 1
149 22 140 9 1206 1
150 29 140 9 1206 1
151 36 140 9 1206 1
152 43 140 9 1206 1
153 50 140 9 1206 1
154 57 140 9 1206 1
155 8 101 31 2459 1
156 8 125 15 2715 1
157 15 125 15 2715 1
158 22 125 15 2715 1
159 29 125 15 2715 1
160 8 140 8 1288 1
161 10 134 47 5207 1
162 11 125 36 3609 1
163 16 129 47 6225 1
164 8 133 24 3561 1
165 9 141 26 4199 1
166 9 118 14 1603 1
167 17 118 14 1603 1
168 13 133 8 1559 1
169 9 140 27 4957 1
170 2 129 7 751 1
171 9 132 10 884 1
172 9 117 15 2256 1
173 13 133 35 6132 1
174 6 139 21 4246 1
175 15 125 28 2076 1
176 7 137 24 4662 1
177 13 137 24 4662 1
178 8 137 19 2407 1
179 15 137 19 2407 1
180 8 140 28 2102 1
181 9 133 30 2544 1
182 8 101 21 1831 1
183 19 133 7 1035 1
184 8 132 6 1107 1
185 15 132 6 1107 1
186 9 118 39 5724 1
187 9 137 33 2658 1
188 8 125 18 1483 1
189 9 133 45 7343 1
190 17 133 45 7343 1
191 9 117 12 1143 1
192 10 129 24 3137 1
193 8 133 26 3190 1
194 15 133 26 3190 1
195 15 118 7 1132 1
196 29 118 7 1132 1
197 8 101 23 2738 1
198 9 117 10 1012 1
199 17 117 10 1012 1
200 8 138 18 2151 1
201 8 139 11 1056 1
202 15 139 11 1056 1
203 22 139 11 1056 1
204 29 139 11 1056 1
205 8 101 21 1969 1
206 15 101 21 1969 1
207 9 140 31 5359 1
208 17 140 31 5359 1
209 26 125 31 3401 1
210 101 117 34 4490 1
211 9 117 25 1580 1
212 17 117 25 1580 1
213 25 117 25 1580 1
214 33 117 25 1580 1
215 41 117 25 1580 1
216 9 132 25 3511 1
217 9 121 33 2145 1
218 17 121 33 2145 1
219 9 101 15 2270 1
220 14 139 40 6237 1
221 13 127 43 3668 1
222 9 138 3 246 1
223 17 138 3 246 1
224 15 127 22 2582 1
225 9 127 17 1175 1
226 25 117 51 5493 1
227 9 134 30 5378 1
228 9 140 21 3043 1
229 15 138 25 2738 1
230 9 118 3 247 1
231 9 118 3 529 1
232 17 118 3 529 1
233 25 118 3 529 1
234 33 118 3 529 1
235 41 118 3 529 1
236 16 139 34 4601 1
237 14 133 12 1653 1
238 8 133 2 356 1
239 8 121 10 1800 1
240 15 121 10 1800 1
241 22 121 10 1800 1
242 8 140 23 2063 1
243 15 140 23 2063 1
244 8 141 30 4134 1
245 15 141 30 4134 1
246 10 127 27 4128 1
247 8 101 36 3191 1
248 9 139 33 6530 1
249 12 118 2 119 1
250 9 118 27 3091 1
251 8 118 4 407 1
252 15 138 20 3228 1
253 8 132 25 4105 1
254 8 127 14 2058 1
255 10 125 26 4009 1
256 8 117 19 1571 1
257 10 127 8 1076 1
258 22 121 26 3754 1
259 16 117 34 5051 1
260 8 133 9 1403 1
261 15 133 9 1403 1
262 22 133 9 1403 1
263 29 133 9 1403 1
264 36 133 9 1403 1
265 16 133 30 3785 1
266 79 137 37 6740 1
267 27 117 34 3768 1
268 20 141 4 380 1
269 11 129 14 2680 1
270 21 129 14 2680 1
271 16 138 18 2450 1
272 9 133 40 4875 1
273 17 133 40 4875 1
274 16 137 28 4015 1
275 5 139 20 3837 1
276 9 139 20 3837 1
277 13 139 20 3837 1
278 9 140 22 2567 1
279 12 127 16 1770 1
280 7 125 22 3787 1
281 9 132 25 3816 1
282 10 134 19 3731 1
283 19 134 19 3731 1
284 9 141 4 700 1
285 17 141 4 700 1
286 16 151 25 5282 1
287 31 151 25 5282 1
288 46 151 25 5282 1
289 22 145 35 4973 1
290 7 147 46 9771 1
291 15 167 34 6986 1
292 16 170 28 6248 1
293 31 170 28 6248 1
294 46 170 28 6248 1
295 11 170 25 4969 1
296 21 170 25 4969 1
297 31 170 25 4969 1
298 9 169 38 5912 1
299 21 168 40 9869 1
300 18 168 35 4253 1
301 10 147 34 5001 1
302 19 147 34 5001 1
303 56 154 14 2241 1
304 22 147 27 2996 1
305 14 151 30 5100 1
306 27 151 30 5100 1
307 11 154 21 2553 1
308 21 154 21 2553 1
309 31 154 21 2553 1
310 11 160 61 6704 1
311 21 160 61 6704 1
312 11 168 44 4373 1
313 21 168 44 4373 1
314 11 151 33 5761 1
315 21 151 33 5761 1
316 31 151 33 5761 1
317 41 151 33 5761 1
318 12 160 34 4482 1
319 15 168 22 3922 1
320 15 154 29 3468 1
321 54 161 31 4283 1
322 11 168 31 7439 1
323 134 168 29 5888 1
324 11 165 13 3098 1
325 17 168 46 8818 1
326 8 167 24 3451 1
327 8 168 24 4587 1
328 16 167 15 2503 1
329 8 170 11 1461 1
330 15 170 11 1461 1
331 11 149 18 3457 1
332 12 167 29 6715 1
333 23 167 29 6715 1
334 9 147 25 2523 1
335 17 147 25 2523 1
336 16 157 24 2228 1
337 31 157 24 2228 1
338 16 145 14 1601 1
339 31 145 14 1601 1
340 7 158 30 3654 1
341 13 158 30 3654 1
342 13 157 39 3086 1
343 25 157 39 3086 1
344 4 160 31 4017 1
345 13 149 33 5793 1
346 25 149 33 5793 1
347 12 160 27 3043 1
348 23 160 27 3043 1
349 7 160 18 3096 1
350 84 168 67 10980 1
351 23 158 57 7093 1
352 23 154 43 3431 1
353 22 161 78 7730 1
354 10 157 35 6047 1
355 13 167 26 5948 1
356 25 167 26 5948 1
357 22 158 14 2324 1
358 9 170 19 2626 1
359 9 170 12 2189 1
360 7 167 36 4676 1
361 13 168 17 3998 1
362 12 160 27 3923 1
363 11 160 34 7076 1
364 7 149 31 4401 1
365 13 149 31 4401 1
366 12 145 17 2064 1
367 11 161 50 6394 1
368 21 161 50 6394 1
369 31 161 50 6394 1
370 41 161 50 6394 1
371 51 161 50 6394 1
372 12 157 12 2156 1
373 11 170 38 6483 1
374 21 170 38 6483 1
375 12 170 27 2952 1
376 21 147 13 2190 1
377 23 157 30 5980 1
378 9 168 18 4376 1
379 42 167 46 5805 1
380 16 161 21 3145 1
381 14 165 35 7757 1
382 9 157 26 6030 1
383 28 165 26 5494 1
384 16 161 24 2875 1
385 9 167 11 2617 1
386 15 161 37 6795 1
387 29 161 37 6795 1
388 11 169 62 14660 1
389 11 168 65 6563 1
390 21 168 65 6563 1
391 40 145 19 3857 1
392 9 147 36 5528 1
393 9 157 31 3030 1
394 17 157 31 3030 1
395 25 157 31 3030 1
396 14 154 38 7391 1
397 13 169 38 5864 1
398 12 151 20 3319 1
399 8 165 20 2168 1
400 10 154 53 6571 1
401 12 158 30 5946 1
402 23 158 30 5946 1
403 9 167 61 13317 1
404 13 158 24 5554 1
405 12 151 33 5376 1
406 13 161 22 2737 1
407 12 160 27 6025 1
408 23 160 27 6025 1
409 10 168 25 2388 1
410 11 161 30 5781 1
411 8 170 32 6576 1
412 15 165 28 3693 1
413 9 149 46 6413 1
414 17 149 46 6413 1
415 25 149 46 6413 1
416 34 149 29 6354 1
417 11 167 6 1164 1
418 8 161 68 8722 1
419 3 169 29 4838 1
420 16 145 17 1513 1
421 8 151 62 5322 1
422 13 149 37 7174 1
423 25 149 37 7174 1
424 11 167 24 3837 1
425 21 167 24 3837 1
426 8 147 17 2631 1
427 8 154 8 1257 1
428 10 165 19 3761 1
429 7 158 6 590 1
430 24 170 41 5733 1
431 12 158 44 7195 1
432 16 151 39 4984 1
433 13 168 40 6932 1
434 22 151 23 2517 1
435 23 158 14 2065 1
436 8 145 42 5011 1
437 7 169 71 15779 1
438 8 158 8 991 1
439 12 151 33 3139 1
440 23 151 33 3139 1
441 22 151 44 5285 1
442 8 167 60 10943 1
443 7 169 31 7660 1
444 16 167 29 4438 1
445 38 160 62 11051 1
446 11 145 26 4373 1
447 9 165 33 6194 1
448 12 169 11 1393 1
449 14 165 35 8447 1
450 22 160 9 1127 1
451 14 170 28 4504 1
452 14 147 10 1706 1
453 13 161 31 7172 1
454 15 151 32 5632 1
455 7 151 43 5915 1
456 22 165 33 5947 1
457 11 147 34 5819 1
458 21 147 34 5819 1
459 31 147 34 5819 1
460 9 147 10 1648 1
461 9 170 63 5734 1
462 7 154 36 4436 1
463 15 170 39 5548 1
464 14 145 20 4227 1
465 27 145 20 4227 1
466 24 167 51 10966 1
467 9 145 28 3032 1
468 12 158 17 2650 1
469 12 149 39 4349 1
470 8 169 22 4188 1
471 3 167 50 5338 1
472 15 154 52 4317 1
473 11 157 63 13487 1
474 8 149 47 6895 1
475 15 149 47 6895 1
476 22 149 47 6895 1
477 29 149 47 6895 1
478 12 151 30 2754 1
479 6 147 12 1987 1
480 16 154 18 2353 1
481 16 154 6 898 1
482 15 168 52 7099 1
483 9 168 45 6409 1
484 14 167 35 4670 1
485 14 168 22 3564 1
486 27 168 22 3564 1
487 3 161 11 1419 1
488 16 169 15 1708 1
489 15 170 25 6054 1
490 11 147 35 5417 1
491 15 151 39 3537 1
492 12 145 3 343 1
493 23 145 3 343 1
494 11 154 26 2255 1
495 21 154 26 2255 1
496 17 161 13 2499 1
497 8 169 1 235 1
498 15 169 1 235 1
499 8 170 4 366 1
500 15 170 4 366 1
501 7 161 38 7924 1
502 13 161 38 7924 1
503 17 147 38 6307 1
504 9 161 17 3742 1
505 17 161 17 3742 1
506 7 160 47 8430 1
507 9 165 13 2413 1
508 17 165 13 2413 1
509 8 160 46 4634 1
510 10 149 10 1893 1
511 12 161 16 2974 1
512 15 157 15 2146 1
513 18 154 53 5424 1
514 10 165 2 392 1
515 14 170 6 946 1
516 9 157 16 3139 1
517 15 147 45 7177 1
518 29 147 45 7177 1
519 43 147 45 7177 1
520 57 147 45 7177 1
521 22 160 27 6171 1
522 8 165 21 4759 1
523 11 154 32 5853 1
524 21 154 32 5853 1
525 15 168 19 4295 1
526 13 168 55 10211 1
527 25 168 55 10211 1
528 15 165 42 10269 1
529 21 167 29 4553 1
530 7 149 13 1471 1
531 11 145 19 2645 1
532 21 145 19 2645 1
533 9 154 14 2230 1
534 17 154 14 2230 1
535 11 169 5 785 1
536 12 168 21 4083 1
537 8 157 10 2130 1
538 16 158 26 3196 1
539 11 151 31 3354 1
540 13 161 21 4914 1
541 12 167 22 3477 1
542 13 149 39 7898 1
543 16 151 48 5468 1
544 12 170 46 6450 1
545 23 170 46 6450 1
546 17 149 17 2304 1
547 33 149 17 2304 1
548 10 145 16 3354 1
549 19 145 16 3354 1
550 8 149 27 3036 1
551 15 149 27 3036 1
552 12 147 20 3486 1
553 12 149 22 4267 1
554 23 149 22 4267 1
555 15 154 5 743 1
556 13 145 23 4103 1
557 8 158 36 3326 1
558 11 170 24 5495 1
559 21 170 24 5495 1
560 13 168 49 6170 1
561 25 168 49 6170 1
562 12 167 9 1287 1
563 23 167 9 1287 1
564 24 160 29 3074 1
565 13 169 12 2824 1
566 22 149 33 6253 1
567 10 170 20 4873 1
568 9 170 31 5431 1
569 13 147 20 3617 1
570 13 169 22 5438 1
571 25 169 22 5438 1
572 37 169 22 5438 1
573 25 168 14 2268 1
574 6 149 48 5556 1
575 17 165 26 3628 1
576 13 170 52 7731 1
577 25 170 52 7731 1
578 37 170 52 7731 1
579 12 170 30 6929 1
580 23 170 30 6929 1
581 34 170 30 6929 1
582 8 170 18 3891 1
583 15 170 18 3891 1
584 26 145 13 1040 1
585 8 170 30 3264 1
586 15 167 34 5940 1
587 57 208 12 3743 1
588 14 195 19 5473 1
589 43 175 18 3505 1
590 44 208 22 6697 1
591 18 194 25 6625 1
592 18 195 23 3317 1
593 36 207 17 4440 1
594 16 208 11 1463 1
595 24 178 10 2130 1
596 43 195 30 5148 1
597 40 194 13 2283 1
598 79 194 13 2283 1
599 36 183 39 8326 1
600 45 195 18 2844 1
601 41 175 24 5256 1
602 15 198 28 6611 1
603 44 208 10 1514 1
604 44 207 15 2210 1
605 44 210 11 3232 1
606 87 210 11 3232 1
607 130 210 11 3232 1
608 173 210 11 3232 1
609 216 210 11 3232 1
610 41 184 17 2408 1
611 36 195 40 7899 1
612 15 198 15 3931 1
613 39 184 17 2298 1
614 43 194 9 2004 1
615 85 194 9 2004 1
616 44 198 20 5046 1
617 44 175 16 3903 1
618 87 175 16 3903 1
619 44 195 25 3420 1
620 35 183 9 1935 1
621 37 175 41 10030 1
622 58 208 22 4455 1
623 41 211 24 3356 1
624 41 210 17 3870 1
625 81 210 17 3870 1
626 57 197 17 3687 1
627 15 194 9 1643 1
628 30 211 10 3100 1
629 36 194 26 5291 1
630 43 175 19 1877 1
631 85 175 19 1877 1
632 17 183 42 5670 1
633 36 207 13 2544 1
634 14 194 11 1928 1
635 28 183 10 2344 1
636 43 207 15 3251 1
637 55 178 21 1976 1
638 37 195 15 2653 1
639 43 197 26 4875 1
640 24 211 12 2189 1
641 43 195 12 3076 1
642 85 195 12 3076 1
643 44 194 19 5355 1
644 19 198 11 2287 1
645 17 183 11 1072 1
646 42 207 14 1669 1
647 14 198 19 3218 1
648 40 208 19 2045 1
649 44 183 16 3350 1
650 87 183 16 3350 1
651 37 194 19 4244 1
652 43 207 20 5652 1
653 17 210 18 4441 1
654 37 183 18 1987 1
655 73 183 18 1987 1
656 109 183 18 1987 1
657 37 210 32 9443 1
658 73 210 32 9443 1
659 8 194 19 5048 1
660 37 210 15 3726 1
661 45 207 16 4714 1
662 89 207 16 4714 1
663 26 211 10 2467 1
664 51 211 10 2467 1
665 44 208 16 3333 1
666 87 208 16 3333 1
667 130 208 16 3333 1
668 38 210 28 7250 1
669 44 207 9 1189 1
670 15 178 9 2114 1
671 44 195 13 3148 1
672 87 195 13 3148 1
673 130 195 13 3148 1
674 173 195 13 3148 1
675 17 175 7 1019 1
676 42 195 20 3467 1
677 42 175 26 3168 1
678 83 175 26 3168 1
679 56 183 11 1646 1
680 15 178 8 1674 1
681 36 255 23 4111 1
682 71 255 23 4111 1
683 106 255 23 4111 1
684 94 216 20 5051 1
685 58 260 48 11551 1
686 16 260 26 5193 1
687 30 258 19 3112 1
688 59 258 19 3112 1
689 30 220 22 3098 1
690 58 276 22 7320 1
691 58 258 39 6681 1
692 37 239 16 5321 1
693 58 276 38 8406 1
694 57 268 24 7902 1
695 96 228 14 1654 1
696 38 259 18 2750 1
697 37 254 22 7473 1
698 58 274 31 9948 1
699 115 274 31 9948 1
700 37 221 20 4016 1
701 73 221 20 4016 1
702 58 261 27 6569 1
703 94 239 18 3983 1
704 29 274 23 5102 1
705 36 274 35 7980 1
706 94 276 27 6568 1
707 38 279 22 4138 1
708 57 275 39 8659 1
709 64 259 28 9686 1
710 58 259 38 12864 1
711 115 259 38 12864 1
712 58 272 23 7041 1
713 29 216 26 5002 1
714 56 267 21 3343 1
715 91 268 22 3062 1
716 33 258 23 8580 1
717 37 274 38 11552 1
718 16 276 26 3665 1
719 50 230 16 4822 1
720 51 240 25 8117 1
721 36 262 30 5359 1
722 90 222 35 10136 1
723 37 276 28 4986 1
724 30 222 13 2465 1
725 91 255 21 3861 1
726 49 228 14 3223 1
727 15 277 32 12763 1
728 29 277 32 12763 1
729 57 240 15 3397 1
730 74 254 17 4676 1
731 16 265 14 2814 1
732 50 239 22 7441 1
733 91 240 17 3464 1
734 58 254 18 4911 1
735 58 264 15 5030 1
736 34 259 23 7539 1
737 44 230 12 2599 1
738 57 268 32 9997 1
739 57 220 35 4369 1
740 37 257 19 5510 1
741 73 257 19 5510 1
742 37 274 36 12199 1
743 66 276 19 6402 1
744 27 274 20 5901 1
745 40 255 22 6751 1
746 58 259 18 2435 1
747 57 222 20 2718 1
748 113 222 20 2718 1
749 37 272 29 4156 1
750 37 259 19 4773 1
751 51 222 20 6198 1
752 43 220 15 3843 1
753 31 257 23 4370 1
754 29 255 14 4082 1
755 36 240 37 6195 1
756 94 259 24 7743 1
757 29 275 32 7119 1
758 37 279 38 13186 1
759 73 279 38 13186 1
760 109 279 38 13186 1
761 37 222 18 3820 1
762 36 222 44 11054 1
763 56 258 31 11541 1
764 91 220 32 5044 1
765 93 262 27 10368 1
766 16 220 18 3403 1
767 57 254 14 2207 1
768 37 222 13 4137 1
769 36 228 29 9065 1
770 37 272 47 15172 1
771 50 240 39 6337 1
772 37 243 30 9179 1
773 57 230 18 4057 1
774 113 230 18 4057 1
775 58 261 22 8382 1
776 58 305 28 10083 1
777 115 305 28 10083 1
778 57 334 34 12073 1
779 113 334 34 12073 1
780 58 335 24 8153 1
781 79 293 22 7702 1
782 74 335 30 11281 1
783 66 293 31 12352 1
784 36 335 35 15150 1
785 58 323 39 15350 1
786 115 323 39 15350 1
787 172 323 39 15350 1
788 52 338 40 11470 1
789 57 304 27 8472 1
790 113 304 27 8472 1
791 30 333 32 9336 1
792 79 335 32 8395 1
793 30 300 30 11234 1
794 78 338 28 13244 1
795 29 292 41 10281 1
796 36 282 23 5961 1
797 58 303 54 8261 1
798 36 323 30 5328 1
799 57 282 24 9447 1
800 113 282 24 9447 1
801 59 300 17 2619 1
802 83 305 42 10094 1
803 58 299 34 7119 1
804 115 299 34 7119 1
805 36 337 63 14933 1
806 57 323 26 11021 1
807 113 323 26 11021 1
808 169 323 26 11021 1
809 83 304 38 7043 1
810 79 304 27 5745 1
811 78 305 11 2771 1
812 79 303 23 4775 1
813 58 292 37 15130 1
814 58 334 56 9478 1
815 115 334 56 9478 1
816 58 293 19 5402 1
817 115 293 19 5402 1
818 36 299 52 22971 1
819 58 335 50 14104 1
820 78 338 31 8855 1
821 155 338 31 8855 1
822 58 303 37 8278 1
823 115 303 37 8278 1
824 79 333 39 9480 1
825 37 305 33 13825 1
826 57 336 33 13464 1
827 78 281 20 6730 1
828 57 293 38 11017 1
829 113 293 38 11017 1
830 169 293 38 11017 1
831 225 293 38 11017 1
832 281 293 38 11017 1
833 337 293 38 11017 1
834 59 324 31 11830 1
835 54 292 33 12403 1
836 58 281 18 3946 1
837 115 281 18 3946 1
838 36 324 29 13316 1
839 30 300 41 14641 1
840 9 324 55 13130 1
841 78 286 32 11894 1
842 64 336 38 12959 1
843 58 299 58 14583 1
844 115 299 58 14583 1
845 172 299 58 14583 1
846 41 316 15 6572 1
847 60 337 33 16307 1
848 37 286 30 6551 1
849 57 338 43 19676 1
850 113 338 43 19676 1
851 57 337 31 13633 1
852 113 337 31 13633 1
853 37 293 24 8520 1
854 57 282 33 10002 1
855 57 316 29 9999 1
856 76 316 50 8831 1
857 68 324 34 15404 1
858 10 300 51 9338 1
859 58 303 43 6630 1
860 29 304 34 5800 1
861 37 324 41 18990 1
862 57 293 24 4033 1
863 59 336 48 18663 1
864 117 336 48 18663 1
865 175 336 48 18663 1
866 233 336 48 18663 1
867 291 336 48 18663 1
868 79 303 38 10151 1
869 51 292 28 9710 1
870 58 334 20 6433 1
871 115 334 20 6433 1
872 58 316 25 5844 1
873 115 316 25 5844 1
874 172 316 25 5844 1
875 229 316 25 5844 1
876 286 316 25 5844 1
877 56 336 31 10079 1
878 58 299 46 19043 1
879 57 303 37 16285 1
880 78 305 22 6028 1
881 37 303 54 9214 1
882 57 334 45 17774 1
883 78 368 37 11706 1
884 79 364 42 14256 1
885 80 366 35 6833 1
886 65 366 46 11037 1
887 118 365 53 12236 1
888 71 366 26 6651 1
889 78 369 43 12964 1
890 84 366 33 8553 1
891 81 365 34 11175 1
892 161 365 34 11175 1
893 122 368 40 21875 1
894 71 349 32 15778 1
895 79 365 28 7311 1
896 89 365 38 19890 1
897 85 369 39 14951 1
898 85 364 59 31454 1
899 70 363 64 28616 1
900 72 349 28 13374 1
901 54 364 27 5035 1
902 79 365 51 19251 1
903 87 363 31 6283 1
904 72 349 46 10520 1
905 141 349 41 7564 1
906 281 349 41 7564 1
907 69 365 47 8714 1
908 72 363 55 23922 1
909 86 368 41 18174 1
910 94 369 36 8085 1
911 84 363 29 11463 1
912 72 349 35 13315 1
913 85 366 45 21218 1
914 58 363 30 7980 1
915 115 363 30 7980 1
916 78 363 35 14695 1
917 85 349 48 12319 1
918 72 363 27 5499 1
919 78 364 72 34566 1
920 72 363 49 26468 1
921 119 369 41 12316 1
922 237 369 41 12316 1
923 79 364 30 10731 1
924 77 349 26 12556 1
925 70 349 14 6585 1
926 71 363 32 15799 1
927 141 363 32 15799 1
928 71 365 34 10267 1
929 70 363 30 16136 1
930 139 363 30 16136 1
931 88 364 48 18863 1
932 93 369 20 5728 1
933 73 368 41 13804 1
934 71 364 46 22108 1
935 62 366 30 14541 1
936 84 349 32 7582 1
937 76 364 51 25529 1
938 71 368 32 6312 1
939 72 368 64 24867 1
940 79 366 43 20617 1
941 72 365 80 39888 1
942 94 368 27 13106 1
943 78 369 24 12012 1
944 155 369 24 12012 1
945 79 368 45 14128 1
946 78 363 45 13068 1
947 72 349 46 12856 1
948 71 363 48 14272 1
949 141 363 48 14272 1
950 211 363 48 14272 1
951 281 363 48 14272 1
952 77 349 26 12595 1
953 72 368 31 6116 1
954 72 368 29 7161 1
955 78 369 27 6423 1
956 51 364 53 15975 1
957 77 364 24 4884 1
958 153 364 24 4884 1
959 229 364 24 4884 1
960 70 368 63 27196 1
961 120 363 36 9007 1
962 239 363 36 9007 1
963 71 365 34 8942 1
964 47 365 44 14253 1
965 118 363 30 9161 1
966 235 363 30 9161 1
967 352 363 30 9161 1
968 73 365 51 11971 1
969 72 369 33 12416 1
970 62 349 41 20459 1
971 71 368 38 7578 1
972 44 363 39 10026 1
973 71 366 72 21892 1
974 141 366 72 21892 1
975 211 366 72 21892 1
976 80 369 52 22976 1
977 159 369 52 22976 1
978 78 364 43 8082 1
979 133 365 36 19052 1
980 91 365 31 12449 1
981 84 369 38 9373 1
982 69 368 58 25894 1
983 137 368 58 25894 1
984 100 364 39 8370 1
985 78 365 52 13034 1
986 60 349 46 19288 1
987 78 365 43 23402 1
988 86 369 65 16311 1
989 71 363 32 10122 1
990 141 363 32 10122 1
991 62 366 44 19319 1
992 98 366 32 6438 1
993 84 363 34 13009 1
994 71 369 33 12212 1
995 73 349 30 10295 1
996 85 368 35 15480 1
997 129 349 47 22498 1
998 79 364 38 7910 1
999 157 364 38 7910 1
1000 97 366 51 14439 1
1001 76 363 62 19630 1
1002 151 363 62 19630 1
1003 226 363 62 19630 1
1004 84 349 78 34556 1
1005 72 364 43 20821 1
1006 107 349 48 23604 1
1007 72 365 37 19885 1
1008 70 366 45 16653 1
1009 110 369 40 19069 1
1010 69 369 57 30837 1
1011 78 366 51 25482 1
1012 155 366 51 25482 1
1013 79 364 47 21083 1
1014 157 364 47 21083 1
1015 235 364 47 21083 1
1016 81 398 43 25438 1
1017 161 398 43 25438 1
1018 241 398 43 25438 1
1019 83 400 49 23832 1
1020 90 396 30 16333 1
1021 81 400 50 26273 1
1022 161 400 50 26273 1
1023 93 397 35 16189 1
1024 185 397 35 16189 1
1025 90 399 31 13543 1
1026 179 399 31 13543 1
1027 101 396 28 9472 1
1028 79 399 56 14991 1
1029 140 400 60 21886 1
1030 79 397 34 17021 1
1031 84 400 42 21440 1
1032 167 400 42 21440 1
1033 250 400 42 21440 1
1034 87 399 38 8890 1
1035 79 399 60 16994 1
1036 78 399 37 15423 1
1037 110 397 38 11084 1
16
500 500 500 500 425 425 400 400 440 500 500 400 500 500 500 550 