1037
1 15 138 42 4167 1
2 15 101 21 3159 1
3 29 101 21 3159 1
4 8 139 17 3098 1
5 7 137 28 1926 1
6 9 137 26 4214 1
7 17 137 26 4214 1
8 25 137 26 4214 1
9 10 139 25 4282 1
10 6 125 31 4489 1
11 16 140 26 2008 1
12 9 134 24 3616 1
13 9 139 14 2515 1
14 17 139 14 2515 1
15 14 125 24 2153 1
16 27 125 24 2153 1
17 8 137 7 943 1
18 15 137 7 943 1
19 22 137 7 943 1
20 29 137 7 943 1
21 36 137 7 943 1
22 43 118 18 2820 1
23 25 137 20 3885 1
24 49 137 20 3885 1
25 73 137 20 3885 1
26 8 133 24 4227 1
27 15 133 24 4227 1
28 6 141 36 5376 1
29 8 121 27 4442 1
30 15 121 27 4442 1
31 29 101 8 587 1
32 19 125 15 2446 1
33 8 139 11 1497 1
34 15 139 11 1497 1
35 16 132 23 4029 1
36 7 118 29 1943 1
37 9 134 39 7442 1
38 8 118 11 1851 1
39 15 118 11 1851 1
40 22 118 11 1851 1
41 9 133 36 6674 1
42 9 125 33 5466 1
43 12 121 28 2056 1
44 15 134 15 2807 1
45 12 129 12 1727 1
46 23 129 12 1727 1
47 9 118 11 1066 1
48 16 137 24 4796 1
49 15 138 10 1433 1
50 29 138 10 1433 1
51 11 121 33 4339 1
52 9 132 14 2312 1
53 17 132 14 2312 1
54 8 127 24 4324 1
55 8 121 25 3086 1
56 16 138 50 4621 1
57 9 125 24 4071 1
58 17 125 24 4071 1
59 15 139 21 1708 1
60 10 133 16 1253 1
61 19 133 16 1253 1
62 28 133 16 1253 1
63 16 129 17 1458 1
64 5 118 3 247 1
65 18 134 35 6881 1
66 16 118 25 1809 1
67 8 101 13 1042 1
68 15 101 13 1042 1
69 6 125 2 266 1
70 9 127 29 5107 1
71 8 140 36 3325 1
72 8 117 39 3457 1
73 15 117 39 3457 1
74 22 117 39 3457 1
75 16 138 12 2310 1
76 8 134 29 4845 1
77 21 138 41 7391 1
78 8 137 25 4648 1
79 15 137 25 4648 1
80 9 117 13 766 1
81 17 117 13 766 1
82 25 117 13 766 1
83 8 137 29 4036 1
84 8 133 24 3406 1
85 15 133 24 3406 1
86 9 125 54 9750 1
87 17 125 54 9750 1
88 25 125 54 9750 1
89 33 125 54 9750 1
90 9 129 26 2068 1
91 17 129 26 2068 1
92 15 118 8 1235 1
93 10 117 31 5116 1
94 19 117 31 5116 1
95 16 101 8 1101 1
96 5 117 22 3783 1
97 7 138 28 2334 1
98 13 138 28 2334 1
99 9 141 2 381 1
100 20 127 21 3052 1
101 15 138 23 4329 1
102 9 141 14 1610 1
103 8 139 12 2402 1
104 8 118 29 4378 1
105 16 117 21 2458 1
106 10 139 25 3179 1
107 9 140 42 2999 1
108 23 129 18 3107 1
109 9 132 4 737 1
110 15 134 3 361 1
111 23 137 29 4772 1
112 7 137 35 3043 1
113 16 118 22 3002 1
114 31 118 22 3002 1
115 9 138 13 2342 1
116 9 138 25 4839 1
117 15 121 41 6123 1
118 13 117 27 1818 1
119 15 137 25 2892 1
120 8 139 26 3305 1
121 15 139 26 3305 1
122 9 137 32 4737 1
123 17 137 32 4737 1
124 9 117 12 742 1
125 6 118 26 2911 1
126 15 140 11 1213 1
127 8 138 2 321 1
128 9 140 24 2422 1
129 5 125 9 707 1
130 9 125 9 707 1
131 14 140 32 5132 1
132 8 134 24 2541 1
133 15 134 24 2541 1
134 22 134 24 2541 1
135 29 134 24 2541 1
136 11 141 13 1026 1
137 8 127 4 484 1
138 27 138 41 4395 1
139 2 127 11 1392 1
140 25 129 10 1437 1
141 49 129 10 1437 1
142 7 125 9 1177 1
143 13 125 9 1177 1
144 19 125 9 1177 1
145 9 140 11 1390 1
146 8 141 16 3323 1
147 15 140 11 1143 1
148 10 117 10 1144 1
149 9 118 24 2110 1
150 17 118 24 2110 1
151 25 118 24 2110 1
152 5 117 13 1391 1
153 8 101 24 1404 1
154 15 127 34 5328 1
155 106 138 7 935 1
156 8 127 28 2520 1
157 15 127 28 2520 1
158 22 127 28 2520 1
159 29 127 28 2520 1
160 9 137 25 1752 1
161 17 137 25 1752 1
162 28 140 13 1018 1
163 6 141 15 2302 1
164 9 118 21 1839 1
165 9 129 9 1191 1
166 17 129 9 1191 1
167 8 133 14 2208 1
168 15 133 14 2208 1
169 8 117 43 2516 1
170 9 139 26 4350 1
171 17 139 26 4350 1
172 24 139 27 2968 1
173 6 101 24 3565 1
174 16 127 14 1457 1
175 31 127 14 1457 1
176 9 133 28 2613 1
177 11 137 5 591 1
178 9 118 26 3540 1
179 9 127 14 2148 1
180 9 125 3 520 1
181 83 101 13 1760 1
182 9 117 12 1967 1
183 17 117 12 1967 1
184 13 139 24 2712 1
185 8 118 17 1363 1
186 10 117 9 1572 1
187 8 141 49 7075 1
188 15 141 49 7075 1
189 22 141 49 7075 1
190 11 121 11 1525 1
191 9 139 33 4697 1
192 9 137 21 2621 1
193 14 134 23 1816 1
194 10 134 22 3705 1
195 5 137 24 2423 1
196 8 133 23 2015 1
197 15 133 23 2015 1
198 24 121 9 1088 1
199 16 137 39 7455 1
200 23 127 31 5079 1
201 45 127 31 5079 1
202 25 141 19 3693 1
203 8 138 25 4715 1
204 15 138 25 4715 1
205 22 138 25 4715 1
206 29 138 25 4715 1
207 36 138 25 4715 1
208 10 117 38 6417 1
209 8 121 13 2199 1
210 15 121 13 2199 1
211 6 137 32 2464 1
212 11 137 32 2464 1
213 15 132 40 3816 1
214 6 134 34 5950 1
215 5 133 21 3855 1
216 18 129 10 1049 1
217 7 125 20 2567 1
218 21 125 43 3415 1
219 5 117 19 1674 1
220 8 127 38 6157 1
221 9 125 6 544 1
222 17 125 6 544 1
223 25 125 6 544 1
224 33 125 6 544 1
225 41 125 6 544 1
226 49 125 6 544 1
227 9 132 21 4054 1
228 17 132 21 4054 1
229 25 132 21 4054 1
230 33 132 21 4054 1
231 21 133 21 2421 1
232 12 101 30 4125 1
233 93 139 17 2788 1
234 9 118 41 5107 1
235 8 137 32 5873 1
236 15 137 32 5873 1
237 22 137 32 5873 1
238 15 127 28 2711 1
239 10 139 25 4958 1
240 19 139 25 4958 1
241 28 139 25 4958 1
242 15 129 32 5145 1
243 20 125 33 3797 1
244 14 137 41 7665 1
245 8 101 24 3261 1
246 15 141 14 2857 1
247 29 141 14 2857 1
248 27 127 11 1624 1
249 9 127 39 4582 1
250 9 138 32 4433 1
251 17 138 32 4433 1
252 15 121 20 1445 1
253 11 137 3 447 1
254 8 125 21 1980 1
255 17 117 32 2382 1
256 9 133 42 5141 1
257 17 133 42 5141 1
258 8 101 14 878 1
259 9 118 14 1952 1
260 17 118 14 1952 1
261 25 137 39 6686 1
262 14 138 30 4985 1
263 8 132 37 6877 1
264 8 101 24 2058 1
265 11 138 28 2942 1
266 9 137 33 3587 1
267 9 138 47 5078 1
268 17 138 47 5078 1
269 25 138 47 5078 1
270 155 137 10 999 1
271 8 141 53 9455 1
272 15 117 16 2389 1
273 8 127 58 4413 1
274 15 127 58 4413 1
275 22 127 58 4413 1
276 29 127 58 4413 1
277 36 127 58 4413 1
278 13 117 30 3643 1
279 15 129 18 3386 1
280 15 127 9 1336 1
281 16 127 4 516 1
282 6 140 33 6848 1
283 11 140 33 6848 1
284 16 140 33 6848 1
285 16 141 38 6303 1
286 36 149 45 3927 1
287 71 149 45 3927 1
288 13 158 40 4063 1
289 23 158 23 5297 1
290 45 158 23 5297 1
291 12 145 14 1513 1
292 21 168 34 7093 1
293 12 157 6 1145 1
294 12 160 27 2583 1
295 23 160 27 2583 1
296 17 151 19 2376 1
297 9 169 14 3079 1
298 17 169 14 3079 1
299 25 169 14 3079 1
300 9 169 11 1802 1
301 9 161 48 11294 1
302 17 161 48 11294 1
303 18 151 37 4685 1
304 4 149 10 958 1
305 15 167 38 9282 1
306 11 145 20 2486 1
307 21 170 11 1228 1
308 23 154 33 7242 1
309 11 151 27 3825 1
310 12 168 12 2243 1
311 21 151 47 7675 1
312 41 151 47 7675 1
313 10 147 52 10076 1
314 12 168 42 3923 1
315 7 145 25 4883 1
316 15 165 27 4067 1
317 26 158 87 9418 1
318 11 168 11 2624 1
319 21 168 11 2624 1
320 20 145 26 2049 1
321 23 149 39 7270 1
322 11 165 20 3163 1
323 7 167 2 192 1
324 13 167 2 192 1
325 8 151 20 2661 1
326 9 157 31 2535 1
327 9 145 7 1010 1
328 13 165 29 4638 1
329 14 165 67 7006 1
330 26 147 57 6002 1
331 10 151 14 1502 1
332 11 168 23 3449 1
333 21 168 23 3449 1
334 31 168 23 3449 1
335 3 145 26 4666 1
336 11 168 16 3612 1
337 12 149 26 3364 1
338 23 149 26 3364 1
339 34 149 26 3364 1
340 37 169 34 3738 1
341 11 147 3 286 1
342 11 158 17 1823 1
343 19 149 40 5181 1
344 15 151 26 4257 1
345 13 168 34 2857 1
346 25 168 34 2857 1
347 11 170 21 4562 1
348 13 161 17 3124 1
349 12 158 2 213 1
350 23 158 2 213 1
351 34 158 2 213 1
352 45 158 2 213 1
353 12 165 30 3793 1
354 3 161 40 8537 1
355 12 161 15 1945 1
356 8 170 24 4690 1
357 15 147 45 5562 1
358 16 151 32 5377 1
359 9 154 25 3110 1
360 15 157 23 4273 1
361 29 157 23 4273 1
362 12 165 58 8653 1
363 14 165 35 4471 1
364 27 165 35 4471 1
365 40 165 35 4471 1
366 10 169 20 1920 1
367 3 168 19 2320 1
368 15 154 39 7824 1
369 8 165 42 7995 1
370 13 160 34 6681 1
371 25 160 34 6681 1
372 37 160 34 6681 1
373 143 168 3 545 1
374 8 169 13 2902 1
375 23 160 26 4257 1
376 11 170 33 4109 1
377 13 149 67 7407 1
378 25 149 67 7407 1
379 37 149 67 7407 1
380 49 149 67 7407 1
381 61 149 67 7407 1
382 73 149 67 7407 1
383 85 149 67 7407 1
384 8 158 38 5484 1
385 14 169 40 5857 1
386 27 169 40 5857 1
387 9 160 27 3472 1
388 33 169 54 9526 1
389 25 157 9 1170 1
390 8 167 44 5025 1
391 17 169 34 5314 1
392 15 149 22 1750 1
393 19 169 18 4296 1
394 11 157 49 5309 1
395 18 157 21 3549 1
396 35 157 21 3549 1
397 8 160 40 3766 1
398 15 160 40 3766 1
399 16 157 10 1366 1
400 11 158 17 3665 1
401 12 167 51 10340 1
402 8 167 22 3395 1
403 9 151 28 5019 1
404 11 157 38 7291 1
405 14 149 22 3914 1
406 8 154 1 157 1
407 13 149 35 6707 1
408 25 149 35 6707 1
409 37 149 35 6707 1
410 49 149 35 6707 1
411 61 149 35 6707 1
412 9 165 40 4966 1
413 9 147 11 1779 1
414 17 147 11 1779 1
415 142 147 9 803 1
416 24 161 18 2464 1
417 12 151 46 9247 1
418 12 167 15 1748 1
419 12 165 24 3231 1
420 23 165 24 3231 1
421 24 158 25 2720 1
422 11 154 33 5395 1
423 21 154 33 5395 1
424 17 168 12 2290 1
425 6 154 20 3214 1
426 11 154 20 3214 1
427 12 157 22 2240 1
428 13 170 49 4325 1
429 23 149 62 9190 1
430 16 167 6 1106 1
431 9 147 39 6292 1
432 13 169 18 2338 1
433 8 145 40 8458 1
434 17 167 37 8168 1
435 8 157 17 1920 1
436 15 154 38 5923 1
437 13 168 24 4350 1
438 25 168 24 4350 1
439 37 168 24 4350 1
440 12 160 18 3638 1
441 16 165 15 2745 1
442 16 168 15 3104 1
443 12 165 19 3998 1
444 14 149 6 1221 1
445 27 149 6 1221 1
446 40 149 6 1221 1
447 23 157 11 2528 1
448 45 157 11 2528 1
449 16 170 27 6097 1
450 12 167 52 6641 1
451 23 167 52 6641 1
452 15 145 12 1620 1
453 13 168 40 3963 1
454 25 168 40 3963 1
455 37 168 40 3963 1
456 12 154 21 1762 1
457 11 157 32 3095 1
458 44 147 32 7003 1
459 7 168 30 4517 1
460 11 145 33 6793 1
461 9 169 2 219 1
462 17 169 2 219 1
463 25 169 2 219 1
464 22 147 30 2789 1
465 22 154 24 4375 1
466 12 149 23 3354 1
467 12 157 8 1526 1
468 16 149 4 318 1
469 9 169 22 4050 1
470 12 167 34 8431 1
471 23 167 34 8431 1
472 34 167 34 8431 1
473 13 169 18 2318 1
474 13 161 50 7770 1
475 22 158 17 1749 1
476 9 149 24 3914 1
477 17 149 24 3914 1
478 13 167 37 3876 1
479 25 167 37 3876 1
480 15 170 38 7016 1
481 29 170 38 7016 1
482 12 147 28 2633 1
483 10 168 68 9550 1
484 11 154 35 6572 1
485 13 161 31 2861 1
486 8 151 17 1431 1
487 15 151 17 1431 1
488 22 151 17 1431 1
489 21 170 27 2913 1
490 15 165 41 3511 1
491 7 161 30 5727 1
492 130 147 25 4490 1
493 12 157 43 7482 1
494 23 157 43 7482 1
495 9 154 16 1387 1
496 17 154 16 1387 1
497 21 158 15 2723 1
498 41 158 15 2723 1
499 61 158 15 2723 1
500 24 168 38 5465 1
501 15 149 2 418 1
502 15 157 29 6526 1
503 7 170 12 2965 1
504 12 170 19 3668 1
505 23 170 19 3668 1
506 8 149 39 6570 1
507 15 149 39 6570 1
508 23 158 26 4036 1
509 10 167 23 2921 1
510 13 149 31 5051 1
511 25 149 31 5051 1
512 8 160 11 2584 1
513 16 157 33 7730 1
514 11 145 26 2955 1
515 21 145 26 2955 1
516 31 145 26 2955 1
517 41 145 26 2955 1
518 15 149 35 6012 1
519 24 160 57 11371 1
520 8 157 26 5214 1
521 12 160 50 10632 1
522 24 170 44 10892 1
523 13 160 20 2321 1
524 25 160 20 2321 1
525 12 157 24 1925 1
526 23 157 24 1925 1
527 15 157 20 4299 1
528 9 147 24 3313 1
529 10 170 36 8159 1
530 19 170 36 8159 1
531 28 170 36 8159 1
532 37 170 36 8159 1
533 15 168 30 6856 1
534 8 167 29 4190 1
535 15 167 29 4190 1
536 22 161 61 14409 1
537 43 161 61 14409 1
538 3 149 28 2684 1
539 12 157 3 469 1
540 23 157 3 469 1
541 18 154 45 6751 1
542 12 169 46 8827 1
543 23 169 46 8827 1
544 10 168 15 2857 1
545 11 149 43 8406 1
546 21 149 43 8406 1
547 31 149 43 8406 1
548 15 169 18 2492 1
549 13 158 13 1864 1
550 25 158 13 1864 1
551 37 158 13 1864 1
552 8 161 41 8766 1
553 6 154 34 3069 1
554 13 157 47 9373 1
555 7 158 39 6318 1
556 21 170 24 3422 1
557 23 145 30 3989 1
558 10 169 63 5327 1
559 19 169 63 5327 1
560 28 169 63 5327 1
561 11 147 17 2152 1
562 21 147 17 2152 1
563 30 147 77 15672 1
564 8 157 29 6355 1
565 12 167 10 2354 1
566 23 167 10 2354 1
567 9 157 35 3435 1
568 17 157 35 3435 1
569 10 165 21 5136 1
570 12 147 25 3149 1
571 23 147 25 3149 1
572 34 147 25 3149 1
573 45 147 25 3149 1
574 7 149 23 1949 1
575 10 160 36 7010 1
576 22 157 24 2904 1
577 15 160 30 3612 1
578 23 147 25 2637 1
579 14 145 20 3109 1
580 27 145 20 3109 1
581 40 145 20 3109 1
582 14 149 16 2182 1
583 9 169 43 6439 1
584 8 157 21 4472 1
585 15 157 21 4472 1
586 24 147 28 5850 1
587 44 211 10 1594 1
588 87 211 10 1594 1
589 23 198 24 4355 1
590 16 178 13 3198 1
591 125 210 22 5512 1
592 43 208 38 6709 1
593 85 208 38 6709 1
594 71 208 15 4366 1
595 62 178 19 2603 1
596 17 208 10 1395 1
597 70 194 34 8833 1
598 36 195 34 9603 1
599 43 183 16 4045 1
600 54 184 15 3401 1
601 15 175 16 1998 1
602 43 178 15 1868 1
603 15 195 34 6758 1
604 58 194 15 4274 1
605 45 183 39 6801 1
606 89 183 39 6801 1
607 128 210 35 5778 1
608 44 184 22 3297 1
609 37 197 8 1334 1
610 40 195 16 4163 1
611 44 210 20 3086 1
612 57 208 33 9452 1
613 37 198 13 2324 1
614 71 198 18 3663 1
615 43 207 12 2740 1
616 16 184 33 5780 1
617 14 195 23 4521 1
618 39 184 24 5043 1
619 23 208 16 2334 1
620 38 197 22 3868 1
621 44 184 16 1886 1
622 43 178 8 2009 1
623 85 178 8 2009 1
624 127 178 8 2009 1
625 57 175 22 2049 1
626 57 198 17 4055 1
627 24 194 18 4808 1
628 47 194 18 4808 1
629 8 175 36 3907 1
630 71 197 13 3260 1
631 16 198 12 1218 1
632 31 198 12 1218 1
633 36 184 23 5210 1
634 44 207 20 6109 1
635 87 207 20 6109 1
636 43 194 18 4627 1
637 85 194 18 4627 1
638 14 198 17 4633 1
639 45 178 31 5981 1
640 89 178 31 5981 1
641 133 178 31 5981 1
642 44 211 38 5768 1
643 44 184 12 2194 1
644 44 210 15 2998 1
645 87 210 15 2998 1
646 130 210 15 2998 1
647 36 197 16 3172 1
648 14 197 12 1887 1
649 57 211 18 4006 1
650 15 197 26 6238 1
651 42 178 15 3193 1
652 16 210 33 3775 1
653 37 197 12 1698 1
654 73 197 12 1698 1
655 43 197 12 1344 1
656 85 197 12 1344 1
657 58 175 20 3764 1
658 107 178 5 1316 1
659 43 211 30 3968 1
660 21 207 17 1945 1
661 14 178 27 4262 1
662 59 197 14 2449 1
663 35 184 23 4451 1
664 37 194 5 1059 1
665 43 207 24 3200 1
666 57 198 32 6028 1
667 36 194 7 1745 1
668 56 183 10 1227 1
669 41 207 19 4233 1
670 43 175 13 2946 1
671 45 210 14 2348 1
672 57 210 15 1606 1
673 113 210 15 1606 1
674 36 211 29 6444 1
675 58 184 46 5856 1
676 45 210 15 2683 1
677 59 208 23 5409 1
678 41 175 15 1829 1
679 57 210 22 3644 1
680 71 198 7 1561 1
681 65 260 21 6276 1
682 36 240 22 6914 1
683 71 240 22 6914 1
684 37 274 25 7867 1
685 36 220 16 4820 1
686 37 254 22 5777 1
687 37 220 24 3077 1
688 50 254 29 5056 1
689 36 239 18 2997 1
690 15 240 19 5284 1
691 36 254 24 3975 1
692 50 267 28 8478 1
693 50 243 20 5629 1
694 99 243 20 5629 1
695 30 255 26 9051 1
696 59 255 26 9051 1
697 88 255 26 9051 1
698 91 277 39 16048 1
699 36 243 38 6673 1
700 91 261 20 6583 1
701 58 239 30 8618 1
702 57 221 18 3152 1
703 39 260 36 10949 1
704 35 254 28 10002 1
705 57 254 26 3527 1
706 51 274 16 4286 1
707 88 221 22 5326 1
708 36 264 21 8245 1
709 37 279 36 12592 1
710 79 239 17 2896 1
711 157 239 17 2896 1
712 235 239 17 2896 1
713 37 221 26 4066 1
714 58 239 32 4701 1
715 57 276 48 15201 1
716 73 228 29 6499 1
717 92 267 52 10136 1
718 36 274 32 11973 1
719 36 260 33 9761 1
720 71 260 33 9761 1
721 28 262 35 8653 1
722 57 257 19 3448 1
723 37 220 15 3872 1
724 73 220 15 3872 1
725 57 239 15 4127 1
726 93 272 30 10491 1
727 92 264 27 9991 1
728 45 264 15 2693 1
729 30 277 61 17586 1
730 59 277 61 17586 1
731 50 254 31 9954 1
732 31 262 17 2905 1
733 103 243 46 6649 1
734 36 279 21 5416 1
735 39 220 15 3814 1
736 57 265 23 4496 1
737 34 254 9 3231 1
738 92 240 31 10392 1
739 29 258 22 4270 1
740 50 255 24 6407 1
741 36 240 53 14622 1
742 71 240 53 14622 1
743 56 254 46 16202 1
744 31 258 19 7191 1
745 49 255 22 6776 1
746 59 216 17 2609 1
747 35 264 33 7378 1
748 69 264 33 7378 1
749 58 277 27 10575 1
750 37 268 13 3056 1
751 15 259 41 9338 1
752 57 268 45 11453 1
753 49 259 36 6540 1
754 50 264 19 3744 1
755 99 264 19 3744 1
756 148 264 19 3744 1
757 197 264 19 3744 1
758 30 265 21 6350 1
759 59 265 21 6350 1
760 16 261 20 5058 1
761 91 220 28 5171 1
762 16 259 21 7337 1
763 29 239 22 7601 1
764 90 239 9 2564 1
765 29 260 19 6970 1
766 42 216 21 4468 1
767 57 220 22 5791 1
768 113 220 22 5791 1
769 58 257 12 3192 1
770 57 279 18 3522 1
771 57 255 35 5851 1
772 82 228 24 8186 1
773 57 220 17 3837 1
774 57 274 21 4294 1
775 113 274 21 4294 1
776 36 316 30 7798 1
777 30 316 27 6849 1
778 63 303 21 6467 1
779 125 303 21 6467 1
780 59 338 36 17733 1
781 30 281 15 4952 1
782 6 324 16 6925 1
783 57 303 38 7357 1
784 57 294 16 3482 1
785 113 294 16 3482 1
786 37 334 37 8564 1
787 4 336 32 8230 1
788 56 334 49 9402 1
789 57 294 43 10578 1
790 56 294 12 3620 1
791 57 300 28 10446 1
792 58 292 20 7296 1
793 115 292 20 7296 1
794 57 334 50 23689 1
795 76 323 37 17335 1
796 57 304 15 5238 1
797 57 293 28 8327 1
798 62 332 24 7759 1
799 123 332 24 7759 1
800 184 332 24 7759 1
801 56 316 37 10181 1
802 79 338 17 8099 1
803 57 292 35 8440 1
804 56 333 38 16591 1
805 111 333 38 16591 1
806 166 333 38 16591 1
807 221 333 38 16591 1
808 276 333 38 16591 1
809 331 333 38 16591 1
810 30 335 11 3100 1
811 78 282 41 14968 1
812 80 292 38 12346 1
813 77 300 40 11935 1
814 153 300 40 11935 1
815 57 332 33 6193 1
816 58 304 35 7846 1
817 56 335 38 9504 1
818 58 324 33 8386 1
819 115 324 33 8386 1
820 172 324 33 8386 1
821 57 338 26 5835 1
822 113 338 26 5835 1
823 169 338 26 5835 1
824 225 338 26 5835 1
825 59 303 27 5001 1
826 117 303 27 5001 1
827 36 292 25 9441 1
828 74 334 11 3928 1
829 58 337 76 27360 1
830 115 337 76 27360 1
831 72 333 29 5871 1
832 143 333 29 5871 1
833 58 338 40 7443 1
834 115 338 40 7443 1
835 172 338 40 7443 1
836 229 338 40 7443 1
837 78 338 25 5332 1
838 55 292 14 4083 1
839 55 335 33 7843 1
840 57 305 14 5178 1
841 56 293 30 6984 1
842 79 336 14 3904 1
843 64 303 24 8413 1
844 79 299 35 5642 1
845 157 299 35 5642 1
846 57 286 18 3030 1
847 113 286 18 3030 1
848 57 338 22 5867 1
849 28 292 30 11559 1
850 36 282 21 8290 1
851 6 293 37 13735 1
852 57 286 23 3563 1
853 113 286 23 3563 1
854 169 286 23 3563 1
855 225 286 23 3563 1
856 56 299 67 17799 1
857 111 299 67 17799 1
858 166 299 67 17799 1
859 221 299 67 17799 1
860 276 299 67 17799 1
861 78 303 27 10534 1
862 57 324 48 16461 1
863 58 337 36 14604 1
864 115 337 36 14604 1
865 57 294 29 11952 1
866 57 303 31 13436 1
867 29 324 45 8789 1
868 81 303 27 7087 1
869 58 281 27 5995 1
870 58 293 31 8385 1
871 64 294 23 8271 1
872 78 337 42 15003 1
873 56 292 15 6064 1
874 111 292 15 6064 1
875 166 292 15 6064 1
876 29 303 21 6690 1
877 58 281 22 6796 1
878 57 282 50 10533 1
879 113 282 50 10533 1
880 80 281 16 2269 1
881 58 292 31 12126 1
882 30 335 27 10462 1
883 77 364 34 15070 1
884 69 365 28 7765 1
885 73 364 42 13471 1
886 85 363 27 8082 1
887 106 349 30 9272 1
888 73 368 92 44477 1
889 78 364 31 6702 1
890 78 365 20 7995 1
891 120 368 26 13339 1
892 71 349 66 32725 1
893 73 363 42 18605 1
894 56 368 45 20834 1
895 78 349 31 16119 1
896 155 349 31 16119 1
897 60 369 49 23292 1
898 74 366 47 20678 1
899 85 368 27 13841 1
900 85 364 98 29894 1
901 78 365 34 7316 1
902 71 363 32 15641 1
903 72 369 40 15245 1
904 57 369 52 12840 1
905 113 369 52 12840 1
906 94 368 50 18735 1
907 70 349 34 6199 1
908 96 349 44 8466 1
909 70 364 52 18322 1
910 78 368 38 11609 1
911 80 365 40 21661 1
912 159 365 40 21661 1
913 78 365 22 6579 1
914 84 349 37 12122 1
915 83 349 27 9996 1
916 71 368 66 34671 1
917 77 364 31 11300 1
918 79 369 33 14986 1
919 157 369 33 14986 1
920 77 366 61 19021 1
921 67 349 41 18404 1
922 133 349 41 18404 1
923 151 364 19 7620 1
924 79 368 29 14892 1
925 71 349 30 13632 1
926 78 366 49 16337 1
927 97 368 48 24258 1
928 122 349 31 11087 1
929 85 349 33 12049 1
930 79 349 96 42501 1
931 157 349 96 42501 1
932 80 369 18 7392 1
933 88 349 44 11236 1
934 80 369 29 6148 1
935 109 365 22 5483 1
936 80 365 59 11939 1
937 70 369 34 10723 1
938 139 369 34 10723 1
939 86 364 31 16525 1
940 70 365 28 10003 1
941 139 365 28 10003 1
942 208 365 28 10003 1
943 277 365 28 10003 1
944 71 364 62 27559 1
945 79 369 41 19416 1
946 157 369 41 19416 1
947 235 369 41 19416 1
948 80 364 45 11031 1
949 103 363 25 7264 1
950 79 363 48 20283 1
951 139 349 25 6114 1
952 59 369 41 8514 1
953 85 368 53 24728 1
954 71 366 39 8934 1
955 86 364 55 15088 1
956 85 369 29 15468 1
957 87 369 53 27659 1
958 87 368 21 5101 1
959 141 369 46 17423 1
960 80 363 41 13484 1
961 80 365 31 14827 1
962 71 368 56 23340 1
963 71 363 46 17549 1
964 72 349 31 5416 1
965 143 349 31 5416 1
966 63 366 24 7526 1
967 71 349 77 31947 1
968 85 349 42 14217 1
969 77 365 78 31031 1
970 153 365 78 31031 1
971 86 366 28 10792 1
972 73 366 50 21066 1
973 71 363 41 18512 1
974 141 363 41 18512 1
975 90 369 25 12757 1
976 70 368 30 16389 1
977 81 365 39 8843 1
978 86 364 51 11268 1
979 137 349 49 23152 1
980 273 349 49 23152 1
981 78 368 27 10489 1
982 155 368 27 10489 1
983 69 349 41 15132 1
984 72 349 33 11682 1
985 143 349 33 11682 1
986 61 364 44 22160 1
987 65 363 61 16235 1
988 75 364 38 12620 1
989 79 366 36 8151 1
990 157 366 36 8151 1
991 72 364 37 13370 1
992 77 369 38 20820 1
993 78 369 42 19746 1
994 155 369 42 19746 1
995 232 369 42 19746 1
996 72 363 44 15043 1
997 143 363 44 15043 1
998 114 363 52 9784 1
999 69 364 31 11049 1
1000 88 365 54 11266 1
1001 175 365 54 11266 1
1002 70 364 32 11997 1
1003 107 363 29 6892 1
1004 66 369 53 28655 1
1005 71 364 53 13398 1
1006 141 364 53 13398 1
1007 79 369 24 12831 1
1008 79 364 43 9482 1
1009 70 365 30 14670 1
1010 59 369 57 18224 1
1011 71 364 39 18021 1
1012 88 363 51 11010 1
1013 71 368 37 13980 1
1014 78 369 28 7280 1
1015 86 368 24 6287 1
1016 78 396 46 12567 1
1017 86 396 65 14292 1
1018 91 400 52 23779 1
1019 79 396 66 25300 1
1020 157 396 66 25300 1
1021 79 400 22 9975 1
1022 83 400 44 12515 1
1023 90 398 38 7787 1
1024 172 399 61 30057 1
1025 102 400 34 16996 1
1026 84 399 101 23975 1
1027 167 399 101 23975 1
1028 250 399 101 23975 1
1029 104 397 45 20212 1
1030 88 398 48 26513 1
1031 79 397 26 8156 1
1032 157 397 26 8156 1
1033 110 400 29 14926 1
1034 219 400 29 14926 1
1035 80 397 53 31559 1
1036 79 400 67 27770 1
1037 157 400 67 27770 1
16
500 500 500 500 425 425 400 400 440 500 500 400 500 500 500 550 