1037
1 15 139 26 4885 1
2 15 121 26 4412 1
3 8 118 19 1193 1
4 15 118 28 4673 1
5 13 138 24 4492 1
6 16 125 31 4845 1
7 10 132 13 1183 1
8 9 127 26 2499 1
9 8 137 14 2589 1
10 15 137 14 2589 1
11 22 137 14 2589 1
12 9 134 6 788 1
13 17 134 6 788 1
14 8 133 33 4422 1
15 16 138 29 2304 1
16 3 139 19 1867 1
17 5 139 19 1867 1
18 16 140 23 3519 1
19 31 140 23 3519 1
20 9 134 18 3449 1
21 17 134 18 3449 1
22 53 125 20 1898 1
23 9 140 8 1178 1
24 21 121 29 4942 1
25 53 141 30 2448 1
26 8 134 12 1725 1
27 15 134 12 1725 1
28 22 134 12 1725 1
29 53 134 52 6339 1
30 10 137 11 1326 1
31 10 101 22 1390 1
32 19 101 22 1390 1
33 28 101 22 1390 1
34 15 118 4 417 1
35 9 117 14 1887 1
36 17 117 14 1887 1
37 9 125 25 2852 1
38 8 121 23 2084 1
39 26 118 21 2901 1
40 15 140 13 1552 1
41 29 140 13 1552 1
42 16 140 55 3914 1
43 10 117 38 6045 1
44 19 117 38 6045 1
45 10 118 28 4303 1
46 8 121 17 2931 1
47 9 132 17 3085 1
48 17 132 17 3085 1
49 11 101 3 299 1
50 16 117 35 5896 1
51 7 134 2 164 1
52 13 134 2 164 1
53 19 134 2 164 1
54 9 133 5 606 1
55 28 118 31 2167 1
56 17 132 35 3998 1
57 14 127 40 3092 1
58 9 139 38 6984 1
59 7 118 7 417 1
60 9 140 6 904 1
61 15 127 18 1965 1
62 13 138 23 2024 1
63 25 138 23 2024 1
64 37 138 23 2024 1
65 8 133 37 5858 1
66 15 133 37 5858 1
67 22 133 37 5858 1
68 29 133 37 5858 1
69 11 140 34 3430 1
70 6 140 64 10712 1
71 12 140 15 2462 1
72 8 127 27 2879 1
73 15 127 27 2879 1
74 9 125 41 4124 1
75 8 127 26 1964 1
76 9 138 14 2644 1
77 17 138 14 2644 1
78 8 129 4 585 1
79 15 117 10 1694 1
80 15 121 6 437 1
81 8 139 6 500 1
82 15 139 6 500 1
83 22 139 6 500 1
84 29 139 6 500 1
85 36 139 6 500 1
86 7 140 9 1389 1
87 9 134 8 888 1
88 13 140 32 6247 1
89 25 140 32 6247 1
90 16 121 4 502 1
91 77 125 46 8188 1
92 16 133 38 5156 1
93 10 138 1 191 1
94 50 138 19 1373 1
95 99 138 19 1373 1
96 5 138 21 3833 1
97 10 140 13 2365 1
98 13 140 13 2056 1
99 8 117 19 1822 1
100 15 117 19 1822 1
101 15 129 13 1917 1
102 16 127 31 3140 1
103 14 139 7 1273 1
104 12 141 28 4298 1
105 23 141 28 4298 1
106 8 140 13 1794 1
107 31 125 7 1259 1
108 15 134 39 5439 1
109 9 140 57 5781 1
110 8 141 30 4242 1
111 15 141 30 4242 1
112 22 141 30 4242 1
113 15 127 33 5519 1
114 29 127 33 5519 1
115 10 139 15 2712 1
116 9 132 14 2669 1
117 8 118 20 2892 1
118 1 129 14 2111 1
119 9 118 7 879 1
120 9 127 10 1447 1
121 17 127 10 1447 1
122 9 118 19 2340 1
123 9 117 19 2693 1
124 17 117 19 2693 1
125 25 117 19 2693 1
126 33 117 19 2693 1
127 12 129 19 1846 1
128 8 117 4 343 1
129 15 117 4 343 1
130 9 139 25 3915 1
131 17 139 25 3915 1
132 6 137 20 2177 1
133 9 118 34 4713 1
134 15 137 26 5306 1
135 29 137 26 5306 1
136 8 129 15 998 1
137 12 121 32 3816 1
138 8 132 3 552 1
139 16 127 22 2619 1
140 31 127 22 2619 1
141 15 139 34 2858 1
142 29 139 34 2858 1
143 9 129 18 1712 1
144 9 132 16 1466 1
145 17 132 16 1466 1
146 5 133 15 2000 1
147 8 101 19 1675 1
148 15 101 19 1675 1
149 21 140 16 1573 1
150 27 140 16 1866 1
151 7 132 32 4277 1
152 9 132 22 2446 1
153 8 125 14 1708 1
154 9 132 25 2027 1
155 8 127 44 5766 1
156 8 129 43 7339 1
157 11 140 24 3194 1
158 10 134 14 1266 1
159 19 134 14 1266 1
160 28 134 14 1266 1
161 37 134 14 1266 1
162 46 134 14 1266 1
163 55 134 14 1266 1
164 64 134 14 1266 1
165 73 134 14 1266 1
166 82 134 14 1266 1
167 91 134 14 1266 1
168 100 134 14 1266 1
169 109 134 14 1266 1
170 118 134 14 1266 1
171 28 129 16 2747 1
172 16 132 9 1731 1
173 15 127 7 1147 1
174 19 101 15 835 1
175 8 127 29 2029 1
176 7 141 20 3561 1
177 11 132 8 1207 1
178 21 132 8 1207 1
179 9 127 18 3251 1
180 9 132 39 4075 1
181 9 134 22 1930 1
182 15 132 19 1389 1
183 29 132 19 1389 1
184 43 132 19 1389 1
185 57 132 19 1389 1
186 9 127 2 364 1
187 8 134 38 4476 1
188 15 134 38 4476 1
189 22 134 38 4476 1
190 11 117 8 1070 1
191 8 118 21 1431 1
192 9 117 14 1155 1
193 17 117 14 1155 1
194 25 117 14 1155 1
195 33 117 14 1155 1
196 16 125 27 3456 1
197 8 127 29 3327 1
198 15 127 29 3327 1
199 9 125 5 698 1
200 17 125 5 698 1
201 8 118 17 2012 1
202 16 125 27 4975 1
203 15 141 29 2366 1
204 20 118 37 5360 1
205 18 137 22 4239 1
206 16 137 32 2268 1
207 6 127 13 2359 1
208 7 137 10 1135 1
209 8 118 28 3223 1
210 15 118 28 3223 1
211 13 101 16 2041 1
212 8 134 31 5538 1
213 9 138 42 3772 1
214 16 118 14 2383 1
215 8 132 23 2510 1
216 15 132 23 2510 1
217 22 132 23 2510 1
218 29 132 23 2510 1
219 8 129 18 1451 1
220 8 127 26 3847 1
221 11 101 17 2232 1
222 8 141 19 3791 1
223 12 141 29 2365 1
224 8 137 15 2882 1
225 28 137 16 1769 1
226 10 134 47 5072 1
227 19 134 47 5072 1
228 17 133 42 7079 1
229 11 127 29 4449 1
230 11 137 17 1909 1
231 58 140 34 4513 1
232 8 132 34 3361 1
233 9 125 4 457 1
234 17 125 4 457 1
235 9 117 14 1147 1
236 17 117 14 1147 1
237 25 117 14 1147 1
238 33 117 14 1147 1
239 8 137 23 4727 1
240 10 118 25 1711 1
241 18 118 38 3259 1
242 16 140 28 3573 1
243 8 127 21 2254 1
244 15 127 21 2254 1
245 81 121 15 2153 1
246 9 138 31 5957 1
247 17 138 31 5957 1
248 7 125 25 2564 1
249 13 125 25 2564 1
250 19 125 25 2564 1
251 25 125 25 2564 1
252 31 125 25 2564 1
253 11 134 16 2722 1
254 10 118 30 2546 1
255 9 140 16 2101 1
256 17 140 16 2101 1
257 25 140 16 2101 1
258 33 140 16 2101 1
259 41 140 16 2101 1
260 49 140 16 2101 1
261 16 101 8 1151 1
262 8 125 14 1504 1
263 9 133 20 3708 1
264 10 133 38 4644 1
265 5 134 12 1639 1
266 23 117 8 1114 1
267 45 117 8 1114 1
268 8 141 48 4887 1
269 8 132 27 5009 1
270 15 132 27 5009 1
271 12 129 9 643 1
272 11 139 16 2557 1
273 21 139 16 2557 1
274 14 137 29 5339 1
275 9 140 3 394 1
276 17 140 3 394 1
277 25 140 3 394 1
278 8 134 29 4374 1
279 8 137 43 6596 1
280 9 139 29 5783 1
281 8 118 17 2372 1
282 15 118 17 2372 1
283 5 134 34 3615 1
284 9 127 11 745 1
285 8 132 9 850 1
286 12 147 16 2013 1
287 12 158 18 1428 1
288 23 158 18 1428 1
289 34 158 18 1428 1
290 45 158 18 1428 1
291 11 160 31 5821 1
292 13 158 15 2445 1
293 16 147 28 2773 1
294 19 160 43 8684 1
295 24 170 74 14310 1
296 9 168 33 8184 1
297 11 165 31 5648 1
298 21 165 31 5648 1
299 26 160 25 3141 1
300 16 145 32 5559 1
301 16 165 1 133 1
302 10 149 23 4110 1
303 19 149 23 4110 1
304 28 149 23 4110 1
305 24 145 33 4809 1
306 15 145 32 6807 1
307 29 145 32 6807 1
308 11 165 8 1120 1
309 9 160 36 7220 1
310 9 168 15 2450 1
311 23 169 32 5493 1
312 43 154 3 564 1
313 3 167 42 8912 1
314 12 151 48 10252 1
315 11 161 33 5444 1
316 13 168 24 4493 1
317 15 161 32 4379 1
318 29 161 32 4379 1
319 21 167 15 1723 1
320 8 168 20 5017 1
321 14 170 57 9022 1
322 12 168 2 422 1
323 9 165 25 3054 1
324 9 169 45 10970 1
325 12 147 36 5392 1
326 23 147 36 5392 1
327 12 169 13 1319 1
328 15 160 36 6655 1
329 29 160 36 6655 1
330 12 167 27 4997 1
331 8 169 12 1209 1
332 21 169 34 3705 1
333 15 170 12 1605 1
334 11 157 10 1454 1
335 21 157 10 1454 1
336 16 145 30 3112 1
337 12 158 50 4396 1
338 14 167 24 3637 1
339 16 145 29 2809 1
340 11 151 28 2805 1
341 23 160 51 4514 1
342 12 170 43 5512 1
343 23 170 43 5512 1
344 34 170 43 5512 1
345 11 145 42 8801 1
346 21 145 42 8801 1
347 11 167 38 3558 1
348 21 167 38 3558 1
349 31 167 38 3558 1
350 41 167 38 3558 1
351 12 161 20 4671 1
352 23 161 20 4671 1
353 8 149 17 3269 1
354 15 149 17 3269 1
355 7 154 32 5191 1
356 16 169 54 7836 1
357 10 158 8 1701 1
358 12 158 12 2709 1
359 11 170 61 13394 1
360 21 170 61 13394 1
361 31 170 61 13394 1
362 10 168 28 3302 1
363 7 160 29 5834 1
364 13 160 29 5834 1
365 19 160 29 5834 1
366 16 165 9 1640 1
367 11 170 28 2442 1
368 12 154 23 5274 1
369 23 154 23 5274 1
370 17 154 30 3595 1
371 11 151 42 4820 1
372 8 149 33 6494 1
373 10 151 30 4132 1
374 9 154 41 4878 1
375 17 154 41 4878 1
376 17 161 32 7617 1
377 8 147 42 4071 1
378 2 170 39 3965 1
379 15 158 26 3864 1
380 12 167 66 7661 1
381 12 168 29 3416 1
382 23 168 29 3416 1
383 15 160 12 1257 1
384 29 160 12 1257 1
385 11 165 15 1892 1
386 11 165 23 2267 1
387 21 165 23 2267 1
388 31 165 23 2267 1
389 41 165 23 2267 1
390 8 167 44 4487 1
391 11 151 16 1851 1
392 21 151 16 1851 1
393 16 160 31 7074 1
394 9 149 19 1636 1
395 17 169 72 8897 1
396 14 145 54 8662 1
397 13 169 16 3561 1
398 13 170 53 12035 1
399 25 170 53 12035 1
400 16 160 22 4174 1
401 12 158 33 6878 1
402 8 169 46 5552 1
403 13 170 44 6751 1
404 25 170 44 6751 1
405 7 149 51 9620 1
406 9 160 40 5109 1
407 18 158 23 4222 1
408 16 147 44 4685 1
409 12 160 14 1924 1
410 23 160 14 1924 1
411 13 157 25 2927 1
412 25 157 25 2927 1
413 37 157 25 2927 1
414 8 170 41 7188 1
415 16 149 25 2901 1
416 21 168 25 2322 1
417 41 168 25 2322 1
418 61 168 25 2322 1
419 81 168 25 2322 1
420 10 165 42 4958 1
421 19 165 42 4958 1
422 28 165 42 4958 1
423 9 170 18 2226 1
424 21 168 26 5924 1
425 8 170 54 12790 1
426 15 170 54 12790 1
427 11 151 27 3843 1
428 21 151 27 3843 1
429 31 151 27 3843 1
430 12 145 14 1842 1
431 7 151 27 2936 1
432 13 160 21 2130 1
433 16 160 31 3944 1
434 3 147 29 3282 1
435 11 145 33 5895 1
436 12 170 27 5708 1
437 23 170 27 5708 1
438 34 170 27 5708 1
439 13 151 20 2791 1
440 25 151 20 2791 1
441 7 145 20 1825 1
442 11 158 24 4951 1
443 21 158 24 4951 1
444 31 158 24 4951 1
445 10 160 20 3369 1
446 16 168 36 7472 1
447 31 168 36 7472 1
448 9 154 34 4249 1
449 17 154 34 4249 1
450 12 165 23 3238 1
451 13 165 47 5965 1
452 9 154 22 2489 1
453 12 145 15 3121 1
454 7 154 40 4307 1
455 11 168 12 2538 1
456 10 149 12 1674 1
457 19 149 12 1674 1
458 15 147 4 387 1
459 44 151 33 4493 1
460 16 165 38 5424 1
461 11 149 47 9579 1
462 10 165 50 10945 1
463 19 165 50 10945 1
464 28 165 50 10945 1
465 13 160 27 5362 1
466 11 168 33 3218 1
467 12 151 10 1027 1
468 18 160 26 2249 1
469 14 145 18 3802 1
470 12 158 39 7245 1
471 23 158 39 7245 1
472 34 158 39 7245 1
473 9 170 21 3456 1
474 21 147 13 1363 1
475 7 147 22 1873 1
476 15 160 27 3457 1
477 23 157 40 3422 1
478 9 161 29 5606 1
479 17 161 29 5606 1
480 12 167 21 3811 1
481 12 145 33 5476 1
482 16 167 9 1746 1
483 10 149 25 5028 1
484 10 167 42 9583 1
485 19 167 42 9583 1
486 16 165 27 2679 1
487 15 167 19 1999 1
488 28 167 15 3627 1
489 11 170 20 4275 1
490 21 170 20 4275 1
491 31 170 20 4275 1
492 41 170 20 4275 1
493 12 170 37 8929 1
494 23 170 37 8929 1
495 16 147 26 5182 1
496 13 169 33 5782 1
497 12 157 44 5588 1
498 15 160 42 4499 1
499 12 149 59 4516 1
500 23 149 59 4516 1
501 34 149 59 4516 1
502 45 149 59 4516 1
503 15 160 14 1247 1
504 15 145 36 6506 1
505 29 145 36 6506 1
506 43 145 36 6506 1
507 22 151 22 2029 1
508 14 168 38 8115 1
509 27 168 38 8115 1
510 11 161 35 7826 1
511 21 161 35 7826 1
512 13 154 7 1194 1
513 18 168 14 1425 1
514 11 167 44 5511 1
515 21 167 44 5511 1
516 31 167 44 5511 1
517 41 167 44 5511 1
518 10 158 44 8875 1
519 14 157 16 2857 1
520 27 157 16 2857 1
521 15 149 40 6974 1
522 9 168 50 10201 1
523 39 158 6 762 1
524 15 154 8 1201 1
525 11 169 42 7720 1
526 22 154 38 4654 1
527 12 147 59 10708 1
528 10 169 28 5447 1
529 8 170 43 5819 1
530 11 151 28 2250 1
531 16 154 29 5709 1
532 13 154 37 3437 1
533 25 154 37 3437 1
534 13 154 24 4843 1
535 11 158 21 4327 1
536 20 167 43 6294 1
537 14 161 8 1858 1
538 8 157 34 3748 1
539 13 157 23 3370 1
540 11 154 27 2497 1
541 9 168 46 4664 1
542 8 145 23 4804 1
543 7 151 19 3195 1
544 14 157 66 8720 1
545 27 157 66 8720 1
546 9 157 24 5436 1
547 10 149 7 1120 1
548 19 149 7 1120 1
549 28 149 7 1120 1
550 25 145 47 4127 1
551 49 145 47 4127 1
552 14 145 24 3880 1
553 11 168 28 4290 1
554 10 151 26 4926 1
555 19 151 26 4926 1
556 12 145 26 4275 1
557 23 154 12 2573 1
558 13 158 4 324 1
559 9 154 15 3436 1
560 17 154 15 3436 1
561 9 149 10 794 1
562 13 167 70 8685 1
563 25 167 70 8685 1
564 11 167 55 5928 1
565 21 151 30 3468 1
566 12 169 16 3518 1
567 11 170 18 3148 1
568 10 157 20 2519 1
569 2 154 44 3565 1
570 11 170 27 5270 1
571 21 170 27 5270 1
572 31 170 27 5270 1
573 41 170 27 5270 1
574 13 151 31 4953 1
575 15 169 54 8325 1
576 13 158 7 1178 1
577 2 169 37 6968 1
578 15 149 14 2711 1
579 3 167 49 9043 1
580 16 157 37 8502 1
581 35 145 29 3972 1
582 10 151 16 1406 1
583 10 160 31 5981 1
584 15 158 14 1805 1
585 29 158 14 1805 1
586 10 157 28 5316 1
587 44 178 17 2621 1
588 87 178 17 2621 1
589 54 207 29 7637 1
590 37 210 22 5070 1
591 36 195 14 4093 1
592 71 195 14 4093 1
593 17 183 25 6719 1
594 44 208 18 1907 1
595 87 208 18 1907 1
596 44 194 18 2256 1
597 87 194 18 2256 1
598 14 211 11 1794 1
599 17 210 39 7166 1
600 37 210 18 3627 1
601 44 178 10 2054 1
602 87 178 10 2054 1
603 115 195 28 7093 1
604 44 178 9 1673 1
605 15 178 52 13502 1
606 20 210 21 4223 1
607 16 183 22 4910 1
608 23 208 14 2527 1
609 44 207 34 9019 1
610 87 207 34 9019 1
611 56 183 13 1467 1
612 111 183 13 1467 1
613 15 184 7 1696 1
614 45 198 27 4623 1
615 89 198 27 4623 1
616 133 198 27 4623 1
617 41 198 23 4678 1
618 71 195 15 3383 1
619 36 184 16 4057 1
620 15 211 18 3635 1
621 36 178 8 747 1
622 43 197 25 4895 1
623 85 197 25 4895 1
624 127 197 25 4895 1
625 60 194 8 1515 1
626 43 195 25 6158 1
627 16 211 17 4876 1
628 57 197 16 3970 1
629 113 197 16 3970 1
630 19 198 34 3957 1
631 56 195 21 4025 1
632 111 195 21 4025 1
633 8 197 24 5609 1
634 43 208 35 4678 1
635 59 175 22 2966 1
636 117 175 22 2966 1
637 32 197 22 4424 1
638 44 197 27 6242 1
639 37 207 15 4153 1
640 43 183 26 6254 1
641 85 183 26 6254 1
642 127 183 26 6254 1
643 37 184 30 3397 1
644 72 184 29 3568 1
645 42 210 15 4633 1
646 38 197 12 2821 1
647 38 183 16 2031 1
648 20 183 10 2305 1
649 15 198 26 4480 1
650 71 183 21 2587 1
651 44 210 16 3447 1
652 57 178 17 4276 1
653 113 178 17 4276 1
654 44 207 21 4996 1
655 40 210 34 4164 1
656 57 184 21 5633 1
657 18 211 17 1889 1
658 16 184 8 780 1
659 35 183 10 2182 1
660 37 194 11 2731 1
661 73 194 11 2731 1
662 58 175 19 3681 1
663 37 198 18 5166 1
664 58 211 18 4766 1
665 41 207 26 3214 1
666 42 194 37 10052 1
667 83 194 37 10052 1
668 124 194 37 10052 1
669 165 194 37 10052 1
670 25 184 10 1596 1
671 56 184 28 6521 1
672 16 194 12 1405 1
673 43 195 12 2937 1
674 73 198 20 3553 1
675 14 184 11 2223 1
676 44 197 8 1489 1
677 58 194 14 2244 1
678 15 184 10 2382 1
679 16 178 30 4539 1
680 18 198 16 4488 1
681 36 240 32 9036 1
682 57 254 35 13205 1
683 47 268 18 4005 1
684 57 268 46 18004 1
685 38 274 51 14675 1
686 36 240 15 4912 1
687 38 264 18 4701 1
688 50 277 22 7317 1
689 38 258 20 3293 1
690 57 274 27 6719 1
691 113 274 27 6719 1
692 57 220 15 3428 1
693 29 279 25 6130 1
694 36 277 24 5091 1
695 56 261 26 7331 1
696 94 254 28 6328 1
697 15 268 27 8432 1
698 29 268 27 8432 1
699 43 268 27 8432 1
700 91 257 22 3235 1
701 58 216 11 2512 1
702 30 264 28 7800 1
703 58 261 30 5133 1
704 37 221 19 2413 1
705 51 260 28 8126 1
706 27 257 21 3761 1
707 58 230 15 2699 1
708 36 261 27 9334 1
709 71 261 27 9334 1
710 106 261 27 9334 1
711 57 265 33 5551 1
712 113 265 33 5551 1
713 36 275 29 5661 1
714 36 240 28 6047 1
715 57 243 23 8328 1
716 58 240 34 8442 1
717 77 277 38 5365 1
718 15 221 22 3660 1
719 36 276 52 19899 1
720 71 276 52 19899 1
721 35 257 15 3660 1
722 39 264 20 3402 1
723 58 275 16 3872 1
724 115 275 16 3872 1
725 172 275 16 3872 1
726 59 260 31 11114 1
727 90 268 25 8533 1
728 57 279 37 9466 1
729 36 255 33 8335 1
730 71 255 33 8335 1
731 106 255 33 8335 1
732 36 272 26 8275 1
733 57 255 31 4386 1
734 52 260 25 3916 1
735 71 274 17 2726 1
736 36 262 26 9443 1
737 58 260 22 4531 1
738 115 260 22 4531 1
739 57 276 31 11518 1
740 36 255 27 7795 1
741 57 274 19 6736 1
742 50 279 36 12272 1
743 99 279 36 12272 1
744 50 258 32 7079 1
745 51 259 36 8733 1
746 38 274 22 8969 1
747 38 276 26 6015 1
748 58 262 24 4822 1
749 37 261 19 4135 1
750 29 255 30 7531 1
751 41 267 15 4113 1
752 36 279 24 8913 1
753 91 239 22 2666 1
754 17 230 32 7868 1
755 58 221 16 2722 1
756 40 267 30 7126 1
757 29 260 24 5824 1
758 37 276 23 8144 1
759 58 267 35 9849 1
760 115 267 35 9849 1
761 15 258 39 8175 1
762 93 268 29 11002 1
763 56 262 31 8435 1
764 37 258 27 4226 1
765 57 221 30 3705 1
766 113 221 30 3705 1
767 169 221 30 3705 1
768 37 260 25 4965 1
769 35 262 26 5183 1
770 91 267 28 4802 1
771 36 275 25 6027 1
772 15 279 18 3618 1
773 29 279 18 3618 1
774 37 260 15 4098 1
775 57 240 25 3146 1
776 57 323 20 8879 1
777 113 323 20 8879 1
778 169 323 20 8879 1
779 225 323 20 8879 1
780 57 300 38 6591 1
781 57 294 27 11119 1
782 58 323 30 6625 1
783 57 305 22 5116 1
784 58 332 23 5767 1
785 58 300 29 7527 1
786 57 323 8 2681 1
787 113 323 8 2681 1
788 169 323 8 2681 1
789 58 294 41 6224 1
790 79 338 64 15611 1
791 56 292 26 4402 1
792 57 316 48 18634 1
793 63 332 34 14853 1
794 79 337 49 19969 1
795 59 299 43 6619 1
796 117 299 43 6619 1
797 175 299 43 6619 1
798 233 299 43 6619 1
799 291 299 43 6619 1
800 349 299 43 6619 1
801 56 334 35 17478 1
802 79 324 34 10019 1
803 40 332 42 9770 1
804 79 334 39 12795 1
805 57 316 14 4138 1
806 57 282 24 9326 1
807 34 300 49 10443 1
808 58 303 38 5950 1
809 58 332 32 14735 1
810 27 293 33 11123 1
811 36 286 36 14543 1
812 57 282 28 10363 1
813 113 282 28 10363 1
814 41 305 19 3750 1
815 31 324 27 7210 1
816 61 324 27 7210 1
817 63 305 41 6636 1
818 30 299 48 12109 1
819 58 286 30 11568 1
820 29 293 27 5082 1
821 78 323 43 12716 1
822 97 337 39 9311 1
823 57 294 27 7670 1
824 57 293 34 10762 1
825 113 293 34 10762 1
826 169 293 34 10762 1
827 225 293 34 10762 1
828 281 293 34 10762 1
829 58 333 26 7137 1
830 45 324 21 9125 1
831 56 300 37 8173 1
832 57 336 40 7691 1
833 56 323 40 7802 1
834 75 316 20 5749 1
835 78 333 38 12786 1
836 58 332 43 20322 1
837 115 332 43 20322 1
838 172 332 43 20322 1
839 48 316 37 16106 1
840 53 337 30 9737 1
841 56 335 22 4259 1
842 56 299 27 4844 1
843 30 316 23 5135 1
844 56 293 20 8126 1
845 68 293 27 4914 1
846 36 293 16 5221 1
847 58 294 40 17007 1
848 58 336 46 16052 1
849 115 336 46 16052 1
850 29 323 34 15853 1
851 58 299 27 12010 1
852 77 299 16 2704 1
853 76 281 32 5727 1
854 31 337 28 9143 1
855 36 286 32 5468 1
856 57 304 27 5221 1
857 113 304 27 5221 1
858 35 324 26 6339 1
859 68 304 22 8280 1
860 31 316 46 13688 1
861 58 316 42 10487 1
862 57 336 34 13996 1
863 113 336 34 13996 1
864 169 336 34 13996 1
865 225 336 34 13996 1
866 59 332 37 14019 1
867 58 338 41 17613 1
868 115 338 41 17613 1
869 172 338 41 17613 1
870 57 324 42 12392 1
871 113 324 42 12392 1
872 58 316 41 12889 1
873 30 324 21 5955 1
874 57 334 44 8923 1
875 113 334 44 8923 1
876 58 305 47 20678 1
877 115 305 47 20678 1
878 172 305 47 20678 1
879 229 305 47 20678 1
880 58 323 43 19916 1
881 115 323 43 19916 1
882 56 323 33 8780 1
883 79 364 33 14371 1
884 157 364 33 14371 1
885 235 364 33 14371 1
886 71 366 55 26641 1
887 63 349 25 7227 1
888 69 349 42 10738 1
889 79 369 29 6111 1
890 72 363 35 9748 1
891 143 363 35 9748 1
892 78 369 33 6769 1
893 155 369 33 6769 1
894 232 369 33 6769 1
895 93 369 37 9494 1
896 72 368 58 24182 1
897 143 368 58 24182 1
898 214 368 58 24182 1
899 85 366 47 24017 1
900 135 364 38 14215 1
901 84 368 60 31961 1
902 85 368 33 8895 1
903 96 366 44 13970 1
904 95 365 30 11263 1
905 72 366 50 11156 1
906 143 366 50 11156 1
907 214 366 50 11156 1
908 285 366 50 11156 1
909 72 369 20 6385 1
910 70 366 40 13165 1
911 58 368 39 11074 1
912 73 368 19 7524 1
913 62 368 32 10621 1
914 68 364 48 19703 1
915 109 365 30 11354 1
916 72 364 34 12031 1
917 95 364 35 17468 1
918 77 365 47 12617 1
919 79 365 38 10028 1
920 157 365 38 10028 1
921 70 364 47 15599 1
922 97 365 46 14687 1
923 78 368 30 6530 1
924 86 366 38 18199 1
925 80 349 57 25677 1
926 70 349 30 5506 1
927 71 369 44 14917 1
928 85 364 36 11918 1
929 85 364 26 13273 1
930 72 369 31 13282 1
931 71 369 57 17445 1
932 68 368 48 17037 1
933 79 363 43 12975 1
934 157 363 43 12975 1
935 86 363 45 16084 1
936 78 349 59 22214 1
937 71 349 25 9423 1
938 85 368 73 31858 1
939 70 363 44 12242 1
940 57 364 52 12437 1
941 113 364 52 12437 1
942 71 365 53 11563 1
943 141 365 53 11563 1
944 58 349 62 18227 1
945 72 366 44 19449 1
946 143 366 44 19449 1
947 77 365 54 24567 1
948 72 363 41 14254 1
949 97 349 48 19821 1
950 193 349 48 19821 1
951 74 369 47 24520 1
952 71 349 57 28536 1
953 128 349 44 17598 1
954 86 365 45 20653 1
955 49 369 77 31315 1
956 97 369 77 31315 1
957 71 366 26 5618 1
958 78 366 40 17250 1
959 72 365 51 21202 1
960 152 368 38 12283 1
961 71 368 33 9393 1
962 141 368 33 9393 1
963 211 368 33 9393 1
964 74 363 42 20169 1
965 85 349 47 13271 1
966 86 369 44 18082 1
967 71 364 64 22743 1
968 74 349 36 13966 1
969 147 349 36 13966 1
970 153 364 44 12854 1
971 86 349 39 8114 1
972 171 349 39 8114 1
973 101 349 74 38249 1
974 72 366 31 14308 1
975 112 349 43 19053 1
976 85 349 27 5809 1
977 79 368 50 23936 1
978 80 349 15 4607 1
979 86 365 72 21716 1
980 72 366 31 16685 1
981 78 366 25 11463 1
982 155 366 25 11463 1
983 77 369 36 19169 1
984 96 363 31 13220 1
985 74 364 57 11014 1
986 85 364 46 21286 1
987 80 368 35 10703 1
988 159 368 35 10703 1
989 238 368 35 10703 1
990 85 366 23 10981 1
991 69 366 33 12898 1
992 137 366 33 12898 1
993 205 366 33 12898 1
994 74 349 28 7827 1
995 109 366 28 10583 1
996 78 365 48 17721 1
997 80 349 32 6657 1
998 73 369 25 12866 1
999 145 369 25 12866 1
1000 72 365 50 16069 1
1001 178 349 38 9795 1
1002 72 364 28 12739 1
1003 86 364 28 7382 1
1004 129 364 32 10582 1
1005 92 369 25 10255 1
1006 62 349 34 7618 1
1007 82 363 25 5925 1
1008 76 363 27 7550 1
1009 151 363 27 7550 1
1010 78 363 45 12697 1
1011 74 366 34 6453 1
1012 147 366 34 6453 1
1013 88 368 63 32350 1
1014 73 369 43 14470 1
1015 77 369 40 15505 1
1016 92 399 72 31188 1
1017 90 397 40 19721 1
1018 179 397 40 19721 1
1019 268 397 40 19721 1
1020 93 399 52 22708 1
1021 79 399 26 6253 1
1022 93 397 49 12664 1
1023 76 398 52 10737 1
1024 150 399 66 20173 1
1025 299 399 66 20173 1
1026 448 399 66 20173 1
1027 82 398 51 22266 1
1028 109 397 41 24132 1
1029 90 396 52 20776 1
1030 179 396 52 20776 1
1031 83 396 30 12574 1
1032 84 396 30 9889 1
1033 90 396 46 21577 1
1034 179 396 46 21577 1
1035 268 396 46 21577 1
1036 91 399 56 18619 1
1037 181 399 56 18619 1
16
500 500 500 500 425 425 400 400 440 500 500 400 500 500 500 550 