1037
1 8 125 16 2921 1
2 15 125 16 2921 1
3 22 125 16 2921 1
4 8 133 30 5433 1
5 9 141 30 5988 1
6 17 141 30 5988 1
7 11 134 37 4918 1
8 8 137 15 1859 1
9 8 140 17 2615 1
10 15 140 17 2615 1
11 22 140 17 2615 1
12 9 137 14 2514 1
13 13 101 25 2918 1
14 7 101 10 598 1
15 8 137 33 4174 1
16 15 137 33 4174 1
17 9 129 22 2247 1
18 8 134 36 3191 1
19 15 134 50 9492 1
20 8 127 10 931 1
21 15 127 10 931 1
22 13 137 10 1150 1
23 9 140 14 2785 1
24 12 101 55 5164 1
25 10 129 15 1410 1
26 22 125 34 6212 1
27 7 127 12 1412 1
28 9 125 28 5078 1
29 17 125 28 5078 1
30 25 125 28 5078 1
31 10 139 26 3907 1
32 19 139 26 3907 1
33 7 134 12 1235 1
34 13 134 12 1235 1
35 19 134 12 1235 1
36 25 134 12 1235 1
37 31 134 12 1235 1
38 15 132 15 1189 1
39 8 140 35 6697 1
40 8 125 19 1745 1
41 15 125 19 1745 1
42 22 125 19 1745 1
43 29 125 19 1745 1
44 36 125 19 1745 1
45 26 132 19 1416 1
46 18 134 32 5893 1
47 8 137 9 1554 1
48 8 118 14 1687 1
49 15 118 14 1687 1
50 13 140 28 3685 1
51 8 118 11 1248 1
52 10 138 28 3901 1
53 15 121 24 2042 1
54 22 138 15 1115 1
55 11 133 33 6559 1
56 9 139 27 4506 1
57 9 117 5 655 1
58 14 132 26 5109 1
59 14 101 20 2832 1
60 9 121 27 2484 1
61 17 121 27 2484 1
62 25 121 27 2484 1
63 33 121 27 2484 1
64 8 125 32 2254 1
65 15 125 32 2254 1
66 22 125 32 2254 1
67 29 125 32 2254 1
68 22 137 41 5335 1
69 22 117 20 2169 1
70 9 101 17 1548 1
71 17 101 17 1548 1
72 16 140 3 361 1
73 15 101 12 1522 1
74 16 134 5 386 1
75 20 101 10 1178 1
76 12 127 14 1533 1
77 9 118 17 1219 1
78 3 141 40 7857 1
79 7 118 28 4286 1
80 13 118 28 4286 1
81 9 117 22 1758 1
82 17 117 22 1758 1
83 25 117 22 1758 1
84 7 118 25 4164 1
85 8 139 19 3855 1
86 15 139 19 3855 1
87 8 134 35 4614 1
88 9 127 11 1333 1
89 17 127 11 1333 1
90 25 127 11 1333 1
91 33 127 11 1333 1
92 41 127 11 1333 1
93 8 118 33 3841 1
94 26 138 28 2506 1
95 8 118 14 1890 1
96 15 118 14 1890 1
97 9 139 29 4669 1
98 15 118 20 2171 1
99 28 118 42 6388 1
100 11 121 15 2209 1
101 8 140 11 2099 1
102 9 129 34 5030 1
103 17 129 34 5030 1
104 25 129 34 5030 1
105 33 129 34 5030 1
106 41 129 34 5030 1
107 7 125 23 3452 1
108 13 125 23 3452 1
109 19 125 23 3452 1
110 12 125 15 2051 1
111 9 133 9 1605 1
112 7 141 30 4253 1
113 13 141 30 4253 1
114 19 141 30 4253 1
115 8 132 32 2562 1
116 16 137 6 960 1
117 8 118 19 2194 1
118 8 129 9 895 1
119 15 129 9 895 1
120 22 129 9 895 1
121 29 129 9 895 1
122 8 133 24 3920 1
123 15 133 24 3920 1
124 22 133 24 3920 1
125 29 133 24 3920 1
126 36 133 24 3920 1
127 43 133 24 3920 1
128 50 133 24 3920 1
129 16 134 21 4007 1
130 31 134 21 4007 1
131 10 133 22 4065 1
132 19 133 22 4065 1
133 12 117 42 3680 1
134 17 141 30 3648 1
135 9 140 30 4933 1
136 17 140 30 4933 1
137 25 140 30 4933 1
138 33 140 30 4933 1
139 8 133 33 6216 1
140 8 101 23 1364 1
141 8 117 31 5118 1
142 9 137 21 3618 1
143 17 137 21 3618 1
144 9 137 7 1355 1
145 17 137 7 1355 1
146 8 134 43 6488 1
147 8 127 27 3971 1
148 15 127 27 3971 1
149 22 127 27 3971 1
150 29 127 27 3971 1
151 15 140 10 1901 1
152 15 129 17 1963 1
153 80 101 20 1705 1
154 8 101 24 3622 1
155 4 134 35 3784 1
156 11 137 32 2680 1
157 24 137 36 3789 1
158 9 129 45 5382 1
159 17 129 45 5382 1
160 9 101 8 497 1
161 11 125 28 2543 1
162 22 139 5 779 1
163 8 140 19 2175 1
164 9 138 14 2025 1
165 9 133 41 6378 1
166 17 133 41 6378 1
167 8 129 37 4882 1
168 15 129 37 4882 1
169 8 132 1 185 1
170 15 132 1 185 1
171 22 132 1 185 1
172 29 132 1 185 1
173 8 129 13 2314 1
174 15 129 13 2314 1
175 22 129 13 2314 1
176 29 129 13 2314 1
177 36 129 13 2314 1
178 9 125 3 212 1
179 17 125 3 212 1
180 8 141 27 2301 1
181 8 141 28 2267 1
182 15 141 28 2267 1
183 9 101 10 582 1
184 16 101 21 2265 1
185 31 101 21 2265 1
186 15 125 13 2297 1
187 14 127 30 2166 1
188 8 138 14 2682 1
189 15 138 14 2682 1
190 22 138 14 2682 1
191 5 127 26 3743 1
192 15 133 28 4174 1
193 8 133 17 3030 1
194 11 138 5 734 1
195 23 127 28 2686 1
196 8 137 36 4393 1
197 15 137 36 4393 1
198 22 137 36 4393 1
199 9 127 11 850 1
200 17 127 11 850 1
201 25 127 11 850 1
202 33 127 11 850 1
203 41 127 11 850 1
204 19 118 11 1909 1
205 37 118 11 1909 1
206 10 134 31 2446 1
207 19 134 31 2446 1
208 28 134 31 2446 1
209 8 125 33 3559 1
210 12 101 11 857 1
211 12 121 36 2211 1
212 8 117 19 2897 1
213 15 117 19 2897 1
214 22 117 19 2897 1
215 8 129 23 2920 1
216 9 127 26 3699 1
217 16 141 17 3462 1
218 19 129 58 4203 1
219 15 138 14 1862 1
220 15 134 14 2098 1
221 29 134 14 2098 1
222 2 118 17 1520 1
223 24 140 25 2280 1
224 9 117 44 7227 1
225 16 134 29 3515 1
226 7 132 20 3093 1
227 13 132 20 3093 1
228 14 140 36 6834 1
229 8 118 18 1734 1
230 14 127 47 5064 1
231 8 137 16 1215 1
232 15 137 16 1215 1
233 15 101 23 1759 1
234 9 140 56 4236 1
235 9 141 14 1693 1
236 8 117 20 2669 1
237 7 139 40 4268 1
238 8 134 33 5436 1
239 15 134 33 5436 1
240 29 140 13 1770 1
241 27 138 22 3656 1
242 15 132 22 2230 1
243 7 121 20 2666 1
244 9 118 22 2090 1
245 17 118 22 2090 1
246 25 118 22 2090 1
247 33 118 22 2090 1
248 8 129 15 2647 1
249 8 137 26 5333 1
250 8 140 32 2470 1
251 15 129 14 2349 1
252 8 125 13 1804 1
253 15 125 13 1804 1
254 22 125 13 1804 1
255 29 125 13 1804 1
256 8 141 37 6507 1
257 15 141 37 6507 1
258 7 125 50 5471 1
259 65 118 3 312 1
260 8 134 17 1320 1
261 11 132 55 7866 1
262 3 117 29 4564 1
263 14 101 9 862 1
264 8 140 7 1121 1
265 133 141 32 2390 1
266 10 117 24 1543 1
267 6 134 20 2831 1
268 9 127 20 1741 1
269 9 121 21 2593 1
270 8 134 57 6410 1
271 15 134 57 6410 1
272 22 134 57 6410 1
273 7 129 29 4358 1
274 8 134 5 761 1
275 15 134 5 761 1
276 22 134 5 761 1
277 29 134 5 761 1
278 10 139 34 2738 1
279 29 133 29 4171 1
280 8 138 16 1413 1
281 17 101 3 256 1
282 9 133 14 2552 1
283 9 134 34 6447 1
284 8 137 28 5035 1
285 10 129 11 1796 1
286 11 160 3 682 1
287 9 147 33 2708 1
288 17 147 33 2708 1
289 7 149 34 6177 1
290 14 149 35 6102 1
291 10 161 3 681 1
292 12 149 9 1677 1
293 23 149 9 1677 1
294 15 154 41 7610 1
295 29 154 41 7610 1
296 17 167 11 2365 1
297 7 170 65 12561 1
298 15 145 3 359 1
299 12 161 21 4282 1
300 12 147 15 1507 1
301 23 147 15 1507 1
302 2 167 50 9086 1
303 27 169 50 12098 1
304 12 161 30 6199 1
305 23 161 30 6199 1
306 34 161 30 6199 1
307 28 157 7 1640 1
308 15 170 45 4383 1
309 11 160 11 1559 1
310 8 168 8 781 1
311 21 157 5 588 1
312 9 158 22 5059 1
313 14 161 37 4556 1
314 27 161 37 4556 1
315 7 147 9 749 1
316 45 147 21 2871 1
317 15 169 27 3997 1
318 14 151 39 4973 1
319 27 151 39 4973 1
320 40 151 39 4973 1
321 9 157 29 5476 1
322 17 157 29 5476 1
323 15 154 21 2397 1
324 13 169 51 6825 1
325 12 169 8 1792 1
326 23 169 8 1792 1
327 11 165 27 4694 1
328 21 165 27 4694 1
329 31 165 27 4694 1
330 35 154 22 2802 1
331 49 169 19 2092 1
332 11 154 21 2057 1
333 11 149 23 2651 1
334 21 149 23 2651 1
335 31 149 23 2651 1
336 41 149 23 2651 1
337 51 149 23 2651 1
338 61 149 23 2651 1
339 12 145 32 4131 1
340 12 170 38 4080 1
341 8 149 11 996 1
342 12 161 30 6553 1
343 23 161 30 6553 1
344 17 154 50 10380 1
345 11 147 10 1981 1
346 15 170 88 7496 1
347 14 160 65 15569 1
348 13 145 35 7264 1
349 25 145 35 7264 1
350 37 145 35 7264 1
351 11 158 27 3684 1
352 15 149 32 2613 1
353 11 160 34 2928 1
354 21 160 34 2928 1
355 9 161 39 5814 1
356 12 167 30 4968 1
357 8 169 23 2130 1
358 47 145 19 2945 1
359 45 157 24 3081 1
360 9 154 22 2022 1
361 17 154 22 2022 1
362 7 147 2 370 1
363 9 158 31 3040 1
364 15 147 39 5869 1
365 29 147 39 5869 1
366 8 160 20 2768 1
367 16 160 32 4721 1
368 8 160 33 6009 1
369 17 160 15 1563 1
370 33 160 15 1563 1
371 15 161 37 8793 1
372 11 169 15 1490 1
373 21 169 15 1490 1
374 31 169 15 1490 1
375 18 147 19 1939 1
376 9 145 53 10330 1
377 8 170 34 6383 1
378 4 157 11 1356 1
379 10 169 36 6420 1
380 16 169 51 9848 1
381 23 161 20 2840 1
382 16 161 31 5048 1
383 22 165 44 10611 1
384 14 154 31 2720 1
385 12 169 34 8210 1
386 23 169 34 8210 1
387 13 170 13 3260 1
388 7 145 20 1998 1
389 22 165 9 857 1
390 11 157 42 4899 1
391 21 157 42 4899 1
392 31 157 42 4899 1
393 15 151 28 3626 1
394 9 157 16 1792 1
395 14 149 10 2148 1
396 15 160 21 2029 1
397 10 157 18 3543 1
398 7 169 11 1831 1
399 13 158 26 4106 1
400 11 167 14 3264 1
401 12 161 19 1751 1
402 20 157 27 5436 1
403 12 161 25 2130 1
404 23 161 25 2130 1
405 9 157 50 11726 1
406 17 157 50 11726 1
407 8 169 38 6949 1
408 14 167 4 397 1
409 27 167 4 397 1
410 8 165 33 4106 1
411 11 147 23 4947 1
412 8 167 38 8119 1
413 15 167 38 8119 1
414 25 160 17 3373 1
415 8 160 35 6166 1
416 15 160 35 6166 1
417 9 160 3 409 1
418 9 145 18 2333 1
419 13 147 28 4435 1
420 25 147 28 4435 1
421 11 167 32 3869 1
422 15 145 17 3593 1
423 29 145 17 3593 1
424 9 157 22 3870 1
425 17 157 22 3870 1
426 13 149 20 3529 1
427 16 157 29 5296 1
428 11 157 34 6099 1
429 23 167 19 2040 1
430 11 161 20 2726 1
431 21 161 20 2726 1
432 13 147 30 4676 1
433 12 170 50 6626 1
434 16 167 6 851 1
435 9 154 32 3298 1
436 26 165 28 4798 1
437 13 169 38 4128 1
438 12 161 19 1628 1
439 17 154 32 2616 1
440 30 158 6 977 1
441 12 157 42 6880 1
442 12 165 41 4897 1
443 13 167 39 6038 1
444 10 165 44 9468 1
445 48 154 25 4235 1
446 15 149 13 2090 1
447 21 167 9 1832 1
448 2 157 32 7327 1
449 23 168 53 12100 1
450 9 165 35 6450 1
451 17 165 35 6450 1
452 8 168 8 766 1
453 33 145 53 9539 1
454 13 158 30 3908 1
455 25 158 30 3908 1
456 37 158 30 3908 1
457 12 147 31 5853 1
458 23 147 31 5853 1
459 34 147 31 5853 1
460 45 147 31 5853 1
461 14 167 50 8442 1
462 27 167 50 8442 1
463 40 167 50 8442 1
464 9 157 65 6241 1
465 17 157 65 6241 1
466 25 157 65 6241 1
467 33 157 65 6241 1
468 16 149 32 7073 1
469 2 168 81 8774 1
470 115 160 22 2028 1
471 25 151 2 322 1
472 15 170 33 4475 1
473 22 165 10 1963 1
474 11 167 31 2969 1
475 10 151 32 5750 1
476 12 158 25 2334 1
477 15 165 26 4813 1
478 29 165 26 4813 1
479 16 151 17 2307 1
480 15 147 23 2140 1
481 13 154 13 1520 1
482 25 154 13 1520 1
483 37 154 13 1520 1
484 13 169 11 1446 1
485 25 169 11 1446 1
486 37 169 11 1446 1
487 2 149 14 3081 1
488 18 157 23 4301 1
489 13 145 13 2383 1
490 25 145 13 2383 1
491 37 145 13 2383 1
492 49 145 13 2383 1
493 11 169 42 8650 1
494 67 165 28 5939 1
495 10 167 46 4293 1
496 18 161 27 2699 1
497 11 168 5 1055 1
498 13 157 33 3915 1
499 11 151 43 3907 1
500 11 170 60 8175 1
501 21 170 60 8175 1
502 12 160 35 5174 1
503 23 160 35 5174 1
504 34 160 35 5174 1
505 9 149 11 2237 1
506 24 169 21 3320 1
507 9 145 11 1920 1
508 158 167 24 4033 1
509 7 167 16 2190 1
510 16 147 23 2541 1
511 31 147 23 2541 1
512 9 161 20 1732 1
513 50 157 32 6204 1
514 99 157 32 6204 1
515 9 160 39 9071 1
516 9 147 33 3436 1
517 17 147 33 3436 1
518 12 145 7 903 1
519 16 169 24 3942 1
520 30 161 20 4530 1
521 10 147 23 4349 1
522 23 157 7 1251 1
523 11 158 11 1634 1
524 25 160 18 2980 1
525 13 170 23 5241 1
526 25 170 23 5241 1
527 11 167 29 6541 1
528 21 167 29 6541 1
529 18 149 13 1573 1
530 9 145 8 1029 1
531 17 145 8 1029 1
532 9 168 37 9213 1
533 17 168 37 9213 1
534 25 168 37 9213 1
535 132 151 23 4975 1
536 175 149 24 3122 1
537 12 165 31 3638 1
538 25 169 26 4907 1
539 11 147 35 3368 1
540 7 170 12 2635 1
541 16 167 43 8914 1
542 15 147 44 4742 1
543 15 149 8 892 1
544 23 161 12 2749 1
545 10 158 17 3439 1
546 8 170 17 2455 1
547 15 170 17 2455 1
548 22 170 17 2455 1
549 12 169 26 6213 1
550 15 169 25 4362 1
551 10 151 41 4582 1
552 19 151 41 4582 1
553 11 151 26 4831 1
554 10 168 34 4675 1
555 19 168 34 4675 1
556 13 145 22 4024 1
557 25 145 22 4024 1
558 12 154 28 4098 1
559 10 151 19 1994 1
560 11 170 12 1496 1
561 21 170 12 1496 1
562 8 157 35 7194 1
563 12 145 31 4359 1
564 23 145 31 4359 1
565 34 145 31 4359 1
566 45 145 31 4359 1
567 56 145 31 4359 1
568 67 145 31 4359 1
569 78 145 31 4359 1
570 23 157 12 944 1
571 11 145 22 2064 1
572 10 149 25 4766 1
573 15 167 32 7467 1
574 23 157 44 9376 1
575 3 168 12 1296 1
576 38 165 35 6374 1
577 17 167 21 4916 1
578 8 158 23 1857 1
579 16 160 29 2797 1
580 13 157 73 10988 1
581 25 157 73 10988 1
582 37 157 73 10988 1
583 10 169 56 8608 1
584 19 169 56 8608 1
585 24 145 27 5609 1
586 13 168 15 1706 1
587 17 175 12 2315 1
588 58 210 22 5150 1
589 57 195 20 2632 1
590 15 184 43 8007 1
591 70 195 7 730 1
592 43 184 17 4344 1
593 85 184 17 4344 1
594 16 198 14 2105 1
595 43 197 24 5151 1
596 15 183 16 3238 1
597 37 194 16 2590 1
598 16 208 33 4464 1
599 15 183 18 2885 1
600 57 197 22 5547 1
601 37 175 31 3113 1
602 58 194 16 3482 1
603 40 198 30 3067 1
604 40 207 26 6089 1
605 37 178 15 3588 1
606 56 178 9 1947 1
607 44 198 7 1312 1
608 87 198 7 1312 1
609 130 198 7 1312 1
610 47 194 20 2701 1
611 40 210 40 4950 1
612 15 210 21 5382 1
613 29 210 21 5382 1
614 12 195 12 2377 1
615 59 194 20 2134 1
616 36 210 37 4356 1
617 19 184 8 1543 1
618 43 211 15 2225 1
619 43 184 9 1537 1
620 38 178 24 6083 1
621 44 207 18 4915 1
622 44 211 28 4050 1
623 43 195 23 3194 1
624 15 178 23 4488 1
625 22 210 22 2559 1
626 58 175 21 3247 1
627 115 175 21 3247 1
628 172 175 21 3247 1
629 35 198 7 1497 1
630 58 178 33 6576 1
631 40 207 11 3115 1
632 36 194 34 4296 1
633 15 198 16 1984 1
634 44 184 19 3513 1
635 111 197 10 2071 1
636 43 195 21 5393 1
637 37 183 35 7123 1
638 44 211 32 4453 1
639 14 197 21 2349 1
640 26 178 14 1375 1
641 51 178 14 1375 1
642 43 178 11 1984 1
643 40 197 21 5754 1
644 16 197 26 6079 1
645 31 197 26 6079 1
646 15 178 23 2522 1
647 58 210 18 3957 1
648 115 210 18 3957 1
649 12 208 15 4479 1
650 21 195 12 2107 1
651 45 184 19 4047 1
652 89 184 19 4047 1
653 133 184 19 4047 1
654 15 197 10 2407 1
655 38 208 20 4650 1
656 69 198 8 2192 1
657 43 211 11 2361 1
658 15 175 12 1309 1
659 43 197 20 3502 1
660 85 197 20 3502 1
661 127 197 20 3502 1
662 169 197 20 3502 1
663 211 197 20 3502 1
664 253 197 20 3502 1
665 295 197 20 3502 1
666 36 198 31 6753 1
667 58 211 8 1347 1
668 36 175 12 1331 1
669 27 197 20 3211 1
670 112 175 14 2163 1
671 43 208 15 3708 1
672 20 183 15 2577 1
673 36 207 13 2279 1
674 53 175 12 2230 1
675 43 207 10 2563 1
676 85 207 10 2563 1
677 45 178 19 4074 1
678 44 184 18 4849 1
679 44 194 21 4797 1
680 42 207 8 962 1
681 16 274 29 6743 1
682 50 276 28 10809 1
683 58 272 38 10340 1
684 115 272 38 10340 1
685 36 254 41 7891 1
686 34 228 16 4148 1
687 32 268 27 8095 1
688 63 268 27 8095 1
689 36 264 18 3708 1
690 50 262 13 2515 1
691 57 216 34 4389 1
692 36 239 18 3973 1
693 71 239 18 3973 1
694 65 254 36 13371 1
695 14 221 15 3024 1
696 36 221 14 4338 1
697 71 221 14 4338 1
698 51 264 15 4475 1
699 101 264 15 4475 1
700 57 230 41 11435 1
701 16 272 18 5935 1
702 36 275 28 6034 1
703 71 275 28 6034 1
704 106 275 28 6034 1
705 36 265 22 3940 1
706 36 276 27 6947 1
707 36 260 21 7498 1
708 71 260 21 7498 1
709 36 220 22 5547 1
710 30 255 15 4103 1
711 57 255 24 6426 1
712 92 240 21 5547 1
713 32 257 30 10526 1
714 37 274 26 10426 1
715 16 274 25 4028 1
716 31 274 25 4028 1
717 31 240 16 2551 1
718 58 262 38 7071 1
719 54 216 15 3178 1
720 36 230 22 6793 1
721 41 267 39 6661 1
722 58 260 36 6510 1
723 57 272 26 7527 1
724 57 254 40 10259 1
725 57 268 18 5660 1
726 51 276 14 3030 1
727 102 255 21 7123 1
728 29 243 18 5487 1
729 50 230 33 8026 1
730 29 228 30 9132 1
731 15 267 30 9531 1
732 37 222 13 2473 1
733 73 222 13 2473 1
734 56 216 32 7702 1
735 57 228 20 5844 1
736 91 243 28 4807 1
737 15 221 28 3327 1
738 37 228 28 3470 1
739 37 262 18 2397 1
740 65 258 28 8772 1
741 31 262 17 3016 1
742 36 240 20 4580 1
743 64 254 43 15421 1
744 57 267 19 5909 1
745 15 279 39 6698 1
746 49 279 27 7165 1
747 97 279 27 7165 1
748 51 230 14 1763 1
749 101 230 14 1763 1
750 65 261 15 2529 1
751 57 221 18 2271 1
752 57 243 14 3095 1
753 92 221 18 3510 1
754 51 279 28 10659 1
755 101 279 28 10659 1
756 45 243 26 8943 1
757 57 261 15 3448 1
758 36 262 21 5336 1
759 57 254 31 9018 1
760 34 275 35 11705 1
761 31 260 34 10460 1
762 57 277 25 9985 1
763 39 258 28 6545 1
764 36 216 20 3580 1
765 40 264 13 1720 1
766 58 230 16 2633 1
767 50 267 19 6959 1
768 29 216 21 6104 1
769 37 265 40 5849 1
770 57 275 19 5988 1
771 37 277 17 6617 1
772 30 277 28 4547 1
773 59 277 28 4547 1
774 28 255 22 3977 1
775 50 279 38 10681 1
776 83 336 42 8011 1
777 35 323 42 17813 1
778 18 332 28 5508 1
779 58 299 41 9522 1
780 57 305 31 5481 1
781 57 337 27 8233 1
782 113 337 27 8233 1
783 79 293 9 2065 1
784 37 337 23 8018 1
785 56 323 44 18206 1
786 111 323 44 18206 1
787 166 323 44 18206 1
788 221 323 44 18206 1
789 276 323 44 18206 1
790 331 323 44 18206 1
791 386 323 44 18206 1
792 441 323 44 18206 1
793 496 323 44 18206 1
794 551 323 44 18206 1
795 606 323 44 18206 1
796 661 323 44 18206 1
797 716 323 44 18206 1
798 771 323 44 18206 1
799 826 323 44 18206 1
800 881 323 44 18206 1
801 936 323 44 18206 1
802 37 337 20 6458 1
803 74 336 28 11254 1
804 36 294 32 7515 1
805 36 292 17 5660 1
806 71 292 17 5660 1
807 37 334 47 22999 1
808 28 282 20 4256 1
809 55 282 20 4256 1
810 31 281 38 11797 1
811 57 293 40 10079 1
812 79 337 42 8629 1
813 57 324 35 15238 1
814 58 293 28 9325 1
815 58 338 39 10744 1
816 115 338 39 10744 1
817 172 338 39 10744 1
818 28 299 26 7587 1
819 57 299 35 10115 1
820 58 323 44 14455 1
821 57 304 21 3866 1
822 78 333 43 12965 1
823 57 336 31 10933 1
824 58 338 29 10888 1
825 115 338 29 10888 1
826 58 332 40 16387 1
827 57 338 49 24583 1
828 58 333 28 7148 1
829 115 333 28 7148 1
830 78 333 43 12640 1
831 155 333 43 12640 1
832 51 337 35 14292 1
833 30 333 46 8697 1
834 56 299 18 7146 1
835 111 299 18 7146 1
836 166 299 18 7146 1
837 221 299 18 7146 1
838 28 294 25 5249 1
839 58 282 30 7555 1
840 70 324 53 23337 1
841 58 334 51 10961 1
842 115 334 51 10961 1
843 172 334 51 10961 1
844 229 334 51 10961 1
845 36 335 26 6559 1
846 78 303 41 18506 1
847 37 336 13 5984 1
848 56 300 16 6567 1
849 111 300 16 6567 1
850 29 316 34 15574 1
851 78 305 32 11065 1
852 38 300 47 17261 1
853 29 300 42 10443 1
854 57 324 34 16005 1
855 39 282 29 10790 1
856 56 282 37 13771 1
857 71 324 34 9458 1
858 48 286 23 3894 1
859 84 305 24 8188 1
860 35 305 30 5651 1
861 69 305 30 5651 1
862 103 305 30 5651 1
863 28 281 18 3269 1
864 63 316 37 14127 1
865 125 316 37 14127 1
866 187 316 37 14127 1
867 57 324 21 7917 1
868 113 324 21 7917 1
869 57 305 18 6567 1
870 113 305 18 6567 1
871 24 316 41 7185 1
872 31 286 38 12585 1
873 56 316 40 12773 1
874 111 316 40 12773 1
875 166 316 40 12773 1
876 221 316 40 12773 1
877 48 300 30 4633 1
878 58 281 28 11390 1
879 66 335 40 12592 1
880 56 333 31 6614 1
881 35 286 35 11936 1
882 30 286 16 4704 1
883 71 365 34 8603 1
884 71 368 54 12274 1
885 141 368 54 12274 1
886 211 368 54 12274 1
887 77 349 30 5387 1
888 78 365 28 14570 1
889 66 368 39 13051 1
890 72 364 37 8404 1
891 77 366 36 19746 1
892 87 368 47 24959 1
893 85 365 36 9377 1
894 79 364 29 15380 1
895 71 363 48 19448 1
896 141 363 48 19448 1
897 211 363 48 19448 1
898 281 363 48 19448 1
899 77 364 43 17036 1
900 153 364 43 17036 1
901 99 349 51 14508 1
902 92 363 36 7680 1
903 126 368 27 10305 1
904 72 368 55 20567 1
905 124 364 42 11610 1
906 92 365 28 9668 1
907 71 349 37 17055 1
908 141 349 37 17055 1
909 79 364 41 8084 1
910 157 364 41 8084 1
911 235 364 41 8084 1
912 313 364 41 8084 1
913 133 363 53 27876 1
914 79 368 30 7857 1
915 157 368 30 7857 1
916 78 369 34 13328 1
917 70 366 28 12039 1
918 124 349 38 14100 1
919 71 366 63 12599 1
920 71 365 36 15390 1
921 72 349 30 10865 1
922 83 368 50 11815 1
923 72 363 43 16448 1
924 78 366 28 10734 1
925 70 363 29 6737 1
926 71 369 31 8520 1
927 76 365 52 12821 1
928 86 364 28 8515 1
929 79 363 31 6701 1
930 70 366 40 15648 1
931 78 363 26 12656 1
932 79 364 56 12119 1
933 157 364 56 12119 1
934 83 363 33 8777 1
935 96 368 34 14316 1
936 121 364 43 19086 1
937 85 365 41 13179 1
938 95 368 21 8221 1
939 80 349 38 9828 1
940 78 366 26 11419 1
941 155 366 26 11419 1
942 66 349 26 7977 1
943 131 349 26 7977 1
944 72 368 61 16857 1
945 78 369 32 11268 1
946 155 369 32 11268 1
947 70 366 59 19796 1
948 139 366 59 19796 1
949 65 349 61 30741 1
950 70 365 47 21670 1
951 72 349 46 15141 1
952 74 365 30 8050 1
953 147 365 30 8050 1
954 220 365 30 8050 1
955 71 369 31 16617 1
956 55 366 35 11471 1
957 93 364 44 20633 1
958 70 364 45 16586 1
959 105 364 28 12592 1
960 78 349 35 10035 1
961 72 364 50 14392 1
962 61 365 30 12746 1
963 85 366 29 14402 1
964 71 369 37 9154 1
965 77 368 43 14064 1
966 153 368 43 14064 1
967 72 366 50 19633 1
968 72 366 37 18579 1
969 72 365 41 19842 1
970 143 365 41 19842 1
971 78 363 43 18909 1
972 71 365 45 8770 1
973 141 365 45 8770 1
974 68 364 56 27198 1
975 78 349 36 14110 1
976 72 363 41 12778 1
977 143 363 41 12778 1
978 214 363 41 12778 1
979 64 369 47 22541 1
980 161 369 31 16727 1
981 321 369 31 16727 1
982 73 366 34 14804 1
983 145 366 34 14804 1
984 78 364 41 7733 1
985 155 364 41 7733 1
986 70 364 44 10706 1
987 139 364 44 10706 1
988 81 365 31 10752 1
989 71 363 37 12958 1
990 79 368 41 11621 1
991 123 349 34 17172 1
992 86 349 39 7632 1
993 78 349 37 10050 1
994 71 349 49 18322 1
995 77 349 44 8131 1
996 75 349 36 7345 1
997 72 366 32 17153 1
998 71 366 34 12194 1
999 89 349 49 15975 1
1000 78 366 28 14834 1
1001 68 364 27 7157 1
1002 81 369 65 26951 1
1003 161 369 65 26951 1
1004 79 369 43 13519 1
1005 96 363 32 6836 1
1006 79 366 56 24580 1
1007 86 364 47 25313 1
1008 73 368 72 20682 1
1009 79 369 72 26745 1
1010 78 365 27 9786 1
1011 80 365 46 14695 1
1012 80 364 38 14491 1
1013 84 364 65 16126 1
1014 78 365 45 9366 1
1015 68 363 34 6523 1
1016 145 397 29 14283 1
1017 79 399 70 35936 1
1018 79 396 45 9722 1
1019 92 396 88 27149 1
1020 99 396 37 12117 1
1021 109 400 51 28370 1
1022 97 399 65 18197 1
1023 92 397 60 34309 1
1024 82 397 37 12898 1
1025 88 400 32 17324 1
1026 80 397 51 10189 1
1027 159 397 51 10189 1
1028 238 397 51 10189 1
1029 317 397 51 10189 1
1030 78 398 56 18960 1
1031 90 396 43 23836 1
1032 92 396 40 12913 1
1033 183 396 40 12913 1
1034 106 399 56 16050 1
1035 93 398 71 40655 1
1036 93 398 63 30301 1
1037 185 398 63 30301 1
16
500 500 500 500 425 425 400 400 440 500 500 400 500 500 500 550 