1037
1 9 118 11 838 1
2 9 129 28 5055 1
3 17 129 28 5055 1
4 9 133 21 3467 1
5 8 127 23 4170 1
6 62 121 5 313 1
7 15 101 5 726 1
8 17 117 24 3202 1
9 8 139 35 3145 1
10 15 139 35 3145 1
11 10 133 23 3207 1
12 8 117 6 670 1
13 15 118 5 636 1
14 9 121 16 2470 1
15 17 121 16 2470 1
16 25 121 16 2470 1
17 33 121 16 2470 1
18 28 118 17 1103 1
19 10 132 17 3163 1
20 19 132 17 3163 1
21 28 132 17 3163 1
22 8 132 6 892 1
23 29 127 31 2129 1
24 8 117 20 2293 1
25 15 117 20 2293 1
26 22 117 20 2293 1
27 29 117 20 2293 1
28 36 117 20 2293 1
29 8 127 36 6743 1
30 8 132 21 2461 1
31 8 125 23 1492 1
32 15 125 23 1492 1
33 22 125 23 1492 1
34 29 125 23 1492 1
35 15 101 20 1579 1
36 29 101 20 1579 1
37 16 117 8 1114 1
38 8 129 18 3404 1
39 15 129 18 3404 1
40 22 129 18 3404 1
41 8 101 15 1467 1
42 9 138 24 3226 1
43 17 138 24 3226 1
44 25 138 24 3226 1
45 33 138 24 3226 1
46 25 125 38 2972 1
47 12 138 21 2710 1
48 9 117 4 701 1
49 17 117 4 701 1
50 25 117 4 701 1
51 11 139 23 2669 1
52 10 137 7 991 1
53 19 137 7 991 1
54 13 140 17 3184 1
55 9 118 13 2005 1
56 15 118 24 1562 1
57 8 118 32 5647 1
58 8 118 28 2101 1
59 9 137 22 2111 1
60 22 125 11 1350 1
61 25 133 21 3036 1
62 49 133 21 3036 1
63 11 133 24 3923 1
64 9 118 18 1484 1
65 9 133 28 2302 1
66 9 125 25 1752 1
67 17 125 25 1752 1
68 25 125 25 1752 1
69 14 139 26 4369 1
70 177 125 32 4971 1
71 8 121 42 3432 1
72 15 127 27 4209 1
73 29 127 27 4209 1
74 9 133 8 585 1
75 8 140 29 2798 1
76 15 140 29 2798 1
77 9 129 19 3485 1
78 8 138 11 1785 1
79 15 138 11 1785 1
80 22 138 11 1785 1
81 8 139 39 7213 1
82 15 139 39 7213 1
83 5 139 38 3512 1
84 9 139 38 3512 1
85 9 125 18 2987 1
86 17 125 18 2987 1
87 15 140 28 2194 1
88 9 134 5 477 1
89 9 129 9 646 1
90 3 117 21 1836 1
91 5 117 21 1836 1
92 7 117 21 1836 1
93 8 139 7 1265 1
94 15 139 7 1265 1
95 22 139 7 1265 1
96 8 139 31 3203 1
97 15 139 31 3203 1
98 22 139 31 3203 1
99 29 139 31 3203 1
100 36 139 31 3203 1
101 43 139 31 3203 1
102 50 139 31 3203 1
103 57 139 31 3203 1
104 64 139 31 3203 1
105 9 117 24 2640 1
106 8 101 17 1459 1
107 15 101 17 1459 1
108 8 118 15 2311 1
109 15 118 15 2311 1
110 8 101 25 3131 1
111 15 101 25 3131 1
112 23 129 19 3062 1
113 25 138 32 2842 1
114 8 129 13 2151 1
115 15 129 13 2151 1
116 22 129 13 2151 1
117 29 129 13 2151 1
118 16 101 4 432 1
119 8 129 8 619 1
120 15 129 8 619 1
121 9 121 10 1800 1
122 17 121 10 1800 1
123 10 121 28 4666 1
124 19 121 28 4666 1
125 6 139 26 4511 1
126 10 140 38 3311 1
127 8 137 29 4709 1
128 8 139 29 3403 1
129 9 138 2 256 1
130 17 138 2 256 1
131 25 138 2 256 1
132 33 138 2 256 1
133 41 138 2 256 1
134 49 138 2 256 1
135 57 138 2 256 1
136 9 132 11 1979 1
137 8 140 3 435 1
138 16 133 12 807 1
139 24 141 19 3181 1
140 8 132 27 3789 1
141 15 132 27 3789 1
142 22 132 27 3789 1
143 30 132 18 1607 1
144 8 140 9 856 1
145 15 140 9 856 1
146 15 127 5 671 1
147 11 118 22 1897 1
148 9 139 49 4710 1
149 17 139 49 4710 1
150 19 138 35 4676 1
151 8 125 25 1690 1
152 30 140 29 4042 1
153 9 133 36 3588 1
154 17 133 36 3588 1
155 7 134 21 2128 1
156 13 134 21 2128 1
157 9 129 21 3272 1
158 16 133 21 1793 1
159 6 117 24 2343 1
160 8 140 20 2497 1
161 8 101 17 1699 1
162 8 117 10 989 1
163 8 121 11 1308 1
164 8 117 13 1439 1
165 15 117 13 1439 1
166 22 117 13 1439 1
167 29 117 13 1439 1
168 36 117 13 1439 1
169 15 132 24 2471 1
170 29 132 24 2471 1
171 9 117 12 1444 1
172 7 117 15 1085 1
173 9 132 19 2300 1
174 6 117 20 1222 1
175 9 127 35 4166 1
176 9 141 32 3559 1
177 8 138 42 7610 1
178 7 117 20 2901 1
179 16 127 20 1395 1
180 13 133 25 2110 1
181 9 140 14 1811 1
182 17 140 14 1811 1
183 25 140 14 1811 1
184 8 133 21 3457 1
185 9 139 22 1539 1
186 8 127 27 2433 1
187 12 129 30 2811 1
188 13 101 6 553 1
189 9 137 49 5029 1
190 17 137 49 5029 1
191 16 118 13 988 1
192 9 132 22 3447 1
193 16 125 2 190 1
194 8 117 12 1446 1
195 8 138 24 2269 1
196 15 138 24 2269 1
197 8 101 11 1221 1
198 8 134 45 5300 1
199 8 125 37 3527 1
200 15 125 37 3527 1
201 22 121 4 432 1
202 16 134 15 2829 1
203 9 141 32 2361 1
204 17 141 32 2361 1
205 16 118 8 979 1
206 13 127 28 2200 1
207 22 134 25 3774 1
208 29 118 4 580 1
209 16 137 40 4720 1
210 31 137 40 4720 1
211 7 129 47 3774 1
212 27 133 5 375 1
213 26 118 30 1983 1
214 51 118 30 1983 1
215 13 129 17 2593 1
216 9 117 24 3274 1
217 17 117 24 3274 1
218 22 121 14 1738 1
219 9 118 12 973 1
220 17 118 12 973 1
221 25 118 12 973 1
222 33 118 12 973 1
223 41 118 12 973 1
224 9 137 22 2055 1
225 27 101 27 3809 1
226 9 133 28 4553 1
227 8 137 36 3671 1
228 15 137 36 3671 1
229 9 125 16 1466 1
230 10 138 14 2139 1
231 19 138 14 2139 1
232 12 139 21 3623 1
233 23 139 21 3623 1
234 34 139 21 3623 1
235 45 139 21 3623 1
236 9 137 10 1103 1
237 17 137 10 1103 1
238 9 133 18 1753 1
239 8 121 30 2795 1
240 15 121 30 2795 1
241 6 134 2 363 1
242 9 140 22 3947 1
243 17 140 22 3947 1
244 9 133 18 3424 1
245 9 101 17 2356 1
246 8 117 14 1410 1
247 8 140 19 2377 1
248 7 125 19 1991 1
249 15 132 20 2022 1
250 9 141 26 2969 1
251 16 101 45 4263 1
252 8 101 19 1520 1
253 9 118 25 4321 1
254 17 118 25 4321 1
255 25 118 25 4321 1
256 9 132 31 5907 1
257 17 132 31 5907 1
258 16 141 16 1187 1
259 9 129 33 2228 1
260 17 129 33 2228 1
261 8 117 22 1409 1
262 10 121 27 4522 1
263 8 132 23 2747 1
264 9 125 8 717 1
265 17 125 8 717 1
266 4 118 19 2403 1
267 7 118 19 2403 1
268 9 121 55 9221 1
269 9 140 26 4977 1
270 63 139 26 3649 1
271 4 134 22 2949 1
272 7 134 22 2949 1
273 10 134 22 2949 1
274 8 140 33 4742 1
275 15 140 33 4742 1
276 22 140 33 4742 1
277 29 140 33 4742 1
278 8 141 37 4340 1
279 24 141 12 2536 1
280 10 141 21 2942 1
281 8 133 35 4341 1
282 15 133 35 4341 1
283 22 133 35 4341 1
284 7 134 28 3389 1
285 13 134 28 3389 1
286 26 168 25 3476 1
287 9 168 26 2620 1
288 14 158 34 5038 1
289 23 167 50 11743 1
290 45 167 50 11743 1
291 67 167 50 11743 1
292 12 161 5 1126 1
293 23 161 5 1126 1
294 34 161 5 1126 1
295 45 161 5 1126 1
296 16 167 49 7226 1
297 16 167 29 2434 1
298 11 165 38 5764 1
299 21 165 38 5764 1
300 9 160 34 3671 1
301 17 160 34 3671 1
302 16 161 25 2357 1
303 23 168 27 4100 1
304 17 165 36 4046 1
305 12 161 20 2199 1
306 23 161 20 2199 1
307 34 161 20 2199 1
308 12 167 38 7835 1
309 13 168 24 2447 1
310 12 149 26 3811 1
311 16 170 6 1393 1
312 13 160 33 5109 1
313 25 160 33 5109 1
314 34 160 16 3510 1
315 8 149 31 3716 1
316 33 147 25 3586 1
317 26 147 27 5577 1
318 12 158 20 3630 1
319 13 157 12 2724 1
320 8 151 23 5071 1
321 9 161 39 8455 1
322 13 154 18 2958 1
323 25 154 18 2958 1
324 24 169 58 8655 1
325 14 165 36 5472 1
326 12 160 24 2776 1
327 11 170 20 1771 1
328 9 151 55 7272 1
329 25 149 7 1243 1
330 16 147 17 2589 1
331 15 160 48 5831 1
332 8 161 20 4787 1
333 7 149 28 4325 1
334 7 147 22 3007 1
335 9 145 24 3197 1
336 11 160 44 7396 1
337 8 158 30 4217 1
338 15 170 47 6048 1
339 16 161 10 2060 1
340 12 160 25 2609 1
341 12 170 31 5904 1
342 13 154 1 97 1
343 7 170 45 11386 1
344 11 147 16 1663 1
345 23 160 12 2451 1
346 45 160 12 2451 1
347 17 145 29 4816 1
348 9 154 29 6013 1
349 9 157 30 4026 1
350 12 154 30 6087 1
351 11 161 22 3661 1
352 15 154 54 6678 1
353 12 154 25 2662 1
354 13 170 19 2064 1
355 3 161 44 5553 1
356 22 167 21 3612 1
357 8 170 30 7523 1
358 18 151 24 4123 1
359 15 161 29 2362 1
360 12 149 13 970 1
361 22 169 45 8383 1
362 18 151 35 6060 1
363 10 154 28 5697 1
364 19 154 28 5697 1
365 12 165 29 6216 1
366 8 151 22 4039 1
367 11 160 40 8002 1
368 21 160 40 8002 1
369 17 170 38 9635 1
370 11 168 16 3316 1
371 21 168 16 3316 1
372 12 168 27 6274 1
373 23 168 27 6274 1
374 8 165 21 4504 1
375 24 161 18 1591 1
376 47 161 18 1591 1
377 15 147 21 4550 1
378 13 149 15 2837 1
379 14 147 42 5056 1
380 11 147 19 3528 1
381 21 147 19 3528 1
382 31 147 19 3528 1
383 41 147 19 3528 1
384 51 147 19 3528 1
385 24 157 14 1968 1
386 9 169 41 4053 1
387 17 169 41 4053 1
388 25 169 41 4053 1
389 23 154 25 4432 1
390 12 161 47 7798 1
391 15 147 26 3716 1
392 24 151 19 2170 1
393 16 160 34 5703 1
394 15 149 30 4653 1
395 13 169 22 2571 1
396 9 145 28 3301 1
397 17 168 34 8338 1
398 11 147 32 4263 1
399 10 169 38 4939 1
400 19 169 38 4939 1
401 13 169 28 3571 1
402 25 169 28 3571 1
403 21 149 5 615 1
404 40 154 23 5249 1
405 11 157 11 1777 1
406 21 157 11 1777 1
407 31 157 11 1777 1
408 25 170 72 11829 1
409 12 157 42 5565 1
410 23 157 42 5565 1
411 24 161 1 103 1
412 7 157 30 4554 1
413 38 151 36 7670 1
414 12 147 51 3881 1
415 15 147 33 5632 1
416 10 149 22 2185 1
417 19 149 22 2185 1
418 9 168 20 4903 1
419 10 147 47 4755 1
420 22 149 28 4338 1
421 11 151 31 2730 1
422 12 160 1 107 1
423 15 158 11 2098 1
424 29 158 11 2098 1
425 16 160 8 1182 1
426 31 160 8 1182 1
427 46 160 8 1182 1
428 61 160 8 1182 1
429 16 151 32 3988 1
430 7 169 27 6020 1
431 18 167 43 8379 1
432 9 145 32 4878 1
433 15 151 41 4966 1
434 3 147 24 4916 1
435 9 161 24 2830 1
436 8 165 47 9731 1
437 13 154 35 4135 1
438 25 154 35 4135 1
439 9 167 25 2766 1
440 17 167 25 2766 1
441 8 160 10 2358 1
442 25 149 23 1941 1
443 50 167 4 941 1
444 9 170 15 3593 1
445 15 169 4 900 1
446 11 167 44 5862 1
447 13 157 19 3029 1
448 11 160 46 8822 1
449 21 160 46 8822 1
450 3 168 24 4872 1
451 9 168 24 3777 1
452 8 167 46 4182 1
453 11 145 44 4654 1
454 7 170 22 4801 1
455 25 154 25 3920 1
456 16 151 41 9219 1
457 8 147 7 606 1
458 13 170 24 4676 1
459 15 167 15 2692 1
460 9 151 28 4181 1
461 8 165 43 4937 1
462 9 154 43 7396 1
463 23 154 1 177 1
464 46 147 49 4313 1
465 15 169 35 5436 1
466 29 169 35 5436 1
467 3 165 39 8107 1
468 12 149 10 1651 1
469 23 149 10 1651 1
470 34 149 10 1651 1
471 23 151 19 4192 1
472 25 167 36 8722 1
473 11 145 7 1192 1
474 14 154 29 4945 1
475 12 151 40 5712 1
476 11 157 22 2358 1
477 13 145 27 4793 1
478 17 160 30 3763 1
479 12 151 32 5019 1
480 23 151 32 5019 1
481 11 169 20 3590 1
482 21 169 20 3590 1
483 12 145 26 3369 1
484 8 147 59 9395 1
485 16 168 24 3461 1
486 25 169 9 1929 1
487 49 169 9 1929 1
488 12 168 23 4269 1
489 23 168 23 4269 1
490 9 154 37 4494 1
491 10 161 12 2546 1
492 40 149 24 3387 1
493 12 158 36 5341 1
494 15 157 36 5102 1
495 10 145 5 403 1
496 9 149 56 12110 1
497 15 154 28 5708 1
498 13 147 25 4044 1
499 7 151 25 2827 1
500 21 149 33 3639 1
501 22 147 20 3015 1
502 9 167 36 8981 1
503 46 154 43 9381 1
504 11 157 26 2212 1
505 21 157 26 2212 1
506 10 149 22 4355 1
507 15 158 37 3164 1
508 7 167 5 579 1
509 12 158 44 9041 1
510 23 158 44 9041 1
511 34 158 44 9041 1
512 18 154 4 668 1
513 16 160 24 3352 1
514 8 167 27 5915 1
515 15 167 27 5915 1
516 15 151 36 6471 1
517 29 151 36 6471 1
518 10 158 6 984 1
519 12 167 69 11843 1
520 23 167 69 11843 1
521 12 167 16 3938 1
522 23 167 16 3938 1
523 13 161 62 14295 1
524 12 169 32 5448 1
525 12 158 23 5213 1
526 11 167 22 2768 1
527 11 165 23 5110 1
528 15 165 28 5754 1
529 32 147 25 5351 1
530 15 169 25 4497 1
531 9 168 45 10320 1
532 10 165 17 2938 1
533 19 165 17 2938 1
534 3 165 27 2527 1
535 24 147 7 1360 1
536 15 167 38 5422 1
537 11 170 28 3024 1
538 21 170 28 3024 1
539 13 165 31 3840 1
540 25 165 31 3840 1
541 9 154 12 1213 1
542 17 154 12 1213 1
543 25 154 12 1213 1
544 33 154 12 1213 1
545 8 169 38 4124 1
546 15 169 38 4124 1
547 16 170 36 4938 1
548 10 160 46 7636 1
549 19 160 46 7636 1
550 16 167 14 2591 1
551 13 169 21 4297 1
552 12 170 27 5636 1
553 11 149 32 2624 1
554 13 165 66 14341 1
555 12 168 18 3667 1
556 12 154 17 3725 1
557 23 154 17 3725 1
558 4 169 8 1483 1
559 11 157 21 4616 1
560 8 147 18 3358 1
561 11 154 18 3158 1
562 11 147 17 1893 1
563 21 147 17 1893 1
564 10 157 37 7236 1
565 22 154 28 5432 1
566 43 154 28 5432 1
567 10 168 13 2480 1
568 4 168 30 5080 1
569 13 158 20 2106 1
570 11 165 18 3008 1
571 7 154 26 2300 1
572 12 157 16 2770 1
573 9 149 63 13499 1
574 16 147 15 3269 1
575 31 147 15 3269 1
576 11 167 28 6230 1
577 14 151 8 1540 1
578 14 160 58 9202 1
579 27 160 58 9202 1
580 11 170 18 4200 1
581 21 170 18 4200 1
582 10 170 32 7473 1
583 15 157 29 6804 1
584 29 154 41 9028 1
585 17 161 6 1277 1
586 9 167 42 9308 1
587 44 198 19 5234 1
588 87 198 19 5234 1
589 130 198 19 5234 1
590 40 208 13 2211 1
591 16 208 28 6639 1
592 58 208 15 2778 1
593 57 183 18 1858 1
594 36 207 7 1375 1
595 15 210 19 2171 1
596 56 208 28 5726 1
597 15 183 42 4215 1
598 29 183 42 4215 1
599 59 198 21 4101 1
600 59 183 31 8451 1
601 26 195 29 3950 1
602 25 175 44 5523 1
603 16 194 14 1444 1
604 15 178 21 4433 1
605 21 210 34 9470 1
606 40 198 9 2356 1
607 49 178 13 2959 1
608 44 194 18 2302 1
609 87 194 18 2302 1
610 130 194 18 2302 1
611 173 194 18 2302 1
612 23 184 14 3133 1
613 36 210 22 4212 1
614 58 195 16 3220 1
615 115 195 16 3220 1
616 16 178 14 1277 1
617 72 211 28 6083 1
618 57 195 8 1640 1
619 37 211 19 4884 1
620 73 211 19 4884 1
621 45 207 10 2259 1
622 89 207 10 2259 1
623 55 211 9 2180 1
624 40 195 15 3391 1
625 43 197 17 1751 1
626 43 207 45 13182 1
627 57 194 25 4123 1
628 19 208 35 4992 1
629 15 198 11 3086 1
630 58 195 16 1980 1
631 20 198 18 3812 1
632 18 184 10 2624 1
633 16 207 24 5213 1
634 31 207 24 5213 1
635 37 195 17 3734 1
636 36 184 11 2109 1
637 44 194 6 842 1
638 87 194 6 842 1
639 42 198 25 2731 1
640 83 198 25 2731 1
641 26 207 7 2099 1
642 44 208 20 2396 1
643 71 178 10 2043 1
644 43 210 23 4262 1
645 85 210 23 4262 1
646 18 207 21 3259 1
647 14 194 19 2646 1
648 44 207 14 3517 1
649 39 197 14 3545 1
650 43 208 20 4317 1
651 85 208 20 4317 1
652 15 194 6 1096 1
653 43 208 11 2199 1
654 85 208 11 2199 1
655 36 211 32 7303 1
656 23 195 24 3844 1
657 36 210 33 8747 1
658 16 198 31 3525 1
659 35 194 17 4570 1
660 43 184 11 2227 1
661 19 211 15 3556 1
662 37 211 15 3556 1
663 15 208 11 2506 1
664 29 208 11 2506 1
665 37 178 18 4478 1
666 73 178 18 4478 1
667 16 178 23 3468 1
668 44 197 14 2789 1
669 57 195 17 3506 1
670 40 207 11 1446 1
671 16 197 12 1685 1
672 45 184 17 1760 1
673 15 210 28 8099 1
674 16 178 24 5629 1
675 31 178 24 5629 1
676 46 178 24 5629 1
677 44 198 22 4323 1
678 87 198 22 4323 1
679 15 184 41 9819 1
680 43 207 11 3063 1
681 29 254 23 6234 1
682 30 255 19 4652 1
683 36 258 35 8429 1
684 31 277 16 3162 1
685 36 277 32 10899 1
686 36 260 27 8339 1
687 57 254 13 2207 1
688 28 259 26 6735 1
689 37 254 14 4418 1
690 73 254 14 4418 1
691 109 254 14 4418 1
692 35 257 24 5799 1
693 37 275 22 4610 1
694 37 259 27 4166 1
695 57 216 16 4370 1
696 52 264 18 2433 1
697 31 264 29 4756 1
698 51 240 17 4404 1
699 31 276 20 3273 1
700 35 275 32 11815 1
701 36 264 35 8212 1
702 37 230 40 12480 1
703 30 221 22 7241 1
704 31 259 20 4935 1
705 37 276 27 5390 1
706 92 216 16 2875 1
707 50 239 12 3134 1
708 37 216 20 5274 1
709 29 279 33 11120 1
710 24 275 33 9011 1
711 42 276 16 6032 1
712 35 228 19 2244 1
713 69 228 19 2244 1
714 37 272 26 4038 1
715 73 272 26 4038 1
716 109 272 26 4038 1
717 94 276 27 6119 1
718 15 259 44 8978 1
719 39 230 19 2392 1
720 57 216 24 4501 1
721 113 216 24 4501 1
722 41 267 21 8150 1
723 81 267 21 8150 1
724 36 279 24 5883 1
725 83 230 26 6065 1
726 65 274 39 11636 1
727 58 255 32 9146 1
728 50 222 21 2831 1
729 51 272 50 15500 1
730 36 274 30 5677 1
731 58 254 17 4629 1
732 29 228 13 2365 1
733 36 230 41 6992 1
734 36 277 15 4089 1
735 16 268 43 8652 1
736 17 265 29 3899 1
737 51 279 29 9398 1
738 41 259 25 9411 1
739 30 265 39 12292 1
740 59 277 29 8497 1
741 17 220 19 4440 1
742 17 258 29 3982 1
743 16 216 18 2981 1
744 30 257 19 3447 1
745 37 274 24 3420 1
746 50 275 27 7669 1
747 99 275 27 7669 1
748 64 274 19 5707 1
749 17 228 30 4469 1
750 50 255 41 7044 1
751 36 228 21 4771 1
752 71 228 21 4771 1
753 36 259 39 13145 1
754 90 274 17 4402 1
755 58 275 43 9859 1
756 41 260 32 10987 1
757 49 255 38 13822 1
758 58 257 34 8783 1
759 37 260 36 11269 1
760 84 275 21 7205 1
761 37 275 28 8380 1
762 73 275 28 8380 1
763 16 255 14 5344 1
764 29 265 27 4366 1
765 38 258 22 6880 1
766 51 228 17 5524 1
767 28 257 35 6670 1
768 111 268 19 3122 1
769 57 272 33 12310 1
770 36 220 24 3294 1
771 16 243 20 4473 1
772 38 259 33 7854 1
773 30 262 24 8923 1
774 65 258 13 1935 1
775 17 243 22 4907 1
776 57 316 27 6602 1
777 113 316 27 6602 1
778 58 303 27 8708 1
779 59 293 37 14219 1
780 58 336 46 14100 1
781 115 336 46 14100 1
782 172 336 46 14100 1
783 28 305 34 8485 1
784 58 324 36 8293 1
785 30 338 12 5458 1
786 57 286 13 3051 1
787 113 286 13 3051 1
788 169 286 13 3051 1
789 225 286 13 3051 1
790 55 300 37 10486 1
791 109 300 37 10486 1
792 163 300 37 10486 1
793 217 300 37 10486 1
794 271 300 37 10486 1
795 37 286 40 6011 1
796 36 338 36 17742 1
797 56 332 31 13358 1
798 37 293 35 10419 1
799 78 334 38 13765 1
800 59 303 24 8148 1
801 81 316 32 5588 1
802 55 337 47 17093 1
803 37 299 33 9456 1
804 48 299 33 11227 1
805 58 334 39 10281 1
806 32 337 46 20857 1
807 26 332 39 17275 1
808 58 286 32 7574 1
809 58 333 30 12199 1
810 115 333 30 12199 1
811 172 333 30 12199 1
812 79 292 37 8435 1
813 41 293 15 6448 1
814 31 282 29 9886 1
815 30 281 32 6783 1
816 58 286 32 7784 1
817 37 300 44 15601 1
818 37 323 37 11372 1
819 58 316 50 8673 1
820 115 316 50 8673 1
821 172 316 50 8673 1
822 229 316 50 8673 1
823 286 316 50 8673 1
824 343 316 50 8673 1
825 30 300 16 4523 1
826 8 300 38 13791 1
827 78 300 26 7551 1
828 36 338 36 16280 1
829 57 303 38 7874 1
830 79 334 19 9442 1
831 36 303 32 13386 1
832 37 335 31 5898 1
833 57 299 31 8317 1
834 113 299 31 8317 1
835 169 299 31 8317 1
836 225 299 31 8317 1
837 59 334 46 7876 1
838 78 338 30 5752 1
839 30 337 26 9406 1
840 58 293 40 16804 1
841 79 337 32 15231 1
842 157 337 32 15231 1
843 74 316 45 15250 1
844 57 332 44 17850 1
845 113 332 44 17850 1
846 169 332 44 17850 1
847 225 332 44 17850 1
848 281 332 44 17850 1
849 58 334 19 9082 1
850 115 334 19 9082 1
851 29 300 20 4073 1
852 43 332 40 17147 1
853 85 332 40 17147 1
854 127 332 40 17147 1
855 169 332 40 17147 1
856 36 338 39 7268 1
857 78 335 31 9320 1
858 30 334 32 13859 1
859 56 286 41 9269 1
860 31 282 40 6561 1
861 37 281 28 5252 1
862 31 305 27 8506 1
863 31 324 32 14318 1
864 6 299 32 6389 1
865 57 337 28 13131 1
866 113 337 28 13131 1
867 169 337 28 13131 1
868 225 337 28 13131 1
869 57 286 24 3526 1
870 113 286 24 3526 1
871 169 286 24 3526 1
872 59 282 46 10130 1
873 77 292 42 16922 1
874 56 333 40 11960 1
875 56 323 29 7193 1
876 85 292 43 18191 1
877 169 292 43 18191 1
878 58 300 33 8166 1
879 79 338 24 9972 1
880 23 336 43 10822 1
881 56 332 33 6897 1
882 56 294 28 4511 1
883 134 366 41 9883 1
884 79 368 35 18743 1
885 70 365 81 25515 1
886 78 363 23 9323 1
887 155 363 23 9323 1
888 96 349 22 6459 1
889 71 363 63 13330 1
890 73 368 36 11423 1
891 145 368 36 11423 1
892 71 364 29 14868 1
893 141 364 29 14868 1
894 84 349 33 6568 1
895 92 365 30 10781 1
896 88 366 39 18133 1
897 97 368 65 15321 1
898 72 349 31 8797 1
899 72 365 42 18857 1
900 77 365 37 14375 1
901 85 365 48 17166 1
902 136 369 50 16976 1
903 70 349 51 17986 1
904 78 369 44 15780 1
905 155 369 44 15780 1
906 232 369 44 15780 1
907 72 365 39 12462 1
908 80 368 52 20278 1
909 64 349 34 15331 1
910 127 349 34 15331 1
911 79 363 28 8429 1
912 157 363 28 8429 1
913 77 368 54 26124 1
914 86 349 28 14285 1
915 72 349 41 9970 1
916 56 369 26 10902 1
917 97 364 41 19814 1
918 69 369 31 10121 1
919 87 368 32 13913 1
920 173 368 32 13913 1
921 74 364 34 15340 1
922 80 366 42 8726 1
923 128 368 40 9887 1
924 86 368 32 9283 1
925 171 368 32 9283 1
926 256 368 32 9283 1
927 78 365 38 12362 1
928 78 368 36 8864 1
929 155 368 36 8864 1
930 143 368 53 15711 1
931 285 368 53 15711 1
932 129 363 39 12399 1
933 257 363 39 12399 1
934 73 349 30 9446 1
935 142 364 50 26417 1
936 85 363 43 19879 1
937 71 369 32 10730 1
938 56 364 53 13890 1
939 72 368 31 10071 1
940 86 369 37 18202 1
941 71 365 66 26885 1
942 72 364 76 37954 1
943 90 365 24 7332 1
944 86 366 32 8700 1
945 79 366 28 7252 1
946 114 366 30 16420 1
947 72 365 51 20597 1
948 143 365 51 20597 1
949 214 365 51 20597 1
950 122 365 32 6122 1
951 73 349 44 14242 1
952 73 366 27 9387 1
953 78 369 42 17949 1
954 66 365 57 15410 1
955 77 366 46 20940 1
956 79 349 44 19194 1
957 60 365 26 9803 1
958 72 363 27 5064 1
959 78 349 38 11999 1
960 79 363 51 11658 1
961 80 363 26 6546 1
962 159 363 26 6546 1
963 78 365 38 14468 1
964 81 366 34 15961 1
965 161 366 34 15961 1
966 74 369 38 15120 1
967 147 369 38 15120 1
968 70 364 31 8001 1
969 70 366 49 12419 1
970 67 369 40 13220 1
971 78 369 47 25576 1
972 155 369 47 25576 1
973 72 364 44 22448 1
974 71 365 56 12603 1
975 71 365 57 10762 1
976 141 365 57 10762 1
977 70 369 35 9844 1
978 85 368 30 6802 1
979 92 366 36 13621 1
980 183 366 36 13621 1
981 74 364 26 13817 1
982 84 369 43 22792 1
983 77 349 25 10165 1
984 71 366 50 19051 1
985 79 349 46 20478 1
986 71 368 50 14805 1
987 73 363 32 15385 1
988 67 364 35 7549 1
989 66 364 43 21452 1
990 77 365 42 18506 1
991 153 365 42 18506 1
992 74 369 30 12913 1
993 91 349 43 13403 1
994 95 365 21 5146 1
995 84 349 58 22315 1
996 79 363 57 23541 1
997 157 363 57 23541 1
998 80 368 51 23765 1
999 70 368 42 19254 1
1000 139 368 42 19254 1
1001 208 368 42 19254 1
1002 88 369 31 7386 1
1003 60 369 34 15170 1
1004 68 364 40 13893 1
1005 78 365 78 19252 1
1006 86 366 27 10587 1
1007 171 366 27 10587 1
1008 89 369 84 19131 1
1009 87 369 33 6093 1
1010 88 363 71 38481 1
1011 78 368 26 12155 1
1012 73 349 36 9990 1
1013 145 349 36 9990 1
1014 217 349 36 9990 1
1015 136 363 24 7360 1
1016 87 396 34 17846 1
1017 76 398 49 11187 1
1018 89 397 59 30822 1
1019 76 399 43 23537 1
1020 112 399 44 21961 1
1021 91 400 34 8163 1
1022 93 398 61 28436 1
1023 185 398 61 28436 1
1024 91 398 30 13635 1
1025 79 400 46 13668 1
1026 91 398 41 18657 1
1027 181 398 41 18657 1
1028 85 398 51 25747 1
1029 169 398 51 25747 1
1030 91 400 54 23425 1
1031 79 397 33 16829 1
1032 90 400 70 15745 1
1033 179 400 70 15745 1
1034 268 400 70 15745 1
1035 357 400 70 15745 1
1036 81 398 55 15596 1
1037 83 396 34 16919 1
16
500 500 500 500 425 425 400 400 440 500 500 400 500 500 500 550 