1037
1 8 140 43 3050 1
2 15 140 43 3050 1
3 15 138 15 2403 1
4 91 141 36 3289 1
5 8 133 24 2032 1
6 8 118 9 749 1
7 15 118 9 749 1
8 8 134 51 5590 1
9 15 134 51 5590 1
10 22 134 51 5590 1
11 29 134 51 5590 1
12 9 134 9 831 1
13 17 134 9 831 1
14 8 127 42 7747 1
15 15 127 42 7747 1
16 22 127 42 7747 1
17 8 141 32 2518 1
18 8 118 23 2947 1
19 13 132 13 1929 1
20 10 133 36 2415 1
21 8 125 24 4484 1
22 4 141 22 2758 1
23 7 141 22 2758 1
24 20 121 43 5206 1
25 12 133 25 3814 1
26 8 140 19 1678 1
27 15 134 22 3247 1
28 9 133 22 1610 1
29 17 133 22 1610 1
30 7 133 43 3462 1
31 24 138 46 7386 1
32 10 132 42 4385 1
33 19 132 42 4385 1
34 23 101 23 2775 1
35 8 141 13 2559 1
36 15 141 13 2559 1
37 22 141 13 2559 1
38 29 141 13 2559 1
39 5 134 29 2872 1
40 8 138 13 2059 1
41 22 137 29 3308 1
42 16 137 26 2523 1
43 7 140 39 4200 1
44 13 140 39 4200 1
45 8 129 27 1821 1
46 15 129 27 1821 1
47 14 129 23 3702 1
48 8 101 20 2595 1
49 15 101 20 2595 1
50 8 117 30 5081 1
51 15 117 30 5081 1
52 22 117 30 5081 1
53 8 137 25 4549 1
54 8 141 20 3517 1
55 7 127 25 1785 1
56 13 127 25 1785 1
57 15 129 29 4607 1
58 9 127 37 5632 1
59 17 127 37 5632 1
60 25 127 37 5632 1
61 14 138 28 5493 1
62 27 138 28 5493 1
63 12 138 24 4022 1
64 10 132 12 2129 1
65 9 133 2 326 1
66 9 118 21 2207 1
67 28 137 18 1538 1
68 26 127 5 502 1
69 21 139 11 778 1
70 8 134 22 3061 1
71 15 134 22 3061 1
72 9 133 1 109 1
73 17 133 1 109 1
74 25 133 1 109 1
75 33 133 1 109 1
76 9 133 29 4020 1
77 17 133 29 4020 1
78 8 132 39 5598 1
79 7 138 17 2405 1
80 12 118 9 642 1
81 8 101 12 1700 1
82 15 101 12 1700 1
83 9 129 10 1874 1
84 8 117 25 1511 1
85 5 133 32 5803 1
86 15 118 8 1139 1
87 9 140 5 806 1
88 9 141 13 2039 1
89 17 141 13 2039 1
90 8 137 38 7213 1
91 9 129 22 1602 1
92 9 139 53 5692 1
93 17 139 53 5692 1
94 16 140 42 8012 1
95 13 140 58 5119 1
96 16 141 1 123 1
97 31 141 1 123 1
98 6 125 23 1777 1
99 7 121 15 2213 1
100 8 117 19 2034 1
101 8 139 33 6014 1
102 15 139 33 6014 1
103 12 132 28 3481 1
104 23 132 28 3481 1
105 9 121 45 8022 1
106 17 121 45 8022 1
107 25 121 45 8022 1
108 8 101 12 1412 1
109 15 101 12 1412 1
110 22 101 12 1412 1
111 29 101 12 1412 1
112 9 137 25 2806 1
113 17 137 25 2806 1
114 25 137 25 2806 1
115 48 134 38 3332 1
116 19 138 29 2961 1
117 15 125 17 1195 1
118 18 127 11 1287 1
119 9 133 21 3237 1
120 9 140 33 3573 1
121 8 141 7 828 1
122 8 139 38 7077 1
123 8 134 15 1231 1
124 15 134 15 1231 1
125 22 134 15 1231 1
126 29 134 15 1231 1
127 36 134 15 1231 1
128 15 127 31 2320 1
129 8 137 25 3532 1
130 8 133 33 5223 1
131 15 133 33 5223 1
132 22 133 33 5223 1
133 29 133 33 5223 1
134 36 133 33 5223 1
135 8 133 13 2340 1
136 9 121 11 745 1
137 17 121 11 745 1
138 25 121 11 745 1
139 11 127 21 3460 1
140 21 127 21 3460 1
141 16 132 8 732 1
142 31 132 8 732 1
143 31 134 27 5161 1
144 9 137 23 2504 1
145 8 125 47 7308 1
146 15 138 18 3228 1
147 16 132 28 3898 1
148 8 137 43 5306 1
149 19 117 27 3390 1
150 12 117 7 867 1
151 13 137 20 2775 1
152 7 138 10 1953 1
153 14 118 17 1847 1
154 6 137 7 1336 1
155 7 101 25 2992 1
156 21 137 27 3111 1
157 3 129 22 3147 1
158 5 129 22 3147 1
159 8 129 27 2728 1
160 6 101 24 1747 1
161 11 101 24 1747 1
162 16 101 24 1747 1
163 21 101 24 1747 1
164 15 133 17 1942 1
165 20 138 35 5514 1
166 13 129 21 4014 1
167 9 140 17 3112 1
168 17 140 17 3112 1
169 15 140 27 4772 1
170 29 140 27 4772 1
171 23 140 38 4815 1
172 8 121 14 2427 1
173 8 138 39 7292 1
174 15 138 39 7292 1
175 26 140 15 1346 1
176 9 138 14 1182 1
177 28 118 28 2558 1
178 16 125 14 1225 1
179 5 121 22 1882 1
180 9 121 22 1989 1
181 17 121 22 1989 1
182 25 121 22 1989 1
183 8 132 12 1506 1
184 15 132 12 1506 1
185 22 132 12 1506 1
186 29 132 12 1506 1
187 15 101 3 275 1
188 27 101 42 3564 1
189 53 101 42 3564 1
190 10 127 25 4024 1
191 19 127 25 4024 1
192 28 127 25 4024 1
193 9 132 27 2328 1
194 17 132 27 2328 1
195 25 132 27 2328 1
196 8 141 45 7530 1
197 12 137 16 2320 1
198 8 141 33 5901 1
199 7 127 22 3227 1
200 10 127 15 1993 1
201 8 141 5 827 1
202 15 141 5 827 1
203 8 101 15 1494 1
204 15 101 15 1494 1
205 22 101 15 1494 1
206 15 129 21 1705 1
207 11 141 33 5459 1
208 10 117 25 2156 1
209 19 117 25 2156 1
210 28 117 25 2156 1
211 8 125 29 4246 1
212 21 140 5 375 1
213 9 134 19 3425 1
214 17 134 19 3425 1
215 9 129 19 2670 1
216 17 129 19 2670 1
217 17 101 6 532 1
218 7 121 29 2624 1
219 13 121 29 2624 1
220 10 137 18 2831 1
221 19 137 18 2831 1
222 8 138 41 7861 1
223 15 138 41 7861 1
224 22 138 41 7861 1
225 7 118 5 784 1
226 7 137 26 4215 1
227 23 101 26 1735 1
228 8 133 48 4103 1
229 8 125 24 2501 1
230 21 118 30 4824 1
231 9 137 12 1761 1
232 17 137 12 1761 1
233 9 127 20 1761 1
234 16 132 28 4902 1
235 8 101 14 1412 1
236 15 101 14 1412 1
237 22 101 14 1412 1
238 29 101 14 1412 1
239 36 101 14 1412 1
240 43 101 14 1412 1
241 50 101 14 1412 1
242 9 127 8 1312 1
243 16 125 16 2461 1
244 14 117 26 3179 1
245 9 138 42 7714 1
246 17 138 42 7714 1
247 25 138 42 7714 1
248 16 140 16 2951 1
249 10 125 21 2615 1
250 7 140 11 1056 1
251 107 118 35 5965 1
252 9 129 21 3686 1
253 17 129 21 3686 1
254 25 129 21 3686 1
255 12 101 22 1594 1
256 9 118 32 5499 1
257 15 127 26 2302 1
258 9 125 4 424 1
259 17 125 4 424 1
260 26 141 31 4446 1
261 15 117 27 2846 1
262 29 117 27 2846 1
263 25 138 28 1982 1
264 19 137 31 2657 1
265 15 101 22 2328 1
266 8 133 25 4513 1
267 9 138 6 867 1
268 17 138 6 867 1
269 25 138 6 867 1
270 33 138 6 867 1
271 41 138 6 867 1
272 9 101 13 1335 1
273 14 138 4 440 1
274 9 141 29 5521 1
275 12 118 4 429 1
276 12 141 29 2145 1
277 8 129 1 163 1
278 9 132 10 1949 1
279 17 132 10 1949 1
280 25 132 10 1949 1
281 9 129 30 3780 1
282 17 129 30 3780 1
283 17 125 35 3819 1
284 16 134 13 2383 1
285 11 101 26 2827 1
286 26 154 20 1766 1
287 8 151 21 4756 1
288 17 165 12 2478 1
289 7 165 38 4713 1
290 13 165 38 4713 1
291 11 151 14 1281 1
292 21 151 14 1281 1
293 31 151 14 1281 1
294 41 151 14 1281 1
295 51 151 14 1281 1
296 7 151 23 2073 1
297 13 151 23 2073 1
298 10 167 19 2160 1
299 19 167 19 2160 1
300 14 151 2 407 1
301 27 151 2 407 1
302 40 151 2 407 1
303 53 151 2 407 1
304 9 157 17 2406 1
305 17 157 17 2406 1
306 17 157 22 3211 1
307 8 149 29 4838 1
308 15 161 25 5321 1
309 15 154 25 2132 1
310 29 154 25 2132 1
311 96 168 55 12567 1
312 17 149 18 2243 1
313 23 158 17 2324 1
314 45 158 17 2324 1
315 10 157 5 913 1
316 10 160 39 8954 1
317 19 160 39 8954 1
318 8 149 18 2401 1
319 15 168 32 3842 1
320 29 168 32 3842 1
321 9 147 10 1370 1
322 13 145 24 2836 1
323 25 145 24 2836 1
324 6 170 18 4432 1
325 10 145 35 4326 1
326 9 145 22 2778 1
327 123 161 40 4540 1
328 38 151 23 2111 1
329 8 157 51 8775 1
330 15 157 51 8775 1
331 9 161 31 7043 1
332 10 154 31 5587 1
333 12 165 47 9150 1
334 24 161 44 4786 1
335 10 158 11 1420 1
336 11 154 5 680 1
337 21 154 5 680 1
338 8 168 22 4108 1
339 12 170 36 8115 1
340 15 147 7 1338 1
341 9 157 39 3268 1
342 13 165 29 5062 1
343 15 165 44 10832 1
344 12 145 13 1377 1
345 23 145 13 1377 1
346 34 145 13 1377 1
347 9 147 21 4571 1
348 10 167 19 1852 1
349 19 167 19 1852 1
350 28 167 19 1852 1
351 37 167 19 1852 1
352 8 161 38 8265 1
353 15 161 38 8265 1
354 13 168 14 3332 1
355 12 158 22 2726 1
356 10 154 50 7031 1
357 14 160 42 9593 1
358 14 158 42 4685 1
359 12 160 20 4129 1
360 23 160 20 4129 1
361 22 147 32 4163 1
362 7 167 55 11545 1
363 13 167 55 11545 1
364 12 145 24 1880 1
365 13 161 6 1369 1
366 8 161 14 2150 1
367 9 157 16 2936 1
368 11 154 42 5650 1
369 13 169 24 3758 1
370 10 154 39 3210 1
371 21 145 14 1339 1
372 9 161 7 1264 1
373 23 160 39 4171 1
374 45 160 39 4171 1
375 55 145 27 2482 1
376 12 149 13 2418 1
377 23 149 13 2418 1
378 13 170 24 4604 1
379 25 170 24 4604 1
380 11 167 45 5081 1
381 21 167 45 5081 1
382 31 167 45 5081 1
383 9 149 20 2036 1
384 13 168 19 4615 1
385 9 160 12 1293 1
386 7 145 12 2572 1
387 16 161 48 7494 1
388 8 165 7 1252 1
389 8 169 36 6321 1
390 16 149 51 10651 1
391 12 145 7 1290 1
392 12 167 20 3080 1
393 23 167 20 3080 1
394 34 167 20 3080 1
395 16 165 37 4282 1
396 6 154 30 3001 1
397 17 165 25 5820 1
398 9 149 29 2962 1
399 12 169 60 12035 1
400 23 169 60 12035 1
401 22 154 35 3392 1
402 17 168 11 2706 1
403 15 158 38 8763 1
404 29 158 38 8763 1
405 13 160 21 3563 1
406 12 158 29 4329 1
407 11 161 16 1745 1
408 21 161 16 1745 1
409 31 161 16 1745 1
410 41 161 16 1745 1
411 15 167 45 10000 1
412 25 147 29 2862 1
413 49 147 29 2862 1
414 73 147 29 2862 1
415 97 147 29 2862 1
416 121 147 29 2862 1
417 24 169 28 6394 1
418 11 170 5 949 1
419 21 170 5 949 1
420 31 170 5 949 1
421 41 170 5 949 1
422 51 170 5 949 1
423 61 170 5 949 1
424 71 170 5 949 1
425 81 170 5 949 1
426 91 170 5 949 1
427 101 170 5 949 1
428 7 161 25 2718 1
429 28 168 13 2021 1
430 8 147 16 2981 1
431 15 147 16 2981 1
432 16 151 42 7645 1
433 37 170 36 3454 1
434 12 165 19 2647 1
435 23 165 19 2647 1
436 34 165 19 2647 1
437 17 165 16 3512 1
438 17 169 36 8987 1
439 33 169 36 8987 1
440 13 149 29 2689 1
441 9 169 36 8949 1
442 24 161 33 5707 1
443 11 161 41 4794 1
444 10 161 2 226 1
445 11 145 25 2986 1
446 21 145 25 2986 1
447 31 145 25 2986 1
448 16 170 29 4788 1
449 11 158 19 4210 1
450 82 169 33 3294 1
451 21 145 17 2738 1
452 22 154 49 7939 1
453 3 168 30 6101 1
454 9 160 39 8470 1
455 9 165 48 7901 1
456 50 154 7 1121 1
457 15 160 3 308 1
458 8 161 36 5465 1
459 23 161 49 9144 1
460 7 161 16 3474 1
461 15 165 29 2934 1
462 15 161 30 3773 1
463 10 160 17 1898 1
464 14 161 34 4137 1
465 3 157 39 8281 1
466 15 165 44 4031 1
467 21 168 22 3501 1
468 12 169 24 5185 1
469 11 167 21 2010 1
470 16 161 35 4474 1
471 13 145 37 4999 1
472 9 154 45 9775 1
473 13 161 5 1110 1
474 25 161 5 1110 1
475 37 161 5 1110 1
476 49 161 5 1110 1
477 15 167 21 2802 1
478 15 151 29 4977 1
479 14 161 40 6031 1
480 16 167 2 285 1
481 8 145 40 3017 1
482 8 161 13 2293 1
483 21 161 36 8183 1
484 11 149 25 3804 1
485 11 170 21 3445 1
486 21 170 21 3445 1
487 31 170 21 3445 1
488 41 170 21 3445 1
489 11 145 39 5956 1
490 7 160 9 1931 1
491 22 161 10 996 1
492 22 169 49 4443 1
493 12 170 60 10279 1
494 23 170 60 10279 1
495 12 160 41 8836 1
496 23 160 41 8836 1
497 34 160 41 8836 1
498 10 170 19 4320 1
499 14 149 22 3400 1
500 27 149 22 3400 1
501 40 149 22 3400 1
502 53 149 22 3400 1
503 13 158 35 8033 1
504 6 147 12 2018 1
505 16 161 17 3217 1
506 7 160 16 2091 1
507 24 161 32 6095 1
508 38 147 29 5795 1
509 12 170 18 2978 1
510 11 147 20 3864 1
511 21 147 20 3864 1
512 3 169 48 7827 1
513 15 149 21 3704 1
514 11 157 50 10217 1
515 12 165 25 2751 1
516 9 158 29 4083 1
517 13 169 37 8396 1
518 24 170 26 5357 1
519 11 157 20 4055 1
520 9 165 21 2195 1
521 17 160 31 5262 1
522 9 157 33 6824 1
523 8 167 13 1153 1
524 15 167 13 1153 1
525 16 145 51 8285 1
526 12 158 15 2528 1
527 9 147 36 3259 1
528 23 161 45 3896 1
529 8 154 13 2833 1
530 15 154 13 2833 1
531 13 161 32 4704 1
532 16 170 20 3230 1
533 9 170 13 2222 1
534 17 170 13 2222 1
535 11 149 27 5465 1
536 13 168 15 3466 1
537 25 168 15 3466 1
538 13 168 42 6215 1
539 8 167 33 8103 1
540 4 147 2 306 1
541 13 169 44 9118 1
542 25 169 44 9118 1
543 37 169 44 9118 1
544 10 169 55 7349 1
545 19 169 55 7349 1
546 11 147 45 8920 1
547 21 147 45 8920 1
548 24 169 20 2182 1
549 12 145 4 612 1
550 16 169 47 7828 1
551 9 151 11 1581 1
552 8 167 25 6048 1
553 9 145 36 6661 1
554 12 169 75 8745 1
555 23 169 75 8745 1
556 15 168 34 5165 1
557 17 167 19 2807 1
558 11 169 44 10470 1
559 21 169 44 10470 1
560 8 145 21 2117 1
561 12 167 14 3237 1
562 18 168 10 1716 1
563 15 161 13 1264 1
564 11 147 43 9370 1
565 18 157 3 677 1
566 11 167 48 7180 1
567 41 160 23 5149 1
568 11 161 56 11397 1
569 10 168 18 3730 1
570 10 151 16 3436 1
571 19 151 16 3436 1
572 15 147 32 4206 1
573 7 169 46 9364 1
574 16 165 90 19494 1
575 27 168 27 5043 1
576 9 147 31 3340 1
577 15 147 66 8657 1
578 184 168 18 4276 1
579 15 170 36 4598 1
580 9 154 23 2390 1
581 17 154 20 2852 1
582 8 170 12 1380 1
583 12 145 41 7478 1
584 23 145 41 7478 1
585 16 151 46 7919 1
586 8 157 32 4256 1
587 43 211 10 2970 1
588 57 198 17 4472 1
589 45 184 9 1208 1
590 89 184 9 1208 1
591 15 197 9 1087 1
592 53 207 10 1191 1
593 37 207 12 3623 1
594 59 208 50 8143 1
595 37 195 43 11617 1
596 35 211 17 2594 1
597 58 178 25 2759 1
598 43 208 15 3581 1
599 41 198 18 4376 1
600 37 198 12 3541 1
601 36 210 16 2100 1
602 40 175 14 2788 1
603 13 211 31 4893 1
604 43 198 14 1964 1
605 15 198 15 2735 1
606 82 194 42 7204 1
607 44 183 14 1577 1
608 15 175 11 2666 1
609 15 210 30 6079 1
610 57 184 44 5879 1
611 113 184 44 5879 1
612 15 194 25 5466 1
613 17 183 10 2640 1
614 33 183 10 2640 1
615 44 198 31 4259 1
616 87 198 31 4259 1
617 44 207 12 2395 1
618 34 175 10 1846 1
619 44 198 18 4425 1
620 16 175 11 2102 1
621 45 183 53 5331 1
622 16 195 24 4778 1
623 16 183 10 1704 1
624 41 210 12 3723 1
625 21 207 11 1285 1
626 18 197 9 1943 1
627 44 184 11 2907 1
628 87 184 11 2907 1
629 130 184 11 2907 1
630 57 197 13 2044 1
631 57 211 19 2096 1
632 37 207 20 3131 1
633 43 197 22 2602 1
634 45 175 24 3960 1
635 44 197 8 1751 1
636 87 197 8 1751 1
637 72 183 26 2588 1
638 43 178 11 1192 1
639 57 210 28 4489 1
640 37 198 24 6077 1
641 14 175 17 1644 1
642 36 211 15 3138 1
643 43 207 15 3055 1
644 21 210 14 4408 1
645 56 175 51 8855 1
646 44 183 20 2767 1
647 44 210 24 4557 1
648 87 210 24 4557 1
649 24 198 10 2387 1
650 36 211 49 9974 1
651 14 175 21 4591 1
652 43 175 21 3392 1
653 36 207 22 3193 1
654 14 198 12 1985 1
655 27 198 12 1985 1
656 44 197 18 3251 1
657 44 197 17 3504 1
658 44 194 17 2556 1
659 58 184 14 1482 1
660 43 184 29 7144 1
661 37 194 11 1459 1
662 26 207 14 4263 1
663 15 184 28 5446 1
664 56 183 19 4784 1
665 15 197 18 4484 1
666 29 197 18 4484 1
667 43 197 18 4484 1
668 36 175 22 2359 1
669 36 178 11 1491 1
670 71 178 11 1491 1
671 44 178 29 4149 1
672 87 178 29 4149 1
673 39 195 9 2558 1
674 19 184 31 4855 1
675 44 208 38 11474 1
676 87 208 38 11474 1
677 15 175 11 2505 1
678 43 208 34 7123 1
679 85 208 34 7123 1
680 37 178 10 2480 1
681 57 279 20 5282 1
682 57 257 19 3562 1
683 89 259 28 8605 1
684 56 277 20 6275 1
685 91 216 13 4113 1
686 94 257 25 6165 1
687 15 272 15 3638 1
688 29 272 15 3638 1
689 37 261 12 4392 1
690 37 274 14 4242 1
691 17 220 17 3285 1
692 33 220 17 3285 1
693 36 230 17 4455 1
694 50 243 24 3991 1
695 36 277 18 2659 1
696 71 277 18 2659 1
697 57 274 27 8144 1
698 37 265 23 5586 1
699 57 222 23 7196 1
700 92 221 46 14386 1
701 37 228 26 4160 1
702 29 220 34 11172 1
703 30 221 16 3742 1
704 37 264 26 4501 1
705 29 276 36 7690 1
706 91 265 20 3408 1
707 57 264 17 6427 1
708 113 264 17 6427 1
709 29 267 13 1744 1
710 57 267 13 1744 1
711 85 267 13 1744 1
712 57 276 27 7417 1
713 65 265 21 7453 1
714 57 274 24 8756 1
715 113 274 24 8756 1
716 51 274 13 5041 1
717 46 260 16 4965 1
718 64 257 24 5684 1
719 51 222 24 4804 1
720 57 268 28 7015 1
721 95 275 37 7215 1
722 57 275 24 8235 1
723 93 277 25 6155 1
724 35 230 26 5817 1
725 16 240 13 2387 1
726 35 254 55 18749 1
727 51 222 16 4666 1
728 15 265 38 8992 1
729 38 230 14 4174 1
730 57 228 24 3907 1
731 36 254 34 7096 1
732 64 264 19 6771 1
733 57 275 31 5095 1
734 40 257 45 10410 1
735 36 240 16 3372 1
736 71 240 16 3372 1
737 106 240 16 3372 1
738 51 230 29 8108 1
739 39 230 29 4946 1
740 77 230 29 4946 1
741 16 275 17 3580 1
742 58 216 16 4232 1
743 36 265 13 2236 1
744 16 258 17 4751 1
745 36 264 20 6452 1
746 37 264 14 2774 1
747 36 222 20 4039 1
748 78 267 29 7918 1
749 95 260 42 6876 1
750 57 268 40 6444 1
751 40 262 17 4468 1
752 35 260 29 5571 1
753 65 259 17 4166 1
754 37 240 14 3153 1
755 31 239 34 8766 1
756 36 272 19 3583 1
757 36 216 18 5718 1
758 58 254 24 3937 1
759 58 259 21 3794 1
760 60 272 24 4013 1
761 51 262 16 4360 1
762 36 240 25 7473 1
763 71 240 25 7473 1
764 15 272 39 13762 1
765 58 239 18 5791 1
766 93 257 19 5962 1
767 30 239 33 9810 1
768 37 259 31 7295 1
769 31 228 25 4686 1
770 37 258 22 8345 1
771 73 258 22 8345 1
772 36 279 31 7050 1
773 57 258 31 10212 1
774 28 257 16 4785 1
775 50 264 23 6756 1
776 58 323 42 9613 1
777 115 323 42 9613 1
778 172 323 42 9613 1
779 229 323 42 9613 1
780 56 334 41 15812 1
781 59 303 27 10731 1
782 55 294 22 9623 1
783 57 323 31 10015 1
784 56 282 21 3345 1
785 111 282 21 3345 1
786 29 294 26 9618 1
787 37 335 29 6941 1
788 36 300 33 12507 1
789 30 336 31 7554 1
790 37 303 24 3881 1
791 56 294 20 8227 1
792 111 294 20 8227 1
793 166 294 20 8227 1
794 59 294 24 9229 1
795 117 294 24 9229 1
796 175 294 24 9229 1
797 233 294 24 9229 1
798 59 294 35 12299 1
799 117 294 35 12299 1
800 175 294 35 12299 1
801 72 336 42 12329 1
802 57 336 39 6659 1
803 113 336 39 6659 1
804 57 300 28 11353 1
805 113 300 28 11353 1
806 79 305 20 3847 1
807 31 332 65 12442 1
808 73 299 18 7701 1
809 57 300 38 15352 1
810 113 300 38 15352 1
811 169 300 38 15352 1
812 62 332 51 25257 1
813 38 332 35 15202 1
814 58 332 29 9173 1
815 115 332 29 9173 1
816 37 335 38 7616 1
817 37 338 36 16019 1
818 73 338 36 16019 1
819 58 332 27 6199 1
820 37 300 51 10662 1
821 57 336 35 6776 1
822 38 303 41 8110 1
823 57 294 29 5462 1
824 113 294 29 5462 1
825 31 299 27 8033 1
826 58 303 43 16977 1
827 57 304 45 9037 1
828 113 304 45 9037 1
829 29 305 4 1191 1
830 57 324 35 6880 1
831 113 324 35 6880 1
832 169 324 35 6880 1
833 30 303 19 4940 1
834 56 293 27 6068 1
835 57 286 27 11091 1
836 78 336 29 14067 1
837 57 323 40 8202 1
838 113 323 40 8202 1
839 169 323 40 8202 1
840 225 323 40 8202 1
841 58 299 21 7442 1
842 79 333 21 7069 1
843 57 323 39 6612 1
844 58 300 35 10907 1
845 115 300 35 10907 1
846 172 300 35 10907 1
847 77 334 5 1659 1
848 29 334 34 13717 1
849 55 281 28 7318 1
850 29 292 38 14423 1
851 69 293 48 15851 1
852 137 293 48 15851 1
853 56 338 39 6913 1
854 111 338 39 6913 1
855 166 338 39 6913 1
856 221 338 39 6913 1
857 57 304 29 9974 1
858 57 300 26 4661 1
859 53 337 40 16308 1
860 77 299 19 6932 1
861 57 337 31 13155 1
862 36 333 32 14386 1
863 58 303 51 13794 1
864 115 303 51 13794 1
865 83 316 31 14200 1
866 58 334 43 7669 1
867 68 335 31 14099 1
868 37 337 31 13034 1
869 58 337 32 9901 1
870 78 323 38 7093 1
871 74 335 23 6589 1
872 79 337 21 8844 1
873 63 334 28 5988 1
874 59 334 33 8741 1
875 56 337 29 10528 1
876 55 294 14 5821 1
877 109 294 14 5821 1
878 58 337 26 8866 1
879 58 299 35 9267 1
880 115 299 35 9267 1
881 172 299 35 9267 1
882 229 299 35 9267 1
883 72 369 46 18391 1
884 143 369 46 18391 1
885 214 369 46 18391 1
886 71 366 53 18066 1
887 125 368 45 15799 1
888 72 363 72 24139 1
889 143 363 72 24139 1
890 71 369 38 16307 1
891 70 349 23 10259 1
892 139 349 23 10259 1
893 87 363 33 8053 1
894 71 363 36 11106 1
895 57 365 51 9628 1
896 71 366 46 9183 1
897 78 366 49 20951 1
898 72 366 33 6486 1
899 86 363 41 18631 1
900 71 363 50 14602 1
901 86 365 68 28384 1
902 65 369 38 12587 1
903 72 349 34 12742 1
904 143 349 34 12742 1
905 70 369 26 13541 1
906 73 366 33 10351 1
907 163 365 86 39192 1
908 72 349 46 10938 1
909 71 363 39 20996 1
910 141 363 39 20996 1
911 79 366 69 23869 1
912 72 364 51 15628 1
913 77 349 49 20452 1
914 77 368 20 5865 1
915 153 368 20 5865 1
916 79 368 42 14176 1
917 78 363 42 16080 1
918 71 365 29 6673 1
919 85 363 43 12690 1
920 92 363 35 16215 1
921 73 369 32 11945 1
922 145 369 32 11945 1
923 146 369 20 3817 1
924 73 368 35 17331 1
925 145 368 35 17331 1
926 217 368 35 17331 1
927 81 368 37 11764 1
928 161 368 37 11764 1
929 66 363 37 15170 1
930 70 368 46 23815 1
931 71 364 39 10037 1
932 65 369 52 21062 1
933 85 365 46 16269 1
934 79 366 54 23519 1
935 78 363 34 11342 1
936 64 349 56 17978 1
937 71 369 29 12532 1
938 126 366 27 14150 1
939 90 364 48 15582 1
940 179 364 48 15582 1
941 68 366 32 12389 1
942 78 364 52 11238 1
943 79 366 67 20622 1
944 71 365 54 16262 1
945 72 365 55 28783 1
946 78 364 76 20227 1
947 72 364 70 25279 1
948 143 364 70 25279 1
949 71 366 42 12497 1
950 71 369 52 14102 1
951 141 369 52 14102 1
952 77 349 35 14443 1
953 153 349 35 14443 1
954 72 369 45 20397 1
955 143 369 45 20397 1
956 71 365 40 18726 1
957 141 365 40 18726 1
958 77 365 20 10681 1
959 70 349 29 7027 1
960 85 363 25 4617 1
961 65 364 37 14300 1
962 78 369 42 8273 1
963 73 349 12 4984 1
964 145 349 12 4984 1
965 79 366 38 16474 1
966 157 366 38 16474 1
967 67 349 32 9297 1
968 78 365 33 6500 1
969 86 364 54 18570 1
970 76 369 29 12168 1
971 88 349 31 7654 1
972 175 349 31 7654 1
973 73 369 65 18167 1
974 156 349 22 5878 1
975 86 364 38 14824 1
976 71 366 49 17440 1
977 80 369 35 11823 1
978 57 349 29 10765 1
979 113 349 29 10765 1
980 77 365 55 20582 1
981 153 365 55 20582 1
982 69 368 62 27203 1
983 91 349 29 12652 1
984 134 369 39 17677 1
985 73 368 28 7773 1
986 64 363 36 7164 1
987 72 369 36 8038 1
988 143 369 36 8038 1
989 73 364 47 19776 1
990 125 349 36 17000 1
991 88 365 60 20566 1
992 78 364 44 23132 1
993 85 369 40 13294 1
994 77 369 33 13224 1
995 71 366 20 8710 1
996 77 364 55 21474 1
997 69 365 28 14282 1
998 92 364 48 18128 1
999 77 366 62 27021 1
1000 71 366 31 13498 1
1001 141 366 31 13498 1
1002 72 369 47 23781 1
1003 143 369 47 23781 1
1004 73 363 39 20997 1
1005 93 365 45 17945 1
1006 59 363 50 17515 1
1007 80 369 49 9886 1
1008 77 368 39 21024 1
1009 78 364 38 14086 1
1010 155 364 38 14086 1
1011 77 368 45 9562 1
1012 153 368 45 9562 1
1013 71 363 21 4430 1
1014 89 349 40 18714 1
1015 73 365 56 28217 1
1016 82 400 25 8898 1
1017 163 400 25 8898 1
1018 91 397 33 8462 1
1019 163 396 50 11454 1
1020 86 398 50 10598 1
1021 90 400 35 18793 1
1022 110 398 57 21977 1
1023 109 396 22 6533 1
1024 80 398 60 16361 1
1025 159 398 60 16361 1
1026 238 398 60 16361 1
1027 154 396 49 26552 1
1028 84 399 52 29254 1
1029 79 397 67 22329 1
1030 91 396 47 23863 1
1031 181 396 47 23863 1
1032 271 396 47 23863 1
1033 104 399 39 14067 1
1034 93 398 49 23389 1
1035 102 398 41 15443 1
1036 93 399 42 17264 1
1037 79 396 52 10974 1
16
500 500 500 500 425 425 400 400 440 500 500 400 500 500 500 550 