1037
1 8 138 16 1331 1
2 15 138 16 1331 1
3 22 138 16 1331 1
4 29 138 16 1331 1
5 36 138 16 1331 1
6 8 101 15 2187 1
7 15 141 31 4380 1
8 6 125 29 2956 1
9 9 138 11 1585 1
10 33 141 16 2522 1
11 9 129 16 1762 1
12 20 141 18 3728 1
13 39 141 18 3728 1
14 23 132 12 1579 1
15 11 139 23 3607 1
16 11 137 7 982 1
17 62 139 16 1923 1
18 8 138 16 2112 1
19 15 138 16 2112 1
20 22 138 16 2112 1
21 29 138 16 2112 1
22 36 138 16 2112 1
23 6 133 14 967 1
24 17 139 18 3192 1
25 9 101 9 612 1
26 12 139 9 1349 1
27 9 129 25 3045 1
28 17 129 25 3045 1
29 25 129 25 3045 1
30 9 140 6 1031 1
31 17 140 6 1031 1
32 25 140 6 1031 1
33 33 140 6 1031 1
34 41 140 6 1031 1
35 49 140 6 1031 1
36 8 117 34 4303 1
37 6 121 14 2343 1
38 11 121 14 2343 1
39 21 141 27 2487 1
40 8 117 19 3112 1
41 15 117 19 3112 1
42 13 129 7 1350 1
43 25 129 7 1350 1
44 37 129 7 1350 1
45 3 129 29 5488 1
46 9 141 23 3822 1
47 17 141 23 3822 1
48 14 137 23 2652 1
49 9 134 16 1289 1
50 15 101 22 1710 1
51 9 132 27 4224 1
52 17 132 27 4224 1
53 8 137 50 9100 1
54 15 137 50 9100 1
55 22 137 50 9100 1
56 29 137 50 9100 1
57 36 137 50 9100 1
58 5 101 31 1688 1
59 10 101 3 187 1
60 11 141 17 2586 1
61 14 133 12 1036 1
62 9 117 18 2381 1
63 17 117 18 2381 1
64 8 117 33 3910 1
65 9 101 23 2252 1
66 10 125 7 483 1
67 8 139 36 6217 1
68 15 139 36 6217 1
69 10 138 45 6358 1
70 10 133 21 2723 1
71 19 133 21 2723 1
72 9 125 29 5426 1
73 8 101 31 3633 1
74 8 127 15 1752 1
75 9 137 12 1971 1
76 8 139 20 2510 1
77 17 129 15 2858 1
78 8 137 17 1457 1
79 15 137 17 1457 1
80 22 137 17 1457 1
81 9 138 10 962 1
82 9 140 27 4231 1
83 17 140 27 4231 1
84 8 133 43 8337 1
85 15 133 43 8337 1
86 11 140 19 3076 1
87 9 134 20 3321 1
88 17 134 20 3321 1
89 8 140 18 1676 1
90 9 140 8 628 1
91 17 140 8 628 1
92 8 141 50 8715 1
93 13 134 12 2114 1
94 9 118 18 2381 1
95 10 117 11 1883 1
96 9 134 28 4064 1
97 17 134 28 4064 1
98 9 132 32 5895 1
99 17 132 32 5895 1
100 22 129 15 1295 1
101 8 134 18 2738 1
102 15 134 18 2738 1
103 22 134 18 2738 1
104 7 141 37 6312 1
105 16 125 6 848 1
106 8 139 30 5687 1
107 24 125 27 1724 1
108 8 121 18 2304 1
109 8 118 20 3357 1
110 2 132 29 2030 1
111 8 132 15 1473 1
112 9 121 10 924 1
113 8 137 26 2145 1
114 20 101 19 1093 1
115 35 117 10 1605 1
116 10 127 6 1036 1
117 65 121 27 3792 1
118 12 138 19 3174 1
119 9 132 19 1919 1
120 10 140 18 2089 1
121 27 127 18 2000 1
122 7 137 6 1052 1
123 8 138 30 5200 1
124 5 117 36 6216 1
125 11 117 9 904 1
126 6 134 31 6126 1
127 15 101 3 312 1
128 29 101 3 312 1
129 16 121 31 2210 1
130 10 101 1 92 1
131 16 138 12 1304 1
132 17 137 16 3095 1
133 10 133 31 4550 1
134 8 129 19 1327 1
135 15 129 19 1327 1
136 4 127 13 951 1
137 9 134 32 4476 1
138 10 129 21 3530 1
139 15 134 27 4799 1
140 16 101 24 3199 1
141 9 125 30 4134 1
142 17 125 30 4134 1
143 25 125 30 4134 1
144 33 125 30 4134 1
145 41 125 30 4134 1
146 11 125 18 2089 1
147 21 125 18 2089 1
148 8 121 30 3088 1
149 16 125 26 2279 1
150 5 125 4 488 1
151 9 125 4 488 1
152 13 125 4 488 1
153 17 125 4 488 1
154 8 133 31 2567 1
155 15 133 31 2567 1
156 10 134 24 4499 1
157 19 134 24 4499 1
158 9 125 8 1291 1
159 7 125 28 3651 1
160 10 117 32 5270 1
161 19 117 32 5270 1
162 28 117 32 5270 1
163 37 117 32 5270 1
164 46 117 32 5270 1
165 55 117 32 5270 1
166 64 117 32 5270 1
167 73 117 32 5270 1
168 82 117 32 5270 1
169 9 101 1 79 1
170 17 101 1 79 1
171 15 138 20 2521 1
172 37 138 36 4457 1
173 6 118 16 2653 1
174 9 138 32 5729 1
175 17 138 32 5729 1
176 8 134 32 4127 1
177 8 121 9 1246 1
178 15 121 9 1246 1
179 9 132 23 2531 1
180 16 129 17 1594 1
181 9 139 13 1972 1
182 17 138 29 3402 1
183 8 132 3 431 1
184 15 132 3 431 1
185 22 132 3 431 1
186 9 139 3 390 1
187 4 133 32 3721 1
188 13 133 19 3379 1
189 15 134 19 3593 1
190 16 138 3 448 1
191 9 125 13 1304 1
192 17 125 13 1304 1
193 25 125 13 1304 1
194 19 127 15 2438 1
195 9 121 39 5428 1
196 17 121 39 5428 1
197 25 121 39 5428 1
198 33 121 39 5428 1
199 41 121 39 5428 1
200 49 121 39 5428 1
201 8 127 6 460 1
202 8 140 28 3443 1
203 15 140 28 3443 1
204 22 140 28 3443 1
205 8 134 27 4234 1
206 15 134 27 4234 1
207 22 134 27 4234 1
208 29 134 27 4234 1
209 11 118 31 2711 1
210 21 118 31 2711 1
211 31 118 31 2711 1
212 13 125 14 2496 1
213 25 125 14 2496 1
214 8 101 17 1470 1
215 15 101 17 1470 1
216 8 137 18 3326 1
217 9 141 45 7626 1
218 17 141 45 7626 1
219 25 141 45 7626 1
220 33 141 45 7626 1
221 5 101 18 2117 1
222 9 101 18 2117 1
223 12 138 19 1882 1
224 14 141 37 6715 1
225 27 141 37 6715 1
226 9 129 25 3365 1
227 17 129 25 3365 1
228 25 129 25 3365 1
229 33 129 25 3365 1
230 41 129 25 3365 1
231 49 129 25 3365 1
232 15 118 18 1292 1
233 15 140 15 2215 1
234 29 140 15 2215 1
235 27 133 25 2857 1
236 23 138 10 1639 1
237 16 134 19 2158 1
238 8 121 30 2493 1
239 31 129 41 5653 1
240 9 118 18 1539 1
241 17 118 18 1539 1
242 25 118 18 1539 1
243 9 132 20 2115 1
244 6 137 20 3016 1
245 30 121 9 579 1
246 8 138 33 6217 1
247 8 141 39 5366 1
248 15 141 39 5366 1
249 15 138 24 3759 1
250 8 127 15 1629 1
251 9 118 22 2149 1
252 20 118 22 3058 1
253 12 138 21 3203 1
254 31 101 2 278 1
255 8 140 14 2798 1
256 15 140 14 2798 1
257 22 140 14 2798 1
258 29 140 14 2798 1
259 36 140 14 2798 1
260 16 101 17 1883 1
261 9 137 5 904 1
262 26 132 15 1119 1
263 51 132 15 1119 1
264 8 133 15 1502 1
265 15 133 15 1502 1
266 10 121 21 1586 1
267 19 121 21 1586 1
268 8 133 34 2872 1
269 15 133 34 2872 1
270 22 133 34 2872 1
271 29 133 34 2872 1
272 36 133 34 2872 1
273 43 133 34 2872 1
274 50 133 34 2872 1
275 8 141 34 5086 1
276 11 141 24 4623 1
277 11 121 44 2908 1
278 9 117 30 2078 1
279 17 117 30 2078 1
280 25 117 30 2078 1
281 17 129 35 6529 1
282 10 125 29 2420 1
283 19 125 29 2420 1
284 7 137 17 1870 1
285 9 125 22 1618 1
286 7 161 28 2661 1
287 13 161 28 2661 1
288 22 170 23 5618 1
289 7 165 31 3677 1
290 16 161 11 2446 1
291 12 167 36 7651 1
292 23 167 36 7651 1
293 24 168 11 1682 1
294 12 151 20 3159 1
295 13 169 46 4341 1
296 25 169 46 4341 1
297 9 147 32 6502 1
298 17 149 34 2580 1
299 16 165 45 8662 1
300 9 169 47 10362 1
301 17 169 47 10362 1
302 25 169 47 10362 1
303 8 160 2 443 1
304 15 160 2 443 1
305 22 170 31 3044 1
306 12 157 24 2693 1
307 23 157 24 2693 1
308 34 157 24 2693 1
309 9 170 19 4682 1
310 17 161 20 2945 1
311 10 147 53 10161 1
312 25 147 5 485 1
313 12 167 34 6348 1
314 23 167 34 6348 1
315 11 160 25 4601 1
316 31 158 16 3226 1
317 13 145 19 1416 1
318 14 169 39 9465 1
319 10 169 3 258 1
320 23 160 9 1349 1
321 12 149 36 4366 1
322 54 145 25 2127 1
323 14 161 12 2060 1
324 27 161 12 2060 1
325 40 161 12 2060 1
326 14 168 27 4307 1
327 11 160 12 2758 1
328 8 167 16 2340 1
329 15 167 16 2340 1
330 3 147 29 3213 1
331 9 160 41 7493 1
332 12 161 21 2699 1
333 12 151 37 4322 1
334 23 151 37 4322 1
335 34 151 37 4322 1
336 16 160 6 670 1
337 12 147 35 6774 1
338 23 147 35 6774 1
339 12 147 77 7927 1
340 21 147 39 3123 1
341 3 161 64 13604 1
342 15 151 1 218 1
343 16 160 43 5176 1
344 3 149 19 3494 1
345 15 147 15 2494 1
346 12 157 41 6961 1
347 4 147 12 939 1
348 25 169 31 6041 1
349 9 160 16 1443 1
350 9 169 33 4325 1
351 39 158 16 3783 1
352 8 165 20 2327 1
353 12 149 28 4228 1
354 12 160 46 6524 1
355 23 160 46 6524 1
356 11 161 20 4719 1
357 12 160 52 5401 1
358 23 160 52 5401 1
359 16 158 7 555 1
360 88 145 20 1865 1
361 13 168 41 9150 1
362 12 151 32 4095 1
363 23 151 32 4095 1
364 15 167 20 1771 1
365 17 170 47 4184 1
366 11 168 15 3756 1
367 17 145 26 2296 1
368 33 145 26 2296 1
369 13 167 28 3399 1
370 11 160 27 2963 1
371 9 151 25 3942 1
372 17 151 25 3942 1
373 25 151 25 3942 1
374 17 145 8 896 1
375 11 160 26 6161 1
376 7 158 36 7428 1
377 11 170 38 6543 1
378 10 157 20 3841 1
379 11 154 25 4510 1
380 21 154 25 4510 1
381 8 157 18 3302 1
382 16 158 18 1611 1
383 15 168 47 8295 1
384 16 149 22 3338 1
385 11 154 34 4708 1
386 11 149 45 6627 1
387 9 169 21 1812 1
388 25 149 23 3761 1
389 3 149 21 4089 1
390 11 170 57 6532 1
391 11 169 38 4354 1
392 21 154 70 6277 1
393 41 154 70 6277 1
394 9 167 35 3516 1
395 23 149 29 4541 1
396 15 167 34 7331 1
397 16 168 9 2147 1
398 16 151 24 4830 1
399 8 157 20 3438 1
400 12 167 42 9504 1
401 15 151 36 5355 1
402 24 157 24 5057 1
403 11 168 19 2395 1
404 15 165 17 1677 1
405 11 168 11 2768 1
406 21 168 11 2768 1
407 16 160 50 10699 1
408 8 168 49 8595 1
409 16 151 34 5211 1
410 11 165 50 7354 1
411 51 147 38 8073 1
412 11 157 27 4560 1
413 10 149 10 1599 1
414 12 158 13 3036 1
415 13 169 17 3418 1
416 25 169 17 3418 1
417 11 158 31 7190 1
418 14 168 21 3056 1
419 15 160 17 2115 1
420 13 147 28 2851 1
421 13 151 32 6466 1
422 25 151 32 6466 1
423 37 151 32 6466 1
424 11 147 41 4459 1
425 21 147 41 4459 1
426 10 147 18 3398 1
427 9 149 5 507 1
428 14 154 30 6817 1
429 27 154 30 6817 1
430 11 145 26 2179 1
431 21 145 26 2179 1
432 31 145 26 2179 1
433 41 145 26 2179 1
434 16 165 28 3118 1
435 11 158 22 4066 1
436 11 145 16 2429 1
437 21 145 16 2429 1
438 10 149 9 1350 1
439 18 167 47 8816 1
440 7 167 25 3944 1
441 10 158 5 947 1
442 10 145 30 2990 1
443 19 145 30 2990 1
444 28 145 30 2990 1
445 13 168 32 3694 1
446 14 151 13 2109 1
447 15 147 18 1946 1
448 29 147 18 1946 1
449 12 165 16 1521 1
450 9 169 28 3170 1
451 10 157 18 2070 1
452 19 157 18 2070 1
453 28 157 18 2070 1
454 16 167 34 6707 1
455 15 160 29 3418 1
456 15 161 32 6773 1
457 14 154 18 3909 1
458 13 151 34 2906 1
459 13 151 7 1254 1
460 16 167 13 1220 1
461 23 167 40 6867 1
462 15 149 19 1565 1
463 12 145 43 8632 1
464 15 151 16 1282 1
465 16 160 4 926 1
466 31 160 4 926 1
467 16 147 58 4537 1
468 31 147 58 4537 1
469 46 147 58 4537 1
470 12 147 15 2855 1
471 23 147 15 2855 1
472 34 147 15 2855 1
473 55 154 34 3363 1
474 9 165 36 5488 1
475 15 147 32 5406 1
476 11 158 41 6690 1
477 8 157 12 2655 1
478 10 169 29 4034 1
479 19 169 29 4034 1
480 12 168 32 6738 1
481 21 145 42 4977 1
482 9 165 31 7376 1
483 17 165 31 7376 1
484 25 165 31 7376 1
485 8 168 15 2438 1
486 15 168 15 2438 1
487 22 168 15 2438 1
488 10 168 53 10529 1
489 21 160 45 4233 1
490 9 154 32 7218 1
491 8 154 16 1277 1
492 12 157 28 4904 1
493 21 158 7 1070 1
494 44 168 64 14625 1
495 15 161 23 2222 1
496 29 161 23 2222 1
497 11 170 30 7186 1
498 21 170 30 7186 1
499 31 170 30 7186 1
500 41 170 30 7186 1
501 51 170 30 7186 1
502 61 170 30 7186 1
503 12 169 3 323 1
504 23 169 3 323 1
505 34 169 3 323 1
506 45 169 3 323 1
507 17 149 50 5855 1
508 33 149 50 5855 1
509 21 170 30 3194 1
510 41 170 30 3194 1
511 61 170 30 3194 1
512 13 145 18 1944 1
513 11 147 11 1231 1
514 21 147 11 1231 1
515 31 147 11 1231 1
516 41 147 11 1231 1
517 51 147 11 1231 1
518 61 147 11 1231 1
519 71 147 11 1231 1
520 11 161 26 6133 1
521 11 165 12 2051 1
522 10 157 44 3513 1
523 19 157 44 3513 1
524 9 145 30 5824 1
525 14 169 12 2099 1
526 14 161 17 1842 1
527 13 154 29 6171 1
528 25 154 29 6171 1
529 37 154 29 6171 1
530 49 154 29 6171 1
531 8 145 29 3882 1
532 15 145 29 3882 1
533 22 145 29 3882 1
534 11 157 34 4616 1
535 21 157 34 4616 1
536 9 158 48 5851 1
537 32 165 32 3233 1
538 11 165 16 2689 1
539 21 165 16 2689 1
540 31 165 16 2689 1
541 10 169 45 4125 1
542 17 160 31 3020 1
543 33 160 31 3020 1
544 16 151 66 13739 1
545 42 170 27 3170 1
546 60 170 19 2256 1
547 119 170 19 2256 1
548 12 161 38 4195 1
549 13 167 22 3503 1
550 12 170 27 2570 1
551 23 170 27 2570 1
552 8 167 45 5438 1
553 15 167 45 5438 1
554 9 154 8 1701 1
555 8 145 32 2520 1
556 15 145 32 2520 1
557 11 160 1 131 1
558 12 168 59 14628 1
559 13 169 56 10132 1
560 16 160 43 5526 1
561 16 170 21 3120 1
562 23 165 15 2190 1
563 20 169 20 4960 1
564 11 168 39 9680 1
565 11 151 11 1953 1
566 8 147 8 1043 1
567 15 147 8 1043 1
568 22 167 10 2401 1
569 43 167 10 2401 1
570 12 169 31 4908 1
571 22 168 20 1693 1
572 12 161 23 3529 1
573 23 161 23 3529 1
574 34 161 23 3529 1
575 12 151 29 2303 1
576 17 170 32 3284 1
577 9 147 20 2556 1
578 17 147 20 2556 1
579 12 158 62 14314 1
580 23 158 62 14314 1
581 7 165 27 3157 1
582 17 170 10 2142 1
583 9 160 27 3510 1
584 23 167 31 3930 1
585 13 169 23 4616 1
586 7 145 28 5488 1
587 43 178 25 5183 1
588 127 175 16 1578 1
589 20 197 21 5315 1
590 58 207 21 5533 1
591 57 198 22 5114 1
592 15 210 26 5796 1
593 9 183 23 2203 1
594 17 183 23 2203 1
595 57 198 32 8082 1
596 113 198 32 8082 1
597 169 198 32 8082 1
598 57 197 20 5825 1
599 40 211 9 2731 1
600 36 183 17 4339 1
601 15 210 17 5322 1
602 72 194 14 2060 1
603 56 183 24 5490 1
604 57 184 12 2503 1
605 43 183 21 3553 1
606 43 183 21 2699 1
607 15 178 23 2167 1
608 36 175 25 5199 1
609 57 175 15 2545 1
610 113 175 15 2545 1
611 44 184 15 4021 1
612 36 210 16 4437 1
613 71 210 16 4437 1
614 43 198 9 1653 1
615 18 183 20 5192 1
616 35 183 20 5192 1
617 18 178 28 3631 1
618 43 194 19 2742 1
619 58 195 45 12572 1
620 27 210 20 5222 1
621 20 207 28 5892 1
622 18 178 14 1797 1
623 58 195 31 3203 1
624 44 198 16 4648 1
625 87 198 16 4648 1
626 15 178 14 1341 1
627 40 184 17 2490 1
628 72 208 9 2341 1
629 44 198 9 1883 1
630 87 198 9 1883 1
631 130 198 9 1883 1
632 21 207 11 1649 1
633 35 210 15 2748 1
634 37 208 17 3494 1
635 30 210 17 5072 1
636 13 184 22 2389 1
637 25 184 22 2389 1
638 15 184 34 5893 1
639 58 184 12 1789 1
640 44 197 18 5005 1
641 57 194 21 2650 1
642 113 194 21 2650 1
643 169 194 21 2650 1
644 225 194 21 2650 1
645 59 175 15 2090 1
646 43 211 19 3211 1
647 85 211 19 3211 1
648 43 208 18 4104 1
649 44 195 22 4412 1
650 15 198 7 1188 1
651 44 198 34 4942 1
652 44 183 13 2398 1
653 125 175 7 1322 1
654 56 175 10 2422 1
655 113 197 17 5015 1
656 57 198 31 8292 1
657 15 183 20 2567 1
658 57 194 24 6074 1
659 56 207 10 2897 1
660 71 210 21 3425 1
661 157 197 16 3395 1
662 57 194 35 6494 1
663 58 208 13 3976 1
664 44 210 15 4684 1
665 17 178 16 2849 1
666 43 175 29 4402 1
667 19 197 21 4148 1
668 37 198 20 5939 1
669 16 184 10 1973 1
670 17 183 14 1430 1
671 54 197 24 4455 1
672 57 175 9 1529 1
673 15 178 10 1718 1
674 57 198 14 4081 1
675 56 183 21 4514 1
676 44 198 17 4232 1
677 43 175 12 1383 1
678 43 210 25 6608 1
679 20 175 23 4232 1
680 57 197 15 2986 1
681 57 276 35 13126 1
682 29 276 43 15309 1
683 57 276 43 15309 1
684 36 277 17 3466 1
685 71 277 17 3466 1
686 106 277 17 3466 1
687 57 274 36 12483 1
688 50 268 25 5376 1
689 35 276 38 13967 1
690 69 276 38 13967 1
691 30 255 25 4905 1
692 50 261 20 7465 1
693 41 276 30 10091 1
694 66 240 24 7022 1
695 36 276 35 10613 1
696 50 221 20 6407 1
697 36 255 30 7770 1
698 36 239 25 6833 1
699 57 272 37 14832 1
700 80 264 27 4488 1
701 50 255 45 10997 1
702 30 276 13 2565 1
703 36 255 28 8889 1
704 71 255 28 8889 1
705 94 258 25 3558 1
706 65 272 23 7941 1
707 36 268 23 8537 1
708 71 268 23 8537 1
709 36 239 25 7439 1
710 30 262 20 6438 1
711 77 240 25 3316 1
712 89 264 34 12833 1
713 51 277 19 6804 1
714 36 240 29 9051 1
715 36 267 34 8997 1
716 50 277 21 8269 1
717 50 275 17 4445 1
718 36 261 31 10103 1
719 71 261 31 10103 1
720 106 261 31 10103 1
721 30 230 21 4118 1
722 91 221 19 5371 1
723 51 239 32 9411 1
724 37 261 34 4558 1
725 36 216 33 4904 1
726 71 216 33 4904 1
727 79 268 18 6602 1
728 16 261 45 14573 1
729 36 230 22 6325 1
730 39 240 14 5015 1
731 36 264 16 4706 1
732 40 222 34 6229 1
733 50 239 40 7837 1
734 57 258 17 4892 1
735 37 267 20 6601 1
736 36 258 9 1951 1
737 17 274 23 6135 1
738 57 254 32 6255 1
739 91 255 35 7351 1
740 45 239 35 8430 1
741 16 221 19 3404 1
742 35 257 16 5162 1
743 83 274 15 2597 1
744 37 240 25 5256 1
745 92 260 22 6264 1
746 64 254 21 3923 1
747 36 230 16 4248 1
748 51 272 24 7918 1
749 101 272 24 7918 1
750 30 255 24 6304 1
751 59 255 24 6304 1
752 36 216 35 7481 1
753 36 254 39 5100 1
754 31 221 13 2325 1
755 45 259 21 7338 1
756 30 276 34 12148 1
757 37 230 17 4317 1
758 73 230 17 4317 1
759 15 222 25 3047 1
760 57 240 17 4893 1
761 50 265 23 4431 1
762 51 239 25 3806 1
763 101 239 25 3806 1
764 29 240 17 5030 1
765 58 259 19 4423 1
766 115 259 19 4423 1
767 30 239 20 4688 1
768 29 239 14 2939 1
769 92 272 23 7676 1
770 30 265 29 6676 1
771 86 261 27 3901 1
772 50 264 24 4303 1
773 37 276 21 4877 1
774 58 259 36 10640 1
775 115 259 36 10640 1
776 57 332 39 10319 1
777 113 332 39 10319 1
778 56 335 43 18262 1
779 111 335 43 18262 1
780 166 335 43 18262 1
781 221 335 43 18262 1
782 276 335 43 18262 1
783 331 335 43 18262 1
784 57 316 43 10056 1
785 113 316 43 10056 1
786 169 316 43 10056 1
787 225 316 43 10056 1
788 281 316 43 10056 1
789 337 316 43 10056 1
790 29 336 33 7161 1
791 78 334 16 4149 1
792 79 281 33 8837 1
793 64 304 50 21788 1
794 61 323 28 8745 1
795 92 282 9 3158 1
796 58 334 26 9782 1
797 59 337 44 9660 1
798 117 337 44 9660 1
799 175 337 44 9660 1
800 233 337 44 9660 1
801 291 337 44 9660 1
802 56 294 27 11024 1
803 111 294 27 11024 1
804 22 286 38 11806 1
805 58 336 42 10816 1
806 58 316 29 5093 1
807 59 333 38 14301 1
808 117 333 38 14301 1
809 175 333 38 14301 1
810 76 286 35 10132 1
811 57 286 48 8169 1
812 7 299 38 11629 1
813 31 286 21 3796 1
814 37 292 28 11686 1
815 77 333 28 4818 1
816 153 333 28 4818 1
817 56 281 42 15303 1
818 56 303 21 5600 1
819 88 300 33 11517 1
820 39 303 29 7677 1
821 58 281 40 10029 1
822 58 294 26 9752 1
823 37 286 29 8044 1
824 36 294 14 3984 1
825 71 294 14 3984 1
826 36 316 30 10073 1
827 36 324 31 7204 1
828 78 281 25 5754 1
829 87 335 22 9613 1
830 78 292 31 7094 1
831 155 292 31 7094 1
832 57 300 25 9452 1
833 79 303 28 10108 1
834 78 337 36 7063 1
835 67 281 20 6720 1
836 133 281 20 6720 1
837 59 304 47 20785 1
838 56 282 29 7790 1
839 77 294 32 4979 1
840 58 294 39 13177 1
841 115 294 39 13177 1
842 172 294 39 13177 1
843 36 281 37 10248 1
844 57 338 32 7328 1
845 79 299 31 5249 1
846 51 324 30 13824 1
847 58 304 39 13181 1
848 59 337 38 12545 1
849 117 337 38 12545 1
850 175 337 38 12545 1
851 57 324 46 12351 1
852 30 281 38 6476 1
853 56 332 26 5330 1
854 4 324 51 12836 1
855 68 336 10 4701 1
856 57 335 26 9437 1
857 113 335 26 9437 1
858 57 304 22 4328 1
859 113 304 22 4328 1
860 58 293 29 5442 1
861 115 293 29 5442 1
862 58 337 28 11084 1
863 37 333 26 5723 1
864 30 303 38 15358 1
865 59 303 38 15358 1
866 44 324 44 20047 1
867 37 292 31 6149 1
868 56 324 30 10153 1
869 111 324 30 10153 1
870 166 324 30 10153 1
871 58 281 34 11804 1
872 115 281 34 11804 1
873 75 303 29 5278 1
874 56 338 25 12379 1
875 31 286 23 9707 1
876 57 332 27 8587 1
877 57 316 44 12131 1
878 76 282 29 5063 1
879 36 303 13 2055 1
880 57 304 13 2747 1
881 79 281 24 3807 1
882 68 294 19 3711 1
883 78 349 27 5959 1
884 89 363 59 17056 1
885 79 364 52 10170 1
886 78 365 40 20696 1
887 114 369 28 14483 1
888 95 349 35 6473 1
889 65 365 28 8727 1
890 79 366 45 18934 1
891 157 366 45 18934 1
892 79 369 31 15017 1
893 157 369 31 15017 1
894 70 349 30 12380 1
895 127 349 45 17212 1
896 67 363 39 19495 1
897 83 349 29 6277 1
898 85 368 32 9891 1
899 87 366 23 7689 1
900 173 366 23 7689 1
901 73 349 31 11251 1
902 145 349 31 11251 1
903 92 365 31 7987 1
904 71 365 40 19147 1
905 103 364 42 9777 1
906 131 369 39 18572 1
907 64 366 22 8288 1
908 79 363 41 16426 1
909 71 349 29 12250 1
910 92 365 16 2959 1
911 72 366 27 7089 1
912 70 365 20 5969 1
913 139 365 20 5969 1
914 70 349 42 16462 1
915 71 364 54 16312 1
916 41 365 38 14932 1
917 72 368 56 13208 1
918 140 369 43 11440 1
919 71 369 45 23259 1
920 66 368 38 18506 1
921 74 366 40 14565 1
922 147 366 40 14565 1
923 220 366 40 14565 1
924 293 366 40 14565 1
925 125 364 33 9964 1
926 77 363 39 9907 1
927 153 363 39 9907 1
928 72 368 60 31571 1
929 79 363 23 8886 1
930 77 349 36 6752 1
931 85 368 39 9924 1
932 71 363 27 13971 1
933 71 368 34 11847 1
934 73 364 45 19429 1
935 145 364 45 19429 1
936 72 363 30 8763 1
937 86 368 55 14888 1
938 171 368 55 14888 1
939 69 366 36 11062 1
940 99 349 65 14257 1
941 70 368 50 13726 1
942 122 349 81 23524 1
943 243 349 81 23524 1
944 88 369 55 25875 1
945 112 364 45 11982 1
946 58 363 49 9459 1
947 79 366 28 6592 1
948 71 364 50 25117 1
949 86 365 35 14446 1
950 135 368 42 13929 1
951 71 349 43 9563 1
952 77 349 40 12884 1
953 72 369 44 11608 1
954 79 349 44 19967 1
955 157 349 44 19967 1
956 86 363 32 8972 1
957 80 349 25 9818 1
958 159 349 25 9818 1
959 34 363 45 14950 1
960 76 369 32 12436 1
961 73 363 71 33460 1
962 73 349 26 12647 1
963 85 368 33 7167 1
964 169 368 33 7167 1
965 78 368 22 10191 1
966 84 365 56 16961 1
967 167 365 56 16961 1
968 93 349 31 15270 1
969 72 365 23 11033 1
970 91 364 48 25315 1
971 77 366 53 20988 1
972 77 366 74 38488 1
973 102 366 36 10513 1
974 79 365 41 10677 1
975 84 366 36 18888 1
976 79 363 53 13730 1
977 79 368 28 6480 1
978 85 369 58 24462 1
979 77 365 50 26244 1
980 153 365 50 26244 1
981 67 363 67 22709 1
982 133 363 67 22709 1
983 199 363 67 22709 1
984 265 363 67 22709 1
985 173 365 37 12648 1
986 345 365 37 12648 1
987 78 366 27 11882 1
988 155 366 27 11882 1
989 77 363 66 30693 1
990 72 364 24 11616 1
991 69 368 23 10127 1
992 92 369 23 12085 1
993 85 368 39 15396 1
994 79 363 24 8414 1
995 78 369 41 20610 1
996 155 369 41 20610 1
997 67 369 40 8331 1
998 72 364 40 16927 1
999 86 363 60 13934 1
1000 77 349 48 8943 1
1001 86 349 20 8524 1
1002 79 365 47 12884 1
1003 77 349 50 9553 1
1004 153 349 50 9553 1
1005 62 363 35 15901 1
1006 71 368 25 13431 1
1007 86 363 35 14344 1
1008 150 349 44 12629 1
1009 71 368 32 9719 1
1010 141 368 32 9719 1
1011 211 368 32 9719 1
1012 86 365 49 23578 1
1013 84 349 36 15652 1
1014 79 349 27 5375 1
1015 157 349 27 5375 1
1016 91 396 49 28625 1
1017 181 396 49 28625 1
1018 81 396 47 21895 1
1019 147 398 52 10925 1
1020 142 400 42 15913 1
1021 79 400 56 14801 1
1022 79 400 40 13483 1
1023 79 398 39 13444 1
1024 157 398 39 13444 1
1025 93 400 78 17285 1
1026 185 400 78 17285 1
1027 84 400 47 25518 1
1028 167 400 47 25518 1
1029 250 400 47 25518 1
1030 90 397 51 19631 1
1031 92 400 36 7468 1
1032 79 397 46 12692 1
1033 94 400 45 21388 1
1034 187 400 45 21388 1
1035 93 397 49 11339 1
1036 79 399 33 9685 1
1037 92 396 49 26920 1
16
500 500 500 500 425 425 400 400 440 500 500 400 500 500 500 550 