1037
1 15 138 24 3554 1
2 25 101 6 420 1
3 13 117 17 2370 1
4 25 117 17 2370 1
5 15 118 6 659 1
6 11 133 37 3547 1
7 9 137 44 6141 1
8 10 129 31 3106 1
9 8 117 30 2401 1
10 15 117 30 2401 1
11 10 121 22 1761 1
12 8 139 17 2233 1
13 15 139 17 2233 1
14 13 127 10 988 1
15 16 138 30 2489 1
16 8 121 26 1591 1
17 15 121 26 1591 1
18 34 140 13 2318 1
19 10 139 32 3603 1
20 19 139 32 3603 1
21 8 134 11 768 1
22 8 127 25 1602 1
23 15 127 25 1602 1
24 22 127 25 1602 1
25 9 137 15 1187 1
26 9 129 25 4730 1
27 9 127 13 1363 1
28 9 117 31 1986 1
29 17 117 31 1986 1
30 25 117 31 1986 1
31 9 127 17 2792 1
32 12 141 12 2382 1
33 23 141 12 2382 1
34 34 141 12 2382 1
35 29 127 23 2558 1
36 8 138 47 8057 1
37 15 138 47 8057 1
38 8 140 38 7225 1
39 15 121 35 4150 1
40 9 138 2 324 1
41 9 134 24 3085 1
42 9 140 14 2155 1
43 9 117 32 5058 1
44 17 117 32 5058 1
45 13 129 29 1997 1
46 9 141 8 1093 1
47 17 141 8 1093 1
48 9 134 30 2908 1
49 17 134 30 2908 1
50 25 134 30 2908 1
51 9 133 6 839 1
52 4 117 17 2033 1
53 13 117 22 2699 1
54 8 138 17 3458 1
55 8 140 2 394 1
56 15 140 2 394 1
57 9 121 25 2515 1
58 17 121 25 2515 1
59 16 118 6 810 1
60 8 133 2 297 1
61 8 127 44 4855 1
62 7 133 10 1830 1
63 9 139 38 6688 1
64 17 139 38 6688 1
65 25 139 38 6688 1
66 33 139 38 6688 1
67 26 138 40 6641 1
68 51 138 40 6641 1
69 9 132 5 891 1
70 8 141 26 3507 1
71 9 127 28 4948 1
72 17 127 28 4948 1
73 25 127 28 4948 1
74 7 132 12 953 1
75 13 132 12 953 1
76 19 132 12 953 1
77 8 101 25 2354 1
78 15 101 25 2354 1
79 22 101 25 2354 1
80 9 137 35 4216 1
81 18 118 23 3148 1
82 9 137 20 2086 1
83 9 118 10 1052 1
84 17 118 10 1052 1
85 9 139 44 7949 1
86 16 137 17 1928 1
87 31 137 17 1928 1
88 8 138 19 2622 1
89 15 138 19 2622 1
90 7 121 27 2536 1
91 24 118 14 1722 1
92 20 140 36 3485 1
93 39 140 36 3485 1
94 9 129 24 4116 1
95 17 129 24 4116 1
96 15 117 22 3092 1
97 22 117 9 539 1
98 8 127 34 4842 1
99 15 127 34 4842 1
100 22 127 34 4842 1
101 29 127 34 4842 1
102 36 127 34 4842 1
103 7 139 7 525 1
104 17 129 38 5633 1
105 21 117 43 5478 1
106 10 117 11 1852 1
107 19 117 11 1852 1
108 8 127 13 1703 1
109 15 127 13 1703 1
110 22 127 13 1703 1
111 8 125 27 2584 1
112 9 133 32 5389 1
113 17 133 32 5389 1
114 16 141 20 1675 1
115 31 141 20 1675 1
116 15 134 6 932 1
117 9 134 21 1812 1
118 17 134 21 1812 1
119 25 134 21 1812 1
120 16 101 9 571 1
121 8 134 20 2603 1
122 15 134 20 2603 1
123 8 125 17 1808 1
124 15 125 17 1808 1
125 22 125 17 1808 1
126 8 121 1 122 1
127 8 125 18 1513 1
128 15 125 18 1513 1
129 22 125 18 1513 1
130 9 117 28 3421 1
131 19 139 6 1098 1
132 8 121 4 383 1
133 13 139 27 3553 1
134 8 139 47 8434 1
135 8 118 35 4105 1
136 13 140 20 2842 1
137 5 140 32 4033 1
138 9 125 30 5266 1
139 17 125 30 5266 1
140 9 139 12 2147 1
141 17 139 12 2147 1
142 8 121 30 4822 1
143 15 121 30 4822 1
144 9 118 24 3950 1
145 17 118 24 3950 1
146 8 127 30 3989 1
147 9 132 18 2208 1
148 16 137 18 2510 1
149 6 133 35 4511 1
150 16 101 19 1721 1
151 9 129 25 2251 1
152 17 129 25 2251 1
153 17 117 24 2847 1
154 33 117 24 2847 1
155 8 132 21 3222 1
156 15 132 21 3222 1
157 22 132 21 3222 1
158 29 132 21 3222 1
159 36 132 21 3222 1
160 43 132 21 3222 1
161 50 132 21 3222 1
162 8 129 7 1353 1
163 12 125 13 1921 1
164 23 125 13 1921 1
165 22 133 26 2800 1
166 9 141 20 1517 1
167 17 141 20 1517 1
168 30 117 11 1745 1
169 8 118 33 2546 1
170 8 137 30 5313 1
171 11 132 16 3057 1
172 21 132 16 3057 1
173 9 137 36 4928 1
174 17 137 36 4928 1
175 11 139 1 112 1
176 11 101 28 1915 1
177 100 134 22 3213 1
178 18 117 23 3681 1
179 9 138 20 3329 1
180 7 118 16 2499 1
181 9 138 33 2760 1
182 5 118 25 2925 1
183 9 118 25 2925 1
184 13 118 25 2925 1
185 8 141 44 6055 1
186 15 141 44 6055 1
187 8 138 9 1527 1
188 8 117 21 1951 1
189 9 137 18 2202 1
190 8 125 19 1511 1
191 15 125 19 1511 1
192 22 125 19 1511 1
193 7 133 20 1862 1
194 8 121 32 3449 1
195 15 121 32 3449 1
196 11 139 21 3872 1
197 8 134 29 3884 1
198 15 133 18 3339 1
199 25 129 41 4288 1
200 2 127 8 1318 1
201 9 121 37 6038 1
202 7 118 39 5155 1
203 13 118 39 5155 1
204 5 127 45 4563 1
205 9 127 45 4563 1
206 11 139 24 2315 1
207 4 133 1 155 1
208 7 133 1 155 1
209 9 141 38 4689 1
210 17 141 38 4689 1
211 16 138 22 3278 1
212 9 121 31 1920 1
213 17 121 31 1920 1
214 12 117 11 1898 1
215 16 134 28 2509 1
216 8 139 32 5021 1
217 15 139 32 5021 1
218 8 141 16 2492 1
219 9 101 7 655 1
220 17 101 7 655 1
221 8 125 30 2648 1
222 15 125 30 2648 1
223 8 133 23 2072 1
224 15 133 23 2072 1
225 22 133 23 2072 1
226 10 125 37 4133 1
227 8 139 17 2907 1
228 9 133 36 3022 1
229 17 133 36 3022 1
230 8 118 22 3363 1
231 8 141 50 6693 1
232 9 127 34 2302 1
233 17 127 34 2302 1
234 29 138 33 4457 1
235 10 140 34 3897 1
236 12 141 16 2904 1
237 9 133 6 917 1
238 17 133 6 917 1
239 25 133 6 917 1
240 33 133 6 917 1
241 41 133 6 917 1
242 9 134 19 1547 1
243 12 133 25 4204 1
244 8 141 22 1694 1
245 17 125 22 3661 1
246 149 141 22 4608 1
247 6 139 18 1892 1
248 11 139 18 1892 1
249 16 139 18 1892 1
250 9 117 16 1948 1
251 17 117 16 1948 1
252 8 140 29 4371 1
253 11 129 16 1357 1
254 9 132 27 4969 1
255 8 127 13 1653 1
256 8 133 36 5567 1
257 9 118 25 2116 1
258 8 140 25 4446 1
259 15 140 25 4446 1
260 22 140 25 4446 1
261 9 140 21 3974 1
262 12 137 31 3204 1
263 4 138 29 3826 1
264 6 134 44 7831 1
265 9 121 29 3362 1
266 17 121 29 3362 1
267 21 140 25 3405 1
268 8 138 7 547 1
269 15 138 7 547 1
270 9 125 28 2292 1
271 17 125 28 2292 1
272 10 118 8 630 1
273 15 134 36 4531 1
274 21 129 29 5505 1
275 8 101 9 1233 1
276 9 139 61 7107 1
277 17 139 61 7107 1
278 25 139 61 7107 1
279 8 141 39 2858 1
280 15 141 39 2858 1
281 17 138 3 347 1
282 9 138 23 2281 1
283 8 117 18 1684 1
284 15 138 6 917 1
285 9 117 11 1887 1
286 16 161 23 4263 1
287 17 154 32 4928 1
288 9 151 39 6964 1
289 11 154 26 4416 1
290 21 154 26 4416 1
291 9 160 63 13727 1
292 11 167 21 2036 1
293 21 167 21 2036 1
294 16 151 33 5496 1
295 12 158 29 2899 1
296 23 158 29 2899 1
297 9 168 59 9975 1
298 15 168 19 3026 1
299 15 169 32 4801 1
300 14 145 45 9047 1
301 7 160 48 8435 1
302 12 149 15 1275 1
303 8 160 33 3703 1
304 15 160 33 3703 1
305 8 147 32 3247 1
306 14 167 50 9174 1
307 10 161 39 6942 1
308 15 161 6 1409 1
309 12 149 33 4038 1
310 8 167 69 12809 1
311 8 170 30 6270 1
312 14 165 56 7238 1
313 23 151 19 2159 1
314 9 160 17 2781 1
315 9 147 17 2531 1
316 10 151 11 1396 1
317 17 157 25 5233 1
318 12 167 16 2449 1
319 24 145 39 6300 1
320 16 168 26 4777 1
321 21 170 40 9221 1
322 9 149 24 5133 1
323 17 149 24 5133 1
324 15 167 16 2836 1
325 29 167 16 2836 1
326 8 145 33 3112 1
327 15 145 33 3112 1
328 11 149 19 1913 1
329 14 149 18 2278 1
330 27 149 18 2278 1
331 40 149 18 2278 1
332 53 149 18 2278 1
333 9 145 24 2555 1
334 11 170 18 2552 1
335 21 170 18 2552 1
336 167 151 39 8493 1
337 11 167 65 9971 1
338 4 154 28 3586 1
339 17 145 34 6877 1
340 15 170 19 1645 1
341 15 149 21 3125 1
342 13 161 19 4077 1
343 2 145 16 3074 1
344 8 151 24 5167 1
345 15 154 12 1026 1
346 11 160 38 5891 1
347 25 161 52 4548 1
348 24 167 40 3679 1
349 30 160 28 4442 1
350 12 161 37 6441 1
351 12 161 23 4068 1
352 23 161 23 4068 1
353 34 161 23 4068 1
354 45 161 23 4068 1
355 56 161 23 4068 1
356 67 161 23 4068 1
357 78 161 23 4068 1
358 89 161 23 4068 1
359 100 161 23 4068 1
360 23 151 14 2912 1
361 11 165 64 9813 1
362 23 157 12 2237 1
363 17 168 21 4901 1
364 10 149 27 2637 1
365 15 158 14 2322 1
366 9 169 55 5260 1
367 17 169 55 5260 1
368 9 161 23 1897 1
369 17 161 23 1897 1
370 21 158 22 4638 1
371 41 158 22 4638 1
372 7 161 30 5464 1
373 13 161 30 5464 1
374 19 161 30 5464 1
375 24 168 37 7397 1
376 12 165 27 4426 1
377 19 168 54 7750 1
378 9 151 16 3203 1
379 15 165 45 10111 1
380 13 161 29 3617 1
381 25 161 29 3617 1
382 37 161 29 3617 1
383 13 145 35 5452 1
384 9 147 39 3907 1
385 17 147 39 3907 1
386 28 145 27 2005 1
387 13 154 31 4378 1
388 140 157 39 6656 1
389 16 168 31 7491 1
390 16 168 30 5141 1
391 9 147 20 3340 1
392 17 147 20 3340 1
393 25 147 20 3340 1
394 7 165 40 7238 1
395 10 170 32 5493 1
396 13 157 8 945 1
397 11 165 13 2142 1
398 16 149 46 9846 1
399 13 161 32 5932 1
400 25 161 32 5932 1
401 16 160 21 3135 1
402 15 161 32 5860 1
403 29 161 32 5860 1
404 17 167 21 1825 1
405 34 151 26 4797 1
406 13 161 29 6602 1
407 25 161 29 6602 1
408 37 161 29 6602 1
409 15 169 72 9003 1
410 14 170 40 6715 1
411 12 145 27 5849 1
412 14 151 30 2492 1
413 27 151 30 2492 1
414 8 160 19 2313 1
415 15 160 19 2313 1
416 12 145 25 2245 1
417 9 160 23 5489 1
418 13 157 49 4393 1
419 14 168 27 4753 1
420 27 168 27 4753 1
421 40 168 27 4753 1
422 12 161 46 9180 1
423 23 161 46 9180 1
424 34 161 46 9180 1
425 12 160 11 1159 1
426 15 149 36 5000 1
427 11 145 8 1302 1
428 8 147 30 5327 1
429 11 161 32 3875 1
430 7 157 38 5805 1
431 17 167 2 489 1
432 9 158 22 3327 1
433 17 158 22 3327 1
434 11 169 16 3712 1
435 15 145 6 945 1
436 15 158 50 7417 1
437 15 151 34 6382 1
438 15 157 48 6155 1
439 13 157 40 9201 1
440 25 157 40 9201 1
441 37 157 40 9201 1
442 9 149 21 3383 1
443 12 170 32 6572 1
444 23 170 32 6572 1
445 8 168 45 6299 1
446 10 154 33 2605 1
447 8 170 30 4826 1
448 15 170 30 4826 1
449 8 170 38 5994 1
450 15 145 17 3639 1
451 12 151 1 203 1
452 18 158 26 4826 1
453 24 165 29 2909 1
454 11 161 38 5151 1
455 13 169 12 1828 1
456 12 147 28 2092 1
457 8 158 31 5785 1
458 13 165 6 545 1
459 23 169 38 5917 1
460 8 167 37 7375 1
461 9 151 17 2700 1
462 24 149 36 7330 1
463 17 154 22 3141 1
464 12 145 10 1775 1
465 12 154 27 3716 1
466 23 154 27 3716 1
467 13 165 52 11843 1
468 25 165 52 11843 1
469 37 165 52 11843 1
470 8 147 8 1597 1
471 15 167 28 3046 1
472 22 158 9 1679 1
473 13 145 28 4785 1
474 12 147 19 1895 1
475 23 147 19 1895 1
476 16 167 47 10595 1
477 23 165 26 3641 1
478 12 147 41 4387 1
479 18 160 36 5902 1
480 8 160 28 5590 1
481 14 157 26 4026 1
482 11 151 31 6404 1
483 10 147 32 3361 1
484 12 161 61 6491 1
485 23 161 61 6491 1
486 34 161 61 6491 1
487 45 161 61 6491 1
488 21 158 41 7223 1
489 15 151 16 1380 1
490 9 161 21 3681 1
491 14 158 52 11757 1
492 16 168 18 1698 1
493 31 168 18 1698 1
494 10 147 19 3893 1
495 12 165 41 9684 1
496 23 165 41 9684 1
497 11 160 30 4940 1
498 21 160 30 4940 1
499 31 160 30 4940 1
500 41 160 30 4940 1
501 9 151 1 132 1
502 17 151 1 132 1
503 25 151 1 132 1
504 10 170 44 8760 1
505 8 168 34 5213 1
506 15 168 34 5213 1
507 8 158 25 2835 1
508 15 168 53 13233 1
509 8 168 26 5515 1
510 10 161 33 4694 1
511 19 161 33 4694 1
512 9 165 73 9957 1
513 36 147 32 4898 1
514 21 168 33 7762 1
515 11 160 42 9780 1
516 13 158 10 2364 1
517 17 157 22 3232 1
518 15 168 35 3763 1
519 11 167 42 9004 1
520 21 167 42 9004 1
521 31 167 42 9004 1
522 2 165 41 6966 1
523 12 151 27 3849 1
524 3 165 18 2425 1
525 9 165 34 3109 1
526 17 165 34 3109 1
527 25 165 34 3109 1
528 33 165 34 3109 1
529 11 158 60 6208 1
530 21 158 60 6208 1
531 31 158 60 6208 1
532 16 169 39 7582 1
533 8 161 39 4710 1
534 13 161 35 6631 1
535 9 145 26 3640 1
536 17 145 26 3640 1
537 15 169 33 5656 1
538 16 170 36 8532 1
539 15 167 40 8947 1
540 17 169 58 5757 1
541 25 145 15 2966 1
542 49 145 15 2966 1
543 33 147 25 5213 1
544 13 161 39 7101 1
545 25 161 39 7101 1
546 17 147 16 1841 1
547 22 161 19 3006 1
548 43 161 19 3006 1
549 11 154 19 3934 1
550 11 161 20 3443 1
551 9 154 10 1317 1
552 16 160 3 593 1
553 24 157 24 3935 1
554 13 154 35 7861 1
555 9 160 6 800 1
556 9 158 13 1265 1
557 9 154 13 1150 1
558 11 167 12 2029 1
559 20 161 13 2825 1
560 11 170 45 10450 1
561 21 170 45 10450 1
562 8 154 21 3772 1
563 13 161 30 6904 1
564 8 157 21 1947 1
565 12 160 17 2629 1
566 21 149 56 6489 1
567 17 169 39 4398 1
568 10 145 15 2900 1
569 17 149 7 1369 1
570 9 147 39 7070 1
571 17 147 39 7070 1
572 25 147 39 7070 1
573 33 147 39 7070 1
574 9 147 3 221 1
575 7 168 36 6829 1
576 8 147 16 3292 1
577 8 168 8 1806 1
578 11 157 40 8413 1
579 21 157 40 8413 1
580 13 161 55 7629 1
581 14 161 8 1313 1
582 10 149 31 4298 1
583 8 161 27 4951 1
584 16 167 42 9371 1
585 12 145 35 5588 1
586 12 168 8 930 1
587 14 194 18 4103 1
588 17 195 17 3134 1
589 16 210 15 2046 1
590 34 197 6 1404 1
591 16 184 19 1828 1
592 57 208 27 5241 1
593 36 178 9 2368 1
594 36 195 16 3414 1
595 46 198 13 1465 1
596 91 198 13 1465 1
597 43 198 29 4935 1
598 85 198 29 4935 1
599 40 175 10 2577 1
600 17 194 21 2867 1
601 43 195 25 7112 1
602 36 183 28 3327 1
603 17 208 13 1357 1
604 114 195 20 3383 1
605 43 184 11 2737 1
606 43 208 16 2223 1
607 36 195 37 9938 1
608 15 210 22 5896 1
609 29 210 22 5896 1
610 42 175 21 2569 1
611 83 175 21 2569 1
612 20 183 20 3891 1
613 16 198 15 3498 1
614 58 207 41 9243 1
615 58 194 21 5577 1
616 44 197 17 2796 1
617 87 197 17 2796 1
618 44 175 27 4953 1
619 20 178 14 1518 1
620 37 194 27 4222 1
621 44 207 17 4573 1
622 87 207 17 4573 1
623 36 210 11 1197 1
624 44 210 15 2199 1
625 87 210 15 2199 1
626 36 197 23 2549 1
627 15 184 27 2637 1
628 22 194 13 3562 1
629 41 195 12 1722 1
630 36 207 18 2190 1
631 44 208 22 5478 1
632 45 198 11 2456 1
633 16 211 37 5413 1
634 15 178 26 5196 1
635 45 210 19 3690 1
636 44 197 8 2092 1
637 87 197 8 2092 1
638 130 197 8 2092 1
639 173 197 8 2092 1
640 43 194 10 1671 1
641 85 194 10 1671 1
642 127 194 10 1671 1
643 34 197 20 4509 1
644 15 183 12 1536 1
645 44 211 21 3944 1
646 40 198 19 5449 1
647 57 195 35 6126 1
648 58 211 20 2654 1
649 115 211 20 2654 1
650 37 207 26 4465 1
651 16 198 11 2719 1
652 57 198 19 3070 1
653 15 184 28 2949 1
654 29 184 28 2949 1
655 16 178 16 3472 1
656 43 175 13 3142 1
657 44 197 19 2605 1
658 36 208 25 4113 1
659 56 184 17 3006 1
660 44 194 24 4145 1
661 36 210 19 2229 1
662 23 178 19 2683 1
663 20 208 21 4127 1
664 72 175 8 1944 1
665 44 207 17 2899 1
666 44 208 17 5287 1
667 87 208 17 5287 1
668 130 208 17 5287 1
669 21 210 31 4506 1
670 44 198 36 10106 1
671 37 175 28 3327 1
672 71 178 11 1667 1
673 16 178 14 1850 1
674 20 178 18 3424 1
675 42 198 14 3836 1
676 27 194 18 3905 1
677 59 183 9 1525 1
678 37 197 31 4109 1
679 8 197 28 3324 1
680 38 210 29 8416 1
681 36 257 17 3693 1
682 58 261 23 5948 1
683 36 261 26 7671 1
684 57 216 25 6711 1
685 37 272 20 4917 1
686 64 276 12 2422 1
687 37 262 17 6205 1
688 50 220 17 2968 1
689 99 220 17 2968 1
690 57 277 23 5822 1
691 113 277 23 5822 1
692 65 230 26 3317 1
693 36 220 13 2702 1
694 29 255 15 4119 1
695 16 279 31 7720 1
696 50 240 24 6349 1
697 43 272 33 5670 1
698 38 239 21 3700 1
699 57 222 34 10908 1
700 113 222 34 10908 1
701 169 222 34 10908 1
702 51 262 53 7498 1
703 101 262 53 7498 1
704 38 277 16 5685 1
705 93 257 17 5193 1
706 37 272 29 10033 1
707 57 274 20 4268 1
708 57 260 18 2545 1
709 16 239 23 3248 1
710 36 262 18 3112 1
711 36 243 11 3492 1
712 43 275 25 5000 1
713 37 274 25 3602 1
714 17 228 31 4922 1
715 30 221 11 3201 1
716 27 279 18 6545 1
717 81 268 15 5731 1
718 42 239 33 7649 1
719 30 274 26 10363 1
720 15 277 17 5501 1
721 43 260 30 11367 1
722 37 265 26 5659 1
723 57 230 38 8926 1
724 30 277 15 2536 1
725 93 254 22 3878 1
726 47 268 17 3020 1
727 29 258 21 4386 1
728 36 265 27 6896 1
729 32 262 41 8757 1
730 36 254 40 13353 1
731 16 264 20 3299 1
732 64 221 18 3314 1
733 36 239 23 4647 1
734 50 260 28 10190 1
735 37 216 15 2914 1
736 35 257 25 8085 1
737 37 274 35 8161 1
738 31 228 33 5394 1
739 37 276 24 4584 1
740 37 230 24 6992 1
741 87 257 17 4862 1
742 101 230 25 8009 1
743 57 230 18 2678 1
744 92 220 12 1413 1
745 32 239 23 3013 1
746 58 264 30 10388 1
747 30 261 23 4049 1
748 58 261 31 10296 1
749 59 279 30 8165 1
750 57 260 30 8553 1
751 39 276 19 7132 1
752 48 275 22 9011 1
753 51 221 42 12226 1
754 91 228 19 3989 1
755 14 216 27 5777 1
756 58 230 22 2812 1
757 57 240 13 4014 1
758 42 222 34 8869 1
759 36 240 20 5184 1
760 93 240 27 7968 1
761 37 239 16 3384 1
762 50 262 20 7681 1
763 29 274 22 4503 1
764 51 259 18 2907 1
765 30 220 29 3651 1
766 58 222 25 5733 1
767 30 258 18 6734 1
768 39 277 26 5394 1
769 50 221 24 4309 1
770 29 277 26 3797 1
771 29 239 29 6472 1
772 37 264 28 9155 1
773 57 254 15 3184 1
774 44 272 24 4531 1
775 50 267 30 7910 1
776 37 332 39 8436 1
777 73 332 39 8436 1
778 58 294 17 5760 1
779 115 294 17 5760 1
780 172 294 17 5760 1
781 229 294 17 5760 1
782 36 333 50 10237 1
783 30 332 44 8019 1
784 2 334 23 11462 1
785 56 303 23 6615 1
786 38 334 23 4977 1
787 57 316 52 17776 1
788 57 323 29 9463 1
789 113 323 29 9463 1
790 31 324 39 11113 1
791 57 332 46 8375 1
792 58 286 22 5180 1
793 115 286 22 5180 1
794 172 286 22 5180 1
795 55 316 24 4123 1
796 57 292 14 5033 1
797 113 292 14 5033 1
798 58 336 64 30928 1
799 39 293 29 4918 1
800 57 299 44 15819 1
801 84 293 45 11910 1
802 57 286 35 8720 1
803 113 286 35 8720 1
804 169 286 35 8720 1
805 225 286 35 8720 1
806 281 286 35 8720 1
807 337 286 35 8720 1
808 393 286 35 8720 1
809 79 303 16 4834 1
810 78 303 28 7146 1
811 155 303 28 7146 1
812 83 324 29 10884 1
813 36 336 33 14207 1
814 80 333 45 7590 1
815 30 337 40 8803 1
816 58 292 36 9260 1
817 115 292 36 9260 1
818 172 292 36 9260 1
819 72 332 24 6708 1
820 143 332 24 6708 1
821 33 299 32 14114 1
822 78 304 24 7837 1
823 36 316 24 4476 1
824 71 316 24 4476 1
825 79 305 35 6901 1
826 37 299 33 9089 1
827 62 281 27 4669 1
828 59 292 29 10718 1
829 58 294 35 14685 1
830 115 294 35 14685 1
831 172 294 35 14685 1
832 40 286 40 15074 1
833 58 303 40 6520 1
834 115 303 40 6520 1
835 172 303 40 6520 1
836 229 303 40 6520 1
837 58 336 35 11706 1
838 115 336 35 11706 1
839 81 281 9 3448 1
840 85 332 31 9663 1
841 56 303 30 9908 1
842 111 303 30 9908 1
843 166 303 30 9908 1
844 221 303 30 9908 1
845 79 324 35 16639 1
846 58 282 20 5833 1
847 37 293 17 5951 1
848 57 323 33 15772 1
849 113 323 33 15772 1
850 169 323 33 15772 1
851 225 323 33 15772 1
852 56 303 36 14460 1
853 111 303 36 14460 1
854 166 303 36 14460 1
855 57 305 23 9390 1
856 56 292 59 25055 1
857 111 292 59 25055 1
858 166 292 59 25055 1
859 79 324 16 6086 1
860 58 334 34 12096 1
861 57 300 37 15877 1
862 58 281 23 9295 1
863 115 281 23 9295 1
864 172 281 23 9295 1
865 57 299 23 4352 1
866 37 299 28 5124 1
867 59 281 11 2164 1
868 117 281 11 2164 1
869 35 282 18 5359 1
870 36 338 28 10206 1
871 78 338 38 10420 1
872 30 336 29 8642 1
873 31 286 30 5570 1
874 57 338 35 12219 1
875 78 332 49 14570 1
876 36 336 48 11867 1
877 57 316 43 12246 1
878 37 281 31 10990 1
879 58 305 39 16583 1
880 78 336 27 5432 1
881 58 332 28 13146 1
882 115 332 28 13146 1
883 64 363 56 13205 1
884 94 366 26 9908 1
885 86 366 55 21674 1
886 100 363 37 16921 1
887 79 368 46 17762 1
888 157 368 46 17762 1
889 73 369 20 9724 1
890 72 368 39 7476 1
891 149 364 31 15254 1
892 297 364 31 15254 1
893 72 366 26 6496 1
894 73 369 42 15169 1
895 82 365 33 13570 1
896 79 363 28 8105 1
897 78 369 24 8850 1
898 71 369 37 19269 1
899 85 365 39 19558 1
900 169 365 39 19558 1
901 84 363 37 6948 1
902 86 349 66 32810 1
903 71 369 24 8881 1
904 80 364 28 10945 1
905 70 369 39 13502 1
906 68 364 62 26305 1
907 122 364 44 20199 1
908 70 364 51 16414 1
909 102 364 30 12459 1
910 77 368 38 12240 1
911 58 368 17 4683 1
912 72 349 45 13070 1
913 78 349 26 5227 1
914 64 369 34 14857 1
915 72 369 34 11541 1
916 71 363 58 16261 1
917 72 363 28 5745 1
918 72 363 52 18693 1
919 78 363 38 18320 1
920 70 365 31 5926 1
921 103 366 87 23319 1
922 89 349 65 31937 1
923 77 364 42 10542 1
924 85 349 40 20330 1
925 78 363 29 5910 1
926 84 349 77 28767 1
927 78 349 42 8255 1
928 77 366 45 18871 1
929 73 369 30 15973 1
930 74 368 25 13637 1
931 103 363 58 25104 1
932 63 363 41 19640 1
933 78 369 29 7384 1
934 78 349 46 16778 1
935 155 349 46 16778 1
936 48 369 33 12112 1
937 92 363 36 11113 1
938 62 368 30 11031 1
939 70 349 33 6460 1
940 77 368 36 9398 1
941 153 368 36 9398 1
942 103 368 64 29077 1
943 79 366 55 15474 1
944 157 366 55 15474 1
945 235 366 55 15474 1
946 313 366 55 15474 1
947 391 366 55 15474 1
948 78 369 65 30564 1
949 155 369 65 30564 1
950 232 369 65 30564 1
951 309 369 65 30564 1
952 101 349 35 13587 1
953 87 368 33 6397 1
954 103 364 33 15404 1
955 90 368 22 7096 1
956 72 366 26 10954 1
957 80 369 63 14527 1
958 159 369 63 14527 1
959 238 369 63 14527 1
960 76 349 42 11852 1
961 66 349 37 9833 1
962 131 349 37 9833 1
963 196 349 37 9833 1
964 59 365 38 9205 1
965 78 365 46 13968 1
966 63 364 45 8773 1
967 72 368 19 4021 1
968 72 369 35 11323 1
969 71 369 25 13782 1
970 85 366 50 21067 1
971 86 368 25 10296 1
972 72 369 35 9558 1
973 71 368 40 15079 1
974 141 368 40 15079 1
975 211 368 40 15079 1
976 281 368 40 15079 1
977 115 365 57 11616 1
978 64 364 42 9896 1
979 72 366 37 10732 1
980 143 366 37 10732 1
981 214 366 37 10732 1
982 86 364 67 35704 1
983 78 363 66 20017 1
984 84 368 62 31910 1
985 80 368 26 5921 1
986 159 368 26 5921 1
987 238 368 26 5921 1
988 317 368 26 5921 1
989 86 363 30 14393 1
990 124 349 48 13261 1
991 154 368 47 20091 1
992 135 369 36 13120 1
993 70 369 47 13456 1
994 72 366 35 12082 1
995 143 366 35 12082 1
996 72 349 35 9526 1
997 68 366 52 22878 1
998 85 368 59 29558 1
999 71 349 30 14639 1
1000 75 366 25 8709 1
1001 71 368 30 15761 1
1002 72 366 42 14404 1
1003 89 364 38 14735 1
1004 74 368 39 21460 1
1005 78 364 52 21180 1
1006 155 364 52 21180 1
1007 65 364 50 15240 1
1008 89 369 17 9342 1
1009 84 366 80 35134 1
1010 90 363 40 7903 1
1011 113 368 17 7461 1
1012 225 368 17 7461 1
1013 110 368 34 17747 1
1014 72 369 49 20587 1
1015 143 369 49 20587 1
1016 91 397 63 13027 1
1017 79 398 40 23103 1
1018 85 397 45 21936 1
1019 88 396 36 8027 1
1020 84 399 38 10340 1
1021 167 399 38 10340 1
1022 250 399 38 10340 1
1023 81 396 35 16508 1
1024 93 396 43 16653 1
1025 93 399 57 15092 1
1026 93 399 46 14326 1
1027 151 400 68 37374 1
1028 79 397 40 13129 1
1029 157 397 40 13129 1
1030 83 399 50 17078 1
1031 165 399 50 17078 1
1032 247 399 50 17078 1
1033 91 399 38 18962 1
1034 77 399 25 12130 1
1035 92 399 55 26171 1
1036 79 400 47 19427 1
1037 86 398 69 37241 1
16
500 500 500 500 425 425 400 400 440 500 500 400 500 500 500 550 