1037
1 9 141 25 3212 1
2 5 134 10 1075 1
3 9 140 19 2357 1
4 17 140 19 2357 1
5 8 118 19 1814 1
6 15 132 30 3435 1
7 9 125 29 2593 1
8 17 125 29 2593 1
9 25 125 29 2593 1
10 15 134 19 3021 1
11 9 140 24 4014 1
12 8 140 7 1101 1
13 8 125 1 185 1
14 15 125 1 185 1
15 22 125 1 185 1
16 9 132 13 1118 1
17 9 101 20 1672 1
18 17 101 20 1672 1
19 10 133 33 2486 1
20 107 133 23 3003 1
21 8 137 10 884 1
22 15 137 10 884 1
23 8 141 14 1922 1
24 15 141 14 1922 1
25 8 101 32 1713 1
26 15 101 32 1713 1
27 9 137 28 3771 1
28 9 117 24 1911 1
29 17 117 24 1911 1
30 8 133 2 267 1
31 12 139 47 4315 1
32 9 133 28 2339 1
33 10 141 11 2127 1
34 8 121 6 893 1
35 10 129 11 2026 1
36 19 129 11 2026 1
37 28 129 11 2026 1
38 37 129 11 2026 1
39 46 129 11 2026 1
40 55 129 11 2026 1
41 64 129 11 2026 1
42 9 118 13 1902 1
43 17 118 13 1902 1
44 25 118 13 1902 1
45 8 137 25 4528 1
46 16 134 3 220 1
47 31 134 3 220 1
48 46 134 3 220 1
49 9 129 21 1716 1
50 17 129 21 1716 1
51 25 129 21 1716 1
52 16 138 11 1998 1
53 10 121 8 814 1
54 9 125 16 1066 1
55 17 125 16 1066 1
56 25 125 16 1066 1
57 33 125 16 1066 1
58 41 125 16 1066 1
59 49 125 16 1066 1
60 57 125 16 1066 1
61 65 125 16 1066 1
62 205 121 20 2342 1
63 8 129 34 5248 1
64 9 140 38 3041 1
65 5 101 21 2959 1
66 8 117 12 1937 1
67 9 129 4 659 1
68 8 125 9 1396 1
69 15 125 9 1396 1
70 22 125 9 1396 1
71 15 118 20 2256 1
72 16 127 13 1019 1
73 109 129 11 1000 1
74 8 127 25 4386 1
75 8 118 30 4176 1
76 15 118 30 4176 1
77 9 117 11 679 1
78 9 141 43 5343 1
79 10 117 13 1141 1
80 16 141 10 1079 1
81 9 139 6 662 1
82 8 127 7 1126 1
83 15 127 7 1126 1
84 22 127 7 1126 1
85 9 140 36 5306 1
86 13 101 28 2366 1
87 15 121 13 2173 1
88 7 121 37 3042 1
89 8 141 21 3135 1
90 9 121 34 4950 1
91 5 117 26 3496 1
92 11 138 17 1460 1
93 21 138 17 1460 1
94 31 138 17 1460 1
95 41 138 17 1460 1
96 51 138 17 1460 1
97 8 138 34 6910 1
98 15 138 34 6910 1
99 22 138 34 6910 1
100 29 138 34 6910 1
101 9 129 26 3514 1
102 17 129 26 3514 1
103 12 117 23 2780 1
104 23 117 23 2780 1
105 27 133 32 3967 1
106 15 133 23 4569 1
107 16 134 19 1628 1
108 70 125 15 1440 1
109 9 137 35 7016 1
110 17 137 35 7016 1
111 25 137 35 7016 1
112 15 133 27 1850 1
113 16 137 22 3513 1
114 15 132 16 1574 1
115 9 139 29 5963 1
116 8 129 8 892 1
117 16 134 29 5206 1
118 9 101 11 589 1
119 17 101 11 589 1
120 25 101 11 589 1
121 9 118 11 1746 1
122 17 118 11 1746 1
123 27 137 29 5118 1
124 12 101 9 1018 1
125 8 138 48 4347 1
126 15 138 48 4347 1
127 22 138 48 4347 1
128 26 140 12 2262 1
129 8 132 16 2863 1
130 11 139 33 2525 1
131 15 127 42 2862 1
132 10 118 32 3907 1
133 8 117 34 5729 1
134 9 137 39 6781 1
135 17 137 39 6781 1
136 64 140 44 4043 1
137 8 101 1 144 1
138 29 125 22 2247 1
139 57 125 22 2247 1
140 8 118 3 414 1
141 15 125 37 6308 1
142 9 134 10 895 1
143 9 117 26 4462 1
144 17 117 26 4462 1
145 25 117 26 4462 1
146 11 117 21 1633 1
147 21 117 21 1633 1
148 9 101 21 1999 1
149 9 117 5 432 1
150 9 137 12 1710 1
151 15 138 12 1990 1
152 9 134 7 1179 1
153 24 129 26 3116 1
154 21 121 8 1274 1
155 41 121 8 1274 1
156 9 129 45 7841 1
157 8 139 2 353 1
158 9 129 49 5376 1
159 17 129 49 5376 1
160 16 127 34 4892 1
161 15 139 28 3821 1
162 8 125 24 4300 1
163 9 129 33 4527 1
164 17 129 33 4527 1
165 9 132 17 1582 1
166 20 134 12 1438 1
167 8 125 30 2439 1
168 9 129 12 2071 1
169 17 129 12 2071 1
170 25 129 12 2071 1
171 33 129 12 2071 1
172 9 118 21 2350 1
173 15 132 27 4050 1
174 7 138 29 5407 1
175 9 101 25 2942 1
176 14 129 32 3800 1
177 10 140 25 3721 1
178 19 140 25 3721 1
179 28 140 25 3721 1
180 8 129 34 4351 1
181 15 129 34 4351 1
182 8 140 30 5115 1
183 8 117 18 3038 1
184 7 139 47 6010 1
185 1 134 4 543 1
186 9 121 28 3293 1
187 17 121 28 3293 1
188 25 121 28 3293 1
189 10 127 29 1956 1
190 9 118 11 1121 1
191 17 118 11 1121 1
192 8 129 26 1833 1
193 15 129 26 1833 1
194 20 132 26 4298 1
195 9 137 22 3911 1
196 17 137 22 3911 1
197 25 137 22 3911 1
198 33 137 22 3911 1
199 9 134 35 6827 1
200 10 121 21 2224 1
201 19 121 21 2224 1
202 10 141 8 985 1
203 19 141 8 985 1
204 9 138 14 2494 1
205 17 138 14 2494 1
206 25 138 14 2494 1
207 9 118 30 3370 1
208 17 118 30 3370 1
209 25 118 30 3370 1
210 33 118 30 3370 1
211 9 132 28 5142 1
212 17 132 28 5142 1
213 8 118 14 1743 1
214 15 118 14 1743 1
215 8 134 35 4573 1
216 8 117 17 1323 1
217 10 118 13 1092 1
218 23 118 13 1216 1
219 45 118 13 1216 1
220 9 121 25 4496 1
221 16 118 31 2930 1
222 8 141 16 3353 1
223 8 127 30 4005 1
224 24 140 33 5368 1
225 47 140 33 5368 1
226 10 121 17 1977 1
227 9 138 26 2108 1
228 17 138 26 2108 1
229 7 129 22 2438 1
230 13 129 22 2438 1
231 11 141 10 1080 1
232 21 141 10 1080 1
233 9 132 19 1541 1
234 20 139 17 1642 1
235 9 121 20 2086 1
236 17 121 20 2086 1
237 8 125 13 1941 1
238 8 134 12 938 1
239 15 134 12 938 1
240 22 134 12 938 1
241 29 134 12 938 1
242 36 134 12 938 1
243 43 134 12 938 1
244 16 138 9 1082 1
245 9 118 18 1091 1
246 17 118 18 1091 1
247 25 118 18 1091 1
248 9 140 19 3569 1
249 17 140 19 3569 1
250 15 138 9 1335 1
251 15 125 33 2426 1
252 29 125 33 2426 1
253 8 140 44 6612 1
254 9 138 3 217 1
255 64 134 39 3439 1
256 9 125 19 2167 1
257 17 125 19 2167 1
258 25 125 19 2167 1
259 9 117 28 1876 1
260 9 121 42 3339 1
261 17 121 42 3339 1
262 16 129 10 734 1
263 8 121 21 2335 1
264 6 137 34 4104 1
265 8 117 23 3485 1
266 27 118 23 3238 1
267 8 137 46 9206 1
268 12 125 22 2373 1
269 11 117 27 3659 1
270 8 139 24 3183 1
271 8 132 25 3689 1
272 9 141 29 2580 1
273 17 141 29 2580 1
274 25 141 29 2580 1
275 33 141 29 2580 1
276 5 101 28 3765 1
277 15 141 18 1725 1
278 9 127 35 4248 1
279 11 137 29 3545 1
280 16 133 1 108 1
281 31 133 1 108 1
282 46 133 1 108 1
283 11 101 7 612 1
284 21 101 7 612 1
285 9 121 36 3752 1
286 15 161 24 5598 1
287 12 154 38 8015 1
288 23 154 38 8015 1
289 34 154 38 8015 1
290 132 167 5 681 1
291 22 149 40 4065 1
292 43 149 40 4065 1
293 41 168 31 3312 1
294 16 161 22 2948 1
295 9 157 13 2624 1
296 12 151 16 3320 1
297 12 160 33 3570 1
298 22 170 22 2001 1
299 13 167 35 3372 1
300 25 167 35 3372 1
301 37 167 35 3372 1
302 49 167 35 3372 1
303 61 167 35 3372 1
304 8 165 27 5561 1
305 16 165 17 1471 1
306 8 147 14 2938 1
307 14 145 42 3750 1
308 27 145 42 3750 1
309 12 147 17 2687 1
310 23 147 17 2687 1
311 34 147 17 2687 1
312 45 147 17 2687 1
313 56 147 17 2687 1
314 67 147 17 2687 1
315 20 154 31 6260 1
316 22 145 40 4330 1
317 16 168 18 4031 1
318 8 158 26 5203 1
319 15 158 26 5203 1
320 16 147 35 4344 1
321 13 161 28 2848 1
322 25 161 28 2848 1
323 12 165 22 2325 1
324 13 165 29 4353 1
325 25 165 29 4353 1
326 37 165 29 4353 1
327 23 160 13 2954 1
328 15 158 22 3489 1
329 15 149 20 1627 1
330 8 151 29 3129 1
331 12 165 47 7319 1
332 15 160 10 1994 1
333 13 145 23 4722 1
334 17 147 23 4485 1
335 33 147 23 4485 1
336 8 165 41 8702 1
337 16 170 36 8545 1
338 10 167 27 6438 1
339 19 167 27 6438 1
340 9 169 47 10153 1
341 8 170 40 8652 1
342 16 170 13 2601 1
343 9 161 28 4402 1
344 28 161 47 8374 1
345 40 167 40 7347 1
346 12 154 23 4777 1
347 11 160 21 3757 1
348 21 160 21 3757 1
349 10 149 51 6177 1
350 19 149 51 6177 1
351 10 151 33 4659 1
352 15 161 41 4123 1
353 29 161 41 4123 1
354 14 169 41 8627 1
355 27 169 41 8627 1
356 9 165 23 4182 1
357 13 151 44 6054 1
358 12 170 35 5489 1
359 23 170 35 5489 1
360 34 170 35 5489 1
361 9 160 38 7573 1
362 17 160 38 7573 1
363 21 158 15 2426 1
364 13 154 36 6532 1
365 15 145 22 3053 1
366 15 167 11 1860 1
367 8 147 30 3134 1
368 11 147 8 1544 1
369 21 147 8 1544 1
370 10 168 46 9336 1
371 19 168 46 9336 1
372 11 167 43 3678 1
373 12 151 28 6282 1
374 23 151 28 6282 1
375 34 151 28 6282 1
376 16 167 19 2319 1
377 21 165 61 7792 1
378 13 165 1 136 1
379 12 151 36 6245 1
380 23 151 36 6245 1
381 12 160 28 5015 1
382 23 160 28 5015 1
383 34 160 28 5015 1
384 13 158 22 3657 1
385 25 158 22 3657 1
386 37 158 22 3657 1
387 49 169 28 6176 1
388 11 167 31 3794 1
389 21 167 31 3794 1
390 31 167 31 3794 1
391 30 165 33 3810 1
392 15 149 44 7784 1
393 13 165 40 7447 1
394 25 165 40 7447 1
395 12 168 21 4606 1
396 23 168 21 4606 1
397 34 168 21 4606 1
398 24 167 41 8455 1
399 9 169 21 3098 1
400 17 169 21 3098 1
401 15 147 28 4480 1
402 18 168 43 4319 1
403 14 157 28 4563 1
404 27 157 28 4563 1
405 8 161 64 10211 1
406 14 167 42 6032 1
407 11 147 17 2892 1
408 21 147 17 2892 1
409 13 147 26 2897 1
410 4 158 24 2637 1
411 3 169 35 8171 1
412 11 167 27 4578 1
413 8 169 38 4919 1
414 9 145 61 11510 1
415 15 160 36 7356 1
416 29 160 36 7356 1
417 10 157 8 1418 1
418 19 157 8 1418 1
419 28 157 8 1418 1
420 12 157 32 2623 1
421 23 157 32 2623 1
422 17 154 46 6247 1
423 12 151 20 3184 1
424 23 151 20 3184 1
425 34 151 20 3184 1
426 45 151 20 3184 1
427 22 158 62 9384 1
428 57 169 33 8015 1
429 11 160 37 8332 1
430 3 165 9 1717 1
431 7 151 13 2705 1
432 13 151 13 2705 1
433 14 161 2 360 1
434 8 157 14 2369 1
435 11 157 20 3209 1
436 13 169 29 3343 1
437 9 165 38 6429 1
438 12 158 33 4388 1
439 23 158 33 4388 1
440 7 149 25 2630 1
441 10 145 35 5987 1
442 9 145 50 10261 1
443 13 158 17 1352 1
444 25 158 17 1352 1
445 16 168 10 2073 1
446 12 160 33 4369 1
447 12 154 41 5513 1
448 12 145 34 6162 1
449 11 168 37 9308 1
450 21 168 37 9308 1
451 31 168 37 9308 1
452 22 157 24 2496 1
453 73 154 42 5682 1
454 17 170 25 5048 1
455 33 170 25 5048 1
456 9 157 22 4754 1
457 34 154 21 1823 1
458 67 154 21 1823 1
459 15 169 45 4180 1
460 9 149 37 7695 1
461 17 149 37 7695 1
462 13 170 16 1529 1
463 9 157 16 2861 1
464 13 168 44 8527 1
465 8 147 10 1646 1
466 15 147 10 1646 1
467 22 147 10 1646 1
468 13 154 17 3005 1
469 11 145 29 5499 1
470 15 161 36 4900 1
471 15 158 20 2295 1
472 8 167 21 2920 1
473 9 160 17 3416 1
474 14 147 13 2186 1
475 13 151 15 2574 1
476 17 147 40 6579 1
477 8 161 25 2459 1
478 7 165 52 11398 1
479 11 167 38 8663 1
480 14 158 8 1324 1
481 10 145 12 1503 1
482 15 169 16 2258 1
483 13 169 27 4962 1
484 13 157 29 4882 1
485 8 158 26 4454 1
486 12 158 21 4576 1
487 23 158 21 4576 1
488 10 158 16 3734 1
489 19 158 16 3734 1
490 28 158 16 3734 1
491 37 158 16 3734 1
492 13 169 32 3139 1
493 11 145 38 4943 1
494 12 168 29 4736 1
495 23 168 29 4736 1
496 13 157 42 7622 1
497 13 170 37 4645 1
498 17 168 8 1010 1
499 15 149 21 1593 1
500 9 149 7 1426 1
501 17 149 7 1426 1
502 8 167 38 7437 1
503 22 158 19 1667 1
504 7 154 26 4157 1
505 15 147 6 1185 1
506 29 147 6 1185 1
507 13 145 34 6489 1
508 25 145 34 6489 1
509 9 161 27 3597 1
510 8 147 12 1065 1
511 10 167 17 1598 1
512 22 167 9 820 1
513 43 167 9 820 1
514 15 160 26 2688 1
515 15 149 27 2242 1
516 16 147 21 4626 1
517 16 165 7 1281 1
518 7 168 9 2267 1
519 11 170 16 1753 1
520 14 149 25 2408 1
521 15 145 19 1833 1
522 20 151 7 592 1
523 15 158 24 2538 1
524 29 158 24 2538 1
525 17 158 32 7120 1
526 16 170 34 6749 1
527 17 151 18 1381 1
528 16 157 26 2763 1
529 11 161 25 2387 1
530 21 161 25 2387 1
531 30 154 12 1015 1
532 29 170 59 7190 1
533 17 170 11 1650 1
534 33 170 11 1650 1
535 8 169 36 5125 1
536 22 167 36 3965 1
537 12 161 24 4260 1
538 23 161 24 4260 1
539 8 165 28 2732 1
540 15 165 28 2732 1
541 11 145 20 3160 1
542 16 151 18 3747 1
543 7 160 18 2712 1
544 9 169 5 784 1
545 18 149 23 3167 1
546 16 151 23 3570 1
547 9 157 11 1093 1
548 17 157 11 1093 1
549 11 147 37 7169 1
550 10 167 38 6421 1
551 19 167 38 6421 1
552 13 165 50 10856 1
553 25 165 50 10856 1
554 8 167 7 652 1
555 22 169 24 5957 1
556 15 147 45 6046 1
557 8 160 53 9847 1
558 12 168 27 5685 1
559 22 151 40 7950 1
560 24 170 43 6828 1
561 11 169 29 7282 1
562 21 169 29 7282 1
563 31 169 29 7282 1
564 16 145 22 3786 1
565 16 170 21 4537 1
566 7 147 30 2537 1
567 13 170 41 8276 1
568 8 157 49 10469 1
569 87 158 33 5259 1
570 8 167 57 7096 1
571 18 165 53 12228 1
572 11 167 35 4908 1
573 2 161 12 2774 1
574 16 170 52 7675 1
575 31 170 52 7675 1
576 8 147 51 5462 1
577 12 167 38 5722 1
578 10 149 17 3474 1
579 19 149 17 3474 1
580 8 170 20 2278 1
581 19 160 37 4016 1
582 37 160 37 4016 1
583 7 168 20 3527 1
584 12 161 30 5303 1
585 23 161 30 5303 1
586 34 161 30 5303 1
587 15 175 10 1404 1
588 36 198 33 9005 1
589 72 207 14 2701 1
590 72 198 19 2783 1
591 17 184 14 1893 1
592 45 184 34 6109 1
593 57 207 14 1687 1
594 37 178 5 940 1
595 14 198 16 2270 1
596 26 210 10 2488 1
597 15 210 30 5423 1
598 15 183 20 1943 1
599 29 183 20 1943 1
600 44 197 46 8601 1
601 18 183 34 8382 1
602 57 184 19 1930 1
603 58 178 22 2247 1
604 43 197 9 1857 1
605 85 197 9 1857 1
606 127 197 9 1857 1
607 24 195 16 4035 1
608 40 183 25 4556 1
609 44 198 12 3374 1
610 36 184 14 1607 1
611 44 178 41 10326 1
612 13 175 11 1824 1
613 44 208 12 3491 1
614 8 211 29 5167 1
615 15 211 29 5167 1
616 22 211 29 5167 1
617 43 178 9 1528 1
618 44 210 11 3463 1
619 40 195 20 4085 1
620 45 207 26 3147 1
621 57 210 13 1581 1
622 20 207 14 3683 1
623 44 211 20 5038 1
624 44 178 27 4198 1
625 16 194 27 7293 1
626 58 211 14 1895 1
627 16 184 16 3021 1
628 31 197 23 4019 1
629 56 208 14 2303 1
630 15 197 16 4287 1
631 36 175 9 1994 1
632 16 211 31 9666 1
633 31 211 31 9666 1
634 37 207 16 1659 1
635 37 208 23 6503 1
636 13 198 11 2168 1
637 58 195 39 4452 1
638 16 208 17 4877 1
639 58 198 20 4075 1
640 37 178 16 2567 1
641 73 178 16 2567 1
642 45 208 21 5941 1
643 58 175 33 4244 1
644 44 210 34 10605 1
645 15 183 41 9247 1
646 44 210 25 3044 1
647 87 210 25 3044 1
648 130 210 25 3044 1
649 18 178 18 3297 1
650 36 207 34 4402 1
651 56 210 22 6785 1
652 33 175 18 2920 1
653 34 178 10 1591 1
654 14 194 14 3265 1
655 27 194 14 3265 1
656 57 195 31 8588 1
657 56 197 23 3343 1
658 111 197 23 3343 1
659 40 211 19 5445 1
660 57 207 16 2978 1
661 113 207 16 2978 1
662 44 183 11 2424 1
663 87 183 11 2424 1
664 130 183 11 2424 1
665 173 183 11 2424 1
666 44 195 17 4369 1
667 45 197 11 2944 1
668 89 197 11 2944 1
669 40 198 23 5470 1
670 43 175 37 5807 1
671 43 184 17 4101 1
672 16 211 23 6558 1
673 19 198 31 3622 1
674 37 198 31 3622 1
675 45 178 9 2355 1
676 43 184 10 2061 1
677 31 197 18 4163 1
678 56 195 20 2911 1
679 27 208 15 1641 1
680 44 198 24 4911 1
681 34 276 42 9034 1
682 16 268 20 7368 1
683 30 272 26 6832 1
684 59 272 26 6832 1
685 37 264 14 4347 1
686 152 260 38 7362 1
687 50 240 13 2018 1
688 56 228 19 2573 1
689 58 274 24 7728 1
690 36 228 22 4530 1
691 36 265 18 4958 1
692 36 277 47 16843 1
693 71 277 47 16843 1
694 106 277 47 16843 1
695 30 240 16 2360 1
696 58 277 17 2686 1
697 28 254 31 9886 1
698 92 239 19 6123 1
699 36 240 21 7463 1
700 36 272 18 2810 1
701 71 272 18 2810 1
702 41 216 28 3767 1
703 36 276 18 5687 1
704 37 240 24 4071 1
705 57 243 25 5393 1
706 28 221 23 3787 1
707 89 265 31 6787 1
708 58 239 33 7130 1
709 36 264 35 4705 1
710 50 267 24 9542 1
711 62 228 25 7861 1
712 36 257 27 7307 1
713 58 254 15 5120 1
714 35 265 30 10358 1
715 35 255 28 9091 1
716 69 255 28 9091 1
717 57 259 11 2156 1
718 37 276 58 12194 1
719 30 272 20 7364 1
720 57 262 27 9202 1
721 37 255 31 4271 1
722 56 222 13 4003 1
723 47 264 13 4065 1
724 36 268 26 9453 1
725 37 275 18 7220 1
726 94 222 18 3500 1
727 37 240 24 3674 1
728 28 276 30 5360 1
729 57 254 23 5673 1
730 113 254 23 5673 1
731 17 220 14 2482 1
732 57 267 22 3417 1
733 64 254 18 3737 1
734 51 258 21 5754 1
735 37 260 18 4245 1
736 73 260 18 4245 1
737 109 260 18 4245 1
738 36 275 22 7553 1
739 15 221 18 5827 1
740 64 222 25 6997 1
741 58 274 15 3423 1
742 51 221 17 4356 1
743 108 255 20 5336 1
744 16 254 23 3138 1
745 16 274 20 4809 1
746 57 254 18 5892 1
747 31 272 54 8499 1
748 30 221 32 8636 1
749 57 264 31 11567 1
750 57 240 19 4628 1
751 113 240 19 4628 1
752 51 262 40 12151 1
753 58 274 20 3002 1
754 30 267 24 9440 1
755 37 243 35 7811 1
756 57 267 44 6154 1
757 57 275 36 5678 1
758 113 275 36 5678 1
759 169 275 36 5678 1
760 16 265 11 2982 1
761 16 268 26 4651 1
762 30 259 25 9473 1
763 58 240 34 7422 1
764 16 261 26 8955 1
765 37 275 35 12614 1
766 58 259 36 12168 1
767 36 262 37 5343 1
768 51 230 28 6278 1
769 51 261 28 9218 1
770 16 279 29 11053 1
771 36 276 28 8358 1
772 50 257 39 8347 1
773 29 260 30 8496 1
774 30 276 20 7445 1
775 91 221 11 3480 1
776 57 324 46 12061 1
777 36 300 30 7182 1
778 57 292 38 7052 1
779 113 292 38 7052 1
780 37 336 43 15445 1
781 36 338 29 6357 1
782 78 299 31 7080 1
783 155 299 31 7080 1
784 232 299 31 7080 1
785 36 323 41 12276 1
786 79 286 31 11551 1
787 56 286 28 6785 1
788 56 324 27 6047 1
789 111 324 27 6047 1
790 166 324 27 6047 1
791 59 293 34 5596 1
792 11 293 30 10395 1
793 61 300 23 4158 1
794 57 335 20 8203 1
795 79 335 30 8185 1
796 61 337 37 6460 1
797 63 338 30 14186 1
798 46 282 14 2263 1
799 91 282 14 2263 1
800 33 294 26 7909 1
801 66 294 27 4650 1
802 58 300 47 19030 1
803 115 300 47 19030 1
804 60 332 38 17199 1
805 57 293 30 8734 1
806 66 316 48 20414 1
807 57 293 54 12141 1
808 56 324 41 17091 1
809 79 292 37 14088 1
810 157 292 37 14088 1
811 29 336 35 9152 1
812 79 292 29 7764 1
813 69 316 31 10355 1
814 57 335 34 5892 1
815 113 335 34 5892 1
816 77 294 23 7917 1
817 58 303 24 5021 1
818 57 299 24 3606 1
819 113 299 24 3606 1
820 169 299 24 3606 1
821 225 299 24 3606 1
822 57 294 32 12477 1
823 57 299 17 7545 1
824 79 323 23 10626 1
825 30 337 42 13048 1
826 73 305 32 7610 1
827 58 293 22 4574 1
828 115 293 22 4574 1
829 57 281 31 8913 1
830 113 281 31 8913 1
831 169 281 31 8913 1
832 59 332 38 9910 1
833 58 337 25 5928 1
834 27 282 34 9542 1
835 80 334 28 10352 1
836 58 293 26 10593 1
837 56 282 43 9804 1
838 111 282 43 9804 1
839 58 335 29 14480 1
840 33 338 55 9301 1
841 6 335 46 10303 1
842 11 335 46 10303 1
843 57 333 32 6647 1
844 113 333 32 6647 1
845 58 281 23 4031 1
846 33 294 39 13822 1
847 57 323 45 19952 1
848 113 323 45 19952 1
849 169 323 45 19952 1
850 37 281 25 8412 1
851 56 282 31 11871 1
852 77 305 38 6307 1
853 29 282 30 5524 1
854 57 334 36 11440 1
855 59 324 39 6648 1
856 79 286 45 11088 1
857 57 338 40 8296 1
858 58 335 32 16078 1
859 115 335 32 16078 1
860 37 281 30 9853 1
861 58 292 26 10052 1
862 60 316 35 16334 1
863 119 316 35 16334 1
864 78 335 46 21229 1
865 57 324 31 10281 1
866 113 324 31 10281 1
867 57 335 32 5893 1
868 113 335 32 5893 1
869 58 316 12 2557 1
870 115 316 12 2557 1
871 172 316 12 2557 1
872 229 316 12 2557 1
873 58 304 39 8162 1
874 115 304 39 8162 1
875 25 336 38 12528 1
876 30 336 28 10294 1
877 69 335 51 12873 1
878 36 335 29 8680 1
879 57 299 37 15438 1
880 113 299 37 15438 1
881 169 299 37 15438 1
882 78 305 15 4420 1
883 79 364 40 10767 1
884 71 349 41 13122 1
885 55 365 64 20438 1
886 98 369 41 12009 1
887 78 369 61 29821 1
888 72 369 27 7753 1
889 143 369 27 7753 1
890 78 363 44 11838 1
891 155 363 44 11838 1
892 78 349 48 16623 1
893 79 363 44 11629 1
894 78 349 37 6784 1
895 155 349 37 6784 1
896 71 363 31 15916 1
897 85 368 28 8664 1
898 91 365 33 10599 1
899 70 363 46 13144 1
900 139 363 46 13144 1
901 208 363 46 13144 1
902 71 349 51 10045 1
903 73 349 36 16929 1
904 145 349 36 16929 1
905 59 363 49 17157 1
906 72 368 34 6262 1
907 79 364 36 14160 1
908 157 364 36 14160 1
909 67 363 54 12364 1
910 78 369 28 6330 1
911 71 369 50 22255 1
912 141 369 50 22255 1
913 211 369 50 22255 1
914 79 369 30 16432 1
915 72 366 33 8852 1
916 91 364 62 11779 1
917 74 364 40 14301 1
918 79 369 57 24143 1
919 73 365 56 27211 1
920 71 369 49 26235 1
921 86 363 34 11128 1
922 171 363 34 11128 1
923 73 364 54 14397 1
924 145 364 54 14397 1
925 71 368 63 25398 1
926 141 368 63 25398 1
927 86 366 30 9515 1
928 125 364 71 13324 1
929 249 364 71 13324 1
930 77 364 41 10582 1
931 71 368 31 5917 1
932 90 369 66 12319 1
933 71 364 42 22551 1
934 71 369 41 15874 1
935 141 369 41 15874 1
936 71 368 41 9667 1
937 79 368 36 19151 1
938 91 364 33 12275 1
939 71 369 31 6203 1
940 71 349 40 9904 1
941 85 364 41 8351 1
942 70 365 55 17400 1
943 85 369 41 19410 1
944 77 366 79 19968 1
945 70 363 53 10837 1
946 86 365 60 19575 1
947 78 363 40 7581 1
948 155 363 40 7581 1
949 85 366 67 17837 1
950 78 368 55 14468 1
951 79 364 24 9702 1
952 78 368 43 19907 1
953 70 364 47 13154 1
954 103 369 28 12785 1
955 47 369 52 19471 1
956 87 369 27 6662 1
957 72 363 41 18960 1
958 143 363 41 18960 1
959 56 366 27 13479 1
960 66 363 41 12948 1
961 86 369 63 19034 1
962 71 364 30 13937 1
963 141 364 30 13937 1
964 85 363 27 5705 1
965 69 363 35 13217 1
966 132 369 41 13165 1
967 263 369 41 13165 1
968 85 363 29 13353 1
969 99 368 51 17908 1
970 84 369 18 9320 1
971 22 364 53 12509 1
972 70 368 35 14201 1
973 78 365 58 22417 1
974 91 368 88 28262 1
975 163 365 42 21921 1
976 87 363 49 23982 1
977 173 363 49 23982 1
978 71 364 44 15732 1
979 70 364 53 18532 1
980 62 366 44 16880 1
981 73 368 21 6544 1
982 145 368 21 6544 1
983 70 364 50 23264 1
984 139 364 50 23264 1
985 76 363 57 14441 1
986 63 364 30 13033 1
987 70 369 48 25229 1
988 72 363 37 18748 1
989 79 364 52 12521 1
990 80 366 50 22197 1
991 77 363 77 21866 1
992 91 366 30 7892 1
993 64 365 31 9980 1
994 67 368 41 12316 1
995 78 365 45 15629 1
996 155 365 45 15629 1
997 66 368 45 10135 1
998 79 363 65 15124 1
999 79 369 64 31897 1
1000 149 363 40 15139 1
1001 71 368 83 18731 1
1002 72 366 65 35087 1
1003 143 366 65 35087 1
1004 73 363 69 27713 1
1005 145 363 69 27713 1
1006 79 349 31 6310 1
1007 87 363 39 18920 1
1008 73 369 37 20380 1
1009 70 369 26 9726 1
1010 139 369 26 9726 1
1011 208 369 26 9726 1
1012 80 349 35 7949 1
1013 87 369 35 16497 1
1014 171 368 46 12667 1
1015 53 369 56 26053 1
1016 90 400 38 16021 1
1017 179 400 38 16021 1
1018 268 400 38 16021 1
1019 93 396 72 28770 1
1020 93 400 48 22600 1
1021 185 400 48 22600 1
1022 277 400 48 22600 1
1023 92 399 63 29832 1
1024 84 400 54 16767 1
1025 89 396 54 17308 1
1026 177 396 54 17308 1
1027 79 400 57 24977 1
1028 157 400 57 24977 1
1029 235 400 57 24977 1
1030 313 400 57 24977 1
1031 92 399 61 22566 1
1032 100 400 66 35641 1
1033 90 397 56 16853 1
1034 93 400 50 16361 1
1035 93 400 45 25922 1
1036 84 396 51 28090 1
1037 167 396 51 28090 1
16
500 500 500 500 425 425 400 400 440 500 500 400 500 500 500 550 