1037
1 10 132 25 1894 1
2 19 132 25 1894 1
3 28 132 25 1894 1
4 37 132 25 1894 1
5 46 132 25 1894 1
6 26 127 34 3608 1
7 51 127 34 3608 1
8 76 127 34 3608 1
9 25 129 28 1930 1
10 11 117 27 4458 1
11 8 137 12 861 1
12 16 125 4 301 1
13 10 117 46 7099 1
14 21 117 26 2401 1
15 8 117 21 2890 1
16 15 117 21 2890 1
17 6 129 21 2418 1
18 28 101 7 441 1
19 55 101 7 441 1
20 13 127 27 3630 1
21 8 138 34 6444 1
22 18 140 11 1104 1
23 9 117 23 2669 1
24 17 117 23 2669 1
25 6 139 35 4012 1
26 11 139 35 4012 1
27 16 139 35 4012 1
28 21 139 35 4012 1
29 8 134 33 3478 1
30 9 132 23 1536 1
31 17 132 23 1536 1
32 26 129 18 2126 1
33 8 137 26 2339 1
34 17 138 33 6318 1
35 8 121 12 1022 1
36 8 121 26 2879 1
37 15 121 26 2879 1
38 9 101 19 1410 1
39 8 125 14 1061 1
40 8 125 31 2627 1
41 12 133 22 2513 1
42 12 117 8 926 1
43 8 134 29 4862 1
44 10 127 7 1166 1
45 7 118 12 1049 1
46 10 134 23 1738 1
47 9 139 34 4111 1
48 17 139 34 4111 1
49 25 139 34 4111 1
50 4 121 23 2168 1
51 11 133 41 7197 1
52 9 137 25 2601 1
53 17 137 25 2601 1
54 25 137 25 2601 1
55 12 101 15 1305 1
56 9 141 14 1665 1
57 8 129 21 3515 1
58 8 125 31 5458 1
59 15 125 31 5458 1
60 22 125 31 5458 1
61 8 138 25 4350 1
62 15 138 25 4350 1
63 9 125 47 8452 1
64 17 125 47 8452 1
65 21 139 21 3871 1
66 8 129 8 1279 1
67 15 129 8 1279 1
68 22 129 8 1279 1
69 29 129 8 1279 1
70 6 117 1 128 1
71 11 117 1 128 1
72 76 129 34 3254 1
73 9 129 26 2189 1
74 10 139 9 1070 1
75 12 141 16 2683 1
76 23 141 16 2683 1
77 7 129 65 10584 1
78 9 117 10 1214 1
79 9 121 35 5147 1
80 17 121 35 5147 1
81 25 121 35 5147 1
82 8 117 10 1300 1
83 15 117 10 1300 1
84 21 141 7 739 1
85 30 133 32 2183 1
86 9 139 9 1533 1
87 17 139 9 1533 1
88 16 117 16 2497 1
89 9 121 19 1825 1
90 17 121 19 1825 1
91 25 121 19 1825 1
92 33 121 19 1825 1
93 41 121 19 1825 1
94 10 133 31 5417 1
95 9 125 7 606 1
96 17 125 7 606 1
97 8 141 24 4738 1
98 6 138 1 97 1
99 14 117 25 2465 1
100 9 118 14 1454 1
101 25 117 19 2786 1
102 9 117 29 3197 1
103 17 117 29 3197 1
104 3 121 27 3571 1
105 12 140 45 4974 1
106 23 140 45 4974 1
107 34 140 45 4974 1
108 29 129 32 4404 1
109 8 127 1 172 1
110 8 117 12 2042 1
111 15 117 12 2042 1
112 9 132 33 2705 1
113 8 134 17 3284 1
114 15 134 17 3284 1
115 22 134 17 3284 1
116 14 101 2 106 1
117 27 101 2 106 1
118 8 138 17 2445 1
119 15 138 17 2445 1
120 9 125 18 2168 1
121 21 134 40 3223 1
122 16 139 28 3806 1
123 18 132 18 2301 1
124 8 117 26 3485 1
125 9 127 66 9383 1
126 10 138 14 1645 1
127 19 138 14 1645 1
128 9 127 12 2215 1
129 17 127 12 2215 1
130 25 127 12 2215 1
131 7 137 49 7169 1
132 8 129 31 5474 1
133 15 129 31 5474 1
134 8 121 10 1698 1
135 15 121 10 1698 1
136 19 125 28 4889 1
137 3 138 12 1278 1
138 9 101 40 2317 1
139 17 101 40 2317 1
140 8 141 10 1598 1
141 15 141 10 1598 1
142 11 133 34 3042 1
143 21 133 34 3042 1
144 11 125 19 2331 1
145 21 125 19 2331 1
146 4 133 21 3752 1
147 24 129 29 3012 1
148 13 127 15 1929 1
149 8 133 20 2322 1
150 15 133 20 2322 1
151 22 133 20 2322 1
152 15 121 28 1867 1
153 8 129 8 1013 1
154 6 133 16 3032 1
155 11 133 16 3032 1
156 16 133 16 3032 1
157 8 132 38 5297 1
158 15 132 38 5297 1
159 22 132 38 5297 1
160 16 101 12 637 1
161 14 132 18 3186 1
162 13 139 75 5432 1
163 25 117 12 2009 1
164 9 133 5 440 1
165 17 133 5 440 1
166 15 127 8 1434 1
167 26 127 19 1533 1
168 16 129 24 1846 1
169 9 101 6 338 1
170 9 139 67 6094 1
171 15 101 45 5977 1
172 8 140 67 5811 1
173 15 140 67 5811 1
174 9 101 26 3258 1
175 8 132 12 1730 1
176 24 121 7 872 1
177 8 129 49 4568 1
178 15 129 49 4568 1
179 19 129 19 2226 1
180 3 138 43 7715 1
181 9 141 15 2477 1
182 16 140 37 4812 1
183 15 138 34 4151 1
184 29 138 34 4151 1
185 9 138 25 3728 1
186 17 138 25 3728 1
187 25 138 25 3728 1
188 33 138 25 3728 1
189 15 138 26 2749 1
190 23 127 11 802 1
191 9 125 19 1413 1
192 8 129 28 4953 1
193 9 118 19 2648 1
194 7 138 23 2218 1
195 9 117 23 3422 1
196 25 140 27 2787 1
197 5 118 19 2592 1
198 9 118 19 2592 1
199 16 121 17 1538 1
200 9 117 30 3077 1
201 17 117 30 3077 1
202 25 117 30 3077 1
203 33 117 30 3077 1
204 15 117 20 3402 1
205 8 129 36 3542 1
206 9 125 32 4581 1
207 17 125 32 4581 1
208 15 134 42 5980 1
209 8 117 16 1666 1
210 9 121 11 1908 1
211 8 129 15 2333 1
212 17 101 11 561 1
213 8 134 26 3308 1
214 10 138 26 4017 1
215 11 101 10 542 1
216 15 137 20 3347 1
217 9 140 23 4266 1
218 25 125 20 2880 1
219 14 101 21 1547 1
220 15 132 30 4805 1
221 29 132 30 4805 1
222 16 118 22 2122 1
223 31 118 22 2122 1
224 10 138 27 5397 1
225 9 125 7 610 1
226 17 125 7 610 1
227 25 125 7 610 1
228 8 117 4 566 1
229 21 118 34 2580 1
230 6 134 18 2613 1
231 11 134 18 2613 1
232 16 134 18 2613 1
233 83 133 22 3301 1
234 173 101 13 719 1
235 17 125 31 5198 1
236 10 137 43 3029 1
237 9 138 52 7335 1
238 17 138 52 7335 1
239 13 139 18 3149 1
240 25 139 18 3149 1
241 9 117 29 4137 1
242 17 117 29 4137 1
243 8 121 15 2498 1
244 8 125 20 3564 1
245 8 133 17 1244 1
246 15 133 17 1244 1
247 22 133 17 1244 1
248 29 133 17 1244 1
249 36 133 17 1244 1
250 21 139 14 2758 1
251 9 140 49 9250 1
252 17 140 49 9250 1
253 9 137 31 4536 1
254 8 140 34 5984 1
255 13 139 47 5517 1
256 25 139 47 5517 1
257 37 139 47 5517 1
258 15 125 11 1554 1
259 9 133 29 5497 1
260 14 101 8 500 1
261 9 133 49 6302 1
262 17 133 49 6302 1
263 25 133 49 6302 1
264 33 133 49 6302 1
265 41 133 49 6302 1
266 13 117 23 2525 1
267 8 134 21 4171 1
268 15 134 21 4171 1
269 16 141 30 6157 1
270 6 137 32 4631 1
271 8 132 10 1443 1
272 15 132 10 1443 1
273 22 132 10 1443 1
274 9 141 37 6465 1
275 17 141 37 6465 1
276 25 141 37 6465 1
277 33 141 37 6465 1
278 41 141 37 6465 1
279 9 121 3 274 1
280 17 121 3 274 1
281 25 121 3 274 1
282 9 117 8 865 1
283 17 117 8 865 1
284 25 117 8 865 1
285 33 117 8 865 1
286 11 151 18 3963 1
287 8 154 32 7122 1
288 27 168 38 4249 1
289 12 147 51 5653 1
290 9 168 17 1772 1
291 10 165 32 7547 1
292 12 158 25 2730 1
293 13 147 11 2245 1
294 25 147 11 2245 1
295 37 147 11 2245 1
296 15 147 43 8211 1
297 16 160 33 7733 1
298 9 147 22 4433 1
299 17 147 22 4433 1
300 25 147 22 4433 1
301 25 158 29 6199 1
302 12 161 20 2516 1
303 8 170 1 181 1
304 8 157 26 3289 1
305 11 149 34 5299 1
306 21 149 34 5299 1
307 14 165 36 8184 1
308 12 170 44 4259 1
309 23 170 44 4259 1
310 14 145 34 3668 1
311 9 145 9 1432 1
312 11 160 41 8522 1
313 21 160 41 8522 1
314 11 167 17 2017 1
315 8 165 33 3085 1
316 12 149 15 3318 1
317 23 149 15 3318 1
318 16 170 5 756 1
319 15 170 43 9796 1
320 9 149 43 5529 1
321 11 149 15 2258 1
322 8 158 33 7013 1
323 8 160 37 3509 1
324 9 160 37 8580 1
325 11 169 29 3830 1
326 21 169 29 3830 1
327 25 145 4 779 1
328 17 157 23 2068 1
329 10 160 16 3430 1
330 19 160 16 3430 1
331 23 161 31 3657 1
332 7 151 9 1601 1
333 22 165 27 3941 1
334 43 165 27 3941 1
335 7 170 29 3807 1
336 13 170 29 3807 1
337 16 151 29 4232 1
338 52 151 22 3591 1
339 4 160 18 2687 1
340 16 157 24 4940 1
341 8 160 23 4072 1
342 47 145 39 7521 1
343 15 161 31 4850 1
344 29 161 31 4850 1
345 23 161 61 12245 1
346 12 151 8 629 1
347 9 168 38 7972 1
348 10 161 19 3664 1
349 19 161 19 3664 1
350 14 149 38 5832 1
351 8 145 35 5453 1
352 15 160 30 2922 1
353 17 170 46 7947 1
354 165 168 64 6459 1
355 12 151 40 7793 1
356 13 168 32 4635 1
357 13 161 17 3554 1
358 10 165 18 2729 1
359 11 151 23 4020 1
360 38 161 35 6879 1
361 75 161 35 6879 1
362 12 170 11 1081 1
363 23 170 11 1081 1
364 34 170 11 1081 1
365 45 170 11 1081 1
366 12 168 46 7693 1
367 10 149 23 4296 1
368 11 154 46 6427 1
369 11 145 33 6729 1
370 12 158 26 6075 1
371 15 154 18 1595 1
372 6 165 9 1930 1
373 13 157 21 3671 1
374 12 161 43 9736 1
375 9 158 9 845 1
376 14 147 27 3834 1
377 18 160 21 4565 1
378 35 160 21 4565 1
379 13 147 23 2741 1
380 23 170 27 5371 1
381 9 168 17 3506 1
382 20 145 1 78 1
383 25 158 13 1936 1
384 11 158 38 8565 1
385 15 149 56 11928 1
386 11 145 32 3136 1
387 21 145 32 3136 1
388 45 147 47 3609 1
389 9 149 33 5862 1
390 38 145 31 6062 1
391 106 168 20 3503 1
392 8 151 45 5543 1
393 14 158 13 2037 1
394 92 157 26 4384 1
395 16 157 28 2771 1
396 20 145 3 304 1
397 12 168 28 4938 1
398 23 168 28 4938 1
399 11 149 25 4862 1
400 14 149 41 5137 1
401 8 145 23 4394 1
402 14 167 20 3193 1
403 8 165 36 6285 1
404 22 145 28 3353 1
405 13 157 13 2156 1
406 10 147 7 774 1
407 7 151 40 3421 1
408 9 160 16 2559 1
409 13 169 34 8111 1
410 11 157 25 2183 1
411 48 147 44 4835 1
412 12 169 29 6547 1
413 8 145 14 1330 1
414 23 151 34 4466 1
415 9 154 29 5432 1
416 17 154 29 5432 1
417 15 158 4 909 1
418 11 154 38 5369 1
419 16 149 45 8875 1
420 17 161 19 3299 1
421 16 154 6 1296 1
422 49 165 29 7138 1
423 13 167 35 4782 1
424 7 157 39 7020 1
425 8 158 7 612 1
426 10 154 27 5879 1
427 19 154 27 5879 1
428 9 157 25 4779 1
429 11 147 31 4792 1
430 21 147 31 4792 1
431 31 147 31 4792 1
432 12 145 17 1423 1
433 12 147 33 6954 1
434 11 170 62 9891 1
435 16 169 17 1772 1
436 31 169 17 1772 1
437 15 160 19 4205 1
438 9 169 8 1938 1
439 24 158 61 12922 1
440 22 147 35 4309 1
441 14 170 48 11464 1
442 27 170 48 11464 1
443 40 170 48 11464 1
444 53 170 48 11464 1
445 13 149 8 1579 1
446 15 168 50 8538 1
447 29 168 50 8538 1
448 8 168 13 2110 1
449 21 169 38 6264 1
450 3 149 35 6972 1
451 8 154 20 3342 1
452 16 169 22 4222 1
453 10 167 33 6960 1
454 7 169 19 4096 1
455 17 145 40 3499 1
456 22 147 26 2504 1
457 11 169 33 3987 1
458 3 145 38 8139 1
459 9 145 38 4052 1
460 17 145 38 4052 1
461 11 169 25 2225 1
462 12 149 31 5222 1
463 11 145 40 3582 1
464 21 145 40 3582 1
465 31 145 40 3582 1
466 41 145 40 3582 1
467 13 149 2 171 1
468 24 151 14 1676 1
469 8 149 12 1589 1
470 3 147 47 8180 1
471 22 161 21 5043 1
472 11 145 34 2936 1
473 12 151 36 5435 1
474 13 161 76 14148 1
475 9 151 37 3077 1
476 15 145 24 4301 1
477 29 145 24 4301 1
478 9 170 18 3312 1
479 8 145 30 4261 1
480 15 145 30 4261 1
481 23 154 56 4804 1
482 15 160 18 3534 1
483 2 158 25 3400 1
484 34 154 24 2750 1
485 15 165 34 6535 1
486 11 149 27 4443 1
487 21 149 27 4443 1
488 31 149 27 4443 1
489 41 149 27 4443 1
490 15 151 48 7206 1
491 16 147 22 3677 1
492 15 147 29 2339 1
493 13 157 21 2550 1
494 15 168 55 11783 1
495 13 169 20 2094 1
496 16 158 28 5512 1
497 12 168 56 11212 1
498 23 168 56 11212 1
499 9 158 39 4819 1
500 12 151 28 3786 1
501 23 151 28 3786 1
502 12 169 51 6211 1
503 23 169 51 6211 1
504 12 160 33 4296 1
505 23 160 33 4296 1
506 15 168 40 6522 1
507 29 168 40 6522 1
508 43 168 40 6522 1
509 13 167 30 5719 1
510 25 167 30 5719 1
511 15 154 20 2233 1
512 12 154 61 9393 1
513 7 145 42 5522 1
514 12 154 39 7048 1
515 16 160 37 8751 1
516 24 168 10 2511 1
517 14 145 27 3926 1
518 27 145 27 3926 1
519 22 170 45 5163 1
520 2 145 5 994 1
521 23 169 41 8988 1
522 13 167 16 2827 1
523 25 167 16 2827 1
524 37 167 16 2827 1
525 11 170 31 4753 1
526 21 170 31 4753 1
527 12 147 45 6793 1
528 23 147 45 6793 1
529 9 167 32 6088 1
530 12 170 35 8918 1
531 23 170 35 8918 1
532 34 170 35 8918 1
533 45 170 35 8918 1
534 13 170 26 4348 1
535 25 170 26 4348 1
536 18 154 50 7791 1
537 14 168 52 5860 1
538 27 168 52 5860 1
539 10 160 63 8411 1
540 19 160 63 8411 1
541 15 160 40 9022 1
542 9 165 20 2145 1
543 13 170 13 2887 1
544 25 170 13 2887 1
545 11 170 52 13113 1
546 24 165 26 3786 1
547 10 169 26 5291 1
548 9 168 19 4187 1
549 17 165 65 5503 1
550 9 168 43 5973 1
551 17 168 43 5973 1
552 12 154 20 3255 1
553 7 158 45 8376 1
554 13 158 45 8376 1
555 19 158 45 8376 1
556 15 161 33 5284 1
557 8 170 23 5840 1
558 17 161 32 4075 1
559 8 161 28 2981 1
560 16 169 35 8322 1
561 10 168 28 6474 1
562 12 157 53 6422 1
563 23 157 53 6422 1
564 8 170 33 6206 1
565 13 158 14 3023 1
566 25 158 14 3023 1
567 37 158 14 3023 1
568 9 170 21 5070 1
569 9 165 31 3255 1
570 10 170 33 5955 1
571 8 169 19 3044 1
572 15 169 19 3044 1
573 22 169 19 3044 1
574 12 151 22 2020 1
575 9 169 54 7216 1
576 17 169 54 7216 1
577 25 169 54 7216 1
578 8 165 29 6146 1
579 12 169 7 964 1
580 23 169 7 964 1
581 34 169 7 964 1
582 45 169 7 964 1
583 56 169 7 964 1
584 67 169 7 964 1
585 78 169 7 964 1
586 13 160 52 5443 1
587 44 197 15 3605 1
588 57 194 12 1605 1
589 23 211 12 1561 1
590 36 194 38 8452 1
591 16 175 14 2450 1
592 44 194 10 2343 1
593 87 194 10 2343 1
594 130 194 10 2343 1
595 19 175 14 3387 1
596 37 175 14 3387 1
597 44 178 8 809 1
598 87 178 8 809 1
599 130 178 8 809 1
600 5 178 8 1735 1
601 45 210 12 3115 1
602 19 210 21 5993 1
603 30 208 23 6533 1
604 36 197 32 6541 1
605 43 208 20 4323 1
606 85 208 20 4323 1
607 44 195 7 1987 1
608 87 195 7 1987 1
609 43 211 35 6304 1
610 40 198 24 7002 1
611 79 198 24 7002 1
612 37 194 9 986 1
613 44 184 33 5904 1
614 102 183 9 1276 1
615 203 183 9 1276 1
616 16 198 38 11007 1
617 14 184 11 2717 1
618 42 195 15 3788 1
619 44 210 9 2079 1
620 87 210 9 2079 1
621 37 198 15 1866 1
622 45 208 34 4541 1
623 36 195 30 6464 1
624 26 208 20 4035 1
625 41 184 14 1497 1
626 41 178 21 2375 1
627 18 178 13 2364 1
628 16 210 21 5784 1
629 58 194 16 1601 1
630 57 184 20 2016 1
631 21 210 18 4171 1
632 62 184 10 1652 1
633 35 208 24 4157 1
634 44 178 16 3372 1
635 87 178 16 3372 1
636 44 207 48 5143 1
637 58 208 20 6039 1
638 44 211 32 7812 1
639 87 211 32 7812 1
640 59 194 13 3718 1
641 44 197 8 857 1
642 87 197 8 857 1
643 130 197 8 857 1
644 173 197 8 857 1
645 216 197 8 857 1
646 259 197 8 857 1
647 302 197 8 857 1
648 345 197 8 857 1
649 388 197 8 857 1
650 57 211 15 2698 1
651 39 208 19 2314 1
652 44 175 18 4325 1
653 87 175 18 4325 1
654 130 175 18 4325 1
655 19 211 37 5164 1
656 43 198 22 5316 1
657 85 198 22 5316 1
658 26 195 40 5155 1
659 51 195 40 5155 1
660 43 207 17 3839 1
661 17 178 13 2560 1
662 45 208 10 3028 1
663 89 208 10 3028 1
664 133 208 10 3028 1
665 177 208 10 3028 1
666 57 207 13 2744 1
667 17 198 15 4340 1
668 44 175 24 5238 1
669 43 178 15 1525 1
670 16 211 22 5801 1
671 36 198 28 6708 1
672 58 183 13 2891 1
673 36 195 7 1590 1
674 15 183 51 7392 1
675 44 178 27 3582 1
676 43 175 19 3266 1
677 15 211 26 5896 1
678 15 178 12 1309 1
679 44 178 11 2770 1
680 41 208 27 5154 1
681 36 276 19 5493 1
682 57 230 23 7832 1
683 65 267 15 2958 1
684 51 228 19 4926 1
685 57 274 25 9364 1
686 36 274 16 2476 1
687 37 228 27 4346 1
688 73 228 27 4346 1
689 109 228 27 4346 1
690 37 222 31 7421 1
691 35 216 17 4624 1
692 69 216 17 4624 1
693 103 216 17 4624 1
694 58 216 18 2035 1
695 36 239 20 4337 1
696 58 230 11 1420 1
697 36 221 24 3511 1
698 43 265 20 3355 1
699 6 239 21 6021 1
700 50 268 30 11907 1
701 36 267 18 6228 1
702 50 255 25 4377 1
703 57 239 24 7136 1
704 57 276 20 5659 1
705 36 243 20 6136 1
706 71 243 20 6136 1
707 36 274 20 3158 1
708 71 274 20 3158 1
709 58 275 24 4535 1
710 58 265 32 9435 1
711 29 254 42 5467 1
712 50 268 25 9280 1
713 57 239 15 2438 1
714 29 221 16 4618 1
715 57 221 16 4618 1
716 50 222 15 3429 1
717 37 267 21 6309 1
718 37 258 35 7706 1
719 51 228 25 7734 1
720 17 262 16 2195 1
721 58 243 19 6683 1
722 51 274 26 4368 1
723 37 279 47 15496 1
724 30 257 18 4893 1
725 36 228 18 5906 1
726 79 267 37 9041 1
727 58 274 14 5009 1
728 50 255 24 6419 1
729 57 258 19 5268 1
730 50 222 30 5260 1
731 57 239 28 9831 1
732 57 228 20 6421 1
733 58 275 21 2959 1
734 115 275 21 2959 1
735 15 222 25 5368 1
736 28 228 12 3332 1
737 57 240 25 5743 1
738 57 267 17 6759 1
739 113 267 17 6759 1
740 38 230 18 5420 1
741 57 259 21 5623 1
742 57 262 24 5671 1
743 58 268 21 8426 1
744 56 258 21 3746 1
745 111 258 21 3746 1
746 92 262 23 6559 1
747 39 272 29 6426 1
748 51 274 18 4383 1
749 101 274 18 4383 1
750 57 275 43 15028 1
751 57 276 39 7565 1
752 36 276 28 7998 1
753 71 276 28 7998 1
754 57 257 23 6043 1
755 113 257 23 6043 1
756 40 216 21 5725 1
757 68 276 33 9707 1
758 93 267 24 5937 1
759 51 222 29 6762 1
760 58 276 23 7681 1
761 34 268 47 16274 1
762 49 267 27 6557 1
763 36 255 26 8607 1
764 57 274 27 7378 1
765 92 276 37 13325 1
766 2 279 27 8553 1
767 37 265 24 8303 1
768 30 240 34 11972 1
769 41 254 22 6873 1
770 58 279 37 12724 1
771 14 265 20 2653 1
772 37 254 35 11908 1
773 91 275 25 5935 1
774 58 275 23 3336 1
775 58 259 32 8424 1
776 36 336 37 16135 1
777 36 323 30 7602 1
778 57 281 21 6182 1
779 113 281 21 6182 1
780 169 281 21 6182 1
781 37 324 29 11792 1
782 36 282 32 5119 1
783 37 294 47 15300 1
784 77 324 44 21258 1
785 58 332 31 6776 1
786 115 332 31 6776 1
787 172 332 31 6776 1
788 229 332 31 6776 1
789 60 337 25 5391 1
790 78 323 20 8588 1
791 57 300 43 7483 1
792 57 305 23 6949 1
793 58 335 37 7020 1
794 58 299 25 9953 1
795 115 299 25 9953 1
796 172 299 25 9953 1
797 35 299 40 8692 1
798 37 336 46 21057 1
799 88 282 30 7175 1
800 30 316 32 6490 1
801 57 303 29 6802 1
802 30 338 32 10183 1
803 29 316 43 15634 1
804 57 293 22 7416 1
805 57 294 27 11649 1
806 78 305 33 9537 1
807 79 294 28 6369 1
808 78 286 14 5629 1
809 73 286 29 7832 1
810 57 337 40 11723 1
811 58 282 37 5460 1
812 57 292 13 3435 1
813 113 292 13 3435 1
814 169 292 13 3435 1
815 225 292 13 3435 1
816 281 292 13 3435 1
817 337 292 13 3435 1
818 393 292 13 3435 1
819 56 281 43 8442 1
820 111 281 43 8442 1
821 57 294 12 2682 1
822 36 299 41 16575 1
823 58 293 26 5457 1
824 115 293 26 5457 1
825 57 338 35 14647 1
826 113 338 35 14647 1
827 59 334 14 6472 1
828 43 282 35 6682 1
829 57 305 63 21858 1
830 113 305 63 21858 1
831 36 294 27 4242 1
832 36 324 24 6522 1
833 37 281 24 8918 1
834 78 338 26 8380 1
835 58 292 33 6988 1
836 115 292 33 6988 1
837 172 292 33 6988 1
838 38 293 27 10312 1
839 37 281 64 13552 1
840 13 338 28 13819 1
841 56 337 58 28260 1
842 56 338 47 20256 1
843 79 332 33 9451 1
844 30 334 19 4703 1
845 58 305 6 2584 1
846 115 305 6 2584 1
847 172 305 6 2584 1
848 229 305 6 2584 1
849 286 305 6 2584 1
850 343 305 6 2584 1
851 79 316 21 6521 1
852 58 332 29 12085 1
853 115 332 29 12085 1
854 172 332 29 12085 1
855 229 332 29 12085 1
856 29 299 9 1493 1
857 30 286 26 8924 1
858 78 292 29 8092 1
859 10 333 47 16087 1
860 57 300 51 12140 1
861 113 300 51 12140 1
862 30 305 42 14479 1
863 83 300 47 12283 1
864 56 332 43 14247 1
865 111 332 43 14247 1
866 36 305 53 20391 1
867 57 304 35 12066 1
868 113 304 35 12066 1
869 36 281 23 6482 1
870 56 324 13 5940 1
871 57 281 40 10018 1
872 58 337 47 17243 1
873 26 304 23 9218 1
874 58 336 45 11276 1
875 115 336 45 11276 1
876 172 336 45 11276 1
877 229 336 45 11276 1
878 31 332 23 7635 1
879 57 303 27 9583 1
880 113 303 27 9583 1
881 56 335 46 13515 1
882 76 334 37 17058 1
883 122 366 50 12814 1
884 80 349 45 16871 1
885 78 365 39 7833 1
886 70 369 37 20286 1
887 68 349 44 21949 1
888 135 349 44 21949 1
889 71 366 36 11507 1
890 79 365 39 7777 1
891 65 368 52 14672 1
892 85 364 42 13546 1
893 72 369 42 12635 1
894 143 369 42 12635 1
895 78 365 63 30534 1
896 77 364 53 25255 1
897 153 364 53 25255 1
898 229 364 53 25255 1
899 79 366 64 27552 1
900 157 366 64 27552 1
901 235 366 64 27552 1
902 77 368 86 34194 1
903 84 364 29 14723 1
904 71 363 47 9721 1
905 77 363 59 29136 1
906 78 349 46 21217 1
907 99 366 39 14475 1
908 79 368 89 22802 1
909 70 366 38 10652 1
910 69 349 61 28387 1
911 73 369 40 11143 1
912 145 369 40 11143 1
913 77 369 46 9938 1
914 153 369 46 9938 1
915 229 369 46 9938 1
916 305 369 46 9938 1
917 72 365 48 20842 1
918 72 366 42 16028 1
919 76 365 41 20652 1
920 151 365 41 20652 1
921 226 365 41 20652 1
922 85 363 44 20453 1
923 84 349 25 7216 1
924 70 363 37 17018 1
925 77 364 55 15437 1
926 71 363 40 11779 1
927 72 366 58 28828 1
928 76 366 35 17714 1
929 84 369 42 18776 1
930 63 365 22 7558 1
931 90 349 34 13406 1
932 69 368 38 14083 1
933 74 349 59 11142 1
934 78 365 36 7723 1
935 65 366 25 10506 1
936 78 365 55 19716 1
937 71 369 31 10891 1
938 70 364 46 11605 1
939 139 364 46 11605 1
940 77 368 37 7522 1
941 153 368 37 7522 1
942 74 349 53 15819 1
943 147 349 53 15819 1
944 79 349 30 15286 1
945 71 368 30 6246 1
946 66 368 24 12481 1
947 131 368 24 12481 1
948 79 369 70 19915 1
949 71 364 40 18564 1
950 79 365 25 5169 1
951 157 365 25 5169 1
952 78 366 33 8702 1
953 129 363 50 22474 1
954 73 368 46 22324 1
955 72 369 37 8951 1
956 70 363 32 7493 1
957 77 349 76 30340 1
958 77 368 76 36252 1
959 95 366 30 11517 1
960 62 349 19 8112 1
961 98 365 37 17124 1
962 72 363 43 12118 1
963 78 369 47 20430 1
964 72 363 48 22397 1
965 143 363 48 22397 1
966 77 369 62 24470 1
967 153 369 62 24470 1
968 61 365 45 8476 1
969 79 364 32 15499 1
970 61 368 59 11707 1
971 80 365 39 21287 1
972 122 368 29 11812 1
973 71 369 51 16139 1
974 70 366 24 6482 1
975 73 369 29 11671 1
976 72 365 33 9954 1
977 85 365 63 22141 1
978 86 369 39 15206 1
979 71 363 33 12556 1
980 77 369 32 11716 1
981 153 369 32 11716 1
982 78 349 39 12007 1
983 79 349 31 14432 1
984 157 349 31 14432 1
985 97 363 29 11865 1
986 193 363 29 11865 1
987 135 366 24 5760 1
988 90 369 46 13581 1
989 71 364 40 12106 1
990 141 364 40 12106 1
991 211 364 40 12106 1
992 281 364 40 12106 1
993 84 368 22 9806 1
994 76 366 68 20014 1
995 79 366 42 8411 1
996 157 366 42 8411 1
997 71 363 49 9266 1
998 100 369 46 15188 1
999 72 363 48 14083 1
1000 94 349 45 16612 1
1001 66 366 55 27924 1
1002 131 366 55 27924 1
1003 94 364 27 14436 1
1004 72 349 51 25093 1
1005 76 349 31 14231 1
1006 98 369 32 15670 1
1007 195 369 32 15670 1
1008 71 364 56 25276 1
1009 141 364 56 25276 1
1010 74 368 46 8931 1
1011 80 349 59 22899 1
1012 70 368 42 16084 1
1013 139 368 42 16084 1
1014 61 369 46 10962 1
1015 79 365 45 15057 1
1016 92 396 28 13335 1
1017 89 400 36 10255 1
1018 151 396 35 14430 1
1019 90 398 28 10994 1
1020 179 398 28 10994 1
1021 268 398 28 10994 1
1022 357 398 28 10994 1
1023 83 396 46 18717 1
1024 165 396 46 18717 1
1025 90 396 36 18734 1
1026 179 396 36 18734 1
1027 78 396 64 27683 1
1028 89 398 60 28380 1
1029 94 399 52 12263 1
1030 76 397 48 12969 1
1031 91 400 47 9686 1
1032 92 397 60 28762 1
1033 91 399 44 25141 1
1034 83 400 45 22930 1
1035 77 398 53 23807 1
1036 90 398 46 21300 1
1037 103 397 35 15993 1
16
500 500 500 500 425 425 400 400 440 500 500 400 500 500 500 550 