1037
1 8 140 33 5246 1
2 15 140 33 5246 1
3 9 133 16 2780 1
4 14 137 22 3323 1
5 3 139 60 9461 1
6 5 139 60 9461 1
7 15 140 33 6111 1
8 20 121 7 507 1
9 28 139 17 1813 1
10 23 121 20 1829 1
11 7 121 26 1787 1
12 8 141 25 5251 1
13 15 141 25 5251 1
14 8 117 25 4042 1
15 8 117 20 2294 1
16 15 117 20 2294 1
17 9 140 35 2622 1
18 17 140 35 2622 1
19 25 140 35 2622 1
20 12 139 34 4493 1
21 23 139 34 4493 1
22 9 139 11 1265 1
23 27 125 20 1256 1
24 8 140 15 2123 1
25 15 140 15 2123 1
26 8 101 27 1466 1
27 9 101 14 1652 1
28 17 101 14 1652 1
29 25 101 14 1652 1
30 33 101 14 1652 1
31 41 101 14 1652 1
32 49 101 14 1652 1
33 9 129 15 2821 1
34 17 129 15 2821 1
35 13 133 47 3525 1
36 8 134 32 2626 1
37 15 134 32 2626 1
38 9 118 22 3084 1
39 8 117 6 786 1
40 15 117 6 786 1
41 9 117 14 2267 1
42 9 101 18 1486 1
43 17 101 18 1486 1
44 25 101 18 1486 1
45 33 101 18 1486 1
46 23 140 19 3016 1
47 8 129 5 787 1
48 39 121 18 3176 1
49 8 101 14 1689 1
50 15 101 14 1689 1
51 22 101 14 1689 1
52 10 134 29 5136 1
53 9 138 15 1803 1
54 8 132 23 3219 1
55 9 121 16 1913 1
56 17 121 16 1913 1
57 10 101 25 1273 1
58 15 101 15 1889 1
59 29 101 15 1889 1
60 19 127 2 252 1
61 20 133 12 1407 1
62 9 101 5 621 1
63 17 101 5 621 1
64 9 133 19 2510 1
65 8 118 26 1624 1
66 15 118 26 1624 1
67 12 137 26 2967 1
68 23 137 26 2967 1
69 34 137 26 2967 1
70 9 117 22 3638 1
71 11 127 14 1672 1
72 7 118 18 2108 1
73 13 118 18 2108 1
74 24 129 28 3879 1
75 8 140 40 6916 1
76 15 132 18 2244 1
77 9 127 22 2708 1
78 9 118 19 1663 1
79 12 140 38 4262 1
80 23 140 38 4262 1
81 8 137 33 4964 1
82 21 127 6 736 1
83 6 118 25 2276 1
84 13 129 31 2849 1
85 21 118 14 1412 1
86 8 118 41 2843 1
87 15 118 41 2843 1
88 9 118 10 1462 1
89 9 121 11 1860 1
90 17 121 11 1860 1
91 16 118 11 751 1
92 82 125 7 950 1
93 7 127 17 2959 1
94 8 101 10 942 1
95 15 101 10 942 1
96 9 127 1 93 1
97 16 117 30 3579 1
98 10 117 14 978 1
99 4 141 16 3373 1
100 8 139 39 5859 1
101 8 134 17 3334 1
102 15 134 17 3334 1
103 22 134 17 3334 1
104 9 141 26 2774 1
105 8 133 14 1780 1
106 9 127 26 3385 1
107 17 127 26 3385 1
108 25 127 26 3385 1
109 33 127 26 3385 1
110 8 125 21 2635 1
111 15 125 21 2635 1
112 10 121 28 1767 1
113 19 121 28 1767 1
114 28 121 28 1767 1
115 9 137 14 2586 1
116 17 137 14 2586 1
117 25 137 14 2586 1
118 33 137 14 2586 1
119 41 137 14 2586 1
120 9 125 19 2950 1
121 17 125 19 2950 1
122 18 133 27 3997 1
123 8 129 23 2766 1
124 2 127 9 1114 1
125 16 141 12 2334 1
126 31 141 12 2334 1
127 46 141 12 2334 1
128 15 125 5 511 1
129 12 118 6 818 1
130 8 121 13 1002 1
131 15 121 13 1002 1
132 8 132 27 4453 1
133 9 137 8 665 1
134 17 137 8 665 1
135 25 141 4 779 1
136 8 132 2 328 1
137 15 132 2 328 1
138 9 125 34 5212 1
139 17 125 34 5212 1
140 25 125 34 5212 1
141 33 125 34 5212 1
142 41 125 34 5212 1
143 49 125 34 5212 1
144 57 125 34 5212 1
145 65 125 34 5212 1
146 15 127 20 3173 1
147 29 127 20 3173 1
148 8 139 35 3763 1
149 6 118 40 4525 1
150 11 118 40 4525 1
151 9 139 10 893 1
152 17 139 10 893 1
153 25 139 10 893 1
154 33 139 10 893 1
155 7 118 16 2450 1
156 13 118 16 2450 1
157 14 125 5 922 1
158 9 127 28 4156 1
159 18 138 30 2512 1
160 9 132 23 2770 1
161 17 132 23 2770 1
162 18 141 20 3378 1
163 14 101 22 2986 1
164 4 140 26 5271 1
165 8 140 20 3149 1
166 9 141 40 2835 1
167 17 141 40 2835 1
168 9 118 25 3633 1
169 17 118 25 3633 1
170 25 118 25 3633 1
171 33 118 25 3633 1
172 15 121 21 2920 1
173 8 101 20 2911 1
174 15 101 20 2911 1
175 15 125 28 3004 1
176 10 137 25 3637 1
177 9 132 15 2820 1
178 17 132 15 2820 1
179 25 132 15 2820 1
180 33 132 15 2820 1
181 13 127 12 1492 1
182 25 127 12 1492 1
183 8 118 25 1505 1
184 15 118 25 1505 1
185 22 118 25 1505 1
186 29 118 25 1505 1
187 36 118 25 1505 1
188 43 118 25 1505 1
189 17 129 30 2237 1
190 8 129 25 4207 1
191 15 129 25 4207 1
192 9 133 12 1276 1
193 16 118 25 3872 1
194 8 101 28 2712 1
195 15 101 28 2712 1
196 8 140 16 2453 1
197 15 140 16 2453 1
198 9 132 20 2066 1
199 17 132 20 2066 1
200 8 129 46 5976 1
201 7 133 39 6049 1
202 22 132 23 2728 1
203 43 132 23 2728 1
204 8 134 38 5306 1
205 15 134 38 5306 1
206 22 134 38 5306 1
207 29 134 38 5306 1
208 8 133 16 1209 1
209 8 140 11 2046 1
210 9 140 39 6343 1
211 15 137 32 3952 1
212 10 133 37 3542 1
213 16 140 28 5307 1
214 28 129 34 6512 1
215 55 129 34 6512 1
216 8 121 36 2910 1
217 10 118 18 2475 1
218 9 127 9 804 1
219 6 140 21 2573 1
220 4 117 20 3418 1
221 16 132 19 2306 1
222 11 121 9 908 1
223 5 132 31 3390 1
224 9 141 46 5101 1
225 17 141 46 5101 1
226 25 141 46 5101 1
227 16 132 11 1856 1
228 31 132 11 1856 1
229 29 138 2 293 1
230 17 132 19 2088 1
231 15 127 31 5220 1
232 9 134 43 3632 1
233 17 134 43 3632 1
234 25 134 43 3632 1
235 9 118 9 725 1
236 17 118 9 725 1
237 25 118 9 725 1
238 33 118 9 725 1
239 8 141 41 3346 1
240 5 138 19 3732 1
241 6 125 26 1761 1
242 11 125 26 1761 1
243 16 125 26 1761 1
244 9 129 69 4465 1
245 15 101 22 1289 1
246 9 117 18 1933 1
247 17 117 18 1933 1
248 25 117 18 1933 1
249 33 117 18 1933 1
250 41 117 18 1933 1
251 49 117 18 1933 1
252 57 117 18 1933 1
253 15 134 75 5580 1
254 9 132 26 4333 1
255 35 118 40 4420 1
256 26 101 9 1001 1
257 8 141 46 5647 1
258 15 141 46 5647 1
259 8 118 34 5014 1
260 15 118 34 5014 1
261 9 139 19 2797 1
262 17 139 19 2797 1
263 9 125 10 1288 1
264 15 117 20 2295 1
265 24 117 12 1534 1
266 47 117 12 1534 1
267 11 101 4 364 1
268 9 127 21 2057 1
269 9 133 33 2975 1
270 17 133 33 2975 1
271 25 133 33 2975 1
272 33 133 33 2975 1
273 41 133 33 2975 1
274 14 129 1 156 1
275 27 129 1 156 1
276 12 129 27 4317 1
277 23 129 27 4317 1
278 9 134 48 6259 1
279 17 134 48 6259 1
280 8 129 9 632 1
281 9 133 36 2700 1
282 8 139 24 2709 1
283 16 121 15 1296 1
284 9 121 6 640 1
285 9 121 27 3675 1
286 17 168 33 7009 1
287 12 161 25 2559 1
288 23 161 25 2559 1
289 11 161 50 10809 1
290 17 167 5 791 1
291 11 145 50 7064 1
292 15 161 40 8318 1
293 11 169 42 7360 1
294 16 157 23 2793 1
295 13 160 13 1215 1
296 25 160 13 1215 1
297 37 160 13 1215 1
298 13 168 10 2327 1
299 9 149 43 8774 1
300 9 161 15 1725 1
301 10 151 36 6231 1
302 19 151 36 6231 1
303 13 151 20 3230 1
304 25 151 20 3230 1
305 12 145 33 2968 1
306 11 160 23 4824 1
307 21 160 23 4824 1
308 16 157 84 13661 1
309 8 157 32 6700 1
310 15 157 32 6700 1
311 15 168 35 5882 1
312 12 147 18 1999 1
313 12 158 19 1888 1
314 15 154 12 1852 1
315 12 160 27 3526 1
316 23 160 27 3526 1
317 34 160 27 3526 1
318 9 145 20 3472 1
319 31 154 20 3128 1
320 8 158 28 4367 1
321 11 161 64 11150 1
322 21 161 64 11150 1
323 12 160 8 803 1
324 23 160 8 803 1
325 12 161 19 2692 1
326 23 161 19 2692 1
327 13 151 42 4340 1
328 25 151 42 4340 1
329 2 145 12 2304 1
330 8 151 10 1460 1
331 14 154 30 4066 1
332 15 158 31 6199 1
333 44 157 42 5884 1
334 8 169 17 2533 1
335 8 147 37 6000 1
336 28 145 31 3601 1
337 8 167 42 8664 1
338 15 167 42 8664 1
339 22 167 42 8664 1
340 12 147 47 8876 1
341 23 147 47 8876 1
342 37 147 20 3443 1
343 16 151 13 1302 1
344 9 169 46 3894 1
345 12 151 53 7137 1
346 23 151 53 7137 1
347 15 158 10 1467 1
348 29 158 10 1467 1
349 12 149 20 1722 1
350 23 149 20 1722 1
351 22 160 12 1459 1
352 18 167 24 3670 1
353 9 145 15 1267 1
354 10 169 34 5880 1
355 10 145 2 205 1
356 9 167 23 5734 1
357 17 167 23 5734 1
358 25 167 23 5734 1
359 17 149 6 728 1
360 10 147 43 4963 1
361 12 160 40 7430 1
362 22 158 44 9869 1
363 13 168 28 3714 1
364 25 168 28 3714 1
365 10 158 29 5671 1
366 19 158 29 5671 1
367 28 158 29 5671 1
368 37 158 29 5671 1
369 11 157 35 5161 1
370 11 161 33 7917 1
371 9 170 24 3455 1
372 17 170 24 3455 1
373 34 160 11 2627 1
374 16 149 39 4891 1
375 22 157 32 5557 1
376 16 154 50 4677 1
377 7 149 27 4824 1
378 10 165 20 3600 1
379 15 170 44 10140 1
380 16 157 4 707 1
381 17 147 28 3970 1
382 13 169 56 4863 1
383 25 169 56 4863 1
384 11 170 18 2194 1
385 12 154 32 3481 1
386 23 154 32 3481 1
387 34 154 32 3481 1
388 45 154 32 3481 1
389 16 169 3 554 1
390 10 160 47 9635 1
391 19 160 47 9635 1
392 28 160 47 9635 1
393 9 161 19 3695 1
394 48 165 19 1655 1
395 11 145 4 540 1
396 12 154 26 4838 1
397 23 154 26 4838 1
398 34 154 26 4838 1
399 45 154 26 4838 1
400 56 154 26 4838 1
401 67 154 26 4838 1
402 9 149 23 4016 1
403 17 149 23 4016 1
404 17 157 35 7724 1
405 43 147 23 2512 1
406 24 158 49 6871 1
407 12 167 19 3079 1
408 16 145 61 10581 1
409 15 154 30 4932 1
410 16 167 12 2114 1
411 26 149 43 7922 1
412 24 170 56 5345 1
413 9 167 6 1072 1
414 17 167 6 1072 1
415 18 154 22 4766 1
416 18 157 20 2601 1
417 176 145 21 2572 1
418 13 165 26 2627 1
419 13 169 33 7991 1
420 3 147 29 4436 1
421 11 168 26 2331 1
422 8 154 6 719 1
423 15 154 6 719 1
424 22 154 6 719 1
425 11 151 28 2479 1
426 21 151 28 2479 1
427 11 161 33 3613 1
428 10 147 35 7119 1
429 10 154 34 3304 1
430 19 154 34 3304 1
431 15 169 27 3363 1
432 7 145 30 6187 1
433 10 149 16 2014 1
434 11 169 27 4528 1
435 15 151 40 6064 1
436 17 170 26 4523 1
437 8 157 54 5236 1
438 15 170 33 6629 1
439 11 149 10 1504 1
440 21 149 10 1504 1
441 31 149 10 1504 1
442 10 167 46 6901 1
443 13 168 45 8065 1
444 25 168 45 8065 1
445 22 149 26 4381 1
446 43 149 26 4381 1
447 14 160 15 2853 1
448 10 158 18 1649 1
449 19 158 18 1649 1
450 16 157 33 6779 1
451 3 145 19 3817 1
452 15 149 32 5720 1
453 29 149 32 5720 1
454 12 170 47 4659 1
455 14 157 31 6076 1
456 14 168 33 3850 1
457 16 161 44 7053 1
458 12 160 10 823 1
459 18 160 27 5793 1
460 1 161 45 3901 1
461 13 160 17 2053 1
462 12 168 11 2577 1
463 23 168 11 2577 1
464 34 168 11 2577 1
465 10 145 30 4441 1
466 19 145 30 4441 1
467 12 157 41 3250 1
468 21 169 29 6060 1
469 11 160 27 4192 1
470 15 170 43 6029 1
471 13 158 24 4221 1
472 25 158 24 4221 1
473 8 168 1 239 1
474 10 160 29 3031 1
475 13 149 38 5395 1
476 25 149 38 5395 1
477 37 149 38 5395 1
478 11 157 2 166 1
479 21 157 2 166 1
480 31 157 2 166 1
481 16 147 39 3329 1
482 14 169 40 4829 1
483 16 170 45 7836 1
484 14 168 26 4692 1
485 23 157 22 5026 1
486 11 169 8 1260 1
487 12 165 61 6155 1
488 23 165 61 6155 1
489 34 165 61 6155 1
490 7 149 23 3075 1
491 7 154 31 2984 1
492 13 154 31 2984 1
493 19 154 31 2984 1
494 12 145 30 3155 1
495 23 145 30 3155 1
496 10 157 28 2531 1
497 13 154 21 4284 1
498 11 145 16 2665 1
499 10 149 36 4254 1
500 12 154 32 4418 1
501 8 169 38 8200 1
502 11 170 89 14910 1
503 21 170 89 14910 1
504 44 160 36 3033 1
505 12 149 22 2628 1
506 47 168 40 9363 1
507 11 161 2 188 1
508 9 147 17 2492 1
509 17 147 17 2492 1
510 11 168 12 1055 1
511 13 160 32 5326 1
512 25 160 32 5326 1
513 12 157 51 11640 1
514 23 157 51 11640 1
515 17 149 26 3364 1
516 14 165 51 9509 1
517 8 157 30 4096 1
518 8 151 19 1906 1
519 15 151 19 1906 1
520 8 147 16 2715 1
521 15 147 16 2715 1
522 12 160 37 3008 1
523 3 170 60 10408 1
524 13 154 49 9969 1
525 25 154 49 9969 1
526 13 169 23 5545 1
527 25 169 23 5545 1
528 12 147 18 1440 1
529 8 151 17 1458 1
530 13 154 37 7705 1
531 25 154 37 7705 1
532 37 154 37 7705 1
533 49 154 37 7705 1
534 61 154 37 7705 1
535 73 154 37 7705 1
536 85 154 37 7705 1
537 97 154 37 7705 1
538 109 154 37 7705 1
539 24 158 28 2727 1
540 8 168 59 10768 1
541 15 168 59 10768 1
542 7 149 15 1926 1
543 12 154 32 6992 1
544 8 167 23 4376 1
545 12 147 16 2869 1
546 10 167 57 13424 1
547 19 167 57 13424 1
548 13 165 21 1778 1
549 12 160 20 3059 1
550 23 160 20 3059 1
551 34 160 20 3059 1
552 45 160 20 3059 1
553 22 170 31 4556 1
554 15 151 11 1832 1
555 12 161 40 5434 1
556 13 161 15 2212 1
557 13 161 38 8614 1
558 14 151 12 2573 1
559 27 151 12 2573 1
560 9 154 26 3117 1
561 17 154 26 3117 1
562 25 154 26 3117 1
563 137 151 14 2556 1
564 23 147 35 6381 1
565 6 154 2 202 1
566 11 154 2 202 1
567 10 168 59 6205 1
568 22 168 30 5457 1
569 15 161 32 3524 1
570 13 160 42 9747 1
571 25 160 42 9747 1
572 8 149 22 4824 1
573 15 149 22 4824 1
574 22 149 22 4824 1
575 9 158 30 6186 1
576 11 160 22 3772 1
577 21 160 22 3772 1
578 11 170 19 3565 1
579 23 169 22 3448 1
580 12 157 52 8015 1
581 9 147 20 1998 1
582 12 147 24 2472 1
583 10 149 22 3962 1
584 12 157 39 6493 1
585 23 157 39 6493 1
586 15 158 24 5394 1
587 12 175 20 3483 1
588 59 194 10 2450 1
589 15 208 22 6795 1
590 36 175 9 870 1
591 43 195 18 4898 1
592 85 195 18 4898 1
593 127 195 18 4898 1
594 169 195 18 4898 1
595 44 211 15 1733 1
596 57 211 25 2714 1
597 36 208 39 6168 1
598 71 208 39 6168 1
599 106 208 39 6168 1
600 42 211 16 2224 1
601 39 175 22 2947 1
602 57 195 13 2842 1
603 17 207 28 8146 1
604 43 207 29 5617 1
605 15 178 27 6312 1
606 57 178 10 1314 1
607 36 208 24 6625 1
608 16 195 12 2671 1
609 56 208 25 3525 1
610 56 194 11 2389 1
611 16 195 15 3315 1
612 26 207 12 2353 1
613 43 194 11 2388 1
614 57 210 14 3985 1
615 44 211 21 3219 1
616 40 178 11 1448 1
617 56 211 14 1591 1
618 15 198 22 3708 1
619 36 183 24 3107 1
620 71 183 24 3107 1
621 44 195 15 1712 1
622 37 208 12 3133 1
623 36 197 15 3896 1
624 36 183 12 2122 1
625 23 184 11 1267 1
626 27 194 15 1686 1
627 40 211 10 2724 1
628 16 195 11 1742 1
629 11 183 9 2115 1
630 43 198 17 3464 1
631 57 207 8 1612 1
632 113 207 8 1612 1
633 37 175 18 2979 1
634 73 175 18 2979 1
635 36 208 32 7514 1
636 43 208 6 1147 1
637 41 198 17 4060 1
638 13 178 30 3807 1
639 58 178 30 3071 1
640 57 207 30 7185 1
641 44 198 16 3047 1
642 43 208 24 4328 1
643 37 211 25 6697 1
644 18 198 19 2156 1
645 23 183 9 1574 1
646 21 207 13 3316 1
647 37 210 15 2336 1
648 44 207 16 3100 1
649 44 211 20 3535 1
650 72 184 11 2031 1
651 22 198 18 4394 1
652 43 210 47 7247 1
653 85 210 47 7247 1
654 44 198 18 4340 1
655 22 211 20 4176 1
656 17 208 16 2284 1
657 26 175 14 2912 1
658 51 175 14 2912 1
659 44 184 9 2137 1
660 71 194 28 4023 1
661 15 183 26 6914 1
662 58 197 13 3206 1
663 15 211 16 3159 1
664 16 184 12 1377 1
665 59 211 20 5638 1
666 43 210 23 6837 1
667 16 207 14 2781 1
668 37 208 24 6075 1
669 44 198 32 4362 1
670 43 184 18 3904 1
671 45 198 12 2562 1
672 17 211 9 1945 1
673 42 175 21 4489 1
674 58 208 24 5728 1
675 115 208 24 5728 1
676 44 175 10 1598 1
677 87 175 10 1598 1
678 44 194 7 1551 1
679 20 194 44 7253 1
680 36 197 18 1974 1
681 37 257 107 14093 1
682 73 257 107 14093 1
683 109 257 107 14093 1
684 145 257 107 14093 1
685 181 257 107 14093 1
686 90 261 17 4898 1
687 63 230 12 3209 1
688 57 255 48 17087 1
689 31 221 13 4183 1
690 54 255 38 6177 1
691 36 267 18 4945 1
692 71 267 18 4945 1
693 15 261 16 5625 1
694 37 243 22 7146 1
695 46 264 38 11607 1
696 14 272 41 7161 1
697 58 259 41 14325 1
698 57 221 23 3251 1
699 51 257 21 6477 1
700 50 275 26 8467 1
701 57 220 24 7149 1
702 28 243 26 7679 1
703 36 222 24 6798 1
704 31 255 32 7629 1
705 36 262 21 6408 1
706 4 260 37 5339 1
707 94 254 28 10209 1
708 51 228 25 3409 1
709 36 255 28 10138 1
710 57 274 31 6337 1
711 113 274 31 6337 1
712 169 274 31 6337 1
713 58 259 18 4085 1
714 115 259 18 4085 1
715 172 259 18 4085 1
716 56 220 24 4750 1
717 36 221 27 3706 1
718 58 230 25 7497 1
719 115 230 25 7497 1
720 57 267 15 4975 1
721 49 279 25 8661 1
722 97 279 25 8661 1
723 40 222 19 2582 1
724 30 243 33 5511 1
725 30 279 43 6169 1
726 88 255 15 2524 1
727 31 254 17 2255 1
728 37 220 19 5340 1
729 51 255 24 5860 1
730 60 259 34 12799 1
731 93 272 39 13789 1
732 185 272 39 13789 1
733 50 220 20 2539 1
734 16 255 20 2553 1
735 37 220 12 2213 1
736 58 222 19 5653 1
737 115 222 19 5653 1
738 41 268 20 5803 1
739 81 268 20 5803 1
740 36 243 25 6524 1
741 71 243 25 6524 1
742 92 268 25 8761 1
743 50 277 21 3612 1
744 57 255 19 5536 1
745 113 255 19 5536 1
746 57 228 36 11448 1
747 58 274 33 13258 1
748 51 259 18 4882 1
749 36 276 43 15674 1
750 57 267 18 4359 1
751 113 267 18 4359 1
752 51 262 17 5309 1
753 101 262 17 5309 1
754 31 265 22 6196 1
755 36 277 49 6993 1
756 71 277 49 6993 1
757 58 221 22 5756 1
758 115 221 22 5756 1
759 57 243 31 9956 1
760 113 243 31 9956 1
761 169 243 31 9956 1
762 57 257 25 3772 1
763 36 221 29 6649 1
764 65 243 26 8280 1
765 51 265 13 4490 1
766 36 277 31 9104 1
767 94 228 22 4813 1
768 37 220 17 4036 1
769 58 240 39 10716 1
770 36 274 61 13423 1
771 16 240 30 5037 1
772 21 216 17 2701 1
773 37 216 21 6405 1
774 4 272 36 10743 1
775 58 261 17 2574 1
776 79 292 19 6994 1
777 29 336 13 4715 1
778 57 333 36 17379 1
779 113 333 36 17379 1
780 169 333 36 17379 1
781 58 316 35 13656 1
782 58 286 22 7190 1
783 115 286 22 7190 1
784 30 299 36 12555 1
785 49 293 30 11517 1
786 30 324 36 6588 1
787 79 294 35 12903 1
788 57 323 31 8085 1
789 57 281 49 6901 1
790 113 281 49 6901 1
791 169 281 49 6901 1
792 37 335 34 15946 1
793 4 292 17 7222 1
794 57 323 69 26909 1
795 70 304 41 15457 1
796 62 316 28 9825 1
797 67 324 20 7170 1
798 58 299 28 11626 1
799 50 292 32 10283 1
800 77 337 32 12466 1
801 51 334 39 11682 1
802 101 334 39 11682 1
803 31 336 31 6316 1
804 59 293 7 2349 1
805 26 323 41 12989 1
806 57 333 45 9529 1
807 56 293 34 6295 1
808 111 293 34 6295 1
809 58 337 47 11112 1
810 43 305 27 6446 1
811 78 324 36 6648 1
812 56 334 24 7012 1
813 111 334 24 7012 1
814 166 334 24 7012 1
815 60 338 22 10941 1
816 37 299 24 8048 1
817 73 299 24 8048 1
818 37 282 37 6337 1
819 59 299 35 15075 1
820 59 303 37 8412 1
821 117 303 37 8412 1
822 36 335 46 8156 1
823 79 338 33 13800 1
824 37 333 35 15059 1
825 57 282 31 5823 1
826 58 324 51 16744 1
827 115 324 51 16744 1
828 172 324 51 16744 1
829 72 281 19 5910 1
830 56 324 74 23301 1
831 56 303 32 12090 1
832 77 323 41 8897 1
833 57 334 50 21398 1
834 30 304 39 7261 1
835 31 332 47 16735 1
836 78 305 26 8931 1
837 58 300 19 3851 1
838 115 300 19 3851 1
839 172 300 19 3851 1
840 77 323 26 5251 1
841 57 282 32 5278 1
842 63 334 37 6214 1
843 58 323 35 14167 1
844 115 323 35 14167 1
845 79 292 26 7635 1
846 56 324 27 7597 1
847 111 324 27 7597 1
848 166 324 27 7597 1
849 221 324 27 7597 1
850 276 324 27 7597 1
851 79 305 36 13101 1
852 157 305 36 13101 1
853 59 334 25 9294 1
854 33 338 50 16214 1
855 58 335 19 8001 1
856 40 332 38 11679 1
857 79 303 37 12623 1
858 56 299 37 15719 1
859 111 299 37 15719 1
860 166 299 37 15719 1
861 56 303 34 7701 1
862 52 303 37 8690 1
863 103 303 37 8690 1
864 56 323 37 13686 1
865 111 323 37 13686 1
866 166 323 37 13686 1
867 57 337 39 16576 1
868 113 337 39 16576 1
869 169 337 39 16576 1
870 225 337 39 16576 1
871 281 337 39 16576 1
872 36 300 34 6243 1
873 56 334 34 10040 1
874 31 337 26 4482 1
875 36 304 43 12935 1
876 57 324 42 12000 1
877 57 337 41 7190 1
878 113 337 41 7190 1
879 8 293 37 7338 1
880 28 338 34 13257 1
881 37 282 33 10167 1
882 57 299 60 12268 1
883 71 363 37 15602 1
884 111 369 61 23799 1
885 67 363 27 13734 1
886 88 363 32 10785 1
887 71 369 73 34771 1
888 85 368 41 20362 1
889 70 368 58 20253 1
890 85 369 38 7188 1
891 73 363 36 18426 1
892 84 365 20 6549 1
893 77 363 41 13369 1
894 71 349 56 17549 1
895 73 364 39 17068 1
896 86 369 40 7860 1
897 77 349 29 11737 1
898 71 368 38 7556 1
899 85 364 43 22624 1
900 65 364 35 18696 1
901 111 366 33 9886 1
902 221 366 33 9886 1
903 73 366 37 17439 1
904 85 369 54 19014 1
905 97 369 38 18945 1
906 73 369 34 18455 1
907 145 369 34 18455 1
908 217 369 34 18455 1
909 289 369 34 18455 1
910 76 365 42 8638 1
911 96 366 36 10851 1
912 85 363 55 15112 1
913 88 368 27 12342 1
914 70 365 41 10721 1
915 85 368 27 6974 1
916 80 368 41 8093 1
917 159 368 41 8093 1
918 238 368 41 8093 1
919 317 368 41 8093 1
920 78 365 30 7584 1
921 98 364 44 22937 1
922 85 363 46 16229 1
923 80 364 22 6232 1
924 73 363 29 5897 1
925 78 366 28 13875 1
926 77 364 31 14608 1
927 153 364 31 14608 1
928 112 366 35 10103 1
929 99 365 49 15434 1
930 71 363 30 13532 1
931 76 366 33 7687 1
932 78 368 38 12498 1
933 126 364 46 18106 1
934 139 368 83 24668 1
935 76 363 56 13064 1
936 117 368 58 13372 1
937 79 363 16 3788 1
938 126 363 56 16171 1
939 251 363 56 16171 1
940 376 363 56 16171 1
941 70 368 37 10225 1
942 66 349 26 5257 1
943 57 366 52 22076 1
944 78 363 32 16293 1
945 93 349 57 22334 1
946 72 368 27 12425 1
947 72 363 55 14238 1
948 143 363 55 14238 1
949 78 349 35 10405 1
950 155 349 35 10405 1
951 232 349 35 10405 1
952 309 349 35 10405 1
953 86 366 41 8373 1
954 78 365 45 12578 1
955 155 365 45 12578 1
956 60 349 52 25844 1
957 78 364 37 10542 1
958 155 364 37 10542 1
959 78 349 33 11098 1
960 70 365 33 7412 1
961 72 364 46 16302 1
962 80 349 34 13957 1
963 77 363 29 13607 1
964 153 363 29 13607 1
965 229 363 29 13607 1
966 305 363 29 13607 1
967 72 349 42 19956 1
968 61 369 44 20222 1
969 121 369 44 20222 1
970 64 363 29 6835 1
971 73 349 22 10007 1
972 71 349 43 14505 1
973 78 366 46 23028 1
974 72 368 52 10292 1
975 143 368 52 10292 1
976 77 349 34 10143 1
977 86 369 39 18205 1
978 69 364 46 24792 1
979 107 363 39 15042 1
980 70 368 44 8589 1
981 77 369 48 14521 1
982 79 369 41 12627 1
983 75 364 41 17988 1
984 72 363 41 9989 1
985 66 368 45 24655 1
986 78 368 57 12059 1
987 71 364 27 9561 1
988 84 365 48 13398 1
989 70 368 32 13031 1
990 73 368 34 6506 1
991 91 364 27 8692 1
992 87 369 48 11422 1
993 77 349 93 29952 1
994 153 349 93 29952 1
995 78 368 59 20720 1
996 85 363 44 16573 1
997 169 363 44 16573 1
998 79 363 39 17024 1
999 157 363 39 17024 1
1000 77 364 44 23751 1
1001 72 368 66 24426 1
1002 143 368 66 24426 1
1003 214 368 66 24426 1
1004 285 368 66 24426 1
1005 95 369 36 9783 1
1006 95 365 38 13092 1
1007 69 366 45 22067 1
1008 86 368 38 16695 1
1009 79 365 55 14680 1
1010 125 363 36 11350 1
1011 71 366 35 13810 1
1012 141 366 35 13810 1
1013 78 368 38 13464 1
1014 78 364 69 30306 1
1015 62 369 31 10682 1
1016 92 400 41 20107 1
1017 78 396 48 25365 1
1018 155 396 48 25365 1
1019 232 396 48 25365 1
1020 309 396 48 25365 1
1021 94 398 51 29972 1
1022 90 396 30 14783 1
1023 95 400 58 34042 1
1024 189 400 58 34042 1
1025 283 400 58 34042 1
1026 79 399 49 22582 1
1027 157 399 49 22582 1
1028 92 399 16 3714 1
1029 183 399 16 3714 1
1030 274 399 16 3714 1
1031 79 397 46 13624 1
1032 91 396 51 25481 1
1033 181 396 51 25481 1
1034 92 398 50 15795 1
1035 183 398 50 15795 1
1036 78 398 34 11045 1
1037 97 400 41 9598 1
16
500 500 500 500 425 425 400 400 440 500 500 400 500 500 500 550 