1037
1 8 129 8 687 1
2 15 129 8 687 1
3 8 129 29 2704 1
4 15 129 29 2704 1
5 22 129 29 2704 1
6 29 129 29 2704 1
7 20 134 24 4468 1
8 9 118 12 1985 1
9 8 132 9 1251 1
10 8 140 33 5985 1
11 13 117 23 1515 1
12 12 127 35 6046 1
13 23 127 35 6046 1
14 34 127 35 6046 1
15 14 137 28 3532 1
16 27 137 28 3532 1
17 16 134 22 3434 1
18 9 141 33 4625 1
19 17 141 33 4625 1
20 5 133 14 2738 1
21 9 133 14 2738 1
22 15 132 10 940 1
23 20 139 20 2790 1
24 8 117 21 2649 1
25 9 125 26 2713 1
26 9 133 12 2193 1
27 17 133 12 2193 1
28 25 133 12 2193 1
29 17 129 25 1632 1
30 33 129 25 1632 1
31 9 139 18 2252 1
32 14 101 15 1460 1
33 9 134 11 1137 1
34 8 132 15 2830 1
35 15 132 15 2830 1
36 9 127 25 2758 1
37 13 125 36 6130 1
38 25 125 36 6130 1
39 22 137 33 4836 1
40 12 134 24 1876 1
41 7 118 13 1884 1
42 13 118 13 1884 1
43 19 118 13 1884 1
44 8 138 17 3097 1
45 9 129 8 944 1
46 17 129 8 944 1
47 8 138 31 3383 1
48 8 121 12 1761 1
49 9 101 33 4065 1
50 8 129 8 644 1
51 8 133 49 6296 1
52 15 133 49 6296 1
53 10 138 22 4131 1
54 19 138 22 4131 1
55 8 125 19 1383 1
56 9 138 12 1382 1
57 9 132 21 3876 1
58 9 125 15 1819 1
59 8 133 6 474 1
60 17 134 39 4197 1
61 18 141 28 2009 1
62 57 137 26 3155 1
63 7 121 30 4108 1
64 10 139 27 2141 1
65 8 139 21 2041 1
66 23 133 15 1640 1
67 12 117 20 3164 1
68 15 117 20 3037 1
69 29 117 20 3037 1
70 43 117 20 3037 1
71 21 125 23 2680 1
72 8 125 24 3470 1
73 16 121 21 3182 1
74 8 140 17 2762 1
75 24 101 18 1820 1
76 15 118 14 1650 1
77 9 141 23 4164 1
78 13 101 13 1498 1
79 25 101 13 1498 1
80 37 101 13 1498 1
81 49 101 13 1498 1
82 9 117 11 919 1
83 8 101 5 738 1
84 13 139 51 6255 1
85 9 132 29 3245 1
86 8 133 47 7579 1
87 9 141 1 209 1
88 17 141 1 209 1
89 10 133 19 1864 1
90 19 133 19 1864 1
91 4 101 14 1832 1
92 8 121 22 2159 1
93 15 121 22 2159 1
94 22 121 22 2159 1
95 8 141 21 3534 1
96 15 141 21 3534 1
97 9 117 22 2580 1
98 9 118 18 1923 1
99 17 118 18 1923 1
100 25 118 18 1923 1
101 9 134 15 2031 1
102 17 134 15 2031 1
103 2 139 22 4276 1
104 3 139 22 4276 1
105 9 132 27 4464 1
106 9 127 13 1626 1
107 9 118 28 2821 1
108 17 118 28 2821 1
109 25 118 28 2821 1
110 11 118 16 1714 1
111 17 125 27 3782 1
112 33 125 27 3782 1
113 16 129 17 2372 1
114 17 133 26 4428 1
115 19 101 11 683 1
116 14 133 5 531 1
117 9 129 31 3172 1
118 8 129 27 2268 1
119 15 141 27 5458 1
120 29 141 27 5458 1
121 9 101 4 391 1
122 11 121 32 5431 1
123 21 121 32 5431 1
124 9 134 26 4363 1
125 8 134 27 4707 1
126 9 125 22 2650 1
127 3 133 6 1036 1
128 5 133 6 1036 1
129 9 134 45 3169 1
130 17 134 45 3169 1
131 16 141 26 2247 1
132 8 140 10 2037 1
133 15 140 10 2037 1
134 22 140 10 2037 1
135 9 139 11 2085 1
136 20 101 30 3958 1
137 10 101 28 4179 1
138 19 101 28 4179 1
139 10 141 16 1398 1
140 12 134 40 7977 1
141 8 117 2 321 1
142 15 117 2 321 1
143 22 117 2 321 1
144 8 125 33 4932 1
145 15 125 33 4932 1
146 22 125 33 4932 1
147 5 140 9 945 1
148 9 137 7 1393 1
149 17 137 7 1393 1
150 9 140 14 2303 1
151 17 140 14 2303 1
152 9 117 7 1180 1
153 17 117 7 1180 1
154 10 138 15 2136 1
155 19 138 15 2136 1
156 16 133 11 1346 1
157 24 134 21 3510 1
158 8 140 29 3643 1
159 7 138 4 648 1
160 8 133 26 4372 1
161 12 141 38 7709 1
162 23 141 38 7709 1
163 12 118 26 1630 1
164 9 138 1 119 1
165 7 140 41 6247 1
166 12 134 4 491 1
167 16 134 30 2215 1
168 31 134 30 2215 1
169 8 132 10 716 1
170 15 132 10 716 1
171 22 132 10 716 1
172 8 121 37 2518 1
173 8 137 18 3292 1
174 11 117 28 2772 1
175 8 139 46 6697 1
176 8 121 21 3799 1
177 15 121 21 3799 1
178 22 121 21 3799 1
179 29 121 21 3799 1
180 36 121 21 3799 1
181 43 121 21 3799 1
182 14 134 19 3368 1
183 10 129 55 6586 1
184 16 134 3 448 1
185 31 134 3 448 1
186 9 132 4 560 1
187 8 121 15 2098 1
188 9 137 23 3191 1
189 188 141 52 7370 1
190 8 139 13 2373 1
191 15 139 13 2373 1
192 27 117 13 1623 1
193 6 118 20 1993 1
194 9 133 16 1551 1
195 9 127 12 1220 1
196 19 133 6 768 1
197 9 121 18 1967 1
198 107 132 14 2040 1
199 9 101 10 1439 1
200 17 101 10 1439 1
201 25 101 10 1439 1
202 15 141 23 1634 1
203 29 141 23 1634 1
204 43 141 23 1634 1
205 16 125 46 4591 1
206 8 101 23 3284 1
207 15 101 23 3284 1
208 9 133 34 4507 1
209 9 125 25 2723 1
210 17 125 25 2723 1
211 25 125 25 2723 1
212 33 125 25 2723 1
213 9 118 14 2162 1
214 31 139 23 4071 1
215 7 125 36 2889 1
216 11 133 1 106 1
217 17 139 31 5045 1
218 8 141 22 2974 1
219 19 125 16 2279 1
220 8 132 38 4787 1
221 7 125 26 1988 1
222 13 125 26 1988 1
223 9 138 12 1386 1
224 8 132 12 2068 1
225 9 117 23 2562 1
226 17 117 23 2562 1
227 25 117 23 2562 1
228 33 117 23 2562 1
229 8 129 31 5279 1
230 15 129 31 5279 1
231 8 134 19 1697 1
232 15 134 19 1697 1
233 22 134 19 1697 1
234 29 134 19 1697 1
235 36 134 19 1697 1
236 8 121 21 1573 1
237 43 121 6 448 1
238 9 121 15 2009 1
239 17 121 15 2009 1
240 25 121 15 2009 1
241 15 125 22 1950 1
242 9 117 40 3576 1
243 10 138 39 6152 1
244 7 137 28 4813 1
245 8 133 31 5394 1
246 15 133 31 5394 1
247 22 133 31 5394 1
248 8 139 26 3742 1
249 15 139 26 3742 1
250 9 141 30 2595 1
251 17 141 30 2595 1
252 25 141 30 2595 1
253 33 141 30 2595 1
254 13 118 6 625 1
255 25 118 6 625 1
256 22 129 21 3264 1
257 9 129 26 4144 1
258 17 129 26 4144 1
259 8 118 23 2657 1
260 15 118 23 2657 1
261 7 138 21 2263 1
262 13 138 21 2263 1
263 19 138 21 2263 1
264 25 138 21 2263 1
265 31 138 21 2263 1
266 37 138 21 2263 1
267 9 141 29 3343 1
268 20 141 35 5807 1
269 7 117 25 3780 1
270 15 133 26 2427 1
271 24 134 50 4371 1
272 8 133 23 3432 1
273 15 133 23 3432 1
274 22 133 23 3432 1
275 29 133 23 3432 1
276 36 133 23 3432 1
277 9 134 53 5241 1
278 17 134 53 5241 1
279 25 134 53 5241 1
280 9 132 15 1712 1
281 24 118 27 3908 1
282 20 137 21 3522 1
283 8 140 10 965 1
284 9 140 53 4930 1
285 17 140 53 4930 1
286 11 149 10 863 1
287 21 149 10 863 1
288 11 145 24 3758 1
289 21 145 24 3758 1
290 7 154 13 2991 1
291 7 151 25 2418 1
292 11 149 22 2147 1
293 21 149 22 2147 1
294 13 149 42 6458 1
295 23 167 3 403 1
296 12 167 17 1989 1
297 23 167 17 1989 1
298 8 160 14 2992 1
299 9 147 13 2837 1
300 21 160 40 7794 1
301 10 165 23 4536 1
302 8 160 43 4753 1
303 15 160 43 4753 1
304 22 160 43 4753 1
305 29 160 43 4753 1
306 14 149 26 2375 1
307 22 160 44 5372 1
308 11 167 28 6984 1
309 21 167 28 6984 1
310 10 170 14 3056 1
311 19 170 14 3056 1
312 8 168 36 8643 1
313 15 168 36 8643 1
314 24 161 31 3827 1
315 7 169 27 4381 1
316 13 169 27 4381 1
317 15 167 10 1317 1
318 11 161 31 7308 1
319 33 170 35 3544 1
320 11 151 22 3640 1
321 21 151 22 3640 1
322 31 151 22 3640 1
323 7 165 40 8568 1
324 12 161 37 3710 1
325 7 149 26 2728 1
326 9 151 30 2639 1
327 7 154 23 5114 1
328 9 165 24 3106 1
329 12 147 2 363 1
330 33 168 52 4369 1
331 13 170 33 3622 1
332 25 170 33 3622 1
333 24 151 15 2791 1
334 47 151 15 2791 1
335 15 158 15 1282 1
336 15 165 35 6632 1
337 15 169 27 2766 1
338 47 154 33 6115 1
339 12 145 22 4422 1
340 37 149 18 3492 1
341 12 154 28 2943 1
342 23 154 28 2943 1
343 34 154 28 2943 1
344 12 158 13 1212 1
345 23 158 13 1212 1
346 9 169 3 552 1
347 11 165 13 3050 1
348 21 165 13 3050 1
349 31 165 13 3050 1
350 8 169 60 15122 1
351 15 169 60 15122 1
352 22 169 60 15122 1
353 22 168 38 7772 1
354 15 157 23 2913 1
355 17 145 24 4790 1
356 16 145 7 513 1
357 17 169 57 13925 1
358 20 158 50 5263 1
359 16 160 30 2898 1
360 17 169 21 4836 1
361 14 157 77 17066 1
362 9 161 35 6728 1
363 17 157 23 2959 1
364 15 158 33 4522 1
365 16 161 33 4763 1
366 16 149 19 1981 1
367 16 158 19 2343 1
368 11 149 9 911 1
369 15 147 10 1873 1
370 29 147 10 1873 1
371 24 147 21 2974 1
372 15 168 27 6396 1
373 18 157 9 1779 1
374 15 168 29 4181 1
375 29 168 29 4181 1
376 36 168 72 14383 1
377 8 165 36 5971 1
378 11 168 5 1178 1
379 13 154 12 1967 1
380 25 154 12 1967 1
381 12 149 31 6590 1
382 29 165 9 1195 1
383 9 161 4 868 1
384 12 154 23 3952 1
385 23 154 23 3952 1
386 11 167 23 4346 1
387 8 158 34 8050 1
388 12 158 13 1439 1
389 15 158 33 4867 1
390 10 167 25 5339 1
391 13 154 26 4417 1
392 11 158 23 1929 1
393 9 170 52 10161 1
394 13 149 45 4318 1
395 25 149 45 4318 1
396 13 157 23 4329 1
397 15 170 53 7203 1
398 9 167 21 2557 1
399 17 167 21 2557 1
400 13 147 23 4316 1
401 25 147 23 4316 1
402 37 147 23 4316 1
403 8 168 33 4430 1
404 13 160 27 5474 1
405 22 168 39 7864 1
406 8 149 5 892 1
407 19 167 51 9129 1
408 9 168 13 2615 1
409 10 167 31 6620 1
410 18 167 31 7608 1
411 41 168 40 6763 1
412 10 154 36 5767 1
413 19 154 36 5767 1
414 12 169 25 4435 1
415 12 168 33 4052 1
416 8 147 26 4916 1
417 8 170 8 1068 1
418 12 147 28 2409 1
419 13 161 23 4838 1
420 14 167 47 5644 1
421 27 167 47 5644 1
422 40 167 47 5644 1
423 9 145 21 3229 1
424 15 165 30 5667 1
425 29 165 30 5667 1
426 43 165 30 5667 1
427 57 165 30 5667 1
428 12 149 17 3106 1
429 23 149 17 3106 1
430 16 167 19 3160 1
431 36 157 27 6194 1
432 9 158 36 3359 1
433 9 145 14 1779 1
434 15 145 38 6598 1
435 21 147 31 6481 1
436 17 161 10 1584 1
437 9 168 14 2861 1
438 12 154 31 4971 1
439 17 151 24 2221 1
440 8 160 42 6967 1
441 23 149 40 4382 1
442 16 149 62 9721 1
443 12 160 18 3435 1
444 9 169 33 5824 1
445 17 169 33 5824 1
446 13 161 28 3975 1
447 23 157 13 1727 1
448 9 169 48 11228 1
449 13 147 28 3623 1
450 25 147 28 3623 1
451 12 149 20 2142 1
452 23 149 20 2142 1
453 14 157 41 3345 1
454 17 160 41 4314 1
455 33 160 41 4314 1
456 3 165 22 2575 1
457 12 169 25 5039 1
458 16 170 43 4300 1
459 31 170 43 4300 1
460 15 160 23 4025 1
461 16 168 6 1234 1
462 31 168 6 1234 1
463 15 161 28 3719 1
464 11 168 50 9372 1
465 24 145 11 1409 1
466 12 149 26 2300 1
467 9 161 24 4842 1
468 2 145 27 2374 1
469 14 147 14 1179 1
470 36 165 29 2425 1
471 9 169 26 4445 1
472 13 170 25 4954 1
473 15 160 35 4116 1
474 11 165 32 6891 1
475 9 149 1 209 1
476 8 154 38 5446 1
477 13 161 32 5950 1
478 25 161 32 5950 1
479 37 161 32 5950 1
480 49 161 32 5950 1
481 61 161 32 5950 1
482 15 168 26 5906 1
483 19 169 39 7700 1
484 16 168 27 6566 1
485 8 160 27 5761 1
486 11 167 29 6396 1
487 16 145 38 3977 1
488 21 160 23 4998 1
489 15 147 23 4955 1
490 17 161 67 13430 1
491 14 147 12 1526 1
492 27 147 12 1526 1
493 7 170 10 1645 1
494 13 170 10 1645 1
495 15 169 21 5169 1
496 29 169 21 5169 1
497 10 147 47 4753 1
498 19 147 47 4753 1
499 23 170 21 5200 1
500 23 149 27 5851 1
501 11 149 24 1844 1
502 21 149 24 1844 1
503 31 149 24 1844 1
504 41 149 24 1844 1
505 51 149 24 1844 1
506 11 160 25 3915 1
507 23 157 31 3369 1
508 11 149 17 2986 1
509 21 149 17 2986 1
510 31 149 17 2986 1
511 41 149 17 2986 1
512 51 149 17 2986 1
513 9 167 39 3967 1
514 11 151 41 5273 1
515 21 151 41 5273 1
516 31 151 41 5273 1
517 22 158 34 3037 1
518 8 147 21 1553 1
519 8 160 32 7375 1
520 13 157 22 4278 1
521 25 157 22 4278 1
522 13 158 20 4499 1
523 16 167 53 4736 1
524 15 167 44 6389 1
525 12 154 7 558 1
526 9 147 14 2206 1
527 12 170 28 4954 1
528 12 160 23 4389 1
529 23 160 23 4389 1
530 7 145 47 5775 1
531 12 151 28 3042 1
532 43 168 21 4970 1
533 15 154 30 6882 1
534 29 154 30 6882 1
535 3 158 41 5565 1
536 12 161 36 8648 1
537 22 165 25 2618 1
538 12 157 62 10826 1
539 8 151 29 2718 1
540 12 168 35 7775 1
541 15 169 8 1675 1
542 12 149 28 4973 1
543 23 149 28 4973 1
544 34 149 28 4973 1
545 16 170 17 1689 1
546 31 170 17 1689 1
547 16 169 23 2649 1
548 3 145 72 13012 1
549 17 145 43 6160 1
550 23 161 32 3461 1
551 15 167 33 5769 1
552 12 147 26 2030 1
553 15 158 16 1561 1
554 9 157 25 4774 1
555 13 154 23 5082 1
556 16 145 15 2421 1
557 31 145 15 2421 1
558 23 165 13 3115 1
559 12 151 15 1584 1
560 23 151 15 1584 1
561 34 151 15 1584 1
562 23 170 16 3218 1
563 10 168 9 1072 1
564 18 161 29 5230 1
565 7 157 4 335 1
566 13 170 11 1848 1
567 22 154 35 6028 1
568 12 154 39 6582 1
569 24 154 27 5618 1
570 42 154 14 2475 1
571 24 154 3 242 1
572 15 167 17 1708 1
573 23 165 28 3786 1
574 9 167 30 6101 1
575 9 151 29 4409 1
576 17 151 29 4409 1
577 16 167 46 7511 1
578 31 167 46 7511 1
579 12 145 34 4906 1
580 10 154 12 2163 1
581 13 169 3 701 1
582 25 169 3 701 1
583 37 169 3 701 1
584 12 145 19 3016 1
585 9 161 35 4101 1
586 25 145 23 4598 1
587 45 184 15 3957 1
588 89 184 15 3957 1
589 115 197 14 3220 1
590 16 184 27 5589 1
591 36 210 26 5346 1
592 45 183 18 4381 1
593 35 197 5 659 1
594 43 183 18 2170 1
595 85 183 18 2170 1
596 59 175 11 2000 1
597 42 194 17 3583 1
598 83 194 17 3583 1
599 44 184 20 3547 1
600 41 210 28 7238 1
601 36 175 22 3681 1
602 37 195 28 3931 1
603 45 184 28 4859 1
604 89 184 28 4859 1
605 37 194 24 6580 1
606 15 197 23 2534 1
607 37 194 20 2994 1
608 42 210 36 4740 1
609 37 183 19 2637 1
610 16 178 17 2543 1
611 37 198 12 2999 1
612 59 178 19 2877 1
613 44 194 15 3009 1
614 43 198 33 5379 1
615 40 195 9 1191 1
616 43 207 67 17706 1
617 85 207 67 17706 1
618 58 175 16 3302 1
619 76 210 13 1512 1
620 40 210 25 3485 1
621 57 207 26 3163 1
622 36 198 43 11000 1
623 43 175 15 3281 1
624 6 198 12 2026 1
625 18 195 9 1221 1
626 35 195 9 1221 1
627 43 208 20 4982 1
628 31 210 23 2558 1
629 50 210 23 4316 1
630 59 211 22 6678 1
631 36 195 18 2236 1
632 56 197 12 2003 1
633 33 208 30 7381 1
634 15 175 9 1128 1
635 29 175 9 1128 1
636 43 197 40 10710 1
637 112 211 19 2170 1
638 16 178 12 1622 1
639 31 178 12 1622 1
640 15 197 23 5022 1
641 30 194 21 4235 1
642 15 195 10 1677 1
643 43 207 17 2271 1
644 38 211 26 4771 1
645 57 210 17 3134 1
646 24 198 29 8256 1
647 16 184 22 3400 1
648 44 198 21 6007 1
649 24 198 29 7236 1
650 36 208 14 1768 1
651 43 210 11 1547 1
652 70 210 21 6176 1
653 43 208 37 5326 1
654 85 208 37 5326 1
655 127 208 37 5326 1
656 43 175 13 2466 1
657 45 194 22 2794 1
658 56 207 22 3691 1
659 43 194 19 4307 1
660 23 175 10 1817 1
661 37 210 22 4243 1
662 73 210 22 4243 1
663 109 210 22 4243 1
664 35 211 12 1643 1
665 69 211 12 1643 1
666 44 211 35 6061 1
667 87 211 35 6061 1
668 15 194 13 2323 1
669 9 183 11 2873 1
670 17 183 11 2873 1
671 16 208 13 2516 1
672 44 197 11 3116 1
673 43 211 12 2969 1
674 85 211 12 2969 1
675 71 175 9 925 1
676 39 175 11 2481 1
677 23 207 22 3329 1
678 57 175 15 1353 1
679 41 210 9 1492 1
680 19 210 10 1976 1
681 37 275 20 5899 1
682 28 257 14 3836 1
683 30 230 29 8643 1
684 58 243 17 6009 1
685 36 243 40 8143 1
686 71 243 40 8143 1
687 106 243 40 8143 1
688 141 243 40 8143 1
689 176 243 40 8143 1
690 40 255 19 3012 1
691 37 255 39 13142 1
692 31 254 26 8960 1
693 36 274 44 17741 1
694 36 261 26 8401 1
695 71 261 26 8401 1
696 52 274 47 11242 1
697 58 279 17 4713 1
698 30 259 26 5891 1
699 16 265 21 6215 1
700 56 230 24 2945 1
701 37 261 29 6846 1
702 73 261 29 6846 1
703 57 265 25 7011 1
704 113 265 25 7011 1
705 50 264 18 5730 1
706 41 254 19 6330 1
707 70 268 32 10833 1
708 37 265 30 7650 1
709 37 222 24 3552 1
710 73 222 24 3552 1
711 109 222 24 3552 1
712 57 220 26 6832 1
713 37 221 19 4406 1
714 31 228 24 5591 1
715 57 275 44 12060 1
716 57 268 23 8079 1
717 113 268 23 8079 1
718 29 257 22 4173 1
719 65 243 12 2696 1
720 57 277 16 5662 1
721 113 277 16 5662 1
722 169 277 16 5662 1
723 57 260 26 5255 1
724 57 220 25 8100 1
725 37 230 30 4077 1
726 50 216 22 4210 1
727 34 279 27 5068 1
728 67 279 27 5068 1
729 57 265 40 14693 1
730 36 275 20 5795 1
731 71 275 20 5795 1
732 89 240 39 11995 1
733 58 268 24 5470 1
734 52 272 31 5113 1
735 37 268 24 8561 1
736 57 259 13 3817 1
737 36 216 22 4430 1
738 71 216 22 4430 1
739 36 265 24 3369 1
740 37 221 23 6884 1
741 30 257 23 7343 1
742 50 262 32 9894 1
743 37 240 23 3504 1
744 57 259 17 4901 1
745 51 262 28 3777 1
746 50 265 21 4226 1
747 36 222 27 3378 1
748 50 230 17 4752 1
749 37 261 14 4095 1
750 34 276 10 3017 1
751 57 255 23 5105 1
752 88 254 31 8780 1
753 57 265 22 5228 1
754 68 255 15 2803 1
755 57 243 19 5856 1
756 113 243 19 5856 1
757 92 221 13 4188 1
758 46 222 19 5031 1
759 38 274 26 5403 1
760 75 274 26 5403 1
761 57 265 36 7519 1
762 37 272 27 9087 1
763 57 239 14 4858 1
764 29 268 47 12974 1
765 57 239 25 3081 1
766 56 221 15 3621 1
767 57 265 36 13097 1
768 36 254 23 4116 1
769 71 254 23 4116 1
770 106 254 23 4116 1
771 57 254 24 8692 1
772 57 255 10 1928 1
773 37 268 34 8299 1
774 73 268 34 8299 1
775 15 277 26 5009 1
776 36 292 27 10767 1
777 79 316 26 11015 1
778 57 336 45 9470 1
779 113 336 45 9470 1
780 169 336 45 9470 1
781 225 336 45 9470 1
782 30 336 23 9407 1
783 36 304 11 1820 1
784 56 292 30 9743 1
785 111 292 30 9743 1
786 28 333 42 16580 1
787 58 293 24 4340 1
788 115 293 24 4340 1
789 36 299 29 12213 1
790 58 324 35 13130 1
791 58 336 38 17462 1
792 115 336 38 17462 1
793 172 336 38 17462 1
794 229 336 38 17462 1
795 286 336 38 17462 1
796 58 293 30 12147 1
797 115 293 30 12147 1
798 172 293 30 12147 1
799 65 335 32 7794 1
800 23 292 39 7382 1
801 67 335 55 13823 1
802 29 281 16 5990 1
803 36 294 33 14359 1
804 71 294 33 14359 1
805 58 304 30 10511 1
806 58 335 10 4745 1
807 115 335 10 4745 1
808 58 335 37 7022 1
809 115 335 37 7022 1
810 172 335 37 7022 1
811 55 316 13 3061 1
812 109 316 13 3061 1
813 163 316 13 3061 1
814 60 286 8 2576 1
815 119 286 8 2576 1
816 36 305 43 14202 1
817 77 333 40 12072 1
818 60 332 34 12208 1
819 57 335 39 18624 1
820 86 294 38 5989 1
821 171 294 38 5989 1
822 37 323 43 17262 1
823 57 316 19 7400 1
824 58 299 30 10697 1
825 115 299 30 10697 1
826 172 299 30 10697 1
827 57 300 36 7543 1
828 113 300 36 7543 1
829 169 300 36 7543 1
830 225 300 36 7543 1
831 281 300 36 7543 1
832 337 300 36 7543 1
833 35 303 34 8185 1
834 56 304 35 13251 1
835 58 337 33 13142 1
836 57 337 14 3026 1
837 97 292 26 4299 1
838 193 292 26 4299 1
839 57 282 39 10672 1
840 37 336 37 10531 1
841 56 338 11 4601 1
842 57 303 27 5105 1
843 113 303 27 5105 1
844 169 303 27 5105 1
845 30 292 37 11955 1
846 57 304 33 6679 1
847 113 304 33 6679 1
848 169 304 33 6679 1
849 225 304 33 6679 1
850 59 333 51 19849 1
851 37 282 33 6429 1
852 5 294 31 11298 1
853 57 337 24 10922 1
854 80 286 8 1614 1
855 35 324 26 9303 1
856 57 303 33 8552 1
857 57 336 39 14281 1
858 113 336 39 14281 1
859 56 338 25 5130 1
860 111 338 25 5130 1
861 166 338 25 5130 1
862 73 334 42 13467 1
863 33 304 27 7408 1
864 57 286 29 10117 1
865 113 286 29 10117 1
866 57 304 34 11022 1
867 58 292 32 11602 1
868 115 292 32 11602 1
869 172 292 32 11602 1
870 59 292 13 3189 1
871 57 299 17 3911 1
872 113 299 17 3911 1
873 57 299 32 13232 1
874 31 304 44 15987 1
875 79 292 53 17595 1
876 37 293 26 11293 1
877 58 282 28 5559 1
878 36 305 33 8972 1
879 60 304 30 8905 1
880 73 324 21 8651 1
881 58 304 24 6056 1
882 115 304 24 6056 1
883 79 349 54 15784 1
884 78 369 26 8011 1
885 79 364 53 12248 1
886 157 364 53 12248 1
887 71 349 27 13336 1
888 77 365 43 8723 1
889 73 349 51 14725 1
890 73 363 45 11930 1
891 78 366 43 10413 1
892 155 366 43 10413 1
893 70 369 12 3987 1
894 80 349 38 17519 1
895 85 368 34 18257 1
896 77 368 43 9086 1
897 77 369 48 18724 1
898 79 349 29 6235 1
899 157 349 29 6235 1
900 61 368 46 23910 1
901 121 368 46 23910 1
902 79 366 20 10119 1
903 78 363 71 33650 1
904 155 363 71 33650 1
905 64 365 66 27915 1
906 70 369 25 7560 1
907 78 364 48 16539 1
908 70 365 96 21685 1
909 79 365 44 11217 1
910 70 349 40 15987 1
911 66 363 16 4313 1
912 58 366 42 17623 1
913 115 366 42 17623 1
914 71 364 23 7359 1
915 65 368 44 22100 1
916 129 368 44 22100 1
917 193 368 44 22100 1
918 72 369 50 16990 1
919 85 368 46 8611 1
920 72 366 49 12457 1
921 85 366 46 17483 1
922 79 365 56 18723 1
923 96 369 60 32129 1
924 85 369 30 8255 1
925 169 369 30 8255 1
926 84 365 73 19113 1
927 71 368 38 7174 1
928 69 363 42 15447 1
929 142 368 50 22299 1
930 85 368 26 7467 1
931 79 369 62 13718 1
932 157 369 62 13718 1
933 71 364 25 10480 1
934 85 363 45 13270 1
935 71 366 50 21228 1
936 71 369 37 7791 1
937 65 365 64 21189 1
938 129 365 64 21189 1
939 78 363 43 16293 1
940 102 363 90 44285 1
941 86 364 47 19604 1
942 85 363 31 15313 1
943 79 368 47 11993 1
944 157 368 47 11993 1
945 82 366 42 11851 1
946 77 364 32 6530 1
947 73 363 50 19005 1
948 145 363 50 19005 1
949 90 364 26 7910 1
950 72 363 54 13581 1
951 143 363 54 13581 1
952 214 363 54 13581 1
953 285 363 54 13581 1
954 80 363 45 15267 1
955 85 365 46 10380 1
956 80 365 59 28949 1
957 71 349 29 7586 1
958 79 349 54 15593 1
959 96 366 39 7300 1
960 78 364 75 40843 1
961 78 366 45 14295 1
962 72 349 24 11976 1
963 79 363 35 8302 1
964 71 363 41 14405 1
965 85 364 37 7287 1
966 90 369 36 16107 1
967 122 369 66 15305 1
968 68 349 37 18194 1
969 135 349 37 18194 1
970 202 349 37 18194 1
971 93 369 35 10617 1
972 72 349 29 11620 1
973 78 366 46 8419 1
974 85 363 48 14222 1
975 71 366 28 13580 1
976 141 366 28 13580 1
977 211 366 28 13580 1
978 78 349 28 11602 1
979 155 349 28 11602 1
980 70 363 37 14441 1
981 139 363 37 14441 1
982 95 368 27 8933 1
983 78 366 38 20531 1
984 76 349 40 9684 1
985 78 368 49 21963 1
986 155 368 49 21963 1
987 71 369 55 24924 1
988 71 349 31 6081 1
989 60 363 37 17144 1
990 72 363 52 17657 1
991 86 363 23 7833 1
992 73 366 62 17699 1
993 145 366 62 17699 1
994 86 364 55 10385 1
995 171 364 55 10385 1
996 95 364 30 10481 1
997 83 366 51 15864 1
998 72 349 38 15536 1
999 114 365 31 16841 1
1000 63 365 37 16301 1
1001 77 366 36 12674 1
1002 100 363 32 7809 1
1003 78 365 43 20302 1
1004 79 364 59 30646 1
1005 84 368 40 21070 1
1006 79 366 51 17642 1
1007 157 366 51 17642 1
1008 72 366 59 22910 1
1009 100 363 45 16584 1
1010 73 349 34 12434 1
1011 56 364 43 9264 1
1012 71 366 47 18905 1
1013 60 369 28 7003 1
1014 64 368 40 19508 1
1015 127 368 40 19508 1
1016 81 398 36 16243 1
1017 92 398 36 14937 1
1018 183 398 36 14937 1
1019 79 400 53 12739 1
1020 157 400 53 12739 1
1021 93 396 30 6480 1
1022 83 398 65 13414 1
1023 165 398 65 13414 1
1024 94 400 28 11271 1
1025 187 400 28 11271 1
1026 91 400 43 11851 1
1027 181 400 43 11851 1
1028 90 397 57 24067 1
1029 179 397 57 24067 1
1030 268 397 57 24067 1
1031 79 397 73 19928 1
1032 157 397 73 19928 1
1033 79 399 59 23608 1
1034 157 399 59 23608 1
1035 235 399 59 23608 1
1036 79 397 43 21596 1
1037 102 400 8 4487 1
16
500 500 500 500 425 425 400 400 440 500 500 400 500 500 500 550 