1037
1 9 141 17 1698 1
2 9 129 29 4677 1
3 9 118 22 3004 1
4 16 141 20 1996 1
5 15 121 19 2774 1
6 7 138 22 3240 1
7 25 121 27 2765 1
8 15 137 44 3485 1
9 9 134 20 3766 1
10 9 118 41 6695 1
11 20 101 2 167 1
12 8 101 25 3124 1
13 8 117 1 87 1
14 15 117 1 87 1
15 9 141 23 3599 1
16 12 132 44 5937 1
17 15 132 46 4681 1
18 15 138 31 4280 1
19 29 138 31 4280 1
20 28 133 25 4223 1
21 10 139 24 3973 1
22 11 140 18 1535 1
23 16 117 21 1353 1
24 43 125 22 3969 1
25 9 138 51 5542 1
26 8 127 24 2997 1
27 9 125 28 3050 1
28 17 125 28 3050 1
29 25 125 28 3050 1
30 33 125 28 3050 1
31 18 125 23 3413 1
32 23 137 25 3240 1
33 8 133 24 3642 1
34 10 125 14 1118 1
35 103 133 37 5935 1
36 9 125 25 2153 1
37 17 125 25 2153 1
38 8 141 13 2314 1
39 15 141 13 2314 1
40 22 141 13 2314 1
41 29 141 13 2314 1
42 36 141 13 2314 1
43 43 141 13 2314 1
44 50 141 13 2314 1
45 11 138 27 4104 1
46 22 138 29 3319 1
47 8 133 33 3705 1
48 9 132 47 7623 1
49 17 132 47 7623 1
50 25 132 47 7623 1
51 8 132 24 3034 1
52 15 132 24 3034 1
53 22 132 24 3034 1
54 29 132 24 3034 1
55 36 132 24 3034 1
56 9 129 23 3706 1
57 16 139 27 4800 1
58 9 137 11 1590 1
59 4 132 31 3038 1
60 7 132 31 3038 1
61 10 132 31 3038 1
62 18 137 24 2553 1
63 9 132 21 3369 1
64 15 139 24 4202 1
65 9 134 9 964 1
66 17 134 9 964 1
67 25 134 9 964 1
68 33 134 9 964 1
69 8 133 27 1859 1
70 149 137 22 4257 1
71 9 101 39 2601 1
72 17 101 39 2601 1
73 12 118 13 2186 1
74 15 125 11 1728 1
75 5 134 11 876 1
76 9 134 11 876 1
77 5 129 12 1479 1
78 16 134 35 5059 1
79 3 134 37 5992 1
80 5 134 37 5992 1
81 16 127 27 4317 1
82 8 134 39 7529 1
83 15 101 13 743 1
84 16 132 12 865 1
85 31 132 12 865 1
86 16 140 43 7341 1
87 25 139 16 1436 1
88 5 138 28 3287 1
89 9 121 35 3448 1
90 17 121 35 3448 1
91 25 137 27 2180 1
92 14 133 22 3216 1
93 9 121 17 1999 1
94 9 125 35 2773 1
95 9 139 22 3619 1
96 17 125 36 3058 1
97 23 132 38 5161 1
98 10 137 7 799 1
99 15 118 5 541 1
100 9 141 24 2650 1
101 17 141 24 2650 1
102 10 125 26 3398 1
103 7 129 6 864 1
104 9 138 13 1102 1
105 9 134 27 2111 1
106 10 132 31 3055 1
107 9 140 17 1687 1
108 10 140 27 4692 1
109 15 117 26 2198 1
110 8 127 13 857 1
111 15 127 13 857 1
112 22 127 13 857 1
113 9 117 13 1079 1
114 17 117 13 1079 1
115 16 134 20 3903 1
116 10 129 12 981 1
117 19 129 12 981 1
118 28 129 12 981 1
119 9 140 46 6458 1
120 9 137 44 3185 1
121 9 140 16 2634 1
122 17 140 16 2634 1
123 11 139 1 196 1
124 15 127 33 5072 1
125 15 101 3 215 1
126 9 140 44 5246 1
127 17 140 44 5246 1
128 25 140 44 5246 1
129 11 121 24 3370 1
130 8 141 32 6763 1
131 20 133 27 2224 1
132 9 137 31 4576 1
133 16 138 29 5970 1
134 8 140 23 4295 1
135 15 140 23 4295 1
136 22 140 23 4295 1
137 29 140 23 4295 1
138 8 125 41 4736 1
139 15 125 41 4736 1
140 22 125 41 4736 1
141 9 132 8 830 1
142 16 133 28 3590 1
143 31 133 28 3590 1
144 9 125 15 2017 1
145 9 121 28 2875 1
146 7 140 49 9023 1
147 16 134 25 3371 1
148 9 125 25 3730 1
149 9 121 46 7482 1
150 17 121 46 7482 1
151 9 140 40 6814 1
152 12 134 43 5562 1
153 15 117 13 868 1
154 29 117 13 868 1
155 10 118 7 970 1
156 9 127 35 5608 1
157 8 141 28 2785 1
158 15 141 28 2785 1
159 22 141 28 2785 1
160 29 141 28 2785 1
161 36 141 28 2785 1
162 43 141 28 2785 1
163 50 141 28 2785 1
164 57 141 28 2785 1
165 8 139 41 6157 1
166 8 141 30 2225 1
167 15 141 30 2225 1
168 14 125 33 4224 1
169 6 125 14 2485 1
170 8 117 53 6648 1
171 15 117 53 6648 1
172 15 133 22 1666 1
173 15 140 36 6415 1
174 8 118 21 2046 1
175 9 140 26 2810 1
176 8 140 19 1561 1
177 15 140 19 1561 1
178 22 140 19 1561 1
179 29 140 19 1561 1
180 36 140 19 1561 1
181 16 138 23 2914 1
182 23 132 17 3140 1
183 9 139 28 3338 1
184 9 117 50 6562 1
185 4 137 24 2299 1
186 15 117 24 3844 1
187 9 132 20 2502 1
188 17 132 20 2502 1
189 9 117 20 1423 1
190 17 117 20 1423 1
191 4 117 16 1052 1
192 7 117 16 1052 1
193 12 129 17 3256 1
194 26 129 12 926 1
195 9 121 39 2372 1
196 17 121 39 2372 1
197 11 117 26 4261 1
198 9 134 23 4031 1
199 2 134 48 4913 1
200 14 139 20 2709 1
201 5 117 35 2901 1
202 9 117 35 2901 1
203 6 125 23 3518 1
204 10 134 15 1694 1
205 11 141 8 740 1
206 21 141 8 740 1
207 14 125 20 2221 1
208 15 140 41 7458 1
209 8 121 22 1567 1
210 15 121 22 1567 1
211 22 121 22 1567 1
212 9 101 17 2301 1
213 10 127 27 2297 1
214 19 127 27 2297 1
215 8 129 18 1720 1
216 15 129 18 1720 1
217 22 129 18 1720 1
218 29 129 18 1720 1
219 36 129 18 1720 1
220 9 137 17 2981 1
221 17 137 17 2981 1
222 8 139 25 2339 1
223 15 118 27 3087 1
224 17 118 21 2746 1
225 24 118 6 763 1
226 9 121 24 2397 1
227 8 125 28 2097 1
228 15 125 28 2097 1
229 23 134 25 3359 1
230 8 101 21 2200 1
231 7 132 18 2812 1
232 7 139 35 4299 1
233 13 139 35 4299 1
234 9 134 26 4598 1
235 4 121 26 2184 1
236 14 137 17 3155 1
237 8 140 29 3410 1
238 8 117 6 869 1
239 15 117 6 869 1
240 6 127 13 2371 1
241 11 127 13 2371 1
242 11 141 1 150 1
243 21 141 1 150 1
244 31 141 1 150 1
245 41 141 1 150 1
246 8 127 7 886 1
247 8 127 34 4955 1
248 15 127 34 4955 1
249 22 127 34 4955 1
250 8 134 62 8821 1
251 15 134 62 8821 1
252 9 121 19 1176 1
253 8 127 19 1513 1
254 15 127 19 1513 1
255 9 132 45 7253 1
256 9 132 13 1325 1
257 8 133 29 3858 1
258 8 101 25 3783 1
259 9 132 42 3346 1
260 15 139 15 1640 1
261 67 129 27 4126 1
262 10 134 19 2776 1
263 86 127 19 2067 1
264 12 137 24 1958 1
265 8 140 38 6041 1
266 15 140 38 6041 1
267 22 140 38 6041 1
268 9 137 29 5860 1
269 15 138 20 4119 1
270 8 138 32 2538 1
271 15 101 18 2028 1
272 56 125 32 5722 1
273 9 134 21 2065 1
274 9 101 41 3509 1
275 15 129 22 2466 1
276 6 125 17 2282 1
277 18 138 21 1826 1
278 35 138 21 1826 1
279 16 101 30 2445 1
280 8 118 4 270 1
281 15 118 4 270 1
282 16 132 22 4343 1
283 19 134 10 851 1
284 16 137 20 3027 1
285 20 132 12 1116 1
286 9 168 20 2715 1
287 17 168 20 2715 1
288 10 167 17 2045 1
289 10 161 27 3212 1
290 19 161 27 3212 1
291 28 161 27 3212 1
292 37 161 27 3212 1
293 46 161 27 3212 1
294 11 160 12 1246 1
295 21 160 12 1246 1
296 31 160 12 1246 1
297 32 151 34 3268 1
298 9 169 29 6403 1
299 10 161 36 6509 1
300 8 149 18 3501 1
301 12 149 27 5870 1
302 23 149 27 5870 1
303 34 149 27 5870 1
304 12 167 9 1415 1
305 23 167 9 1415 1
306 13 165 35 4863 1
307 15 149 17 2955 1
308 27 167 52 4614 1
309 24 160 29 2357 1
310 47 160 29 2357 1
311 16 165 24 2085 1
312 9 170 22 4827 1
313 8 165 27 5957 1
314 16 158 32 6707 1
315 11 168 25 2226 1
316 21 168 25 2226 1
317 31 168 25 2226 1
318 12 147 32 5269 1
319 23 147 32 5269 1
320 34 147 32 5269 1
321 45 147 32 5269 1
322 56 147 32 5269 1
323 20 149 25 1895 1
324 16 147 18 3654 1
325 26 157 36 5415 1
326 42 165 30 3039 1
327 12 147 12 1017 1
328 38 151 31 2546 1
329 15 158 34 6228 1
330 8 151 26 4299 1
331 12 160 79 6492 1
332 23 160 79 6492 1
333 34 160 79 6492 1
334 12 170 43 4543 1
335 12 165 4 603 1
336 23 165 4 603 1
337 26 165 5 906 1
338 12 151 25 3294 1
339 12 147 27 2334 1
340 23 147 27 2334 1
341 34 147 27 2334 1
342 23 157 19 4235 1
343 14 157 30 4831 1
344 11 145 22 3768 1
345 9 154 34 3559 1
346 13 147 6 902 1
347 11 158 32 4579 1
348 21 158 32 4579 1
349 31 158 32 4579 1
350 15 167 45 6452 1
351 16 165 5 1115 1
352 12 168 12 2524 1
353 23 168 12 2524 1
354 19 145 33 5040 1
355 11 154 18 2431 1
356 12 168 20 3497 1
357 12 165 1 211 1
358 23 165 1 211 1
359 34 165 1 211 1
360 14 161 13 2906 1
361 12 168 22 3296 1
362 23 168 22 3296 1
363 34 168 22 3296 1
364 12 169 26 2955 1
365 12 167 27 4168 1
366 12 160 50 6358 1
367 9 160 22 3754 1
368 13 151 35 7701 1
369 16 167 18 3440 1
370 12 151 5 775 1
371 8 154 55 7460 1
372 15 154 55 7460 1
373 22 154 55 7460 1
374 15 149 32 5825 1
375 11 160 44 6447 1
376 12 158 7 1228 1
377 23 158 7 1228 1
378 14 169 45 8707 1
379 10 151 56 6494 1
380 15 149 55 8551 1
381 15 169 11 2635 1
382 29 169 11 2635 1
383 9 168 22 3649 1
384 15 169 54 6230 1
385 17 161 13 2818 1
386 11 145 45 3796 1
387 4 158 17 2432 1
388 10 161 36 7591 1
389 9 154 21 2719 1
390 8 169 25 2122 1
391 8 149 12 1655 1
392 15 158 5 498 1
393 31 149 20 1700 1
394 11 157 41 6951 1
395 8 165 39 6023 1
396 23 149 8 1321 1
397 45 149 8 1321 1
398 15 158 12 1611 1
399 12 147 34 4219 1
400 8 145 8 1648 1
401 11 161 42 7465 1
402 21 161 42 7465 1
403 31 161 42 7465 1
404 41 161 42 7465 1
405 9 147 39 7590 1
406 12 157 7 1360 1
407 14 160 34 3731 1
408 22 169 10 1486 1
409 43 169 10 1486 1
410 24 158 28 4932 1
411 21 147 23 2951 1
412 9 168 37 3323 1
413 17 149 14 2020 1
414 14 165 56 9929 1
415 16 151 48 10305 1
416 24 167 9 813 1
417 14 149 24 2036 1
418 9 147 25 4534 1
419 15 149 24 2672 1
420 29 149 24 2672 1
421 43 149 24 2672 1
422 57 149 24 2672 1
423 71 149 24 2672 1
424 16 165 23 2559 1
425 7 170 38 8457 1
426 23 170 23 5334 1
427 13 167 16 3080 1
428 12 169 14 2461 1
429 15 161 24 4191 1
430 8 145 33 5700 1
431 15 145 33 5700 1
432 8 158 22 1774 1
433 15 158 22 1774 1
434 12 170 27 3319 1
435 13 161 12 1340 1
436 15 167 25 4014 1
437 37 158 12 2620 1
438 9 145 38 3015 1
439 12 149 33 7137 1
440 8 147 13 2370 1
441 11 160 34 2897 1
442 7 151 72 8843 1
443 8 149 36 5832 1
444 7 167 28 4865 1
445 10 161 36 6392 1
446 19 161 36 6392 1
447 28 161 36 6392 1
448 37 161 36 6392 1
449 13 167 14 2152 1
450 33 151 26 1996 1
451 23 168 55 6832 1
452 54 160 22 5016 1
453 12 154 51 7777 1
454 16 167 63 12601 1
455 12 147 26 5563 1
456 23 147 26 5563 1
457 34 147 26 5563 1
458 45 147 26 5563 1
459 56 147 26 5563 1
460 67 147 26 5563 1
461 78 147 26 5563 1
462 10 154 23 2014 1
463 11 151 38 7507 1
464 9 161 16 1892 1
465 8 167 54 7822 1
466 10 158 16 1575 1
467 19 158 16 1575 1
468 28 158 16 1575 1
469 16 165 20 3426 1
470 13 168 24 3795 1
471 12 161 47 6250 1
472 23 161 47 6250 1
473 12 154 38 4529 1
474 14 160 46 8708 1
475 27 160 46 8708 1
476 40 160 46 8708 1
477 53 160 46 8708 1
478 20 149 19 4213 1
479 10 167 24 4036 1
480 11 165 27 4666 1
481 21 165 27 4666 1
482 31 165 27 4666 1
483 9 165 41 7755 1
484 16 145 22 4194 1
485 31 145 22 4194 1
486 17 169 21 3159 1
487 13 169 53 11067 1
488 25 169 53 11067 1
489 15 157 18 1958 1
490 3 160 38 4653 1
491 15 145 14 1629 1
492 16 151 10 1593 1
493 11 165 15 2474 1
494 14 158 69 10602 1
495 17 160 16 2545 1
496 12 149 77 17107 1
497 23 149 77 17107 1
498 8 154 31 2402 1
499 15 154 31 2402 1
500 13 169 15 3201 1
501 13 147 40 6037 1
502 25 147 40 6037 1
503 9 151 21 2535 1
504 11 168 31 4484 1
505 21 168 31 4484 1
506 14 145 20 3835 1
507 27 145 20 3835 1
508 8 160 5 1188 1
509 17 145 17 2667 1
510 8 145 13 2707 1
511 11 158 25 4659 1
512 31 157 28 2327 1
513 9 147 27 2312 1
514 17 147 27 2312 1
515 12 161 34 6432 1
516 23 161 34 6432 1
517 34 161 34 6432 1
518 45 161 34 6432 1
519 12 169 31 4985 1
520 16 154 39 7127 1
521 12 170 26 2809 1
522 24 161 7 951 1
523 38 161 5 1168 1
524 16 167 38 5726 1
525 15 145 27 2326 1
526 12 145 13 1304 1
527 12 170 32 7924 1
528 15 145 14 1282 1
529 20 160 18 3318 1
530 12 160 18 2275 1
531 23 168 60 10401 1
532 9 161 7 646 1
533 15 149 24 4140 1
534 29 149 24 4140 1
535 12 154 38 4063 1
536 23 154 38 4063 1
537 34 154 38 4063 1
538 10 151 72 13155 1
539 19 151 72 13155 1
540 28 151 72 13155 1
541 13 154 42 4980 1
542 25 154 42 4980 1
543 8 168 10 2167 1
544 15 168 10 2167 1
545 13 145 21 3867 1
546 25 145 21 3867 1
547 13 151 43 6873 1
548 3 160 21 2273 1
549 12 161 15 1621 1
550 23 161 15 1621 1
551 15 158 23 2020 1
552 13 147 10 794 1
553 8 149 11 1382 1
554 15 149 11 1382 1
555 8 157 28 6572 1
556 13 167 24 3179 1
557 25 167 24 3179 1
558 7 154 17 1462 1
559 11 167 29 4566 1
560 21 167 29 4566 1
561 11 145 14 2214 1
562 15 161 50 11490 1
563 13 151 23 2889 1
564 25 151 23 2889 1
565 13 167 28 3103 1
566 13 169 24 2265 1
567 25 169 24 2265 1
568 37 169 24 2265 1
569 16 170 51 6624 1
570 12 160 14 3311 1
571 15 145 34 3690 1
572 21 161 34 3834 1
573 11 161 57 6911 1
574 21 161 57 6911 1
575 15 167 31 3299 1
576 29 167 31 3299 1
577 8 170 10 2173 1
578 23 161 57 8036 1
579 45 161 57 8036 1
580 11 147 11 1864 1
581 15 169 21 1804 1
582 8 149 55 5484 1
583 12 160 6 704 1
584 13 168 20 4248 1
585 9 160 40 6912 1
586 18 165 53 10127 1
587 16 175 9 1427 1
588 56 194 23 5803 1
589 15 178 7 1040 1
590 16 175 8 2034 1
591 23 210 30 6402 1
592 11 197 9 1365 1
593 42 207 7 1774 1
594 26 195 9 1613 1
595 56 195 29 8395 1
596 14 194 19 5200 1
597 17 208 18 1942 1
598 57 197 16 3644 1
599 113 197 16 3644 1
600 169 197 16 3644 1
601 45 195 29 3564 1
602 16 195 17 2892 1
603 15 183 15 3974 1
604 43 183 19 3032 1
605 36 197 20 4419 1
606 16 195 18 2872 1
607 15 178 24 2464 1
608 71 195 21 3176 1
609 40 208 26 5337 1
610 43 210 18 2375 1
611 85 210 18 2375 1
612 16 178 18 2170 1
613 15 184 17 4255 1
614 44 198 15 2435 1
615 87 198 15 2435 1
616 15 198 14 4061 1
617 44 184 13 3396 1
618 87 184 13 3396 1
619 130 184 13 3396 1
620 44 194 17 4430 1
621 57 197 16 2020 1
622 113 197 16 2020 1
623 37 178 14 2941 1
624 43 184 14 3259 1
625 85 184 14 3259 1
626 14 195 13 3189 1
627 58 195 17 2550 1
628 115 195 17 2550 1
629 172 195 17 2550 1
630 42 207 16 3711 1
631 43 183 29 6483 1
632 28 211 21 3088 1
633 13 184 22 3693 1
634 42 197 14 2587 1
635 42 211 22 5727 1
636 16 198 12 2847 1
637 31 198 12 2847 1
638 23 198 17 2853 1
639 14 198 16 3216 1
640 58 194 9 1501 1
641 45 207 21 3186 1
642 45 210 22 3402 1
643 43 195 12 2630 1
644 37 194 49 10348 1
645 16 183 11 2823 1
646 36 207 16 2018 1
647 43 183 13 3264 1
648 37 208 9 1341 1
649 15 207 25 5111 1
650 36 207 20 3652 1
651 57 194 20 3265 1
652 55 211 16 4158 1
653 72 208 7 1865 1
654 16 183 14 1775 1
655 56 178 15 2188 1
656 45 207 16 2422 1
657 22 184 21 4187 1
658 15 194 15 1484 1
659 29 194 15 1484 1
660 58 210 12 2510 1
661 27 211 13 2522 1
662 44 210 18 4162 1
663 58 183 19 4754 1
664 38 208 29 5427 1
665 75 208 29 5427 1
666 112 208 29 5427 1
667 41 178 25 4125 1
668 58 210 13 2546 1
669 17 197 12 3188 1
670 44 211 42 9433 1
671 57 178 17 2074 1
672 43 197 14 2638 1
673 85 197 14 2638 1
674 127 197 14 2638 1
675 45 175 15 3808 1
676 44 183 15 2910 1
677 57 195 14 4063 1
678 45 195 10 2541 1
679 89 195 10 2541 1
680 45 178 15 1860 1
681 57 272 23 4269 1
682 37 239 30 7443 1
683 36 258 20 6292 1
684 56 243 31 4949 1
685 22 279 20 4407 1
686 37 275 29 7261 1
687 16 267 26 5099 1
688 51 230 21 3201 1
689 36 277 22 7449 1
690 71 277 22 7449 1
691 91 240 36 5501 1
692 57 268 22 6999 1
693 31 220 13 3196 1
694 36 259 18 4892 1
695 93 254 25 5070 1
696 12 257 17 2819 1
697 50 276 11 2159 1
698 31 276 19 5285 1
699 51 230 28 3977 1
700 51 230 23 4939 1
701 31 275 17 5223 1
702 89 277 31 4370 1
703 58 240 13 1678 1
704 57 230 41 5773 1
705 113 230 41 5773 1
706 57 257 59 15303 1
707 58 254 27 6824 1
708 37 240 28 5772 1
709 37 257 22 4639 1
710 57 240 20 6343 1
711 29 261 13 2231 1
712 36 279 24 6497 1
713 71 279 24 6497 1
714 57 258 23 5319 1
715 52 267 37 9116 1
716 38 221 15 4473 1
717 33 239 22 6418 1
718 36 279 39 6878 1
719 58 267 25 7911 1
720 94 268 22 5114 1
721 16 222 21 3621 1
722 51 264 21 5006 1
723 36 262 34 13089 1
724 36 221 13 3832 1
725 15 260 23 6269 1
726 37 221 44 11530 1
727 73 221 44 11530 1
728 109 221 44 11530 1
729 36 257 22 4862 1
730 16 260 27 6213 1
731 32 228 24 4256 1
732 51 221 29 3869 1
733 57 255 17 6373 1
734 36 279 20 6601 1
735 97 268 35 7245 1
736 18 276 35 13130 1
737 61 243 16 3191 1
738 25 261 25 3707 1
739 29 230 27 7782 1
740 57 257 15 5476 1
741 66 274 31 10352 1
742 36 274 35 10167 1
743 36 268 27 5240 1
744 71 268 27 5240 1
745 63 277 28 8288 1
746 49 239 25 4521 1
747 16 272 35 6128 1
748 47 265 26 7223 1
749 70 260 20 5938 1
750 36 257 51 9274 1
751 37 257 20 6928 1
752 37 222 13 3485 1
753 73 222 13 3485 1
754 58 274 28 9938 1
755 65 254 17 4515 1
756 36 276 24 9155 1
757 37 230 34 6291 1
758 31 228 19 5922 1
759 91 221 20 3856 1
760 56 277 22 5735 1
761 30 272 14 2970 1
762 30 262 43 10511 1
763 36 257 25 9056 1
764 50 221 17 4276 1
765 57 276 27 8640 1
766 113 276 27 8640 1
767 50 279 21 3742 1
768 31 228 23 5600 1
769 37 279 16 3178 1
770 73 279 16 3178 1
771 36 258 17 3383 1
772 51 265 25 5484 1
773 36 240 22 3165 1
774 71 240 22 3165 1
775 36 277 25 6961 1
776 79 304 28 8881 1
777 157 304 28 8881 1
778 37 338 49 23831 1
779 73 338 49 23831 1
780 37 305 30 9898 1
781 47 300 37 12903 1
782 36 300 49 14499 1
783 57 332 34 9829 1
784 59 304 30 10314 1
785 117 304 30 10314 1
786 58 282 27 5977 1
787 59 286 45 19229 1
788 117 286 45 19229 1
789 59 336 22 10815 1
790 117 336 22 10815 1
791 175 336 22 10815 1
792 233 336 22 10815 1
793 59 281 53 13594 1
794 92 303 70 25785 1
795 37 336 26 4449 1
796 57 304 45 7182 1
797 113 304 45 7182 1
798 57 334 42 9284 1
799 81 324 19 5923 1
800 36 335 37 11992 1
801 57 305 23 7481 1
802 58 323 17 7917 1
803 37 332 19 9382 1
804 57 316 32 5073 1
805 113 316 32 5073 1
806 169 316 32 5073 1
807 225 316 32 5073 1
808 281 316 32 5073 1
809 57 286 40 13987 1
810 113 286 40 13987 1
811 169 286 40 13987 1
812 58 300 13 4412 1
813 36 334 36 13974 1
814 78 286 18 6043 1
815 155 286 18 6043 1
816 58 323 44 13670 1
817 72 334 37 12188 1
818 67 292 9 2749 1
819 72 333 42 7684 1
820 143 333 42 7684 1
821 36 294 24 9035 1
822 78 293 31 11347 1
823 59 281 30 10583 1
824 117 281 30 10583 1
825 175 281 30 10583 1
826 233 281 30 10583 1
827 291 281 30 10583 1
828 349 281 30 10583 1
829 58 281 28 6749 1
830 84 305 53 11536 1
831 56 292 35 13947 1
832 37 294 33 6989 1
833 36 336 43 14693 1
834 57 293 33 14024 1
835 72 300 23 4554 1
836 79 282 39 6380 1
837 30 281 33 11793 1
838 59 281 33 11793 1
839 56 281 38 7208 1
840 111 281 38 7208 1
841 74 292 41 11581 1
842 147 292 41 11581 1
843 58 281 25 9779 1
844 29 334 56 20670 1
845 25 299 23 8471 1
846 75 338 31 9730 1
847 37 292 43 13530 1
848 57 324 63 19968 1
849 32 305 33 8387 1
850 79 304 28 5052 1
851 36 335 33 6044 1
852 57 337 36 11577 1
853 113 337 36 11577 1
854 169 337 36 11577 1
855 56 286 18 5719 1
856 53 293 27 11175 1
857 58 305 42 9342 1
858 115 305 42 9342 1
859 37 300 30 6974 1
860 62 324 43 7989 1
861 58 303 51 9544 1
862 115 303 51 9544 1
863 56 335 31 10033 1
864 56 299 25 5260 1
865 111 299 25 5260 1
866 82 282 31 12506 1
867 79 303 41 18294 1
868 31 293 35 11754 1
869 57 333 35 13224 1
870 113 333 35 13224 1
871 57 335 29 7061 1
872 113 335 29 7061 1
873 59 332 27 13158 1
874 9 294 42 6439 1
875 36 299 37 16569 1
876 56 337 50 20759 1
877 58 338 36 15951 1
878 57 304 32 11825 1
879 113 304 32 11825 1
880 169 304 32 11825 1
881 225 304 32 11825 1
882 57 324 18 6575 1
883 79 366 58 19360 1
884 157 366 58 19360 1
885 235 366 58 19360 1
886 85 369 42 10623 1
887 107 364 46 12932 1
888 142 366 44 17887 1
889 283 366 44 17887 1
890 119 363 29 15006 1
891 69 365 38 8045 1
892 85 366 53 21785 1
893 104 369 54 18255 1
894 207 369 54 18255 1
895 71 368 78 24723 1
896 69 349 23 6034 1
897 72 366 21 6253 1
898 143 366 21 6253 1
899 71 364 39 10716 1
900 70 369 31 9606 1
901 78 368 35 10349 1
902 155 368 35 10349 1
903 66 368 32 17362 1
904 78 349 78 21579 1
905 71 349 41 19065 1
906 141 349 41 19065 1
907 86 349 30 6572 1
908 71 366 31 15286 1
909 74 364 42 15170 1
910 71 368 45 21158 1
911 141 368 45 21158 1
912 72 349 39 16748 1
913 71 366 30 14651 1
914 141 366 30 14651 1
915 78 364 48 25931 1
916 155 364 48 25931 1
917 232 364 48 25931 1
918 77 369 41 20036 1
919 71 369 40 17490 1
920 141 369 40 17490 1
921 66 363 36 19484 1
922 72 365 37 15975 1
923 71 365 29 11889 1
924 80 363 59 27013 1
925 72 365 26 5906 1
926 72 364 46 12783 1
927 72 365 30 6439 1
928 143 365 30 6439 1
929 84 349 51 15820 1
930 71 365 81 33424 1
931 81 365 49 21326 1
932 73 364 39 9634 1
933 78 365 47 23464 1
934 91 349 30 12479 1
935 77 366 40 13282 1
936 70 364 49 19472 1
937 139 364 49 19472 1
938 91 363 45 21659 1
939 61 368 43 8831 1
940 121 368 43 8831 1
941 70 366 40 15138 1
942 78 366 28 13934 1
943 155 366 28 13934 1
944 232 366 28 13934 1
945 42 363 23 12001 1
946 71 369 48 11723 1
947 70 364 34 13425 1
948 81 368 69 36874 1
949 72 365 38 18711 1
950 72 363 25 6881 1
951 70 368 36 13125 1
952 139 368 36 13125 1
953 78 368 31 16798 1
954 79 349 28 13342 1
955 66 363 27 10480 1
956 131 363 27 10480 1
957 96 368 50 24638 1
958 79 365 69 14805 1
959 79 368 46 24272 1
960 87 365 39 15677 1
961 80 363 50 11223 1
962 159 363 50 11223 1
963 78 364 60 23188 1
964 70 363 38 13682 1
965 139 363 38 13682 1
966 79 349 35 6143 1
967 89 369 71 20472 1
968 79 368 33 9602 1
969 81 363 44 19309 1
970 161 363 44 19309 1
971 72 368 36 18452 1
972 71 365 27 8239 1
973 85 349 51 16040 1
974 80 364 54 13219 1
975 86 368 39 18876 1
976 72 365 65 16709 1
977 143 365 65 16709 1
978 214 365 65 16709 1
979 55 364 46 13817 1
980 91 364 62 27423 1
981 92 369 26 11356 1
982 74 364 25 11398 1
983 111 364 47 21555 1
984 78 369 35 15621 1
985 78 365 52 23280 1
986 62 363 53 10994 1
987 79 369 53 24696 1
988 79 368 38 7252 1
989 73 369 46 15479 1
990 79 369 30 12386 1
991 73 363 44 21998 1
992 145 363 44 21998 1
993 217 363 44 21998 1
994 289 363 44 21998 1
995 72 365 43 14986 1
996 85 349 32 9522 1
997 71 368 43 15410 1
998 141 368 43 15410 1
999 78 349 41 19624 1
1000 133 368 35 14096 1
1001 79 365 36 16510 1
1002 87 365 62 12925 1
1003 65 364 38 17756 1
1004 71 364 36 10555 1
1005 93 364 44 10220 1
1006 68 364 26 6655 1
1007 79 363 74 24410 1
1008 142 369 47 19992 1
1009 93 365 39 8444 1
1010 79 365 34 9904 1
1011 61 366 51 21138 1
1012 85 368 43 18361 1
1013 85 349 21 7562 1
1014 72 369 45 14776 1
1015 80 349 45 13323 1
1016 90 398 69 32812 1
1017 179 398 69 32812 1
1018 93 398 64 33934 1
1019 85 400 39 12312 1
1020 91 396 67 24939 1
1021 82 397 27 6100 1
1022 88 399 40 20568 1
1023 89 396 51 26928 1
1024 90 398 51 16871 1
1025 179 398 51 16871 1
1026 87 398 58 24931 1
1027 79 399 73 22659 1
1028 90 396 47 12134 1
1029 90 398 72 26341 1
1030 86 397 40 9056 1
1031 148 400 33 17292 1
1032 91 396 50 12741 1
1033 79 396 44 11147 1
1034 79 396 44 9672 1
1035 86 400 51 14399 1
1036 111 400 29 11042 1
1037 79 396 35 7306 1
16
500 500 500 500 425 425 400 400 440 500 500 400 500 500 500 550 