1037
1 8 121 24 2854 1
2 15 121 24 2854 1
3 8 101 8 688 1
4 15 101 8 688 1
5 64 138 15 3064 1
6 9 118 18 2643 1
7 9 138 5 467 1
8 9 137 21 2380 1
9 17 137 21 2380 1
10 8 127 8 1344 1
11 15 127 8 1344 1
12 22 127 8 1344 1
13 29 127 8 1344 1
14 36 127 8 1344 1
15 8 125 12 992 1
16 8 118 24 1670 1
17 15 118 24 1670 1
18 89 129 4 670 1
19 8 141 31 6225 1
20 15 141 31 6225 1
21 20 139 41 4773 1
22 39 139 41 4773 1
23 8 101 12 705 1
24 15 101 12 705 1
25 8 121 19 1717 1
26 15 121 19 1717 1
27 4 138 12 1009 1
28 6 125 21 2371 1
29 9 127 13 1233 1
30 14 132 24 2600 1
31 15 127 11 2079 1
32 14 101 33 1877 1
33 8 129 23 2095 1
34 6 138 53 5036 1
35 20 118 9 817 1
36 11 129 34 2771 1
37 15 118 20 1479 1
38 29 118 20 1479 1
39 9 138 74 6058 1
40 9 140 43 8054 1
41 17 140 43 8054 1
42 10 132 34 3966 1
43 15 117 13 1733 1
44 7 117 20 3036 1
45 5 129 16 1250 1
46 9 129 16 1250 1
47 11 138 15 1571 1
48 8 132 49 7811 1
49 9 118 16 2573 1
50 2 132 53 8630 1
51 9 127 27 2458 1
52 17 127 27 2458 1
53 25 127 27 2458 1
54 33 127 27 2458 1
55 41 127 27 2458 1
56 49 127 27 2458 1
57 57 127 27 2458 1
58 9 125 34 2858 1
59 17 125 34 2858 1
60 25 125 34 2858 1
61 8 141 45 7427 1
62 9 141 26 3999 1
63 13 117 20 1372 1
64 9 101 12 837 1
65 17 101 12 837 1
66 25 101 12 837 1
67 15 132 18 3300 1
68 16 139 28 4527 1
69 8 138 21 1790 1
70 15 138 21 1790 1
71 22 138 21 1790 1
72 29 138 21 1790 1
73 14 117 12 1958 1
74 8 138 40 4403 1
75 14 138 17 2633 1
76 8 141 27 3251 1
77 16 125 29 1828 1
78 16 101 9 1098 1
79 26 137 30 3900 1
80 9 125 16 1081 1
81 17 125 16 1081 1
82 25 125 16 1081 1
83 33 125 16 1081 1
84 21 127 31 4753 1
85 8 121 31 5072 1
86 10 118 27 4584 1
87 8 125 24 3967 1
88 15 125 24 3967 1
89 22 125 24 3967 1
90 8 127 12 1714 1
91 15 127 12 1714 1
92 10 134 29 3870 1
93 19 134 29 3870 1
94 28 134 29 3870 1
95 9 118 23 2540 1
96 7 121 11 1292 1
97 8 141 28 5506 1
98 11 141 18 3392 1
99 45 121 1 75 1
100 8 134 42 7431 1
101 18 118 21 2184 1
102 15 101 29 3713 1
103 2 141 10 874 1
104 8 133 20 3434 1
105 26 129 44 5094 1
106 15 137 42 3941 1
107 6 129 26 4399 1
108 9 139 16 1382 1
109 8 132 8 1055 1
110 15 137 9 1637 1
111 29 137 9 1637 1
112 9 121 16 1301 1
113 17 121 16 1301 1
114 25 121 16 1301 1
115 10 125 9 841 1
116 19 125 9 841 1
117 28 125 9 841 1
118 12 127 17 2600 1
119 9 134 39 7456 1
120 9 137 28 3523 1
121 16 127 39 4319 1
122 8 125 11 1974 1
123 15 125 11 1974 1
124 9 139 45 8799 1
125 16 129 30 2308 1
126 8 101 13 1871 1
127 6 125 39 3802 1
128 7 141 23 2954 1
129 8 132 23 2891 1
130 15 132 23 2891 1
131 22 132 23 2891 1
132 9 125 32 2163 1
133 12 121 33 5245 1
134 9 134 25 3425 1
135 8 129 14 2075 1
136 8 117 34 5466 1
137 11 140 20 1421 1
138 21 140 20 1421 1
139 18 134 58 9854 1
140 35 134 58 9854 1
141 6 137 3 597 1
142 15 101 10 1128 1
143 9 121 16 1041 1
144 7 118 9 850 1
145 13 118 9 850 1
146 19 118 9 850 1
147 25 118 9 850 1
148 9 134 55 6063 1
149 30 125 16 2414 1
150 9 134 22 3914 1
151 26 125 37 6175 1
152 9 121 36 5920 1
153 13 125 27 4286 1
154 25 125 27 4286 1
155 10 101 22 2754 1
156 19 101 22 2754 1
157 6 137 31 5431 1
158 9 140 23 4048 1
159 51 125 20 3058 1
160 9 125 24 1666 1
161 15 129 34 5897 1
162 9 138 34 2989 1
163 8 139 31 3004 1
164 15 132 9 922 1
165 8 140 22 2905 1
166 15 140 22 2905 1
167 5 141 23 4022 1
168 9 101 7 710 1
169 17 101 7 710 1
170 8 138 35 6001 1
171 9 101 26 3020 1
172 27 140 22 2574 1
173 15 137 10 771 1
174 8 101 6 369 1
175 15 101 6 369 1
176 22 101 6 369 1
177 9 129 10 721 1
178 15 121 34 2316 1
179 110 141 33 6978 1
180 13 133 11 1667 1
181 22 137 2 377 1
182 8 125 7 1090 1
183 15 129 30 2215 1
184 24 129 21 2342 1
185 47 129 21 2342 1
186 8 139 10 1453 1
187 15 139 10 1453 1
188 10 132 11 895 1
189 33 133 23 3580 1
190 15 140 33 6620 1
191 29 140 33 6620 1
192 25 133 26 4909 1
193 110 121 6 755 1
194 8 137 35 4941 1
195 15 137 35 4941 1
196 22 137 35 4941 1
197 9 139 41 5020 1
198 17 139 41 5020 1
199 6 137 39 6462 1
200 8 121 31 4316 1
201 8 127 30 3414 1
202 9 121 7 1189 1
203 9 134 45 4949 1
204 9 133 11 1519 1
205 17 133 11 1519 1
206 8 117 9 1547 1
207 15 117 9 1547 1
208 15 118 7 978 1
209 14 134 16 3052 1
210 27 134 16 3052 1
211 8 117 19 1352 1
212 24 134 29 4167 1
213 13 121 36 2396 1
214 16 101 27 2278 1
215 31 101 27 2278 1
216 8 127 24 4516 1
217 8 139 6 700 1
218 15 139 6 700 1
219 22 139 6 700 1
220 29 139 6 700 1
221 22 137 23 3087 1
222 9 117 11 960 1
223 17 117 11 960 1
224 8 133 5 550 1
225 16 138 23 2185 1
226 12 140 68 13621 1
227 17 125 6 398 1
228 15 140 10 1083 1
229 20 133 20 2527 1
230 8 118 27 4150 1
231 18 101 14 1022 1
232 8 138 18 1418 1
233 15 138 18 1418 1
234 22 138 18 1418 1
235 19 134 34 4293 1
236 37 134 34 4293 1
237 11 137 26 2733 1
238 9 132 39 2720 1
239 17 132 39 2720 1
240 25 132 39 2720 1
241 33 132 39 2720 1
242 9 125 29 3973 1
243 17 101 7 421 1
244 15 132 19 1718 1
245 29 132 19 1718 1
246 28 121 26 2364 1
247 22 139 9 1338 1
248 9 134 12 2050 1
249 17 134 12 2050 1
250 5 121 18 2504 1
251 9 121 18 2504 1
252 8 125 11 1084 1
253 9 127 25 2092 1
254 17 127 25 2092 1
255 25 127 25 2092 1
256 9 133 22 4104 1
257 17 133 22 4104 1
258 25 133 22 4104 1
259 33 133 22 4104 1
260 41 133 22 4104 1
261 49 133 22 4104 1
262 15 125 23 2982 1
263 13 101 19 1940 1
264 8 133 10 741 1
265 15 133 10 741 1
266 15 129 14 2563 1
267 29 129 14 2563 1
268 9 129 34 3679 1
269 8 133 33 4882 1
270 15 133 33 4882 1
271 22 133 33 4882 1
272 29 133 33 4882 1
273 27 117 7 566 1
274 10 101 7 1026 1
275 19 101 7 1026 1
276 28 101 7 1026 1
277 8 117 16 937 1
278 15 117 16 937 1
279 11 141 40 4201 1
280 8 127 26 2817 1
281 15 127 26 2817 1
282 9 129 1 192 1
283 8 127 32 3207 1
284 15 127 32 3207 1
285 9 129 27 3527 1
286 7 145 13 1060 1
287 13 145 13 1060 1
288 13 149 22 1642 1
289 12 165 42 5634 1
290 13 158 41 5116 1
291 8 160 35 5586 1
292 12 170 30 3009 1
293 23 170 30 3009 1
294 34 170 30 3009 1
295 16 154 11 2036 1
296 23 169 42 10409 1
297 22 160 4 684 1
298 16 147 14 3086 1
299 13 160 28 5909 1
300 8 154 5 467 1
301 10 165 9 2114 1
302 11 149 42 5929 1
303 21 149 42 5929 1
304 15 145 33 3738 1
305 13 170 30 7204 1
306 25 170 30 7204 1
307 37 170 30 7204 1
308 12 154 6 1362 1
309 23 154 6 1362 1
310 34 154 6 1362 1
311 85 147 38 7096 1
312 15 157 12 2558 1
313 11 160 66 11943 1
314 21 160 66 11943 1
315 105 147 33 3607 1
316 10 167 33 7862 1
317 19 167 33 7862 1
318 28 167 33 7862 1
319 37 167 33 7862 1
320 46 167 33 7862 1
321 7 145 23 3723 1
322 21 149 30 4881 1
323 49 170 23 2228 1
324 3 160 27 4792 1
325 14 157 13 2065 1
326 27 157 13 2065 1
327 31 157 19 2213 1
328 21 160 27 4243 1
329 7 151 25 4139 1
330 13 151 25 4139 1
331 22 154 41 3215 1
332 10 147 31 3466 1
333 19 147 31 3466 1
334 13 151 20 2315 1
335 7 165 43 7138 1
336 15 167 32 6685 1
337 14 145 31 3238 1
338 27 145 31 3238 1
339 2 169 11 1008 1
340 38 160 28 2617 1
341 8 158 19 4036 1
342 15 158 19 4036 1
343 22 158 19 4036 1
344 8 161 41 9856 1
345 15 161 41 9856 1
346 8 157 7 722 1
347 13 151 35 7523 1
348 25 151 35 7523 1
349 11 170 20 3201 1
350 21 170 20 3201 1
351 31 170 20 3201 1
352 41 170 20 3201 1
353 65 154 24 2059 1
354 11 147 16 1858 1
355 13 158 31 3185 1
356 13 149 23 5130 1
357 25 149 23 5130 1
358 37 149 23 5130 1
359 14 170 27 2657 1
360 10 170 36 5577 1
361 19 170 36 5577 1
362 28 170 36 5577 1
363 10 149 13 2661 1
364 19 149 13 2661 1
365 28 149 13 2661 1
366 37 149 13 2661 1
367 17 170 20 2773 1
368 33 170 20 2773 1
369 15 149 28 3139 1
370 29 149 28 3139 1
371 11 170 26 6501 1
372 21 170 26 6501 1
373 31 170 26 6501 1
374 12 165 28 3618 1
375 23 165 28 3618 1
376 17 147 32 3425 1
377 15 151 37 3861 1
378 10 170 13 3224 1
379 12 149 49 8097 1
380 12 154 28 2311 1
381 16 161 33 3829 1
382 9 167 30 4982 1
383 12 170 36 5841 1
384 23 170 36 5841 1
385 34 170 36 5841 1
386 15 167 46 10658 1
387 14 169 3 679 1
388 9 160 1 142 1
389 16 147 27 4636 1
390 8 167 22 4379 1
391 15 167 22 4379 1
392 12 154 21 3888 1
393 13 149 9 706 1
394 7 158 18 1591 1
395 13 167 22 3056 1
396 25 167 22 3056 1
397 14 165 49 11105 1
398 27 165 49 11105 1
399 40 165 49 11105 1
400 16 165 18 2121 1
401 12 161 11 1005 1
402 23 161 11 1005 1
403 34 161 11 1005 1
404 45 161 11 1005 1
405 8 157 13 2465 1
406 12 170 31 7853 1
407 23 170 31 7853 1
408 34 170 31 7853 1
409 45 170 31 7853 1
410 9 165 36 3515 1
411 17 165 36 3515 1
412 13 161 36 3670 1
413 12 147 17 3105 1
414 7 161 19 1999 1
415 16 154 27 3226 1
416 13 161 53 9223 1
417 8 160 40 7828 1
418 3 145 4 642 1
419 12 145 22 2996 1
420 11 151 23 5080 1
421 21 151 23 5080 1
422 16 167 26 3606 1
423 31 167 26 3606 1
424 21 169 26 4704 1
425 18 157 40 6169 1
426 36 161 35 5012 1
427 14 169 38 6088 1
428 27 169 38 6088 1
429 40 169 38 6088 1
430 15 149 40 7128 1
431 9 149 31 4525 1
432 11 170 2 189 1
433 8 154 33 3281 1
434 15 154 33 3281 1
435 15 161 36 3007 1
436 9 168 43 5871 1
437 16 154 32 2768 1
438 10 145 11 1483 1
439 9 160 30 6546 1
440 17 160 30 6546 1
441 25 160 30 6546 1
442 33 160 30 6546 1
443 41 160 30 6546 1
444 3 154 16 1412 1
445 8 168 23 3998 1
446 11 169 40 4141 1
447 21 169 40 4141 1
448 31 169 40 4141 1
449 41 169 40 4141 1
450 51 169 40 4141 1
451 61 169 40 4141 1
452 71 169 40 4141 1
453 11 147 17 3527 1
454 13 161 28 2849 1
455 9 168 19 2392 1
456 3 151 31 5912 1
457 5 151 31 5912 1
458 9 151 15 2094 1
459 9 160 27 3110 1
460 17 160 27 3110 1
461 12 161 39 8315 1
462 23 161 39 8315 1
463 24 161 18 3892 1
464 15 151 24 3162 1
465 3 158 13 2793 1
466 16 160 32 3277 1
467 9 169 13 2256 1
468 11 167 10 2037 1
469 12 170 22 4103 1
470 23 170 22 4103 1
471 13 160 16 2772 1
472 13 151 36 7056 1
473 16 168 23 3703 1
474 12 161 35 7268 1
475 8 168 40 8231 1
476 22 167 30 5383 1
477 9 167 7 712 1
478 12 158 26 4930 1
479 23 158 26 4930 1
480 12 160 23 4879 1
481 23 160 23 4879 1
482 16 167 55 11055 1
483 16 168 9 1790 1
484 10 145 35 3531 1
485 12 161 33 7923 1
486 23 161 33 7923 1
487 12 151 28 5079 1
488 15 165 40 9543 1
489 11 168 1 212 1
490 21 168 1 212 1
491 15 161 46 8535 1
492 8 154 56 7694 1
493 15 154 56 7694 1
494 12 149 12 2025 1
495 15 169 26 5795 1
496 38 169 13 3040 1
497 2 168 23 5522 1
498 15 158 32 6260 1
499 29 158 32 6260 1
500 43 158 32 6260 1
501 8 168 19 3625 1
502 16 149 15 2905 1
503 14 151 9 867 1
504 35 167 36 7977 1
505 69 167 36 7977 1
506 10 161 30 4654 1
507 19 161 30 4654 1
508 28 161 30 4654 1
509 12 160 7 1363 1
510 23 160 7 1363 1
511 8 167 7 663 1
512 4 167 26 6375 1
513 24 154 21 3320 1
514 11 169 33 3503 1
515 21 169 33 3503 1
516 31 169 33 3503 1
517 41 169 33 3503 1
518 23 168 18 2175 1
519 13 170 45 6013 1
520 25 170 45 6013 1
521 12 160 20 3883 1
522 7 169 37 9126 1
523 12 149 9 1122 1
524 23 149 9 1122 1
525 15 147 1 175 1
526 15 145 39 7657 1
527 9 149 49 6504 1
528 11 169 26 2395 1
529 21 169 26 2395 1
530 11 154 42 4727 1
531 21 154 42 4727 1
532 48 170 13 1654 1
533 21 161 19 3907 1
534 12 158 28 5874 1
535 23 158 28 5874 1
536 34 158 28 5874 1
537 45 158 28 5874 1
538 11 149 26 2219 1
539 21 149 26 2219 1
540 31 149 26 2219 1
541 11 145 50 6620 1
542 12 157 33 3425 1
543 12 154 33 3177 1
544 7 147 34 6582 1
545 11 165 35 7661 1
546 14 147 21 3508 1
547 12 167 19 2696 1
548 12 149 11 1923 1
549 23 149 11 1923 1
550 34 149 11 1923 1
551 45 149 11 1923 1
552 15 147 28 4284 1
553 10 165 14 3353 1
554 19 165 14 3353 1
555 28 165 14 3353 1
556 12 168 12 1074 1
557 13 147 23 4251 1
558 25 147 23 4251 1
559 15 167 32 4740 1
560 18 161 62 8125 1
561 11 158 23 5435 1
562 8 165 25 4549 1
563 8 165 19 2910 1
564 9 161 34 6664 1
565 12 160 35 4451 1
566 23 160 35 4451 1
567 61 149 1 142 1
568 10 158 4 528 1
569 19 158 4 528 1
570 28 158 4 528 1
571 37 158 4 528 1
572 46 158 4 528 1
573 55 158 4 528 1
574 24 165 2 352 1
575 13 147 25 2395 1
576 25 147 25 2395 1
577 3 151 35 7293 1
578 12 168 33 5937 1
579 12 158 3 303 1
580 23 158 3 303 1
581 34 158 3 303 1
582 45 158 3 303 1
583 56 158 3 303 1
584 15 160 28 6551 1
585 11 151 22 4718 1
586 17 168 37 3478 1
587 44 198 16 2957 1
588 59 208 19 4110 1
589 16 178 26 4884 1
590 44 211 29 4344 1
591 87 211 29 4344 1
592 44 194 10 2357 1
593 44 211 33 4746 1
594 18 197 25 6268 1
595 58 208 27 7955 1
596 43 208 22 4750 1
597 20 207 14 2640 1
598 21 197 11 1656 1
599 38 208 31 6192 1
600 75 208 31 6192 1
601 15 175 28 5860 1
602 36 198 24 3884 1
603 43 195 10 1834 1
604 55 207 10 2069 1
605 45 210 20 3840 1
606 89 210 20 3840 1
607 133 210 20 3840 1
608 42 210 31 7023 1
609 44 175 15 1332 1
610 16 197 11 3224 1
611 45 183 13 1887 1
612 15 198 15 2338 1
613 43 207 26 6839 1
614 57 184 8 1268 1
615 40 184 16 3869 1
616 57 184 4 450 1
617 43 198 15 2068 1
618 44 211 18 3844 1
619 87 211 18 3844 1
620 44 197 25 3879 1
621 87 197 25 3879 1
622 130 197 25 3879 1
623 173 197 25 3879 1
624 14 211 58 12963 1
625 15 198 18 4298 1
626 16 211 25 2901 1
627 15 178 16 3031 1
628 55 175 21 2058 1
629 45 198 32 4006 1
630 16 184 12 1448 1
631 31 184 12 1448 1
632 43 208 19 5679 1
633 24 195 11 3163 1
634 44 194 27 6353 1
635 44 208 20 3361 1
636 45 184 21 2686 1
637 42 194 50 11013 1
638 42 178 19 3246 1
639 56 208 16 2680 1
640 37 208 17 4605 1
641 15 195 12 2751 1
642 37 197 17 5019 1
643 58 194 13 3270 1
644 115 194 13 3270 1
645 172 194 13 3270 1
646 73 211 24 6653 1
647 44 210 33 9982 1
648 16 198 13 2473 1
649 31 198 13 2473 1
650 43 183 25 4719 1
651 43 210 11 2927 1
652 44 198 26 4294 1
653 44 197 22 4336 1
654 37 198 11 2563 1
655 57 184 8 1652 1
656 113 184 8 1652 1
657 42 175 11 2658 1
658 36 184 24 3956 1
659 17 210 29 7540 1
660 19 211 10 2152 1
661 37 211 10 2152 1
662 44 183 19 4282 1
663 87 183 19 4282 1
664 18 210 15 1871 1
665 16 184 10 2031 1
666 44 208 29 4318 1
667 87 208 29 4318 1
668 57 207 33 3480 1
669 20 207 23 7077 1
670 22 207 21 3845 1
671 27 175 10 1134 1
672 53 175 10 1134 1
673 37 207 22 4024 1
674 128 184 13 2222 1
675 37 183 26 5778 1
676 57 178 19 5017 1
677 44 178 19 3781 1
678 87 178 19 3781 1
679 44 198 14 1446 1
680 44 183 29 4337 1
681 58 277 17 4581 1
682 115 277 17 4581 1
683 172 277 17 4581 1
684 37 259 25 3702 1
685 51 261 22 3979 1
686 101 261 22 3979 1
687 38 222 24 5490 1
688 37 265 14 2414 1
689 2 221 18 3561 1
690 16 267 58 12099 1
691 94 230 30 3892 1
692 38 258 27 4479 1
693 98 243 21 2736 1
694 92 277 27 10336 1
695 36 259 26 3636 1
696 36 240 12 4185 1
697 57 221 21 3909 1
698 57 254 12 3864 1
699 58 264 38 13681 1
700 37 268 20 5992 1
701 50 222 19 2363 1
702 15 243 28 7994 1
703 56 268 22 3607 1
704 29 243 15 2964 1
705 50 221 14 3947 1
706 57 279 15 5685 1
707 36 216 24 7677 1
708 50 267 34 9601 1
709 36 272 31 9492 1
710 71 272 31 9492 1
711 57 260 20 4791 1
712 88 275 16 4798 1
713 51 268 45 6288 1
714 6 262 36 6520 1
715 42 267 39 5703 1
716 57 243 35 7150 1
717 15 216 29 7000 1
718 90 274 38 14594 1
719 29 268 33 10954 1
720 81 260 29 5120 1
721 57 230 24 8233 1
722 65 254 29 3782 1
723 57 268 22 3798 1
724 50 279 28 5121 1
725 57 239 30 9440 1
726 56 261 48 17049 1
727 111 261 48 17049 1
728 50 272 40 11936 1
729 99 272 40 11936 1
730 37 265 21 4126 1
731 40 260 27 10166 1
732 36 240 28 5427 1
733 51 265 31 9333 1
734 101 265 31 9333 1
735 36 240 11 3399 1
736 71 240 11 3399 1
737 90 262 20 4566 1
738 37 240 32 7052 1
739 36 277 17 6585 1
740 37 274 23 8125 1
741 73 274 23 8125 1
742 109 274 23 8125 1
743 30 262 26 5438 1
744 37 268 21 7694 1
745 107 230 28 4888 1
746 57 264 34 11351 1
747 50 275 23 5768 1
748 37 265 26 8116 1
749 37 262 15 3402 1
750 40 260 24 6294 1
751 27 277 50 16827 1
752 92 261 36 10574 1
753 93 220 19 2785 1
754 57 258 26 4861 1
755 30 239 17 3291 1
756 50 277 29 6431 1
757 99 277 29 6431 1
758 50 272 34 9436 1
759 47 268 33 8308 1
760 16 265 27 9002 1
761 50 279 17 3640 1
762 37 265 37 13583 1
763 57 265 18 2994 1
764 36 220 30 4738 1
765 71 220 30 4738 1
766 50 275 21 4621 1
767 57 216 19 2379 1
768 51 264 16 4548 1
769 36 240 26 8336 1
770 71 240 26 8336 1
771 106 240 26 8336 1
772 58 258 28 4611 1
773 57 255 23 8759 1
774 51 267 19 6819 1
775 11 274 31 5113 1
776 64 338 41 11746 1
777 57 303 54 14258 1
778 37 338 12 4759 1
779 73 338 12 4759 1
780 27 332 49 16217 1
781 58 333 37 15486 1
782 35 336 38 13792 1
783 57 292 30 5411 1
784 57 299 15 4783 1
785 30 334 45 17417 1
786 59 334 45 17417 1
787 59 337 20 9753 1
788 58 281 24 8265 1
789 55 336 30 9254 1
790 77 303 30 13635 1
791 58 281 58 16037 1
792 59 293 21 6291 1
793 40 332 21 5981 1
794 58 336 38 11304 1
795 115 336 38 11304 1
796 57 305 23 5084 1
797 113 305 23 5084 1
798 169 305 23 5084 1
799 225 305 23 5084 1
800 78 294 28 4699 1
801 58 282 65 12034 1
802 115 282 65 12034 1
803 172 282 65 12034 1
804 58 293 21 7174 1
805 8 294 18 5981 1
806 58 323 28 8372 1
807 78 337 33 15203 1
808 77 336 11 3613 1
809 59 303 42 9054 1
810 57 304 26 4896 1
811 113 304 26 4896 1
812 57 304 24 3736 1
813 29 336 42 7730 1
814 21 299 36 9874 1
815 69 294 43 10176 1
816 57 304 24 9057 1
817 113 304 24 9057 1
818 57 304 40 6944 1
819 58 335 19 5797 1
820 115 335 19 5797 1
821 172 335 19 5797 1
822 229 335 19 5797 1
823 55 323 40 13522 1
824 58 333 36 13766 1
825 36 333 35 11636 1
826 36 332 43 8601 1
827 35 338 28 13365 1
828 57 292 37 11066 1
829 57 323 41 10047 1
830 113 323 41 10047 1
831 169 323 41 10047 1
832 225 323 41 10047 1
833 78 300 15 2694 1
834 58 304 20 6088 1
835 77 292 19 7394 1
836 57 316 13 5641 1
837 57 316 20 5764 1
838 78 299 13 2852 1
839 57 286 44 10504 1
840 113 286 44 10504 1
841 56 305 32 13826 1
842 111 305 32 13826 1
843 58 334 44 13883 1
844 115 334 44 13883 1
845 57 337 60 16472 1
846 59 303 42 10783 1
847 55 281 37 10828 1
848 7 332 33 13964 1
849 91 338 27 6913 1
850 36 334 35 7030 1
851 58 337 30 12601 1
852 115 337 30 12601 1
853 56 333 32 12137 1
854 56 286 29 10965 1
855 111 286 29 10965 1
856 166 286 29 10965 1
857 56 333 43 18681 1
858 78 323 50 11060 1
859 155 323 50 11060 1
860 56 338 36 14048 1
861 111 338 36 14048 1
862 166 338 36 14048 1
863 36 332 17 3632 1
864 62 323 27 6380 1
865 58 332 20 3903 1
866 115 332 20 3903 1
867 56 324 44 18190 1
868 111 324 44 18190 1
869 58 293 26 7226 1
870 115 293 26 7226 1
871 172 293 26 7226 1
872 58 292 28 9276 1
873 56 293 32 7843 1
874 29 303 29 8144 1
875 56 316 17 7936 1
876 28 304 32 7043 1
877 55 304 32 7043 1
878 31 282 36 5943 1
879 61 282 36 5943 1
880 43 305 34 9328 1
881 29 303 37 8259 1
882 62 305 28 11010 1
883 70 366 28 6558 1
884 139 366 28 6558 1
885 65 364 40 17540 1
886 77 366 43 15417 1
887 72 349 31 9804 1
888 143 349 31 9804 1
889 65 364 62 11716 1
890 59 368 30 8141 1
891 78 364 34 9817 1
892 80 366 65 33014 1
893 159 366 65 33014 1
894 64 364 51 17456 1
895 122 368 25 12162 1
896 72 349 57 17716 1
897 61 365 36 18751 1
898 77 365 45 24558 1
899 153 365 45 24558 1
900 229 365 45 24558 1
901 71 365 41 18667 1
902 71 363 50 12756 1
903 77 365 41 21030 1
904 153 365 41 21030 1
905 107 368 31 14265 1
906 71 364 52 23197 1
907 78 365 38 17789 1
908 155 365 38 17789 1
909 79 363 31 8837 1
910 86 349 40 8520 1
911 79 365 64 28715 1
912 71 365 32 10781 1
913 85 366 52 19530 1
914 132 369 32 12121 1
915 90 349 38 17762 1
916 139 364 33 13035 1
917 113 364 44 14489 1
918 80 365 63 32423 1
919 67 363 30 12840 1
920 90 369 21 7709 1
921 73 364 41 13191 1
922 93 366 38 11493 1
923 145 369 31 11158 1
924 60 366 41 8317 1
925 80 365 68 21127 1
926 68 368 67 33008 1
927 119 366 33 16104 1
928 73 363 64 22639 1
929 77 363 42 22838 1
930 81 363 34 14039 1
931 80 364 37 17041 1
932 79 368 43 22349 1
933 70 349 44 13721 1
934 139 349 44 13721 1
935 70 368 21 8278 1
936 72 349 27 6679 1
937 143 349 27 6679 1
938 214 349 27 6679 1
939 59 365 45 11147 1
940 79 363 32 9104 1
941 157 363 32 9104 1
942 235 363 32 9104 1
943 78 363 33 13555 1
944 155 363 33 13555 1
945 232 363 33 13555 1
946 62 369 114 29260 1
947 84 369 27 5417 1
948 72 369 23 12053 1
949 130 366 32 16089 1
950 77 349 18 5821 1
951 79 366 50 21865 1
952 157 366 50 21865 1
953 61 364 58 19132 1
954 71 368 32 15204 1
955 85 368 45 19845 1
956 80 365 38 13748 1
957 159 365 38 13748 1
958 238 365 38 13748 1
959 143 349 51 9107 1
960 79 363 32 17325 1
961 157 363 32 17325 1
962 77 365 52 26532 1
963 57 368 37 13417 1
964 60 369 27 9056 1
965 80 363 25 6851 1
966 70 349 29 13848 1
967 78 369 74 39718 1
968 73 368 44 23284 1
969 144 366 37 7905 1
970 85 349 20 9123 1
971 105 368 77 23974 1
972 72 363 57 30522 1
973 90 369 27 7090 1
974 71 364 43 14424 1
975 71 368 40 9479 1
976 71 366 26 6768 1
977 111 363 69 13495 1
978 221 363 69 13495 1
979 70 363 48 21382 1
980 87 366 44 18291 1
981 75 349 60 25578 1
982 72 368 41 15214 1
983 78 365 31 9847 1
984 71 368 64 15457 1
985 72 368 36 19743 1
986 143 368 36 19743 1
987 80 369 27 12191 1
988 78 368 30 10758 1
989 113 363 84 33555 1
990 74 369 52 21482 1
991 69 364 47 18801 1
992 137 364 47 18801 1
993 205 364 47 18801 1
994 86 369 35 8862 1
995 171 369 35 8862 1
996 71 366 32 17157 1
997 79 349 45 12929 1
998 157 349 45 12929 1
999 85 365 30 10094 1
1000 80 365 40 16746 1
1001 71 349 50 24761 1
1002 141 349 50 24761 1
1003 116 363 38 11975 1
1004 72 368 43 20845 1
1005 143 368 43 20845 1
1006 71 363 47 11279 1
1007 95 366 40 20655 1
1008 78 349 45 15634 1
1009 72 349 62 10867 1
1010 143 349 62 10867 1
1011 214 349 62 10867 1
1012 285 349 62 10867 1
1013 356 349 62 10867 1
1014 427 349 62 10867 1
1015 78 369 24 12137 1
1016 83 398 35 17069 1
1017 165 398 35 17069 1
1018 82 397 68 13583 1
1019 143 397 37 18014 1
1020 82 400 44 21600 1
1021 163 400 44 21600 1
1022 78 399 36 11769 1
1023 79 399 47 13681 1
1024 82 398 16 3506 1
1025 163 398 16 3506 1
1026 90 397 46 10815 1
1027 80 399 56 22006 1
1028 159 399 56 22006 1
1029 238 399 56 22006 1
1030 109 397 33 13673 1
1031 86 396 43 23313 1
1032 171 396 43 23313 1
1033 78 399 18 6925 1
1034 85 396 40 8264 1
1035 79 398 63 37130 1
1036 78 398 34 12900 1
1037 155 398 34 12900 1
16
500 500 500 500 425 425 400 400 440 500 500 400 500 500 500 550 