1037
1 15 133 28 1910 1
2 9 137 49 4264 1
3 9 134 32 5632 1
4 17 134 32 5632 1
5 20 134 23 3166 1
6 39 134 23 3166 1
7 9 139 36 5023 1
8 17 139 36 5023 1
9 27 132 6 877 1
10 9 118 16 1863 1
11 17 118 16 1863 1
12 8 140 24 2759 1
13 15 140 24 2759 1
14 10 137 12 1126 1
15 19 137 12 1126 1
16 28 137 12 1126 1
17 37 137 12 1126 1
18 7 132 19 2506 1
19 8 101 24 1279 1
20 6 118 15 2398 1
21 9 137 24 2921 1
22 10 134 3 442 1
23 5 133 9 757 1
24 10 140 53 9926 1
25 18 121 25 3309 1
26 9 134 79 9634 1
27 17 134 79 9634 1
28 8 137 26 2985 1
29 15 137 26 2985 1
30 15 137 33 2951 1
31 15 121 13 1971 1
32 9 101 27 3610 1
33 8 127 18 2907 1
34 8 125 9 598 1
35 15 125 9 598 1
36 22 125 9 598 1
37 12 101 12 1310 1
38 21 125 17 1228 1
39 23 129 17 1114 1
40 8 138 27 3725 1
41 15 138 27 3725 1
42 8 141 15 2031 1
43 10 139 24 2219 1
44 9 138 20 3844 1
45 10 137 15 1926 1
46 13 134 22 2397 1
47 8 118 18 1256 1
48 9 101 11 1358 1
49 10 101 17 1218 1
50 3 125 9 1424 1
51 9 125 29 4287 1
52 16 141 25 4008 1
53 16 118 15 1656 1
54 15 140 27 2168 1
55 2 118 20 1183 1
56 9 137 16 2292 1
57 9 127 2 295 1
58 17 127 2 295 1
59 10 140 46 9411 1
60 8 137 3 440 1
61 15 137 3 440 1
62 22 137 3 440 1
63 29 137 3 440 1
64 36 137 3 440 1
65 16 121 17 1044 1
66 138 129 29 3294 1
67 11 125 33 3610 1
68 21 125 33 3610 1
69 16 138 34 5256 1
70 9 121 12 1967 1
71 17 121 12 1967 1
72 8 121 17 2697 1
73 15 121 17 2697 1
74 22 121 17 2697 1
75 29 121 17 2697 1
76 15 118 3 500 1
77 8 125 49 3235 1
78 19 121 25 4180 1
79 27 133 14 1167 1
80 23 117 18 2387 1
81 9 117 70 6038 1
82 17 117 70 6038 1
83 25 117 70 6038 1
84 15 139 23 2453 1
85 8 138 25 2575 1
86 9 140 42 8134 1
87 8 133 50 6992 1
88 8 134 11 1412 1
89 23 140 38 3059 1
90 9 133 27 4278 1
91 9 137 27 2810 1
92 17 137 27 2810 1
93 15 132 54 9647 1
94 29 132 54 9647 1
95 7 133 12 1563 1
96 8 138 17 1932 1
97 9 138 22 2985 1
98 17 138 22 2985 1
99 25 138 22 2985 1
100 15 101 38 3032 1
101 15 138 24 2485 1
102 23 133 36 4278 1
103 10 127 43 4813 1
104 16 138 33 4526 1
105 8 121 34 2769 1
106 15 121 20 3276 1
107 8 134 4 423 1
108 15 134 41 2908 1
109 16 127 23 4103 1
110 17 118 29 3772 1
111 12 118 5 442 1
112 23 118 5 442 1
113 15 139 19 1906 1
114 9 133 12 2236 1
115 8 133 33 5625 1
116 15 133 33 5625 1
117 22 133 33 5625 1
118 9 139 57 10910 1
119 5 121 26 1659 1
120 28 140 20 2509 1
121 8 118 7 455 1
122 15 118 7 455 1
123 22 118 7 455 1
124 17 133 7 719 1
125 9 129 24 2294 1
126 7 121 10 1813 1
127 13 121 10 1813 1
128 12 127 23 3684 1
129 23 127 23 3684 1
130 9 139 26 2006 1
131 8 121 48 6455 1
132 8 141 32 2643 1
133 15 141 32 2643 1
134 10 140 37 5521 1
135 14 132 4 606 1
136 9 139 17 1869 1
137 17 139 17 1869 1
138 15 139 13 1991 1
139 9 140 18 2786 1
140 17 140 18 2786 1
141 7 139 8 560 1
142 9 129 15 2484 1
143 17 129 15 2484 1
144 9 125 28 4574 1
145 8 127 21 2321 1
146 15 127 21 2321 1
147 9 137 9 1373 1
148 17 137 9 1373 1
149 9 134 13 2595 1
150 8 132 6 1089 1
151 9 127 29 2204 1
152 17 127 29 2204 1
153 12 134 35 5161 1
154 23 134 35 5161 1
155 34 134 35 5161 1
156 8 121 13 797 1
157 9 134 38 3762 1
158 15 134 30 4082 1
159 16 118 3 309 1
160 9 101 24 2345 1
161 8 138 21 4267 1
162 4 140 44 7444 1
163 8 117 9 1427 1
164 15 117 9 1427 1
165 22 117 9 1427 1
166 25 138 34 6586 1
167 8 117 23 3727 1
168 10 137 25 4562 1
169 9 141 34 4324 1
170 9 121 18 2859 1
171 17 121 18 2859 1
172 25 121 18 2859 1
173 26 101 13 1245 1
174 10 118 10 659 1
175 8 134 27 2040 1
176 9 132 17 2243 1
177 17 137 41 4470 1
178 9 101 7 459 1
179 15 133 39 5969 1
180 29 133 39 5969 1
181 10 129 15 2800 1
182 15 140 41 6581 1
183 9 121 19 2066 1
184 15 129 17 3107 1
185 8 133 19 2512 1
186 18 140 38 4500 1
187 8 129 3 535 1
188 15 129 3 535 1
189 22 129 3 535 1
190 29 129 3 535 1
191 36 129 3 535 1
192 15 141 18 2208 1
193 16 132 48 8812 1
194 16 132 13 1430 1
195 31 132 13 1430 1
196 9 141 16 3278 1
197 10 133 19 3580 1
198 8 141 6 1071 1
199 15 141 6 1071 1
200 8 118 22 1417 1
201 15 118 22 1417 1
202 16 121 19 2316 1
203 8 137 34 2687 1
204 15 137 34 2687 1
205 22 137 34 2687 1
206 29 137 34 2687 1
207 36 137 34 2687 1
208 22 127 26 2308 1
209 7 137 8 1471 1
210 9 139 8 643 1
211 17 139 8 643 1
212 4 138 22 1530 1
213 7 138 22 1530 1
214 7 129 20 3039 1
215 13 129 20 3039 1
216 16 137 20 2931 1
217 8 138 41 4592 1
218 8 117 28 3408 1
219 8 117 20 2479 1
220 9 139 15 1418 1
221 6 141 40 2992 1
222 8 129 17 1949 1
223 15 121 22 2229 1
224 7 138 22 1735 1
225 10 134 29 3621 1
226 25 101 4 346 1
227 9 127 15 1437 1
228 13 101 29 2463 1
229 7 137 47 3850 1
230 15 121 8 1133 1
231 29 121 8 1133 1
232 15 133 27 3044 1
233 7 137 20 4020 1
234 9 118 32 5062 1
235 8 101 15 1878 1
236 179 141 28 4286 1
237 12 134 23 3192 1
238 8 134 23 2168 1
239 9 117 18 2199 1
240 17 117 18 2199 1
241 8 139 25 2039 1
242 15 139 25 2039 1
243 10 127 7 552 1
244 24 134 29 5718 1
245 8 117 21 2436 1
246 15 117 21 2436 1
247 8 137 27 2185 1
248 12 117 24 1756 1
249 23 117 24 1756 1
250 6 138 12 1193 1
251 9 133 42 5440 1
252 8 101 16 1152 1
253 138 129 5 745 1
254 9 139 12 1619 1
255 29 129 44 4502 1
256 57 129 44 4502 1
257 85 129 44 4502 1
258 8 133 30 5790 1
259 15 133 30 5790 1
260 9 125 16 2213 1
261 9 134 16 1086 1
262 9 121 23 2882 1
263 90 141 31 3653 1
264 16 117 15 2566 1
265 9 101 29 1489 1
266 9 134 24 4162 1
267 9 141 20 3050 1
268 8 134 62 11789 1
269 9 101 15 1812 1
270 21 141 7 1032 1
271 9 101 13 948 1
272 9 125 12 1881 1
273 17 125 12 1881 1
274 67 138 5 405 1
275 5 137 14 1189 1
276 12 137 37 3207 1
277 12 141 15 2879 1
278 9 132 15 2458 1
279 8 118 18 3163 1
280 9 129 9 919 1
281 8 134 11 983 1
282 17 117 21 1694 1
283 12 137 24 4516 1
284 4 134 63 6211 1
285 16 137 21 2106 1
286 16 170 36 5102 1
287 12 160 32 3861 1
288 11 168 25 5599 1
289 12 145 43 4264 1
290 23 145 43 4264 1
291 14 158 9 1535 1
292 27 158 9 1535 1
293 40 158 9 1535 1
294 53 158 9 1535 1
295 66 158 9 1535 1
296 79 158 9 1535 1
297 13 160 1 165 1
298 23 167 21 2434 1
299 21 168 37 6494 1
300 10 168 29 2845 1
301 19 168 29 2845 1
302 15 151 25 2861 1
303 12 149 11 1100 1
304 24 154 30 4663 1
305 13 154 19 3307 1
306 12 161 23 2864 1
307 1 160 26 6094 1
308 12 145 4 695 1
309 8 169 33 7926 1
310 23 147 17 2497 1
311 2 147 23 3483 1
312 11 167 79 13217 1
313 18 147 27 2824 1
314 35 147 27 2824 1
315 11 147 11 1394 1
316 14 169 15 3774 1
317 27 169 15 3774 1
318 8 161 80 13904 1
319 21 169 32 3905 1
320 15 165 33 5206 1
321 31 160 41 7074 1
322 10 167 7 1682 1
323 17 154 16 2452 1
324 9 161 35 6596 1
325 17 161 35 6596 1
326 25 161 35 6596 1
327 13 167 34 4187 1
328 25 167 34 4187 1
329 37 167 34 4187 1
330 15 149 3 355 1
331 16 151 20 1809 1
332 7 145 24 5200 1
333 13 145 24 5200 1
334 19 145 24 5200 1
335 8 151 5 429 1
336 17 145 27 2847 1
337 11 161 56 12595 1
338 21 161 56 12595 1
339 31 161 56 12595 1
340 16 161 29 2780 1
341 15 151 68 6636 1
342 12 154 22 2348 1
343 23 154 22 2348 1
344 12 151 30 5329 1
345 23 151 30 5329 1
346 25 161 24 3799 1
347 12 158 3 256 1
348 15 167 40 4980 1
349 16 157 27 4224 1
350 8 149 12 2127 1
351 12 168 79 14810 1
352 23 168 79 14810 1
353 18 147 30 6346 1
354 17 151 36 6645 1
355 8 170 28 4554 1
356 23 167 26 3722 1
357 13 167 32 3187 1
358 25 167 32 3187 1
359 24 145 11 1607 1
360 47 145 11 1607 1
361 13 151 34 7448 1
362 11 154 52 7549 1
363 7 158 16 1308 1
364 13 158 16 1308 1
365 12 168 26 3299 1
366 23 168 26 3299 1
367 34 168 26 3299 1
368 10 149 8 1400 1
369 12 158 20 2003 1
370 13 165 13 2643 1
371 25 165 13 2643 1
372 37 165 13 2643 1
373 49 165 13 2643 1
374 15 168 51 12058 1
375 7 147 34 4321 1
376 11 160 14 1725 1
377 7 154 18 3721 1
378 16 147 1 102 1
379 11 147 16 1953 1
380 10 154 21 2170 1
381 19 154 21 2170 1
382 8 160 42 8727 1
383 11 167 14 2034 1
384 9 145 18 1996 1
385 7 158 1 163 1
386 16 158 5 519 1
387 3 158 12 1973 1
388 17 161 23 4045 1
389 8 147 16 2410 1
390 13 167 27 4693 1
391 25 167 27 4693 1
392 13 157 57 8639 1
393 29 170 47 7172 1
394 8 169 34 7153 1
395 17 161 32 4928 1
396 35 167 64 10675 1
397 12 147 24 2970 1
398 11 145 19 3385 1
399 21 145 19 3385 1
400 16 160 24 5094 1
401 13 157 79 13604 1
402 9 154 12 1543 1
403 21 147 24 3973 1
404 41 147 24 3973 1
405 8 158 17 3428 1
406 13 145 28 4236 1
407 12 161 46 10940 1
408 16 154 24 2546 1
409 8 167 36 5327 1
410 13 149 30 6657 1
411 24 147 23 1963 1
412 36 158 19 3135 1
413 21 168 38 5064 1
414 18 145 40 4949 1
415 12 161 24 4208 1
416 11 165 27 3150 1
417 21 165 27 3150 1
418 15 167 46 7801 1
419 15 167 51 9016 1
420 3 151 30 3909 1
421 9 157 19 1847 1
422 96 165 29 7164 1
423 18 169 16 2668 1
424 14 170 28 4794 1
425 27 170 28 4794 1
426 70 168 47 8262 1
427 10 158 18 2585 1
428 19 158 18 2585 1
429 10 151 19 2565 1
430 19 151 19 2565 1
431 28 151 19 2565 1
432 12 161 34 7878 1
433 15 167 19 3896 1
434 16 149 11 2170 1
435 8 160 29 4394 1
436 13 167 6 955 1
437 25 167 6 955 1
438 37 167 6 955 1
439 16 161 30 7203 1
440 8 157 42 3931 1
441 11 149 17 3166 1
442 13 151 26 2968 1
443 8 145 25 2527 1
444 15 145 25 2527 1
445 13 147 31 2827 1
446 11 154 32 5260 1
447 11 170 24 4569 1
448 12 154 42 9268 1
449 23 154 42 9268 1
450 34 154 42 9268 1
451 45 154 42 9268 1
452 56 154 42 9268 1
453 67 154 42 9268 1
454 4 168 43 5023 1
455 10 151 23 3225 1
456 11 151 15 2403 1
457 21 151 15 2403 1
458 12 167 13 1705 1
459 9 170 31 3211 1
460 6 169 23 5201 1
461 22 160 46 10119 1
462 15 154 13 1879 1
463 11 168 21 3859 1
464 21 168 21 3859 1
465 31 168 21 3859 1
466 9 151 30 2766 1
467 14 151 20 1683 1
468 12 170 7 1059 1
469 11 170 48 8133 1
470 10 151 45 4088 1
471 13 149 38 3570 1
472 25 149 38 3570 1
473 13 160 9 1881 1
474 25 160 9 1881 1
475 12 169 58 13031 1
476 12 151 21 3941 1
477 13 147 18 3502 1
478 11 149 46 9681 1
479 11 149 25 4784 1
480 118 145 26 1897 1
481 9 165 12 2231 1
482 18 169 46 5580 1
483 13 145 15 2929 1
484 11 145 25 1874 1
485 50 154 43 7712 1
486 15 157 18 2204 1
487 29 157 18 2204 1
488 43 157 18 2204 1
489 20 147 48 6950 1
490 18 169 15 3781 1
491 10 154 31 4887 1
492 10 160 33 5637 1
493 14 165 39 9145 1
494 13 168 27 6201 1
495 25 168 27 6201 1
496 12 147 43 4206 1
497 8 160 32 4101 1
498 23 145 8 980 1
499 12 169 23 4734 1
500 23 169 23 4734 1
501 10 158 38 3306 1
502 19 158 38 3306 1
503 16 154 33 7581 1
504 13 160 27 3883 1
505 22 160 42 6470 1
506 10 154 35 4195 1
507 35 170 45 6597 1
508 15 154 37 2895 1
509 8 151 16 1864 1
510 17 147 20 3291 1
511 33 147 20 3291 1
512 12 158 25 4965 1
513 11 161 40 8047 1
514 21 161 40 8047 1
515 15 154 25 3518 1
516 11 158 44 3532 1
517 21 158 44 3532 1
518 31 158 44 3532 1
519 41 158 44 3532 1
520 51 158 44 3532 1
521 61 158 44 3532 1
522 11 145 41 3465 1
523 15 160 24 2680 1
524 29 160 24 2680 1
525 9 169 27 6521 1
526 12 149 22 3003 1
527 23 149 22 3003 1
528 16 151 49 10517 1
529 31 151 49 10517 1
530 13 168 50 10175 1
531 25 168 50 10175 1
532 23 147 46 5816 1
533 3 154 45 6806 1
534 11 145 26 4457 1
535 9 170 15 2044 1
536 33 157 40 5522 1
537 15 158 35 6264 1
538 7 157 41 6042 1
539 36 154 52 4742 1
540 8 167 50 10619 1
541 12 167 31 6907 1
542 23 167 31 6907 1
543 34 167 31 6907 1
544 15 145 27 2804 1
545 22 160 43 8214 1
546 16 169 21 5285 1
547 12 161 7 1010 1
548 23 161 7 1010 1
549 13 157 27 3239 1
550 25 157 27 3239 1
551 37 157 27 3239 1
552 18 169 45 8308 1
553 9 154 35 7560 1
554 10 168 29 4305 1
555 19 168 29 4305 1
556 13 158 30 4278 1
557 25 158 30 4278 1
558 11 145 19 1471 1
559 21 145 19 1471 1
560 31 145 19 1471 1
561 17 160 23 2767 1
562 14 147 24 5038 1
563 9 157 39 3621 1
564 11 167 20 3076 1
565 21 167 20 3076 1
566 31 167 20 3076 1
567 23 154 16 3452 1
568 25 158 42 8051 1
569 10 149 13 1681 1
570 21 154 38 4697 1
571 10 157 49 4954 1
572 19 157 49 4954 1
573 28 157 49 4954 1
574 6 169 44 4668 1
575 15 165 16 2070 1
576 29 165 16 2070 1
577 8 167 26 5966 1
578 13 147 22 1769 1
579 25 147 22 1769 1
580 37 147 22 1769 1
581 9 161 37 7110 1
582 13 168 11 2409 1
583 14 149 25 2028 1
584 14 157 24 2811 1
585 20 158 52 7670 1
586 7 157 51 9053 1
587 37 207 10 2277 1
588 36 183 24 5174 1
589 55 208 12 1288 1
590 36 194 15 3525 1
591 43 195 20 5377 1
592 44 197 13 3244 1
593 87 197 13 3244 1
594 37 207 28 7154 1
595 36 198 22 3169 1
596 12 198 11 2147 1
597 43 210 13 2322 1
598 18 198 25 3532 1
599 46 198 59 16092 1
600 91 198 59 16092 1
601 16 207 16 3603 1
602 43 208 24 4678 1
603 36 195 32 7726 1
604 71 195 32 7726 1
605 106 195 32 7726 1
606 37 198 28 8214 1
607 45 198 29 7613 1
608 44 211 31 8473 1
609 87 211 31 8473 1
610 43 195 15 2587 1
611 38 194 16 2047 1
612 16 211 17 4116 1
613 31 211 17 4116 1
614 40 184 11 2410 1
615 44 211 14 3739 1
616 87 211 14 3739 1
617 130 211 14 3739 1
618 17 197 27 3293 1
619 14 194 24 4917 1
620 19 178 19 4850 1
621 43 184 18 3110 1
622 37 178 14 2255 1
623 17 207 30 4585 1
624 37 183 17 3914 1
625 57 195 14 2153 1
626 113 195 14 2153 1
627 37 198 14 2175 1
628 73 198 14 2175 1
629 43 211 39 9543 1
630 85 211 39 9543 1
631 20 198 13 3247 1
632 44 211 12 1721 1
633 87 211 12 1721 1
634 45 184 18 3679 1
635 89 184 18 3679 1
636 133 184 18 3679 1
637 44 183 20 4669 1
638 42 195 14 3934 1
639 83 195 14 3934 1
640 23 178 26 3509 1
641 26 208 46 9918 1
642 51 208 46 9918 1
643 42 178 22 3040 1
644 45 208 13 3563 1
645 57 178 10 1120 1
646 57 195 17 4280 1
647 113 195 17 4280 1
648 37 194 16 3342 1
649 15 207 24 2969 1
650 57 183 54 9594 1
651 45 195 32 7202 1
652 17 197 11 2471 1
653 14 210 13 1495 1
654 43 183 23 4880 1
655 35 195 16 2601 1
656 22 197 49 8304 1
657 42 198 18 5023 1
658 55 198 19 3246 1
659 109 198 19 3246 1
660 40 184 17 2528 1
661 40 195 22 3552 1
662 44 207 24 4100 1
663 21 195 19 2642 1
664 16 183 13 2059 1
665 57 197 23 5324 1
666 71 184 30 5946 1
667 18 197 21 2331 1
668 22 178 21 4501 1
669 44 210 19 5927 1
670 21 178 45 5011 1
671 37 175 16 2229 1
672 23 194 15 2136 1
673 42 208 36 5063 1
674 44 197 18 4479 1
675 56 207 24 3279 1
676 43 211 23 6242 1
677 36 211 15 1774 1
678 44 207 8 1298 1
679 44 184 8 1988 1
680 43 210 28 7528 1
681 37 255 14 4547 1
682 36 258 26 7704 1
683 58 276 30 5432 1
684 37 254 23 4894 1
685 73 254 23 4894 1
686 58 274 22 5980 1
687 57 262 32 8484 1
688 113 262 32 8484 1
689 57 240 26 5840 1
690 57 264 12 4577 1
691 57 255 21 3075 1
692 37 220 19 4608 1
693 73 220 19 4608 1
694 109 220 19 4608 1
695 37 254 27 7911 1
696 37 275 23 4951 1
697 73 275 23 4951 1
698 82 268 18 2987 1
699 57 264 20 3419 1
700 113 264 20 3419 1
701 30 279 21 6417 1
702 56 221 17 2972 1
703 111 221 17 2972 1
704 36 268 23 8856 1
705 71 268 23 8856 1
706 106 268 23 8856 1
707 90 268 33 4440 1
708 57 276 42 13654 1
709 113 276 42 13654 1
710 169 276 42 13654 1
711 58 279 31 7098 1
712 92 274 21 5744 1
713 35 264 26 5598 1
714 37 276 28 7029 1
715 51 222 20 5005 1
716 37 257 19 5242 1
717 15 265 21 4585 1
718 58 255 31 8741 1
719 36 228 26 5925 1
720 37 267 29 8649 1
721 50 221 25 6529 1
722 58 220 17 5352 1
723 36 274 13 1909 1
724 56 274 11 1804 1
725 91 264 26 9613 1
726 50 260 23 7313 1
727 51 259 15 2756 1
728 101 259 15 2756 1
729 65 216 24 7668 1
730 37 255 26 3435 1
731 58 228 13 3480 1
732 30 240 22 5324 1
733 16 276 19 6275 1
734 49 254 39 6060 1
735 58 220 39 9261 1
736 40 257 22 4324 1
737 58 258 27 5678 1
738 50 264 21 4964 1
739 35 255 18 6276 1
740 57 220 26 3407 1
741 113 220 26 3407 1
742 50 259 37 5888 1
743 95 279 18 6012 1
744 26 274 31 5927 1
745 57 254 28 9696 1
746 37 255 18 2966 1
747 37 262 23 6637 1
748 29 220 36 6825 1
749 57 220 36 6825 1
750 57 220 39 5378 1
751 36 230 32 8690 1
752 92 239 33 4666 1
753 94 240 20 3521 1
754 30 274 23 4974 1
755 56 230 18 6050 1
756 50 220 19 3036 1
757 30 279 29 5121 1
758 59 279 29 5121 1
759 37 230 13 2073 1
760 73 230 13 2073 1
761 64 240 38 6451 1
762 37 277 14 2095 1
763 36 276 35 7179 1
764 90 254 27 9903 1
765 37 259 47 10309 1
766 30 276 17 3881 1
767 64 239 46 7522 1
768 37 268 25 4681 1
769 57 272 15 4720 1
770 40 228 12 3545 1
771 36 262 29 4247 1
772 19 255 24 7386 1
773 37 255 24 7386 1
774 37 260 14 2252 1
775 37 261 30 4744 1
776 80 335 31 13389 1
777 36 335 17 6570 1
778 36 292 37 15167 1
779 58 299 43 15521 1
780 115 299 43 15521 1
781 172 299 43 15521 1
782 31 299 33 7450 1
783 57 305 21 6964 1
784 113 305 21 6964 1
785 169 305 21 6964 1
786 57 332 41 19767 1
787 79 304 35 14868 1
788 58 293 18 4403 1
789 115 293 18 4403 1
790 172 293 18 4403 1
791 56 316 38 16637 1
792 68 337 23 9036 1
793 58 305 30 7578 1
794 27 293 40 16963 1
795 36 300 40 7721 1
796 57 337 50 14335 1
797 113 337 50 14335 1
798 169 337 50 14335 1
799 225 337 50 14335 1
800 281 337 50 14335 1
801 337 337 50 14335 1
802 393 337 50 14335 1
803 449 337 50 14335 1
804 505 337 50 14335 1
805 58 282 24 8755 1
806 115 282 24 8755 1
807 58 324 31 6587 1
808 115 324 31 6587 1
809 172 324 31 6587 1
810 56 282 33 12439 1
811 111 282 33 12439 1
812 84 281 35 12138 1
813 82 336 29 12687 1
814 163 336 29 12687 1
815 244 336 29 12687 1
816 60 294 26 6923 1
817 81 334 29 12810 1
818 30 324 43 19760 1
819 56 304 18 2830 1
820 57 303 48 10415 1
821 113 303 48 10415 1
822 78 334 19 4920 1
823 155 334 19 4920 1
824 78 316 32 12025 1
825 57 338 25 11138 1
826 57 335 26 10378 1
827 58 294 22 3854 1
828 115 294 22 3854 1
829 172 294 22 3854 1
830 37 332 32 15275 1
831 60 292 26 9653 1
832 59 300 35 10065 1
833 117 300 35 10065 1
834 175 300 35 10065 1
835 56 294 30 5053 1
836 59 338 39 10640 1
837 27 300 23 4469 1
838 58 335 54 13048 1
839 115 335 54 13048 1
840 30 305 31 5823 1
841 57 286 27 7885 1
842 113 286 27 7885 1
843 169 286 27 7885 1
844 225 286 27 7885 1
845 281 286 27 7885 1
846 57 332 37 6439 1
847 113 332 37 6439 1
848 169 332 37 6439 1
849 57 303 33 7489 1
850 65 332 32 8152 1
851 53 292 42 14817 1
852 56 282 27 4718 1
853 111 282 27 4718 1
854 31 281 49 9644 1
855 78 337 34 16263 1
856 155 337 34 16263 1
857 63 332 32 10939 1
858 57 299 25 6923 1
859 56 281 37 9955 1
860 111 281 37 9955 1
861 166 281 37 9955 1
862 57 333 41 18021 1
863 113 333 41 18021 1
864 169 333 41 18021 1
865 35 324 43 9160 1
866 56 293 42 14860 1
867 111 293 42 14860 1
868 80 324 27 12899 1
869 58 299 43 8581 1
870 115 299 43 8581 1
871 172 299 43 8581 1
872 229 299 43 8581 1
873 286 299 43 8581 1
874 57 286 14 5645 1
875 57 304 25 6007 1
876 55 303 41 17339 1
877 36 300 26 7448 1
878 37 337 22 7439 1
879 78 337 24 11470 1
880 56 324 35 15076 1
881 56 316 27 11444 1
882 111 316 27 11444 1
883 84 363 47 10348 1
884 167 363 47 10348 1
885 86 369 47 21895 1
886 79 368 68 17506 1
887 71 364 41 20726 1
888 72 369 32 13633 1
889 115 365 20 7885 1
890 70 364 32 9795 1
891 139 364 32 9795 1
892 78 349 60 12988 1
893 64 369 42 8844 1
894 77 363 70 32410 1
895 80 365 48 22082 1
896 69 368 44 11670 1
897 137 368 44 11670 1
898 72 349 16 7160 1
899 71 363 34 10102 1
900 71 368 52 28580 1
901 141 368 52 28580 1
902 110 349 28 5709 1
903 55 369 20 4170 1
904 109 369 20 4170 1
905 93 366 39 17834 1
906 163 363 47 10312 1
907 122 368 54 21131 1
908 71 369 62 32331 1
909 71 364 26 6816 1
910 85 363 27 13053 1
911 107 349 37 7033 1
912 79 368 68 24672 1
913 84 365 37 19405 1
914 54 349 31 7438 1
915 71 365 39 11892 1
916 79 363 34 16740 1
917 56 349 52 17384 1
918 122 366 25 8961 1
919 79 349 37 8987 1
920 76 363 36 9190 1
921 69 365 19 6450 1
922 137 365 19 6450 1
923 62 349 19 3902 1
924 79 364 56 12064 1
925 157 364 56 12064 1
926 70 364 26 5808 1
927 71 365 36 18356 1
928 141 365 36 18356 1
929 125 349 46 22539 1
930 85 369 42 12571 1
931 60 369 27 10689 1
932 89 369 57 19957 1
933 86 349 39 10762 1
934 85 365 51 23425 1
935 79 349 25 7379 1
936 157 349 25 7379 1
937 235 349 25 7379 1
938 313 349 25 7379 1
939 73 369 60 16060 1
940 145 369 60 16060 1
941 217 369 60 16060 1
942 78 349 49 16612 1
943 76 369 46 21598 1
944 151 369 46 21598 1
945 64 365 23 10451 1
946 72 365 38 16001 1
947 143 365 38 16001 1
948 214 365 38 16001 1
949 285 365 38 16001 1
950 76 366 35 13799 1
951 78 369 37 11488 1
952 155 369 37 11488 1
953 78 363 33 6309 1
954 155 363 33 6309 1
955 73 363 63 28729 1
956 70 364 35 14331 1
957 74 349 38 13659 1
958 77 363 30 11225 1
959 86 369 62 31843 1
960 71 366 39 12370 1
961 141 366 39 12370 1
962 79 369 50 25568 1
963 103 363 34 13257 1
964 72 366 48 14139 1
965 71 369 30 10220 1
966 73 364 41 17051 1
967 57 349 64 25711 1
968 80 368 27 11005 1
969 159 368 27 11005 1
970 238 368 27 11005 1
971 86 349 60 19632 1
972 110 366 28 8897 1
973 219 366 28 8897 1
974 328 366 28 8897 1
975 96 369 33 15256 1
976 71 364 40 14196 1
977 86 349 16 4277 1
978 91 364 38 18613 1
979 86 368 34 12512 1
980 71 363 27 8416 1
981 78 349 42 17903 1
982 85 349 41 10094 1
983 85 366 34 8409 1
984 71 363 65 26471 1
985 71 364 43 13616 1
986 71 369 24 10616 1
987 67 365 39 13767 1
988 79 366 23 6902 1
989 157 366 23 6902 1
990 85 349 34 11890 1
991 169 349 34 11890 1
992 86 363 31 7812 1
993 82 368 60 24534 1
994 78 364 51 20459 1
995 77 364 32 11609 1
996 130 365 17 8098 1
997 64 368 56 24438 1
998 70 369 25 12922 1
999 78 369 46 15781 1
1000 155 369 46 15781 1
1001 86 365 31 15396 1
1002 86 368 64 20823 1
1003 77 366 27 6083 1
1004 153 366 27 6083 1
1005 70 349 15 6931 1
1006 73 369 50 27446 1
1007 81 366 21 9624 1
1008 161 366 21 9624 1
1009 78 364 38 12095 1
1010 79 368 37 13563 1
1011 157 368 37 13563 1
1012 58 365 34 12754 1
1013 73 364 39 17694 1
1014 72 363 28 7153 1
1015 123 365 95 46715 1
1016 91 397 56 19293 1
1017 181 397 56 19293 1
1018 92 398 33 11570 1
1019 183 398 33 11570 1
1020 83 396 35 9611 1
1021 165 396 35 9611 1
1022 79 398 50 10711 1
1023 89 398 65 28123 1
1024 177 398 65 28123 1
1025 77 398 30 9397 1
1026 153 398 30 9397 1
1027 81 398 43 9195 1
1028 161 398 43 9195 1
1029 90 396 35 15189 1
1030 179 396 35 15189 1
1031 268 396 35 15189 1
1032 357 396 35 15189 1
1033 86 400 27 7626 1
1034 171 400 27 7626 1
1035 80 398 33 13330 1
1036 80 399 39 10488 1
1037 159 399 39 10488 1
16
500 500 500 500 425 425 400 400 440 500 500 400 500 500 500 550 