1037
1 3 121 11 1553 1
2 5 121 11 1553 1
3 9 138 9 1513 1
4 17 138 9 1513 1
5 25 138 9 1513 1
6 33 138 9 1513 1
7 9 138 18 3200 1
8 17 138 18 3200 1
9 9 141 4 517 1
10 9 137 14 2479 1
11 5 141 16 2207 1
12 8 133 16 2500 1
13 15 133 16 2500 1
14 9 101 7 406 1
15 6 140 42 2942 1
16 10 121 24 3000 1
17 8 141 15 2920 1
18 5 125 29 3606 1
19 9 125 29 3606 1
20 8 127 30 5703 1
21 15 127 30 5703 1
22 8 134 29 3581 1
23 8 117 24 2006 1
24 22 132 35 5434 1
25 17 133 33 4564 1
26 8 137 20 1764 1
27 15 137 20 1764 1
28 8 101 29 4368 1
29 8 127 21 2375 1
30 17 137 18 3551 1
31 8 129 5 444 1
32 15 129 5 444 1
33 16 141 10 1691 1
34 14 137 22 2270 1
35 9 118 13 1350 1
36 17 118 13 1350 1
37 25 118 13 1350 1
38 16 140 28 2468 1
39 9 127 23 4362 1
40 7 121 33 5655 1
41 9 134 38 3459 1
42 17 134 38 3459 1
43 25 134 38 3459 1
44 33 134 38 3459 1
45 9 141 29 3884 1
46 17 141 29 3884 1
47 25 141 29 3884 1
48 33 141 29 3884 1
49 41 141 29 3884 1
50 49 141 29 3884 1
51 8 121 21 2595 1
52 9 138 16 1985 1
53 10 134 32 2866 1
54 9 101 15 1401 1
55 17 101 15 1401 1
56 9 141 10 1367 1
57 17 141 10 1367 1
58 10 133 11 1864 1
59 8 137 37 6121 1
60 8 138 10 1595 1
61 10 101 16 1171 1
62 14 138 24 1789 1
63 16 141 18 3744 1
64 9 139 24 4067 1
65 17 139 24 4067 1
66 25 139 24 4067 1
67 4 127 18 2446 1
68 38 132 30 3907 1
69 9 132 22 3017 1
70 17 132 22 3017 1
71 25 117 30 1941 1
72 82 125 3 258 1
73 8 127 28 3837 1
74 16 125 23 2706 1
75 18 133 43 7444 1
76 17 139 29 3165 1
77 33 139 29 3165 1
78 8 134 9 784 1
79 8 137 33 6136 1
80 15 137 33 6136 1
81 22 137 33 6136 1
82 26 121 13 2167 1
83 14 140 29 3594 1
84 9 132 29 3791 1
85 17 121 18 1364 1
86 9 139 15 1272 1
87 17 139 15 1272 1
88 8 133 54 7745 1
89 15 133 54 7745 1
90 11 138 42 6099 1
91 12 127 16 2916 1
92 21 132 24 4711 1
93 8 127 12 1180 1
94 15 127 12 1180 1
95 9 127 28 2910 1
96 9 139 22 2434 1
97 8 141 45 7274 1
98 15 141 45 7274 1
99 22 141 45 7274 1
100 29 141 45 7274 1
101 36 141 45 7274 1
102 43 141 45 7274 1
103 8 139 23 3555 1
104 8 139 10 1924 1
105 8 117 30 4980 1
106 15 117 30 4980 1
107 7 141 12 1662 1
108 9 141 35 4940 1
109 15 101 28 1683 1
110 8 129 41 3708 1
111 15 129 41 3708 1
112 22 129 41 3708 1
113 29 129 41 3708 1
114 11 138 20 2001 1
115 21 138 20 2001 1
116 31 138 20 2001 1
117 9 121 23 2475 1
118 17 121 23 2475 1
119 11 132 28 5053 1
120 16 132 30 5413 1
121 8 138 17 1825 1
122 15 138 17 1825 1
123 22 138 17 1825 1
124 29 138 17 1825 1
125 10 101 10 1515 1
126 12 121 1 160 1
127 8 132 8 842 1
128 9 134 57 10246 1
129 9 138 20 2548 1
130 26 101 8 511 1
131 8 141 33 4411 1
132 7 121 52 6498 1
133 8 134 1 187 1
134 8 129 41 3107 1
135 15 129 41 3107 1
136 16 125 36 3896 1
137 9 138 26 2933 1
138 8 118 44 6347 1
139 15 118 44 6347 1
140 22 118 44 6347 1
141 10 133 34 5075 1
142 4 137 5 921 1
143 14 129 16 2018 1
144 42 140 28 3860 1
145 7 117 22 2948 1
146 13 117 22 2948 1
147 11 117 18 2681 1
148 8 140 32 2683 1
149 8 129 34 2465 1
150 15 129 34 2465 1
151 22 129 34 2465 1
152 8 132 15 1206 1
153 8 140 59 7240 1
154 14 117 9 620 1
155 9 140 1 148 1
156 17 140 1 148 1
157 10 140 34 4846 1
158 19 140 34 4846 1
159 15 117 32 4683 1
160 9 129 25 2959 1
161 9 118 16 2423 1
162 17 118 16 2423 1
163 7 129 25 1639 1
164 9 134 34 4723 1
165 9 125 18 2455 1
166 17 125 18 2455 1
167 9 134 13 941 1
168 22 125 7 1302 1
169 7 129 19 2849 1
170 7 133 33 2631 1
171 13 133 33 2631 1
172 8 134 5 456 1
173 15 134 5 456 1
174 22 134 5 456 1
175 18 132 22 1953 1
176 15 125 19 2810 1
177 8 132 26 2561 1
178 8 141 4 638 1
179 29 118 22 1985 1
180 23 139 19 3279 1
181 10 138 18 1481 1
182 19 138 18 1481 1
183 28 138 18 1481 1
184 37 138 18 1481 1
185 8 134 8 828 1
186 8 140 24 4499 1
187 15 140 24 4499 1
188 22 140 24 4499 1
189 29 140 24 4499 1
190 36 140 24 4499 1
191 13 101 11 987 1
192 8 127 42 4534 1
193 15 127 42 4534 1
194 24 139 22 3975 1
195 47 139 22 3975 1
196 27 118 21 3689 1
197 6 121 25 3834 1
198 6 134 46 7205 1
199 10 125 23 2742 1
200 19 125 23 2742 1
201 28 125 23 2742 1
202 9 138 36 2658 1
203 6 138 19 3458 1
204 11 138 19 3458 1
205 16 138 19 3458 1
206 8 121 14 2297 1
207 15 121 14 2297 1
208 14 137 75 6574 1
209 15 133 45 6357 1
210 9 141 34 5656 1
211 17 141 34 5656 1
212 25 141 34 5656 1
213 13 133 20 1817 1
214 8 117 10 1194 1
215 10 127 11 1905 1
216 9 138 27 3770 1
217 17 138 27 3770 1
218 16 141 32 5446 1
219 9 137 32 4855 1
220 15 141 30 6238 1
221 9 133 25 4686 1
222 15 141 36 6279 1
223 9 133 28 3315 1
224 9 118 19 1919 1
225 17 118 19 1919 1
226 25 118 19 1919 1
227 8 141 2 389 1
228 9 121 32 5730 1
229 17 121 32 5730 1
230 25 121 32 5730 1
231 12 133 13 2038 1
232 7 127 14 2522 1
233 8 137 42 5250 1
234 15 137 42 5250 1
235 82 101 11 1196 1
236 15 139 2 360 1
237 8 140 29 5778 1
238 10 101 18 2382 1
239 6 141 48 8725 1
240 8 137 8 1188 1
241 16 118 26 2192 1
242 31 118 26 2192 1
243 46 118 26 2192 1
244 61 118 26 2192 1
245 7 140 15 1354 1
246 13 140 15 1354 1
247 8 132 20 3507 1
248 8 117 19 3237 1
249 15 117 19 3237 1
250 22 117 19 3237 1
251 8 141 15 2163 1
252 9 101 18 2713 1
253 17 101 18 2713 1
254 9 101 25 1353 1
255 17 101 25 1353 1
256 25 101 25 1353 1
257 16 127 11 1078 1
258 20 121 16 2254 1
259 39 121 16 2254 1
260 58 121 16 2254 1
261 24 121 38 6270 1
262 47 121 38 6270 1
263 8 140 27 3272 1
264 15 140 27 3272 1
265 22 140 27 3272 1
266 29 140 27 3272 1
267 36 140 27 3272 1
268 8 138 16 1224 1
269 12 129 14 1393 1
270 23 129 14 1393 1
271 34 129 14 1393 1
272 7 101 8 1195 1
273 13 101 8 1195 1
274 19 101 8 1195 1
275 8 137 26 4042 1
276 15 137 26 4042 1
277 22 137 26 4042 1
278 29 137 26 4042 1
279 8 101 9 733 1
280 16 125 16 1399 1
281 8 134 13 2535 1
282 15 134 13 2535 1
283 22 134 13 2535 1
284 23 134 17 1340 1
285 14 118 22 3394 1
286 15 149 27 2262 1
287 29 149 27 2262 1
288 10 170 25 4470 1
289 19 170 25 4470 1
290 11 147 32 5236 1
291 13 170 22 2609 1
292 25 170 22 2609 1
293 11 161 24 2542 1
294 22 167 35 5778 1
295 18 161 38 3077 1
296 42 165 8 813 1
297 9 157 26 4350 1
298 8 147 39 4321 1
299 15 147 39 4321 1
300 22 147 39 4321 1
301 9 147 14 2000 1
302 16 170 31 4582 1
303 11 160 11 1564 1
304 21 160 11 1564 1
305 43 161 83 15663 1
306 15 167 16 2461 1
307 12 165 57 9706 1
308 11 168 25 2956 1
309 12 169 12 1799 1
310 13 160 32 3563 1
311 25 160 32 3563 1
312 12 154 31 6655 1
313 23 154 31 6655 1
314 34 154 31 6655 1
315 45 154 31 6655 1
316 56 154 31 6655 1
317 67 154 31 6655 1
318 32 157 30 6589 1
319 4 151 43 4506 1
320 58 168 7 806 1
321 18 160 12 2121 1
322 8 170 35 6640 1
323 12 157 32 5606 1
324 15 160 11 1649 1
325 13 170 34 7647 1
326 25 170 34 7647 1
327 22 168 39 6895 1
328 65 168 40 9217 1
329 8 170 44 4360 1
330 15 170 44 4360 1
331 9 151 10 864 1
332 17 151 10 864 1
333 25 151 10 864 1
334 9 149 23 5119 1
335 14 147 14 2726 1
336 22 168 27 4719 1
337 12 145 25 3665 1
338 23 145 25 3665 1
339 8 160 27 3837 1
340 15 160 27 3837 1
341 16 160 46 6321 1
342 11 151 27 4033 1
343 12 160 19 3637 1
344 23 160 19 3637 1
345 4 149 16 1451 1
346 14 161 45 8764 1
347 12 160 14 2179 1
348 23 160 14 2179 1
349 34 160 14 2179 1
350 8 145 61 8976 1
351 13 145 30 2184 1
352 15 151 29 4403 1
353 10 169 27 3160 1
354 19 169 27 3160 1
355 14 167 30 5859 1
356 27 167 30 5859 1
357 7 149 32 3651 1
358 16 157 41 4564 1
359 15 147 13 2438 1
360 29 147 13 2438 1
361 12 151 16 2489 1
362 23 151 16 2489 1
363 34 151 16 2489 1
364 45 151 16 2489 1
365 56 151 16 2489 1
366 67 151 16 2489 1
367 78 151 16 2489 1
368 13 158 27 4509 1
369 25 158 27 4509 1
370 15 167 36 6753 1
371 13 158 26 4365 1
372 14 149 10 2174 1
373 10 168 7 1033 1
374 16 160 16 2802 1
375 7 165 30 4867 1
376 13 165 30 4867 1
377 8 161 81 7641 1
378 17 147 28 5673 1
379 33 147 28 5673 1
380 25 170 12 2679 1
381 16 167 20 4741 1
382 10 170 62 13212 1
383 12 145 29 4125 1
384 23 145 29 4125 1
385 34 145 29 4125 1
386 11 169 21 3519 1
387 21 169 21 3519 1
388 11 169 26 3753 1
389 10 149 18 2430 1
390 24 145 5 536 1
391 12 167 15 1511 1
392 23 167 15 1511 1
393 17 161 18 2936 1
394 9 167 46 7156 1
395 17 167 46 7156 1
396 25 167 46 7156 1
397 15 158 49 6188 1
398 18 168 28 5150 1
399 15 160 13 2620 1
400 29 160 13 2620 1
401 12 157 34 6851 1
402 10 167 37 8230 1
403 54 169 42 7966 1
404 10 169 28 5049 1
405 7 151 23 1855 1
406 8 169 25 2505 1
407 15 169 25 2505 1
408 22 157 11 909 1
409 24 154 45 6248 1
410 12 167 23 3777 1
411 20 161 30 6079 1
412 10 145 35 7040 1
413 19 145 35 7040 1
414 15 169 24 3646 1
415 29 169 24 3646 1
416 43 169 24 3646 1
417 12 158 23 3771 1
418 11 170 56 6642 1
419 21 170 56 6642 1
420 31 170 56 6642 1
421 10 170 31 3416 1
422 19 170 31 3416 1
423 28 170 31 3416 1
424 8 151 41 5092 1
425 6 157 41 5235 1
426 12 160 28 4786 1
427 23 160 28 4786 1
428 18 169 8 1964 1
429 14 157 20 3430 1
430 8 149 32 2995 1
431 15 149 32 2995 1
432 14 161 61 8895 1
433 27 161 61 8895 1
434 16 158 10 1454 1
435 10 154 18 3962 1
436 17 151 29 5489 1
437 16 145 28 2769 1
438 10 170 61 11769 1
439 13 157 21 4007 1
440 23 170 24 5524 1
441 9 170 32 5387 1
442 11 154 5 430 1
443 21 154 5 430 1
444 31 154 5 430 1
445 41 154 5 430 1
446 11 149 49 7846 1
447 8 165 28 3981 1
448 15 165 28 3981 1
449 17 157 11 1957 1
450 16 167 48 9967 1
451 3 161 31 5880 1
452 12 165 64 13819 1
453 23 165 64 13819 1
454 8 169 21 2837 1
455 15 169 21 2837 1
456 21 167 56 12508 1
457 14 145 20 1597 1
458 27 145 20 1597 1
459 40 145 20 1597 1
460 15 145 39 3429 1
461 12 165 18 3768 1
462 28 158 9 1968 1
463 9 167 13 2117 1
464 8 154 26 3472 1
465 31 160 30 3641 1
466 61 160 30 3641 1
467 8 169 32 3186 1
468 15 169 32 3186 1
469 22 169 32 3186 1
470 29 169 32 3186 1
471 9 149 20 3684 1
472 13 168 40 4314 1
473 25 168 40 4314 1
474 8 151 13 2491 1
475 15 151 13 2491 1
476 15 170 56 11895 1
477 16 154 31 2578 1
478 14 168 31 4537 1
479 13 160 19 3772 1
480 9 154 74 14897 1
481 16 160 37 4294 1
482 11 158 24 3862 1
483 21 158 24 3862 1
484 31 158 24 3862 1
485 41 158 24 3862 1
486 51 158 24 3862 1
487 10 149 43 7859 1
488 19 149 43 7859 1
489 28 149 43 7859 1
490 37 149 43 7859 1
491 46 149 43 7859 1
492 55 149 43 7859 1
493 64 149 43 7859 1
494 73 149 43 7859 1
495 15 151 45 4119 1
496 12 160 10 2049 1
497 22 165 37 4606 1
498 25 160 47 11056 1
499 49 160 47 11056 1
500 9 160 48 9385 1
501 17 160 48 9385 1
502 9 160 4 950 1
503 41 167 22 3297 1
504 17 147 36 5428 1
505 11 167 32 5909 1
506 21 167 32 5909 1
507 31 167 32 5909 1
508 13 149 35 5445 1
509 10 168 45 5536 1
510 19 168 45 5536 1
511 12 154 24 3911 1
512 25 158 3 425 1
513 12 160 35 4387 1
514 23 160 35 4387 1
515 12 151 19 1586 1
516 12 168 66 14307 1
517 10 170 29 2659 1
518 37 168 51 10711 1
519 16 154 32 5147 1
520 11 169 33 7566 1
521 21 169 33 7566 1
522 31 169 33 7566 1
523 15 168 50 6400 1
524 13 149 47 4082 1
525 25 149 47 4082 1
526 22 151 5 553 1
527 16 170 25 3026 1
528 8 169 29 5203 1
529 15 169 29 5203 1
530 129 149 23 2717 1
531 11 154 27 3515 1
532 21 154 27 3515 1
533 15 165 35 4877 1
534 11 160 27 5273 1
535 7 168 36 3055 1
536 12 161 31 6596 1
537 7 170 31 5845 1
538 9 160 10 2219 1
539 10 149 31 4743 1
540 10 161 15 2258 1
541 11 169 50 4744 1
542 21 169 50 4744 1
543 31 169 50 4744 1
544 41 169 50 4744 1
545 51 169 50 4744 1
546 16 154 30 3397 1
547 10 170 30 7582 1
548 14 169 8 1124 1
549 16 145 37 3155 1
550 17 169 22 3056 1
551 44 151 10 949 1
552 20 168 20 4500 1
553 15 151 43 6638 1
554 15 165 46 9432 1
555 14 165 14 1676 1
556 17 169 24 2056 1
557 9 157 36 3626 1
558 17 157 36 3626 1
559 9 165 45 7940 1
560 20 157 47 5969 1
561 10 149 35 3241 1
562 12 165 35 7611 1
563 20 147 33 3834 1
564 15 157 15 2595 1
565 24 157 19 3765 1
566 47 157 19 3765 1
567 7 165 81 12036 1
568 9 154 11 1903 1
569 17 154 11 1903 1
570 11 161 47 4256 1
571 21 161 47 4256 1
572 31 161 47 4256 1
573 41 161 47 4256 1
574 10 167 26 2575 1
575 10 157 20 4281 1
576 52 170 56 13224 1
577 15 167 48 6352 1
578 26 168 6 1306 1
579 12 151 29 3038 1
580 14 149 21 3684 1
581 15 160 12 1546 1
582 10 149 51 8330 1
583 15 157 69 11704 1
584 16 160 17 2613 1
585 7 147 15 2013 1
586 15 170 33 5611 1
587 14 198 32 3808 1
588 37 175 23 5286 1
589 58 195 18 1948 1
590 44 178 20 2777 1
591 43 183 9 2465 1
592 36 197 18 2599 1
593 71 197 18 2599 1
594 23 178 15 3519 1
595 45 178 15 3519 1
596 57 198 15 2329 1
597 113 198 15 2329 1
598 16 194 11 1219 1
599 44 195 27 6185 1
600 35 208 23 3651 1
601 56 178 30 7308 1
602 37 198 16 1655 1
603 45 184 13 2564 1
604 55 210 33 9987 1
605 44 178 22 5576 1
606 16 211 13 2862 1
607 8 183 15 3741 1
608 17 183 9 1164 1
609 36 175 28 4435 1
610 17 211 20 3392 1
611 37 195 13 1898 1
612 38 207 9 1706 1
613 43 211 13 4013 1
614 60 183 16 2907 1
615 44 194 17 4174 1
616 43 178 19 4457 1
617 44 175 16 3591 1
618 36 195 11 1800 1
619 33 183 17 2048 1
620 57 194 13 3189 1
621 113 194 13 3189 1
622 15 195 12 3506 1
623 58 198 15 3079 1
624 16 175 15 3282 1
625 31 175 15 3282 1
626 43 207 32 8121 1
627 85 207 32 8121 1
628 36 211 37 4960 1
629 36 184 18 3257 1
630 71 184 18 3257 1
631 106 184 18 3257 1
632 59 183 26 4799 1
633 58 197 18 2330 1
634 115 197 18 2330 1
635 36 183 33 6287 1
636 43 175 8 1388 1
637 85 175 8 1388 1
638 56 194 12 1617 1
639 24 211 17 5260 1
640 71 207 29 3408 1
641 40 184 14 3800 1
642 45 207 13 1616 1
643 57 198 19 1940 1
644 113 198 19 1940 1
645 57 194 7 1934 1
646 26 211 17 4614 1
647 59 198 14 2362 1
648 15 207 17 2943 1
649 39 194 20 3716 1
650 16 197 24 3101 1
651 43 184 16 2406 1
652 57 175 18 2737 1
653 59 184 9 1691 1
654 117 184 9 1691 1
655 44 178 16 3330 1
656 37 197 13 1889 1
657 57 207 8 1807 1
658 15 198 17 3640 1
659 42 178 10 1289 1
660 70 197 13 1433 1
661 44 195 14 2218 1
662 44 197 12 2863 1
663 44 197 14 4117 1
664 15 183 31 6803 1
665 24 175 8 1261 1
666 42 184 24 3303 1
667 83 184 24 3303 1
668 124 184 24 3303 1
669 25 198 9 1812 1
670 20 211 10 1976 1
671 36 175 28 3746 1
672 36 175 19 4742 1
673 21 183 19 3511 1
674 16 210 28 5578 1
675 31 210 28 5578 1
676 15 197 29 3654 1
677 43 207 12 2349 1
678 56 207 17 3075 1
679 45 195 16 2293 1
680 89 195 16 2293 1
681 35 228 19 4193 1
682 36 268 21 6206 1
683 57 267 21 3738 1
684 17 267 40 5615 1
685 49 254 35 9645 1
686 97 254 35 9645 1
687 145 254 35 9645 1
688 40 277 23 9018 1
689 58 260 26 7140 1
690 37 239 13 2732 1
691 36 257 26 5418 1
692 71 257 26 5418 1
693 106 257 26 5418 1
694 45 260 11 1759 1
695 89 260 11 1759 1
696 133 260 11 1759 1
697 92 239 36 8511 1
698 36 261 20 4891 1
699 71 261 20 4891 1
700 30 243 18 4642 1
701 59 243 18 4642 1
702 29 276 23 5240 1
703 50 221 23 6445 1
704 36 277 20 7756 1
705 15 228 26 8841 1
706 58 222 20 4510 1
707 40 228 25 4306 1
708 52 267 51 12498 1
709 57 258 23 7178 1
710 37 243 21 7542 1
711 57 220 17 3116 1
712 113 220 17 3116 1
713 58 230 22 6348 1
714 115 230 22 6348 1
715 36 228 15 3598 1
716 37 258 24 8792 1
717 73 258 24 8792 1
718 109 258 24 8792 1
719 145 258 24 8792 1
720 29 268 36 10602 1
721 50 239 36 12404 1
722 16 243 39 13922 1
723 36 272 21 3269 1
724 71 272 21 3269 1
725 30 274 27 7375 1
726 90 255 40 10663 1
727 44 259 24 3253 1
728 29 259 23 5916 1
729 57 259 23 5916 1
730 37 254 34 5218 1
731 16 260 31 8165 1
732 57 261 31 6712 1
733 58 259 22 7201 1
734 115 259 22 7201 1
735 50 255 16 2225 1
736 37 259 32 8341 1
737 50 262 23 6902 1
738 42 222 22 4214 1
739 83 222 22 4214 1
740 35 258 23 5374 1
741 57 258 45 9730 1
742 36 279 35 8291 1
743 51 274 34 7772 1
744 36 257 20 3922 1
745 57 267 21 7667 1
746 113 267 21 7667 1
747 37 258 17 2572 1
748 36 262 36 11214 1
749 37 261 40 8402 1
750 90 257 54 12008 1
751 50 240 22 2983 1
752 36 274 16 4657 1
753 50 268 30 10590 1
754 99 268 30 10590 1
755 50 228 11 2782 1
756 92 240 31 6322 1
757 89 220 13 3268 1
758 51 222 15 2290 1
759 101 222 15 2290 1
760 37 260 22 7839 1
761 50 261 33 9764 1
762 38 220 20 6550 1
763 93 279 14 5516 1
764 14 216 15 2556 1
765 77 277 33 7983 1
766 58 268 36 13566 1
767 57 230 20 5100 1
768 113 230 20 5100 1
769 169 230 20 5100 1
770 36 275 13 3322 1
771 71 275 13 3322 1
772 64 220 16 2040 1
773 57 239 16 4531 1
774 39 240 17 3568 1
775 36 277 31 11382 1
776 58 337 35 15832 1
777 77 323 37 9210 1
778 56 292 38 6598 1
779 111 292 38 6598 1
780 166 292 38 6598 1
781 66 333 44 11808 1
782 57 324 41 19302 1
783 113 324 41 19302 1
784 169 324 41 19302 1
785 225 324 41 19302 1
786 57 336 39 18879 1
787 113 336 39 18879 1
788 169 336 39 18879 1
789 57 338 35 7701 1
790 113 338 35 7701 1
791 36 333 22 7246 1
792 71 333 22 7246 1
793 58 323 27 12488 1
794 115 323 27 12488 1
795 172 323 27 12488 1
796 229 323 27 12488 1
797 78 305 23 6544 1
798 17 337 29 6616 1
799 57 286 34 11901 1
800 57 338 36 8007 1
801 31 300 42 15014 1
802 78 293 18 6288 1
803 62 304 34 11397 1
804 57 332 34 10143 1
805 57 282 46 13475 1
806 113 282 46 13475 1
807 169 282 46 13475 1
808 56 292 38 11397 1
809 55 338 27 5869 1
810 78 316 30 5085 1
811 57 337 32 14628 1
812 57 293 37 6712 1
813 113 293 37 6712 1
814 169 293 37 6712 1
815 28 337 57 17090 1
816 52 333 43 19605 1
817 30 299 31 8156 1
818 37 335 34 15782 1
819 42 305 35 10502 1
820 38 305 31 13047 1
821 56 292 31 5052 1
822 80 299 37 10892 1
823 57 335 16 7202 1
824 57 338 36 16025 1
825 31 336 34 7097 1
826 56 282 28 8880 1
827 73 282 36 13070 1
828 56 323 32 13554 1
829 111 323 32 13554 1
830 166 323 32 13554 1
831 73 336 35 8978 1
832 57 337 32 10462 1
833 113 337 32 10462 1
834 57 292 32 9591 1
835 30 338 39 10845 1
836 41 282 19 7518 1
837 46 332 42 13778 1
838 81 293 21 3724 1
839 31 303 25 6140 1
840 37 323 41 16762 1
841 55 286 32 7902 1
842 109 286 32 7902 1
843 163 286 32 7902 1
844 36 292 34 10286 1
845 30 303 40 17892 1
846 37 324 27 7955 1
847 73 324 27 7955 1
848 109 324 27 7955 1
849 59 333 26 9233 1
850 59 304 29 4488 1
851 28 292 52 12236 1
852 30 294 14 4453 1
853 85 334 28 12421 1
854 169 334 28 12421 1
855 78 282 38 7703 1
856 155 282 38 7703 1
857 36 332 42 13202 1
858 58 299 39 9138 1
859 115 299 39 9138 1
860 172 299 39 9138 1
861 78 324 34 6185 1
862 58 324 44 13027 1
863 30 337 39 8835 1
864 57 304 25 4438 1
865 57 305 36 9799 1
866 113 305 36 9799 1
867 169 305 36 9799 1
868 5 282 41 8393 1
869 82 300 19 8399 1
870 57 292 35 5827 1
871 58 300 17 3855 1
872 57 324 31 6312 1
873 58 323 32 14548 1
874 56 299 34 8517 1
875 111 299 34 8517 1
876 58 333 45 11482 1
877 115 333 45 11482 1
878 172 333 45 11482 1
879 229 333 45 11482 1
880 58 338 40 19343 1
881 115 338 40 19343 1
882 172 338 40 19343 1
883 69 366 32 12466 1
884 79 364 54 16738 1
885 85 364 70 28239 1
886 70 365 56 25042 1
887 86 349 26 9971 1
888 68 366 40 14411 1
889 72 366 36 15331 1
890 80 364 35 6667 1
891 83 349 79 20935 1
892 79 364 50 19402 1
893 157 364 50 19402 1
894 71 364 42 9436 1
895 91 363 49 22539 1
896 79 369 80 14791 1
897 157 369 80 14791 1
898 80 349 27 6750 1
899 71 363 55 26401 1
900 85 363 18 9184 1
901 169 363 18 9184 1
902 253 363 18 9184 1
903 77 369 18 8169 1
904 78 369 32 12524 1
905 85 366 47 18788 1
906 71 368 32 17457 1
907 89 365 39 8179 1
908 79 369 29 5899 1
909 157 369 29 5899 1
910 235 369 29 5899 1
911 77 368 36 8569 1
912 153 368 36 8569 1
913 112 368 49 14220 1
914 223 368 49 14220 1
915 71 368 27 12993 1
916 73 349 27 7814 1
917 145 349 27 7814 1
918 217 349 27 7814 1
919 78 368 31 6647 1
920 155 368 31 6647 1
921 232 368 31 6647 1
922 111 368 33 8514 1
923 64 349 31 5476 1
924 71 364 35 11229 1
925 72 365 62 30790 1
926 78 364 29 10306 1
927 78 364 38 9551 1
928 72 349 40 10215 1
929 71 364 33 6346 1
930 141 364 33 6346 1
931 63 363 54 20971 1
932 86 349 27 11468 1
933 84 365 43 10053 1
934 128 369 28 6370 1
935 73 365 31 11564 1
936 70 363 32 17345 1
937 72 349 68 30042 1
938 80 365 47 19350 1
939 77 364 34 14380 1
940 72 369 21 10703 1
941 76 365 47 10858 1
942 60 368 50 19309 1
943 82 349 45 10931 1
944 72 366 43 13298 1
945 85 364 56 18750 1
946 80 363 19 4053 1
947 80 363 40 18346 1
948 63 366 30 8245 1
949 125 366 30 8245 1
950 80 366 57 22293 1
951 71 368 36 7282 1
952 70 366 65 34491 1
953 73 365 63 28962 1
954 71 369 52 11093 1
955 72 365 33 9686 1
956 76 366 36 6675 1
957 73 365 46 23065 1
958 79 366 25 13493 1
959 63 368 47 15441 1
960 125 368 47 15441 1
961 71 365 40 18081 1
962 78 364 53 13302 1
963 125 368 66 25726 1
964 79 368 48 12472 1
965 72 364 47 17341 1
966 117 366 37 9283 1
967 86 366 68 30939 1
968 85 349 72 27962 1
969 71 364 34 14127 1
970 64 365 51 24847 1
971 81 363 35 8715 1
972 134 364 64 25632 1
973 86 369 58 21322 1
974 72 368 51 25684 1
975 73 368 51 17120 1
976 145 368 51 17120 1
977 85 368 51 10717 1
978 71 365 40 10913 1
979 78 365 54 28547 1
980 155 365 54 28547 1
981 64 349 40 10593 1
982 72 366 25 7283 1
983 156 349 36 10348 1
984 311 349 36 10348 1
985 466 349 36 10348 1
986 85 349 28 5384 1
987 77 368 72 19318 1
988 153 368 72 19318 1
989 79 363 28 9543 1
990 85 363 49 23902 1
991 73 363 29 14787 1
992 72 368 48 22112 1
993 97 368 31 16154 1
994 137 349 34 17090 1
995 85 366 39 15804 1
996 80 368 36 15620 1
997 93 366 32 7055 1
998 86 365 39 11368 1
999 76 369 49 21308 1
1000 78 369 51 25512 1
1001 92 363 37 10051 1
1002 86 368 28 7662 1
1003 99 365 35 13592 1
1004 112 366 45 23032 1
1005 223 366 45 23032 1
1006 78 349 33 7586 1
1007 155 349 33 7586 1
1008 232 349 33 7586 1
1009 309 349 33 7586 1
1010 85 368 46 23127 1
1011 82 366 81 38816 1
1012 77 366 25 7545 1
1013 153 366 25 7545 1
1014 71 364 26 13597 1
1015 150 368 21 8991 1
1016 80 400 59 19218 1
1017 91 400 57 34028 1
1018 93 400 71 26491 1
1019 103 396 33 12699 1
1020 91 397 15 7839 1
1021 89 398 38 11284 1
1022 79 396 56 20487 1
1023 91 400 40 23182 1
1024 93 399 66 19382 1
1025 185 399 66 19382 1
1026 91 398 36 19208 1
1027 91 396 50 28717 1
1028 94 398 61 22470 1
1029 91 400 36 9040 1
1030 181 400 36 9040 1
1031 91 400 62 13118 1
1032 93 397 43 12637 1
1033 92 398 64 32539 1
1034 72 398 31 16949 1
1035 91 397 55 30672 1
1036 79 398 51 23196 1
1037 83 399 23 7062 1
16
500 500 500 500 425 425 400 400 440 500 500 400 500 500 500 550 