1036
1 11 132 7 1368 1
2 26 134 6 522 1
3 13 125 8 1337 1
4 10 125 7 516 1
5 8 133 18 2242 1
6 15 133 18 2242 1
7 22 133 18 2242 1
8 29 133 18 2242 1
9 19 118 14 2419 1
10 37 118 14 2419 1
11 7 129 21 1548 1
12 13 129 21 1548 1
13 8 132 3 593 1
14 15 132 3 593 1
15 22 132 3 593 1
16 29 132 3 593 1
17 36 132 3 593 1
18 43 132 3 593 1
19 22 137 10 945 1
20 26 133 5 686 1
21 113 134 28 3018 1
22 31 129 20 2587 1
23 61 129 20 2587 1
24 91 129 20 2587 1
25 121 129 20 2587 1
26 151 129 20 2587 1
27 3 132 13 1437 1
28 17 137 7 1354 1
29 34 138 14 2664 1
30 8 129 23 4388 1
31 15 129 23 4388 1
32 25 134 24 1753 1
33 49 134 24 1753 1
34 24 133 2 176 1
35 47 133 2 176 1
36 70 133 2 176 1
37 93 133 2 176 1
38 7 134 6 875 1
39 13 134 6 875 1
40 7 132 23 4108 1
41 13 132 23 4108 1
42 19 132 23 4108 1
43 33 132 25 3474 1
44 9 137 14 991 1
45 8 129 24 2730 1
46 15 129 24 2730 1
47 9 129 15 2698 1
48 9 129 29 4821 1
49 17 129 29 4821 1
50 3 137 7 571 1
51 7 133 13 1516 1
52 8 129 12 931 1
53 15 129 12 931 1
54 17 138 16 3023 1
55 9 132 9 1709 1
56 8 125 17 2884 1
57 15 125 17 2884 1
58 18 138 4 506 1
59 8 118 25 1606 1
60 15 118 25 1606 1
61 22 118 25 1606 1
62 29 118 25 1606 1
63 3 137 6 1220 1
64 8 133 5 786 1
65 19 134 9 629 1
66 7 125 7 946 1
67 9 118 7 1167 1
68 2 134 8 1554 1
69 8 140 16 1474 1
70 8 132 6 759 1
71 8 138 28 5639 1
72 15 138 16 2752 1
73 9 133 19 3588 1
74 9 140 5 454 1
75 8 138 27 4303 1
76 15 138 27 4303 1
77 2 132 23 1786 1
78 18 137 8 654 1
79 33 118 15 1736 1
80 9 133 5 338 1
81 8 129 6 457 1
82 5 140 16 3014 1
83 9 140 16 3014 1
84 13 140 16 3014 1
85 38 125 12 1140 1
86 75 125 12 1140 1
87 112 125 12 1140 1
88 17 125 4 735 1
89 34 140 10 827 1
90 9 138 18 1688 1
91 7 137 34 5782 1
92 12 140 7 1443 1
93 8 132 17 1701 1
94 9 137 14 2748 1
95 17 137 14 2748 1
96 9 133 10 1472 1
97 9 132 20 2260 1
98 17 132 20 2260 1
99 9 133 10 1134 1
100 17 133 10 1134 1
101 14 137 8 1202 1
102 43 167 13 3106 1
103 24 170 13 2892 1
104 6 149 12 2136 1
105 16 197 17 2812 1
106 44 203 10 2363 1
107 87 203 10 2363 1
108 130 203 10 2363 1
109 20 205 8 1190 1
110 20 195 12 2054 1
111 55 204 7 1105 1
112 20 181 11 2897 1
113 61 149 13 2839 1
114 33 167 10 2054 1
115 65 167 10 2054 1
116 44 199 22 2645 1
117 87 199 22 2645 1
118 43 194 8 1353 1
119 85 194 8 1353 1
120 127 194 8 1353 1
121 169 194 8 1353 1
122 211 194 8 1353 1
123 253 194 8 1353 1
124 36 194 25 5975 1
125 43 197 18 2671 1
126 85 197 18 2671 1
127 127 197 18 2671 1
128 25 167 16 2930 1
129 44 170 10 1681 1
130 99 204 9 1755 1
131 17 204 23 6645 1
132 43 190 19 4883 1
133 85 190 19 4883 1
134 67 187 21 3306 1
135 6 208 39 6358 1
136 43 171 43 6519 1
137 85 171 43 6519 1
138 44 202 36 9016 1
139 87 202 36 9016 1
140 44 202 7 1840 1
141 53 178 9 931 1
142 43 202 40 4382 1
143 43 202 15 3838 1
144 16 207 18 2625 1
145 67 167 11 1055 1
146 16 202 24 2634 1
147 44 202 5 711 1
148 87 202 5 711 1
149 27 204 35 7935 1
150 33 170 31 4357 1
151 43 202 9 1109 1
152 44 188 22 3282 1
153 73 203 11 1684 1
154 7 205 14 4202 1
155 61 210 35 10655 1
156 44 171 11 1828 1
157 44 188 9 1643 1
158 59 177 10 1710 1
159 21 197 9 2069 1
160 49 161 19 2038 1
161 42 210 18 2247 1
162 44 187 17 2042 1
163 87 187 17 2042 1
164 130 187 17 2042 1
165 44 194 16 3369 1
166 44 188 16 3488 1
167 87 188 16 3488 1
168 130 188 16 3488 1
169 8 197 19 2019 1
170 103 210 43 10729 1
171 17 205 15 2538 1
172 15 204 21 3966 1
173 29 202 15 4323 1
174 57 202 15 4323 1
175 85 202 15 4323 1
176 6 167 21 2053 1
177 17 178 16 2103 1
178 45 207 11 1157 1
179 44 190 7 812 1
180 87 190 7 812 1
181 44 171 9 810 1
182 14 187 17 2532 1
183 42 161 17 1524 1
184 83 161 17 1524 1
185 6 178 11 1934 1
186 19 205 8 1418 1
187 37 205 8 1418 1
188 16 178 11 2768 1
189 45 178 19 4762 1
190 89 178 19 4762 1
191 22 202 71 17501 1
192 22 161 17 2077 1
193 21 207 35 7737 1
194 41 207 35 7737 1
195 16 167 3 566 1
196 42 178 10 1105 1
197 83 178 10 1105 1
198 22 207 8 1781 1
199 32 178 24 2800 1
200 19 210 9 1612 1
201 18 199 15 1728 1
202 43 151 39 3786 1
203 7 178 19 2767 1
204 48 170 15 3032 1
205 43 204 8 1078 1
206 33 210 10 2695 1
207 16 205 14 2447 1
208 31 205 14 2447 1
209 35 195 9 888 1
210 44 197 19 3621 1
211 87 197 19 3621 1
212 22 167 9 880 1
213 43 167 9 880 1
214 39 184 15 1434 1
215 22 167 19 3538 1
216 27 184 7 742 1
217 51 181 12 1797 1
218 23 188 6 1134 1
219 43 151 19 1666 1
220 23 203 29 6159 1
221 43 188 21 5167 1
222 44 161 7 966 1
223 43 210 18 3768 1
224 85 210 18 3768 1
225 42 210 22 4223 1
226 43 195 14 1455 1
227 44 178 14 2435 1
228 43 161 11 957 1
229 44 195 14 1640 1
230 87 195 14 1640 1
231 66 171 15 2065 1
232 131 171 15 2065 1
233 43 207 9 2261 1
234 85 207 9 2261 1
235 44 195 7 923 1
236 44 184 17 4596 1
237 17 184 12 2167 1
238 44 203 28 5782 1
239 87 203 28 5782 1
240 130 203 28 5782 1
241 6 181 22 4046 1
242 43 194 14 1380 1
243 51 187 19 4716 1
244 43 197 15 3983 1
245 85 197 15 3983 1
246 127 197 15 3983 1
247 43 161 13 1370 1
248 43 167 12 1488 1
249 44 171 15 2597 1
250 17 194 20 4671 1
251 16 177 9 901 1
252 21 181 11 2399 1
253 324 190 14 3832 1
254 52 171 17 4145 1
255 4 181 9 1990 1
256 44 245 13 2501 1
257 87 245 13 2501 1
258 28 237 25 7067 1
259 37 245 9 2369 1
260 52 222 9 2877 1
261 54 237 11 1749 1
262 57 244 20 4609 1
263 30 222 35 4228 1
264 43 220 17 4764 1
265 32 244 47 15891 1
266 57 245 13 4125 1
267 53 230 11 3123 1
268 18 222 28 3288 1
269 35 222 28 3288 1
270 56 243 15 1983 1
271 57 230 17 3896 1
272 53 237 16 4465 1
273 30 242 12 3496 1
274 43 212 15 3372 1
275 51 243 10 3545 1
276 30 222 25 3365 1
277 42 216 19 5346 1
278 4 222 40 9300 1
279 7 222 40 9300 1
280 43 212 11 1623 1
281 29 237 16 3654 1
282 51 225 30 9148 1
283 101 225 30 9148 1
284 29 230 25 6626 1
285 52 221 8 2595 1
286 58 212 7 1835 1
287 29 242 20 4630 1
288 58 212 30 7345 1
289 115 212 30 7345 1
290 172 212 30 7345 1
291 56 237 25 5158 1
292 29 212 11 2461 1
293 43 228 12 1456 1
294 43 216 6 1037 1
295 37 228 6 926 1
296 45 244 18 3440 1
297 45 212 23 4834 1
298 89 212 23 4834 1
299 14 222 17 4513 1
300 87 239 6 1504 1
301 29 237 13 3040 1
302 58 242 36 11388 1
303 107 245 37 12235 1
304 53 230 9 1985 1
305 43 212 17 5016 1
306 43 245 18 3757 1
307 85 245 18 3757 1
308 127 245 18 3757 1
309 76 221 8 1962 1
310 45 221 14 3807 1
311 57 228 15 3483 1
312 48 242 15 2987 1
313 90 243 18 3521 1
314 109 242 28 8226 1
315 48 243 21 6974 1
316 12 216 21 4973 1
317 10 221 13 3758 1
318 57 228 16 3137 1
319 110 221 20 6215 1
320 31 216 16 2936 1
321 36 225 13 2691 1
322 45 221 22 4151 1
323 67 230 12 3583 1
324 11 243 22 4086 1
325 49 225 10 2470 1
326 50 212 18 4806 1
327 99 212 18 4806 1
328 105 222 10 2327 1
329 7 220 17 4341 1
330 44 222 26 7220 1
331 87 222 26 7220 1
332 30 237 15 2184 1
333 47 212 17 3627 1
334 31 245 53 11130 1
335 44 243 19 6305 1
336 107 225 18 3775 1
337 50 225 14 2136 1
338 38 243 12 2211 1
339 7 228 10 1633 1
340 36 216 9 2813 1
341 58 212 31 4491 1
342 14 244 15 3851 1
343 30 216 27 5254 1
344 59 216 27 5254 1
345 88 216 27 5254 1
346 117 216 27 5254 1
347 25 243 19 6603 1
348 46 222 21 3395 1
349 58 228 16 2024 1
350 75 242 10 2052 1
351 48 220 14 1997 1
352 88 242 15 4692 1
353 82 228 18 3553 1
354 163 228 18 3553 1
355 18 237 40 13482 1
356 58 220 8 1553 1
357 57 242 6 2164 1
358 58 239 25 7208 1
359 58 225 52 11493 1
360 115 225 52 11493 1
361 110 228 18 2253 1
362 219 228 18 2253 1
363 58 244 17 6076 1
364 46 221 25 6871 1
365 29 220 10 2107 1
366 57 220 10 2107 1
367 29 221 19 4650 1
368 56 245 33 4836 1
369 28 230 18 5932 1
370 29 225 31 9634 1
371 44 221 10 3197 1
372 29 237 17 3744 1
373 57 237 17 3744 1
374 17 216 25 5029 1
375 43 245 29 4420 1
376 59 221 13 2146 1
377 117 221 13 2146 1
378 175 221 13 2146 1
379 42 244 14 4005 1
380 15 237 14 3569 1
381 60 221 9 1862 1
382 6 228 23 3774 1
383 3 243 8 2501 1
384 31 239 16 3809 1
385 97 245 23 4023 1
386 38 220 21 2682 1
387 87 230 12 3690 1
388 46 221 13 3477 1
389 28 220 17 2982 1
390 55 220 17 2982 1
391 45 245 12 3481 1
392 42 245 22 7314 1
393 48 243 28 4286 1
394 81 243 22 2726 1
395 53 245 14 3431 1
396 105 245 14 3431 1
397 102 237 16 3051 1
398 101 242 21 6932 1
399 47 243 23 4747 1
400 28 221 13 3445 1
401 30 239 15 3348 1
402 17 212 17 4132 1
403 15 225 12 2058 1
404 45 239 9 2882 1
405 31 237 13 1984 1
406 61 237 13 1984 1
407 30 257 5 1501 1
408 11 275 34 5003 1
409 21 275 34 5003 1
410 95 260 7 1235 1
411 98 255 6 1065 1
412 102 257 13 2197 1
413 203 257 13 2197 1
414 47 277 21 3567 1
415 36 246 16 4554 1
416 58 267 11 2391 1
417 102 259 17 5656 1
418 44 260 20 6549 1
419 197 261 22 8205 1
420 43 276 12 4140 1
421 85 276 12 4140 1
422 44 277 20 4503 1
423 36 268 16 3255 1
424 94 258 11 2369 1
425 43 257 21 3285 1
426 37 255 15 4345 1
427 15 255 20 4945 1
428 87 276 20 3294 1
429 37 257 23 3538 1
430 50 273 32 11438 1
431 43 246 7 1938 1
432 51 260 15 4140 1
433 30 255 21 7071 1
434 93 267 11 4159 1
435 57 257 12 2413 1
436 36 255 13 4830 1
437 36 258 13 4087 1
438 103 265 19 4741 1
439 36 255 20 3353 1
440 37 246 15 2685 1
441 67 258 16 3973 1
442 37 258 10 2958 1
443 51 255 22 6902 1
444 44 275 13 1791 1
445 30 265 14 2694 1
446 25 275 12 4258 1
447 98 264 20 4638 1
448 38 273 20 5448 1
449 43 259 15 5676 1
450 36 246 12 3035 1
451 71 246 12 3035 1
452 30 268 12 1763 1
453 59 268 12 1763 1
454 36 274 1 313 1
455 58 270 14 3242 1
456 27 257 10 1537 1
457 88 274 15 3801 1
458 50 255 27 6560 1
459 19 262 5 1745 1
460 51 259 11 4068 1
461 54 259 18 2847 1
462 99 268 15 2329 1
463 15 259 1 342 1
464 65 276 23 6346 1
465 39 276 23 8363 1
466 36 257 10 1742 1
467 100 246 19 3098 1
468 51 262 5 1629 1
469 37 275 12 2918 1
470 73 275 12 2918 1
471 50 261 13 3457 1
472 57 265 11 2814 1
473 113 265 11 2814 1
474 49 262 10 2641 1
475 37 275 22 7383 1
476 209 265 17 2848 1
477 45 276 11 3636 1
478 43 255 9 1349 1
479 36 246 8 1626 1
480 15 260 9 3042 1
481 50 267 16 5312 1
482 51 260 14 3819 1
483 36 268 13 1871 1
484 36 265 22 4379 1
485 15 246 12 3982 1
486 50 255 17 6317 1
487 99 255 17 6317 1
488 93 259 21 3685 1
489 95 260 13 2824 1
490 45 246 18 5986 1
491 89 246 18 5986 1
492 51 273 24 7222 1
493 36 259 14 4443 1
494 14 268 14 2888 1
495 57 260 15 2787 1
496 43 267 12 3647 1
497 44 246 18 2489 1
498 34 258 15 5494 1
499 67 258 15 5494 1
500 81 255 13 1778 1
501 161 255 13 1778 1
502 33 275 23 6593 1
503 37 275 10 2408 1
504 93 255 12 3962 1
505 44 261 16 3404 1
506 16 273 14 2345 1
507 43 261 22 3389 1
508 98 257 20 2833 1
509 16 268 1 260 1
510 30 274 12 2946 1
511 51 270 13 2960 1
512 36 275 23 7577 1
513 16 246 11 3048 1
514 81 274 21 5815 1
515 28 276 6 1335 1
516 36 277 21 5248 1
517 37 257 21 4976 1
518 21 262 27 7716 1
519 38 277 21 7139 1
520 29 268 27 9027 1
521 101 260 22 3815 1
522 201 260 22 3815 1
523 51 259 13 2496 1
524 101 259 13 2496 1
525 37 274 4 741 1
526 44 259 14 4331 1
527 101 262 18 6523 1
528 44 270 6 1821 1
529 90 257 23 5200 1
530 44 257 12 3396 1
531 148 246 14 2046 1
532 58 260 1 213 1
533 57 246 6 1571 1
534 50 255 13 3773 1
535 75 276 16 5609 1
536 29 259 17 2343 1
537 115 258 6 1175 1
538 37 267 14 4942 1
539 30 261 18 6274 1
540 59 261 18 6274 1
541 43 267 18 5966 1
542 57 277 6 1870 1
543 55 270 14 5463 1
544 59 276 17 4476 1
545 42 255 17 4829 1
546 58 268 19 3581 1
547 91 261 20 4504 1
548 55 265 11 3569 1
549 109 265 11 3569 1
550 51 257 1 260 1
551 101 264 23 4808 1
552 58 261 18 4739 1
553 41 264 19 6416 1
554 35 259 19 4771 1
555 69 259 19 4771 1
556 30 265 14 3323 1
557 37 276 22 5839 1
558 37 257 8 2945 1
559 30 265 17 6220 1
560 29 274 27 8229 1
561 57 274 27 8229 1
562 57 273 8 1620 1
563 30 270 23 6654 1
564 51 268 24 6910 1
565 30 273 8 2393 1
566 43 258 20 6214 1
567 36 273 25 5295 1
568 29 257 16 3944 1
569 47 264 17 5469 1
570 47 246 4 613 1
571 22 267 20 7038 1
572 43 267 20 7038 1
573 41 268 8 2538 1
574 62 255 5 1326 1
575 57 265 22 5668 1
576 93 276 12 1713 1
577 30 260 19 3162 1
578 37 270 18 5847 1
579 36 276 17 4890 1
580 43 275 9 2924 1
581 51 268 19 3983 1
582 30 265 24 8493 1
583 59 265 24 8493 1
584 28 275 38 9734 1
585 59 257 14 4389 1
586 34 261 15 4985 1
587 28 277 15 3895 1
588 92 257 10 2798 1
589 58 284 21 5860 1
590 58 286 9 3309 1
591 115 286 9 3309 1
592 56 292 14 2634 1
593 28 284 41 8265 1
594 30 285 25 6437 1
595 57 285 16 4898 1
596 24 286 10 1958 1
597 16 281 17 7096 1
598 108 278 34 11845 1
599 215 278 34 11845 1
600 58 281 14 5202 1
601 59 282 21 5914 1
602 31 284 14 4132 1
603 106 291 14 4677 1
604 30 292 37 14099 1
605 44 294 44 6911 1
606 42 291 16 4451 1
607 9 279 34 13995 1
608 17 279 34 13995 1
609 20 294 16 3974 1
610 85 299 14 3916 1
611 29 278 8 2497 1
612 56 281 12 3217 1
613 111 281 12 3217 1
614 36 291 5 2174 1
615 212 286 7 2844 1
616 86 294 20 8565 1
617 43 291 15 3850 1
618 44 284 13 4897 1
619 57 299 14 5985 1
620 29 279 24 3674 1
621 57 286 6 1681 1
622 13 294 14 5277 1
623 30 281 13 2348 1
624 43 300 16 3477 1
625 32 282 13 3903 1
626 37 293 15 6110 1
627 57 281 25 8893 1
628 113 281 25 8893 1
629 169 281 25 8893 1
630 65 293 8 1436 1
631 60 279 22 3993 1
632 58 278 14 2128 1
633 59 300 18 6585 1
634 2 284 7 2176 1
635 43 285 19 4145 1
636 261 286 26 8634 1
637 57 291 7 2403 1
638 113 291 7 2403 1
639 169 291 7 2403 1
640 43 293 8 2778 1
641 58 286 6 2105 1
642 43 285 7 1555 1
643 69 299 11 2030 1
644 57 279 11 2224 1
645 113 279 11 2224 1
646 28 294 11 4566 1
647 55 294 11 4566 1
648 28 294 30 6988 1
649 58 282 13 3014 1
650 57 294 19 6346 1
651 57 282 11 3580 1
652 29 293 27 9277 1
653 92 281 13 3047 1
654 18 284 12 1872 1
655 32 299 16 4856 1
656 42 294 13 5578 1
657 56 285 12 3452 1
658 29 284 28 11743 1
659 28 286 23 5196 1
660 23 281 13 2386 1
661 58 299 34 14853 1
662 28 300 15 3965 1
663 43 281 12 3932 1
664 85 281 12 3932 1
665 37 279 14 3878 1
666 103 299 12 3689 1
667 87 294 16 3437 1
668 30 294 18 5360 1
669 32 300 6 1171 1
670 50 284 22 8920 1
671 29 278 11 2332 1
672 43 292 8 3332 1
673 40 300 27 11154 1
674 60 281 17 5323 1
675 37 285 25 5540 1
676 73 278 17 6837 1
677 58 284 18 6044 1
678 30 284 15 4522 1
679 61 285 15 5587 1
680 43 281 16 3198 1
681 208 291 19 8185 1
682 21 291 18 4896 1
683 58 285 12 4948 1
684 115 285 12 4948 1
685 31 291 18 2796 1
686 30 300 28 4213 1
687 29 278 9 2868 1
688 120 281 23 4088 1
689 53 278 31 8353 1
690 45 294 14 5209 1
691 30 292 23 8296 1
692 57 285 16 6265 1
693 65 293 17 3585 1
694 31 285 24 8057 1
695 43 278 7 1787 1
696 85 278 7 1787 1
697 58 278 16 5563 1
698 64 300 22 4260 1
699 135 282 11 3532 1
700 8 284 17 6853 1
701 43 300 16 2527 1
702 40 299 15 3647 1
703 41 293 18 6285 1
704 57 282 13 2048 1
705 43 279 22 7509 1
706 58 278 10 2090 1
707 31 284 7 2561 1
708 43 300 16 3643 1
709 56 285 10 2087 1
710 59 294 8 3266 1
711 57 282 22 7249 1
712 113 282 22 7249 1
713 38 300 18 6906 1
714 161 299 9 3432 1
715 54 291 20 7788 1
716 58 281 15 5010 1
717 58 279 25 6677 1
718 115 279 25 6677 1
719 33 284 18 5718 1
720 58 278 16 5766 1
721 29 284 9 1523 1
722 38 279 8 1145 1
723 58 279 9 3735 1
724 58 281 29 10856 1
725 43 279 16 4572 1
726 65 285 9 2028 1
727 57 284 14 4828 1
728 29 279 10 3806 1
729 43 299 11 4194 1
730 42 281 5 744 1
731 45 284 26 9808 1
732 29 284 21 8209 1
733 33 300 17 5349 1
734 56 282 15 2352 1
735 37 299 26 8383 1
736 44 292 8 3003 1
737 43 285 23 5213 1
738 85 285 23 5213 1
739 27 285 10 2273 1
740 31 300 35 11966 1
741 34 292 20 3904 1
742 29 292 12 1858 1
743 57 292 12 1858 1
744 58 299 11 3266 1
745 115 299 11 3266 1
746 29 281 20 3165 1
747 31 294 11 2380 1
748 29 279 26 5134 1
749 55 299 19 4990 1
750 79 316 26 12167 1
751 157 316 26 12167 1
752 78 335 16 6410 1
753 155 335 16 6410 1
754 57 363 37 7792 1
755 111 336 26 6586 1
756 36 336 22 9019 1
757 89 333 15 2740 1
758 78 303 17 7427 1
759 51 337 15 4017 1
760 101 337 15 4017 1
761 58 303 18 7345 1
762 38 366 29 8446 1
763 55 336 16 2918 1
764 79 364 17 6438 1
765 35 337 24 10382 1
766 37 365 21 6381 1
767 56 338 21 7633 1
768 50 368 25 9886 1
769 75 349 41 18662 1
770 79 316 12 2444 1
771 93 364 37 19572 1
772 78 334 13 5350 1
773 57 366 23 7587 1
774 113 333 27 6570 1
775 79 336 34 7266 1
776 57 364 31 11312 1
777 50 338 13 3958 1
778 99 338 13 3958 1
779 73 333 40 18656 1
780 36 316 17 5034 1
781 57 318 12 2017 1
782 78 304 17 4665 1
783 59 336 19 7436 1
784 78 335 26 12892 1
785 37 323 27 13000 1
786 78 363 40 16916 1
787 51 334 17 5261 1
788 101 334 17 5261 1
789 151 334 17 5261 1
790 37 318 59 18446 1
791 51 324 19 6687 1
792 79 331 8 2821 1
793 157 331 8 2821 1
794 15 331 16 5010 1
795 71 316 12 3918 1
796 79 368 21 7136 1
797 37 338 18 9043 1
798 116 366 28 14166 1
799 57 324 11 2254 1
800 14 363 17 4762 1
801 119 335 19 6892 1
802 36 324 26 10711 1
803 37 335 14 6555 1
804 73 335 14 6555 1
805 15 338 12 6050 1
806 72 365 13 3673 1
807 51 316 30 11235 1
808 76 303 17 6248 1
809 151 303 17 6248 1
810 57 335 42 18864 1
811 113 335 42 18864 1
812 13 323 32 10446 1
813 25 323 32 10446 1
814 56 349 29 11919 1
815 58 323 28 9192 1
816 80 335 16 4047 1
817 15 366 26 6497 1
818 58 332 7 2366 1
819 79 336 18 6491 1
820 50 332 23 5376 1
821 14 335 18 5196 1
822 111 331 11 3649 1
823 79 336 25 4420 1
824 36 366 34 15273 1
825 89 335 57 13170 1
826 50 331 21 5327 1
827 50 338 32 10990 1
828 57 349 16 6794 1
829 51 364 40 13038 1
830 118 335 21 8292 1
831 235 335 21 8292 1
832 56 338 14 3146 1
833 80 318 24 8341 1
834 79 335 26 9813 1
835 78 333 18 3415 1
836 15 335 21 3653 1
837 58 305 16 4025 1
838 79 363 36 13131 1
839 76 332 15 3401 1
840 79 316 17 7823 1
841 157 316 17 7823 1
842 57 331 12 4371 1
843 37 324 12 4144 1
844 51 304 13 2227 1
845 109 337 14 4135 1
846 118 366 14 5379 1
847 82 364 21 8856 1
848 78 366 21 5791 1
849 62 337 10 4155 1
850 37 305 11 4705 1
851 79 303 18 3306 1
852 58 333 8 3863 1
853 58 364 16 5510 1
854 50 316 29 10306 1
855 99 316 29 10306 1
856 57 304 33 5887 1
857 15 332 18 5040 1
858 58 333 26 9481 1
859 50 331 26 11810 1
860 77 368 24 10227 1
861 75 338 18 4356 1
862 51 364 24 12292 1
863 78 366 26 8101 1
864 72 366 25 5374 1
865 74 337 20 7605 1
866 78 338 17 4500 1
867 224 336 25 6661 1
868 51 366 32 15618 1
869 50 303 9 3071 1
870 57 318 11 4453 1
871 15 303 15 6546 1
872 115 318 24 7418 1
873 50 338 28 5980 1
874 36 316 26 9504 1
875 58 363 27 5819 1
876 71 332 40 12217 1
877 75 334 11 3919 1
878 79 323 11 3266 1
879 36 332 32 7276 1
880 110 331 35 15399 1
881 15 331 15 2931 1
882 29 331 15 2931 1
883 36 333 19 5212 1
884 58 324 47 11323 1
885 20 336 43 8697 1
886 57 366 18 6243 1
887 50 303 16 6736 1
888 78 349 31 8881 1
889 106 365 13 3752 1
890 50 338 28 8286 1
891 15 349 20 8348 1
892 29 349 20 8348 1
893 87 337 13 6431 1
894 36 331 31 12104 1
895 5 305 16 4029 1
896 61 304 14 2697 1
897 51 336 11 4649 1
898 120 323 38 13788 1
899 36 334 30 9583 1
900 37 303 22 7755 1
901 73 303 22 7755 1
902 14 324 17 4688 1
903 58 303 14 3661 1
904 51 318 9 2626 1
905 50 331 40 13983 1
906 99 331 40 13983 1
907 70 338 22 5420 1
908 58 338 25 10341 1
909 115 338 25 10341 1
910 51 349 27 6510 1
911 19 333 21 3695 1
912 37 333 19 6058 1
913 51 363 21 6968 1
914 79 323 15 5379 1
915 157 323 15 5379 1
916 78 366 23 4433 1
917 13 316 16 5600 1
918 25 316 16 5600 1
919 14 364 14 6915 1
920 15 365 11 5770 1
921 78 304 27 4139 1
922 77 334 17 7132 1
923 109 333 18 3824 1
924 75 337 19 3556 1
925 76 332 13 5832 1
926 78 331 19 7835 1
927 61 337 18 4955 1
928 51 349 16 5840 1
929 57 365 24 9667 1
930 13 363 16 7490 1
931 36 336 11 2725 1
932 75 331 35 17227 1
933 78 334 57 14927 1
934 78 335 16 4112 1
935 50 318 34 6898 1
936 106 318 21 4621 1
937 79 335 45 19534 1
938 157 335 45 19534 1
939 119 349 17 3373 1
940 51 364 15 2802 1
941 78 318 29 6002 1
942 89 332 43 13160 1
943 97 304 19 7211 1
944 118 316 18 3299 1
945 78 305 25 3871 1
946 155 305 25 3871 1
947 37 324 21 7744 1
948 73 324 21 7744 1
949 109 324 21 7744 1
950 58 364 11 4783 1
951 57 304 26 6722 1
952 78 316 30 7030 1
953 50 335 17 5825 1
954 78 303 26 9236 1
955 14 363 22 5045 1
956 15 331 24 5850 1
957 57 303 27 10749 1
958 113 303 27 10749 1
959 52 318 14 4820 1
960 51 336 15 7077 1
961 57 337 27 9850 1
962 113 337 27 9850 1
963 117 324 37 12653 1
964 78 332 18 5179 1
965 15 335 30 13214 1
966 36 316 27 5246 1
967 37 337 44 21207 1
968 73 337 44 21207 1
969 109 337 44 21207 1
970 89 368 26 13245 1
971 78 368 29 6660 1
972 12 318 11 2160 1
973 74 334 24 8843 1
974 15 305 32 10103 1
975 97 331 20 5898 1
976 50 324 11 4798 1
977 76 332 28 5761 1
978 55 363 18 9560 1
979 79 366 67 32125 1
980 157 366 67 32125 1
981 37 333 31 14609 1
982 18 338 29 11878 1
983 14 331 17 7883 1
984 74 331 10 4458 1
985 37 364 39 19155 1
986 19 303 18 4892 1
987 78 363 40 9847 1
988 57 304 25 6623 1
989 72 318 28 11929 1
990 83 398 25 10291 1
991 80 398 22 9639 1
992 80 397 21 9919 1
993 159 397 21 9919 1
994 80 398 19 9709 1
995 79 395 29 16306 1
996 85 397 34 9399 1
997 169 397 34 9399 1
998 84 399 15 5670 1
999 167 399 15 5670 1
1000 250 399 15 5670 1
1001 146 399 31 11401 1
1002 79 395 39 21752 1
1003 74 396 33 19402 1
1004 87 397 51 16763 1
1005 173 397 51 16763 1
1006 110 395 49 27981 1
1007 219 395 49 27981 1
1008 79 395 42 23931 1
1009 87 399 22 10182 1
1010 173 399 22 10182 1
1011 156 398 23 7533 1
1012 88 397 21 5482 1
1013 91 398 53 26764 1
1014 87 398 41 12513 1
1015 88 398 26 8489 1
1016 95 398 37 15538 1
1017 79 396 25 6771 1
1018 157 396 25 6771 1
1019 86 397 20 5511 1
1020 171 397 20 5511 1
1021 90 399 34 15869 1
1022 85 398 38 19451 1
1023 12 396 32 8044 1
1024 109 396 31 18303 1
1025 79 399 43 8753 1
1026 79 397 32 8630 1
1027 157 397 32 8630 1
1028 15 395 32 11961 1
1029 87 399 27 12178 1
1030 81 395 31 12481 1
1031 86 396 38 14122 1
1032 171 396 38 14122 1
1033 89 399 25 9711 1
1034 84 396 43 15562 1
1035 85 396 28 9577 1
1036 79 396 27 15247 1
14
503 620 807 620 700 205 255 700 700 700 700 700 200 460 