1036
1 15 133 4 452 1
2 13 133 10 1877 1
3 31 134 4 785 1
4 61 134 4 785 1
5 2 137 14 2653 1
6 3 129 31 4338 1
7 17 134 22 3906 1
8 8 134 14 976 1
9 15 134 14 976 1
10 9 125 4 349 1
11 2 134 22 2860 1
12 13 132 16 3164 1
13 21 137 14 2550 1
14 41 137 14 2550 1
15 61 137 14 2550 1
16 81 137 14 2550 1
17 101 137 14 2550 1
18 2 134 9 1604 1
19 9 133 8 1484 1
20 17 133 8 1484 1
21 7 140 11 2111 1
22 13 140 11 2111 1
23 19 140 11 2111 1
24 9 132 7 1343 1
25 7 129 28 2447 1
26 13 129 28 2447 1
27 19 129 28 2447 1
28 19 129 7 851 1
29 15 137 7 1304 1
30 18 140 8 818 1
31 10 140 16 1521 1
32 11 125 17 1367 1
33 242 133 47 6247 1
34 14 134 8 1561 1
35 27 138 12 1834 1
36 31 125 6 847 1
37 13 137 21 2988 1
38 8 134 18 1587 1
39 8 132 12 1598 1
40 30 118 3 203 1
41 13 134 8 950 1
42 12 118 16 1921 1
43 37 125 17 3117 1
44 10 137 7 899 1
45 17 133 10 1188 1
46 21 118 15 2449 1
47 41 118 15 2449 1
48 8 140 17 2368 1
49 15 140 17 2368 1
50 22 140 17 2368 1
51 12 133 10 1406 1
52 11 133 7 743 1
53 21 133 7 743 1
54 31 133 7 743 1
55 3 132 34 4177 1
56 8 137 6 1171 1
57 15 137 6 1171 1
58 32 134 19 2934 1
59 63 134 19 2934 1
60 27 133 11 968 1
61 53 133 11 968 1
62 79 133 11 968 1
63 105 133 11 968 1
64 23 138 5 896 1
65 25 129 35 4376 1
66 49 129 35 4376 1
67 73 129 35 4376 1
68 97 129 35 4376 1
69 121 129 35 4376 1
70 145 129 35 4376 1
71 169 129 35 4376 1
72 193 129 35 4376 1
73 8 125 21 3714 1
74 8 140 14 1184 1
75 15 140 14 1184 1
76 22 140 14 1184 1
77 29 140 14 1184 1
78 21 138 33 6341 1
79 41 138 33 6341 1
80 9 134 13 2543 1
81 17 134 13 2543 1
82 9 132 13 1058 1
83 6 132 10 1128 1
84 10 132 77 14678 1
85 19 132 77 14678 1
86 14 125 12 1800 1
87 27 125 12 1800 1
88 3 134 11 795 1
89 8 118 8 474 1
90 15 118 8 474 1
91 1 140 30 6161 1
92 2 134 8 1595 1
93 12 129 5 641 1
94 3 129 6 621 1
95 12 140 4 525 1
96 8 118 9 952 1
97 15 118 9 952 1
98 9 118 26 3158 1
99 25 132 8 1074 1
100 8 125 39 5955 1
101 31 134 33 3227 1
102 7 195 17 3549 1
103 44 210 7 1585 1
104 87 210 7 1585 1
105 43 170 21 1986 1
106 17 170 12 1194 1
107 44 204 8 1008 1
108 43 203 24 3000 1
109 82 210 11 1433 1
110 163 210 11 1433 1
111 76 181 13 2340 1
112 23 199 22 4090 1
113 26 184 20 2760 1
114 18 199 15 2717 1
115 22 210 16 1831 1
116 43 210 16 1831 1
117 7 194 32 3780 1
118 42 199 14 3742 1
119 83 199 14 3742 1
120 6 188 23 3206 1
121 31 203 16 2308 1
122 43 178 12 1483 1
123 19 151 13 2362 1
124 37 151 13 2362 1
125 55 151 13 2362 1
126 73 151 13 2362 1
127 22 210 12 3610 1
128 9 199 15 4036 1
129 30 210 37 7566 1
130 19 202 34 5085 1
131 37 202 34 5085 1
132 55 202 34 5085 1
133 19 161 19 2889 1
134 37 161 19 2889 1
135 18 151 13 1453 1
136 24 187 23 4259 1
137 25 187 19 2244 1
138 44 197 12 2672 1
139 44 205 13 2912 1
140 45 171 16 3561 1
141 89 171 16 3561 1
142 133 171 16 3561 1
143 43 190 19 3658 1
144 14 184 6 1402 1
145 27 184 6 1402 1
146 17 210 19 3195 1
147 6 210 19 2553 1
148 11 210 19 2553 1
149 48 178 23 3823 1
150 95 178 23 3823 1
151 142 178 23 3823 1
152 189 178 23 3823 1
153 70 151 9 1593 1
154 19 207 12 3400 1
155 34 208 46 12737 1
156 15 170 11 2621 1
157 42 205 15 4499 1
158 83 205 15 4499 1
159 14 171 11 1754 1
160 43 207 11 1569 1
161 43 204 20 5503 1
162 85 204 20 5503 1
163 58 210 32 6870 1
164 44 184 26 6899 1
165 87 184 26 6899 1
166 130 184 26 6899 1
167 173 184 26 6899 1
168 19 194 18 4105 1
169 37 194 18 4105 1
170 101 178 21 4375 1
171 201 178 21 4375 1
172 43 194 10 2837 1
173 51 203 8 2313 1
174 21 187 12 1568 1
175 43 204 14 3297 1
176 85 204 14 3297 1
177 17 203 18 3110 1
178 44 181 23 2367 1
179 43 151 8 733 1
180 44 204 14 3928 1
181 20 178 11 2933 1
182 45 199 25 3801 1
183 43 177 9 1434 1
184 45 210 24 7099 1
185 92 149 6 1143 1
186 46 207 24 6556 1
187 91 207 24 6556 1
188 22 181 13 2356 1
189 18 202 26 4383 1
190 35 202 26 4383 1
191 44 184 21 3571 1
192 44 208 7 1633 1
193 45 203 27 7846 1
194 43 199 67 10332 1
195 85 199 67 10332 1
196 44 199 21 4287 1
197 42 208 11 1190 1
198 42 187 14 2601 1
199 83 187 14 2601 1
200 124 187 14 2601 1
201 165 187 14 2601 1
202 206 187 14 2601 1
203 44 149 8 1060 1
204 87 149 8 1060 1
205 130 149 8 1060 1
206 190 149 18 3210 1
207 5 187 11 1212 1
208 42 161 21 3785 1
209 83 161 21 3785 1
210 44 151 13 1549 1
211 6 161 31 5524 1
212 44 194 14 1870 1
213 43 210 30 5089 1
214 7 203 35 6386 1
215 26 151 5 518 1
216 29 203 21 2453 1
217 15 170 27 2570 1
218 29 170 27 2570 1
219 43 187 5 510 1
220 85 187 5 510 1
221 127 187 5 510 1
222 21 197 8 1976 1
223 43 208 15 3299 1
224 85 208 15 3299 1
225 127 208 15 3299 1
226 44 161 14 2617 1
227 43 190 22 5112 1
228 22 181 21 5000 1
229 42 203 30 4621 1
230 19 187 20 2280 1
231 43 195 15 3039 1
232 43 207 46 9750 1
233 7 171 10 1291 1
234 44 184 24 6504 1
235 87 184 24 6504 1
236 130 184 24 6504 1
237 6 204 10 1494 1
238 43 149 17 2637 1
239 43 210 20 5361 1
240 85 210 20 5361 1
241 44 177 7 1308 1
242 44 203 28 6537 1
243 87 203 28 6537 1
244 130 203 28 6537 1
245 173 203 28 6537 1
246 44 171 11 1832 1
247 44 171 8 1515 1
248 23 202 12 2387 1
249 45 202 12 2387 1
250 67 202 12 2387 1
251 43 210 21 3469 1
252 43 149 8 991 1
253 19 167 7 754 1
254 6 171 8 846 1
255 18 205 17 3838 1
256 30 230 22 3165 1
257 31 243 22 5941 1
258 28 239 13 4407 1
259 55 239 13 4407 1
260 47 237 19 2335 1
261 49 245 18 2248 1
262 97 245 18 2248 1
263 59 239 43 7562 1
264 100 237 19 5039 1
265 100 221 8 1995 1
266 9 220 8 1715 1
267 86 221 17 5471 1
268 53 221 10 2814 1
269 43 244 23 7478 1
270 58 225 27 8197 1
271 31 230 22 4726 1
272 49 225 27 4685 1
273 30 237 17 2948 1
274 39 212 10 2857 1
275 30 243 16 2590 1
276 52 239 19 5465 1
277 103 239 19 5465 1
278 59 212 13 2794 1
279 69 244 23 8221 1
280 4 222 22 4771 1
281 11 243 10 1973 1
282 55 228 12 2732 1
283 52 220 16 2463 1
284 62 242 23 8258 1
285 30 222 20 2343 1
286 44 239 24 4638 1
287 43 212 19 5687 1
288 51 237 26 7688 1
289 50 239 11 3633 1
290 30 239 16 2882 1
291 33 230 12 3939 1
292 65 230 12 3939 1
293 43 212 10 2881 1
294 52 222 12 2964 1
295 8 245 13 2713 1
296 58 230 19 4184 1
297 43 222 14 2875 1
298 98 243 20 5885 1
299 195 243 20 5885 1
300 30 237 5 1710 1
301 29 212 17 3645 1
302 57 212 17 3645 1
303 29 243 21 3472 1
304 64 220 19 5308 1
305 60 230 21 4280 1
306 43 237 15 4418 1
307 95 237 11 1936 1
308 58 244 22 6439 1
309 58 237 24 3699 1
310 29 244 16 2475 1
311 43 212 30 4609 1
312 59 230 24 4106 1
313 15 222 13 2594 1
314 38 222 16 4681 1
315 105 230 14 2234 1
316 62 221 12 3017 1
317 123 221 12 3017 1
318 30 225 11 1351 1
319 104 225 22 4045 1
320 60 220 17 3764 1
321 119 220 17 3764 1
322 1 225 14 2088 1
323 5 237 11 1954 1
324 54 237 20 5286 1
325 38 228 31 8700 1
326 11 216 22 3702 1
327 37 225 13 2820 1
328 44 243 22 5062 1
329 58 221 11 1355 1
330 29 230 14 3546 1
331 38 243 22 3599 1
332 56 239 17 5831 1
333 30 221 9 2133 1
334 29 243 12 2165 1
335 42 220 19 2407 1
336 44 216 12 3127 1
337 87 244 36 4828 1
338 85 216 33 5443 1
339 43 245 12 2883 1
340 17 212 33 6879 1
341 97 220 19 5548 1
342 93 212 13 2600 1
343 49 222 10 1582 1
344 65 245 20 3031 1
345 129 245 20 3031 1
346 43 221 9 1530 1
347 64 237 27 4727 1
348 54 222 21 3320 1
349 44 237 17 2814 1
350 78 225 26 7224 1
351 57 245 20 4716 1
352 44 222 11 2293 1
353 12 243 16 5386 1
354 29 216 14 1646 1
355 8 242 25 7524 1
356 89 225 17 5536 1
357 43 222 22 6458 1
358 30 239 7 2334 1
359 44 216 12 3311 1
360 58 237 25 7340 1
361 58 243 15 3119 1
362 43 212 36 10379 1
363 31 245 15 2292 1
364 112 228 15 3308 1
365 29 230 9 2410 1
366 40 244 23 5648 1
367 58 230 15 2970 1
368 48 243 20 4009 1
369 9 220 11 1370 1
370 43 221 16 3402 1
371 49 242 26 7547 1
372 58 212 16 4814 1
373 53 230 24 5626 1
374 105 230 24 5626 1
375 58 221 20 5822 1
376 29 237 35 12318 1
377 57 237 35 12318 1
378 30 220 37 10078 1
379 59 220 37 10078 1
380 58 244 31 5190 1
381 58 230 20 5694 1
382 115 230 20 5694 1
383 28 239 12 3179 1
384 40 243 26 8799 1
385 29 222 27 8909 1
386 56 245 22 6587 1
387 28 245 16 5063 1
388 76 216 30 3540 1
389 56 216 9 2854 1
390 42 228 11 3613 1
391 51 228 8 1451 1
392 57 228 9 1733 1
393 29 225 17 5334 1
394 9 243 36 7877 1
395 54 212 16 1841 1
396 29 242 9 1470 1
397 43 212 40 5255 1
398 83 242 19 2536 1
399 90 221 14 4523 1
400 43 239 26 7364 1
401 49 230 14 1740 1
402 31 212 18 4249 1
403 29 222 30 8947 1
404 57 222 30 8947 1
405 85 222 30 8947 1
406 53 230 19 2507 1
407 31 268 15 3105 1
408 43 258 8 2139 1
409 38 260 17 6331 1
410 75 260 17 6331 1
411 112 260 17 6331 1
412 68 257 19 4111 1
413 23 268 20 4551 1
414 44 264 10 2628 1
415 58 246 16 3992 1
416 50 261 14 4899 1
417 37 275 8 1548 1
418 90 258 14 3251 1
419 30 255 4 751 1
420 30 274 15 4529 1
421 42 275 8 2028 1
422 97 277 9 2796 1
423 37 270 17 2901 1
424 30 258 18 4966 1
425 36 275 5 883 1
426 50 264 15 2247 1
427 1 257 7 1237 1
428 37 262 13 2188 1
429 37 275 14 5394 1
430 57 258 5 1460 1
431 36 277 15 4240 1
432 44 276 21 5016 1
433 16 257 11 4218 1
434 32 258 9 1450 1
435 148 276 9 1984 1
436 37 275 18 4264 1
437 30 260 29 4673 1
438 57 276 22 3464 1
439 20 268 10 3709 1
440 39 268 10 3709 1
441 29 275 12 3066 1
442 21 246 18 5707 1
443 41 246 18 5707 1
444 33 268 15 4078 1
445 41 277 38 10749 1
446 51 277 12 3167 1
447 37 257 8 2846 1
448 30 264 19 3219 1
449 51 277 6 832 1
450 44 267 15 4191 1
451 21 273 20 4504 1
452 91 262 6 1758 1
453 30 259 26 9587 1
454 43 273 7 2264 1
455 31 268 21 7415 1
456 43 255 9 2821 1
457 50 261 17 5280 1
458 50 276 10 1491 1
459 44 265 18 2622 1
460 36 274 18 5782 1
461 27 275 14 5683 1
462 53 275 14 5683 1
463 29 265 16 4772 1
464 37 267 8 1772 1
465 43 265 13 1790 1
466 29 257 11 4110 1
467 93 270 21 5863 1
468 185 270 21 5863 1
469 277 270 21 5863 1
470 29 275 25 8138 1
471 4 270 1 178 1
472 36 258 8 1488 1
473 71 258 8 1488 1
474 106 258 8 1488 1
475 42 258 17 4098 1
476 37 276 8 1800 1
477 16 258 20 7498 1
478 44 277 13 2023 1
479 30 261 14 3560 1
480 59 261 14 3560 1
481 29 258 12 3948 1
482 57 258 12 3948 1
483 57 258 15 5371 1
484 29 246 19 4035 1
485 30 259 20 4932 1
486 44 259 19 6807 1
487 29 273 18 3684 1
488 30 246 11 2663 1
489 43 258 25 7844 1
490 90 265 22 6159 1
491 95 258 23 6783 1
492 110 273 7 2743 1
493 31 259 13 2479 1
494 37 276 13 2699 1
495 96 276 11 2678 1
496 50 246 18 3923 1
497 41 261 7 2229 1
498 81 261 7 2229 1
499 121 261 7 2229 1
500 16 259 22 3969 1
501 45 274 21 4112 1
502 93 261 13 3765 1
503 89 257 19 4223 1
504 30 273 20 3057 1
505 31 260 5 1798 1
506 50 270 20 5686 1
507 52 276 30 9782 1
508 36 261 12 3446 1
509 36 277 10 1889 1
510 53 265 11 3696 1
511 37 274 21 3440 1
512 28 259 19 3103 1
513 47 257 15 2369 1
514 37 275 22 3794 1
515 29 275 8 2809 1
516 51 259 22 5736 1
517 101 259 22 5736 1
518 20 258 12 2578 1
519 94 259 21 5270 1
520 36 274 26 7792 1
521 43 270 15 4621 1
522 37 257 16 2081 1
523 36 255 19 4086 1
524 45 277 26 6361 1
525 36 259 34 6826 1
526 179 261 27 8959 1
527 30 262 9 2473 1
528 108 257 29 10788 1
529 30 275 13 4843 1
530 36 246 15 2607 1
531 36 262 12 2948 1
532 24 270 16 4360 1
533 16 262 11 4189 1
534 28 273 13 4828 1
535 31 275 17 5857 1
536 14 275 30 5028 1
537 30 261 13 2150 1
538 29 270 18 4697 1
539 30 260 17 3949 1
540 44 265 16 6215 1
541 36 268 14 3836 1
542 29 274 28 6213 1
543 57 274 28 6213 1
544 58 259 20 2797 1
545 37 264 13 3239 1
546 50 258 21 5167 1
547 30 260 22 4792 1
548 56 277 11 3645 1
549 96 257 19 2820 1
550 31 255 17 5588 1
551 35 275 14 2033 1
552 96 274 12 2913 1
553 191 274 12 2913 1
554 29 275 13 3778 1
555 37 267 13 3214 1
556 51 275 16 5073 1
557 36 267 19 6380 1
558 102 259 24 9166 1
559 37 276 12 2648 1
560 44 257 17 5916 1
561 87 257 17 5916 1
562 130 257 17 5916 1
563 173 257 17 5916 1
564 107 267 9 1425 1
565 43 273 17 4138 1
566 43 264 19 6210 1
567 43 275 19 3503 1
568 43 276 13 2837 1
569 61 275 21 7398 1
570 121 275 21 7398 1
571 37 255 18 2432 1
572 37 268 3 708 1
573 70 274 22 3740 1
574 50 262 19 4567 1
575 12 273 19 5917 1
576 56 265 17 3217 1
577 36 275 19 2993 1
578 103 273 14 3692 1
579 36 257 17 3127 1
580 58 260 14 3028 1
581 39 255 19 6207 1
582 30 274 6 1972 1
583 59 274 6 1972 1
584 104 264 22 7314 1
585 51 267 8 2109 1
586 30 255 15 3966 1
587 37 260 17 6062 1
588 14 270 22 6852 1
589 102 286 11 3149 1
590 203 286 11 3149 1
591 304 286 11 3149 1
592 29 294 13 2206 1
593 87 284 21 8915 1
594 58 292 28 6295 1
595 115 292 28 6295 1
596 57 293 16 6310 1
597 113 293 16 6310 1
598 63 279 22 4629 1
599 71 300 14 5672 1
600 58 293 13 5617 1
601 196 285 25 6511 1
602 22 292 14 5829 1
603 43 281 7 2711 1
604 44 281 14 3073 1
605 57 281 22 5754 1
606 45 294 9 3390 1
607 57 291 29 10048 1
608 30 293 26 7140 1
609 57 284 8 3348 1
610 113 284 8 3348 1
611 43 294 5 790 1
612 33 284 10 2987 1
613 45 281 12 2879 1
614 58 294 16 5514 1
615 115 294 16 5514 1
616 57 299 21 5363 1
617 113 299 21 5363 1
618 169 299 21 5363 1
619 28 293 24 9342 1
620 55 293 24 9342 1
621 29 281 21 6290 1
622 45 293 24 4324 1
623 39 282 10 3023 1
624 57 278 12 3647 1
625 58 291 12 2500 1
626 58 286 15 3221 1
627 115 286 15 3221 1
628 28 291 13 5637 1
629 102 279 11 4189 1
630 29 284 14 4802 1
631 44 284 20 5588 1
632 87 284 20 5588 1
633 42 284 15 3173 1
634 30 299 5 1567 1
635 59 286 17 5988 1
636 44 284 24 5757 1
637 28 299 17 3892 1
638 31 293 11 3991 1
639 44 300 18 7131 1
640 28 278 11 3422 1
641 31 282 18 3912 1
642 28 286 21 7314 1
643 36 291 7 2470 1
644 32 286 10 3924 1
645 30 281 11 3249 1
646 60 299 16 3188 1
647 23 286 13 3799 1
648 29 286 11 4323 1
649 36 294 24 10207 1
650 44 279 7 1221 1
651 90 285 10 1798 1
652 179 285 10 1798 1
653 30 278 10 3859 1
654 37 282 16 3574 1
655 28 291 8 1869 1
656 23 279 22 5936 1
657 55 284 30 4717 1
658 30 300 12 4221 1
659 47 299 13 5495 1
660 36 281 7 1370 1
661 57 299 17 6070 1
662 49 292 29 5395 1
663 28 279 30 11992 1
664 65 292 20 5317 1
665 129 292 20 5317 1
666 193 292 20 5317 1
667 31 281 10 2347 1
668 30 285 13 3809 1
669 57 279 14 5639 1
670 113 279 14 5639 1
671 110 279 37 6406 1
672 43 282 15 2497 1
673 38 293 10 1579 1
674 30 279 11 1674 1
675 99 282 7 2450 1
676 59 281 19 4115 1
677 57 282 24 6949 1
678 113 282 24 6949 1
679 169 282 24 6949 1
680 225 282 24 6949 1
681 58 293 17 7292 1
682 30 294 26 4030 1
683 29 282 16 6587 1
684 58 286 25 9457 1
685 43 299 9 3401 1
686 188 279 15 3965 1
687 43 284 17 3187 1
688 28 282 14 4385 1
689 29 282 29 11268 1
690 57 282 29 11268 1
691 28 279 9 2583 1
692 55 279 9 2583 1
693 57 286 17 5293 1
694 58 292 13 4629 1
695 148 291 36 9355 1
696 58 284 21 4007 1
697 30 281 13 2128 1
698 42 300 14 2807 1
699 246 282 16 6527 1
700 58 284 13 3591 1
701 43 293 14 4817 1
702 30 286 16 3368 1
703 83 286 21 4872 1
704 58 300 25 5791 1
705 45 285 10 3197 1
706 59 281 17 3347 1
707 57 292 39 16102 1
708 57 291 26 6048 1
709 113 291 26 6048 1
710 12 292 15 2765 1
711 43 284 14 5003 1
712 192 292 19 7143 1
713 383 292 19 7143 1
714 574 292 19 7143 1
715 97 291 10 4276 1
716 59 293 19 4320 1
717 43 291 9 1803 1
718 43 279 11 4409 1
719 109 293 6 2212 1
720 56 282 9 3262 1
721 186 278 11 3437 1
722 97 293 7 2076 1
723 42 282 36 7101 1
724 58 300 12 4210 1
725 115 300 12 4210 1
726 58 279 16 6454 1
727 115 279 16 6454 1
728 16 285 9 3245 1
729 59 291 28 7547 1
730 109 292 30 6140 1
731 107 282 23 8833 1
732 42 293 27 7745 1
733 29 292 23 5599 1
734 42 279 14 4183 1
735 45 299 29 7357 1
736 44 279 12 2068 1
737 57 285 13 5086 1
738 31 291 15 5573 1
739 168 282 28 4465 1
740 58 286 13 3255 1
741 68 281 21 6498 1
742 44 282 8 1582 1
743 4 291 20 8142 1
744 40 281 10 1851 1
745 58 292 10 4125 1
746 63 278 26 4534 1
747 125 278 26 4534 1
748 20 294 15 4078 1
749 29 299 21 3525 1
750 37 336 23 5216 1
751 75 336 32 14243 1
752 50 323 10 3703 1
753 57 318 21 8745 1
754 52 303 18 6264 1
755 14 332 16 5852 1
756 51 305 43 11197 1
757 101 305 43 11197 1
758 58 365 11 3876 1
759 77 333 18 6316 1
760 15 324 19 7152 1
761 17 303 29 6775 1
762 33 303 29 6775 1
763 57 338 9 4106 1
764 118 366 15 8116 1
765 78 364 22 11868 1
766 56 363 13 4041 1
767 88 334 8 1680 1
768 37 349 23 8143 1
769 36 304 38 12649 1
770 83 318 20 5672 1
771 79 363 27 8763 1
772 57 363 17 8823 1
773 89 332 16 5476 1
774 27 365 32 8621 1
775 33 333 24 6684 1
776 115 334 39 15761 1
777 50 336 33 6566 1
778 112 335 24 7922 1
779 50 304 19 7777 1
780 72 334 18 6807 1
781 107 349 47 21976 1
782 51 318 13 4635 1
783 79 337 25 8324 1
784 58 336 26 11515 1
785 115 336 26 11515 1
786 78 364 19 5205 1
787 107 366 16 8256 1
788 115 324 12 3308 1
789 77 338 22 9714 1
790 51 332 30 8574 1
791 79 332 16 3289 1
792 51 316 24 5745 1
793 14 331 22 7901 1
794 33 334 15 2691 1
795 17 303 33 10134 1
796 14 364 18 7169 1
797 58 365 55 16017 1
798 78 323 29 5638 1
799 155 323 29 5638 1
800 94 366 20 7719 1
801 57 332 16 4052 1
802 15 335 27 4665 1
803 79 368 20 10107 1
804 51 368 13 5120 1
805 50 334 36 17011 1
806 59 349 36 9834 1
807 117 349 36 9834 1
808 175 349 36 9834 1
809 115 366 46 16598 1
810 51 368 23 5131 1
811 78 336 39 19290 1
812 155 336 39 19290 1
813 57 324 43 20844 1
814 1 338 33 15959 1
815 56 331 18 3339 1
816 50 331 28 13635 1
817 13 368 41 8882 1
818 79 334 27 12162 1
819 51 334 30 5222 1
820 82 318 36 7031 1
821 73 364 22 10868 1
822 72 363 11 2416 1
823 86 349 30 9910 1
824 61 338 28 10488 1
825 56 338 29 7279 1
826 116 331 23 7401 1
827 36 334 19 9286 1
828 71 334 19 9286 1
829 106 334 19 9286 1
830 58 365 36 9600 1
831 63 364 24 7679 1
832 57 318 33 11103 1
833 57 324 20 3386 1
834 79 324 9 3448 1
835 157 324 9 3448 1
836 109 336 24 10246 1
837 19 332 11 5072 1
838 57 333 17 7976 1
839 88 335 23 6749 1
840 72 331 19 5348 1
841 78 333 19 4839 1
842 36 337 18 9092 1
843 88 334 14 4826 1
844 58 333 23 10804 1
845 16 318 26 10918 1
846 14 336 16 5816 1
847 27 336 16 5816 1
848 90 333 11 5196 1
849 49 333 51 22063 1
850 50 363 26 13798 1
851 57 363 17 6588 1
852 74 366 37 11185 1
853 71 338 27 12200 1
854 37 365 47 22607 1
855 79 303 14 5934 1
856 78 324 20 3849 1
857 16 305 9 2305 1
858 88 331 33 10944 1
859 56 332 44 19130 1
860 111 332 44 19130 1
861 58 324 33 7589 1
862 78 337 23 11529 1
863 49 368 13 3229 1
864 14 365 27 7976 1
865 70 305 13 5549 1
866 85 303 21 7915 1
867 93 318 18 3838 1
868 185 318 18 3838 1
869 277 318 18 3838 1
870 57 304 15 4907 1
871 51 363 30 9792 1
872 49 332 24 4521 1
873 26 333 20 4851 1
874 58 338 17 3323 1
875 36 324 22 9552 1
876 51 338 15 4510 1
877 88 333 28 10576 1
878 113 323 13 3011 1
879 119 337 24 11009 1
880 80 337 51 23125 1
881 36 349 17 3206 1
882 112 316 24 10212 1
883 114 324 26 11811 1
884 16 368 20 8779 1
885 57 365 26 5775 1
886 79 316 34 9946 1
887 14 335 17 4186 1
888 50 335 18 8667 1
889 99 335 18 8667 1
890 148 335 18 8667 1
891 79 331 18 5498 1
892 78 305 24 5860 1
893 79 335 29 9304 1
894 79 337 34 6639 1
895 51 332 19 6900 1
896 78 332 27 4836 1
897 50 338 35 12702 1
898 57 305 12 4745 1
899 37 324 19 8681 1
900 112 337 13 4510 1
901 36 304 41 13387 1
902 73 335 39 19169 1
903 79 337 17 7114 1
904 15 336 34 13476 1
905 29 336 34 13476 1
906 37 333 18 8829 1
907 73 333 18 8829 1
908 109 333 18 8829 1
909 72 305 18 3385 1
910 37 368 14 4249 1
911 113 323 18 5750 1
912 111 304 26 11249 1
913 62 368 16 5949 1
914 58 365 37 12210 1
915 115 365 37 12210 1
916 54 368 19 5848 1
917 79 335 31 7114 1
918 91 323 20 7596 1
919 90 337 28 7404 1
920 58 368 11 6013 1
921 77 304 29 7715 1
922 14 366 16 5132 1
923 78 368 33 16381 1
924 57 366 42 19947 1
925 14 349 23 6966 1
926 27 349 23 6966 1
927 37 333 30 5978 1
928 15 334 19 8757 1
929 74 349 26 12241 1
930 58 365 18 8720 1
931 115 365 18 8720 1
932 57 365 34 10338 1
933 14 305 16 3864 1
934 37 349 18 7291 1
935 58 349 18 3625 1
936 50 363 18 5619 1
937 115 316 22 9668 1
938 60 363 17 3708 1
939 57 349 19 3464 1
940 50 337 28 11889 1
941 99 337 28 11889 1
942 78 333 27 11526 1
943 36 316 24 5065 1
944 78 335 11 1847 1
945 35 335 24 7568 1
946 14 304 20 6582 1
947 27 304 20 6582 1
948 50 333 17 7021 1
949 57 316 58 15704 1
950 36 333 32 14670 1
951 78 333 17 3264 1
952 17 365 21 5735 1
953 225 338 20 4454 1
954 95 349 22 8979 1
955 79 366 19 6766 1
956 17 365 15 3051 1
957 53 303 23 8096 1
958 122 363 28 14915 1
959 79 337 27 11814 1
960 211 318 20 3353 1
961 13 332 48 9100 1
962 50 364 20 3716 1
963 99 364 20 3716 1
964 50 331 12 2211 1
965 52 324 68 28069 1
966 17 336 26 12942 1
967 37 365 27 13570 1
968 15 318 10 3423 1
969 78 323 11 3024 1
970 57 364 12 3287 1
971 113 364 12 3287 1
972 112 333 16 6438 1
973 74 333 18 4457 1
974 50 331 24 5877 1
975 99 331 24 5877 1
976 58 333 13 5639 1
977 81 368 41 15608 1
978 79 364 34 6910 1
979 157 364 34 6910 1
980 58 333 18 5794 1
981 86 333 41 7799 1
982 71 335 14 4320 1
983 81 363 15 6084 1
984 75 332 36 16048 1
985 50 324 40 11855 1
986 12 333 25 11247 1
987 53 316 16 2808 1
988 36 332 24 8258 1
989 57 334 13 3748 1
990 180 398 23 13123 1
991 80 395 21 8738 1
992 85 398 33 15558 1
993 85 396 28 6281 1
994 90 396 31 8120 1
995 88 396 27 6847 1
996 175 396 27 6847 1
997 183 399 26 9069 1
998 79 397 48 21169 1
999 157 397 48 21169 1
1000 80 399 33 12174 1
1001 13 398 41 20632 1
1002 179 398 21 6771 1
1003 160 399 38 19201 1
1004 86 396 27 13721 1
1005 88 398 31 9771 1
1006 159 396 30 12238 1
1007 86 397 25 10061 1
1008 79 399 46 18904 1
1009 81 399 23 4754 1
1010 161 399 23 4754 1
1011 79 396 23 12250 1
1012 157 396 23 12250 1
1013 80 398 32 15660 1
1014 155 396 25 12950 1
1015 149 395 28 7960 1
1016 76 397 43 20258 1
1017 87 395 26 7193 1
1018 146 399 40 16863 1
1019 76 399 20 9861 1
1020 93 395 45 24482 1
1021 12 396 43 21535 1
1022 72 399 39 11953 1
1023 79 397 34 16379 1
1024 160 399 31 7504 1
1025 148 395 36 8374 1
1026 89 396 41 16047 1
1027 78 397 53 13524 1
1028 155 397 53 13524 1
1029 232 397 53 13524 1
1030 85 399 27 7517 1
1031 73 396 39 12963 1
1032 79 396 35 13748 1
1033 182 395 18 9602 1
1034 80 396 26 8764 1
1035 91 398 25 14087 1
1036 89 398 20 6778 1
14
503 620 807 620 700 205 255 700 700 700 700 700 200 460 