1036
1 22 129 5 732 1
2 9 138 13 2552 1
3 17 138 13 2552 1
4 25 138 13 2552 1
5 33 138 13 2552 1
6 14 118 4 469 1
7 8 132 7 692 1
8 10 129 5 703 1
9 7 118 19 2774 1
10 13 137 58 5512 1
11 25 137 58 5512 1
12 37 137 58 5512 1
13 9 129 5 826 1
14 32 129 52 4286 1
15 11 138 11 1743 1
16 8 118 6 668 1
17 17 140 24 2212 1
18 2 118 11 1472 1
19 26 137 23 1842 1
20 51 137 23 1842 1
21 13 138 4 605 1
22 10 137 8 1365 1
23 21 118 44 6977 1
24 41 118 44 6977 1
25 37 132 16 2900 1
26 73 132 16 2900 1
27 109 132 16 2900 1
28 27 133 6 625 1
29 53 133 6 625 1
30 23 129 3 407 1
31 45 129 3 407 1
32 67 129 3 407 1
33 8 137 25 3199 1
34 9 134 16 2387 1
35 2 138 35 5225 1
36 8 133 14 1102 1
37 15 133 14 1102 1
38 8 132 12 1801 1
39 9 129 31 2724 1
40 17 129 31 2724 1
41 3 132 5 781 1
42 10 140 13 1188 1
43 19 140 13 1188 1
44 18 134 24 2024 1
45 6 140 16 1147 1
46 8 129 4 558 1
47 7 134 17 2134 1
48 7 125 3 276 1
49 24 125 5 715 1
50 19 125 14 1935 1
51 37 125 14 1935 1
52 23 133 45 7599 1
53 45 133 45 7599 1
54 67 133 45 7599 1
55 3 137 25 3739 1
56 5 137 25 3739 1
57 34 134 8 1422 1
58 67 134 8 1422 1
59 8 118 8 1367 1
60 7 140 17 3492 1
61 7 125 12 1487 1
62 13 125 12 1487 1
63 18 134 24 1723 1
64 20 140 8 976 1
65 39 140 8 976 1
66 58 140 8 976 1
67 18 137 40 7761 1
68 26 140 13 2074 1
69 19 137 22 3066 1
70 24 140 8 971 1
71 47 140 8 971 1
72 8 138 10 1250 1
73 15 138 10 1250 1
74 22 138 10 1250 1
75 29 138 10 1250 1
76 10 137 21 2791 1
77 8 118 17 2460 1
78 10 132 10 1757 1
79 19 132 10 1757 1
80 9 134 34 5494 1
81 17 134 34 5494 1
82 24 137 22 3273 1
83 47 137 22 3273 1
84 8 118 5 594 1
85 15 118 5 594 1
86 2 133 15 2236 1
87 11 137 51 8677 1
88 7 118 17 2503 1
89 13 118 17 2503 1
90 178 118 23 3661 1
91 9 129 26 4286 1
92 9 132 10 1493 1
93 24 129 53 6272 1
94 10 133 18 2161 1
95 19 133 18 2161 1
96 22 125 31 4248 1
97 9 137 17 1683 1
98 17 137 17 1683 1
99 25 137 17 1683 1
100 33 137 17 1683 1
101 14 125 14 1829 1
102 19 207 25 5916 1
103 37 207 25 5916 1
104 55 207 25 5916 1
105 34 149 19 3204 1
106 6 204 9 2016 1
107 6 171 12 2775 1
108 43 187 15 1434 1
109 85 187 15 1434 1
110 43 188 53 6125 1
111 85 188 53 6125 1
112 6 195 25 4079 1
113 22 178 15 2531 1
114 43 194 15 2156 1
115 15 177 32 4909 1
116 6 205 23 2876 1
117 22 205 42 11972 1
118 12 151 30 3560 1
119 23 151 30 3560 1
120 43 205 24 7117 1
121 35 194 18 1763 1
122 44 184 9 1597 1
123 87 184 9 1597 1
124 19 190 12 2576 1
125 7 181 16 2804 1
126 19 181 8 1471 1
127 51 194 8 1735 1
128 44 167 28 6717 1
129 87 167 28 6717 1
130 130 167 28 6717 1
131 173 167 28 6717 1
132 7 195 5 781 1
133 13 195 5 781 1
134 19 195 5 781 1
135 22 177 14 3056 1
136 43 177 14 3056 1
137 30 205 12 1866 1
138 59 205 12 1866 1
139 22 177 11 2469 1
140 19 177 33 4413 1
141 22 203 9 2311 1
142 22 195 41 6218 1
143 18 205 20 5393 1
144 43 161 10 1937 1
145 6 167 7 1653 1
146 11 167 7 1653 1
147 43 210 12 2007 1
148 44 204 11 2420 1
149 5 207 32 8095 1
150 42 181 8 1403 1
151 6 184 14 3291 1
152 11 184 14 3291 1
153 44 190 18 3430 1
154 5 197 15 2753 1
155 8 195 22 3998 1
156 43 184 20 2730 1
157 43 177 15 1795 1
158 43 194 32 4440 1
159 16 149 24 5086 1
160 208 178 26 2344 1
161 44 170 28 5406 1
162 87 170 28 5406 1
163 19 187 13 2106 1
164 45 177 29 6700 1
165 14 197 30 4415 1
166 11 202 15 4090 1
167 43 171 19 3560 1
168 85 171 19 3560 1
169 45 187 17 2501 1
170 89 187 17 2501 1
171 7 195 18 4859 1
172 13 195 18 4859 1
173 6 195 17 2386 1
174 11 195 17 2386 1
175 5 207 44 7848 1
176 20 207 29 7460 1
177 44 187 6 962 1
178 44 184 16 2062 1
179 44 205 10 1285 1
180 87 205 10 1285 1
181 22 170 4 870 1
182 43 178 20 1937 1
183 16 167 12 1915 1
184 18 187 57 6476 1
185 17 205 14 3826 1
186 16 184 13 1394 1
187 25 203 11 2580 1
188 45 149 24 3488 1
189 62 207 17 2157 1
190 38 167 32 7508 1
191 44 202 12 2612 1
192 17 151 11 1427 1
193 7 178 8 1461 1
194 44 207 37 3838 1
195 21 194 12 1843 1
196 51 194 7 1514 1
197 101 194 7 1514 1
198 43 204 16 4675 1
199 44 170 10 1844 1
200 87 170 10 1844 1
201 13 195 9 1405 1
202 19 188 13 1313 1
203 6 195 42 7272 1
204 13 197 11 1333 1
205 16 197 25 4849 1
206 31 197 25 4849 1
207 43 167 34 6728 1
208 85 167 34 6728 1
209 43 171 12 2375 1
210 218 210 12 1410 1
211 82 205 20 3880 1
212 43 181 17 1678 1
213 85 181 17 1678 1
214 43 202 16 1916 1
215 22 188 14 2067 1
216 7 178 13 3257 1
217 43 194 22 4964 1
218 14 170 7 1734 1
219 43 178 27 5090 1
220 45 202 11 3038 1
221 44 203 32 7691 1
222 44 195 27 5795 1
223 44 203 24 5513 1
224 3 190 14 2504 1
225 45 181 20 2318 1
226 43 208 15 2034 1
227 40 188 10 2331 1
228 22 203 8 2322 1
229 53 171 19 2505 1
230 43 210 11 2608 1
231 43 177 9 1146 1
232 23 151 8 923 1
233 45 151 8 923 1
234 90 187 8 786 1
235 42 199 12 1467 1
236 43 195 15 3150 1
237 43 167 20 4948 1
238 85 167 20 4948 1
239 34 194 7 967 1
240 67 194 7 967 1
241 6 181 9 2311 1
242 44 188 26 3139 1
243 12 202 13 2433 1
244 44 205 18 4226 1
245 16 195 5 960 1
246 31 195 5 960 1
247 7 204 16 3986 1
248 13 204 16 3986 1
249 6 171 10 1636 1
250 44 151 12 1228 1
251 45 149 11 1925 1
252 43 151 10 1866 1
253 43 190 19 4710 1
254 46 184 15 3709 1
255 42 167 14 1345 1
256 57 245 28 3837 1
257 30 237 24 6620 1
258 43 245 20 3083 1
259 30 242 19 4787 1
260 12 222 26 5393 1
261 59 244 12 2227 1
262 60 225 10 1920 1
263 54 242 21 6857 1
264 107 242 21 6857 1
265 31 222 19 2913 1
266 109 225 26 7789 1
267 2 239 28 6043 1
268 57 212 18 2631 1
269 30 216 21 2644 1
270 44 220 20 3527 1
271 49 245 13 3826 1
272 59 245 20 7287 1
273 45 220 27 8556 1
274 89 220 27 8556 1
275 133 220 27 8556 1
276 177 220 27 8556 1
277 112 220 10 1435 1
278 5 245 22 5079 1
279 60 221 18 4606 1
280 59 230 4 1165 1
281 109 212 22 5917 1
282 29 245 22 3244 1
283 57 245 22 3244 1
284 43 237 44 14655 1
285 9 228 40 8602 1
286 59 225 34 9340 1
287 33 220 18 3614 1
288 7 244 39 8970 1
289 13 244 39 8970 1
290 57 220 25 5104 1
291 9 216 16 2838 1
292 56 245 40 5300 1
293 29 239 26 6849 1
294 57 239 26 6849 1
295 31 212 12 2391 1
296 60 216 21 3799 1
297 44 242 19 6586 1
298 89 245 20 6613 1
299 57 239 14 4161 1
300 113 239 14 4161 1
301 169 239 14 4161 1
302 59 239 11 1766 1
303 58 225 37 6772 1
304 29 242 10 2459 1
305 52 228 9 1472 1
306 106 216 13 3599 1
307 44 239 12 2524 1
308 43 245 19 4704 1
309 30 245 19 5858 1
310 45 230 58 13519 1
311 91 245 19 4833 1
312 45 225 37 6082 1
313 43 225 28 5405 1
314 41 221 22 5166 1
315 28 245 24 4235 1
316 35 245 16 5760 1
317 118 225 40 8186 1
318 36 212 23 4934 1
319 31 225 19 6232 1
320 61 225 19 6232 1
321 29 242 17 3226 1
322 58 245 66 16632 1
323 50 230 19 3893 1
324 30 237 33 4039 1
325 32 222 10 1170 1
326 56 243 14 2171 1
327 55 245 52 9861 1
328 12 230 7 1757 1
329 46 222 18 3933 1
330 91 222 18 3933 1
331 14 230 8 1343 1
332 43 216 10 2228 1
333 44 244 35 12321 1
334 105 230 21 6210 1
335 38 239 22 4287 1
336 31 239 12 3467 1
337 29 245 54 12228 1
338 57 245 54 12228 1
339 29 244 35 11593 1
340 57 244 35 11593 1
341 43 245 51 14017 1
342 53 244 17 5451 1
343 29 239 18 3656 1
344 29 222 17 3705 1
345 57 222 17 3705 1
346 30 243 17 4379 1
347 17 244 10 2741 1
348 86 220 15 2372 1
349 28 228 23 5313 1
350 45 245 10 2599 1
351 29 239 19 2288 1
352 58 212 17 2822 1
353 43 216 8 905 1
354 44 237 25 7899 1
355 28 225 13 4354 1
356 58 228 10 2888 1
357 42 222 14 2003 1
358 49 243 13 4152 1
359 97 243 13 4152 1
360 30 237 12 3254 1
361 59 237 12 3254 1
362 29 239 8 1242 1
363 45 243 61 8470 1
364 31 245 11 3593 1
365 57 245 21 7241 1
366 113 245 21 7241 1
367 43 216 20 3056 1
368 43 221 26 8367 1
369 31 242 19 4319 1
370 61 242 19 4319 1
371 92 222 35 5542 1
372 53 244 34 11246 1
373 105 244 34 11246 1
374 44 212 19 2585 1
375 87 212 19 2585 1
376 36 228 21 5036 1
377 71 228 21 5036 1
378 106 228 21 5036 1
379 141 228 21 5036 1
380 30 239 31 4319 1
381 59 239 31 4319 1
382 56 216 8 1696 1
383 57 212 18 4094 1
384 30 242 15 2913 1
385 37 221 8 1854 1
386 43 237 28 4437 1
387 57 212 26 7960 1
388 48 242 26 8076 1
389 30 212 47 7694 1
390 59 216 10 2998 1
391 30 237 11 1428 1
392 59 237 11 1428 1
393 11 228 11 2544 1
394 21 228 11 2544 1
395 57 216 20 4148 1
396 116 237 23 3165 1
397 31 225 15 2116 1
398 42 243 55 8629 1
399 29 239 19 2315 1
400 113 239 9 1992 1
401 44 243 30 7482 1
402 15 216 25 6289 1
403 57 242 13 2008 1
404 32 212 17 4636 1
405 63 212 17 4636 1
406 57 245 14 2268 1
407 49 258 22 4921 1
408 37 276 18 4482 1
409 31 261 18 5644 1
410 42 268 15 4735 1
411 83 268 15 4735 1
412 30 270 22 6564 1
413 15 276 17 5244 1
414 85 257 8 2035 1
415 100 277 14 2713 1
416 100 261 17 2563 1
417 50 246 11 1775 1
418 58 261 24 5397 1
419 30 260 8 3078 1
420 15 261 18 6870 1
421 62 274 13 4241 1
422 36 260 19 3386 1
423 71 260 19 3386 1
424 16 257 7 974 1
425 36 260 12 3627 1
426 71 260 12 3627 1
427 91 276 18 6616 1
428 181 276 18 6616 1
429 14 258 23 4086 1
430 43 257 9 3147 1
431 45 270 16 6200 1
432 56 246 14 4901 1
433 28 275 20 3888 1
434 34 277 28 9179 1
435 89 267 21 6724 1
436 32 264 9 3419 1
437 37 257 18 5461 1
438 95 261 5 797 1
439 36 255 10 2799 1
440 71 255 10 2799 1
441 30 265 15 3607 1
442 59 265 15 3607 1
443 29 264 15 2145 1
444 27 262 12 4461 1
445 53 262 12 4461 1
446 93 255 12 3054 1
447 36 258 17 5564 1
448 43 246 7 2009 1
449 36 270 32 10255 1
450 103 275 20 7937 1
451 36 257 15 2382 1
452 36 259 5 1709 1
453 30 274 20 6973 1
454 91 273 24 7490 1
455 25 277 14 2246 1
456 35 277 9 2589 1
457 94 255 9 1336 1
458 50 274 19 7486 1
459 13 264 18 6512 1
460 44 265 17 3614 1
461 44 265 20 3450 1
462 87 265 20 3450 1
463 89 258 13 4672 1
464 57 268 23 6804 1
465 30 267 10 1629 1
466 59 267 10 1629 1
467 29 258 14 3887 1
468 31 267 21 5081 1
469 86 267 17 2430 1
470 36 264 21 5448 1
471 71 264 21 5448 1
472 36 262 11 1770 1
473 71 262 11 1770 1
474 22 274 20 7744 1
475 31 257 14 2575 1
476 61 257 14 2575 1
477 30 270 37 10449 1
478 59 270 37 10449 1
479 25 273 17 3977 1
480 45 255 12 3671 1
481 42 275 19 3675 1
482 36 257 8 1216 1
483 32 261 26 9631 1
484 37 273 27 8888 1
485 15 262 16 4308 1
486 3 258 7 2427 1
487 51 275 15 5355 1
488 31 276 6 2345 1
489 97 262 15 3175 1
490 50 267 25 4902 1
491 98 268 3 494 1
492 195 268 3 494 1
493 30 277 17 3584 1
494 14 275 19 4133 1
495 50 273 11 2389 1
496 99 273 11 2389 1
497 99 246 20 3809 1
498 197 246 20 3809 1
499 13 259 27 8106 1
500 30 257 10 2903 1
501 51 273 5 2000 1
502 37 246 20 4091 1
503 43 270 19 5947 1
504 30 274 17 6383 1
505 19 275 21 7371 1
506 37 275 21 7371 1
507 50 255 3 587 1
508 98 259 14 2931 1
509 36 270 11 2769 1
510 71 270 11 2769 1
511 92 258 16 5167 1
512 37 255 12 2383 1
513 93 255 23 7791 1
514 40 258 12 2665 1
515 36 273 12 3875 1
516 44 255 16 3823 1
517 37 276 21 7578 1
518 43 270 17 2625 1
519 37 264 15 3584 1
520 73 264 15 3584 1
521 109 264 15 3584 1
522 29 261 18 4460 1
523 57 261 18 4460 1
524 85 261 18 4460 1
525 31 270 28 6473 1
526 36 258 18 6740 1
527 58 265 26 10302 1
528 45 277 17 3174 1
529 89 277 17 3174 1
530 133 277 17 3174 1
531 94 246 10 1641 1
532 192 258 6 1530 1
533 101 257 20 4226 1
534 30 258 13 4266 1
535 103 268 20 3768 1
536 58 275 12 2898 1
537 58 275 28 9457 1
538 93 267 16 3376 1
539 26 274 9 2618 1
540 33 262 17 3486 1
541 65 262 17 3486 1
542 97 265 22 7325 1
543 58 265 12 4171 1
544 36 262 24 4179 1
545 29 255 13 2681 1
546 35 264 9 2237 1
547 37 260 18 5482 1
548 29 267 6 1268 1
549 57 268 14 5376 1
550 43 270 7 1200 1
551 44 257 33 10968 1
552 43 259 25 6280 1
553 30 267 6 2144 1
554 58 260 22 4832 1
555 29 277 31 8478 1
556 18 273 5 2035 1
557 57 267 15 3138 1
558 43 273 18 6268 1
559 105 277 12 4163 1
560 58 277 19 5654 1
561 37 261 3 621 1
562 73 261 3 621 1
563 43 275 18 5591 1
564 45 277 22 3314 1
565 43 275 29 9421 1
566 28 270 7 1747 1
567 44 257 17 5008 1
568 39 255 23 6821 1
569 54 258 3 485 1
570 43 260 17 5041 1
571 37 265 12 4139 1
572 27 265 16 3839 1
573 38 276 28 7253 1
574 75 276 28 7253 1
575 42 270 19 5549 1
576 83 270 19 5549 1
577 34 267 17 4638 1
578 50 273 3 854 1
579 37 255 7 2042 1
580 44 261 23 4713 1
581 16 260 26 9941 1
582 31 246 11 2476 1
583 61 246 11 2476 1
584 51 257 13 3275 1
585 13 273 19 5530 1
586 88 264 7 2358 1
587 175 264 7 2358 1
588 51 257 22 7213 1
589 31 286 12 3252 1
590 57 286 10 2802 1
591 113 286 10 2802 1
592 58 299 7 1532 1
593 115 299 7 1532 1
594 30 285 17 6844 1
595 92 286 13 3918 1
596 111 300 25 7404 1
597 111 293 19 4997 1
598 29 286 17 4262 1
599 44 282 12 2417 1
600 18 299 18 3942 1
601 189 299 17 5698 1
602 58 278 12 3494 1
603 58 284 14 4683 1
604 115 284 14 4683 1
605 59 278 14 2292 1
606 117 278 14 2292 1
607 64 300 7 2213 1
608 44 284 14 2496 1
609 66 291 33 13727 1
610 93 285 13 2399 1
611 30 294 11 4195 1
612 59 294 11 4195 1
613 26 279 19 6097 1
614 58 286 16 2360 1
615 58 292 24 3784 1
616 115 292 24 3784 1
617 43 300 18 7992 1
618 85 300 18 7992 1
619 127 300 18 7992 1
620 58 278 9 2417 1
621 115 278 9 2417 1
622 172 278 9 2417 1
623 94 278 34 6192 1
624 43 278 13 2144 1
625 85 278 13 2144 1
626 59 292 11 3130 1
627 117 292 11 3130 1
628 31 293 15 5428 1
629 14 286 12 4390 1
630 30 284 10 2110 1
631 59 300 14 3215 1
632 117 300 14 3215 1
633 175 300 14 3215 1
634 29 279 9 3741 1
635 31 279 12 4212 1
636 30 291 24 6653 1
637 57 299 24 9098 1
638 15 299 17 4535 1
639 100 278 11 3413 1
640 59 282 17 4349 1
641 31 278 5 824 1
642 31 291 8 2589 1
643 20 284 12 4280 1
644 39 284 12 4280 1
645 58 284 12 4280 1
646 31 279 10 2744 1
647 29 299 14 4358 1
648 104 293 18 5883 1
649 21 299 14 6265 1
650 59 293 23 9503 1
651 117 293 23 9503 1
652 175 293 23 9503 1
653 233 293 23 9503 1
654 291 293 23 9503 1
655 58 292 11 2588 1
656 43 299 8 2896 1
657 71 291 21 4210 1
658 97 299 24 6327 1
659 57 286 12 2403 1
660 59 291 11 1665 1
661 117 291 11 1665 1
662 175 291 11 1665 1
663 233 291 11 1665 1
664 102 291 27 10917 1
665 42 281 17 2625 1
666 20 281 7 1814 1
667 96 299 21 5801 1
668 28 299 16 5796 1
669 43 299 17 7515 1
670 90 278 11 2883 1
671 57 284 20 8174 1
672 43 285 17 7214 1
673 30 284 8 1979 1
674 32 286 20 3247 1
675 10 281 10 1607 1
676 36 282 27 7980 1
677 43 291 13 3950 1
678 97 285 19 6543 1
679 58 291 16 4784 1
680 57 278 12 4168 1
681 58 286 31 10887 1
682 28 291 9 1539 1
683 21 286 24 8761 1
684 93 278 13 2511 1
685 58 299 7 2406 1
686 31 300 14 2115 1
687 57 286 15 4260 1
688 62 292 13 5193 1
689 45 286 13 3012 1
690 29 284 38 9524 1
691 37 284 11 2010 1
692 57 292 19 3846 1
693 113 292 19 3846 1
694 169 292 19 3846 1
695 43 294 20 8564 1
696 56 279 37 9192 1
697 23 300 19 6240 1
698 58 285 16 4444 1
699 104 285 26 4538 1
700 35 278 11 1956 1
701 29 294 16 4368 1
702 12 299 21 3626 1
703 56 282 10 2008 1
704 58 284 17 6357 1
705 30 300 14 5839 1
706 57 281 7 1179 1
707 113 281 7 1179 1
708 58 285 18 3755 1
709 58 282 18 4723 1
710 20 281 25 4738 1
711 43 286 23 5882 1
712 57 286 14 2987 1
713 44 284 17 6488 1
714 96 300 16 5124 1
715 24 292 33 11267 1
716 43 282 18 4006 1
717 57 292 10 1862 1
718 29 281 18 7047 1
719 56 286 29 12019 1
720 9 292 19 4714 1
721 28 294 19 7709 1
722 57 300 13 2938 1
723 113 300 13 2938 1
724 169 300 13 2938 1
725 225 300 13 2938 1
726 94 278 10 1658 1
727 29 282 22 7867 1
728 44 282 23 8974 1
729 24 284 14 3671 1
730 43 286 26 5167 1
731 59 279 27 5769 1
732 34 293 13 2793 1
733 57 278 27 8784 1
734 59 291 12 3756 1
735 30 294 25 6198 1
736 29 300 19 5972 1
737 44 281 12 2180 1
738 36 291 8 1628 1
739 57 286 11 4678 1
740 42 294 12 5261 1
741 50 281 10 2960 1
742 84 299 18 6990 1
743 34 278 11 3134 1
744 45 292 16 4595 1
745 29 286 15 6319 1
746 57 286 15 6319 1
747 236 279 22 5825 1
748 61 291 16 4110 1
749 61 282 8 1846 1
750 61 323 26 10795 1
751 50 349 42 21041 1
752 99 349 42 21041 1
753 148 349 42 21041 1
754 53 303 30 12173 1
755 76 335 65 27035 1
756 106 349 30 14587 1
757 35 332 47 19261 1
758 114 333 17 3807 1
759 13 318 32 13076 1
760 25 318 32 13076 1
761 74 305 23 3780 1
762 80 316 19 3704 1
763 78 305 21 8330 1
764 206 366 27 12084 1
765 50 333 32 13845 1
766 78 349 24 10367 1
767 155 349 24 10367 1
768 56 336 25 12260 1
769 78 363 35 18973 1
770 74 333 41 13683 1
771 56 305 42 17129 1
772 36 364 42 13493 1
773 71 364 42 13493 1
774 78 363 24 4840 1
775 57 304 24 5470 1
776 78 363 21 5316 1
777 51 338 24 6587 1
778 53 333 15 5930 1
779 50 324 24 6757 1
780 57 331 22 3712 1
781 50 368 32 6340 1
782 35 333 31 10375 1
783 58 337 16 6722 1
784 115 337 16 6722 1
785 16 303 16 5162 1
786 57 324 17 4812 1
787 83 323 22 7687 1
788 51 365 13 3707 1
789 35 324 29 8182 1
790 36 366 32 5909 1
791 59 333 14 3527 1
792 116 368 8 4250 1
793 56 333 12 3175 1
794 79 334 22 3684 1
795 36 316 12 5282 1
796 110 318 26 6991 1
797 58 335 21 8757 1
798 115 335 21 8757 1
799 14 304 48 14994 1
800 78 316 20 3194 1
801 55 337 20 6321 1
802 58 333 55 22597 1
803 123 331 56 13640 1
804 58 364 29 14902 1
805 51 364 34 11212 1
806 116 349 29 5258 1
807 56 303 11 4600 1
808 199 349 18 8601 1
809 57 305 31 10986 1
810 113 305 31 10986 1
811 51 368 70 34665 1
812 14 304 17 3462 1
813 58 316 23 10571 1
814 111 368 24 6057 1
815 15 304 23 4671 1
816 18 366 22 10555 1
817 51 304 18 6033 1
818 49 363 10 2856 1
819 78 316 16 7352 1
820 100 337 21 5816 1
821 50 363 43 8636 1
822 124 338 26 4957 1
823 72 303 19 3106 1
824 95 363 30 13406 1
825 82 323 18 6948 1
826 78 338 22 8032 1
827 58 365 26 5858 1
828 115 365 26 5858 1
829 58 324 15 6081 1
830 77 333 27 10057 1
831 153 333 27 10057 1
832 78 337 27 11921 1
833 75 337 27 10419 1
834 16 323 23 8460 1
835 79 365 25 11784 1
836 51 337 27 13278 1
837 117 366 18 4945 1
838 233 366 18 4945 1
839 349 366 18 4945 1
840 51 303 27 7946 1
841 15 333 18 7754 1
842 57 365 12 2811 1
843 113 365 12 2811 1
844 51 331 15 7087 1
845 74 331 26 10601 1
846 89 366 21 11170 1
847 59 334 13 4655 1
848 37 349 21 6092 1
849 73 349 21 6092 1
850 79 336 19 4719 1
851 50 323 21 3755 1
852 86 323 17 7915 1
853 17 318 22 7623 1
854 59 332 23 6931 1
855 72 368 25 6870 1
856 57 336 21 6044 1
857 113 336 21 6044 1
858 169 336 21 6044 1
859 225 336 21 6044 1
860 104 334 16 6680 1
861 17 333 16 7476 1
862 36 363 32 11072 1
863 5 363 15 5255 1
864 125 335 20 6940 1
865 80 365 51 14179 1
866 114 366 22 4921 1
867 78 318 33 6072 1
868 79 333 38 18406 1
869 52 366 10 2724 1
870 79 305 34 7544 1
871 79 365 12 3175 1
872 157 365 12 3175 1
873 14 304 12 5160 1
874 16 349 24 6513 1
875 114 338 19 7660 1
876 52 363 32 9748 1
877 94 336 23 7353 1
878 79 331 19 7853 1
879 79 333 13 3668 1
880 57 366 24 11304 1
881 79 333 54 18396 1
882 89 364 36 11591 1
883 78 335 25 11669 1
884 51 305 16 2472 1
885 50 349 19 7331 1
886 79 323 14 2589 1
887 14 365 20 6492 1
888 85 316 21 5868 1
889 56 332 72 21185 1
890 57 338 18 8443 1
891 113 338 18 8443 1
892 16 363 19 8315 1
893 74 349 25 4899 1
894 94 365 25 6168 1
895 58 335 28 8045 1
896 15 337 14 4873 1
897 72 363 27 9736 1
898 16 349 17 6140 1
899 76 364 28 13541 1
900 36 318 13 5305 1
901 58 332 14 3418 1
902 15 304 30 10259 1
903 79 305 17 3160 1
904 157 305 17 3160 1
905 16 305 21 4980 1
906 18 318 29 7713 1
907 78 324 17 6451 1
908 56 364 19 4231 1
909 111 364 19 4231 1
910 76 305 22 6996 1
911 105 363 34 17081 1
912 78 363 18 5352 1
913 77 316 24 10687 1
914 57 368 23 4764 1
915 58 338 42 20390 1
916 15 333 50 10766 1
917 37 303 40 13911 1
918 78 349 25 5034 1
919 58 334 18 8952 1
920 57 366 27 6354 1
921 108 366 18 7361 1
922 12 304 13 2392 1
923 110 305 26 9872 1
924 36 364 18 8986 1
925 80 334 36 8607 1
926 36 363 39 12953 1
927 78 323 15 2538 1
928 58 368 57 21042 1
929 57 368 16 7585 1
930 113 368 16 7585 1
931 58 338 48 8753 1
932 78 331 26 4540 1
933 155 331 26 4540 1
934 232 331 26 4540 1
935 309 331 26 4540 1
936 58 338 26 8562 1
937 115 338 26 8562 1
938 37 304 18 3451 1
939 73 304 18 3451 1
940 109 304 18 3451 1
941 59 335 23 11098 1
942 51 368 19 6707 1
943 17 368 25 5002 1
944 51 336 20 3395 1
945 101 336 20 3395 1
946 79 332 35 16250 1
947 94 335 24 9277 1
948 91 364 21 9544 1
949 79 303 30 7888 1
950 91 334 14 6537 1
951 73 303 16 3426 1
952 36 365 16 4506 1
953 36 337 28 14003 1
954 50 363 15 7327 1
955 99 363 15 7327 1
956 51 334 25 6505 1
957 74 304 17 5192 1
958 105 349 21 10830 1
959 38 364 25 13363 1
960 58 338 16 4089 1
961 72 331 19 8488 1
962 57 336 29 11928 1
963 50 363 22 6528 1
964 78 333 12 3678 1
965 93 336 13 3168 1
966 75 337 25 6036 1
967 87 335 21 5735 1
968 36 318 15 5355 1
969 117 324 35 13399 1
970 15 368 15 6387 1
971 29 368 15 6387 1
972 78 336 28 9677 1
973 57 324 41 13062 1
974 79 331 17 7796 1
975 37 337 19 5168 1
976 73 337 19 5168 1
977 89 338 22 10472 1
978 57 335 29 10290 1
979 58 334 27 9628 1
980 79 368 21 8701 1
981 55 304 26 10125 1
982 51 366 26 6343 1
983 50 303 23 9914 1
984 37 316 16 6861 1
985 111 349 38 18816 1
986 58 335 37 7724 1
987 115 335 37 7724 1
988 51 316 12 4241 1
989 115 336 17 7888 1
990 10 399 28 16434 1
991 180 395 31 9152 1
992 177 396 19 6260 1
993 79 399 30 12751 1
994 71 397 33 16911 1
995 79 399 23 8833 1
996 89 399 35 7985 1
997 90 399 59 14659 1
998 80 395 34 10723 1
999 86 399 20 4798 1
1000 87 395 27 9115 1
1001 87 397 28 15095 1
1002 90 399 46 26140 1
1003 85 398 59 24745 1
1004 79 397 30 16861 1
1005 157 397 30 16861 1
1006 108 395 29 16612 1
1007 155 398 38 7844 1
1008 80 395 38 9859 1
1009 113 397 39 15177 1
1010 225 397 39 15177 1
1011 90 398 60 21552 1
1012 90 397 26 12392 1
1013 80 398 33 15240 1
1014 140 398 28 12591 1
1015 279 398 28 12591 1
1016 90 399 25 6225 1
1017 90 396 28 11787 1
1018 90 399 25 5258 1
1019 75 396 20 7102 1
1020 80 396 41 20923 1
1021 159 396 41 20923 1
1022 78 398 41 23301 1
1023 78 399 49 18279 1
1024 72 397 41 11301 1
1025 74 399 35 13711 1
1026 84 396 28 12314 1
1027 80 399 31 11172 1
1028 79 398 47 20880 1
1029 152 397 53 23693 1
1030 93 399 41 17214 1
1031 95 396 28 13718 1
1032 86 398 28 9462 1
1033 77 397 18 10134 1
1034 79 398 57 23928 1
1035 90 397 20 6351 1
1036 179 397 20 6351 1
14
503 620 807 620 700 205 255 700 700 700 700 700 200 460 