1036
1 9 137 7 1132 1
2 17 137 7 1132 1
3 25 137 7 1132 1
4 12 138 8 1003 1
5 9 138 12 2404 1
6 17 138 12 2404 1
7 14 134 12 1953 1
8 9 118 9 1571 1
9 9 129 4 269 1
10 8 125 13 2404 1
11 3 129 28 1941 1
12 8 132 6 1142 1
13 16 134 28 4262 1
14 12 118 23 3768 1
15 16 133 15 1010 1
16 31 133 15 1010 1
17 19 129 7 986 1
18 11 125 13 1416 1
19 28 133 61 5292 1
20 55 133 61 5292 1
21 82 133 61 5292 1
22 8 132 15 1258 1
23 15 132 15 1258 1
24 8 133 5 787 1
25 27 129 12 1228 1
26 8 138 22 2513 1
27 15 138 22 2513 1
28 22 138 22 2513 1
29 29 138 22 2513 1
30 14 132 6 1090 1
31 21 133 12 807 1
32 41 133 12 807 1
33 9 140 8 566 1
34 17 140 8 566 1
35 24 132 14 1810 1
36 15 134 17 2736 1
37 21 134 11 891 1
38 41 134 11 891 1
39 8 133 12 2275 1
40 15 133 12 2275 1
41 8 140 9 1691 1
42 12 138 19 2785 1
43 8 138 19 3812 1
44 15 138 19 3812 1
45 13 133 15 2952 1
46 28 138 7 1080 1
47 55 138 7 1080 1
48 8 134 25 1937 1
49 15 134 25 1937 1
50 8 129 10 1547 1
51 15 129 10 1547 1
52 31 137 3 522 1
53 3 132 21 2190 1
54 9 134 8 1069 1
55 17 134 8 1069 1
56 25 134 8 1069 1
57 9 137 33 3797 1
58 17 137 10 900 1
59 9 132 24 2354 1
60 17 132 24 2354 1
61 32 125 38 3594 1
62 20 132 18 3192 1
63 9 132 49 4013 1
64 17 132 49 4013 1
65 25 132 49 4013 1
66 3 118 19 1954 1
67 31 125 10 1727 1
68 61 125 10 1727 1
69 91 125 10 1727 1
70 121 125 10 1727 1
71 21 138 16 2292 1
72 41 138 16 2292 1
73 9 118 10 1638 1
74 6 140 9 643 1
75 18 132 7 1181 1
76 7 140 10 2096 1
77 13 140 10 2096 1
78 9 137 9 1601 1
79 23 133 15 1671 1
80 25 140 7 652 1
81 31 137 12 1876 1
82 8 125 8 900 1
83 34 132 12 1991 1
84 3 132 6 1084 1
85 7 133 17 2420 1
86 7 137 5 448 1
87 95 125 9 1049 1
88 8 137 5 749 1
89 15 137 5 749 1
90 22 137 5 749 1
91 29 137 5 749 1
92 36 137 5 749 1
93 19 125 10 899 1
94 10 118 20 3496 1
95 12 134 23 3673 1
96 8 138 13 1591 1
97 15 138 13 1591 1
98 22 138 13 1591 1
99 24 132 7 1075 1
100 47 132 7 1075 1
101 10 132 15 2271 1
102 18 187 8 1044 1
103 19 195 36 4866 1
104 180 170 11 1620 1
105 38 199 12 2965 1
106 45 187 9 1710 1
107 43 178 12 2652 1
108 16 171 10 2305 1
109 44 171 7 1117 1
110 43 199 17 3551 1
111 85 199 17 3551 1
112 127 199 17 3551 1
113 43 161 7 1670 1
114 43 205 20 2925 1
115 85 205 20 2925 1
116 127 205 20 2925 1
117 169 205 20 2925 1
118 211 205 20 2925 1
119 17 199 10 1518 1
120 33 177 20 4391 1
121 193 177 22 5836 1
122 44 202 23 3343 1
123 17 208 23 5749 1
124 38 199 24 5238 1
125 7 181 33 7826 1
126 23 207 15 3978 1
127 42 188 13 3431 1
128 22 181 15 2186 1
129 43 207 13 3276 1
130 45 204 14 3801 1
131 45 199 30 7811 1
132 89 199 30 7811 1
133 133 199 30 7811 1
134 19 208 13 2688 1
135 37 208 13 2688 1
136 6 177 12 1093 1
137 17 202 16 1724 1
138 33 202 16 1724 1
139 4 167 23 3806 1
140 7 184 32 7845 1
141 44 149 7 701 1
142 27 205 16 3152 1
143 44 181 10 1130 1
144 20 151 19 3929 1
145 39 151 19 3929 1
146 58 151 19 3929 1
147 77 178 8 1540 1
148 73 194 23 6671 1
149 7 204 25 3454 1
150 17 184 57 10704 1
151 43 190 22 3790 1
152 85 190 22 3790 1
153 6 202 17 2490 1
154 43 208 61 11587 1
155 85 208 61 11587 1
156 127 208 61 11587 1
157 169 208 61 11587 1
158 221 202 23 6366 1
159 44 177 20 5244 1
160 44 149 6 1205 1
161 87 149 6 1205 1
162 44 203 25 6686 1
163 23 170 13 1543 1
164 42 149 14 2707 1
165 83 149 14 2707 1
166 124 149 14 2707 1
167 37 194 17 3132 1
168 43 178 13 3299 1
169 85 178 13 3299 1
170 127 178 13 3299 1
171 169 178 13 3299 1
172 45 178 12 2181 1
173 89 178 12 2181 1
174 44 151 13 2036 1
175 87 151 13 2036 1
176 130 151 13 2036 1
177 173 151 13 2036 1
178 43 187 16 4379 1
179 85 187 16 4379 1
180 215 205 25 3609 1
181 43 181 17 3539 1
182 16 204 33 9912 1
183 43 184 13 1718 1
184 85 184 13 1718 1
185 23 188 12 2239 1
186 6 207 13 2156 1
187 11 207 13 2156 1
188 23 194 11 2794 1
189 24 197 10 1607 1
190 47 197 10 1607 1
191 23 188 13 2485 1
192 43 197 18 3359 1
193 23 167 14 3318 1
194 45 170 24 2550 1
195 13 210 25 2766 1
196 37 210 10 1258 1
197 38 188 14 1617 1
198 15 187 46 11899 1
199 29 187 46 11899 1
200 42 181 9 1799 1
201 44 149 19 1862 1
202 43 203 23 5936 1
203 85 203 23 5936 1
204 55 188 16 4158 1
205 109 188 16 4158 1
206 44 188 31 6894 1
207 17 207 16 3305 1
208 43 181 20 4505 1
209 85 181 20 4505 1
210 24 149 14 2074 1
211 23 171 10 1866 1
212 27 199 6 809 1
213 57 207 17 2118 1
214 113 207 17 2118 1
215 48 199 17 2871 1
216 5 171 8 1745 1
217 42 177 15 2871 1
218 83 177 15 2871 1
219 15 187 15 4084 1
220 29 187 15 4084 1
221 7 184 9 1343 1
222 44 187 9 1957 1
223 42 203 25 5536 1
224 83 203 25 5536 1
225 53 197 8 866 1
226 7 194 23 5517 1
227 44 167 15 1779 1
228 43 203 17 3175 1
229 44 171 7 1612 1
230 44 167 11 1167 1
231 44 195 20 3143 1
232 7 204 31 7402 1
233 51 181 34 5894 1
234 43 208 17 4244 1
235 42 187 35 5499 1
236 6 171 21 2478 1
237 14 202 15 2990 1
238 27 202 15 2990 1
239 16 199 16 2840 1
240 31 199 16 2840 1
241 3 202 41 9507 1
242 44 181 10 2577 1
243 87 181 10 2577 1
244 13 195 20 2715 1
245 21 170 20 2843 1
246 17 203 11 3041 1
247 33 203 11 3041 1
248 43 151 17 1659 1
249 30 149 12 1829 1
250 59 149 12 1829 1
251 42 187 13 2821 1
252 83 187 13 2821 1
253 44 149 16 2992 1
254 44 188 16 4406 1
255 4 207 9 1445 1
256 43 237 22 4571 1
257 30 242 9 1741 1
258 43 221 17 4104 1
259 43 230 36 11359 1
260 31 212 14 1925 1
261 57 225 20 3607 1
262 80 242 23 6644 1
263 62 239 10 1688 1
264 96 245 16 5562 1
265 32 216 14 1693 1
266 54 216 11 3023 1
267 46 228 24 3205 1
268 90 244 19 4972 1
269 30 221 8 1405 1
270 81 222 7 1994 1
271 42 221 19 4507 1
272 7 244 7 1017 1
273 45 230 14 4262 1
274 31 216 22 4026 1
275 32 221 10 1299 1
276 16 245 36 11061 1
277 31 245 36 11061 1
278 112 228 24 7093 1
279 60 243 43 9004 1
280 119 243 43 9004 1
281 43 216 18 2320 1
282 44 243 11 2012 1
283 76 245 24 7729 1
284 91 212 27 7755 1
285 10 220 48 12093 1
286 19 220 48 12093 1
287 43 237 23 4222 1
288 85 237 23 4222 1
289 119 222 13 4125 1
290 237 222 13 4125 1
291 44 225 8 1866 1
292 67 220 14 1908 1
293 133 220 14 1908 1
294 53 245 14 3401 1
295 55 243 10 3003 1
296 109 243 10 3003 1
297 163 243 10 3003 1
298 57 245 24 2956 1
299 28 212 10 2832 1
300 9 243 11 1720 1
301 43 225 17 2755 1
302 85 225 17 2755 1
303 58 230 23 3590 1
304 30 237 17 5160 1
305 43 230 12 1641 1
306 85 230 12 1641 1
307 127 230 12 1641 1
308 4 243 26 5287 1
309 30 225 22 2941 1
310 110 221 15 3163 1
311 29 222 14 3146 1
312 57 222 14 3146 1
313 39 244 18 4175 1
314 58 239 24 6745 1
315 50 230 19 4088 1
316 58 244 19 4476 1
317 29 228 15 3578 1
318 59 222 10 2387 1
319 30 221 27 3457 1
320 59 221 27 3457 1
321 9 221 12 1667 1
322 14 228 34 6508 1
323 52 244 18 2840 1
324 27 244 28 5101 1
325 29 221 16 2451 1
326 57 221 16 2451 1
327 62 237 23 3313 1
328 19 237 33 6130 1
329 12 228 28 4652 1
330 30 245 40 13589 1
331 59 245 40 13589 1
332 42 245 20 6079 1
333 7 212 14 1853 1
334 29 220 26 3914 1
335 20 230 11 1323 1
336 44 228 20 6217 1
337 30 242 36 10570 1
338 59 242 36 10570 1
339 88 242 36 10570 1
340 51 239 39 4979 1
341 31 245 16 4501 1
342 56 220 20 4920 1
343 111 220 20 4920 1
344 28 242 11 3943 1
345 30 243 32 8201 1
346 43 216 18 2061 1
347 29 242 16 4474 1
348 57 220 19 3063 1
349 29 216 10 1569 1
350 32 222 16 3802 1
351 63 222 16 3802 1
352 94 222 16 3802 1
353 44 225 21 2525 1
354 43 222 11 3430 1
355 29 216 16 5038 1
356 107 230 23 2753 1
357 57 237 25 3738 1
358 44 237 7 1910 1
359 50 220 16 2691 1
360 56 228 14 3216 1
361 43 245 14 4356 1
362 86 230 10 1785 1
363 58 239 12 3099 1
364 115 239 12 3099 1
365 30 244 26 5674 1
366 29 239 12 3903 1
367 37 237 24 4147 1
368 55 225 24 5411 1
369 109 225 24 5411 1
370 88 230 22 3396 1
371 13 239 16 4310 1
372 93 225 24 5943 1
373 185 225 24 5943 1
374 57 228 9 1813 1
375 57 222 16 4823 1
376 14 212 25 3568 1
377 41 237 14 1772 1
378 44 222 8 910 1
379 28 239 12 1581 1
380 28 244 13 3584 1
381 55 244 13 3584 1
382 102 220 15 2952 1
383 81 221 27 5868 1
384 30 239 8 1429 1
385 50 212 13 2699 1
386 44 230 10 2558 1
387 43 228 7 1762 1
388 52 216 13 4165 1
389 28 222 19 2705 1
390 112 221 15 2152 1
391 58 237 20 3351 1
392 97 220 20 5847 1
393 59 221 19 3534 1
394 57 230 9 2784 1
395 95 230 25 7542 1
396 43 221 31 7056 1
397 57 230 26 4379 1
398 1 228 17 5443 1
399 47 245 18 4766 1
400 67 242 24 6682 1
401 133 242 24 6682 1
402 199 242 24 6682 1
403 42 230 24 3681 1
404 36 216 7 1891 1
405 44 220 23 6727 1
406 58 230 14 4689 1
407 36 268 18 3678 1
408 30 274 19 2878 1
409 50 274 5 1413 1
410 14 258 33 4312 1
411 15 276 19 3318 1
412 103 268 9 3347 1
413 16 255 4 1491 1
414 54 273 4 784 1
415 36 264 25 7533 1
416 29 277 21 8427 1
417 37 264 21 8029 1
418 30 270 24 3599 1
419 105 270 14 2191 1
420 43 246 6 2201 1
421 105 259 13 2489 1
422 34 276 16 3537 1
423 67 276 16 3537 1
424 97 258 6 2067 1
425 4 257 26 5079 1
426 7 257 26 5079 1
427 15 258 5 1628 1
428 48 262 25 9627 1
429 95 262 25 9627 1
430 15 260 13 1987 1
431 29 275 17 6369 1
432 86 261 11 2439 1
433 43 260 23 3555 1
434 57 262 18 5211 1
435 36 267 16 4889 1
436 96 270 19 4300 1
437 37 257 26 6278 1
438 51 270 13 2939 1
439 101 270 13 2939 1
440 30 268 17 6718 1
441 29 267 19 7594 1
442 29 273 24 9639 1
443 57 257 15 2280 1
444 43 267 25 9680 1
445 2 260 12 1621 1
446 57 277 15 5148 1
447 29 270 14 3832 1
448 46 267 21 3214 1
449 91 267 21 3214 1
450 43 264 21 3731 1
451 37 276 20 6315 1
452 105 268 12 4137 1
453 41 264 12 1951 1
454 23 258 14 3077 1
455 14 277 15 5561 1
456 44 260 15 4770 1
457 96 265 12 3490 1
458 51 258 15 2134 1
459 101 258 15 2134 1
460 151 258 15 2134 1
461 201 258 15 2134 1
462 93 246 12 2038 1
463 98 275 4 1288 1
464 195 275 4 1288 1
465 292 275 4 1288 1
466 21 265 16 2243 1
467 42 258 15 4845 1
468 50 273 26 6109 1
469 29 257 17 5857 1
470 43 264 20 4753 1
471 43 260 13 3061 1
472 101 268 22 4419 1
473 51 260 9 2392 1
474 15 275 22 7321 1
475 31 261 9 1432 1
476 61 261 9 1432 1
477 30 246 6 1354 1
478 59 246 6 1354 1
479 96 246 11 3186 1
480 30 260 20 6770 1
481 97 261 13 2062 1
482 193 261 13 2062 1
483 43 273 16 6283 1
484 36 261 12 3306 1
485 30 258 24 5433 1
486 59 258 24 5433 1
487 37 246 14 3857 1
488 73 246 14 3857 1
489 109 246 14 3857 1
490 36 261 17 4703 1
491 36 277 21 3395 1
492 51 268 22 5566 1
493 97 262 11 3217 1
494 36 268 12 3211 1
495 50 268 7 1509 1
496 51 255 25 9448 1
497 108 275 13 4329 1
498 60 246 15 4939 1
499 44 259 14 3449 1
500 26 275 11 2168 1
501 51 275 11 2168 1
502 42 277 11 1915 1
503 43 268 18 2606 1
504 81 275 22 5258 1
505 14 268 23 4603 1
506 67 275 27 7540 1
507 133 275 27 7540 1
508 199 275 27 7540 1
509 30 257 20 4995 1
510 29 277 10 2506 1
511 43 275 15 3129 1
512 29 267 9 3231 1
513 57 275 27 3969 1
514 15 276 19 4811 1
515 16 246 8 2243 1
516 51 258 26 8923 1
517 50 270 18 6916 1
518 99 276 14 5299 1
519 25 264 9 2031 1
520 37 264 17 3922 1
521 14 268 27 5661 1
522 27 268 27 5661 1
523 30 277 19 3456 1
524 57 268 20 3984 1
525 43 276 12 4804 1
526 22 267 15 3557 1
527 30 273 9 1988 1
528 52 276 15 5859 1
529 103 276 15 5859 1
530 37 268 14 2824 1
531 73 268 14 2824 1
532 31 262 2 378 1
533 61 262 2 378 1
534 91 268 12 4358 1
535 30 259 21 6815 1
536 43 255 15 3528 1
537 33 262 13 4941 1
538 65 262 13 4941 1
539 87 265 22 3925 1
540 90 273 15 3623 1
541 22 260 8 1133 1
542 56 273 14 3949 1
543 49 257 14 5043 1
544 44 264 8 2189 1
545 87 264 8 2189 1
546 29 258 8 2169 1
547 67 260 7 1135 1
548 133 260 7 1135 1
549 199 260 7 1135 1
550 152 273 12 4052 1
551 37 270 22 6288 1
552 73 270 22 6288 1
553 95 246 18 3955 1
554 21 262 23 8406 1
555 41 262 23 8406 1
556 37 273 20 5417 1
557 13 255 2 588 1
558 52 257 8 1182 1
559 95 255 21 2761 1
560 51 268 27 4484 1
561 57 273 15 2893 1
562 29 258 15 3217 1
563 29 260 12 2779 1
564 37 274 24 7159 1
565 51 277 21 5017 1
566 30 274 19 5418 1
567 29 276 9 1918 1
568 43 265 18 2415 1
569 85 265 18 2415 1
570 16 260 28 4255 1
571 52 255 17 4625 1
572 90 273 13 2957 1
573 51 265 7 2040 1
574 57 259 25 4565 1
575 132 274 20 3513 1
576 30 258 21 8053 1
577 29 267 25 6400 1
578 56 255 15 4404 1
579 103 274 10 3021 1
580 205 274 10 3021 1
581 66 258 10 2586 1
582 46 268 15 2433 1
583 29 268 15 2065 1
584 58 275 37 8665 1
585 18 276 20 5591 1
586 96 259 13 4439 1
587 30 262 12 2786 1
588 38 274 7 2828 1
589 93 282 10 2688 1
590 185 282 10 2688 1
591 62 300 11 4577 1
592 28 282 12 1830 1
593 93 285 18 5558 1
594 42 292 13 3333 1
595 44 281 18 5994 1
596 30 279 11 2566 1
597 29 291 12 2402 1
598 100 294 20 5492 1
599 56 279 28 8510 1
600 29 291 17 4756 1
601 29 285 18 4555 1
602 42 285 11 1946 1
603 31 293 17 5354 1
604 58 299 21 4911 1
605 181 281 23 3465 1
606 85 299 13 3507 1
607 11 278 10 2951 1
608 57 281 6 2066 1
609 36 291 13 5602 1
610 29 278 38 10957 1
611 68 292 20 6372 1
612 29 291 9 3175 1
613 28 284 17 3758 1
614 55 284 17 3758 1
615 59 285 9 3100 1
616 36 279 7 1290 1
617 27 292 20 4585 1
618 56 285 13 5085 1
619 31 284 15 4021 1
620 54 300 28 10015 1
621 57 294 13 5526 1
622 113 294 13 5526 1
623 28 292 24 3827 1
624 48 278 20 5075 1
625 64 292 15 4353 1
626 58 293 10 2812 1
627 32 285 18 3280 1
628 57 284 12 2205 1
629 113 284 12 2205 1
630 93 278 9 2538 1
631 44 292 16 5555 1
632 36 282 21 6826 1
633 58 300 41 14194 1
634 57 299 13 2077 1
635 207 285 28 7463 1
636 30 279 21 5912 1
637 43 292 16 5207 1
638 58 281 14 3999 1
639 17 281 14 3927 1
640 81 300 19 2855 1
641 42 282 13 5374 1
642 170 281 25 9674 1
643 44 279 28 8489 1
644 29 300 16 2505 1
645 59 286 29 11670 1
646 117 286 29 11670 1
647 58 294 29 11702 1
648 149 278 31 10614 1
649 59 300 12 5356 1
650 59 278 16 3265 1
651 117 278 16 3265 1
652 28 294 7 1234 1
653 58 285 21 8694 1
654 43 299 15 5487 1
655 31 299 12 3421 1
656 90 281 9 2289 1
657 57 278 10 3188 1
658 36 299 17 2637 1
659 30 292 13 4034 1
660 182 292 18 2699 1
661 57 300 18 4983 1
662 60 281 24 6664 1
663 45 282 31 5890 1
664 89 282 31 5890 1
665 57 293 20 7449 1
666 30 282 12 1946 1
667 59 282 12 1946 1
668 37 291 16 4674 1
669 43 294 8 1610 1
670 29 294 17 6542 1
671 40 300 12 2068 1
672 114 278 13 2767 1
673 63 286 12 4298 1
674 34 291 14 2800 1
675 16 291 21 7076 1
676 31 291 21 7076 1
677 58 291 21 8286 1
678 43 282 25 8261 1
679 57 284 13 2282 1
680 113 284 13 2282 1
681 169 284 13 2282 1
682 225 284 13 2282 1
683 58 285 30 10875 1
684 43 299 12 4263 1
685 29 291 11 4786 1
686 92 291 17 3266 1
687 63 294 16 6043 1
688 92 300 11 2942 1
689 57 285 13 3828 1
690 113 285 13 3828 1
691 31 282 29 5453 1
692 30 292 14 5664 1
693 189 285 11 3467 1
694 44 286 13 3353 1
695 37 286 22 6620 1
696 30 300 28 11143 1
697 94 300 9 3460 1
698 58 282 14 2357 1
699 31 291 15 3430 1
700 58 282 26 4475 1
701 29 286 25 9004 1
702 57 279 17 4023 1
703 57 292 14 2296 1
704 45 291 20 7624 1
705 57 286 22 5159 1
706 29 286 9 1713 1
707 57 284 9 2338 1
708 125 299 21 8521 1
709 43 279 18 7478 1
710 2 285 14 3351 1
711 56 286 14 3200 1
712 111 286 14 3200 1
713 28 282 12 4592 1
714 58 300 11 2682 1
715 29 284 15 6052 1
716 57 284 15 6052 1
717 91 292 15 2879 1
718 43 294 11 2889 1
719 31 279 13 4908 1
720 61 279 13 4908 1
721 89 278 22 5294 1
722 59 281 13 4133 1
723 57 278 15 5254 1
724 113 278 15 5254 1
725 66 300 39 8137 1
726 61 299 14 4427 1
727 92 286 27 7781 1
728 31 282 23 6043 1
729 44 299 9 3573 1
730 87 299 9 3573 1
731 34 281 17 2977 1
732 42 282 17 4328 1
733 28 286 17 4448 1
734 46 282 12 3683 1
735 91 282 12 3683 1
736 31 293 19 6768 1
737 44 300 14 3396 1
738 87 300 14 3396 1
739 90 285 27 7983 1
740 57 279 14 5379 1
741 30 294 25 6402 1
742 59 294 14 4997 1
743 117 294 14 4997 1
744 23 300 13 4659 1
745 57 291 13 3685 1
746 31 285 16 3953 1
747 43 284 11 4060 1
748 56 282 14 3540 1
749 96 294 20 7761 1
750 58 365 12 3979 1
751 115 365 12 3979 1
752 50 305 21 6387 1
753 36 331 23 6157 1
754 58 338 14 6410 1
755 115 338 14 6410 1
756 90 331 17 8267 1
757 114 331 15 6202 1
758 53 364 41 8277 1
759 37 366 33 8032 1
760 73 366 33 8032 1
761 109 366 33 8032 1
762 16 333 37 12860 1
763 52 331 36 9678 1
764 88 303 34 10345 1
765 74 338 25 9418 1
766 147 338 25 9418 1
767 220 338 25 9418 1
768 93 324 40 17593 1
769 57 368 40 21867 1
770 51 335 26 10131 1
771 74 364 53 28578 1
772 76 318 19 5090 1
773 78 349 29 10611 1
774 116 323 23 6603 1
775 15 335 22 10125 1
776 35 323 27 10365 1
777 15 324 23 6556 1
778 52 364 11 4923 1
779 78 335 49 23780 1
780 57 335 17 3385 1
781 71 366 22 7164 1
782 51 332 37 15161 1
783 14 364 31 16569 1
784 58 334 20 5327 1
785 94 364 32 15180 1
786 58 305 38 14586 1
787 76 336 43 18689 1
788 151 336 43 18689 1
789 58 363 32 7543 1
790 57 335 28 6861 1
791 113 335 28 6861 1
792 78 365 24 12622 1
793 79 332 25 5280 1
794 117 364 21 6213 1
795 78 366 20 8373 1
796 89 304 18 7104 1
797 122 364 18 4451 1
798 87 332 27 12746 1
799 50 363 25 6433 1
800 56 368 22 11121 1
801 58 363 24 7739 1
802 94 303 16 2983 1
803 57 338 47 19997 1
804 57 333 19 8488 1
805 71 303 42 8521 1
806 36 334 17 3840 1
807 72 323 16 4896 1
808 16 366 16 6045 1
809 79 336 25 9610 1
810 157 336 25 9610 1
811 71 318 15 5489 1
812 36 365 38 7541 1
813 15 338 13 3904 1
814 29 338 13 3904 1
815 14 304 27 11974 1
816 58 364 23 7993 1
817 89 363 21 4849 1
818 98 324 15 3466 1
819 73 316 22 9465 1
820 77 305 19 3232 1
821 16 334 20 9391 1
822 76 334 25 9882 1
823 15 365 42 16744 1
824 76 349 25 12143 1
825 50 364 31 5933 1
826 37 365 14 3525 1
827 80 337 32 16082 1
828 51 318 38 7722 1
829 37 305 26 11214 1
830 78 305 30 7233 1
831 155 305 30 7233 1
832 15 363 26 8591 1
833 29 363 26 8591 1
834 79 324 16 5944 1
835 79 368 13 6477 1
836 17 338 35 6096 1
837 79 336 19 4870 1
838 79 331 18 7199 1
839 37 304 31 11193 1
840 57 332 21 6622 1
841 58 335 22 9637 1
842 78 349 33 15882 1
843 120 349 53 22950 1
844 78 331 35 8092 1
845 62 363 20 4145 1
846 111 363 23 6985 1
847 75 368 44 22204 1
848 79 303 14 3461 1
849 36 323 14 5995 1
850 79 332 22 7004 1
851 57 335 12 3825 1
852 92 304 38 12676 1
853 36 368 11 4682 1
854 15 365 13 2404 1
855 29 365 13 2404 1
856 38 304 16 3867 1
857 78 337 22 4004 1
858 36 337 29 6936 1
859 57 332 18 3872 1
860 57 349 69 31412 1
861 16 368 30 7219 1
862 58 335 18 7503 1
863 73 368 25 9651 1
864 119 366 42 7991 1
865 237 366 42 7991 1
866 79 316 8 2716 1
867 90 336 13 6487 1
868 58 334 17 8444 1
869 58 303 21 3708 1
870 78 366 38 19421 1
871 50 366 48 8816 1
872 36 364 18 7457 1
873 78 349 15 6927 1
874 73 336 23 6704 1
875 39 368 29 14639 1
876 50 337 10 4619 1
877 35 363 16 8708 1
878 16 331 20 4554 1
879 15 337 15 3176 1
880 79 336 34 13700 1
881 37 366 15 3481 1
882 50 304 28 11279 1
883 99 304 28 11279 1
884 74 335 34 10184 1
885 147 335 34 10184 1
886 79 332 13 5466 1
887 58 318 14 4488 1
888 14 338 23 10026 1
889 18 364 36 15951 1
890 16 336 40 10154 1
891 31 336 40 10154 1
892 37 368 9 4366 1
893 127 318 24 7798 1
894 13 318 35 10788 1
895 60 363 9 4467 1
896 51 331 10 3016 1
897 15 337 30 12530 1
898 79 304 14 5804 1
899 157 304 14 5804 1
900 57 366 20 3720 1
901 78 303 9 4026 1
902 77 364 24 8656 1
903 58 363 12 6134 1
904 51 364 19 8064 1
905 36 334 14 3204 1
906 67 334 25 10995 1
907 78 364 11 2570 1
908 57 333 20 8640 1
909 73 349 60 15190 1
910 36 324 20 9012 1
911 107 318 20 7569 1
912 109 333 18 8561 1
913 56 332 17 3935 1
914 78 305 9 2492 1
915 155 305 9 2492 1
916 78 336 16 6796 1
917 155 336 16 6796 1
918 14 333 22 8625 1
919 81 363 21 9490 1
920 57 368 21 10553 1
921 113 368 21 10553 1
922 60 332 26 7961 1
923 119 332 26 7961 1
924 209 332 24 7854 1
925 77 366 64 18144 1
926 57 304 21 5276 1
927 57 318 9 2294 1
928 113 318 9 2294 1
929 16 337 23 9727 1
930 80 364 18 8849 1
931 159 364 18 8849 1
932 238 364 18 8849 1
933 58 323 9 2717 1
934 57 324 22 7325 1
935 111 304 10 3406 1
936 78 304 16 5203 1
937 155 304 16 5203 1
938 232 304 16 5203 1
939 51 304 21 7098 1
940 73 318 35 6703 1
941 51 333 26 7728 1
942 15 363 25 8295 1
943 57 331 30 9269 1
944 113 331 30 9269 1
945 51 334 16 4083 1
946 16 333 33 11236 1
947 37 336 15 2741 1
948 78 337 20 8568 1
949 57 332 26 7757 1
950 36 368 11 5901 1
951 50 305 28 5091 1
952 99 305 28 5091 1
953 51 368 13 6373 1
954 101 368 13 6373 1
955 37 303 25 7376 1
956 50 332 19 5677 1
957 78 366 22 11388 1
958 120 304 21 5974 1
959 36 338 30 6020 1
960 15 303 42 9255 1
961 117 363 19 7390 1
962 35 334 23 3928 1
963 78 303 15 3558 1
964 52 363 25 11802 1
965 51 318 38 9954 1
966 36 365 23 8728 1
967 79 364 43 23466 1
968 124 366 16 5988 1
969 107 324 32 10771 1
970 57 336 9 3774 1
971 79 338 18 4012 1
972 36 305 23 4264 1
973 71 305 23 4264 1
974 90 331 25 5234 1
975 79 331 12 5529 1
976 58 336 24 5654 1
977 15 332 13 3527 1
978 36 316 15 5043 1
979 78 363 18 6867 1
980 79 336 18 3495 1
981 50 331 17 4559 1
982 15 318 15 5749 1
983 61 368 43 12080 1
984 100 323 32 11737 1
985 51 335 26 8263 1
986 101 335 26 8263 1
987 151 335 26 8263 1
988 13 336 31 15126 1
989 90 332 43 17055 1
990 15 396 25 8543 1
991 161 397 41 8436 1
992 87 398 37 14670 1
993 72 399 22 6465 1
994 9 395 16 4048 1
995 80 399 32 8329 1
996 80 395 43 10576 1
997 108 398 30 11261 1
998 79 395 25 9611 1
999 86 398 22 10914 1
1000 171 398 22 10914 1
1001 86 399 40 18072 1
1002 87 397 18 9098 1
1003 112 399 26 11684 1
1004 109 397 26 13439 1
1005 94 399 47 22094 1
1006 86 397 31 17979 1
1007 171 397 31 17979 1
1008 256 397 31 17979 1
1009 341 397 31 17979 1
1010 426 397 31 17979 1
1011 12 395 36 13451 1
1012 90 395 20 7915 1
1013 78 396 59 22335 1
1014 155 397 39 14777 1
1015 72 397 25 5113 1
1016 143 397 25 5113 1
1017 13 399 54 16909 1
1018 86 396 29 9384 1
1019 96 396 46 25324 1
1020 75 399 28 9520 1
1021 80 396 26 5629 1
1022 78 396 25 8030 1
1023 79 399 21 10595 1
1024 78 396 31 14349 1
1025 88 397 36 14495 1
1026 13 396 29 15095 1
1027 89 396 21 8547 1
1028 15 395 44 19015 1
1029 90 397 29 11345 1
1030 78 395 49 28185 1
1031 88 399 42 15927 1
1032 155 395 36 8619 1
1033 80 395 30 8494 1
1034 109 398 30 8057 1
1035 77 396 45 15263 1
1036 181 397 37 14073 1
14
503 620 807 620 700 205 255 700 700 700 700 700 200 460 