1037
1 8 131 16 2062 1
2 3 183 15 2744 1
3 6 116 11 1285 1
4 11 116 11 1285 1
5 24 163 14 3064 1
6 9 185 22 4058 1
7 17 185 22 4058 1
8 25 185 22 4058 1
9 22 145 16 1893 1
10 8 158 1 106 1
11 36 112 15 2473 1
12 2 191 25 6034 1
13 8 172 17 1525 1
14 16 159 15 1328 1
15 16 120 12 1645 1
16 6 146 15 2184 1
17 11 146 15 2184 1
18 16 187 34 7318 1
19 11 178 20 5115 1
20 13 152 16 1439 1
21 25 152 16 1439 1
22 37 152 16 1439 1
23 49 152 16 1439 1
24 61 152 16 1439 1
25 14 125 4 552 1
26 17 183 19 3151 1
27 33 183 19 3151 1
28 15 144 9 819 1
29 23 168 23 2818 1
30 1 162 15 2156 1
31 5 157 22 4677 1
32 9 157 22 4677 1
33 15 116 9 1261 1
34 21 91 13 1219 1
35 25 140 14 2183 1
36 9 173 34 7445 1
37 5 155 11 1536 1
38 9 155 11 1536 1
39 15 140 16 1574 1
40 8 170 24 5955 1
41 16 158 17 2838 1
42 27 160 21 3806 1
43 12 171 15 3399 1
44 6 91 8 995 1
45 7 141 16 3006 1
46 13 141 16 3006 1
47 21 176 13 2683 1
48 12 91 9 1060 1
49 13 157 14 2438 1
50 4 191 23 5772 1
51 7 191 23 5772 1
52 10 191 23 5772 1
53 1 150 26 4696 1
54 61 121 9 1187 1
55 7 173 11 1252 1
56 13 173 11 1252 1
57 1 147 8 1420 1
58 17 125 15 2693 1
59 33 125 15 2693 1
60 11 178 22 1988 1
61 15 148 22 4045 1
62 6 171 20 1896 1
63 1 134 17 3031 1
64 13 184 22 4819 1
65 15 144 18 1338 1
66 112 160 11 1836 1
67 7 131 11 1586 1
68 13 131 11 1586 1
69 5 148 20 1607 1
70 19 116 12 1009 1
71 37 116 12 1009 1
72 5 154 11 1322 1
73 7 170 20 2077 1
74 13 170 20 2077 1
75 19 170 20 2077 1
76 25 170 20 2077 1
77 7 163 11 1630 1
78 5 157 18 3300 1
79 9 157 18 3300 1
80 13 157 18 3300 1
81 13 125 5 921 1
82 59 143 10 1547 1
83 18 146 11 1790 1
84 131 143 12 1819 1
85 1 158 17 2159 1
86 7 149 17 3501 1
87 15 140 20 3170 1
88 15 183 22 3558 1
89 4 177 6 1353 1
90 15 166 19 2940 1
91 8 140 16 1294 1
92 19 87 11 924 1
93 37 87 11 924 1
94 55 87 11 924 1
95 5 180 15 2281 1
96 4 165 17 1647 1
97 19 189 24 4009 1
98 6 171 28 4832 1
99 11 171 28 4832 1
100 4 150 16 2515 1
101 7 150 16 2515 1
102 10 150 16 2515 1
103 7 146 13 1015 1
104 13 147 11 841 1
105 16 188 18 3399 1
106 10 149 10 1880 1
107 19 149 10 1880 1
108 130 160 20 3945 1
109 23 125 10 1152 1
110 4 130 13 1804 1
111 16 134 14 1216 1
112 16 141 14 2425 1
113 9 87 8 355 1
114 2 145 9 694 1
115 3 145 9 694 1
116 4 145 9 694 1
117 5 145 9 694 1
118 6 145 9 694 1
119 17 170 17 2910 1
120 13 140 7 605 1
121 25 140 7 605 1
122 10 125 11 1258 1
123 6 166 13 1564 1
124 7 167 16 2653 1
125 13 167 16 2653 1
126 19 167 16 2653 1
127 15 134 11 1215 1
128 16 166 23 4380 1
129 4 168 10 1418 1
130 7 168 10 1418 1
131 10 168 10 1418 1
132 55 121 12 1469 1
133 6 174 1 245 1
134 4 183 17 2820 1
135 7 183 17 2820 1
136 3 130 13 1124 1
137 5 130 13 1124 1
138 14 146 7 1478 1
139 27 146 7 1478 1
140 9 185 25 4753 1
141 17 185 25 4753 1
142 25 185 25 4753 1
143 7 146 15 2425 1
144 13 146 15 2425 1
145 19 146 15 2425 1
146 10 112 13 1231 1
147 21 189 19 2324 1
148 11 183 28 5698 1
149 13 135 7 1307 1
150 23 137 6 1056 1
151 45 137 6 1056 1
152 67 137 6 1056 1
153 149 171 5 791 1
154 18 173 10 1029 1
155 35 173 10 1029 1
156 52 173 10 1029 1
157 1 116 6 765 1
158 1 116 6 765 1
159 4 149 11 1983 1
160 2 167 23 4797 1
161 3 167 23 4797 1
162 6 172 12 1561 1
163 32 137 17 1715 1
164 11 174 16 1622 1
165 9 145 5 876 1
166 17 145 5 876 1
167 9 189 16 3570 1
168 41 175 16 4013 1
169 21 158 13 1881 1
170 15 184 12 2466 1
171 4 189 17 3427 1
172 9 143 18 1729 1
173 17 143 18 1729 1
174 8 173 15 2436 1
175 15 173 15 2436 1
176 6 182 9 1724 1
177 9 187 21 2862 1
178 6 146 15 2962 1
179 11 146 15 2962 1
180 7 140 14 1599 1
181 17 141 21 2396 1
182 11 143 15 2939 1
183 5 182 14 3562 1
184 17 166 20 4476 1
185 16 176 7 918 1
186 23 116 14 2054 1
187 6 170 17 4094 1
188 11 170 17 4094 1
189 16 170 17 4094 1
190 8 170 28 4301 1
191 15 170 28 4301 1
192 22 170 28 4301 1
193 12 147 20 3406 1
194 23 147 20 3406 1
195 7 130 16 1457 1
196 13 130 16 1457 1
197 19 130 16 1457 1
198 25 130 16 1457 1
199 7 167 11 975 1
200 15 188 18 4216 1
201 5 148 18 2291 1
202 19 131 4 777 1
203 15 159 7 768 1
204 6 146 10 1332 1
205 11 146 10 1332 1
206 16 146 10 1332 1
207 21 146 10 1332 1
208 26 146 10 1332 1
209 31 146 10 1332 1
210 6 91 10 573 1
211 10 133 11 1498 1
212 19 133 11 1498 1
213 28 133 11 1498 1
214 37 133 11 1498 1
215 18 101 17 1929 1
216 35 101 17 1929 1
217 52 101 17 1929 1
218 69 101 17 1929 1
219 86 101 17 1929 1
220 103 101 17 1929 1
221 120 101 17 1929 1
222 2 121 14 2173 1
223 3 121 14 2173 1
224 4 121 14 2173 1
225 5 121 14 2173 1
226 6 121 14 2173 1
227 15 147 13 2659 1
228 7 173 14 1688 1
229 8 145 21 2789 1
230 15 145 21 2789 1
231 22 145 21 2789 1
232 29 145 21 2789 1
233 36 145 21 2789 1
234 8 176 29 4853 1
235 15 176 29 4853 1
236 124 172 9 960 1
237 4 149 14 1539 1
238 7 149 14 1539 1
239 10 149 14 1539 1
240 13 149 14 1539 1
241 16 149 14 1539 1
242 15 169 21 2789 1
243 16 159 12 981 1
244 35 185 15 3819 1
245 2 154 17 1515 1
246 13 120 10 730 1
247 15 177 22 4068 1
248 29 177 22 4068 1
249 43 177 22 4068 1
250 11 144 19 3503 1
251 21 144 19 3503 1
252 63 143 13 2361 1
253 22 121 2 241 1
254 15 116 7 556 1
255 11 173 21 4196 1
256 16 160 10 1429 1
257 31 160 10 1429 1
258 46 160 10 1429 1
259 21 150 13 1560 1
260 15 121 18 1271 1
261 29 121 18 1271 1
262 5 137 12 1709 1
263 9 137 12 1709 1
264 1 181 12 1544 1
265 9 148 19 3454 1
266 5 116 12 832 1
267 9 116 12 832 1
268 13 116 12 832 1
269 17 116 12 832 1
270 21 116 12 832 1
271 17 135 12 2383 1
272 15 159 19 3041 1
273 26 135 21 3876 1
274 16 176 15 2569 1
275 4 157 13 2928 1
276 7 157 13 2928 1
277 10 157 13 2928 1
278 13 157 13 2928 1
279 7 181 1 152 1
280 18 147 26 2195 1
281 3 166 20 4825 1
282 8 121 12 1831 1
283 16 116 9 1441 1
284 3 182 15 1740 1
285 22 112 9 1079 1
286 15 150 27 3283 1
287 29 150 27 3283 1
288 43 150 27 3283 1
289 6 167 18 4054 1
290 18 148 12 1236 1
291 16 113 19 1534 1
292 20 126 10 1586 1
293 2 131 10 1363 1
294 3 131 10 1363 1
295 17 165 19 2915 1
296 17 157 14 1108 1
297 33 157 14 1108 1
298 49 157 14 1108 1
299 65 157 14 1108 1
300 6 172 14 3025 1
301 11 172 14 3025 1
302 3 125 9 727 1
303 5 125 9 727 1
304 7 125 9 727 1
305 9 125 9 727 1
306 11 125 9 727 1
307 19 112 5 378 1
308 15 140 14 1037 1
309 4 140 14 1670 1
310 7 140 14 1670 1
311 15 144 14 1206 1
312 17 155 34 6665 1
313 15 146 2 258 1
314 29 146 2 258 1
315 43 146 2 258 1
316 57 146 2 258 1
317 15 155 11 2291 1
318 6 188 4 948 1
319 11 188 4 948 1
320 10 163 22 3660 1
321 19 163 22 3660 1
322 15 141 11 878 1
323 7 191 28 6239 1
324 7 122 16 1815 1
325 13 122 16 1815 1
326 19 122 16 1815 1
327 25 122 16 1815 1
328 31 122 16 1815 1
329 9 159 17 2163 1
330 17 159 17 2163 1
331 2 158 8 1420 1
332 3 158 8 1420 1
333 18 113 7 450 1
334 29 126 16 2222 1
335 19 135 10 1187 1
336 6 158 15 2449 1
337 11 158 15 2449 1
338 4 87 11 962 1
339 5 145 14 2644 1
340 9 145 14 2644 1
341 13 145 14 2644 1
342 12 149 16 1440 1
343 22 158 22 3574 1
344 43 158 22 3574 1
345 8 178 21 4601 1
346 15 178 21 4601 1
347 22 178 21 4601 1
348 29 178 21 4601 1
349 3 182 16 2971 1
350 5 182 16 2971 1
351 7 182 16 2971 1
352 9 182 16 2971 1
353 16 157 13 2433 1
354 13 171 19 3044 1
355 29 165 3 296 1
356 57 165 3 296 1
357 145 135 19 3288 1
358 62 169 17 3902 1
359 9 174 23 4887 1
360 17 174 23 4887 1
361 25 174 23 4887 1
362 19 187 20 3175 1
363 17 148 11 1545 1
364 33 148 11 1545 1
365 49 148 11 1545 1
366 65 148 11 1545 1
367 81 148 11 1545 1
368 97 148 11 1545 1
369 9 146 18 2890 1
370 16 137 23 2244 1
371 6 157 22 4372 1
372 11 157 22 4372 1
373 16 157 22 4372 1
374 9 135 17 2793 1
375 17 135 17 2793 1
376 6 147 26 3223 1
377 90 183 19 2688 1
378 15 173 17 2762 1
379 18 174 7 750 1
380 6 162 22 4172 1
381 76 141 15 1643 1
382 21 135 15 1452 1
383 5 150 22 3666 1
384 9 150 22 3666 1
385 13 150 22 3666 1
386 19 147 12 1481 1
387 10 155 16 2579 1
388 3 149 12 1714 1
389 5 149 12 1714 1
390 7 180 14 2495 1
391 19 169 17 1855 1
392 12 150 21 4543 1
393 23 150 21 4543 1
394 34 150 21 4543 1
395 45 150 21 4543 1
396 56 150 21 4543 1
397 9 101 12 1772 1
398 18 150 11 1236 1
399 35 150 11 1236 1
400 8 125 13 1086 1
401 24 187 16 2122 1
402 47 187 16 2122 1
403 7 143 8 682 1
404 13 143 8 682 1
405 19 143 8 682 1
406 25 143 8 682 1
407 16 167 13 1152 1
408 18 195 16 2230 1
409 35 195 16 2230 1
410 3 193 19 2124 1
411 17 194 16 4332 1
412 8 197 17 5005 1
413 9 195 10 1312 1
414 9 194 8 2173 1
415 8 195 16 3304 1
416 17 197 19 4885 1
417 8 195 18 3471 1
418 15 195 18 3471 1
419 8 197 21 4205 1
420 15 197 21 4205 1
421 9 197 12 3434 1
422 17 197 12 3434 1
423 25 197 12 3434 1
424 6 193 10 2186 1
425 8 197 18 2790 1
426 15 197 18 2790 1
427 14 196 15 1647 1
428 27 196 15 1647 1
429 40 196 15 1647 1
430 22 195 9 1316 1
431 13 195 24 4728 1
432 8 195 21 4633 1
433 15 195 21 4633 1
434 22 195 21 4633 1
435 9 195 12 2966 1
436 17 195 12 2966 1
437 25 213 15 4528 1
438 34 226 20 6026 1
439 33 222 35 7371 1
440 10 216 11 3390 1
441 30 213 15 2129 1
442 14 212 21 5491 1
443 56 212 14 2580 1
444 24 198 17 3153 1
445 10 212 13 1671 1
446 7 200 15 2636 1
447 21 217 20 5189 1
448 25 222 14 1645 1
449 49 222 14 1645 1
450 7 222 11 2407 1
451 13 222 11 2407 1
452 19 222 11 2407 1
453 25 222 11 2407 1
454 28 216 3 326 1
455 26 224 21 4750 1
456 9 220 22 5266 1
457 17 220 22 5266 1
458 10 209 12 2194 1
459 8 216 19 3855 1
460 30 202 18 3618 1
461 11 213 21 6433 1
462 21 213 21 6433 1
463 31 213 21 6433 1
464 7 221 14 4035 1
465 42 223 6 1499 1
466 83 223 6 1499 1
467 124 223 6 1499 1
468 63 201 20 4110 1
469 11 223 13 1931 1
470 12 199 14 2938 1
471 8 201 16 2130 1
472 15 201 16 2130 1
473 29 199 13 3682 1
474 57 199 13 3682 1
475 13 220 8 2095 1
476 51 213 13 1904 1
477 24 209 20 3326 1
478 47 209 20 3326 1
479 3 198 10 1371 1
480 242 223 14 3381 1
481 55 224 16 1959 1
482 2 216 17 3360 1
483 50 226 13 4186 1
484 36 208 13 2794 1
485 16 212 13 1815 1
486 19 226 17 2131 1
487 19 210 16 4726 1
488 25 212 11 3082 1
489 15 213 18 3643 1
490 6 217 17 3178 1
491 11 217 17 3178 1
492 26 216 9 2403 1
493 51 216 9 2403 1
494 45 202 13 1592 1
495 9 223 11 2815 1
496 17 223 11 2815 1
497 25 223 11 2815 1
498 50 200 15 3053 1
499 9 224 10 1763 1
500 17 224 10 1763 1
501 25 224 10 1763 1
502 33 224 10 1763 1
503 28 212 9 2018 1
504 55 212 9 2018 1
505 2 220 20 3551 1
506 8 199 10 2719 1
507 46 224 20 5093 1
508 23 213 12 2897 1
509 54 216 14 3374 1
510 27 221 11 2310 1
511 24 202 12 1358 1
512 27 213 11 2230 1
513 53 213 11 2230 1
514 9 222 26 3277 1
515 17 222 26 3277 1
516 25 222 26 3277 1
517 9 222 11 1560 1
518 17 222 11 1560 1
519 26 226 12 3508 1
520 16 199 9 1726 1
521 7 216 20 2964 1
522 3 223 5 971 1
523 5 223 5 971 1
524 3 199 8 2242 1
525 19 217 15 2306 1
526 37 217 15 2306 1
527 55 217 15 2306 1
528 2 202 17 2171 1
529 27 224 8 1154 1
530 9 200 11 1115 1
531 53 201 16 2012 1
532 9 223 18 2698 1
533 10 217 19 4960 1
534 19 217 19 4960 1
535 5 216 15 4266 1
536 9 216 15 4266 1
537 26 224 8 1257 1
538 51 212 15 2408 1
539 10 210 14 2997 1
540 19 210 14 2997 1
541 7 226 8 2282 1
542 9 211 13 2395 1
543 17 211 13 2395 1
544 25 211 13 2395 1
545 25 226 18 4056 1
546 49 226 18 4056 1
547 73 226 18 4056 1
548 29 221 17 2039 1
549 7 223 22 4403 1
550 32 211 6 1531 1
551 47 216 12 1715 1
552 93 216 12 1715 1
553 14 213 25 5655 1
554 27 213 25 5655 1
555 8 201 18 1824 1
556 10 217 18 5645 1
557 19 217 18 5645 1
558 28 217 18 5645 1
559 8 226 15 4369 1
560 44 226 16 3456 1
561 87 226 16 3456 1
562 34 255 18 6418 1
563 7 227 7 1706 1
564 74 256 30 8087 1
565 147 256 30 8087 1
566 41 237 10 3164 1
567 5 263 29 7671 1
568 24 262 31 8936 1
569 47 262 31 8936 1
570 39 231 15 3055 1
571 29 232 17 5828 1
572 14 241 12 3651 1
573 7 239 14 4244 1
574 72 241 24 3078 1
575 143 241 24 3078 1
576 16 228 7 1166 1
577 31 228 7 1166 1
578 46 228 7 1166 1
579 26 242 12 2482 1
580 2 255 19 2662 1
581 4 228 16 2192 1
582 5 241 23 6227 1
583 5 242 22 3220 1
584 2 245 23 6743 1
585 15 228 26 6911 1
586 8 252 12 1965 1
587 23 260 10 3336 1
588 33 245 9 2259 1
589 65 245 9 2259 1
590 1 263 1 157 1
591 71 237 15 3873 1
592 22 239 18 3220 1
593 26 236 15 4869 1
594 51 236 15 4869 1
595 1 255 15 5114 1
596 1 255 15 5114 1
597 30 240 16 5063 1
598 37 236 10 3256 1
599 73 236 10 3256 1
600 23 252 19 5750 1
601 29 252 19 2869 1
602 5 245 16 4671 1
603 5 232 9 2584 1
604 37 256 27 5498 1
605 30 232 10 2473 1
606 8 247 14 4072 1
607 15 247 14 4072 1
608 13 241 18 6027 1
609 25 241 18 6027 1
610 28 250 19 4099 1
611 3 241 22 4086 1
612 5 241 22 4086 1
613 20 252 9 1135 1
614 39 252 9 1135 1
615 58 252 9 1135 1
616 53 256 21 4971 1
617 105 256 21 4971 1
618 8 256 28 5666 1
619 21 263 13 3613 1
620 25 256 16 2651 1
621 27 236 18 6085 1
622 53 236 18 6085 1
623 28 231 12 2828 1
624 6 229 9 2653 1
625 36 255 21 7408 1
626 25 252 18 5321 1
627 25 247 17 2474 1
628 4 237 29 8951 1
629 24 239 14 2264 1
630 30 235 12 3213 1
631 59 235 12 3213 1
632 23 227 11 3317 1
633 22 247 8 1625 1
634 25 262 21 5081 1
635 49 262 21 5081 1
636 61 250 12 2113 1
637 1 229 18 3958 1
638 6 232 13 2393 1
639 6 250 22 3970 1
640 5 256 16 4087 1
641 4 235 9 2168 1
642 5 242 13 4366 1
643 264 247 13 1720 1
644 58 239 9 2628 1
645 115 239 9 2628 1
646 19 241 13 4058 1
647 37 241 13 4058 1
648 55 241 13 4058 1
649 73 241 13 4058 1
650 24 231 14 4128 1
651 47 231 14 4128 1
652 25 260 17 4501 1
653 49 260 17 4501 1
654 25 237 10 1904 1
655 47 250 17 5014 1
656 93 250 17 5014 1
657 21 262 17 6026 1
658 41 262 17 6026 1
659 5 256 19 2549 1
660 6 236 14 1983 1
661 35 227 20 3154 1
662 1 255 24 3448 1
663 22 262 9 1953 1
664 6 241 18 5131 1
665 11 241 18 5131 1
666 30 247 18 2867 1
667 21 229 5 1233 1
668 41 229 5 1233 1
669 7 236 24 5745 1
670 12 245 10 1731 1
671 16 240 23 5219 1
672 31 239 14 4754 1
673 7 236 8 1256 1
674 13 236 8 1256 1
675 22 256 15 5447 1
676 18 256 14 3872 1
677 35 256 14 3872 1
678 10 235 9 1818 1
679 19 235 9 1818 1
680 15 245 19 5556 1
681 2 252 6 1779 1
682 25 262 20 4542 1
683 18 236 17 5325 1
684 26 279 17 2965 1
685 51 279 17 2965 1
686 19 301 11 4717 1
687 3 279 23 7982 1
688 39 272 12 2953 1
689 46 285 28 5789 1
690 23 265 23 7534 1
691 39 275 19 3207 1
692 77 275 19 3207 1
693 27 290 17 6999 1
694 2 276 24 6300 1
695 3 276 24 6300 1
696 41 279 16 4578 1
697 28 285 6 1423 1
698 55 285 6 1423 1
699 10 276 23 5086 1
700 18 271 10 1892 1
701 69 292 25 10155 1
702 137 292 25 10155 1
703 23 268 15 3333 1
704 85 268 9 3596 1
705 17 272 15 3344 1
706 5 302 20 3429 1
707 29 296 20 6972 1
708 57 296 20 6972 1
709 85 296 20 6972 1
710 26 293 17 4727 1
711 31 268 14 4926 1
712 63 302 12 5331 1
713 39 269 16 3319 1
714 3 281 15 5704 1
715 86 277 23 5746 1
716 17 270 10 1645 1
717 33 270 10 1645 1
718 4 295 14 5623 1
719 12 292 22 3379 1
720 25 295 17 7483 1
721 59 300 20 3706 1
722 54 267 15 5232 1
723 10 266 14 4903 1
724 19 266 14 4903 1
725 18 283 17 4844 1
726 32 299 33 7664 1
727 25 302 16 6135 1
728 21 295 11 4641 1
729 41 295 11 4641 1
730 25 281 12 4177 1
731 4 264 10 2548 1
732 22 295 18 6697 1
733 64 292 14 5302 1
734 127 292 14 5302 1
735 23 269 24 8207 1
736 45 269 24 8207 1
737 20 264 16 5917 1
738 32 278 13 5170 1
739 63 278 13 5170 1
740 94 278 13 5170 1
741 125 278 13 5170 1
742 23 272 15 5663 1
743 16 285 15 5080 1
744 31 285 15 5080 1
745 46 285 15 5080 1
746 22 269 15 4609 1
747 16 301 16 2450 1
748 31 301 16 2450 1
749 14 292 16 5449 1
750 18 296 19 5622 1
751 39 265 20 3422 1
752 31 264 34 10141 1
753 61 264 34 10141 1
754 44 301 15 2918 1
755 21 275 11 3251 1
756 17 280 13 3642 1
757 9 270 19 2743 1
758 58 292 21 9038 1
759 121 272 11 2840 1
760 21 299 21 4591 1
761 41 299 21 4591 1
762 61 299 21 4591 1
763 81 299 21 4591 1
764 63 268 20 4992 1
765 12 265 10 2884 1
766 69 281 30 8298 1
767 34 268 8 3192 1
768 67 268 8 3192 1
769 100 268 8 3192 1
770 75 292 21 3399 1
771 20 302 29 8671 1
772 5 299 16 2928 1
773 5 302 12 3528 1
774 9 302 12 3528 1
775 27 283 22 4076 1
776 71 281 16 3929 1
777 40 302 31 13785 1
778 20 285 27 4642 1
779 35 281 21 6723 1
780 168 279 17 6300 1
781 29 276 14 3067 1
782 14 264 15 5251 1
783 22 300 14 4728 1
784 21 281 18 7193 1
785 31 276 3 430 1
786 61 276 3 430 1
787 22 266 7 941 1
788 39 295 9 2903 1
789 21 266 21 3687 1
790 36 265 12 4603 1
791 29 266 26 3788 1
792 5 266 14 3400 1
793 6 293 21 6162 1
794 25 301 21 7193 1
795 40 290 16 2820 1
796 13 275 11 1740 1
797 22 271 25 4750 1
798 4 269 19 6234 1
799 60 268 11 3909 1
800 5 300 10 3207 1
801 9 300 10 3207 1
802 6 276 12 2467 1
803 48 294 21 8903 1
804 27 301 27 7107 1
805 53 301 27 7107 1
806 9 302 18 5055 1
807 6 281 13 2991 1
808 24 296 27 5577 1
809 47 296 27 5577 1
810 24 281 17 3201 1
811 24 271 16 5880 1
812 58 293 18 5914 1
813 23 265 15 5660 1
814 27 295 18 3422 1
815 16 265 4 1163 1
816 31 265 4 1163 1
817 1 275 23 5653 1
818 6 276 15 4523 1
819 22 302 23 4288 1
820 12 276 6 1865 1
821 23 276 6 1865 1
822 34 276 6 1865 1
823 45 276 6 1865 1
824 56 276 6 1865 1
825 33 269 10 2864 1
826 33 290 18 3072 1
827 27 268 17 5321 1
828 1 283 25 10475 1
829 31 295 19 7415 1
830 6 301 16 7141 1
831 22 280 20 3890 1
832 43 280 20 3890 1
833 64 280 20 3890 1
834 34 292 26 6095 1
835 6 292 17 4654 1
836 11 292 17 4654 1
837 37 294 18 4041 1
838 5 281 8 3174 1
839 43 264 19 4883 1
840 85 264 19 4883 1
841 4 279 17 3588 1
842 14 268 14 4566 1
843 43 275 16 4483 1
844 42 299 26 10899 1
845 83 299 26 10899 1
846 23 280 25 6234 1
847 46 264 15 3259 1
848 91 264 15 3259 1
849 22 290 14 6054 1
850 43 281 20 2977 1
851 31 275 14 4223 1
852 23 292 18 4286 1
853 45 292 18 4286 1
854 67 292 18 4286 1
855 21 295 15 2409 1
856 2 296 16 3379 1
857 25 299 15 4339 1
858 3 294 25 9462 1
859 14 296 12 4145 1
860 21 280 19 5035 1
861 5 296 16 6395 1
862 70 276 15 4892 1
863 56 333 9 2331 1
864 22 302 23 10383 1
865 43 302 23 10383 1
866 64 302 23 10383 1
867 32 339 14 6894 1
868 27 331 10 3401 1
869 68 338 24 4183 1
870 43 329 33 11101 1
871 45 318 16 6042 1
872 89 318 16 6042 1
873 26 306 20 4847 1
874 17 331 23 8120 1
875 33 331 23 8120 1
876 49 331 23 8120 1
877 3 316 28 8794 1
878 47 316 15 2610 1
879 64 329 10 2003 1
880 55 302 5 1542 1
881 25 336 16 5408 1
882 49 336 16 5408 1
883 62 316 17 4819 1
884 23 334 16 4270 1
885 71 306 14 4260 1
886 25 329 17 7771 1
887 66 333 20 7427 1
888 27 339 10 3191 1
889 52 316 18 6703 1
890 47 318 20 6772 1
891 45 316 17 5406 1
892 51 333 40 15198 1
893 27 332 22 10671 1
894 27 305 25 6474 1
895 23 335 19 3378 1
896 19 336 17 3102 1
897 25 339 14 2569 1
898 56 321 12 4567 1
899 111 321 12 4567 1
900 53 339 12 4920 1
901 25 334 20 8480 1
902 49 334 20 8480 1
903 99 318 12 4746 1
904 65 325 11 1898 1
905 24 340 24 10051 1
906 13 336 23 6677 1
907 21 337 21 4988 1
908 27 340 25 10654 1
909 26 329 17 3327 1
910 26 325 22 5510 1
911 48 338 6 1985 1
912 26 329 32 5891 1
913 26 336 18 6196 1
914 19 302 19 4902 1
915 26 305 13 4094 1
916 67 340 15 3711 1
917 40 306 13 4668 1
918 79 306 13 4668 1
919 118 306 13 4668 1
920 17 318 24 9121 1
921 33 318 24 9121 1
922 3 332 16 6687 1
923 55 316 8 2604 1
924 28 329 17 4073 1
925 16 306 22 9885 1
926 20 316 29 6771 1
927 27 339 23 6259 1
928 53 339 23 6259 1
929 21 321 25 7579 1
930 28 338 19 6627 1
931 71 334 16 4360 1
932 30 333 19 8453 1
933 63 332 26 12426 1
934 125 332 26 12426 1
935 2 318 20 3559 1
936 3 334 15 6277 1
937 58 319 16 4340 1
938 22 302 20 6583 1
939 17 325 18 6185 1
940 17 325 30 7584 1
941 14 333 19 4186 1
942 28 323 15 7026 1
943 24 305 23 8559 1
944 66 334 17 3475 1
945 131 334 17 3475 1
946 68 329 31 10238 1
947 25 329 22 8375 1
948 33 305 28 4960 1
949 2 333 14 2764 1
950 22 338 18 4280 1
951 26 319 10 2102 1
952 41 305 12 5111 1
953 71 340 14 5036 1
954 64 367 14 5274 1
955 99 349 18 7882 1
956 27 396 23 5963 1
957 66 400 20 7474 1
958 19 347 17 4436 1
959 62 366 17 9273 1
960 123 366 17 9273 1
961 21 349 22 10149 1
962 78 369 24 9102 1
963 81 367 25 5175 1
964 20 365 11 4935 1
965 27 349 22 7401 1
966 84 369 23 6233 1
967 50 365 16 5556 1
968 28 400 15 7627 1
969 46 398 14 7425 1
970 36 364 27 10768 1
971 94 365 30 9628 1
972 28 366 19 7316 1
973 11 350 21 4091 1
974 29 400 19 4807 1
975 53 369 27 12713 1
976 50 398 27 11028 1
977 86 349 26 5326 1
978 99 350 13 6387 1
979 47 366 19 7852 1
980 20 365 26 6863 1
981 28 399 15 4197 1
982 64 350 17 8647 1
983 24 348 21 10225 1
984 57 347 30 11672 1
985 18 349 18 8432 1
986 51 364 27 9978 1
987 77 367 19 6414 1
988 57 400 26 13874 1
989 77 398 21 9099 1
990 80 364 34 12504 1
991 104 351 24 8367 1
992 30 353 21 4242 1
993 59 353 21 4242 1
994 16 353 22 4977 1
995 31 353 22 4977 1
996 47 353 23 10427 1
997 18 399 17 4065 1
998 50 396 30 9542 1
999 79 364 26 8358 1
1000 59 364 18 7344 1
1001 29 364 21 5310 1
1002 16 347 30 13797 1
1003 28 349 16 3101 1
1004 69 367 25 12391 1
1005 88 369 15 6714 1
1006 54 398 27 15310 1
1007 26 369 23 7799 1
1008 46 353 17 8505 1
1009 29 365 18 7085 1
1010 64 367 27 12275 1
1011 85 348 22 7027 1
1012 169 348 22 7027 1
1013 53 369 24 7446 1
1014 25 348 36 11656 1
1015 78 348 16 6382 1
1016 86 366 18 3566 1
1017 47 368 32 15553 1
1018 108 368 29 9702 1
1019 24 347 19 6380 1
1020 68 350 25 9525 1
1021 25 365 24 12482 1
1022 87 400 21 10004 1
1023 52 369 13 2903 1
1024 29 364 16 4504 1
1025 66 347 31 11474 1
1026 28 347 17 6010 1
1027 28 351 30 14236 1
1028 55 351 30 14236 1
1029 25 369 24 5889 1
1030 26 367 36 8164 1
1031 104 396 36 18018 1
1032 30 368 8 1734 1
1033 49 348 18 7816 1
1034 62 347 22 5012 1
1035 79 365 27 11633 1
1036 82 367 25 13198 1
1037 50 396 25 9036 1
40
235 400 530 450 480 440 440 544 580 580 580 540 600 610 575 660 450 450 375 450 450 600 600 600 400 426 500 500 500 500 500 500 600 600 600 400 400 600 425 425 