1037
1 3 133 19 2004 1
2 46 140 16 1325 1
3 21 181 25 6169 1
4 7 144 11 1914 1
5 6 170 19 2522 1
6 11 170 19 2522 1
7 3 141 9 1268 1
8 17 169 8 962 1
9 7 172 20 2527 1
10 13 172 20 2527 1
11 19 172 20 2527 1
12 22 120 11 1940 1
13 16 154 16 2369 1
14 5 178 14 1364 1
15 3 163 10 2006 1
16 5 163 10 2006 1
17 7 163 10 2006 1
18 9 163 10 2006 1
19 8 184 15 1752 1
20 16 126 11 755 1
21 23 140 17 1774 1
22 45 140 17 1774 1
23 24 163 18 2546 1
24 47 163 18 2546 1
25 28 181 16 1663 1
26 55 181 16 1663 1
27 82 181 16 1663 1
28 7 170 9 1386 1
29 13 170 9 1386 1
30 5 170 16 1840 1
31 13 170 15 3019 1
32 10 147 12 1435 1
33 5 177 17 1554 1
34 9 177 17 1554 1
35 17 175 19 3967 1
36 30 178 10 1804 1
37 89 155 10 1170 1
38 16 170 8 1080 1
39 12 141 8 1608 1
40 23 141 8 1608 1
41 46 154 12 1015 1
42 4 113 10 944 1
43 10 158 23 4652 1
44 11 91 7 844 1
45 16 165 16 1487 1
46 31 165 16 1487 1
47 1 101 16 1840 1
48 1 101 16 1840 1
49 1 101 16 1840 1
50 10 149 17 2365 1
51 11 113 7 537 1
52 21 113 7 537 1
53 31 113 7 537 1
54 5 184 16 3510 1
55 9 184 16 3510 1
56 11 101 14 1821 1
57 21 101 14 1821 1
58 14 113 13 763 1
59 44 137 12 1086 1
60 16 170 16 3167 1
61 12 157 11 1991 1
62 23 157 11 1991 1
63 7 158 13 2463 1
64 7 157 15 3050 1
65 13 157 15 3050 1
66 19 157 15 3050 1
67 25 157 15 3050 1
68 31 157 15 3050 1
69 7 187 8 1830 1
70 13 187 8 1830 1
71 15 149 4 777 1
72 20 135 28 3479 1
73 39 135 28 3479 1
74 7 181 28 6980 1
75 8 121 18 1308 1
76 15 121 18 1308 1
77 7 171 15 2167 1
78 5 169 18 3491 1
79 7 166 20 4604 1
80 2 120 6 457 1
81 16 125 9 1322 1
82 31 125 9 1322 1
83 15 184 15 3866 1
84 29 184 15 3866 1
85 5 191 27 3201 1
86 9 191 27 3201 1
87 13 191 27 3201 1
88 94 188 16 4012 1
89 6 163 17 3594 1
90 11 163 17 3594 1
91 7 101 12 1402 1
92 13 101 12 1402 1
93 19 101 12 1402 1
94 16 176 2 330 1
95 8 163 18 4365 1
96 15 163 18 4365 1
97 15 121 13 1104 1
98 15 134 8 1447 1
99 2 137 19 3885 1
100 109 172 21 2313 1
101 16 189 21 3996 1
102 14 166 18 2258 1
103 27 166 18 2258 1
104 40 166 18 2258 1
105 9 125 21 1643 1
106 17 125 21 1643 1
107 25 125 21 1643 1
108 33 125 21 1643 1
109 41 125 21 1643 1
110 49 125 21 1643 1
111 10 172 20 3851 1
112 10 134 8 1309 1
113 4 162 19 1897 1
114 7 162 19 1897 1
115 66 148 10 1227 1
116 28 101 14 1720 1
117 8 173 30 2917 1
118 14 134 12 1968 1
119 18 157 17 1371 1
120 9 144 16 1753 1
121 17 144 16 1753 1
122 18 184 20 5505 1
123 35 184 20 5505 1
124 5 180 24 2959 1
125 2 159 10 2102 1
126 10 122 13 1880 1
127 19 122 13 1880 1
128 28 122 13 1880 1
129 6 170 21 4958 1
130 5 166 14 2311 1
131 8 140 26 2117 1
132 9 125 26 4855 1
133 17 125 26 4855 1
134 25 125 26 4855 1
135 16 130 19 3457 1
136 7 184 23 6170 1
137 8 137 8 1133 1
138 14 157 26 3881 1
139 5 178 16 1960 1
140 18 101 8 1091 1
141 35 101 8 1091 1
142 4 144 6 855 1
143 7 144 6 855 1
144 6 185 17 2262 1
145 20 137 11 1935 1
146 28 191 24 2670 1
147 55 191 24 2670 1
148 82 191 24 2670 1
149 109 191 24 2670 1
150 9 187 13 1278 1
151 21 187 34 7010 1
152 3 135 18 2488 1
153 5 135 18 2488 1
154 32 165 9 749 1
155 6 152 25 4402 1
156 11 152 25 4402 1
157 16 152 25 4402 1
158 21 152 25 4402 1
159 26 152 25 4402 1
160 31 152 25 4402 1
161 36 152 25 4402 1
162 41 152 25 4402 1
163 46 152 25 4402 1
164 5 133 19 2072 1
165 9 133 19 2072 1
166 13 133 19 2072 1
167 17 133 19 2072 1
168 24 162 14 2268 1
169 47 162 14 2268 1
170 18 141 16 1472 1
171 35 141 16 1472 1
172 52 141 16 1472 1
173 69 141 16 1472 1
174 15 185 19 3092 1
175 4 183 23 5439 1
176 20 167 14 2295 1
177 3 168 18 2041 1
178 5 168 18 2041 1
179 10 182 14 2695 1
180 9 125 13 1876 1
181 17 137 12 2093 1
182 33 137 12 2093 1
183 26 125 5 789 1
184 51 125 5 789 1
185 16 171 23 4579 1
186 57 185 34 8376 1
187 10 177 18 2421 1
188 2 150 18 2267 1
189 4 163 17 1431 1
190 7 163 17 1431 1
191 10 163 17 1431 1
192 3 152 14 1921 1
193 9 134 10 923 1
194 9 135 14 2239 1
195 17 135 14 2239 1
196 10 159 24 2239 1
197 19 159 24 2239 1
198 28 159 24 2239 1
199 37 159 24 2239 1
200 8 154 15 3464 1
201 15 154 15 3464 1
202 5 116 15 1239 1
203 2 170 10 1353 1
204 4 166 16 2843 1
205 26 158 8 729 1
206 51 158 8 729 1
207 15 155 13 1548 1
208 29 155 13 1548 1
209 74 91 7 739 1
210 19 152 13 1753 1
211 12 113 19 2238 1
212 3 158 9 722 1
213 5 158 9 722 1
214 17 169 17 2904 1
215 5 165 17 1925 1
216 24 122 20 2345 1
217 10 145 10 2037 1
218 19 145 10 2037 1
219 13 134 12 1922 1
220 5 181 17 3276 1
221 9 181 17 3276 1
222 15 134 23 2334 1
223 8 180 39 4032 1
224 8 180 13 3295 1
225 9 141 13 2526 1
226 21 143 10 1218 1
227 41 143 10 1218 1
228 8 157 17 2667 1
229 16 158 15 1896 1
230 4 126 12 1597 1
231 7 126 12 1597 1
232 14 169 32 3904 1
233 27 169 32 3904 1
234 21 174 14 3649 1
235 30 175 20 3420 1
236 59 175 20 3420 1
237 15 159 20 1677 1
238 29 159 20 1677 1
239 5 122 7 830 1
240 4 131 13 887 1
241 7 131 13 887 1
242 15 137 19 1770 1
243 6 144 16 1314 1
244 7 175 16 1436 1
245 13 175 16 1436 1
246 19 175 16 1436 1
247 25 175 16 1436 1
248 31 175 16 1436 1
249 37 175 16 1436 1
250 43 175 16 1436 1
251 49 175 16 1436 1
252 7 191 24 3748 1
253 13 191 24 3748 1
254 7 121 16 2394 1
255 13 121 16 2394 1
256 19 121 16 2394 1
257 25 121 16 2394 1
258 31 121 16 2394 1
259 37 121 16 2394 1
260 43 121 16 2394 1
261 20 149 17 3608 1
262 87 116 8 800 1
263 12 122 10 1637 1
264 23 172 25 2917 1
265 45 172 25 2917 1
266 14 185 24 6225 1
267 5 173 22 5446 1
268 16 122 11 1511 1
269 9 140 10 1003 1
270 4 168 6 1030 1
271 5 112 16 2602 1
272 9 112 16 2602 1
273 13 112 10 1538 1
274 25 112 10 1538 1
275 37 112 10 1538 1
276 49 112 10 1538 1
277 2 173 22 3685 1
278 14 177 18 1930 1
279 16 155 16 3464 1
280 30 143 28 4932 1
281 15 165 25 5625 1
282 23 145 24 3559 1
283 6 173 5 1236 1
284 17 144 14 2006 1
285 16 130 13 1118 1
286 2 133 16 2234 1
287 3 133 16 2234 1
288 8 176 17 1660 1
289 15 176 17 1660 1
290 4 180 19 1973 1
291 7 180 19 1973 1
292 17 143 19 3381 1
293 33 143 19 3381 1
294 11 189 13 3539 1
295 21 189 13 3539 1
296 31 189 13 3539 1
297 41 189 13 3539 1
298 51 189 13 3539 1
299 10 135 13 2113 1
300 11 191 22 3448 1
301 10 185 22 4613 1
302 19 185 22 4613 1
303 77 167 23 3693 1
304 22 147 18 1496 1
305 43 147 18 1496 1
306 7 163 14 1708 1
307 13 163 14 1708 1
308 19 163 14 1708 1
309 25 163 14 1708 1
310 31 163 14 1708 1
311 2 143 14 2394 1
312 8 91 10 1176 1
313 6 169 17 1783 1
314 13 135 15 1837 1
315 1 182 24 6035 1
316 11 122 9 1065 1
317 16 152 24 2872 1
318 8 182 12 3144 1
319 15 120 15 1943 1
320 8 170 15 2719 1
321 15 170 15 2719 1
322 7 150 10 1209 1
323 10 112 7 1029 1
324 19 112 7 1029 1
325 28 112 7 1029 1
326 37 112 7 1029 1
327 14 163 18 1889 1
328 19 158 17 2068 1
329 8 143 28 3875 1
330 15 143 28 3875 1
331 5 168 15 1519 1
332 9 168 15 1519 1
333 8 144 5 631 1
334 7 126 12 1429 1
335 13 126 12 1429 1
336 19 162 10 1403 1
337 12 130 16 1763 1
338 3 181 13 2360 1
339 5 181 13 2360 1
340 7 181 13 2360 1
341 9 181 13 2360 1
342 8 91 9 1057 1
343 15 130 7 994 1
344 19 168 17 3079 1
345 3 134 16 2671 1
346 3 121 17 1701 1
347 5 121 17 1701 1
348 12 122 14 2104 1
349 11 147 11 1784 1
350 16 144 12 2369 1
351 8 169 17 3975 1
352 15 169 17 3975 1
353 8 152 21 3897 1
354 16 184 26 3509 1
355 8 145 10 1366 1
356 15 145 10 1366 1
357 22 145 10 1366 1
358 4 171 17 3935 1
359 7 171 17 3935 1
360 10 171 17 3935 1
361 13 171 17 3935 1
362 16 177 10 1153 1
363 4 181 17 4362 1
364 1 116 12 1848 1
365 8 177 9 1022 1
366 7 152 7 1533 1
367 18 158 18 2283 1
368 16 168 13 3066 1
369 4 170 16 1564 1
370 10 178 28 4774 1
371 19 178 28 4774 1
372 18 87 8 793 1
373 11 176 31 3551 1
374 21 176 31 3551 1
375 31 176 31 3551 1
376 9 126 11 1227 1
377 17 126 11 1227 1
378 25 126 11 1227 1
379 5 87 14 1536 1
380 25 140 7 1141 1
381 4 171 33 3263 1
382 7 171 33 3263 1
383 6 159 19 2844 1
384 11 159 19 2844 1
385 16 159 19 2844 1
386 2 126 11 799 1
387 3 126 11 799 1
388 9 172 15 1637 1
389 11 171 23 4568 1
390 12 133 15 1600 1
391 3 146 14 1286 1
392 5 146 14 1286 1
393 9 130 11 1974 1
394 17 130 11 1974 1
395 17 170 14 2984 1
396 16 174 24 4253 1
397 3 148 17 2369 1
398 20 188 29 6415 1
399 39 188 29 6415 1
400 58 188 29 6415 1
401 77 188 29 6415 1
402 5 188 13 1374 1
403 7 116 8 910 1
404 8 168 7 1110 1
405 15 187 18 4701 1
406 5 121 23 2570 1
407 17 122 3 247 1
408 38 196 16 4646 1
409 16 196 18 5141 1
410 9 193 23 4487 1
411 29 194 14 3945 1
412 8 195 14 2480 1
413 15 195 14 2480 1
414 22 195 14 2480 1
415 9 195 8 1801 1
416 8 196 15 3546 1
417 9 194 21 3627 1
418 17 194 21 3627 1
419 2 195 17 3248 1
420 8 196 19 4089 1
421 9 197 14 2982 1
422 9 196 21 4789 1
423 17 196 21 4789 1
424 8 195 11 3124 1
425 23 193 29 6439 1
426 8 196 22 4994 1
427 15 196 22 4994 1
428 7 193 25 3174 1
429 23 194 9 1165 1
430 15 196 9 2070 1
431 2 195 20 4418 1
432 8 195 12 2518 1
433 15 195 12 2518 1
434 10 193 17 3254 1
435 16 195 15 2672 1
436 9 194 11 2015 1
437 23 217 19 3084 1
438 9 208 14 3319 1
439 10 200 14 2611 1
440 19 200 14 2611 1
441 10 223 14 3007 1
442 19 223 14 3007 1
443 28 223 14 3007 1
444 2 213 3 689 1
445 3 213 3 689 1
446 9 202 16 3909 1
447 17 202 16 3909 1
448 25 202 16 3909 1
449 33 202 16 3909 1
450 41 202 16 3909 1
451 49 202 16 3909 1
452 57 202 16 3909 1
453 2 222 14 3894 1
454 28 208 18 4783 1
455 42 213 13 2631 1
456 45 213 15 3754 1
457 11 221 19 3859 1
458 8 220 6 1649 1
459 34 224 10 3299 1
460 122 200 19 2480 1
461 9 221 15 4845 1
462 46 223 17 4768 1
463 27 224 21 3488 1
464 25 202 15 2803 1
465 8 209 13 1725 1
466 15 209 13 1725 1
467 22 209 13 1725 1
468 3 208 10 1353 1
469 6 201 17 2371 1
470 11 201 17 2371 1
471 16 201 17 2371 1
472 21 201 17 2371 1
473 26 201 17 2371 1
474 11 226 11 2390 1
475 8 210 10 2712 1
476 15 210 10 2712 1
477 22 210 10 2712 1
478 34 224 12 3306 1
479 10 202 6 648 1
480 34 202 15 4155 1
481 9 210 9 1125 1
482 17 210 9 1125 1
483 25 210 9 1125 1
484 7 202 13 2791 1
485 8 226 16 1856 1
486 15 226 16 1856 1
487 22 209 19 2935 1
488 10 222 16 2274 1
489 37 222 13 3838 1
490 17 217 27 4751 1
491 33 217 27 4751 1
492 15 226 14 2919 1
493 2 200 16 2605 1
494 42 201 14 1763 1
495 27 221 6 1852 1
496 53 221 6 1852 1
497 9 201 10 1536 1
498 17 201 10 1536 1
499 7 216 24 6175 1
500 56 221 13 2547 1
501 12 211 13 3510 1
502 8 211 16 2307 1
503 8 216 16 3530 1
504 8 213 10 2194 1
505 22 201 14 3816 1
506 29 220 20 5269 1
507 47 198 19 4760 1
508 26 213 14 2492 1
509 51 213 14 2492 1
510 76 213 14 2492 1
511 41 211 17 4816 1
512 16 212 11 3158 1
513 25 199 15 4112 1
514 8 199 15 3441 1
515 15 199 15 3441 1
516 22 199 15 3441 1
517 29 199 15 3441 1
518 53 223 17 2744 1
519 53 223 11 2272 1
520 9 208 20 3102 1
521 7 199 14 2917 1
522 8 226 13 1868 1
523 15 226 13 1868 1
524 22 226 13 1868 1
525 29 226 13 1868 1
526 27 213 12 1679 1
527 53 213 12 1679 1
528 28 226 24 7100 1
529 24 220 15 2692 1
530 25 216 16 2077 1
531 6 209 15 3464 1
532 21 220 12 3511 1
533 36 200 4 674 1
534 71 200 4 674 1
535 31 210 20 3177 1
536 61 210 20 3177 1
537 34 202 12 2339 1
538 5 216 15 3513 1
539 44 213 17 4024 1
540 9 224 20 6242 1
541 10 222 8 2529 1
542 24 199 14 4150 1
543 15 220 9 1124 1
544 9 220 13 2383 1
545 64 211 11 1464 1
546 6 200 16 2546 1
547 3 211 18 4594 1
548 12 199 12 2573 1
549 11 217 18 4135 1
550 21 224 10 1305 1
551 16 212 12 1709 1
552 9 209 13 3532 1
553 32 208 9 1069 1
554 7 226 25 8333 1
555 14 198 16 2571 1
556 24 201 13 2179 1
557 2 200 18 2163 1
558 5 212 13 2208 1
559 23 221 16 2884 1
560 45 221 16 2884 1
561 67 221 16 2884 1
562 14 231 12 2733 1
563 27 231 12 2733 1
564 3 262 20 5390 1
565 24 229 16 2528 1
566 6 245 12 2381 1
567 7 235 13 2361 1
568 13 235 13 2361 1
569 19 235 13 2361 1
570 22 229 19 4579 1
571 65 263 11 4323 1
572 4 250 15 5506 1
573 7 250 15 5506 1
574 34 228 4 1004 1
575 17 245 9 2119 1
576 16 259 4 1479 1
577 29 260 20 4672 1
578 29 228 12 3491 1
579 5 256 21 4012 1
580 5 255 17 2963 1
581 46 252 18 5703 1
582 42 228 11 2741 1
583 31 250 13 4668 1
584 32 239 16 5556 1
585 52 242 9 3226 1
586 52 242 21 5664 1
587 103 242 21 5664 1
588 5 252 7 2200 1
589 2 229 15 4182 1
590 6 228 12 3412 1
591 5 227 2 509 1
592 36 259 21 4522 1
593 39 260 27 8984 1
594 77 260 27 8984 1
595 27 240 9 1973 1
596 20 250 23 3233 1
597 20 261 20 7377 1
598 39 261 20 7377 1
599 58 261 20 7377 1
600 77 261 20 7377 1
601 22 232 21 2834 1
602 59 256 15 5285 1
603 29 239 15 3754 1
604 17 252 16 4884 1
605 36 232 12 3175 1
606 1 227 11 1269 1
607 55 231 9 1990 1
608 23 229 10 1899 1
609 30 227 16 3733 1
610 9 241 7 1761 1
611 17 241 7 1761 1
612 25 247 14 2923 1
613 6 228 25 3501 1
614 79 227 13 2187 1
615 4 239 11 3730 1
616 3 261 13 2814 1
617 34 235 4 755 1
618 25 240 11 2907 1
619 22 239 20 2397 1
620 23 262 8 1921 1
621 15 228 15 3623 1
622 22 231 15 3378 1
623 20 260 26 4310 1
624 23 250 16 2523 1
625 6 242 14 3007 1
626 65 260 5 1528 1
627 36 236 12 3702 1
628 13 262 22 4712 1
629 6 231 9 1110 1
630 39 245 21 3748 1
631 23 228 17 4949 1
632 5 239 17 4266 1
633 72 261 16 5386 1
634 24 235 30 9227 1
635 32 242 14 4768 1
636 36 256 18 5816 1
637 23 236 11 2937 1
638 32 231 20 4697 1
639 36 231 11 3580 1
640 16 227 18 5475 1
641 6 250 16 5346 1
642 11 250 16 5346 1
643 20 237 14 3908 1
644 39 237 14 3908 1
645 58 237 14 3908 1
646 22 250 10 2655 1
647 25 245 11 1977 1
648 28 242 11 1793 1
649 3 235 9 1810 1
650 23 262 15 5382 1
651 34 262 22 6426 1
652 15 255 15 4219 1
653 24 252 13 4016 1
654 10 241 21 6620 1
655 18 259 15 4272 1
656 40 241 9 2253 1
657 6 252 15 4574 1
658 53 255 24 6524 1
659 52 241 24 7253 1
660 29 259 6 1440 1
661 8 242 8 1091 1
662 26 236 20 2837 1
663 68 236 10 2190 1
664 44 250 10 2904 1
665 25 231 11 3121 1
666 29 242 13 2077 1
667 26 255 13 1982 1
668 3 228 21 6011 1
669 24 235 12 2198 1
670 33 245 15 3956 1
671 65 245 15 3956 1
672 64 260 17 3804 1
673 13 245 20 4735 1
674 9 228 20 4390 1
675 38 247 22 5369 1
676 2 232 13 3715 1
677 50 239 5 1142 1
678 14 255 20 5836 1
679 9 255 24 3113 1
680 34 235 8 2435 1
681 21 241 17 5031 1
682 22 232 11 3085 1
683 43 232 11 3085 1
684 34 281 7 1307 1
685 9 296 28 6598 1
686 6 294 20 2944 1
687 13 267 17 3667 1
688 22 272 20 5349 1
689 111 269 12 3004 1
690 221 269 12 3004 1
691 7 283 11 3445 1
692 13 283 11 3445 1
693 19 283 11 3445 1
694 74 269 13 3250 1
695 55 301 7 2096 1
696 21 281 12 2341 1
697 34 264 10 2889 1
698 17 270 12 3762 1
699 33 270 12 3762 1
700 49 270 12 3762 1
701 28 276 17 4365 1
702 21 266 19 6153 1
703 23 264 17 6231 1
704 38 275 17 6952 1
705 50 283 25 6131 1
706 24 296 17 5923 1
707 16 279 16 6080 1
708 28 270 10 1439 1
709 23 272 14 4766 1
710 45 272 14 4766 1
711 23 271 15 3791 1
712 19 283 2 369 1
713 69 267 19 3367 1
714 21 269 2 272 1
715 41 269 2 272 1
716 2 271 12 2016 1
717 32 280 24 5218 1
718 2 300 24 6382 1
719 22 268 22 5200 1
720 43 268 22 5200 1
721 64 268 22 5200 1
722 43 266 17 5774 1
723 28 290 23 6936 1
724 22 265 17 2342 1
725 25 270 8 1380 1
726 25 302 22 4662 1
727 27 270 12 2181 1
728 6 280 16 6362 1
729 1 281 22 3259 1
730 49 265 15 3577 1
731 22 276 10 1576 1
732 18 283 12 2404 1
733 25 292 14 3474 1
734 43 276 15 5185 1
735 14 269 22 7620 1
736 55 296 15 6551 1
737 29 300 14 2723 1
738 57 300 14 2723 1
739 23 270 24 6505 1
740 4 269 11 2092 1
741 7 269 11 2092 1
742 24 264 13 3582 1
743 24 271 22 3872 1
744 47 271 22 3872 1
745 70 271 22 3872 1
746 18 294 19 4924 1
747 59 264 15 3098 1
748 28 276 12 4693 1
749 7 299 8 1676 1
750 58 294 16 3922 1
751 23 293 13 4906 1
752 21 300 26 10637 1
753 24 271 21 6710 1
754 79 265 14 4285 1
755 22 267 11 2422 1
756 15 280 21 7482 1
757 18 269 16 5360 1
758 29 268 15 4639 1
759 65 270 18 2785 1
760 40 264 15 4387 1
761 27 271 19 5052 1
762 14 279 24 5041 1
763 27 279 24 5041 1
764 40 279 24 5041 1
765 13 270 17 2816 1
766 25 270 17 2816 1
767 72 280 16 3816 1
768 27 271 17 4366 1
769 2 269 17 5252 1
770 46 269 14 2572 1
771 69 272 19 7384 1
772 26 277 15 4435 1
773 8 277 18 4744 1
774 15 277 18 4744 1
775 25 292 26 4965 1
776 23 283 26 10973 1
777 55 281 17 4435 1
778 20 271 10 2975 1
779 17 283 8 1397 1
780 33 283 8 1397 1
781 49 283 8 1397 1
782 65 283 8 1397 1
783 81 283 8 1397 1
784 8 272 19 6164 1
785 57 285 18 7547 1
786 2 300 20 8450 1
787 9 267 34 6130 1
788 17 267 34 6130 1
789 39 295 27 6220 1
790 23 299 28 5870 1
791 45 299 28 5870 1
792 54 281 10 2949 1
793 79 269 8 1567 1
794 12 290 10 4097 1
795 23 290 10 4097 1
796 34 290 10 4097 1
797 45 290 10 4097 1
798 24 290 18 6615 1
799 47 290 18 6615 1
800 70 290 18 6615 1
801 93 290 18 6615 1
802 38 296 13 3429 1
803 3 290 12 3273 1
804 24 271 14 2874 1
805 24 280 26 4882 1
806 56 276 3 980 1
807 111 276 3 980 1
808 42 272 11 4155 1
809 87 277 19 7080 1
810 22 293 13 4560 1
811 23 272 17 5771 1
812 21 276 7 2544 1
813 7 281 15 5298 1
814 13 281 15 5298 1
815 25 296 21 4899 1
816 37 269 13 3471 1
817 73 269 13 3471 1
818 11 279 23 8038 1
819 21 279 23 8038 1
820 76 275 14 4382 1
821 151 275 14 4382 1
822 226 275 14 4382 1
823 19 269 20 5610 1
824 38 295 12 3110 1
825 39 266 15 5264 1
826 77 266 15 5264 1
827 85 296 16 5153 1
828 18 277 5 762 1
829 35 277 5 762 1
830 38 296 18 6311 1
831 75 296 18 6311 1
832 25 266 15 4929 1
833 24 269 17 6558 1
834 61 294 20 7785 1
835 4 296 17 3941 1
836 175 285 16 4752 1
837 24 300 16 3131 1
838 28 272 9 3227 1
839 47 300 18 5707 1
840 47 302 28 8573 1
841 24 285 31 9240 1
842 25 275 13 2724 1
843 49 275 13 2724 1
844 5 294 17 3788 1
845 27 269 14 4514 1
846 53 269 14 4514 1
847 19 301 22 9892 1
848 8 278 16 3182 1
849 21 295 12 3007 1
850 3 264 11 3707 1
851 1 280 7 2713 1
852 1 280 7 2713 1
853 7 271 20 7308 1
854 5 270 17 3148 1
855 9 270 17 3148 1
856 7 278 17 6817 1
857 25 268 15 5653 1
858 22 283 11 3867 1
859 92 292 16 3324 1
860 77 275 10 3954 1
861 23 278 8 1858 1
862 17 280 19 5037 1
863 56 340 22 9688 1
864 73 321 11 2582 1
865 64 334 7 1269 1
866 30 319 13 5951 1
867 52 316 13 3747 1
868 74 331 7 3381 1
869 147 331 7 3381 1
870 29 305 15 3595 1
871 69 334 11 4801 1
872 2 318 12 5571 1
873 49 323 15 3004 1
874 35 333 16 5940 1
875 69 333 16 5940 1
876 18 316 12 4145 1
877 42 304 12 3378 1
878 48 325 8 3237 1
879 21 337 25 12476 1
880 48 305 9 1900 1
881 19 331 17 4932 1
882 57 338 20 7883 1
883 66 323 26 8467 1
884 29 319 21 4178 1
885 19 302 12 1934 1
886 29 337 25 7451 1
887 57 337 25 7451 1
888 85 337 25 7451 1
889 113 337 25 7451 1
890 13 331 21 9744 1
891 30 335 15 7096 1
892 25 340 20 3702 1
893 15 338 34 10931 1
894 17 338 22 9426 1
895 19 304 10 2865 1
896 25 319 14 4939 1
897 16 302 26 7729 1
898 31 302 26 7729 1
899 24 332 33 12316 1
900 46 331 17 8230 1
901 27 335 13 4608 1
902 53 335 13 4608 1
903 27 335 32 13634 1
904 53 335 32 13634 1
905 54 319 10 2536 1
906 43 321 25 9676 1
907 55 325 23 10701 1
908 60 318 19 6111 1
909 66 331 12 2772 1
910 131 331 12 2772 1
911 70 336 17 7335 1
912 27 304 12 2624 1
913 53 304 12 2624 1
914 52 323 18 5864 1
915 54 339 12 5548 1
916 228 340 26 10916 1
917 32 339 23 6957 1
918 63 339 23 6957 1
919 49 304 23 4768 1
920 13 331 19 7924 1
921 68 306 17 3294 1
922 26 319 16 5721 1
923 22 333 36 7906 1
924 27 336 24 10675 1
925 26 304 14 2722 1
926 51 304 14 2722 1
927 50 319 21 6577 1
928 27 337 13 5294 1
929 67 331 9 1492 1
930 74 304 17 3907 1
931 67 333 13 3858 1
932 23 332 12 4197 1
933 40 340 18 8018 1
934 22 304 10 4213 1
935 24 316 21 3946 1
936 29 331 14 5368 1
937 83 334 25 10135 1
938 54 340 16 7489 1
939 112 332 14 3905 1
940 223 332 14 3905 1
941 28 333 10 2117 1
942 59 329 27 10050 1
943 19 316 13 4709 1
944 20 321 19 5373 1
945 20 333 17 6988 1
946 54 336 25 6978 1
947 61 302 9 3031 1
948 19 306 9 1981 1
949 37 306 9 1981 1
950 19 306 14 2904 1
951 37 306 14 2904 1
952 41 306 21 3541 1
953 63 332 15 5864 1
954 23 367 24 6672 1
955 84 366 23 7348 1
956 53 396 26 8923 1
957 24 353 28 9434 1
958 54 368 20 7091 1
959 53 366 21 4178 1
960 29 396 25 11742 1
961 19 366 27 5073 1
962 24 369 27 9668 1
963 113 399 25 10389 1
964 24 347 13 4665 1
965 77 400 23 10649 1
966 37 365 20 9422 1
967 50 367 14 5781 1
968 77 398 22 8280 1
969 55 367 32 15744 1
970 50 348 19 4152 1
971 60 366 28 8524 1
972 47 399 17 8195 1
973 54 348 18 7633 1
974 78 396 19 10660 1
975 101 348 17 5228 1
976 54 353 12 4899 1
977 21 366 15 5327 1
978 18 364 16 5030 1
979 47 351 27 7406 1
980 20 348 29 14287 1
981 28 367 18 3631 1
982 47 347 1 331 1
983 48 347 27 9290 1
984 95 347 27 9290 1
985 86 365 24 8933 1
986 66 368 20 9223 1
987 51 348 20 3612 1
988 49 365 14 5743 1
989 46 367 23 11214 1
990 49 351 24 6063 1
991 55 367 28 14943 1
992 109 367 28 14943 1
993 59 365 21 10480 1
994 60 399 30 7378 1
995 33 348 20 6188 1
996 51 350 17 3689 1
997 50 351 23 6952 1
998 99 351 23 6952 1
999 45 368 22 9342 1
1000 28 369 16 7547 1
1001 20 364 20 6757 1
1002 64 400 24 5257 1
1003 86 399 40 12961 1
1004 54 396 28 12315 1
1005 118 349 21 6422 1
1006 67 369 43 9199 1
1007 25 399 28 7405 1
1008 100 396 27 11152 1
1009 49 364 20 8230 1
1010 97 364 20 8230 1
1011 78 368 22 8103 1
1012 132 364 29 9110 1
1013 50 368 29 6769 1
1014 78 398 31 11782 1
1015 61 350 21 7623 1
1016 31 365 17 3924 1
1017 51 399 21 10761 1
1018 54 347 32 11882 1
1019 50 365 21 7913 1
1020 64 367 36 12210 1
1021 55 348 26 9460 1
1022 51 367 23 9657 1
1023 46 398 13 6019 1
1024 78 369 26 11074 1
1025 155 369 26 11074 1
1026 100 350 30 8085 1
1027 22 364 20 7763 1
1028 176 351 7 1721 1
1029 18 398 33 11542 1
1030 18 350 24 6122 1
1031 49 351 21 7979 1
1032 22 400 16 6628 1
1033 21 367 18 9772 1
1034 47 353 28 14381 1
1035 62 350 19 8131 1
1036 20 399 22 8313 1
1037 54 348 21 8197 1
40
235 400 530 450 480 440 440 544 580 580 580 540 600 610 575 660 450 450 375 450 450 600 600 600 400 426 500 500 500 500 500 500 600 600 600 400 400 600 425 425 