1037
1 7 185 11 1718 1
2 13 185 11 1718 1
3 8 116 11 1601 1
4 15 116 11 1601 1
5 22 116 11 1601 1
6 6 143 21 4088 1
7 11 143 21 4088 1
8 16 180 8 1034 1
9 27 166 19 2749 1
10 7 172 11 2426 1
11 13 172 11 2426 1
12 19 172 11 2426 1
13 25 172 11 2426 1
14 20 177 17 2399 1
15 5 171 17 3394 1
16 16 113 14 2039 1
17 24 177 21 2856 1
18 6 135 6 580 1
19 19 187 19 3346 1
20 37 187 19 3346 1
21 10 159 9 1069 1
22 29 134 14 1763 1
23 57 134 14 1763 1
24 85 134 14 1763 1
25 23 148 17 1313 1
26 16 180 21 3855 1
27 25 125 15 950 1
28 49 125 15 950 1
29 7 143 10 958 1
30 23 137 13 1586 1
31 15 133 11 1773 1
32 19 169 14 2416 1
33 37 169 14 2416 1
34 6 140 27 5640 1
35 11 140 27 5640 1
36 16 140 27 5640 1
37 7 113 9 548 1
38 13 113 9 548 1
39 14 101 7 965 1
40 7 189 23 3082 1
41 13 189 23 3082 1
42 19 189 23 3082 1
43 7 152 14 2639 1
44 13 152 14 2639 1
45 19 152 14 2639 1
46 25 152 14 2639 1
47 31 152 14 2639 1
48 22 177 17 3608 1
49 9 112 11 1669 1
50 17 112 11 1669 1
51 25 112 11 1669 1
52 33 112 11 1669 1
53 41 112 11 1669 1
54 49 112 11 1669 1
55 57 112 11 1669 1
56 65 112 11 1669 1
57 32 185 17 4034 1
58 12 155 10 1079 1
59 23 155 10 1079 1
60 34 155 10 1079 1
61 45 155 10 1079 1
62 8 158 16 3690 1
63 17 146 15 1755 1
64 33 146 15 1755 1
65 14 191 23 6353 1
66 14 131 7 1131 1
67 9 185 24 4081 1
68 12 184 30 4972 1
69 23 184 30 4972 1
70 14 122 16 2477 1
71 5 178 16 3232 1
72 9 178 16 3232 1
73 13 178 16 3232 1
74 17 178 16 3232 1
75 16 122 5 881 1
76 26 147 17 2126 1
77 5 116 7 786 1
78 9 116 7 786 1
79 13 116 7 786 1
80 3 187 16 4146 1
81 5 187 16 4146 1
82 7 187 16 4146 1
83 11 113 8 733 1
84 21 113 8 733 1
85 31 113 8 733 1
86 6 87 14 1335 1
87 7 121 10 1073 1
88 7 171 17 3820 1
89 13 171 17 3820 1
90 19 171 17 3820 1
91 25 171 17 3820 1
92 11 182 16 3990 1
93 20 143 13 1740 1
94 10 140 22 1709 1
95 8 172 20 4092 1
96 15 172 20 4092 1
97 7 113 13 796 1
98 1 177 10 1905 1
99 15 187 22 3423 1
100 29 187 22 3423 1
101 6 146 19 2585 1
102 2 163 20 2013 1
103 3 163 20 2013 1
104 6 178 35 5007 1
105 15 145 17 1897 1
106 5 188 1 265 1
107 3 134 7 1231 1
108 6 121 10 1296 1
109 6 101 11 732 1
110 11 101 11 732 1
111 9 122 13 969 1
112 17 122 13 969 1
113 18 148 20 2996 1
114 11 170 24 3562 1
115 14 148 15 2697 1
116 7 188 8 801 1
117 13 188 8 801 1
118 7 181 17 4149 1
119 13 181 17 4149 1
120 7 187 23 2433 1
121 8 158 18 4149 1
122 10 163 20 2793 1
123 22 130 7 937 1
124 7 187 14 1817 1
125 1 168 6 701 1
126 16 188 26 3626 1
127 12 181 24 5379 1
128 6 182 3 714 1
129 16 113 12 924 1
130 9 189 25 3848 1
131 15 157 16 2361 1
132 15 157 4 902 1
133 12 191 13 2511 1
134 23 191 13 2511 1
135 11 122 10 1599 1
136 21 122 10 1599 1
137 10 166 14 2411 1
138 19 166 14 2411 1
139 28 166 14 2411 1
140 16 182 15 2848 1
141 112 137 12 1361 1
142 6 87 17 1319 1
143 11 87 17 1319 1
144 16 87 17 1319 1
145 21 87 17 1319 1
146 14 178 18 3793 1
147 9 146 21 2473 1
148 17 146 21 2473 1
149 5 149 11 834 1
150 3 176 36 3805 1
151 5 176 36 3805 1
152 7 176 36 3805 1
153 9 176 36 3805 1
154 11 176 36 3805 1
155 13 176 36 3805 1
156 15 176 36 3805 1
157 16 145 18 3759 1
158 23 163 16 2706 1
159 45 163 16 2706 1
160 15 152 32 2598 1
161 15 171 19 2374 1
162 14 116 9 1223 1
163 16 116 13 1135 1
164 4 133 10 1580 1
165 7 133 10 1580 1
166 10 133 10 1580 1
167 22 120 11 1786 1
168 43 120 11 1786 1
169 21 181 19 4799 1
170 41 181 19 4799 1
171 61 181 19 4799 1
172 3 174 17 3582 1
173 2 160 15 2401 1
174 3 181 16 3110 1
175 8 131 12 1539 1
176 5 91 3 188 1
177 15 159 9 1731 1
178 19 176 16 4057 1
179 13 149 5 401 1
180 9 155 10 1665 1
181 17 155 10 1665 1
182 7 176 13 2574 1
183 27 120 12 2041 1
184 9 181 6 1563 1
185 17 181 6 1563 1
186 25 181 6 1563 1
187 33 181 6 1563 1
188 41 181 6 1563 1
189 49 181 6 1563 1
190 57 181 6 1563 1
191 14 131 21 1716 1
192 27 131 21 1716 1
193 2 187 20 2900 1
194 11 184 7 1604 1
195 21 184 7 1604 1
196 31 184 7 1604 1
197 41 184 7 1604 1
198 4 144 19 2319 1
199 7 144 19 2319 1
200 8 130 7 983 1
201 15 130 7 983 1
202 5 150 10 1623 1
203 6 154 9 1629 1
204 11 154 9 1629 1
205 16 154 9 1629 1
206 21 154 9 1629 1
207 26 154 9 1629 1
208 31 154 9 1629 1
209 25 155 19 2017 1
210 49 155 19 2017 1
211 7 174 1 147 1
212 27 141 17 3517 1
213 53 141 17 3517 1
214 79 141 17 3517 1
215 105 141 17 3517 1
216 5 171 22 3907 1
217 21 145 18 3827 1
218 41 145 18 3827 1
219 61 145 18 3827 1
220 18 131 8 872 1
221 3 125 5 713 1
222 9 163 17 3703 1
223 3 133 13 1940 1
224 5 133 13 1940 1
225 30 131 9 1154 1
226 15 162 18 3672 1
227 29 162 18 3672 1
228 14 187 11 1983 1
229 19 166 25 5353 1
230 37 166 25 5353 1
231 55 166 25 5353 1
232 4 144 14 1049 1
233 8 135 10 1615 1
234 8 155 13 1372 1
235 15 155 13 1372 1
236 22 155 13 1372 1
237 8 180 15 3288 1
238 7 133 20 1394 1
239 8 131 12 1144 1
240 15 131 12 1144 1
241 22 131 12 1144 1
242 10 157 14 1118 1
243 24 174 24 2695 1
244 47 174 24 2695 1
245 70 174 24 2695 1
246 24 113 10 923 1
247 9 159 17 2817 1
248 5 145 20 2566 1
249 9 145 20 2566 1
250 13 145 20 2566 1
251 14 170 12 1546 1
252 2 147 20 4404 1
253 3 147 20 4404 1
254 1 155 12 2524 1
255 5 174 8 875 1
256 7 168 16 1969 1
257 11 170 24 4759 1
258 21 170 24 4759 1
259 15 181 14 3359 1
260 31 131 2 168 1
261 7 125 8 1073 1
262 13 125 8 1073 1
263 5 171 30 5779 1
264 8 187 23 3565 1
265 7 91 11 1126 1
266 2 134 22 1939 1
267 16 185 28 4754 1
268 6 146 12 2200 1
269 11 146 12 2200 1
270 16 168 17 1934 1
271 1 165 16 3024 1
272 1 165 16 3024 1
273 1 165 16 3024 1
274 1 165 16 3024 1
275 1 165 16 3024 1
276 3 169 22 5139 1
277 5 169 22 5139 1
278 7 169 22 5139 1
279 9 169 22 5139 1
280 16 191 21 3456 1
281 31 191 21 3456 1
282 15 158 15 2269 1
283 3 158 14 3069 1
284 5 158 14 3069 1
285 21 137 12 1775 1
286 17 126 15 1927 1
287 1 135 10 1034 1
288 1 135 10 1034 1
289 1 135 10 1034 1
290 1 135 10 1034 1
291 8 160 16 2685 1
292 11 173 4 904 1
293 6 112 15 1545 1
294 78 168 14 2705 1
295 4 178 10 2496 1
296 21 130 20 1788 1
297 10 162 8 1462 1
298 9 184 17 2152 1
299 13 147 15 1972 1
300 8 175 22 5365 1
301 3 135 3 511 1
302 5 135 3 511 1
303 24 191 23 6409 1
304 7 148 12 2498 1
305 13 148 12 2498 1
306 19 148 12 2498 1
307 25 148 12 2498 1
308 12 121 16 2683 1
309 23 121 16 2683 1
310 34 121 16 2683 1
311 22 175 2 370 1
312 25 134 15 1075 1
313 4 167 7 1473 1
314 7 167 7 1473 1
315 9 154 28 3829 1
316 17 154 28 3829 1
317 20 122 17 1910 1
318 4 176 17 2371 1
319 7 176 17 2371 1
320 4 125 5 705 1
321 7 125 5 705 1
322 4 125 12 1010 1
323 10 135 7 1224 1
324 5 172 3 747 1
325 13 144 9 1032 1
326 22 167 14 3444 1
327 46 158 9 1046 1
328 20 183 24 5649 1
329 8 120 12 1256 1
330 6 125 12 2139 1
331 2 189 20 5351 1
332 3 189 20 5351 1
333 4 189 20 5351 1
334 6 141 14 1306 1
335 11 141 14 1306 1
336 16 141 14 1306 1
337 16 189 11 1677 1
338 2 148 17 1489 1
339 131 120 19 2391 1
340 21 101 8 1006 1
341 70 157 21 4630 1
342 7 167 9 1234 1
343 13 167 9 1234 1
344 12 191 12 1361 1
345 23 191 12 1361 1
346 6 150 3 594 1
347 23 163 27 5309 1
348 45 163 27 5309 1
349 67 163 27 5309 1
350 89 163 27 5309 1
351 7 113 4 246 1
352 15 146 21 3163 1
353 29 146 21 3163 1
354 5 162 17 3071 1
355 9 162 17 3071 1
356 13 162 17 3071 1
357 15 137 13 1052 1
358 8 162 16 2265 1
359 15 162 16 2265 1
360 22 162 16 2265 1
361 7 168 6 1077 1
362 13 168 6 1077 1
363 19 168 6 1077 1
364 10 130 6 513 1
365 19 130 6 513 1
366 8 177 18 2212 1
367 6 158 14 1304 1
368 20 165 19 4096 1
369 70 155 20 1627 1
370 5 184 19 4783 1
371 9 184 19 4783 1
372 13 184 19 4783 1
373 19 133 11 1762 1
374 9 166 13 3073 1
375 15 162 24 3071 1
376 5 181 6 1129 1
377 9 181 6 1129 1
378 4 149 21 3154 1
379 7 149 21 3154 1
380 8 173 26 4461 1
381 15 173 26 4461 1
382 22 173 26 4461 1
383 9 187 39 5600 1
384 17 187 39 5600 1
385 25 144 20 3951 1
386 25 154 10 793 1
387 25 144 15 2099 1
388 9 134 14 2423 1
389 9 147 12 2645 1
390 18 146 11 1092 1
391 35 146 11 1092 1
392 52 146 11 1092 1
393 8 189 21 3381 1
394 15 189 21 3381 1
395 94 155 21 4739 1
396 4 140 8 1172 1
397 8 146 4 687 1
398 15 146 4 687 1
399 77 176 24 2744 1
400 15 184 30 7798 1
401 15 134 9 1735 1
402 8 187 8 1400 1
403 7 112 9 591 1
404 13 112 9 591 1
405 19 112 9 591 1
406 25 112 9 591 1
407 7 143 10 1162 1
408 8 194 10 2850 1
409 15 193 17 4010 1
410 29 193 17 4010 1
411 43 193 17 4010 1
412 2 194 11 1751 1
413 8 194 14 2185 1
414 15 194 14 2185 1
415 9 196 4 712 1
416 17 196 4 712 1
417 25 196 4 712 1
418 33 196 4 712 1
419 41 196 4 712 1
420 28 197 23 4903 1
421 8 194 13 3704 1
422 18 197 14 2099 1
423 35 197 14 2099 1
424 14 194 6 1395 1
425 8 196 7 1222 1
426 15 196 7 1222 1
427 22 196 7 1222 1
428 9 194 14 3924 1
429 5 195 22 3493 1
430 9 195 22 3493 1
431 13 195 22 3493 1
432 7 193 18 4209 1
433 14 197 13 3329 1
434 13 193 23 4364 1
435 8 197 14 2191 1
436 9 195 18 2717 1
437 3 200 9 1462 1
438 16 222 18 5454 1
439 9 216 13 3675 1
440 11 221 7 1477 1
441 9 209 18 3569 1
442 17 209 18 3569 1
443 25 209 18 3569 1
444 33 209 18 3569 1
445 8 223 12 2840 1
446 5 201 10 2727 1
447 38 226 21 2506 1
448 29 198 18 2419 1
449 10 198 6 1703 1
450 19 198 6 1703 1
451 3 211 20 6081 1
452 25 226 17 5379 1
453 34 216 14 3455 1
454 10 212 14 2042 1
455 19 212 14 2042 1
456 28 212 14 2042 1
457 7 211 14 3318 1
458 8 210 12 2714 1
459 32 213 13 1509 1
460 2 208 20 2261 1
461 7 223 18 5770 1
462 16 209 14 3526 1
463 7 226 11 3181 1
464 29 200 15 2323 1
465 57 200 15 2323 1
466 46 211 14 1503 1
467 16 217 29 4461 1
468 11 221 15 4678 1
469 21 221 15 4678 1
470 23 220 15 1845 1
471 45 220 15 1845 1
472 14 212 15 1615 1
473 29 202 17 2170 1
474 57 202 17 2170 1
475 39 200 16 3010 1
476 77 200 16 3010 1
477 28 200 12 2639 1
478 31 220 18 2023 1
479 8 200 20 2998 1
480 15 200 20 2998 1
481 15 212 17 3840 1
482 62 226 15 1763 1
483 15 223 19 4766 1
484 20 216 16 2328 1
485 28 210 13 3780 1
486 55 210 13 3780 1
487 22 199 4 437 1
488 43 199 4 437 1
489 29 224 24 7334 1
490 8 208 8 1772 1
491 15 208 8 1772 1
492 22 208 8 1772 1
493 29 208 8 1772 1
494 2 226 10 2135 1
495 33 213 15 1776 1
496 9 221 14 4033 1
497 2 198 5 1074 1
498 12 209 12 2119 1
499 33 201 12 2608 1
500 22 200 17 2902 1
501 8 213 14 3572 1
502 14 220 12 3508 1
503 15 226 14 4571 1
504 10 213 10 2085 1
505 10 224 28 7219 1
506 25 212 9 2559 1
507 36 209 10 1502 1
508 2 198 12 1358 1
509 16 198 13 2187 1
510 15 226 15 2264 1
511 19 216 14 2769 1
512 37 216 14 2769 1
513 27 208 5 1474 1
514 20 199 12 2521 1
515 44 202 17 2703 1
516 8 223 17 2133 1
517 15 209 13 1762 1
518 29 209 13 1762 1
519 31 220 10 1817 1
520 46 208 17 3163 1
521 6 216 17 4169 1
522 15 226 13 2898 1
523 21 202 13 2959 1
524 10 216 4 1108 1
525 19 216 4 1108 1
526 27 202 11 3300 1
527 19 220 16 4732 1
528 27 212 23 2589 1
529 43 199 18 4395 1
530 25 209 16 4022 1
531 27 210 9 1716 1
532 15 223 10 2126 1
533 4 222 8 1422 1
534 27 222 3 585 1
535 7 200 15 2874 1
536 46 210 29 4486 1
537 6 209 15 1732 1
538 11 209 15 1732 1
539 6 202 15 3740 1
540 7 216 17 4518 1
541 9 201 23 6591 1
542 25 224 8 1521 1
543 31 217 25 4636 1
544 31 213 19 3854 1
545 61 213 19 3854 1
546 8 222 15 1844 1
547 32 199 15 1861 1
548 31 209 23 4820 1
549 61 209 23 4820 1
550 47 202 16 3270 1
551 93 202 16 3270 1
552 29 226 17 3012 1
553 57 226 17 3012 1
554 85 226 17 3012 1
555 11 221 13 2165 1
556 205 198 10 1303 1
557 15 201 14 3235 1
558 42 217 19 3879 1
559 31 198 12 2116 1
560 5 208 6 994 1
561 30 202 14 3954 1
562 14 237 11 2829 1
563 43 239 16 3638 1
564 5 250 17 5736 1
565 20 235 8 1571 1
566 35 250 10 2562 1
567 69 250 10 2562 1
568 25 245 23 8268 1
569 49 245 23 8268 1
570 10 255 23 5178 1
571 35 256 16 3824 1
572 60 231 15 2138 1
573 28 229 10 2631 1
574 25 245 20 5636 1
575 27 227 15 2805 1
576 54 250 18 4119 1
577 29 262 22 3335 1
578 100 231 10 2595 1
579 199 231 10 2595 1
580 298 231 10 2595 1
581 397 231 10 2595 1
582 496 231 10 2595 1
583 23 262 12 3965 1
584 29 256 20 5731 1
585 57 256 20 5731 1
586 85 256 20 5731 1
587 113 256 20 5731 1
588 45 245 15 2002 1
589 12 256 15 2524 1
590 23 256 15 2524 1
591 57 256 15 5558 1
592 2 247 7 2352 1
593 53 263 10 1625 1
594 26 231 18 3136 1
595 51 231 18 3136 1
596 23 256 12 2894 1
597 13 232 14 1816 1
598 25 232 14 1816 1
599 283 236 16 5069 1
600 6 232 20 5626 1
601 3 250 12 2575 1
602 21 259 21 4019 1
603 29 250 17 5737 1
604 7 247 20 4875 1
605 13 247 20 4875 1
606 19 247 20 4875 1
607 25 247 20 4875 1
608 39 236 7 1041 1
609 54 231 18 2795 1
610 45 241 15 4173 1
611 30 241 11 3181 1
612 3 232 13 4405 1
613 40 241 13 4170 1
614 23 255 11 1565 1
615 30 261 6 2052 1
616 71 235 19 3093 1
617 34 259 17 2801 1
618 6 228 13 3774 1
619 26 228 8 1185 1
620 4 261 23 6082 1
621 33 227 17 5334 1
622 18 241 3 392 1
623 3 231 19 3923 1
624 14 236 9 1720 1
625 8 237 17 5179 1
626 1 237 12 3661 1
627 9 256 11 3327 1
628 17 256 11 3327 1
629 8 232 22 4766 1
630 194 255 19 7265 1
631 7 245 11 1469 1
632 74 261 19 3267 1
633 30 247 4 1404 1
634 2 245 12 2208 1
635 29 228 12 1843 1
636 57 228 12 1843 1
637 85 228 12 1843 1
638 90 263 13 4975 1
639 21 256 15 2190 1
640 38 250 13 2187 1
641 75 250 13 2187 1
642 4 231 9 1057 1
643 7 231 9 1057 1
644 10 231 9 1057 1
645 61 239 13 1644 1
646 22 227 13 2457 1
647 29 229 20 3028 1
648 57 229 20 3028 1
649 85 229 20 3028 1
650 63 228 13 3209 1
651 21 240 17 3019 1
652 4 239 18 4148 1
653 25 250 5 1194 1
654 54 232 10 2529 1
655 22 239 7 1028 1
656 6 227 14 2757 1
657 11 227 14 2757 1
658 16 227 14 2757 1
659 10 236 16 2306 1
660 6 259 9 1578 1
661 8 240 14 4692 1
662 72 260 6 1706 1
663 143 260 6 1706 1
664 214 260 6 1706 1
665 285 260 6 1706 1
666 23 245 23 5199 1
667 24 240 19 3420 1
668 5 232 11 1991 1
669 9 261 12 1997 1
670 24 232 14 2421 1
671 47 232 14 2421 1
672 36 262 26 3562 1
673 71 262 26 3562 1
674 37 250 15 3024 1
675 23 231 17 5226 1
676 45 231 17 5226 1
677 67 231 17 5226 1
678 20 228 21 7081 1
679 39 228 21 7081 1
680 49 240 15 2893 1
681 32 235 15 2950 1
682 27 263 11 3657 1
683 4 263 11 3441 1
684 50 281 16 6738 1
685 99 281 16 6738 1
686 1 265 20 2818 1
687 5 275 18 7161 1
688 2 269 19 7230 1
689 4 264 1 257 1
690 17 302 22 5317 1
691 1 292 11 4568 1
692 38 268 13 3327 1
693 24 268 9 1377 1
694 72 270 16 5447 1
695 44 265 21 3162 1
696 25 269 13 5065 1
697 153 296 5 829 1
698 41 296 27 4705 1
699 22 272 14 3553 1
700 43 272 14 3553 1
701 68 277 12 3185 1
702 24 277 15 5396 1
703 16 278 17 2391 1
704 6 267 18 2862 1
705 47 272 20 6360 1
706 29 269 13 3985 1
707 57 269 13 3985 1
708 19 300 21 3474 1
709 37 300 21 3474 1
710 31 299 20 3110 1
711 44 279 29 4341 1
712 41 269 18 3759 1
713 3 285 11 2270 1
714 63 276 21 3377 1
715 21 283 17 6779 1
716 34 299 14 5344 1
717 79 294 17 2978 1
718 35 271 26 3770 1
719 33 293 21 4591 1
720 5 283 16 5194 1
721 21 296 20 6402 1
722 41 296 20 6402 1
723 22 290 10 1857 1
724 14 281 19 6314 1
725 15 300 21 4959 1
726 29 300 21 4959 1
727 23 299 17 7157 1
728 1 279 16 4509 1
729 48 269 6 1106 1
730 84 266 20 4115 1
731 69 301 14 5912 1
732 137 301 14 5912 1
733 34 296 26 10809 1
734 24 301 19 8178 1
735 47 301 19 8178 1
736 25 281 11 2140 1
737 49 281 11 2140 1
738 20 277 23 6893 1
739 17 266 11 2728 1
740 33 266 11 2728 1
741 49 266 11 2728 1
742 4 295 14 4986 1
743 24 268 13 1761 1
744 18 279 13 4096 1
745 36 268 17 3252 1
746 20 299 23 9624 1
747 39 299 23 9624 1
748 58 299 23 9624 1
749 74 269 3 738 1
750 2 299 13 4628 1
751 3 299 13 4628 1
752 57 265 16 5389 1
753 8 302 26 7912 1
754 1 302 12 2668 1
755 23 266 14 3832 1
756 28 302 20 6313 1
757 43 302 13 2664 1
758 1 269 9 1967 1
759 20 285 10 1916 1
760 19 268 17 5845 1
761 37 268 17 5845 1
762 55 268 17 5845 1
763 73 268 17 5845 1
764 13 292 25 8289 1
765 28 280 13 2947 1
766 55 280 13 2947 1
767 21 296 13 5428 1
768 21 285 20 6070 1
769 78 267 14 2487 1
770 69 285 2 406 1
771 65 280 11 1587 1
772 129 280 11 1587 1
773 87 266 13 3009 1
774 95 268 11 3521 1
775 26 299 23 8147 1
776 21 296 24 4773 1
777 9 292 18 2958 1
778 18 302 24 7388 1
779 35 302 24 7388 1
780 37 275 14 5525 1
781 73 275 14 5525 1
782 109 275 14 5525 1
783 145 275 14 5525 1
784 18 279 13 4445 1
785 77 269 13 2388 1
786 153 269 13 2388 1
787 229 269 13 2388 1
788 29 301 15 2282 1
789 57 301 15 2282 1
790 85 301 15 2282 1
791 39 302 20 6188 1
792 23 285 13 2973 1
793 41 302 10 2223 1
794 40 271 11 1493 1
795 23 292 18 2926 1
796 62 269 10 3636 1
797 5 294 16 3947 1
798 6 265 27 4457 1
799 5 283 11 3779 1
800 9 283 11 3779 1
801 6 268 13 4975 1
802 61 272 16 6299 1
803 7 272 13 2041 1
804 94 281 14 5260 1
805 44 285 20 6236 1
806 90 278 18 6355 1
807 4 281 16 5163 1
808 40 276 18 4231 1
809 38 293 10 1866 1
810 40 295 20 3365 1
811 79 295 20 3365 1
812 118 295 20 3365 1
813 157 295 20 3365 1
814 27 281 11 2573 1
815 15 271 21 3943 1
816 30 275 22 8267 1
817 26 281 22 4787 1
818 19 269 12 2320 1
819 15 299 18 3695 1
820 29 299 18 3695 1
821 43 299 18 3695 1
822 57 299 18 3695 1
823 71 299 18 3695 1
824 85 299 18 3695 1
825 21 280 15 5777 1
826 32 265 3 764 1
827 23 269 5 1344 1
828 45 269 5 1344 1
829 67 269 5 1344 1
830 89 269 5 1344 1
831 111 269 5 1344 1
832 133 269 5 1344 1
833 4 278 25 5161 1
834 32 269 18 3349 1
835 63 269 18 3349 1
836 8 266 6 1066 1
837 4 293 9 3716 1
838 23 271 19 3669 1
839 25 299 23 3822 1
840 47 268 18 6195 1
841 14 281 18 5201 1
842 1 269 14 4937 1
843 81 281 16 5836 1
844 37 275 19 4245 1
845 73 275 19 4245 1
846 109 275 19 4245 1
847 29 295 10 2593 1
848 5 264 20 3615 1
849 29 290 12 3854 1
850 41 295 10 2208 1
851 72 299 14 4145 1
852 107 302 19 3663 1
853 4 266 14 4447 1
854 6 300 19 5264 1
855 11 300 19 5264 1
856 6 271 3 905 1
857 11 271 3 905 1
858 16 271 3 905 1
859 14 302 5 2235 1
860 27 302 5 2235 1
861 24 283 19 4774 1
862 66 285 17 5611 1
863 30 305 18 8001 1
864 59 305 18 8001 1
865 24 339 33 15722 1
866 14 302 25 5897 1
867 28 340 19 4906 1
868 24 306 26 10424 1
869 2 319 19 7691 1
870 22 305 13 5838 1
871 28 318 9 2673 1
872 23 323 14 3547 1
873 22 334 12 2279 1
874 73 335 20 7612 1
875 66 321 21 8479 1
876 26 329 10 1982 1
877 26 306 20 8091 1
878 50 340 15 4233 1
879 31 331 12 4388 1
880 19 319 11 3908 1
881 65 319 14 4733 1
882 129 319 14 4733 1
883 27 319 12 4871 1
884 27 316 27 4587 1
885 53 316 27 4587 1
886 27 305 25 9918 1
887 72 336 15 6715 1
888 33 316 18 7173 1
889 65 316 18 7173 1
890 27 329 18 4750 1
891 53 329 18 4750 1
892 25 323 22 9995 1
893 68 339 22 7911 1
894 135 339 22 7911 1
895 65 335 21 8578 1
896 86 331 14 6553 1
897 171 331 14 6553 1
898 56 318 25 11112 1
899 60 305 14 3912 1
900 27 306 13 2541 1
901 60 337 16 4896 1
902 21 305 18 5084 1
903 15 319 15 2811 1
904 26 318 21 4323 1
905 27 302 10 4158 1
906 20 335 22 9287 1
907 25 302 29 10430 1
908 58 337 12 3851 1
909 49 334 32 5961 1
910 26 337 22 4150 1
911 24 334 12 5865 1
912 25 316 21 9429 1
913 30 316 12 2989 1
914 59 316 12 2989 1
915 88 316 12 2989 1
916 117 316 12 2989 1
917 146 316 12 2989 1
918 59 321 29 8000 1
919 2 339 16 7299 1
920 18 323 21 4776 1
921 22 318 11 2093 1
922 2 319 18 6908 1
923 28 302 13 2925 1
924 69 338 21 8064 1
925 50 323 11 2646 1
926 2 334 23 4537 1
927 19 337 17 3598 1
928 28 338 20 9247 1
929 22 325 13 5503 1
930 53 331 19 8489 1
931 66 325 14 6017 1
932 28 340 25 6649 1
933 40 304 10 2564 1
934 30 321 19 7099 1
935 52 319 20 4329 1
936 32 332 28 6733 1
937 66 323 13 3176 1
938 46 336 19 6802 1
939 20 339 26 10243 1
940 45 305 33 8673 1
941 27 336 25 12343 1
942 53 336 25 12343 1
943 28 325 18 7551 1
944 28 319 9 2982 1
945 67 325 11 3828 1
946 47 340 35 12703 1
947 22 329 20 5763 1
948 91 340 19 4640 1
949 28 338 25 5985 1
950 21 339 13 5824 1
951 52 325 11 3329 1
952 19 325 13 4354 1
953 51 316 17 4105 1
954 29 348 33 13213 1
955 19 353 22 8336 1
956 55 400 33 17404 1
957 18 400 25 14623 1
958 35 400 25 14623 1
959 46 348 26 6660 1
960 51 353 21 11113 1
961 62 364 24 8306 1
962 26 349 30 11787 1
963 51 347 30 11548 1
964 80 369 15 8289 1
965 79 368 21 6381 1
966 50 367 14 2856 1
967 99 367 14 2856 1
968 18 368 17 6515 1
969 46 396 28 16444 1
970 51 369 45 24406 1
971 67 348 21 5125 1
972 21 348 21 10214 1
973 60 351 9 3775 1
974 67 364 28 6153 1
975 76 366 26 10621 1
976 51 366 12 3567 1
977 23 348 37 14579 1
978 25 349 19 6706 1
979 54 353 18 9366 1
980 66 368 11 4689 1
981 131 368 11 4689 1
982 114 348 15 6585 1
983 80 366 16 3316 1
984 50 396 25 5135 1
985 28 368 26 9476 1
986 17 349 25 8523 1
987 33 349 25 8523 1
988 71 350 20 8041 1
989 54 351 17 5365 1
990 52 351 25 7798 1
991 79 366 27 8498 1
992 23 365 31 14786 1
993 28 367 12 3693 1
994 50 367 13 5756 1
995 78 365 16 8353 1
996 79 367 31 11166 1
997 104 349 21 8778 1
998 78 364 13 4887 1
999 85 349 17 6183 1
1000 56 398 42 23633 1
1001 51 367 18 7606 1
1002 101 367 18 7606 1
1003 55 364 22 5547 1
1004 24 347 24 6623 1
1005 19 365 14 5035 1
1006 50 350 27 11266 1
1007 51 366 26 13545 1
1008 19 399 42 22699 1
1009 97 353 23 6752 1
1010 174 398 23 5766 1
1011 23 400 18 9001 1
1012 47 348 18 8770 1
1013 50 396 19 10644 1
1014 77 350 18 8284 1
1015 47 367 21 4113 1
1016 21 366 24 10531 1
1017 27 349 22 4770 1
1018 31 367 19 10083 1
1019 91 364 28 12823 1
1020 76 348 24 12218 1
1021 32 365 35 8933 1
1022 27 351 32 7201 1
1023 79 368 22 11077 1
1024 157 368 22 11077 1
1025 66 353 33 10498 1
1026 108 368 26 11467 1
1027 78 351 23 8315 1
1028 65 369 15 5094 1
1029 53 350 31 14779 1
1030 19 365 19 4532 1
1031 24 350 29 12688 1
1032 53 353 24 10065 1
1033 55 351 22 9303 1
1034 70 368 21 10094 1
1035 58 396 21 10923 1
1036 67 366 7 2900 1
1037 26 368 29 10188 1
40
235 400 530 450 480 440 440 544 580 580 580 540 600 610 575 660 450 450 375 450 450 600 600 600 400 426 500 500 500 500 500 500 600 600 600 400 400 600 425 425 