1037
1 7 121 16 1051 1
2 4 158 20 3301 1
3 5 181 11 2692 1
4 15 121 15 1791 1
5 18 165 14 1248 1
6 10 169 17 2070 1
7 9 120 12 1181 1
8 17 120 12 1181 1
9 25 120 12 1181 1
10 33 120 12 1181 1
11 23 168 11 2551 1
12 7 133 19 1721 1
13 13 133 19 1721 1
14 12 144 24 4295 1
15 23 144 24 4295 1
16 44 121 15 2517 1
17 16 122 18 2839 1
18 7 174 10 1270 1
19 16 189 21 5191 1
20 35 169 20 2291 1
21 15 143 15 2788 1
22 3 152 17 2218 1
23 5 152 17 2218 1
24 7 152 17 2218 1
25 4 87 4 507 1
26 8 149 9 1456 1
27 19 184 5 855 1
28 8 145 23 3539 1
29 15 116 13 2022 1
30 16 154 6 569 1
31 9 188 15 1674 1
32 17 188 15 1674 1
33 7 163 12 2214 1
34 13 163 12 2214 1
35 10 187 19 3855 1
36 14 113 20 3230 1
37 10 165 5 729 1
38 19 165 5 729 1
39 14 167 30 3206 1
40 27 167 30 3206 1
41 6 158 16 1393 1
42 5 189 11 1762 1
43 9 189 11 1762 1
44 2 148 13 1549 1
45 19 134 7 1250 1
46 5 87 8 706 1
47 9 87 8 706 1
48 14 141 5 789 1
49 32 165 1 187 1
50 3 177 4 690 1
51 7 143 18 2090 1
52 15 177 13 2952 1
53 10 131 6 494 1
54 7 152 14 1358 1
55 13 152 14 1358 1
56 7 87 7 536 1
57 3 168 17 3430 1
58 4 178 10 1598 1
59 14 173 24 5770 1
60 7 130 8 1379 1
61 6 147 13 1895 1
62 11 147 13 1895 1
63 5 177 16 1983 1
64 9 177 16 1983 1
65 13 177 16 1983 1
66 17 177 16 1983 1
67 21 177 16 1983 1
68 14 187 25 5013 1
69 25 131 13 2539 1
70 10 122 4 582 1
71 19 122 4 582 1
72 12 160 12 1475 1
73 9 154 36 3766 1
74 8 154 15 2885 1
75 15 154 15 2885 1
76 22 154 15 2885 1
77 4 157 7 1157 1
78 7 157 7 1157 1
79 8 172 14 2902 1
80 16 122 16 2164 1
81 59 167 16 1810 1
82 4 122 15 1024 1
83 7 135 5 393 1
84 13 135 5 393 1
85 8 154 22 1980 1
86 8 134 15 2845 1
87 15 134 15 2845 1
88 22 134 15 2845 1
89 23 157 13 2923 1
90 45 157 13 2923 1
91 16 163 26 4669 1
92 21 178 10 1372 1
93 9 168 27 5206 1
94 10 171 14 1429 1
95 19 171 14 1429 1
96 16 134 20 3429 1
97 6 101 8 720 1
98 11 152 16 3138 1
99 35 133 11 777 1
100 69 133 11 777 1
101 7 162 21 2210 1
102 13 162 21 2210 1
103 19 162 21 2210 1
104 5 168 20 4828 1
105 9 168 20 4828 1
106 13 168 20 4828 1
107 17 168 20 4828 1
108 21 168 20 4828 1
109 25 168 20 4828 1
110 29 168 20 4828 1
111 13 163 14 2128 1
112 25 163 14 2128 1
113 5 160 15 2152 1
114 21 185 12 2836 1
115 19 175 25 4209 1
116 8 173 14 3267 1
117 18 165 21 1788 1
118 4 147 11 1916 1
119 3 144 19 2626 1
120 5 144 19 2626 1
121 6 168 17 3832 1
122 9 169 18 1779 1
123 17 169 18 1779 1
124 10 165 17 3094 1
125 8 185 26 3872 1
126 15 140 11 773 1
127 3 155 11 895 1
128 5 155 11 895 1
129 7 155 11 895 1
130 8 112 7 469 1
131 4 113 11 1747 1
132 11 177 26 3478 1
133 16 165 20 3586 1
134 15 155 18 2560 1
135 25 150 11 1556 1
136 49 150 11 1556 1
137 4 131 7 751 1
138 13 130 15 2411 1
139 11 177 14 1793 1
140 30 150 17 3580 1
141 16 112 13 2008 1
142 10 144 18 3000 1
143 19 144 18 3000 1
144 28 144 18 3000 1
145 13 167 26 3603 1
146 7 189 14 1504 1
147 13 189 14 1504 1
148 19 189 14 1504 1
149 25 189 14 1504 1
150 31 189 14 1504 1
151 37 189 14 1504 1
152 5 183 22 5148 1
153 25 160 18 2325 1
154 1 121 4 678 1
155 1 121 4 678 1
156 15 112 14 2038 1
157 9 91 5 389 1
158 4 184 14 2109 1
159 4 144 15 1871 1
160 16 133 8 784 1
161 20 87 10 716 1
162 23 162 8 744 1
163 45 162 8 744 1
164 7 188 27 2602 1
165 19 148 6 632 1
166 37 148 6 632 1
167 1 137 7 1090 1
168 6 147 23 4262 1
169 10 182 17 2184 1
170 10 166 13 1374 1
171 19 166 13 1374 1
172 28 166 13 1374 1
173 6 170 19 1846 1
174 15 145 13 1392 1
175 15 165 17 2238 1
176 4 191 19 4155 1
177 7 191 19 4155 1
178 19 87 9 1093 1
179 2 175 21 5120 1
180 3 175 21 5120 1
181 4 175 21 5120 1
182 144 112 14 1029 1
183 6 130 13 1259 1
184 6 175 9 890 1
185 11 175 9 890 1
186 13 141 6 720 1
187 15 145 10 1493 1
188 29 145 10 1493 1
189 41 160 13 1291 1
190 104 183 10 2295 1
191 18 162 13 1953 1
192 16 152 21 1626 1
193 17 155 18 2992 1
194 3 159 14 1712 1
195 5 159 14 1712 1
196 7 159 14 1712 1
197 9 159 14 1712 1
198 11 159 14 1712 1
199 13 159 14 1712 1
200 15 159 14 1712 1
201 17 159 14 1712 1
202 4 158 14 1614 1
203 7 158 14 1614 1
204 11 134 16 2795 1
205 15 134 12 1837 1
206 21 168 18 4489 1
207 24 134 15 1046 1
208 47 134 15 1046 1
209 4 134 15 1966 1
210 7 134 15 1966 1
211 15 176 21 3506 1
212 13 125 1 180 1
213 25 125 1 180 1
214 15 91 2 118 1
215 8 173 22 5624 1
216 157 168 21 4377 1
217 7 180 23 3790 1
218 7 126 10 1562 1
219 13 126 10 1562 1
220 21 168 30 7127 1
221 15 143 18 2917 1
222 15 172 1 151 1
223 29 172 1 151 1
224 12 146 19 2375 1
225 5 141 22 1917 1
226 18 157 11 1051 1
227 4 130 15 1942 1
228 12 125 18 2769 1
229 23 125 18 2769 1
230 34 125 18 2769 1
231 15 178 21 2744 1
232 15 178 14 2924 1
233 5 184 16 1474 1
234 9 184 16 1474 1
235 9 158 11 1681 1
236 11 169 23 5300 1
237 21 169 23 5300 1
238 5 184 19 3044 1
239 5 169 22 5431 1
240 9 169 22 5431 1
241 13 169 22 5431 1
242 17 169 22 5431 1
243 21 169 22 5431 1
244 25 169 22 5431 1
245 29 169 22 5431 1
246 8 163 13 3148 1
247 20 168 17 3863 1
248 4 167 2 203 1
249 7 167 2 203 1
250 16 158 6 917 1
251 31 158 6 917 1
252 3 180 18 4613 1
253 5 180 18 4613 1
254 15 137 15 1707 1
255 1 178 21 3430 1
256 1 178 21 3430 1
257 1 178 21 3430 1
258 16 146 15 3088 1
259 7 176 12 2915 1
260 7 87 6 336 1
261 27 166 9 1422 1
262 6 121 10 1576 1
263 11 121 10 1576 1
264 16 121 10 1576 1
265 21 121 10 1576 1
266 11 140 13 2519 1
267 20 182 20 2170 1
268 9 167 16 1609 1
269 7 155 20 1803 1
270 13 155 20 1803 1
271 17 175 10 2250 1
272 16 134 6 564 1
273 7 145 7 873 1
274 8 130 11 2075 1
275 1 116 23 3889 1
276 1 116 23 3889 1
277 8 149 7 1159 1
278 16 145 6 873 1
279 9 141 14 1045 1
280 17 141 14 1045 1
281 25 141 14 1045 1
282 7 144 11 2151 1
283 13 144 11 2151 1
284 25 163 15 3108 1
285 6 144 14 1601 1
286 11 144 14 1601 1
287 16 144 14 1601 1
288 21 144 14 1601 1
289 17 188 18 3219 1
290 28 182 21 2314 1
291 9 173 24 5441 1
292 5 148 18 1437 1
293 6 126 13 2052 1
294 11 126 13 2052 1
295 16 126 13 2052 1
296 15 135 22 2825 1
297 8 168 15 2355 1
298 16 113 10 1449 1
299 89 171 17 3659 1
300 15 160 11 2005 1
301 18 176 23 5173 1
302 16 116 14 2321 1
303 9 135 13 1130 1
304 17 135 13 1130 1
305 21 188 16 1793 1
306 22 149 15 1376 1
307 16 126 7 528 1
308 6 135 20 2553 1
309 11 135 20 2553 1
310 16 135 20 2553 1
311 10 189 28 5506 1
312 19 189 28 5506 1
313 11 176 17 2060 1
314 25 87 12 1360 1
315 2 135 4 632 1
316 3 135 4 632 1
317 6 174 20 2160 1
318 11 174 20 2160 1
319 3 174 13 1801 1
320 5 174 13 1801 1
321 9 101 11 1446 1
322 17 101 11 1446 1
323 15 173 25 2480 1
324 29 173 25 2480 1
325 7 172 15 2201 1
326 13 172 15 2201 1
327 19 172 15 2201 1
328 25 172 15 2201 1
329 31 172 15 2201 1
330 16 184 21 2874 1
331 1 166 10 1636 1
332 26 176 19 3510 1
333 51 176 19 3510 1
334 6 135 6 1209 1
335 17 160 7 805 1
336 33 160 7 805 1
337 49 160 7 805 1
338 5 141 15 2870 1
339 5 163 19 3290 1
340 9 163 19 3290 1
341 15 126 15 1465 1
342 8 165 19 3596 1
343 15 165 19 3596 1
344 22 165 19 3596 1
345 7 130 12 2150 1
346 11 150 11 1707 1
347 6 87 4 435 1
348 16 113 13 1635 1
349 11 135 4 723 1
350 21 135 4 723 1
351 31 135 4 723 1
352 41 135 4 723 1
353 51 135 4 723 1
354 61 135 4 723 1
355 71 135 4 723 1
356 16 191 28 4560 1
357 69 159 18 1834 1
358 137 159 18 1834 1
359 13 120 12 726 1
360 18 131 12 2179 1
361 35 131 12 2179 1
362 4 166 12 1807 1
363 7 166 12 1807 1
364 10 166 12 1807 1
365 18 168 25 5465 1
366 35 168 25 5465 1
367 9 174 20 2434 1
368 17 174 20 2434 1
369 4 171 22 3466 1
370 22 167 18 2021 1
371 18 160 14 1884 1
372 13 177 13 1967 1
373 37 184 36 3583 1
374 15 87 9 683 1
375 21 162 16 3122 1
376 41 162 16 3122 1
377 7 101 10 1172 1
378 3 163 22 4040 1
379 5 163 22 4040 1
380 17 125 17 2965 1
381 27 149 18 2732 1
382 53 149 18 2732 1
383 79 149 18 2732 1
384 16 147 12 1780 1
385 22 173 18 1742 1
386 43 173 18 1742 1
387 19 141 12 1761 1
388 2 188 10 1307 1
389 22 191 15 2534 1
390 43 191 15 2534 1
391 16 166 22 2584 1
392 6 145 6 758 1
393 21 145 1 155 1
394 41 145 1 155 1
395 15 169 6 588 1
396 7 130 13 1948 1
397 7 159 12 1102 1
398 13 159 12 1102 1
399 19 159 12 1102 1
400 19 163 31 5536 1
401 16 125 14 2494 1
402 31 125 14 2494 1
403 11 148 14 2658 1
404 21 148 14 2658 1
405 5 176 17 1707 1
406 9 176 17 1707 1
407 13 176 17 1707 1
408 8 196 1 217 1
409 16 193 16 2829 1
410 31 193 16 2829 1
411 9 197 15 3508 1
412 3 193 24 5321 1
413 2 196 16 3973 1
414 7 195 18 3258 1
415 7 196 25 2762 1
416 8 197 10 1455 1
417 30 193 15 2401 1
418 7 197 24 5504 1
419 8 197 18 2419 1
420 18 193 6 1171 1
421 9 196 21 4603 1
422 17 196 21 4603 1
423 25 196 21 4603 1
424 33 196 21 4603 1
425 41 196 21 4603 1
426 9 193 10 1675 1
427 13 196 12 2206 1
428 25 196 12 2206 1
429 37 196 12 2206 1
430 49 196 12 2206 1
431 11 195 18 1899 1
432 14 197 17 2842 1
433 18 196 12 3026 1
434 17 195 5 984 1
435 9 196 3 433 1
436 17 196 3 433 1
437 28 210 16 3695 1
438 15 220 23 2672 1
439 33 217 9 2500 1
440 9 217 7 877 1
441 31 223 13 1524 1
442 61 223 13 1524 1
443 9 198 10 2966 1
444 11 222 6 1299 1
445 32 201 8 840 1
446 158 209 19 5280 1
447 30 217 15 1884 1
448 28 216 10 2323 1
449 26 201 1 188 1
450 8 199 19 2945 1
451 42 224 11 2145 1
452 37 222 11 3111 1
453 2 209 14 2624 1
454 32 202 13 2160 1
455 7 212 23 6801 1
456 10 200 11 1502 1
457 7 208 10 2536 1
458 14 222 17 4123 1
459 9 202 18 3240 1
460 9 210 14 1805 1
461 13 216 17 2773 1
462 53 199 10 1066 1
463 35 217 22 6953 1
464 15 212 11 2228 1
465 2 210 4 801 1
466 7 209 16 4124 1
467 13 209 16 4124 1
468 19 209 16 4124 1
469 25 209 16 4124 1
470 9 209 5 1476 1
471 17 209 5 1476 1
472 8 208 11 2275 1
473 15 226 18 2961 1
474 7 216 17 4602 1
475 52 212 18 4804 1
476 29 217 9 1425 1
477 10 199 12 3401 1
478 19 199 12 3401 1
479 28 199 12 3401 1
480 27 223 19 3292 1
481 25 201 15 3907 1
482 49 201 15 3907 1
483 15 209 14 2336 1
484 24 213 16 1812 1
485 47 213 16 1812 1
486 47 216 19 4616 1
487 48 198 14 3896 1
488 9 211 14 3083 1
489 17 211 14 3083 1
490 25 211 14 3083 1
491 33 211 14 3083 1
492 41 211 14 3083 1
493 35 209 20 4386 1
494 9 200 12 3452 1
495 161 216 14 3819 1
496 24 211 13 3758 1
497 9 226 21 6403 1
498 17 226 21 6403 1
499 22 224 15 3448 1
500 7 198 10 2219 1
501 13 198 10 2219 1
502 15 222 19 2392 1
503 27 198 10 1629 1
504 53 198 10 1629 1
505 8 216 14 3397 1
506 15 216 14 3397 1
507 22 216 14 3397 1
508 29 226 2 555 1
509 28 212 15 1890 1
510 10 226 14 3226 1
511 6 220 12 3451 1
512 26 208 12 2614 1
513 50 224 11 2710 1
514 24 223 20 2580 1
515 15 201 19 2501 1
516 29 201 19 2501 1
517 15 224 13 3600 1
518 24 198 11 3027 1
519 25 198 10 2343 1
520 29 221 15 3126 1
521 2 223 15 3979 1
522 25 201 5 1253 1
523 9 222 18 4504 1
524 2 223 15 2324 1
525 3 223 15 2324 1
526 35 216 16 3432 1
527 6 201 22 5236 1
528 28 212 15 3114 1
529 55 212 15 3114 1
530 10 208 10 1120 1
531 20 202 15 2821 1
532 26 217 10 2923 1
533 51 217 10 2923 1
534 35 200 17 2902 1
535 69 200 17 2902 1
536 103 200 17 2902 1
537 2 224 10 3348 1
538 5 213 13 1482 1
539 36 213 19 2508 1
540 71 213 19 2508 1
541 2 208 22 5115 1
542 21 198 9 1124 1
543 41 198 9 1124 1
544 16 211 14 3158 1
545 13 201 12 1783 1
546 25 224 12 3538 1
547 16 223 12 1947 1
548 28 210 22 5265 1
549 31 209 13 2410 1
550 7 199 6 1425 1
551 35 208 19 2930 1
552 69 208 19 2930 1
553 25 221 11 3538 1
554 49 221 11 3538 1
555 7 208 15 2786 1
556 9 202 15 2340 1
557 17 202 15 2340 1
558 30 199 10 1658 1
559 7 202 5 831 1
560 7 223 18 4452 1
561 8 199 10 1447 1
562 11 241 23 6607 1
563 6 261 15 4647 1
564 11 261 15 4647 1
565 9 261 11 1804 1
566 24 256 11 2211 1
567 15 240 12 4297 1
568 7 237 22 7736 1
569 13 237 22 7736 1
570 19 237 22 7736 1
571 30 245 19 4466 1
572 24 259 13 2767 1
573 5 259 7 2029 1
574 9 240 13 4069 1
575 22 237 22 6395 1
576 43 237 22 6395 1
577 7 237 14 4625 1
578 19 261 26 4893 1
579 52 262 11 4063 1
580 7 241 16 3554 1
581 13 241 16 3554 1
582 36 242 13 1707 1
583 73 262 12 1586 1
584 35 255 20 3124 1
585 48 236 20 3804 1
586 13 236 13 4078 1
587 9 242 25 5058 1
588 24 235 4 471 1
589 47 235 4 471 1
590 70 235 4 471 1
591 93 235 4 471 1
592 116 235 4 471 1
593 35 227 18 5709 1
594 219 260 24 4240 1
595 73 245 20 5079 1
596 18 242 11 1715 1
597 5 232 16 3157 1
598 6 242 18 2658 1
599 11 242 18 2658 1
600 2 241 19 2392 1
601 18 232 16 2416 1
602 19 261 19 7130 1
603 19 229 13 2015 1
604 23 240 37 4598 1
605 45 240 37 4598 1
606 22 231 8 2405 1
607 26 239 17 4679 1
608 24 262 18 5207 1
609 37 232 17 3501 1
610 24 239 19 4895 1
611 22 250 19 4232 1
612 43 250 19 4232 1
613 25 255 15 3064 1
614 59 250 19 6833 1
615 117 250 19 6833 1
616 57 236 13 3984 1
617 2 255 12 1568 1
618 3 255 12 1568 1
619 47 255 12 4572 1
620 1 263 12 2888 1
621 1 263 12 2888 1
622 1 263 12 2888 1
623 6 263 21 6395 1
624 30 232 9 1119 1
625 27 228 18 4853 1
626 53 228 18 4853 1
627 24 228 12 2532 1
628 70 232 14 3160 1
629 7 237 18 3229 1
630 212 255 6 937 1
631 4 232 22 3937 1
632 7 232 22 3937 1
633 10 232 22 3937 1
634 13 232 22 3937 1
635 36 229 25 8200 1
636 28 236 3 422 1
637 4 232 16 2141 1
638 6 261 9 3303 1
639 25 263 12 4361 1
640 6 240 22 6140 1
641 35 231 24 7446 1
642 21 250 12 3567 1
643 4 263 21 4171 1
644 7 263 21 4171 1
645 8 237 9 1639 1
646 79 228 11 2519 1
647 35 235 35 8326 1
648 75 247 14 2197 1
649 149 247 14 2197 1
650 15 236 9 2220 1
651 33 245 22 3620 1
652 19 241 12 1912 1
653 23 256 18 5465 1
654 8 231 21 6843 1
655 64 228 24 7814 1
656 57 227 16 5099 1
657 7 229 9 1447 1
658 6 227 13 1930 1
659 11 227 13 1930 1
660 16 227 13 1930 1
661 21 227 13 1930 1
662 22 239 19 6530 1
663 43 239 19 6530 1
664 67 256 15 4480 1
665 5 261 16 3191 1
666 44 263 18 4697 1
667 32 242 13 3954 1
668 52 255 2 483 1
669 28 237 20 5292 1
670 14 235 12 3652 1
671 22 245 25 4842 1
672 46 242 11 1553 1
673 2 252 6 1799 1
674 75 241 15 3556 1
675 18 235 13 3238 1
676 17 250 14 3794 1
677 1 227 18 4064 1
678 1 239 4 1338 1
679 1 239 4 1338 1
680 1 239 4 1338 1
681 21 259 17 4447 1
682 41 259 17 4447 1
683 29 262 12 3287 1
684 10 296 22 8442 1
685 73 269 13 2122 1
686 79 300 13 4633 1
687 157 300 13 4633 1
688 21 280 11 3245 1
689 41 280 11 3245 1
690 61 280 11 3245 1
691 81 280 11 3245 1
692 13 277 15 5815 1
693 4 283 18 3021 1
694 40 293 17 4686 1
695 79 283 8 1797 1
696 2 276 14 4775 1
697 3 276 14 4775 1
698 21 276 13 2489 1
699 16 266 17 2917 1
700 203 292 19 4959 1
701 27 281 14 4521 1
702 53 281 14 4521 1
703 79 281 14 4521 1
704 22 267 15 4918 1
705 21 300 19 5827 1
706 87 264 14 4264 1
707 31 302 10 3647 1
708 85 293 10 3329 1
709 24 301 23 4812 1
710 65 268 17 2297 1
711 24 299 14 3301 1
712 4 265 8 1950 1
713 7 265 8 1950 1
714 10 265 8 1950 1
715 6 296 16 4712 1
716 11 296 16 4712 1
717 16 296 16 4712 1
718 26 280 13 4876 1
719 51 280 13 4876 1
720 76 280 13 4876 1
721 23 292 21 5008 1
722 20 299 20 4473 1
723 11 302 14 3411 1
724 21 302 14 3411 1
725 31 302 14 3411 1
726 56 264 21 7172 1
727 71 276 16 5384 1
728 82 270 18 3792 1
729 28 295 17 4147 1
730 21 272 14 3587 1
731 41 272 14 3587 1
732 19 266 12 4402 1
733 24 270 16 3000 1
734 4 276 28 9341 1
735 12 293 13 4375 1
736 23 293 13 4375 1
737 3 301 10 3611 1
738 16 293 7 2793 1
739 15 276 17 3382 1
740 29 266 8 1229 1
741 57 266 8 1229 1
742 85 266 8 1229 1
743 72 294 22 6800 1
744 9 293 12 2227 1
745 24 272 18 4768 1
746 7 292 28 8372 1
747 13 292 28 8372 1
748 19 292 28 8372 1
749 13 276 15 5696 1
750 30 265 11 2229 1
751 25 277 6 2217 1
752 49 277 6 2217 1
753 3 294 18 5489 1
754 26 293 11 3323 1
755 29 264 12 1863 1
756 4 294 13 4568 1
757 3 301 19 6314 1
758 8 292 17 4029 1
759 3 270 25 7020 1
760 73 264 21 7916 1
761 64 268 19 3873 1
762 82 266 21 4693 1
763 42 276 15 4595 1
764 38 290 27 8305 1
765 18 277 14 4583 1
766 35 277 14 4583 1
767 52 277 14 4583 1
768 69 277 14 4583 1
769 41 279 16 6696 1
770 61 270 13 1843 1
771 2 270 16 5683 1
772 17 278 18 7087 1
773 22 270 21 3641 1
774 43 270 21 3641 1
775 8 292 21 5182 1
776 63 290 11 3115 1
777 24 266 11 2103 1
778 25 301 11 2886 1
779 21 271 21 8212 1
780 5 268 13 4762 1
781 6 276 11 2701 1
782 11 276 11 2701 1
783 23 280 17 7016 1
784 18 302 11 4185 1
785 2 276 16 5312 1
786 3 276 16 5312 1
787 4 276 16 5312 1
788 6 294 16 3643 1
789 17 293 14 3899 1
790 5 272 13 5231 1
791 31 267 13 3057 1
792 61 267 13 3057 1
793 7 277 12 3865 1
794 39 283 9 2181 1
795 42 278 17 5070 1
796 13 270 17 4226 1
797 25 270 17 4226 1
798 19 299 19 4842 1
799 5 271 18 4570 1
800 9 271 18 4570 1
801 13 271 18 4570 1
802 17 271 18 4570 1
803 24 277 14 2787 1
804 45 269 6 1297 1
805 20 276 21 8455 1
806 39 276 21 8455 1
807 26 264 14 4575 1
808 51 264 14 4575 1
809 22 280 19 3664 1
810 43 280 19 3664 1
811 7 300 16 6459 1
812 77 294 20 5704 1
813 3 290 15 5548 1
814 5 290 15 5548 1
815 2 266 14 4234 1
816 6 302 19 8373 1
817 11 302 19 8373 1
818 16 302 19 8373 1
819 5 299 8 2974 1
820 9 299 8 2974 1
821 13 299 8 2974 1
822 17 299 8 2974 1
823 5 277 15 5495 1
824 15 301 23 3995 1
825 21 268 17 4174 1
826 23 281 8 3143 1
827 3 301 26 10602 1
828 49 294 24 7409 1
829 22 302 16 4814 1
830 23 290 14 2168 1
831 72 270 18 6234 1
832 56 295 21 8107 1
833 10 280 19 2897 1
834 19 280 19 2897 1
835 24 281 13 2893 1
836 47 281 13 2893 1
837 24 301 15 6587 1
838 26 265 19 5152 1
839 57 296 20 4657 1
840 39 293 17 5024 1
841 77 293 17 5024 1
842 13 283 20 8090 1
843 7 279 15 5860 1
844 23 296 23 4525 1
845 4 302 16 6095 1
846 23 294 18 5769 1
847 1 269 26 7857 1
848 28 290 11 2903 1
849 55 290 11 2903 1
850 82 290 11 2903 1
851 109 290 11 2903 1
852 136 290 11 2903 1
853 24 283 11 4500 1
854 34 296 31 11758 1
855 67 296 31 11758 1
856 28 278 14 2550 1
857 7 270 14 2861 1
858 72 264 12 3742 1
859 143 264 12 3742 1
860 30 264 13 4115 1
861 22 302 28 7762 1
862 7 268 17 5908 1
863 29 304 8 3084 1
864 25 336 7 2170 1
865 66 306 21 8181 1
866 26 302 15 2435 1
867 20 334 20 6006 1
868 39 334 20 6006 1
869 65 336 19 6891 1
870 18 336 11 2131 1
871 27 333 15 6341 1
872 66 332 12 4555 1
873 48 337 19 7542 1
874 60 332 16 5042 1
875 29 318 18 4333 1
876 72 321 23 10302 1
877 143 321 23 10302 1
878 214 321 23 10302 1
879 23 319 23 8040 1
880 21 306 17 4695 1
881 41 306 17 4695 1
882 72 316 17 7487 1
883 70 333 13 2692 1
884 45 333 11 2141 1
885 67 305 17 3240 1
886 66 335 21 9809 1
887 127 318 21 3409 1
888 33 338 16 7073 1
889 65 338 16 7073 1
890 97 338 16 7073 1
891 2 334 18 5571 1
892 22 335 15 3999 1
893 43 335 15 3999 1
894 56 329 8 1421 1
895 25 338 13 3329 1
896 49 338 13 3329 1
897 3 319 19 7497 1
898 46 325 18 7082 1
899 74 334 70 23069 1
900 147 334 70 23069 1
901 21 325 14 4988 1
902 25 337 15 6109 1
903 17 302 12 2628 1
904 24 306 16 4012 1
905 23 337 21 10059 1
906 18 329 10 2450 1
907 25 305 13 5182 1
908 16 333 14 5451 1
909 31 333 14 5451 1
910 18 337 33 15098 1
911 35 337 33 15098 1
912 52 337 33 15098 1
913 21 318 20 6511 1
914 41 318 20 6511 1
915 18 304 17 6406 1
916 30 323 12 2480 1
917 73 325 14 2387 1
918 52 304 12 3154 1
919 53 329 13 5686 1
920 60 316 22 7259 1
921 48 338 23 9746 1
922 55 338 21 10418 1
923 34 340 15 3837 1
924 52 304 19 5985 1
925 46 331 19 9329 1
926 69 316 17 5459 1
927 20 337 10 2926 1
928 71 338 18 6265 1
929 26 331 9 3124 1
930 27 306 17 4394 1
931 67 321 22 8992 1
932 29 340 18 7256 1
933 57 340 18 7256 1
934 52 333 10 4010 1
935 26 329 19 8320 1
936 53 321 23 6802 1
937 56 336 22 5283 1
938 26 333 21 6135 1
939 51 333 21 6135 1
940 73 323 14 3793 1
941 46 304 28 7417 1
942 91 304 28 7417 1
943 64 321 19 3903 1
944 51 338 17 5692 1
945 36 332 23 8059 1
946 28 321 16 3558 1
947 68 318 17 6890 1
948 8 321 25 8525 1
949 16 331 22 4545 1
950 27 337 18 5227 1
951 28 318 12 5152 1
952 7 306 16 5164 1
953 27 333 17 8092 1
954 26 353 26 12365 1
955 78 350 13 4495 1
956 30 398 24 8540 1
957 71 347 19 6190 1
958 26 369 27 10079 1
959 60 400 35 14395 1
960 47 348 24 12050 1
961 81 353 18 4966 1
962 81 347 24 7821 1
963 48 369 31 7712 1
964 45 350 24 6516 1
965 51 350 25 8266 1
966 78 368 27 14526 1
967 26 367 15 6936 1
968 62 367 25 11230 1
969 77 400 27 10070 1
970 23 350 20 7379 1
971 45 350 20 7379 1
972 44 400 30 9673 1
973 79 368 19 6262 1
974 5 348 12 5287 1
975 101 369 15 4926 1
976 20 348 37 8488 1
977 19 353 18 4416 1
978 51 367 24 13034 1
979 77 367 15 6574 1
980 153 367 15 6574 1
981 229 367 15 6574 1
982 31 347 19 6750 1
983 117 368 20 5774 1
984 47 396 13 3720 1
985 44 351 24 11754 1
986 46 367 26 11783 1
987 29 350 42 8893 1
988 57 350 42 8893 1
989 85 350 42 8893 1
990 24 366 22 8718 1
991 55 398 16 6171 1
992 117 369 33 8038 1
993 85 396 20 5711 1
994 25 396 21 12261 1
995 47 364 12 4742 1
996 86 351 20 9847 1
997 28 396 27 10625 1
998 27 348 23 7465 1
999 50 400 31 17082 1
1000 28 365 2 903 1
1001 68 349 16 8291 1
1002 17 399 35 16806 1
1003 79 348 14 5810 1
1004 77 364 16 6917 1
1005 60 400 40 16292 1
1006 65 351 30 8677 1
1007 63 349 28 8881 1
1008 80 364 16 4641 1
1009 56 399 8 4280 1
1010 79 396 27 7256 1
1011 22 400 22 7512 1
1012 63 350 14 3348 1
1013 45 351 22 6989 1
1014 79 367 37 7031 1
1015 27 364 28 9743 1
1016 53 364 28 9743 1
1017 25 351 10 3089 1
1018 50 366 15 4279 1
1019 26 364 28 5748 1
1020 101 368 39 10203 1
1021 25 399 26 10931 1
1022 29 349 14 3635 1
1023 48 396 5 2525 1
1024 18 367 33 7011 1
1025 30 365 28 7777 1
1026 15 347 24 8262 1
1027 60 398 22 5363 1
1028 25 349 23 10559 1
1029 87 350 20 3650 1
1030 173 350 20 3650 1
1031 117 400 28 5851 1
1032 59 351 25 10750 1
1033 117 351 25 10750 1
1034 175 351 25 10750 1
1035 68 349 16 5990 1
1036 135 349 16 5990 1
1037 48 398 35 19010 1
40
235 400 530 450 480 440 440 544 580 580 580 540 600 610 575 660 450 450 375 450 450 600 600 600 400 426 500 500 500 500 500 500 600 600 600 400 400 600 425 425 