1037
1 12 182 8 811 1
2 23 182 8 811 1
3 34 182 8 811 1
4 45 182 8 811 1
5 56 182 8 811 1
6 8 120 18 3008 1
7 8 174 27 5787 1
8 15 174 27 5787 1
9 8 87 6 729 1
10 15 87 6 729 1
11 22 87 6 729 1
12 29 87 6 729 1
13 36 87 6 729 1
14 20 141 10 989 1
15 4 91 8 635 1
16 6 133 9 1187 1
17 11 133 9 1187 1
18 11 137 16 2027 1
19 22 120 19 2928 1
20 7 87 15 1622 1
21 13 87 15 1622 1
22 5 125 17 2160 1
23 9 125 17 2160 1
24 13 125 17 2160 1
25 15 148 8 1110 1
26 2 180 17 2405 1
27 13 175 11 1648 1
28 7 120 16 2207 1
29 13 120 16 2207 1
30 5 133 10 1343 1
31 6 145 15 1432 1
32 15 101 7 1026 1
33 30 163 17 2784 1
34 59 163 17 2784 1
35 20 178 16 1431 1
36 31 120 10 1740 1
37 61 120 10 1740 1
38 91 120 10 1740 1
39 6 172 14 1456 1
40 8 146 20 4000 1
41 15 146 20 4000 1
42 22 146 20 4000 1
43 5 162 9 1129 1
44 19 140 18 2417 1
45 2 183 17 4458 1
46 3 183 17 4458 1
47 4 183 17 4458 1
48 5 183 17 4458 1
49 19 143 1 88 1
50 8 183 20 3308 1
51 15 183 20 3308 1
52 22 183 20 3308 1
53 4 125 12 1012 1
54 6 177 10 1987 1
55 2 158 9 1383 1
56 3 158 9 1383 1
57 6 126 11 1161 1
58 11 126 11 1161 1
59 16 126 11 1161 1
60 21 126 11 1161 1
61 22 171 20 4184 1
62 4 122 15 1432 1
63 7 122 15 1432 1
64 10 122 15 1432 1
65 16 183 14 2915 1
66 31 183 14 2915 1
67 21 91 11 1169 1
68 12 148 12 1784 1
69 23 148 12 1784 1
70 34 148 12 1784 1
71 3 185 7 737 1
72 32 160 25 2211 1
73 6 112 19 2113 1
74 15 148 12 1106 1
75 29 148 12 1106 1
76 43 148 12 1106 1
77 16 120 19 3391 1
78 18 147 16 1458 1
79 5 159 19 4111 1
80 9 159 19 4111 1
81 16 150 13 1955 1
82 31 150 13 1955 1
83 46 150 13 1955 1
84 61 150 13 1955 1
85 76 150 13 1955 1
86 9 174 13 1238 1
87 17 174 13 1238 1
88 16 101 6 495 1
89 10 141 14 2881 1
90 19 141 14 2881 1
91 7 154 29 4804 1
92 3 120 3 529 1
93 5 120 3 529 1
94 7 120 3 529 1
95 9 120 3 529 1
96 11 120 3 529 1
97 13 120 3 529 1
98 15 120 3 529 1
99 17 120 3 529 1
100 8 172 20 4581 1
101 16 170 26 3347 1
102 25 167 11 2364 1
103 13 91 9 492 1
104 8 168 18 3074 1
105 15 168 18 3074 1
106 4 181 38 8088 1
107 7 181 38 8088 1
108 15 176 17 1530 1
109 21 172 18 3801 1
110 3 155 12 1786 1
111 25 122 6 1062 1
112 16 172 14 3403 1
113 25 130 24 1868 1
114 11 158 14 1623 1
115 21 158 14 1623 1
116 31 158 14 1623 1
117 41 158 14 1623 1
118 51 158 14 1623 1
119 11 134 4 328 1
120 21 134 4 328 1
121 3 87 6 429 1
122 9 120 11 1047 1
123 6 163 18 3342 1
124 11 163 18 3342 1
125 16 163 18 3342 1
126 13 187 32 5372 1
127 25 187 32 5372 1
128 37 187 32 5372 1
129 49 187 32 5372 1
130 16 112 21 2774 1
131 9 170 13 1787 1
132 17 170 13 1787 1
133 8 150 28 3957 1
134 12 154 18 2337 1
135 25 167 15 2530 1
136 13 163 19 4350 1
137 25 163 19 4350 1
138 1 165 21 3133 1
139 15 172 19 3762 1
140 24 170 12 2834 1
141 7 175 15 3884 1
142 7 143 14 1154 1
143 9 168 14 1629 1
144 26 177 14 2710 1
145 51 177 14 2710 1
146 9 137 15 1181 1
147 16 137 14 1702 1
148 6 145 13 1552 1
149 11 145 13 1552 1
150 5 172 9 2105 1
151 4 116 14 2114 1
152 17 184 22 5369 1
153 6 169 23 5138 1
154 11 169 23 5138 1
155 7 168 17 2339 1
156 13 168 17 2339 1
157 19 168 17 2339 1
158 25 168 17 2339 1
159 4 180 9 2048 1
160 7 180 9 2048 1
161 5 145 16 1839 1
162 9 145 16 1839 1
163 6 181 16 2535 1
164 1 145 11 2342 1
165 1 145 11 2342 1
166 1 101 9 833 1
167 10 121 15 2031 1
168 19 121 15 2031 1
169 28 121 15 2031 1
170 9 87 9 493 1
171 17 87 9 493 1
172 25 87 9 493 1
173 33 87 9 493 1
174 5 167 14 1750 1
175 9 167 14 1750 1
176 13 167 14 1750 1
177 5 188 15 2337 1
178 9 188 15 2337 1
179 13 188 15 2337 1
180 17 188 15 2337 1
181 12 177 27 5355 1
182 14 181 12 2166 1
183 27 181 12 2166 1
184 97 141 18 1773 1
185 10 175 9 1861 1
186 19 175 9 1861 1
187 28 175 9 1861 1
188 37 175 9 1861 1
189 9 137 16 1298 1
190 8 150 19 2223 1
191 7 165 9 1442 1
192 13 165 9 1442 1
193 14 155 19 4230 1
194 6 134 12 2119 1
195 11 134 12 2119 1
196 16 134 12 2119 1
197 19 140 13 1958 1
198 23 189 20 4052 1
199 8 159 18 3562 1
200 16 173 11 2354 1
201 31 173 11 2354 1
202 4 183 15 1735 1
203 7 183 15 1735 1
204 10 183 15 1735 1
205 13 183 15 1735 1
206 8 171 16 3612 1
207 13 185 24 5248 1
208 25 185 24 5248 1
209 37 185 24 5248 1
210 13 130 13 2420 1
211 25 130 13 2420 1
212 37 130 13 2420 1
213 22 171 11 2693 1
214 9 154 20 2892 1
215 15 113 3 173 1
216 10 163 22 4782 1
217 19 163 22 4782 1
218 5 168 17 4108 1
219 15 171 22 3970 1
220 15 191 19 2452 1
221 7 143 13 1538 1
222 13 143 13 1538 1
223 15 155 8 1076 1
224 9 140 8 1472 1
225 7 122 16 1478 1
226 7 180 13 2181 1
227 13 180 13 2181 1
228 3 171 18 2167 1
229 5 171 18 2167 1
230 22 169 24 4009 1
231 43 169 24 4009 1
232 16 182 25 2305 1
233 4 113 11 658 1
234 16 181 24 4617 1
235 31 181 24 4617 1
236 4 171 13 1861 1
237 7 171 13 1861 1
238 15 175 12 2612 1
239 29 175 12 2612 1
240 24 121 14 1992 1
241 47 121 14 1992 1
242 16 180 25 3204 1
243 7 141 8 754 1
244 4 162 16 1612 1
245 7 162 16 1612 1
246 23 185 26 3884 1
247 9 125 10 1419 1
248 10 146 17 2932 1
249 17 187 19 4511 1
250 14 113 18 2421 1
251 27 113 18 2421 1
252 15 135 10 1016 1
253 15 126 12 1488 1
254 29 126 12 1488 1
255 7 131 17 1313 1
256 81 113 14 1331 1
257 4 130 18 1667 1
258 7 130 18 1667 1
259 20 126 11 1707 1
260 15 184 27 3602 1
261 29 184 27 3602 1
262 4 167 20 2882 1
263 6 170 14 2832 1
264 11 170 14 2832 1
265 16 170 14 2832 1
266 21 170 14 2832 1
267 26 170 14 2832 1
268 16 152 15 2843 1
269 31 152 15 2843 1
270 23 181 25 6096 1
271 45 181 25 6096 1
272 7 146 21 4497 1
273 13 175 28 6177 1
274 25 175 28 6177 1
275 21 189 19 3036 1
276 22 87 5 484 1
277 43 87 5 484 1
278 16 146 7 651 1
279 4 175 14 2870 1
280 7 175 14 2870 1
281 10 175 14 2870 1
282 13 175 14 2870 1
283 16 175 14 2870 1
284 3 163 7 1149 1
285 7 159 16 2970 1
286 28 154 18 3990 1
287 7 175 9 1349 1
288 5 172 17 3438 1
289 9 172 17 3438 1
290 18 178 19 2488 1
291 14 183 14 2295 1
292 16 137 19 3039 1
293 10 91 9 568 1
294 19 91 9 568 1
295 28 91 9 568 1
296 9 170 23 2884 1
297 12 155 18 2133 1
298 16 155 11 1817 1
299 9 166 14 1342 1
300 11 158 18 1427 1
301 21 158 18 1427 1
302 31 158 18 1427 1
303 41 158 18 1427 1
304 51 158 18 1427 1
305 15 140 6 870 1
306 29 140 6 870 1
307 43 140 6 870 1
308 57 140 6 870 1
309 24 133 17 2943 1
310 15 160 22 2341 1
311 11 187 18 3119 1
312 7 120 14 1818 1
313 13 120 14 1818 1
314 19 120 14 1818 1
315 26 171 9 971 1
316 5 189 20 3598 1
317 4 167 16 2687 1
318 3 126 9 1026 1
319 5 126 9 1026 1
320 2 167 22 3929 1
321 3 167 22 3929 1
322 4 167 22 3929 1
323 5 167 22 3929 1
324 6 167 22 3929 1
325 7 160 19 2015 1
326 9 130 6 840 1
327 2 134 12 1460 1
328 3 134 12 1460 1
329 4 134 12 1460 1
330 5 134 12 1460 1
331 17 141 13 1076 1
332 22 120 5 831 1
333 10 183 24 6131 1
334 14 116 6 1023 1
335 20 178 17 3712 1
336 9 91 15 1659 1
337 17 91 15 1659 1
338 25 91 15 1659 1
339 7 167 29 7006 1
340 66 166 17 2795 1
341 9 130 6 539 1
342 18 152 5 703 1
343 7 180 19 4623 1
344 13 180 19 4623 1
345 21 185 20 2146 1
346 28 120 7 649 1
347 9 169 14 2921 1
348 17 169 14 2921 1
349 25 169 14 2921 1
350 16 125 11 805 1
351 31 125 11 805 1
352 24 134 14 1456 1
353 16 155 9 1065 1
354 11 169 21 2204 1
355 21 169 21 2204 1
356 31 169 21 2204 1
357 168 187 24 3342 1
358 21 144 16 1238 1
359 17 154 24 3951 1
360 16 180 24 3521 1
361 17 140 16 1942 1
362 159 181 26 2413 1
363 13 122 31 3859 1
364 25 122 31 3859 1
365 22 163 16 1720 1
366 43 163 16 1720 1
367 64 163 16 1720 1
368 16 180 22 3552 1
369 9 170 22 2046 1
370 17 170 22 2046 1
371 8 158 17 3399 1
372 16 126 13 1147 1
373 8 178 16 3605 1
374 7 166 40 8151 1
375 21 158 25 3168 1
376 25 120 10 1055 1
377 16 177 23 4343 1
378 14 122 20 3199 1
379 27 122 20 3199 1
380 1 160 17 2233 1
381 1 160 17 2233 1
382 3 160 17 2071 1
383 23 165 11 924 1
384 9 150 15 1390 1
385 17 150 15 1390 1
386 16 182 19 3611 1
387 20 157 3 534 1
388 39 157 3 534 1
389 18 149 4 824 1
390 7 187 12 3264 1
391 1 188 13 2223 1
392 1 188 13 2223 1
393 1 188 13 2223 1
394 1 188 13 2223 1
395 13 113 8 1034 1
396 7 116 17 2432 1
397 13 116 17 2432 1
398 61 144 12 2398 1
399 24 181 11 1694 1
400 24 146 14 1819 1
401 21 182 29 6621 1
402 5 155 17 3136 1
403 9 148 16 2904 1
404 17 148 16 2904 1
405 2 189 20 2844 1
406 3 189 20 2844 1
407 15 184 21 3750 1
408 7 193 11 1332 1
409 8 194 18 3428 1
410 71 195 18 4752 1
411 5 197 16 4493 1
412 2 196 14 2705 1
413 3 196 14 2705 1
414 9 194 20 5233 1
415 17 194 20 5233 1
416 25 194 20 5233 1
417 12 193 16 3644 1
418 42 194 25 6905 1
419 9 196 21 5680 1
420 17 196 21 5680 1
421 9 194 16 3311 1
422 17 194 16 3311 1
423 8 196 16 1742 1
424 8 196 22 4272 1
425 15 193 21 4990 1
426 9 196 23 3146 1
427 17 196 23 3146 1
428 25 196 23 3146 1
429 33 196 23 3146 1
430 41 196 23 3146 1
431 2 197 20 4369 1
432 42 197 16 3388 1
433 12 194 26 4987 1
434 23 194 26 4987 1
435 15 196 18 5082 1
436 16 197 18 3979 1
437 22 223 12 3798 1
438 32 212 11 3278 1
439 25 216 14 3275 1
440 35 208 18 3767 1
441 9 201 12 3093 1
442 8 223 20 3463 1
443 31 199 12 2815 1
444 60 201 9 1262 1
445 27 221 13 4308 1
446 25 217 11 1745 1
447 7 198 18 3004 1
448 25 202 8 2109 1
449 15 209 20 5129 1
450 190 198 13 2775 1
451 28 211 10 2115 1
452 14 217 14 2759 1
453 49 220 12 1637 1
454 97 220 12 1637 1
455 11 210 11 3294 1
456 6 216 12 3583 1
457 11 216 12 3583 1
458 9 226 17 4668 1
459 17 226 17 4668 1
460 25 226 17 4668 1
461 33 226 17 4668 1
462 41 226 17 4668 1
463 49 226 17 4668 1
464 57 226 17 4668 1
465 7 209 31 7067 1
466 13 209 31 7067 1
467 28 210 23 5078 1
468 8 199 12 2389 1
469 15 199 12 2389 1
470 26 220 15 2799 1
471 34 217 15 4134 1
472 67 217 15 4134 1
473 100 217 15 4134 1
474 22 208 17 3946 1
475 8 211 13 1915 1
476 15 211 13 1915 1
477 54 198 30 7642 1
478 9 221 11 3271 1
479 28 213 18 4996 1
480 44 208 4 1107 1
481 9 200 16 4037 1
482 29 200 15 2405 1
483 57 200 15 2405 1
484 25 200 15 2779 1
485 49 200 15 2779 1
486 33 199 13 3425 1
487 65 199 13 3425 1
488 49 211 11 2847 1
489 22 209 19 2005 1
490 21 226 14 3451 1
491 8 209 13 3869 1
492 15 209 13 3869 1
493 22 209 13 3869 1
494 10 213 8 1828 1
495 32 199 9 1985 1
496 6 222 9 2033 1
497 3 216 10 2797 1
498 9 213 12 3607 1
499 9 202 10 2505 1
500 17 202 10 2505 1
501 25 202 10 2505 1
502 23 200 19 5285 1
503 23 216 14 4213 1
504 47 198 15 2912 1
505 93 198 15 2912 1
506 139 198 15 2912 1
507 16 222 17 3033 1
508 26 211 13 2009 1
509 32 201 13 3683 1
510 63 201 13 3683 1
511 30 221 11 1648 1
512 13 217 14 2848 1
513 6 226 14 1766 1
514 11 226 14 1766 1
515 8 202 17 1731 1
516 15 202 17 1731 1
517 8 201 14 2459 1
518 47 212 16 2385 1
519 15 210 32 3740 1
520 24 200 18 2333 1
521 6 217 13 3703 1
522 11 217 13 3703 1
523 8 216 13 2811 1
524 15 216 13 2811 1
525 18 221 12 1483 1
526 15 208 12 2169 1
527 15 223 24 3863 1
528 3 223 19 2331 1
529 2 200 7 1883 1
530 30 209 16 1697 1
531 59 209 16 1697 1
532 27 200 14 2080 1
533 41 198 6 970 1
534 8 216 21 6218 1
535 28 208 14 3307 1
536 27 220 14 3338 1
537 10 200 10 2213 1
538 19 200 10 2213 1
539 28 200 10 2213 1
540 29 211 16 4293 1
541 7 199 16 4638 1
542 13 199 16 4638 1
543 32 212 12 2368 1
544 29 220 19 5543 1
545 10 217 13 2879 1
546 19 217 13 2879 1
547 9 211 21 5619 1
548 17 211 21 5619 1
549 22 210 12 2987 1
550 14 202 8 2265 1
551 26 208 11 1455 1
552 15 226 5 1686 1
553 6 209 19 4160 1
554 11 209 19 4160 1
555 62 200 18 3351 1
556 10 223 13 3003 1
557 19 223 13 3003 1
558 6 213 3 837 1
559 11 213 3 837 1
560 39 212 16 4857 1
561 6 220 18 2112 1
562 35 263 11 2488 1
563 55 241 20 4122 1
564 68 252 19 4478 1
565 70 256 13 2358 1
566 139 256 13 2358 1
567 4 263 17 5425 1
568 24 236 7 1562 1
569 47 236 7 1562 1
570 70 236 7 1562 1
571 6 262 17 4567 1
572 5 256 22 5431 1
573 27 236 12 2128 1
574 53 236 12 2128 1
575 9 240 16 3463 1
576 31 237 5 1399 1
577 9 260 29 5228 1
578 17 260 29 5228 1
579 1 255 22 3886 1
580 1 255 22 3886 1
581 5 263 9 3373 1
582 4 252 5 1315 1
583 24 228 15 4943 1
584 5 250 20 4233 1
585 31 263 12 2052 1
586 27 262 10 2845 1
587 6 261 18 4908 1
588 36 228 15 2012 1
589 5 237 19 5559 1
590 9 237 19 5559 1
591 7 232 14 2062 1
592 13 232 14 2062 1
593 35 242 20 4333 1
594 76 252 23 7824 1
595 61 242 16 3984 1
596 4 250 16 3222 1
597 25 242 19 3082 1
598 22 228 9 2498 1
599 23 263 18 2501 1
600 19 236 9 2977 1
601 5 252 19 6418 1
602 60 242 7 1479 1
603 95 231 18 4464 1
604 189 231 18 4464 1
605 283 231 18 4464 1
606 3 236 15 3624 1
607 5 236 15 3624 1
608 35 247 13 2330 1
609 2 261 12 2651 1
610 30 228 11 2924 1
611 59 228 11 2924 1
612 88 229 9 2854 1
613 22 242 23 4007 1
614 7 227 29 5067 1
615 13 227 29 5067 1
616 19 227 29 5067 1
617 31 255 13 3647 1
618 11 241 17 3866 1
619 24 231 15 4603 1
620 22 260 20 6116 1
621 43 260 20 6116 1
622 6 260 14 3307 1
623 8 263 12 4041 1
624 42 241 16 4899 1
625 22 231 11 2309 1
626 29 241 5 816 1
627 16 260 18 6741 1
628 31 260 18 6741 1
629 55 242 8 1739 1
630 26 232 19 2310 1
631 49 252 21 4052 1
632 5 256 13 4297 1
633 7 256 9 2603 1
634 60 245 17 2329 1
635 8 235 17 3839 1
636 15 235 17 3839 1
637 4 232 11 1861 1
638 7 232 11 1861 1
639 22 259 12 3728 1
640 43 259 12 3728 1
641 2 232 17 3755 1
642 29 228 12 1860 1
643 57 228 12 1860 1
644 22 232 9 1691 1
645 80 240 17 5671 1
646 229 242 14 1779 1
647 6 231 9 2805 1
648 11 231 9 2805 1
649 16 231 9 2805 1
650 21 231 9 2805 1
651 26 231 9 2805 1
652 5 245 16 5725 1
653 9 245 16 5725 1
654 35 256 4 1505 1
655 8 239 16 2006 1
656 70 237 14 3086 1
657 29 260 21 8021 1
658 22 260 18 6110 1
659 14 263 8 2156 1
660 27 263 8 2156 1
661 40 263 8 2156 1
662 53 263 8 2156 1
663 23 256 19 4603 1
664 27 250 20 5448 1
665 23 245 19 4235 1
666 17 250 22 4558 1
667 22 236 15 2916 1
668 17 240 11 2636 1
669 33 240 11 2636 1
670 49 240 11 2636 1
671 65 240 11 2636 1
672 19 235 18 5244 1
673 37 235 18 5244 1
674 55 235 18 5244 1
675 21 239 4 1307 1
676 19 256 23 6618 1
677 4 235 12 1531 1
678 3 245 19 4186 1
679 44 237 15 4487 1
680 3 237 14 4627 1
681 25 255 2 597 1
682 49 255 2 597 1
683 36 227 17 2527 1
684 28 285 19 2787 1
685 55 285 19 2787 1
686 82 285 19 2787 1
687 25 270 12 1874 1
688 6 266 22 7789 1
689 13 275 24 5917 1
690 37 280 3 1256 1
691 4 302 12 5001 1
692 15 300 15 5890 1
693 21 283 14 2882 1
694 36 293 15 6411 1
695 71 293 15 6411 1
696 24 292 21 5310 1
697 47 292 21 5310 1
698 14 265 16 5011 1
699 27 265 16 5011 1
700 40 265 16 5011 1
701 9 281 16 5917 1
702 14 279 13 5208 1
703 27 279 13 5208 1
704 21 275 13 3174 1
705 24 294 9 1763 1
706 37 285 13 5346 1
707 21 277 15 6144 1
708 23 275 29 5524 1
709 23 300 23 4444 1
710 45 300 23 4444 1
711 20 296 24 7439 1
712 21 293 15 3796 1
713 41 293 15 3796 1
714 61 293 15 3796 1
715 81 293 15 3796 1
716 101 293 15 3796 1
717 39 302 20 4066 1
718 58 267 17 2557 1
719 39 299 14 2935 1
720 18 280 19 4666 1
721 20 270 18 6958 1
722 33 264 23 6361 1
723 80 264 15 5745 1
724 7 267 22 3240 1
725 20 294 11 4198 1
726 6 281 17 4172 1
727 11 281 17 4172 1
728 2 275 6 2451 1
729 19 276 14 4727 1
730 37 276 14 4727 1
731 24 267 10 2953 1
732 1 301 26 4450 1
733 1 301 26 4450 1
734 70 278 22 7723 1
735 40 296 18 6983 1
736 44 283 20 5398 1
737 33 283 8 1145 1
738 50 300 24 6987 1
739 99 300 24 6987 1
740 74 272 16 2532 1
741 147 272 16 2532 1
742 8 264 10 3875 1
743 2 279 23 5446 1
744 6 269 21 3023 1
745 24 292 21 8183 1
746 26 276 20 5570 1
747 35 268 3 1142 1
748 103 270 27 6305 1
749 40 268 17 5088 1
750 79 268 17 5088 1
751 14 279 14 3707 1
752 27 279 14 3707 1
753 40 279 14 3707 1
754 53 279 14 3707 1
755 4 276 20 5310 1
756 17 296 22 5702 1
757 33 296 22 5702 1
758 54 294 18 4394 1
759 24 299 7 2107 1
760 29 295 22 4065 1
761 57 295 22 4065 1
762 85 295 22 4065 1
763 113 295 22 4065 1
764 24 281 16 6224 1
765 2 279 13 3965 1
766 28 301 15 3789 1
767 55 301 15 3789 1
768 38 267 15 4476 1
769 35 277 15 4690 1
770 29 296 11 4655 1
771 33 265 13 2174 1
772 6 292 19 3185 1
773 16 301 20 7060 1
774 31 301 20 7060 1
775 46 301 20 7060 1
776 61 301 20 7060 1
777 76 301 20 7060 1
778 91 301 20 7060 1
779 106 301 20 7060 1
780 121 301 20 7060 1
781 217 281 22 3353 1
782 40 283 13 3053 1
783 22 265 37 11036 1
784 24 296 15 2713 1
785 78 279 16 3077 1
786 66 277 15 6189 1
787 42 296 18 7952 1
788 4 277 14 3276 1
789 27 267 11 1644 1
790 57 301 11 3164 1
791 4 269 12 3192 1
792 7 269 12 3192 1
793 22 275 12 4681 1
794 78 279 13 3292 1
795 31 271 21 6218 1
796 83 265 10 3038 1
797 19 265 15 3388 1
798 22 295 19 4717 1
799 16 267 11 3637 1
800 6 290 8 3032 1
801 20 281 13 5160 1
802 3 266 21 3465 1
803 5 266 21 3465 1
804 26 293 1 207 1
805 51 264 14 2443 1
806 6 276 7 2503 1
807 6 277 12 3436 1
808 29 281 23 6106 1
809 3 269 12 4630 1
810 69 299 11 2689 1
811 25 302 16 7196 1
812 4 280 16 4331 1
813 23 285 13 3358 1
814 24 266 15 4118 1
815 47 266 15 4118 1
816 5 267 13 2173 1
817 48 270 14 2678 1
818 25 295 14 5153 1
819 4 290 17 4670 1
820 42 302 16 5945 1
821 11 279 15 3714 1
822 57 293 12 2438 1
823 71 281 17 3112 1
824 141 281 17 3112 1
825 25 280 17 5523 1
826 60 279 22 8515 1
827 119 279 22 8515 1
828 3 283 23 6407 1
829 5 283 23 6407 1
830 23 290 2 337 1
831 45 290 2 337 1
832 23 275 15 3295 1
833 45 275 15 3295 1
834 7 302 28 7044 1
835 13 302 28 7044 1
836 19 302 28 7044 1
837 59 296 13 2003 1
838 117 296 13 2003 1
839 32 266 8 1372 1
840 13 280 15 6005 1
841 25 280 15 6005 1
842 4 277 22 4890 1
843 38 271 17 6312 1
844 28 299 16 5663 1
845 14 294 15 3891 1
846 9 277 26 7591 1
847 86 269 12 4454 1
848 2 278 26 4771 1
849 24 269 13 3089 1
850 7 295 20 4848 1
851 24 276 12 3399 1
852 4 293 16 6276 1
853 11 299 13 3477 1
854 5 280 8 1333 1
855 27 277 16 4218 1
856 52 266 13 4660 1
857 103 266 13 4660 1
858 27 272 22 7044 1
859 23 267 11 4115 1
860 25 275 19 6120 1
861 49 275 19 6120 1
862 23 290 20 4623 1
863 21 316 15 6408 1
864 23 338 13 4910 1
865 59 306 9 3252 1
866 23 321 19 5600 1
867 41 319 12 3698 1
868 25 305 15 6804 1
869 49 305 15 6804 1
870 67 304 15 3963 1
871 2 305 10 3553 1
872 59 335 28 13730 1
873 27 334 12 2276 1
874 54 306 18 3412 1
875 70 331 15 3379 1
876 54 316 18 4567 1
877 27 334 22 6232 1
878 25 323 16 6471 1
879 75 329 10 1996 1
880 26 319 10 4547 1
881 26 321 14 5412 1
882 25 304 36 15886 1
883 39 316 13 2482 1
884 55 318 15 6396 1
885 45 334 19 6430 1
886 72 306 12 3678 1
887 63 334 12 5221 1
888 23 302 29 8942 1
889 47 316 16 6320 1
890 93 316 16 6320 1
891 48 331 23 9058 1
892 66 337 28 8266 1
893 131 337 28 8266 1
894 60 319 26 8189 1
895 47 335 20 9146 1
896 93 335 20 9146 1
897 145 306 23 7567 1
898 65 340 28 10372 1
899 99 338 12 5949 1
900 25 334 22 10065 1
901 68 323 22 7232 1
902 135 323 22 7232 1
903 24 333 12 5901 1
904 119 325 12 2996 1
905 27 336 19 9475 1
906 157 340 20 6016 1
907 67 306 15 5900 1
908 33 302 20 7339 1
909 70 337 10 2421 1
910 59 335 7 2090 1
911 39 340 18 7084 1
912 23 340 27 10337 1
913 67 325 26 11239 1
914 71 336 18 3346 1
915 26 338 33 11733 1
916 17 321 26 12044 1
917 28 325 11 5317 1
918 23 302 32 5560 1
919 65 331 18 8249 1
920 24 334 22 8509 1
921 47 334 22 8509 1
922 70 334 22 8509 1
923 100 306 19 6189 1
924 26 323 8 1415 1
925 115 338 27 12871 1
926 124 304 21 8871 1
927 15 339 7 1238 1
928 27 337 34 14675 1
929 53 337 34 14675 1
930 21 339 12 4326 1
931 41 339 12 4326 1
932 20 338 18 3173 1
933 33 335 19 7883 1
934 28 325 24 7006 1
935 55 325 24 7006 1
936 26 325 18 4781 1
937 26 306 16 6708 1
938 16 334 20 7229 1
939 2 338 16 4929 1
940 48 338 13 2451 1
941 54 336 13 2633 1
942 107 336 13 2633 1
943 160 336 13 2633 1
944 32 338 22 7685 1
945 63 338 22 7685 1
946 26 338 25 10199 1
947 20 335 12 5320 1
948 27 316 15 4615 1
949 27 335 19 3679 1
950 40 319 15 4979 1
951 36 335 24 6874 1
952 71 335 24 6874 1
953 1 305 23 7351 1
954 50 364 27 9891 1
955 64 367 25 6563 1
956 61 398 29 14759 1
957 24 348 18 7080 1
958 28 396 28 12494 1
959 47 396 20 6818 1
960 101 367 15 4156 1
961 133 353 27 7401 1
962 47 366 24 10970 1
963 51 398 32 17273 1
964 24 353 30 6848 1
965 61 365 42 14057 1
966 30 369 22 4814 1
967 51 364 21 10295 1
968 78 399 29 10857 1
969 18 369 32 9318 1
970 50 353 36 9146 1
971 51 349 27 13142 1
972 115 364 23 8852 1
973 229 364 23 8852 1
974 47 364 14 4975 1
975 23 351 27 8774 1
976 62 396 37 12359 1
977 55 348 11 5363 1
978 48 348 22 11033 1
979 124 368 17 8127 1
980 26 400 36 20789 1
981 50 347 38 9197 1
982 46 347 19 3379 1
983 23 353 34 17211 1
984 25 400 29 8631 1
985 49 400 29 8631 1
986 55 365 25 11550 1
987 46 396 27 7917 1
988 51 364 25 10472 1
989 24 353 23 10109 1
990 34 398 18 6549 1
991 57 364 23 10174 1
992 52 399 26 15331 1
993 119 351 20 4844 1
994 74 366 22 11275 1
995 49 353 16 6500 1
996 46 367 22 6189 1
997 65 399 25 12789 1
998 51 365 19 4387 1
999 57 369 26 10175 1
1000 27 348 30 10248 1
1001 84 365 23 7711 1
1002 113 365 31 14743 1
1003 54 348 27 9764 1
1004 24 367 23 6685 1
1005 46 400 24 13141 1
1006 25 347 20 4360 1
1007 50 365 28 9429 1
1008 24 348 24 11482 1
1009 84 399 17 9823 1
1010 78 349 26 5978 1
1011 58 399 23 11460 1
1012 56 396 11 3531 1
1013 20 353 22 4799 1
1014 28 347 28 11632 1
1015 51 347 17 8750 1
1016 26 398 26 11534 1
1017 50 400 33 13620 1
1018 53 350 11 3053 1
1019 24 353 18 5390 1
1020 49 365 18 8460 1
1021 50 369 29 5571 1
1022 99 369 29 5571 1
1023 39 351 24 9320 1
1024 78 349 25 11598 1
1025 18 398 28 13430 1
1026 51 399 8 2616 1
1027 69 400 23 7535 1
1028 17 350 12 2260 1
1029 135 350 27 13892 1
1030 26 350 22 4207 1
1031 50 348 28 6153 1
1032 25 365 26 5770 1
1033 22 349 19 9364 1
1034 23 396 33 18259 1
1035 107 367 32 16818 1
1036 119 396 28 13327 1
1037 29 350 13 6558 1
40
235 400 530 450 480 440 440 544 580 580 580 540 600 610 575 660 450 450 375 450 450 600 600 600 400 426 500 500 500 500 500 500 600 600 600 400 400 600 425 425 