1037
1 4 159 21 1975 1
2 5 160 13 1415 1
3 7 167 17 3803 1
4 19 133 20 1903 1
5 8 185 17 4161 1
6 10 178 9 2168 1
7 6 175 15 3425 1
8 23 163 14 2742 1
9 45 163 14 2742 1
10 67 163 14 2742 1
11 13 184 6 924 1
12 15 159 17 3275 1
13 24 176 19 1677 1
14 11 184 11 2642 1
15 21 184 11 2642 1
16 5 189 14 3571 1
17 9 189 14 3571 1
18 19 140 14 2531 1
19 25 149 21 4379 1
20 8 191 27 5329 1
21 15 191 27 5329 1
22 22 191 27 5329 1
23 8 121 7 729 1
24 15 121 7 729 1
25 18 168 22 3913 1
26 35 168 22 3913 1
27 6 191 20 5077 1
28 11 191 20 5077 1
29 16 191 20 5077 1
30 122 159 13 1631 1
31 16 169 17 2904 1
32 11 182 19 4389 1
33 21 182 19 4389 1
34 13 189 24 4927 1
35 25 189 24 4927 1
36 6 172 9 1884 1
37 11 172 9 1884 1
38 16 172 9 1884 1
39 21 172 9 1884 1
40 26 172 9 1884 1
41 31 172 9 1884 1
42 36 172 9 1884 1
43 41 172 9 1884 1
44 46 172 9 1884 1
45 5 158 16 2159 1
46 9 158 16 2159 1
47 13 158 16 2159 1
48 17 158 16 2159 1
49 21 158 16 2159 1
50 18 169 30 4154 1
51 5 175 26 4784 1
52 14 163 21 4300 1
53 8 147 25 3907 1
54 26 158 15 1419 1
55 48 146 13 1566 1
56 7 173 20 1734 1
57 13 173 20 1734 1
58 19 173 20 1734 1
59 6 137 21 3761 1
60 7 144 14 2445 1
61 13 144 14 2445 1
62 19 144 14 2445 1
63 15 191 21 4357 1
64 29 191 21 4357 1
65 20 141 12 2220 1
66 65 143 16 3065 1
67 8 87 6 699 1
68 15 87 6 699 1
69 22 87 6 699 1
70 29 87 6 699 1
71 36 87 6 699 1
72 21 120 15 2530 1
73 5 122 17 2623 1
74 16 188 11 2127 1
75 31 188 11 2127 1
76 14 173 15 1801 1
77 27 173 15 1801 1
78 15 171 16 3640 1
79 7 166 16 2087 1
80 19 191 13 1362 1
81 4 191 16 4125 1
82 11 150 2 157 1
83 21 150 2 157 1
84 21 137 14 2048 1
85 73 133 13 2155 1
86 11 122 7 1077 1
87 1 175 26 4739 1
88 7 163 21 4726 1
89 13 163 21 4726 1
90 11 168 19 3458 1
91 21 169 20 3414 1
92 9 188 14 2755 1
93 17 112 8 568 1
94 33 112 8 568 1
95 20 125 16 1353 1
96 39 125 16 1353 1
97 26 174 35 5353 1
98 4 130 11 749 1
99 7 130 11 749 1
100 10 130 11 749 1
101 13 130 11 749 1
102 20 122 5 448 1
103 22 87 2 254 1
104 8 181 17 3695 1
105 6 87 6 684 1
106 11 87 6 684 1
107 16 87 6 684 1
108 21 87 6 684 1
109 15 178 17 4053 1
110 29 178 17 4053 1
111 16 137 13 2079 1
112 11 144 9 844 1
113 10 122 12 1134 1
114 19 122 12 1134 1
115 28 122 12 1134 1
116 8 183 17 4480 1
117 15 183 17 4480 1
118 11 122 14 2425 1
119 5 178 11 1481 1
120 16 181 21 5536 1
121 16 158 16 2106 1
122 3 175 7 1460 1
123 14 175 28 3369 1
124 3 122 14 1898 1
125 5 122 14 1898 1
126 7 122 14 1898 1
127 26 131 17 1469 1
128 5 170 18 3762 1
129 9 170 18 3762 1
130 9 126 16 1333 1
131 17 126 16 1333 1
132 5 162 10 1384 1
133 9 162 10 1384 1
134 11 180 12 1322 1
135 21 180 12 1322 1
136 31 180 12 1322 1
137 21 150 15 1791 1
138 22 159 22 4290 1
139 4 176 26 3140 1
140 11 113 18 1759 1
141 16 134 12 2189 1
142 23 180 16 2770 1
143 26 180 13 1874 1
144 51 180 13 1874 1
145 4 140 14 2083 1
146 7 140 14 2083 1
147 10 140 14 2083 1
148 45 87 9 406 1
149 9 177 24 5997 1
150 16 183 16 3359 1
151 17 169 18 2694 1
152 16 184 11 2692 1
153 11 152 15 3069 1
154 15 169 14 1583 1
155 18 134 16 3077 1
156 12 131 19 3397 1
157 23 131 19 3397 1
158 34 131 19 3397 1
159 16 189 12 2279 1
160 8 145 15 2379 1
161 15 145 15 2379 1
162 19 135 15 1798 1
163 12 187 8 1467 1
164 9 144 15 2864 1
165 17 144 15 2864 1
166 5 160 21 3731 1
167 9 160 21 3731 1
168 9 165 24 4520 1
169 7 137 13 2166 1
170 65 169 15 3318 1
171 9 177 15 2188 1
172 17 177 15 2188 1
173 25 177 15 2188 1
174 9 185 19 2768 1
175 17 185 19 2768 1
176 4 113 13 1924 1
177 7 170 14 3146 1
178 17 178 13 2152 1
179 7 120 14 895 1
180 13 120 14 895 1
181 2 165 17 2284 1
182 3 165 17 2284 1
183 4 165 17 2284 1
184 5 165 17 2284 1
185 11 189 18 3134 1
186 21 189 18 3134 1
187 31 189 18 3134 1
188 41 189 18 3134 1
189 14 154 23 4174 1
190 6 133 12 1097 1
191 11 133 12 1097 1
192 16 133 12 1097 1
193 21 133 12 1097 1
194 26 133 12 1097 1
195 9 144 8 1606 1
196 4 175 16 3468 1
197 7 175 16 3468 1
198 10 175 16 3468 1
199 13 175 16 3468 1
200 16 175 16 3468 1
201 19 175 16 3468 1
202 7 182 5 964 1
203 3 141 18 2327 1
204 5 141 18 2327 1
205 19 174 11 1252 1
206 7 143 16 1177 1
207 22 169 17 2304 1
208 19 162 13 1723 1
209 15 150 8 1401 1
210 3 133 18 3073 1
211 5 133 18 3073 1
212 7 133 18 3073 1
213 15 155 18 3738 1
214 29 155 18 3738 1
215 43 155 18 3738 1
216 57 155 18 3738 1
217 71 155 18 3738 1
218 85 155 18 3738 1
219 9 87 11 555 1
220 17 87 11 555 1
221 8 166 16 2343 1
222 19 165 16 3869 1
223 37 165 16 3869 1
224 10 174 19 3519 1
225 88 125 9 1488 1
226 85 166 21 3397 1
227 5 122 18 1495 1
228 10 167 13 1256 1
229 19 167 13 1256 1
230 28 167 13 1256 1
231 37 167 13 1256 1
232 16 188 1 223 1
233 20 180 10 2023 1
234 39 180 10 2023 1
235 20 160 14 2309 1
236 39 160 14 2309 1
237 58 160 14 2309 1
238 9 177 10 2633 1
239 11 171 8 1023 1
240 3 91 11 739 1
241 14 133 18 2818 1
242 9 159 12 2120 1
243 17 159 12 2120 1
244 16 169 17 2794 1
245 5 169 22 3410 1
246 16 147 12 2330 1
247 10 147 22 4237 1
248 2 175 25 2546 1
249 3 175 25 2546 1
250 1 140 9 681 1
251 1 140 9 681 1
252 4 189 14 2195 1
253 9 112 5 771 1
254 7 120 15 1778 1
255 13 120 15 1778 1
256 19 120 15 1778 1
257 25 120 15 1778 1
258 31 120 15 1778 1
259 4 130 11 1012 1
260 7 130 11 1012 1
261 18 172 15 3116 1
262 6 177 14 2618 1
263 48 130 13 2247 1
264 6 154 9 2005 1
265 4 112 15 2135 1
266 2 157 21 4129 1
267 19 180 23 5061 1
268 95 150 11 1845 1
269 9 113 5 782 1
270 12 113 9 1501 1
271 15 187 22 3914 1
272 8 122 8 921 1
273 16 145 9 926 1
274 12 189 22 3344 1
275 4 170 26 5582 1
276 7 170 26 5582 1
277 6 130 13 2340 1
278 11 130 13 2340 1
279 16 130 13 2159 1
280 2 126 6 559 1
281 3 126 6 559 1
282 4 126 6 559 1
283 8 134 12 2108 1
284 9 149 14 1703 1
285 12 171 19 4546 1
286 17 145 8 1031 1
287 15 173 22 4330 1
288 15 116 8 1132 1
289 15 188 20 5188 1
290 7 134 15 2573 1
291 29 145 17 1310 1
292 7 143 12 2429 1
293 1 146 20 3244 1
294 7 146 23 3317 1
295 13 146 23 3317 1
296 23 113 15 1916 1
297 45 113 15 1916 1
298 67 113 15 1916 1
299 89 113 15 1916 1
300 7 147 17 2918 1
301 13 147 17 2918 1
302 19 147 17 2918 1
303 25 147 17 2918 1
304 31 147 17 2918 1
305 37 147 17 2918 1
306 43 147 17 2918 1
307 10 154 13 1128 1
308 17 181 11 1685 1
309 33 181 11 1685 1
310 12 189 8 879 1
311 4 148 14 2993 1
312 15 176 31 5219 1
313 23 112 7 806 1
314 9 180 15 3616 1
315 10 122 10 801 1
316 7 155 9 869 1
317 13 155 9 869 1
318 19 155 9 869 1
319 25 155 9 869 1
320 4 159 12 2005 1
321 7 159 12 2005 1
322 10 159 12 2005 1
323 7 137 12 1063 1
324 13 137 12 1063 1
325 19 137 12 1063 1
326 25 137 12 1063 1
327 4 149 14 1044 1
328 6 113 8 709 1
329 16 148 6 717 1
330 9 185 12 2714 1
331 10 155 33 5612 1
332 18 171 19 1705 1
333 21 135 17 1635 1
334 41 135 17 1635 1
335 15 154 18 2827 1
336 6 121 12 1868 1
337 10 169 37 3178 1
338 15 173 10 871 1
339 29 173 10 871 1
340 43 173 10 871 1
341 57 173 10 871 1
342 71 173 10 871 1
343 5 183 16 2473 1
344 9 183 16 2473 1
345 28 169 20 2288 1
346 16 141 8 1239 1
347 6 148 11 1757 1
348 4 180 15 3424 1
349 5 191 24 4352 1
350 9 191 24 4352 1
351 13 191 24 4352 1
352 16 137 10 870 1
353 6 168 14 2989 1
354 23 146 20 3444 1
355 45 146 20 3444 1
356 24 113 10 1389 1
357 4 155 27 2730 1
358 7 155 27 2730 1
359 10 155 27 2730 1
360 13 155 27 2730 1
361 16 155 27 2730 1
362 19 155 27 2730 1
363 22 155 27 2730 1
364 25 155 27 2730 1
365 28 155 27 2730 1
366 16 189 20 4613 1
367 19 133 1 149 1
368 3 154 9 695 1
369 10 157 14 2276 1
370 19 157 14 2276 1
371 16 165 7 1047 1
372 15 126 20 2659 1
373 5 175 12 1614 1
374 9 175 12 1614 1
375 12 143 12 2203 1
376 23 143 12 2203 1
377 34 143 12 2203 1
378 45 143 12 2203 1
379 21 174 16 3061 1
380 15 182 17 3729 1
381 9 125 9 1527 1
382 17 125 9 1527 1
383 7 158 6 1079 1
384 13 158 6 1079 1
385 19 158 6 1079 1
386 17 168 8 1718 1
387 3 184 37 8256 1
388 5 184 37 8256 1
389 6 146 14 2339 1
390 11 146 14 2339 1
391 5 131 16 1883 1
392 9 131 16 1883 1
393 13 131 16 1883 1
394 17 131 16 1883 1
395 21 131 16 1883 1
396 13 133 9 1421 1
397 15 147 12 1225 1
398 29 147 12 1225 1
399 7 101 12 674 1
400 6 162 13 1296 1
401 9 170 13 2191 1
402 17 135 22 3006 1
403 10 148 35 3332 1
404 6 181 32 6136 1
405 7 157 22 4302 1
406 13 157 22 4302 1
407 19 157 22 4302 1
408 8 197 19 5092 1
409 15 197 19 5092 1
410 8 196 7 782 1
411 15 196 7 782 1
412 22 196 7 782 1
413 29 196 7 782 1
414 36 196 7 782 1
415 8 196 11 1789 1
416 15 196 11 1789 1
417 14 196 20 3369 1
418 27 196 20 3369 1
419 8 196 16 4281 1
420 15 196 16 4281 1
421 17 195 24 4915 1
422 33 195 24 4915 1
423 8 195 19 4038 1
424 15 195 19 4038 1
425 25 194 22 4526 1
426 21 196 16 4645 1
427 8 195 26 3911 1
428 15 195 26 3911 1
429 22 195 26 3911 1
430 9 196 9 952 1
431 17 196 9 952 1
432 2 195 5 1116 1
433 19 197 16 4139 1
434 14 195 15 3726 1
435 27 195 15 3726 1
436 9 197 21 4480 1
437 42 226 16 2813 1
438 5 226 19 4180 1
439 9 226 19 4180 1
440 13 226 19 4180 1
441 17 226 19 4180 1
442 7 211 12 1944 1
443 6 226 18 3829 1
444 11 226 18 3829 1
445 16 226 18 3829 1
446 21 226 18 3829 1
447 26 226 18 3829 1
448 31 226 18 3829 1
449 36 226 18 3829 1
450 41 226 18 3829 1
451 8 226 9 1205 1
452 7 200 13 1732 1
453 28 198 10 2122 1
454 10 221 17 5166 1
455 2 209 11 1334 1
456 30 223 17 3205 1
457 59 223 17 3205 1
458 88 223 17 3205 1
459 117 223 17 3205 1
460 9 211 22 5866 1
461 28 200 13 3851 1
462 24 198 17 2619 1
463 47 198 17 2619 1
464 10 220 15 4547 1
465 9 212 25 7666 1
466 6 216 13 2804 1
467 16 217 15 1767 1
468 7 212 9 976 1
469 30 209 11 2847 1
470 59 209 11 2847 1
471 11 212 8 1008 1
472 11 217 10 2894 1
473 15 213 16 3554 1
474 29 213 2 366 1
475 57 213 2 366 1
476 85 213 2 366 1
477 33 212 12 2798 1
478 11 226 20 2318 1
479 10 198 15 2823 1
480 19 198 15 2823 1
481 28 198 15 2823 1
482 10 222 23 3219 1
483 31 202 16 4575 1
484 30 209 10 1382 1
485 27 202 20 3420 1
486 30 210 18 4309 1
487 28 208 12 3161 1
488 22 226 17 2983 1
489 30 208 11 1272 1
490 59 208 11 1272 1
491 88 208 11 1272 1
492 15 224 8 1181 1
493 13 213 11 2253 1
494 15 220 18 2043 1
495 30 201 20 2512 1
496 15 226 11 3364 1
497 16 200 14 1774 1
498 6 213 21 6676 1
499 9 220 13 2053 1
500 17 220 13 2053 1
501 8 198 11 2664 1
502 54 210 14 2179 1
503 15 216 10 1380 1
504 20 209 13 1655 1
505 28 202 6 640 1
506 39 209 12 1541 1
507 22 199 11 2531 1
508 29 216 5 606 1
509 57 216 5 606 1
510 27 199 18 5192 1
511 53 199 18 5192 1
512 79 199 18 5192 1
513 9 200 13 1898 1
514 17 200 13 1898 1
515 58 198 16 2156 1
516 46 223 11 2020 1
517 91 223 11 2020 1
518 10 200 23 5335 1
519 19 200 23 5335 1
520 43 210 8 1547 1
521 13 216 18 3646 1
522 8 221 8 1290 1
523 5 208 18 3524 1
524 16 208 8 859 1
525 31 208 8 859 1
526 15 217 12 3305 1
527 11 200 5 821 1
528 10 200 21 4367 1
529 32 201 10 1584 1
530 63 201 10 1584 1
531 15 202 14 3689 1
532 26 198 9 1825 1
533 10 224 13 2277 1
534 8 224 5 1567 1
535 35 221 10 2807 1
536 5 208 22 3752 1
537 6 220 17 4427 1
538 11 211 19 5447 1
539 13 212 15 4029 1
540 36 223 11 2476 1
541 14 223 12 1356 1
542 27 223 12 1356 1
543 40 223 12 1356 1
544 15 216 23 5156 1
545 29 216 23 5156 1
546 2 210 8 948 1
547 11 202 10 1337 1
548 24 201 14 1931 1
549 47 201 14 1931 1
550 70 201 14 1931 1
551 93 201 14 1931 1
552 116 201 14 1931 1
553 30 216 7 1959 1
554 59 216 7 1959 1
555 5 210 13 3332 1
556 24 216 10 1557 1
557 47 216 10 1557 1
558 70 216 10 1557 1
559 8 209 10 1244 1
560 15 209 10 1244 1
561 30 216 2 532 1
562 36 259 14 4778 1
563 34 229 16 4074 1
564 16 228 10 3419 1
565 31 228 10 3419 1
566 46 228 10 3419 1
567 22 245 13 3248 1
568 43 245 13 3248 1
569 25 259 4 1205 1
570 15 261 24 3246 1
571 4 262 12 3601 1
572 4 229 19 2335 1
573 7 229 19 2335 1
574 10 229 19 2335 1
575 77 241 20 5519 1
576 70 259 13 3342 1
577 35 236 10 2183 1
578 25 227 19 3205 1
579 49 227 19 3205 1
580 27 256 27 8243 1
581 28 245 12 2959 1
582 10 260 9 2016 1
583 27 252 15 5407 1
584 53 252 15 5407 1
585 79 252 15 5407 1
586 61 255 22 2952 1
587 22 260 19 6048 1
588 2 231 8 2411 1
589 29 250 14 2530 1
590 36 247 13 4035 1
591 6 228 10 1486 1
592 21 262 16 4863 1
593 7 262 18 4013 1
594 9 245 20 2635 1
595 24 250 11 3071 1
596 26 256 15 2130 1
597 51 256 15 2130 1
598 15 250 21 5005 1
599 16 240 25 8794 1
600 31 240 25 8794 1
601 35 259 18 3412 1
602 69 259 18 3412 1
603 5 247 8 2185 1
604 9 247 8 2185 1
605 13 247 8 2185 1
606 22 239 14 4467 1
607 5 242 11 2546 1
608 59 250 5 1344 1
609 29 227 10 2764 1
610 7 252 18 4969 1
611 7 231 13 1526 1
612 13 231 13 1526 1
613 1 262 17 4317 1
614 18 245 16 3627 1
615 23 236 17 2724 1
616 7 227 12 2627 1
617 6 229 15 1854 1
618 54 245 11 2828 1
619 24 241 10 2333 1
620 31 260 29 11107 1
621 27 261 20 3827 1
622 32 255 15 4393 1
623 9 263 18 5533 1
624 36 231 13 2851 1
625 9 232 19 3273 1
626 18 250 19 6613 1
627 20 242 18 3521 1
628 6 236 18 2897 1
629 35 229 16 2224 1
630 69 229 16 2224 1
631 103 229 16 2224 1
632 34 262 11 3855 1
633 26 250 35 6617 1
634 12 236 21 2705 1
635 23 236 21 2705 1
636 41 236 14 3342 1
637 1 250 18 6491 1
638 21 236 10 2723 1
639 58 256 15 3675 1
640 55 252 12 3417 1
641 109 252 12 3417 1
642 163 252 12 3417 1
643 9 263 4 965 1
644 18 240 9 1288 1
645 6 245 7 1137 1
646 5 231 14 4674 1
647 18 252 13 3960 1
648 30 261 20 6040 1
649 59 261 20 6040 1
650 1 239 15 3322 1
651 30 259 22 5137 1
652 172 261 34 7722 1
653 61 239 10 2012 1
654 16 245 15 5022 1
655 33 247 14 4339 1
656 65 247 14 4339 1
657 31 239 16 4476 1
658 61 239 16 4476 1
659 6 259 18 3675 1
660 11 259 18 3675 1
661 16 259 18 3675 1
662 27 231 13 3611 1
663 67 231 5 1027 1
664 29 240 13 3460 1
665 58 236 12 3434 1
666 26 262 18 6807 1
667 11 245 22 6045 1
668 29 242 20 4074 1
669 39 252 15 3117 1
670 22 239 17 3418 1
671 43 239 17 3418 1
672 3 256 15 4641 1
673 35 231 13 4433 1
674 15 261 15 5697 1
675 4 236 19 5514 1
676 7 236 19 5514 1
677 17 241 24 3653 1
678 33 241 24 3653 1
679 1 256 20 4581 1
680 21 245 18 4795 1
681 36 232 10 1334 1
682 20 231 23 6780 1
683 39 231 23 6780 1
684 59 299 17 3011 1
685 117 299 17 3011 1
686 11 285 16 4034 1
687 21 285 16 4034 1
688 17 265 16 5194 1
689 23 281 30 4632 1
690 3 299 20 3331 1
691 5 299 20 3331 1
692 58 275 6 1214 1
693 20 276 15 3792 1
694 20 281 17 5399 1
695 39 281 17 5399 1
696 58 281 17 5399 1
697 77 281 17 5399 1
698 96 281 17 5399 1
699 20 265 14 2268 1
700 51 271 25 9592 1
701 23 279 15 4931 1
702 1 281 6 1717 1
703 24 277 17 4636 1
704 137 300 18 6751 1
705 22 302 22 8634 1
706 38 272 18 3353 1
707 18 292 24 7654 1
708 35 292 24 7654 1
709 52 292 24 7654 1
710 3 290 11 2828 1
711 5 290 11 2828 1
712 7 290 11 2828 1
713 43 276 18 7310 1
714 12 295 20 3812 1
715 21 267 7 2427 1
716 9 266 23 8378 1
717 13 270 10 3676 1
718 7 277 26 6014 1
719 32 281 31 7275 1
720 6 277 17 2508 1
721 2 269 16 4392 1
722 19 268 22 3058 1
723 37 268 22 3058 1
724 16 283 21 8105 1
725 41 302 21 6483 1
726 81 302 21 6483 1
727 10 292 17 6585 1
728 13 296 12 2096 1
729 25 296 12 2096 1
730 22 276 14 4005 1
731 77 283 14 3041 1
732 2 270 6 2175 1
733 61 267 13 4316 1
734 38 268 5 1594 1
735 18 301 20 4604 1
736 35 301 20 4604 1
737 34 277 18 2937 1
738 13 275 9 3647 1
739 24 264 17 6045 1
740 42 301 17 4095 1
741 25 283 16 5044 1
742 25 277 15 5786 1
743 6 278 18 3177 1
744 23 283 8 2107 1
745 45 283 8 2107 1
746 8 272 25 6327 1
747 5 266 22 2969 1
748 24 271 12 2489 1
749 26 264 22 5059 1
750 70 301 12 4781 1
751 9 283 18 5210 1
752 12 278 21 4105 1
753 23 265 4 709 1
754 40 272 8 1183 1
755 63 301 22 4886 1
756 125 301 22 4886 1
757 7 269 14 2772 1
758 48 268 18 3203 1
759 74 278 24 7477 1
760 25 275 12 4576 1
761 14 296 25 4863 1
762 27 296 25 4863 1
763 40 296 25 4863 1
764 36 281 17 2927 1
765 71 281 17 2927 1
766 43 301 20 4616 1
767 46 268 17 2462 1
768 30 283 26 10590 1
769 5 294 26 9719 1
770 15 265 13 4248 1
771 40 270 18 3144 1
772 13 300 24 6379 1
773 43 276 18 2821 1
774 34 290 18 4717 1
775 39 300 19 7781 1
776 93 270 20 6717 1
777 70 270 15 3625 1
778 8 302 15 2540 1
779 15 302 15 2540 1
780 17 269 17 6409 1
781 2 268 27 7895 1
782 44 278 15 3174 1
783 4 299 22 3807 1
784 23 294 10 3684 1
785 11 285 21 8505 1
786 21 285 21 8505 1
787 23 269 10 2074 1
788 45 269 10 2074 1
789 67 269 10 2074 1
790 89 269 10 2074 1
791 111 269 10 2074 1
792 133 269 10 2074 1
793 20 265 21 7574 1
794 82 269 20 6691 1
795 21 264 20 4528 1
796 41 264 20 4528 1
797 61 264 20 4528 1
798 81 264 20 4528 1
799 101 264 20 4528 1
800 18 293 13 5369 1
801 23 265 17 4817 1
802 23 294 18 2916 1
803 5 279 15 2734 1
804 9 279 15 2734 1
805 23 290 25 10697 1
806 6 277 18 5290 1
807 11 277 18 5290 1
808 86 279 5 1734 1
809 43 299 11 2772 1
810 24 299 11 4560 1
811 18 295 13 4413 1
812 27 278 23 6183 1
813 24 294 15 5867 1
814 17 296 15 5057 1
815 23 295 12 5282 1
816 45 295 12 5282 1
817 1 296 19 5630 1
818 26 267 13 2274 1
819 15 266 24 4390 1
820 69 267 19 3964 1
821 12 294 26 4736 1
822 12 268 19 3083 1
823 23 268 19 3083 1
824 22 265 8 2818 1
825 23 272 14 3557 1
826 18 296 23 10035 1
827 36 292 16 4151 1
828 71 292 16 4151 1
829 4 278 5 1758 1
830 50 267 12 3902 1
831 85 279 25 3648 1
832 6 296 23 7597 1
833 2 285 17 4396 1
834 4 294 15 4911 1
835 18 270 12 2718 1
836 39 283 14 2196 1
837 23 301 24 10776 1
838 27 265 13 5134 1
839 31 268 14 5377 1
840 23 279 18 6200 1
841 5 290 18 7357 1
842 26 285 17 4111 1
843 51 285 17 4111 1
844 76 285 17 4111 1
845 23 280 19 3053 1
846 45 280 19 3053 1
847 3 264 16 5470 1
848 74 271 18 4143 1
849 282 266 15 3984 1
850 27 278 9 2619 1
851 53 278 9 2619 1
852 20 281 15 6072 1
853 23 280 12 3796 1
854 45 280 12 3796 1
855 62 265 15 4784 1
856 53 301 19 3940 1
857 19 283 19 3697 1
858 5 283 13 5505 1
859 29 301 13 2670 1
860 57 301 13 2670 1
861 85 301 13 2670 1
862 113 301 13 2670 1
863 17 319 15 4913 1
864 33 319 15 4913 1
865 26 318 12 5690 1
866 72 338 19 9133 1
867 19 335 18 7016 1
868 72 336 27 10615 1
869 26 302 13 3085 1
870 148 336 26 8011 1
871 26 332 16 3085 1
872 27 336 16 2705 1
873 53 336 16 2705 1
874 69 331 9 4256 1
875 42 334 16 4134 1
876 17 340 18 3407 1
877 22 325 14 3866 1
878 67 340 22 5996 1
879 70 334 11 3027 1
880 22 319 18 4952 1
881 22 305 13 3025 1
882 18 305 14 2612 1
883 32 329 11 4392 1
884 27 335 14 2405 1
885 3 325 15 6908 1
886 10 337 22 8090 1
887 19 337 22 8090 1
888 28 337 22 8090 1
889 7 302 13 5132 1
890 54 333 17 5112 1
891 29 305 15 2848 1
892 24 319 13 5501 1
893 54 306 15 4299 1
894 39 334 25 11511 1
895 27 305 17 7588 1
896 26 302 20 5082 1
897 50 321 18 4589 1
898 49 304 25 5152 1
899 67 339 17 7670 1
900 128 325 20 3294 1
901 71 338 14 6187 1
902 19 333 13 3739 1
903 19 335 13 6284 1
904 63 338 25 10007 1
905 125 338 25 10007 1
906 187 338 25 10007 1
907 249 338 25 10007 1
908 50 338 16 7438 1
909 67 332 17 7782 1
910 62 316 13 3034 1
911 68 305 23 6803 1
912 70 335 14 3588 1
913 22 325 20 5687 1
914 43 325 20 5687 1
915 48 338 18 5724 1
916 28 340 26 9441 1
917 26 304 13 3140 1
918 55 332 17 6758 1
919 32 323 33 12519 1
920 66 338 18 5373 1
921 63 319 13 5888 1
922 25 337 13 2693 1
923 26 321 16 5843 1
924 25 335 19 6090 1
925 2 332 39 13374 1
926 63 340 19 4932 1
927 90 333 17 4283 1
928 226 331 15 2755 1
929 34 325 16 6698 1
930 67 325 16 6698 1
931 63 340 15 4313 1
932 125 340 15 4313 1
933 63 338 17 4900 1
934 42 316 18 6873 1
935 27 334 25 5870 1
936 21 337 26 12977 1
937 41 337 26 12977 1
938 33 338 14 4179 1
939 28 339 23 6257 1
940 23 333 9 3910 1
941 24 329 17 6517 1
942 7 316 19 3241 1
943 72 302 9 1535 1
944 23 332 22 8663 1
945 23 336 21 5486 1
946 50 302 12 2182 1
947 20 331 12 2487 1
948 39 331 12 2487 1
949 58 331 12 2487 1
950 26 321 24 7749 1
951 54 329 20 7872 1
952 41 323 17 4020 1
953 26 302 22 6000 1
954 26 350 25 8501 1
955 51 350 25 8501 1
956 81 367 9 4185 1
957 45 347 13 3868 1
958 79 369 18 8978 1
959 33 367 21 10416 1
960 47 366 23 10572 1
961 25 347 21 9750 1
962 47 349 15 6175 1
963 93 349 15 6175 1
964 49 364 8 1529 1
965 83 369 32 9855 1
966 48 399 26 11160 1
967 140 368 22 10754 1
968 50 349 20 10351 1
969 99 349 20 10351 1
970 47 353 15 5347 1
971 18 353 28 10367 1
972 56 365 19 8528 1
973 28 369 28 9595 1
974 55 369 28 9595 1
975 18 365 24 8966 1
976 35 365 24 8966 1
977 65 398 10 4757 1
978 18 353 29 9975 1
979 111 350 25 4504 1
980 52 367 24 9011 1
981 18 353 13 6161 1
982 35 353 13 6161 1
983 71 368 13 6719 1
984 29 369 49 23537 1
985 53 364 10 3955 1
986 87 396 11 4956 1
987 62 348 18 7649 1
988 55 396 27 9231 1
989 23 396 14 5354 1
990 109 364 35 8015 1
991 44 396 23 13417 1
992 30 365 20 8198 1
993 51 350 16 7445 1
994 26 350 14 2744 1
995 30 367 24 7605 1
996 59 367 24 7605 1
997 25 368 23 8997 1
998 86 364 24 9134 1
999 60 353 33 5903 1
1000 69 365 11 3417 1
1001 85 347 16 3099 1
1002 111 400 18 10460 1
1003 47 366 26 7134 1
1004 25 367 9 2455 1
1005 65 366 20 8979 1
1006 23 353 19 4070 1
1007 56 349 20 6466 1
1008 111 349 20 6466 1
1009 51 396 21 6465 1
1010 101 396 21 6465 1
1011 62 347 35 11995 1
1012 18 400 23 4757 1
1013 3 364 21 7329 1
1014 30 369 23 7152 1
1015 92 350 18 7593 1
1016 78 364 28 8198 1
1017 155 364 28 8198 1
1018 232 364 28 8198 1
1019 52 367 18 7544 1
1020 99 368 23 6741 1
1021 22 365 24 12623 1
1022 62 365 20 7759 1
1023 51 400 25 10059 1
1024 90 348 32 6065 1
1025 25 399 38 20357 1
1026 62 399 12 4355 1
1027 24 369 25 5295 1
1028 54 350 20 5862 1
1029 61 348 35 8982 1
1030 10 398 26 9335 1
1031 55 400 30 13346 1
1032 28 351 15 2815 1
1033 46 396 25 8923 1
1034 21 365 25 9114 1
1035 68 349 18 4749 1
1036 26 400 10 5053 1
1037 48 399 22 7016 1
40
235 400 530 450 480 440 440 544 580 580 580 540 600 610 575 660 450 450 375 450 450 600 600 600 400 426 500 500 500 500 500 500 600 600 600 400 400 600 425 425 