1037
1 3 176 18 4062 1
2 5 176 18 4062 1
3 7 176 18 4062 1
4 15 157 4 674 1
5 3 144 17 3252 1
6 5 144 17 3252 1
7 1 166 6 953 1
8 1 166 6 953 1
9 15 158 15 1750 1
10 18 146 12 2500 1
11 16 160 17 1727 1
12 21 172 16 2180 1
13 20 141 9 1095 1
14 39 141 9 1095 1
15 58 141 9 1095 1
16 4 178 26 6194 1
17 11 122 12 1206 1
18 15 134 13 1975 1
19 2 169 19 4506 1
20 15 181 21 2540 1
21 29 181 21 2540 1
22 43 181 21 2540 1
23 15 182 20 3133 1
24 19 165 18 2231 1
25 16 176 20 4481 1
26 9 175 22 2320 1
27 17 175 22 2320 1
28 7 135 17 1381 1
29 13 135 17 1381 1
30 3 150 9 1435 1
31 5 150 9 1435 1
32 7 150 9 1435 1
33 9 150 9 1435 1
34 31 174 15 2102 1
35 61 174 15 2102 1
36 91 174 15 2102 1
37 19 172 24 5622 1
38 37 172 24 5622 1
39 16 152 13 1282 1
40 10 144 15 2253 1
41 11 165 15 1715 1
42 17 91 11 1048 1
43 4 188 22 5783 1
44 1 137 12 1054 1
45 16 146 20 3981 1
46 7 137 15 1913 1
47 13 137 15 1913 1
48 5 183 14 2590 1
49 9 183 14 2590 1
50 13 183 14 2590 1
51 17 183 14 2590 1
52 16 167 23 2131 1
53 31 167 23 2131 1
54 18 169 12 2195 1
55 35 169 12 2195 1
56 1 126 15 1060 1
57 3 181 20 3353 1
58 5 152 24 2013 1
59 9 152 24 2013 1
60 13 152 24 2013 1
61 17 152 24 2013 1
62 4 135 7 784 1
63 14 149 16 2637 1
64 27 149 16 2637 1
65 21 101 8 594 1
66 41 101 8 594 1
67 88 187 12 2814 1
68 8 188 32 3426 1
69 15 188 32 3426 1
70 22 188 32 3426 1
71 29 188 32 3426 1
72 9 125 9 1384 1
73 133 166 11 1744 1
74 74 167 15 1468 1
75 16 126 12 1979 1
76 3 133 14 2663 1
77 10 101 14 1656 1
78 19 101 14 1656 1
79 18 126 9 706 1
80 7 145 33 4048 1
81 13 145 33 4048 1
82 19 145 33 4048 1
83 25 145 33 4048 1
84 2 176 24 4488 1
85 1 144 15 1380 1
86 1 144 15 1380 1
87 1 144 15 1380 1
88 1 144 15 1380 1
89 1 144 15 1380 1
90 1 144 15 1380 1
91 1 144 15 1380 1
92 1 144 15 1380 1
93 9 122 17 2538 1
94 17 122 17 2538 1
95 2 188 22 2678 1
96 17 163 14 3331 1
97 33 163 14 3331 1
98 5 184 21 3522 1
99 9 174 23 5000 1
100 7 145 23 4156 1
101 5 125 15 1030 1
102 78 140 9 673 1
103 5 160 21 2303 1
104 22 134 7 675 1
105 3 146 19 3359 1
106 16 188 21 4344 1
107 31 188 21 4344 1
108 46 188 21 4344 1
109 10 101 7 484 1
110 11 165 18 3750 1
111 9 91 14 1394 1
112 17 91 14 1394 1
113 20 184 14 2737 1
114 16 189 18 4039 1
115 21 175 14 2404 1
116 20 170 10 1338 1
117 4 177 26 2682 1
118 7 177 26 2682 1
119 10 177 26 2682 1
120 13 177 26 2682 1
121 16 177 26 2682 1
122 19 177 26 2682 1
123 22 177 26 2682 1
124 52 172 21 4118 1
125 10 184 23 5743 1
126 9 131 12 1914 1
127 15 122 8 624 1
128 15 172 20 2577 1
129 23 176 10 2466 1
130 45 176 10 2466 1
131 67 176 10 2466 1
132 9 187 15 2696 1
133 17 187 15 2696 1
134 25 187 15 2696 1
135 5 184 14 2248 1
136 9 184 14 2248 1
137 13 184 14 2248 1
138 16 148 17 3498 1
139 24 160 19 1852 1
140 6 137 9 796 1
141 6 170 11 1306 1
142 11 170 11 1306 1
143 16 170 11 1306 1
144 21 170 11 1306 1
145 15 143 20 3516 1
146 26 120 11 1881 1
147 51 120 11 1881 1
148 16 183 17 2794 1
149 6 168 17 2052 1
150 23 191 13 3278 1
151 45 191 13 3278 1
152 67 191 13 3278 1
153 3 125 12 1097 1
154 5 125 12 1097 1
155 7 125 12 1097 1
156 9 125 12 1097 1
157 7 163 17 2070 1
158 4 121 14 2179 1
159 4 171 1 151 1
160 7 171 1 151 1
161 5 116 10 1443 1
162 9 116 10 1443 1
163 15 166 9 1347 1
164 5 174 31 7455 1
165 9 174 31 7455 1
166 21 166 13 1906 1
167 21 171 15 2449 1
168 7 163 23 3508 1
169 6 120 9 1552 1
170 11 120 9 1552 1
171 16 120 9 1552 1
172 10 189 23 2619 1
173 19 189 23 2619 1
174 28 189 23 2619 1
175 29 185 19 3578 1
176 2 169 20 2632 1
177 3 169 20 2632 1
178 20 120 7 657 1
179 63 126 11 1824 1
180 31 173 27 6620 1
181 19 152 14 1168 1
182 4 126 9 1175 1
183 7 126 9 1175 1
184 10 126 9 1175 1
185 7 158 12 2425 1
186 20 168 29 3564 1
187 8 178 24 3826 1
188 20 121 13 1321 1
189 39 121 13 1321 1
190 7 171 14 3494 1
191 6 135 13 2501 1
192 19 173 14 2494 1
193 37 173 14 2494 1
194 9 188 11 3031 1
195 19 159 21 3686 1
196 16 160 10 1854 1
197 14 152 18 1395 1
198 20 120 16 1441 1
199 8 183 20 4125 1
200 15 183 20 4125 1
201 22 183 20 4125 1
202 18 158 20 1681 1
203 17 155 6 667 1
204 5 146 14 2985 1
205 133 147 15 1428 1
206 6 147 12 1531 1
207 5 180 9 1902 1
208 9 180 9 1902 1
209 13 182 22 4971 1
210 25 182 22 4971 1
211 37 182 22 4971 1
212 7 91 7 608 1
213 13 91 7 608 1
214 19 91 7 608 1
215 25 91 7 608 1
216 20 185 10 2566 1
217 16 168 11 1829 1
218 20 168 11 1943 1
219 14 158 12 1280 1
220 15 184 14 3851 1
221 5 91 7 726 1
222 9 91 7 726 1
223 13 91 7 726 1
224 34 172 29 2900 1
225 6 174 14 1424 1
226 11 174 14 1424 1
227 7 146 33 4811 1
228 7 182 19 3805 1
229 13 182 19 3805 1
230 6 147 21 1715 1
231 11 147 21 1715 1
232 7 137 11 1094 1
233 13 137 11 1094 1
234 19 137 11 1094 1
235 15 91 13 1486 1
236 8 182 19 4368 1
237 15 182 19 4368 1
238 13 126 7 895 1
239 25 126 7 895 1
240 37 126 7 895 1
241 49 126 7 895 1
242 4 173 12 1905 1
243 8 157 17 3521 1
244 14 147 12 1162 1
245 20 135 16 2358 1
246 39 135 16 2358 1
247 58 135 16 2358 1
248 4 191 9 1062 1
249 7 191 9 1062 1
250 12 157 14 1816 1
251 14 185 21 4902 1
252 21 174 16 3684 1
253 1 184 18 1820 1
254 7 126 12 1980 1
255 13 126 12 1980 1
256 19 126 12 1980 1
257 25 126 12 1980 1
258 26 134 19 2138 1
259 17 150 21 3897 1
260 18 159 16 2484 1
261 5 130 15 2243 1
262 9 130 15 2243 1
263 13 130 15 2243 1
264 16 166 17 3796 1
265 15 172 21 3280 1
266 8 167 18 1883 1
267 31 155 14 1736 1
268 4 144 15 2738 1
269 5 135 19 1842 1
270 26 157 21 4917 1
271 26 162 15 2889 1
272 51 162 15 2889 1
273 8 120 1 101 1
274 13 167 18 3409 1
275 29 159 6 1295 1
276 57 159 6 1295 1
277 13 162 6 1452 1
278 1 176 18 2688 1
279 1 176 18 2688 1
280 1 176 18 2688 1
281 17 174 20 4274 1
282 33 174 20 4274 1
283 6 159 12 2773 1
284 11 159 12 2773 1
285 8 137 10 1706 1
286 15 137 10 1706 1
287 15 133 20 3937 1
288 3 130 20 2179 1
289 4 176 25 5346 1
290 7 176 25 5346 1
291 10 176 25 5346 1
292 10 87 12 1035 1
293 19 87 12 1035 1
294 5 122 4 512 1
295 9 122 4 512 1
296 13 122 4 512 1
297 8 165 14 1898 1
298 8 183 14 3840 1
299 7 189 9 2056 1
300 13 189 9 2056 1
301 19 189 9 2056 1
302 25 189 9 2056 1
303 31 189 9 2056 1
304 44 152 10 1059 1
305 19 150 5 897 1
306 22 130 10 946 1
307 6 125 20 2198 1
308 12 155 14 1175 1
309 3 125 9 1625 1
310 3 157 18 2979 1
311 5 157 18 2979 1
312 7 178 25 6443 1
313 13 178 25 6443 1
314 19 178 25 6443 1
315 25 178 25 6443 1
316 31 178 25 6443 1
317 10 137 17 2913 1
318 19 137 17 2913 1
319 16 168 18 2249 1
320 5 131 22 2066 1
321 107 146 13 1672 1
322 24 181 15 2894 1
323 16 184 20 2426 1
324 31 184 20 2426 1
325 46 184 20 2426 1
326 9 149 12 1235 1
327 13 178 12 2315 1
328 3 116 7 534 1
329 5 116 7 534 1
330 7 116 7 534 1
331 9 116 7 534 1
332 11 116 7 534 1
333 13 116 7 534 1
334 2 126 13 1922 1
335 7 116 3 518 1
336 4 150 21 4521 1
337 7 150 21 4521 1
338 10 150 21 4521 1
339 13 150 21 4521 1
340 16 150 21 4521 1
341 19 150 21 4521 1
342 8 155 11 1850 1
343 4 184 12 1819 1
344 5 113 4 544 1
345 15 171 13 2853 1
346 5 191 18 4593 1
347 9 191 18 4593 1
348 8 101 11 1396 1
349 15 101 11 1396 1
350 4 121 17 1717 1
351 7 121 17 1717 1
352 21 133 15 2415 1
353 41 133 15 2415 1
354 5 191 19 5387 1
355 8 158 14 1113 1
356 15 158 14 1113 1
357 22 158 14 1113 1
358 29 158 14 1113 1
359 91 154 10 1518 1
360 6 146 10 1761 1
361 3 180 5 1215 1
362 5 180 5 1215 1
363 7 180 5 1215 1
364 9 180 5 1215 1
365 11 180 5 1215 1
366 6 130 13 1208 1
367 16 157 10 2027 1
368 5 146 12 2076 1
369 24 101 8 558 1
370 16 182 13 2658 1
371 89 160 11 987 1
372 13 152 24 3146 1
373 16 157 12 1145 1
374 17 191 18 4699 1
375 33 191 18 4699 1
376 49 191 18 4699 1
377 21 155 18 2782 1
378 41 155 18 2782 1
379 61 155 18 2782 1
380 81 155 18 2782 1
381 6 180 12 1458 1
382 11 180 12 1458 1
383 16 135 12 1436 1
384 19 145 16 1167 1
385 37 145 16 1167 1
386 9 150 14 1587 1
387 9 170 4 508 1
388 7 143 8 1310 1
389 8 182 13 2647 1
390 13 170 17 3422 1
391 8 172 21 5139 1
392 16 120 9 578 1
393 26 155 20 2087 1
394 11 152 9 755 1
395 21 152 9 755 1
396 4 162 10 983 1
397 7 162 10 983 1
398 10 162 10 983 1
399 13 162 10 983 1
400 4 176 16 3392 1
401 7 148 10 1981 1
402 52 178 18 4776 1
403 16 189 7 1050 1
404 31 189 7 1050 1
405 128 167 8 1037 1
406 16 125 11 1440 1
407 19 140 15 1284 1
408 24 197 16 4493 1
409 47 197 16 4493 1
410 9 193 21 4571 1
411 8 194 10 1688 1
412 15 194 10 1688 1
413 22 194 10 1688 1
414 8 194 14 1808 1
415 15 194 14 1808 1
416 22 194 14 1808 1
417 59 196 7 1162 1
418 14 193 23 6377 1
419 8 196 25 2578 1
420 9 194 14 1457 1
421 17 194 14 1457 1
422 25 194 14 1457 1
423 33 194 14 1457 1
424 8 197 20 2063 1
425 15 197 20 2063 1
426 9 195 17 1738 1
427 14 195 15 3243 1
428 8 194 10 1497 1
429 9 197 22 2226 1
430 9 194 13 3556 1
431 17 194 13 3556 1
432 9 197 26 6610 1
433 17 197 26 6610 1
434 25 197 26 6610 1
435 36 197 13 3347 1
436 9 197 18 2128 1
437 20 208 11 2416 1
438 7 211 12 1627 1
439 13 211 12 1627 1
440 26 220 13 2040 1
441 65 223 8 2182 1
442 42 217 24 6286 1
443 83 217 24 6286 1
444 9 220 19 4607 1
445 8 222 15 3084 1
446 15 222 15 3084 1
447 28 198 18 2678 1
448 15 199 17 2635 1
449 8 200 14 2423 1
450 7 208 13 3616 1
451 13 208 13 3616 1
452 19 208 13 3616 1
453 8 216 12 3578 1
454 8 216 16 4984 1
455 15 216 16 4984 1
456 30 201 12 2170 1
457 59 201 12 2170 1
458 29 217 20 5050 1
459 57 217 20 5050 1
460 30 211 22 6455 1
461 48 220 27 8260 1
462 21 223 19 4268 1
463 31 210 12 3625 1
464 35 223 23 7360 1
465 69 223 23 7360 1
466 103 223 23 7360 1
467 47 212 4 1233 1
468 6 222 28 6627 1
469 28 209 14 3875 1
470 23 208 15 1994 1
471 6 220 15 2013 1
472 7 224 15 2596 1
473 49 223 28 9199 1
474 19 202 10 1879 1
475 6 209 13 2268 1
476 2 224 17 3338 1
477 21 212 21 3432 1
478 41 212 21 3432 1
479 61 212 21 3432 1
480 45 199 13 3414 1
481 27 221 12 2207 1
482 6 221 11 2754 1
483 11 221 11 2754 1
484 16 221 11 2754 1
485 15 220 12 2713 1
486 18 221 12 3528 1
487 51 210 18 3158 1
488 26 222 13 1603 1
489 29 213 21 5466 1
490 10 201 18 4695 1
491 29 217 9 2119 1
492 28 223 14 3402 1
493 9 220 18 2693 1
494 6 224 17 2972 1
495 11 224 17 2972 1
496 31 223 12 3607 1
497 61 223 12 3607 1
498 30 221 15 4430 1
499 8 208 19 5843 1
500 5 221 5 1060 1
501 2 198 12 1260 1
502 8 209 13 2316 1
503 15 209 13 2316 1
504 32 198 10 2273 1
505 8 208 14 2391 1
506 6 217 14 3203 1
507 43 202 15 2910 1
508 24 200 16 2168 1
509 13 221 13 1618 1
510 9 211 17 2796 1
511 26 220 20 3353 1
512 7 224 17 5441 1
513 14 216 10 2344 1
514 10 201 7 1679 1
515 19 201 7 1679 1
516 4 213 15 4632 1
517 8 210 7 1530 1
518 4 199 15 3407 1
519 10 202 7 1535 1
520 13 208 11 3090 1
521 25 208 11 3090 1
522 8 220 17 5213 1
523 15 220 17 5213 1
524 20 201 24 2910 1
525 30 221 17 1983 1
526 59 221 17 1983 1
527 7 199 16 3654 1
528 13 199 16 3654 1
529 25 211 13 2653 1
530 8 199 15 3454 1
531 15 199 15 3454 1
532 22 199 15 3454 1
533 8 222 14 1814 1
534 15 222 14 1814 1
535 35 208 8 941 1
536 32 216 15 2180 1
537 6 202 19 5291 1
538 11 202 19 5291 1
539 26 202 12 2368 1
540 7 226 14 2353 1
541 13 226 14 2353 1
542 47 199 17 3949 1
543 8 223 16 3819 1
544 6 200 17 4763 1
545 3 226 17 2333 1
546 7 210 16 4588 1
547 13 210 16 4588 1
548 19 210 16 4588 1
549 25 210 16 4588 1
550 15 212 7 1554 1
551 54 217 7 831 1
552 15 211 13 2714 1
553 29 200 13 1509 1
554 26 208 17 4583 1
555 51 208 17 4583 1
556 2 221 7 2124 1
557 9 223 35 9757 1
558 8 222 15 3678 1
559 7 200 12 1911 1
560 12 199 13 3250 1
561 7 199 15 1893 1
562 28 252 22 3756 1
563 71 262 13 2081 1
564 2 228 4 842 1
565 4 235 12 2744 1
566 7 235 12 2744 1
567 10 235 12 2744 1
568 13 235 12 2744 1
569 15 241 26 9206 1
570 3 259 27 8591 1
571 5 259 27 8591 1
572 7 259 27 8591 1
573 68 241 14 2310 1
574 135 241 14 2310 1
575 6 242 14 3152 1
576 25 255 13 3498 1
577 34 229 16 4437 1
578 17 255 5 1502 1
579 15 260 5 1301 1
580 29 250 13 2228 1
581 53 232 14 2789 1
582 2 231 13 2976 1
583 3 231 13 2976 1
584 29 237 22 5175 1
585 3 256 5 915 1
586 5 256 5 915 1
587 50 259 22 4231 1
588 99 259 22 4231 1
589 22 247 16 3724 1
590 3 231 10 2467 1
591 5 231 10 2467 1
592 16 241 16 2520 1
593 23 235 17 5261 1
594 26 232 10 1457 1
595 2 240 8 1596 1
596 3 240 8 1596 1
597 35 235 16 5181 1
598 69 235 16 5181 1
599 2 255 6 1171 1
600 4 237 20 2698 1
601 28 255 14 3120 1
602 5 237 12 1731 1
603 11 237 13 3679 1
604 6 255 11 3080 1
605 24 232 18 2324 1
606 28 239 20 6698 1
607 31 235 13 1560 1
608 21 262 20 2672 1
609 41 262 20 2672 1
610 4 262 32 10161 1
611 7 262 32 10161 1
612 5 232 15 2568 1
613 24 241 20 3559 1
614 34 252 18 4549 1
615 67 252 18 4549 1
616 27 262 12 3134 1
617 4 242 23 3769 1
618 7 242 23 3769 1
619 10 242 23 3769 1
620 13 242 23 3769 1
621 23 232 18 3033 1
622 30 255 17 3320 1
623 35 259 16 4105 1
624 9 237 14 2003 1
625 17 237 14 2003 1
626 29 235 18 3790 1
627 17 240 9 2032 1
628 22 239 20 2995 1
629 25 235 13 3413 1
630 20 256 20 6823 1
631 17 232 17 2093 1
632 33 232 17 2093 1
633 49 232 17 2093 1
634 1 232 10 3362 1
635 6 247 19 4770 1
636 19 241 15 2491 1
637 4 252 13 3114 1
638 25 236 15 4205 1
639 5 261 5 1946 1
640 9 245 17 5147 1
641 1 262 9 1403 1
642 26 242 16 5063 1
643 4 256 16 5920 1
644 36 235 18 3175 1
645 26 263 22 4723 1
646 37 232 16 4702 1
647 3 227 10 1708 1
648 23 242 22 4537 1
649 24 229 14 2919 1
650 24 256 14 5035 1
651 36 237 15 3674 1
652 38 252 20 7088 1
653 7 260 18 5327 1
654 2 229 17 2731 1
655 43 231 19 6088 1
656 8 237 13 2239 1
657 15 237 13 2239 1
658 21 239 16 3236 1
659 41 239 16 3236 1
660 61 239 16 3236 1
661 81 239 16 3236 1
662 8 241 15 4782 1
663 23 252 17 5828 1
664 8 239 17 3764 1
665 4 256 12 4569 1
666 27 228 4 822 1
667 53 228 4 822 1
668 26 232 10 3404 1
669 51 232 10 3404 1
670 76 232 10 3404 1
671 101 232 10 3404 1
672 126 232 10 3404 1
673 24 242 11 2045 1
674 7 236 15 3329 1
675 5 260 26 7651 1
676 27 228 4 481 1
677 31 228 19 5262 1
678 61 228 19 5262 1
679 9 259 20 3611 1
680 14 236 16 4479 1
681 10 227 24 2800 1
682 19 227 24 2800 1
683 15 262 20 5032 1
684 21 268 15 5354 1
685 24 265 19 3946 1
686 25 292 15 2285 1
687 20 292 20 3783 1
688 38 295 7 2358 1
689 87 301 18 3664 1
690 37 268 21 3336 1
691 4 276 23 7880 1
692 6 265 24 5294 1
693 17 278 21 6071 1
694 84 264 18 5314 1
695 30 271 30 6164 1
696 40 292 20 7582 1
697 6 292 19 5301 1
698 22 266 24 7369 1
699 69 270 18 5381 1
700 28 292 19 2979 1
701 55 292 19 2979 1
702 59 271 15 2509 1
703 23 281 13 3423 1
704 27 283 18 7027 1
705 53 283 18 7027 1
706 79 283 18 7027 1
707 105 283 18 7027 1
708 37 290 14 2427 1
709 49 269 18 3620 1
710 22 280 15 3278 1
711 25 278 9 3467 1
712 4 294 19 7973 1
713 7 294 19 7973 1
714 22 281 13 4028 1
715 29 271 11 3116 1
716 57 271 11 3116 1
717 85 271 11 3116 1
718 113 271 11 3116 1
719 37 280 8 3100 1
720 25 275 25 9139 1
721 23 269 12 4765 1
722 19 294 17 6827 1
723 49 275 14 3575 1
724 14 271 17 3108 1
725 17 279 20 7281 1
726 36 296 20 7216 1
727 26 299 19 7855 1
728 24 272 14 3701 1
729 21 299 17 5404 1
730 41 299 17 5404 1
731 261 290 17 3821 1
732 25 302 16 4674 1
733 49 302 16 4674 1
734 73 302 16 4674 1
735 25 299 16 4948 1
736 24 285 19 5544 1
737 23 295 20 3443 1
738 23 281 13 4675 1
739 21 264 23 3899 1
740 8 295 16 6214 1
741 24 294 15 4417 1
742 47 294 15 4417 1
743 31 281 13 4085 1
744 61 281 13 4085 1
745 91 281 13 4085 1
746 21 295 17 3508 1
747 41 295 17 3508 1
748 15 299 22 9767 1
749 29 299 22 9767 1
750 43 299 22 9767 1
751 2 277 17 5417 1
752 31 294 21 4921 1
753 21 267 19 4258 1
754 41 267 19 4258 1
755 61 267 19 4258 1
756 26 279 21 3184 1
757 59 281 19 5756 1
758 117 281 19 5756 1
759 26 272 19 7515 1
760 51 272 19 7515 1
761 24 300 15 3470 1
762 47 300 15 3470 1
763 26 302 18 7869 1
764 20 281 13 3656 1
765 10 267 13 3749 1
766 8 281 24 3820 1
767 41 278 16 3624 1
768 9 267 11 1729 1
769 20 264 15 2308 1
770 23 268 21 6473 1
771 23 294 17 5790 1
772 45 294 17 5790 1
773 67 294 17 5790 1
774 44 281 19 5932 1
775 71 294 19 5539 1
776 141 294 19 5539 1
777 22 294 23 8362 1
778 4 285 7 2744 1
779 26 283 15 3625 1
780 51 283 15 3625 1
781 3 271 13 3070 1
782 5 271 13 3070 1
783 7 271 13 3070 1
784 6 281 13 3097 1
785 20 269 20 4033 1
786 39 269 20 4033 1
787 65 269 12 2474 1
788 129 269 12 2474 1
789 36 266 9 1319 1
790 39 277 14 4055 1
791 15 294 11 2062 1
792 29 294 11 2062 1
793 43 294 11 2062 1
794 57 294 11 2062 1
795 9 285 24 9184 1
796 23 293 15 2328 1
797 45 293 15 2328 1
798 2 300 6 1933 1
799 3 275 6 1364 1
800 35 294 23 10066 1
801 1 301 23 7665 1
802 23 272 15 5664 1
803 18 285 15 5856 1
804 3 264 13 4047 1
805 2 269 17 5276 1
806 17 292 19 7960 1
807 33 292 19 7960 1
808 4 267 18 6712 1
809 7 267 18 6712 1
810 23 275 6 2141 1
811 26 290 25 7703 1
812 13 296 8 1646 1
813 25 296 8 1646 1
814 54 302 15 3480 1
815 12 266 13 3366 1
816 23 266 13 3366 1
817 34 266 13 3366 1
818 45 266 13 3366 1
819 25 296 16 2836 1
820 36 277 15 3230 1
821 24 293 27 5802 1
822 61 299 23 3564 1
823 23 290 17 3601 1
824 19 272 15 5561 1
825 19 279 15 2265 1
826 24 276 16 5149 1
827 12 272 17 6178 1
828 21 302 15 4791 1
829 7 271 20 5072 1
830 5 290 14 4752 1
831 9 290 14 4752 1
832 59 281 18 3182 1
833 26 281 8 1279 1
834 37 290 19 5856 1
835 36 278 11 3263 1
836 6 270 4 1253 1
837 61 295 14 3388 1
838 121 295 14 3388 1
839 2 270 6 1187 1
840 3 270 6 1187 1
841 23 270 9 1849 1
842 21 276 14 4109 1
843 41 276 14 4109 1
844 7 294 13 3521 1
845 70 266 15 4978 1
846 139 266 15 4978 1
847 2 294 12 2732 1
848 21 293 11 1733 1
849 8 271 15 3049 1
850 15 271 15 3049 1
851 80 300 12 3843 1
852 29 294 14 3376 1
853 13 293 5 1448 1
854 22 283 29 10586 1
855 20 285 22 6420 1
856 34 293 16 6896 1
857 67 293 16 6896 1
858 28 276 14 5706 1
859 41 294 14 5031 1
860 20 283 23 8054 1
861 25 285 15 3846 1
862 49 285 15 3846 1
863 28 325 12 4089 1
864 31 337 18 7739 1
865 61 337 18 7739 1
866 57 334 15 5847 1
867 26 306 18 3036 1
868 24 338 25 8622 1
869 21 302 26 10303 1
870 68 331 12 2267 1
871 23 323 15 6669 1
872 69 337 9 3191 1
873 132 318 17 3565 1
874 2 329 18 8508 1
875 26 319 20 4538 1
876 51 319 20 4538 1
877 24 329 13 5029 1
878 47 329 13 5029 1
879 56 325 23 4625 1
880 19 340 19 9121 1
881 28 329 11 3127 1
882 30 316 22 7076 1
883 29 316 24 7740 1
884 20 321 16 4664 1
885 49 306 19 6859 1
886 70 336 16 3113 1
887 52 331 17 6935 1
888 26 333 25 11766 1
889 27 339 11 5482 1
890 116 339 17 6523 1
891 37 339 9 2663 1
892 72 323 12 4075 1
893 33 331 16 5905 1
894 37 334 13 2196 1
895 73 334 13 2196 1
896 25 319 16 7393 1
897 17 340 21 4230 1
898 28 329 9 4290 1
899 69 306 19 6461 1
900 17 338 13 3318 1
901 53 334 23 9122 1
902 63 321 7 3076 1
903 59 304 26 10664 1
904 117 304 26 10664 1
905 55 336 41 17621 1
906 65 337 16 4687 1
907 164 321 15 3762 1
908 28 333 15 4211 1
909 37 318 11 2017 1
910 29 321 19 4679 1
911 34 335 20 3588 1
912 28 305 11 2025 1
913 27 321 18 4782 1
914 225 337 35 8702 1
915 20 333 14 6617 1
916 23 335 18 7819 1
917 45 335 18 7819 1
918 63 306 24 8316 1
919 3 336 27 7614 1
920 66 319 11 5097 1
921 20 339 22 7766 1
922 26 325 18 6024 1
923 25 318 22 5198 1
924 62 336 8 2159 1
925 29 335 15 3682 1
926 27 329 20 8828 1
927 57 332 15 6427 1
928 72 318 17 4940 1
929 25 332 13 4492 1
930 66 316 22 9352 1
931 27 332 19 6872 1
932 53 332 19 6872 1
933 79 332 19 6872 1
934 64 332 18 3282 1
935 47 332 14 5180 1
936 23 331 23 5610 1
937 65 305 21 7210 1
938 66 332 13 2694 1
939 63 318 16 6017 1
940 33 334 13 4610 1
941 48 306 23 4006 1
942 95 306 23 4006 1
943 26 304 7 2971 1
944 19 333 23 3947 1
945 28 340 12 5354 1
946 35 335 13 4701 1
947 55 335 26 9970 1
948 57 306 36 8830 1
949 67 304 13 2178 1
950 33 323 27 6527 1
951 28 306 19 7349 1
952 22 321 21 6959 1
953 76 336 15 4246 1
954 78 347 7 2205 1
955 51 400 24 10462 1
956 29 347 26 12257 1
957 22 347 22 7886 1
958 19 398 16 8211 1
959 78 400 47 24500 1
960 64 398 26 14703 1
961 78 368 20 6167 1
962 79 366 16 7570 1
963 67 398 29 15082 1
964 46 396 15 7837 1
965 27 353 27 5640 1
966 53 353 27 5640 1
967 23 349 23 11637 1
968 88 353 13 4487 1
969 28 347 16 4201 1
970 19 350 21 6117 1
971 45 347 21 8057 1
972 32 351 21 7277 1
973 27 369 34 6371 1
974 56 347 25 10643 1
975 80 365 15 3544 1
976 21 396 12 6339 1
977 46 353 30 13574 1
978 52 348 21 6013 1
979 31 350 25 7743 1
980 17 367 24 6781 1
981 79 364 15 4425 1
982 49 400 38 22614 1
983 81 398 31 15131 1
984 47 349 20 8293 1
985 30 400 21 9582 1
986 79 365 21 5675 1
987 24 347 20 4697 1
988 76 347 27 5696 1
989 26 364 33 7842 1
990 50 368 33 16974 1
991 27 349 27 9929 1
992 87 369 20 8012 1
993 28 367 14 3354 1
994 88 365 24 11768 1
995 55 353 22 7822 1
996 47 347 32 14823 1
997 98 350 23 5732 1
998 49 348 23 10108 1
999 25 350 18 8714 1
1000 67 396 33 13331 1
1001 133 396 33 13331 1
1002 48 351 33 11067 1
1003 62 347 15 5673 1
1004 48 364 26 5148 1
1005 69 399 32 9940 1
1006 41 365 21 10716 1
1007 62 350 24 9165 1
1008 77 366 27 7445 1
1009 24 368 18 3733 1
1010 29 351 21 4606 1
1011 55 398 31 12633 1
1012 19 367 28 7375 1
1013 19 368 24 11133 1
1014 51 351 10 4319 1
1015 23 368 42 11780 1
1016 45 351 24 10607 1
1017 24 347 30 6649 1
1018 57 351 15 5269 1
1019 113 351 15 5269 1
1020 50 366 24 12524 1
1021 38 351 18 9071 1
1022 132 367 36 13695 1
1023 50 348 32 9738 1
1024 137 400 28 6581 1
1025 25 364 22 9853 1
1026 78 347 8 3321 1
1027 45 347 18 9193 1
1028 50 365 18 4671 1
1029 64 364 17 5759 1
1030 25 369 26 8850 1
1031 45 349 25 10866 1
1032 77 399 29 9187 1
1033 50 399 23 10806 1
1034 50 368 22 11745 1
1035 57 364 24 7894 1
1036 116 349 20 5681 1
1037 25 369 30 15433 1
40
235 400 530 450 480 440 440 544 580 580 580 540 600 610 575 660 450 450 375 450 450 600 600 600 400 426 500 500 500 500 500 500 600 600 600 400 400 600 425 425 