1037
1 5 182 23 5011 1
2 7 116 10 1292 1
3 13 116 10 1292 1
4 5 162 19 2719 1
5 90 133 16 1169 1
6 16 150 23 2348 1
7 11 170 23 5606 1
8 21 170 23 5606 1
9 31 170 23 5606 1
10 41 170 23 5606 1
11 5 167 14 3341 1
12 9 167 14 3341 1
13 14 146 15 1897 1
14 27 146 15 1897 1
15 16 188 22 4216 1
16 10 183 18 2205 1
17 19 183 18 2205 1
18 28 183 18 2205 1
19 37 183 18 2205 1
20 46 183 18 2205 1
21 1 188 13 1420 1
22 25 125 13 946 1
23 8 144 14 1575 1
24 15 144 14 1575 1
25 22 144 14 1575 1
26 15 191 22 3935 1
27 3 121 18 1776 1
28 19 165 13 1999 1
29 12 131 9 1264 1
30 23 131 9 1264 1
31 20 116 21 2365 1
32 5 178 25 4269 1
33 16 147 13 1897 1
34 58 181 23 4290 1
35 24 181 20 2853 1
36 47 181 20 2853 1
37 5 144 7 632 1
38 28 188 21 3530 1
39 11 162 10 1421 1
40 21 162 10 1421 1
41 31 162 10 1421 1
42 41 162 10 1421 1
43 51 162 10 1421 1
44 2 140 8 1171 1
45 3 140 8 1171 1
46 7 150 19 3288 1
47 10 180 20 3628 1
48 19 180 20 3628 1
49 28 180 20 3628 1
50 37 180 20 3628 1
51 6 122 5 606 1
52 11 122 5 606 1
53 16 122 5 606 1
54 17 133 16 1506 1
55 16 133 4 411 1
56 11 173 16 2873 1
57 7 172 10 2099 1
58 6 135 20 3951 1
59 11 135 20 3951 1
60 17 172 23 2507 1
61 33 172 23 2507 1
62 49 172 23 2507 1
63 65 172 23 2507 1
64 81 172 23 2507 1
65 6 143 21 2177 1
66 11 143 21 2177 1
67 7 126 11 1458 1
68 13 126 11 1458 1
69 19 126 11 1458 1
70 25 126 11 1458 1
71 31 126 11 1458 1
72 37 126 11 1458 1
73 43 126 11 1458 1
74 10 191 12 3294 1
75 7 148 26 2300 1
76 15 141 20 3528 1
77 15 175 12 2760 1
78 6 180 16 3909 1
79 11 180 16 3909 1
80 16 180 16 3909 1
81 14 169 12 1035 1
82 20 166 22 2251 1
83 19 126 9 1591 1
84 2 158 10 2120 1
85 9 181 15 2745 1
86 17 181 15 2745 1
87 32 172 20 2832 1
88 6 144 15 1324 1
89 11 144 15 1324 1
90 4 189 20 3730 1
91 22 187 16 2994 1
92 23 113 6 389 1
93 13 87 9 707 1
94 25 87 9 707 1
95 16 113 6 761 1
96 31 113 6 761 1
97 46 113 6 761 1
98 16 178 16 1959 1
99 11 133 10 1630 1
100 16 112 10 1195 1
101 15 101 12 1778 1
102 33 133 14 2056 1
103 65 133 14 2056 1
104 10 144 17 3281 1
105 19 91 11 1030 1
106 22 166 31 2952 1
107 94 150 30 6022 1
108 1 140 12 1070 1
109 48 150 25 5131 1
110 17 169 7 1212 1
111 22 135 13 904 1
112 7 171 21 3409 1
113 2 122 12 874 1
114 3 122 12 874 1
115 4 122 12 874 1
116 20 152 14 1431 1
117 39 152 14 1431 1
118 8 145 6 1077 1
119 15 145 6 1077 1
120 22 145 6 1077 1
121 29 145 6 1077 1
122 4 155 16 2441 1
123 7 155 16 2441 1
124 29 189 22 5755 1
125 23 181 11 1236 1
126 2 165 23 4831 1
127 8 116 19 3112 1
128 15 116 19 3112 1
129 5 176 17 1893 1
130 10 184 12 1589 1
131 19 184 12 1589 1
132 28 184 12 1589 1
133 6 141 17 2943 1
134 11 141 17 2943 1
135 16 141 17 2943 1
136 15 152 11 2055 1
137 8 87 10 1261 1
138 15 87 10 1261 1
139 5 120 14 2076 1
140 11 137 16 2836 1
141 7 130 11 1330 1
142 21 121 2 176 1
143 21 130 14 1204 1
144 41 130 14 1204 1
145 5 158 11 1745 1
146 14 157 8 1099 1
147 20 169 13 3003 1
148 3 158 21 4149 1
149 25 152 17 2245 1
150 2 191 32 5651 1
151 3 191 32 5651 1
152 4 191 32 5651 1
153 5 191 32 5651 1
154 6 191 32 5651 1
155 11 144 13 1283 1
156 10 146 16 3068 1
157 8 158 2 194 1
158 22 169 13 3000 1
159 3 162 12 1175 1
160 5 162 12 1175 1
161 7 162 12 1175 1
162 9 162 12 1175 1
163 11 162 12 1175 1
164 8 191 8 947 1
165 15 191 8 947 1
166 27 146 18 3838 1
167 4 176 26 3665 1
168 7 154 10 873 1
169 10 159 18 3120 1
170 6 169 16 3220 1
171 17 122 18 2456 1
172 5 170 21 2612 1
173 14 170 5 900 1
174 16 112 10 1426 1
175 10 184 22 4629 1
176 4 120 10 853 1
177 7 120 10 853 1
178 25 174 4 609 1
179 15 121 18 1152 1
180 29 121 18 1152 1
181 5 152 29 5011 1
182 7 140 20 2778 1
183 13 140 20 2778 1
184 19 140 20 2778 1
185 25 140 20 2778 1
186 31 140 20 2778 1
187 6 162 6 1278 1
188 2 126 3 317 1
189 3 126 3 317 1
190 18 152 13 1079 1
191 34 130 16 2605 1
192 67 130 16 2605 1
193 100 130 16 2605 1
194 17 149 8 1381 1
195 10 154 11 1051 1
196 9 148 11 1306 1
197 17 148 11 1306 1
198 25 148 11 1306 1
199 13 165 27 6364 1
200 25 165 27 6364 1
201 37 165 27 6364 1
202 17 162 16 1971 1
203 33 162 16 1971 1
204 16 113 6 747 1
205 7 140 24 2543 1
206 3 181 15 3573 1
207 5 181 15 3573 1
208 4 159 8 748 1
209 22 131 7 518 1
210 13 87 10 993 1
211 25 87 10 993 1
212 37 87 10 993 1
213 88 172 24 2568 1
214 16 176 18 2619 1
215 19 131 13 1244 1
216 7 149 17 1709 1
217 5 125 4 436 1
218 4 150 22 3243 1
219 7 150 22 3243 1
220 10 150 22 3243 1
221 10 172 30 6800 1
222 18 178 21 3945 1
223 9 149 13 2833 1
224 17 149 13 2833 1
225 25 149 13 2833 1
226 23 170 18 4166 1
227 15 178 24 4298 1
228 12 167 17 2624 1
229 8 162 17 1688 1
230 15 162 17 1688 1
231 27 178 14 1962 1
232 53 178 14 1962 1
233 16 112 12 1283 1
234 10 187 14 2819 1
235 19 187 14 2819 1
236 21 112 3 264 1
237 16 158 15 2954 1
238 15 182 22 5726 1
239 3 135 11 850 1
240 1 168 9 1282 1
241 22 145 16 2369 1
242 15 189 23 6396 1
243 29 189 23 6396 1
244 8 125 18 1253 1
245 7 173 1 103 1
246 13 173 1 103 1
247 7 181 18 3164 1
248 13 181 18 3164 1
249 19 181 18 3164 1
250 25 181 18 3164 1
251 6 116 13 1883 1
252 11 116 13 1883 1
253 14 174 11 2540 1
254 27 174 11 2540 1
255 40 174 11 2540 1
256 53 174 11 2540 1
257 6 134 14 2218 1
258 11 134 14 2218 1
259 33 158 16 3571 1
260 24 137 9 1017 1
261 6 143 10 751 1
262 25 141 8 1690 1
263 7 171 12 2464 1
264 16 91 9 905 1
265 13 126 21 1741 1
266 11 173 18 3997 1
267 12 166 18 2238 1
268 10 171 26 2510 1
269 19 171 26 2510 1
270 28 171 26 2510 1
271 13 122 11 852 1
272 25 122 11 852 1
273 37 122 11 852 1
274 49 122 11 852 1
275 6 87 6 530 1
276 15 185 15 1972 1
277 12 133 15 1896 1
278 26 150 15 2824 1
279 16 130 11 968 1
280 31 130 11 968 1
281 10 155 6 1249 1
282 11 149 19 1774 1
283 7 175 30 4684 1
284 13 175 30 4684 1
285 19 175 30 4684 1
286 25 175 30 4684 1
287 31 175 30 4684 1
288 10 185 20 2235 1
289 8 165 14 2126 1
290 20 177 2 437 1
291 7 163 5 452 1
292 13 163 5 452 1
293 19 163 5 452 1
294 16 140 11 2268 1
295 52 148 7 752 1
296 6 177 17 1756 1
297 62 183 20 5099 1
298 11 191 13 3545 1
299 7 140 21 2691 1
300 16 146 14 2617 1
301 21 149 22 2966 1
302 7 135 19 3415 1
303 6 189 11 2899 1
304 11 189 11 2899 1
305 20 174 12 1215 1
306 14 181 12 1465 1
307 18 168 11 1974 1
308 10 150 20 2060 1
309 19 150 20 2060 1
310 5 187 11 1085 1
311 6 181 9 864 1
312 25 158 30 4936 1
313 49 158 30 4936 1
314 4 148 15 2950 1
315 7 148 15 2950 1
316 10 148 15 2950 1
317 13 148 15 2950 1
318 16 148 15 2950 1
319 19 148 15 2950 1
320 10 167 15 2324 1
321 12 184 20 3804 1
322 16 165 21 4182 1
323 4 185 26 6136 1
324 22 183 19 4899 1
325 43 183 19 4899 1
326 64 183 19 4899 1
327 85 183 19 4899 1
328 8 173 19 4607 1
329 15 173 19 4607 1
330 22 173 19 4607 1
331 6 157 13 2582 1
332 7 131 19 2243 1
333 13 131 19 2243 1
334 19 131 19 2243 1
335 4 148 13 2594 1
336 7 148 13 2594 1
337 9 146 3 325 1
338 16 183 9 1598 1
339 33 159 8 1272 1
340 6 159 12 1953 1
341 11 159 12 1953 1
342 7 147 10 1326 1
343 4 133 14 1784 1
344 23 144 12 2521 1
345 16 159 14 2969 1
346 31 159 14 2969 1
347 14 182 16 1494 1
348 15 120 12 1970 1
349 29 120 12 1970 1
350 19 137 10 1943 1
351 27 178 11 1152 1
352 53 178 11 1152 1
353 79 178 11 1152 1
354 14 146 13 2556 1
355 2 120 34 4273 1
356 7 174 19 1772 1
357 10 163 18 4077 1
358 21 159 14 2867 1
359 16 158 23 2379 1
360 2 154 7 904 1
361 3 154 7 904 1
362 4 154 7 904 1
363 5 154 7 904 1
364 16 155 14 3020 1
365 4 125 11 861 1
366 7 125 11 861 1
367 10 125 11 861 1
368 13 125 11 861 1
369 8 144 13 1496 1
370 15 144 13 1496 1
371 29 183 18 3346 1
372 6 160 22 4703 1
373 10 174 21 2394 1
374 19 174 21 2394 1
375 28 174 21 2394 1
376 5 175 25 2596 1
377 9 175 25 2596 1
378 16 149 16 1465 1
379 29 154 14 2145 1
380 7 169 22 3558 1
381 13 169 22 3558 1
382 19 169 22 3558 1
383 16 157 23 2797 1
384 8 125 6 1070 1
385 109 141 7 718 1
386 16 184 8 954 1
387 7 101 10 652 1
388 13 101 10 652 1
389 19 101 10 652 1
390 25 101 10 652 1
391 31 101 10 652 1
392 37 101 10 652 1
393 4 170 19 2488 1
394 7 170 19 2488 1
395 16 116 12 1496 1
396 31 116 12 1496 1
397 15 189 23 2529 1
398 28 113 6 783 1
399 23 152 8 1043 1
400 45 152 8 1043 1
401 67 152 8 1043 1
402 89 152 8 1043 1
403 17 174 16 2688 1
404 10 143 15 1670 1
405 19 143 15 1670 1
406 16 154 14 1944 1
407 5 120 11 1182 1
408 12 194 19 2081 1
409 23 194 19 2081 1
410 34 194 19 2081 1
411 3 197 20 4119 1
412 5 197 20 4119 1
413 9 196 23 2738 1
414 8 197 24 5864 1
415 8 194 15 1954 1
416 13 194 10 2871 1
417 25 194 10 2871 1
418 9 197 15 2928 1
419 17 197 15 2928 1
420 25 197 15 2928 1
421 9 197 25 5779 1
422 17 193 37 6808 1
423 9 194 19 4851 1
424 17 194 19 4851 1
425 25 194 19 4851 1
426 33 194 19 4851 1
427 41 194 19 4851 1
428 16 196 24 2449 1
429 8 197 22 3107 1
430 15 197 22 3107 1
431 34 193 24 6653 1
432 11 193 12 3018 1
433 20 197 22 4973 1
434 52 196 8 2232 1
435 9 194 15 2925 1
436 16 193 20 4139 1
437 16 198 7 2007 1
438 31 198 7 2007 1
439 11 209 13 3205 1
440 21 209 13 3205 1
441 31 209 13 3205 1
442 39 221 10 1643 1
443 77 221 10 1643 1
444 31 221 21 5885 1
445 2 210 12 2923 1
446 27 210 33 10248 1
447 34 224 19 3430 1
448 67 224 19 3430 1
449 25 210 12 1611 1
450 49 210 12 1611 1
451 7 217 15 1779 1
452 13 217 15 1779 1
453 19 217 15 1779 1
454 25 217 15 1779 1
455 10 213 8 2272 1
456 2 222 11 1288 1
457 18 221 13 2161 1
458 3 226 18 3991 1
459 23 200 16 4161 1
460 7 211 19 4679 1
461 13 211 19 4679 1
462 9 209 10 1140 1
463 31 216 15 1811 1
464 61 216 15 1811 1
465 9 211 15 3203 1
466 17 211 15 3203 1
467 25 211 15 3203 1
468 9 199 13 1900 1
469 17 199 13 1900 1
470 25 199 13 1900 1
471 47 210 10 1467 1
472 8 211 22 4728 1
473 8 212 17 3929 1
474 32 221 6 1253 1
475 10 199 13 2944 1
476 26 209 14 3117 1
477 51 209 14 3117 1
478 22 226 12 3409 1
479 29 201 15 3879 1
480 57 201 15 3879 1
481 85 201 15 3879 1
482 8 217 9 2765 1
483 15 217 9 2765 1
484 22 217 9 2765 1
485 8 199 11 2869 1
486 15 199 11 2869 1
487 22 199 11 2869 1
488 29 211 7 1855 1
489 10 223 10 1228 1
490 26 198 5 1459 1
491 26 226 17 2359 1
492 51 226 17 2359 1
493 6 217 12 3784 1
494 11 217 12 3784 1
495 7 202 12 2617 1
496 13 202 12 2617 1
497 19 202 12 2617 1
498 19 198 12 2714 1
499 37 198 12 2714 1
500 9 221 14 3658 1
501 6 201 15 4488 1
502 30 213 10 1800 1
503 12 208 15 3025 1
504 9 208 15 2962 1
505 14 202 12 1363 1
506 28 212 16 1790 1
507 55 212 16 1790 1
508 82 212 16 1790 1
509 109 212 16 1790 1
510 31 208 17 4830 1
511 61 208 17 4830 1
512 12 221 18 2974 1
513 9 221 6 862 1
514 8 212 13 2457 1
515 15 212 13 2457 1
516 2 223 20 6240 1
517 3 223 20 6240 1
518 33 200 13 2538 1
519 65 200 13 2538 1
520 11 226 14 3162 1
521 27 220 19 5362 1
522 53 220 19 5362 1
523 15 198 7 1723 1
524 9 202 15 4495 1
525 2 199 13 1728 1
526 9 213 14 3221 1
527 7 199 15 3069 1
528 13 199 15 3069 1
529 10 217 16 3266 1
530 7 226 21 5745 1
531 62 216 11 2849 1
532 6 216 9 2406 1
533 7 201 14 1595 1
534 9 226 15 4243 1
535 17 226 15 4243 1
536 33 202 10 1698 1
537 11 226 5 1403 1
538 23 220 17 3555 1
539 28 211 11 1522 1
540 55 211 11 1522 1
541 9 211 13 2585 1
542 7 220 13 2226 1
543 10 223 8 2454 1
544 19 223 8 2454 1
545 6 202 8 1260 1
546 11 202 8 1260 1
547 8 226 15 4771 1
548 15 226 15 4771 1
549 7 201 16 1726 1
550 13 201 16 1726 1
551 24 209 16 3370 1
552 47 209 16 3370 1
553 8 213 18 3273 1
554 15 213 18 3273 1
555 31 223 18 5609 1
556 61 223 18 5609 1
557 3 198 16 2626 1
558 10 198 15 2544 1
559 7 217 11 2742 1
560 13 217 11 2742 1
561 10 220 22 6499 1
562 87 261 21 5066 1
563 7 229 9 1305 1
564 13 229 9 1305 1
565 14 239 15 4572 1
566 18 255 6 1485 1
567 37 259 21 6758 1
568 73 259 21 6758 1
569 24 261 14 3175 1
570 36 242 18 4433 1
571 5 242 13 3919 1
572 3 228 17 3644 1
573 25 228 15 1749 1
574 24 232 12 3258 1
575 47 232 12 3258 1
576 28 256 16 2529 1
577 23 232 14 4156 1
578 8 231 12 2650 1
579 35 236 21 2545 1
580 4 231 13 4236 1
581 3 241 17 4678 1
582 7 261 13 4491 1
583 29 260 9 3134 1
584 4 237 21 6086 1
585 7 237 21 6086 1
586 11 262 23 5034 1
587 21 242 13 3191 1
588 3 250 24 7252 1
589 5 250 24 7252 1
590 36 255 9 1152 1
591 23 241 13 2125 1
592 23 237 16 4661 1
593 12 256 11 2375 1
594 19 256 29 4503 1
595 3 237 16 2159 1
596 1 227 11 2397 1
597 5 235 19 3587 1
598 4 259 9 2708 1
599 7 259 9 2708 1
600 177 262 7 2138 1
601 45 239 11 3381 1
602 12 256 22 3490 1
603 6 250 18 5111 1
604 7 252 10 3646 1
605 4 227 14 1962 1
606 7 227 14 1962 1
607 10 241 19 6785 1
608 19 241 19 6785 1
609 27 260 10 3583 1
610 35 260 11 3072 1
611 23 260 19 3433 1
612 45 260 19 3433 1
613 47 256 17 2185 1
614 93 256 17 2185 1
615 21 260 22 5950 1
616 29 240 15 4687 1
617 23 240 17 6017 1
618 28 232 10 2724 1
619 55 232 10 2724 1
620 22 255 16 4509 1
621 15 261 17 2553 1
622 30 237 16 5279 1
623 33 255 15 2367 1
624 27 240 17 4932 1
625 44 235 22 3702 1
626 87 235 22 3702 1
627 24 229 11 1643 1
628 3 261 15 2906 1
629 34 236 10 2230 1
630 5 262 14 2998 1
631 9 262 14 2998 1
632 13 262 14 2998 1
633 17 262 14 2998 1
634 3 236 21 5560 1
635 2 241 12 2039 1
636 37 262 17 4572 1
637 73 262 17 4572 1
638 1 263 19 6555 1
639 1 242 21 5735 1
640 1 242 21 5735 1
641 76 239 12 1993 1
642 38 256 14 2549 1
643 75 256 14 2549 1
644 112 256 14 2549 1
645 8 255 11 2735 1
646 7 252 18 6030 1
647 21 252 21 3726 1
648 5 247 11 1900 1
649 27 256 9 1724 1
650 53 256 9 1724 1
651 34 229 17 2966 1
652 60 250 20 4968 1
653 39 260 17 5543 1
654 87 252 13 3770 1
655 5 262 15 5497 1
656 6 255 9 1766 1
657 1 231 13 4275 1
658 1 231 13 4275 1
659 87 232 20 2675 1
660 22 237 7 1222 1
661 14 227 17 3958 1
662 21 262 24 3365 1
663 15 242 14 2027 1
664 8 228 23 4093 1
665 4 256 19 6216 1
666 16 228 13 1904 1
667 28 261 9 1599 1
668 36 255 9 2528 1
669 71 255 9 2528 1
670 23 228 7 1675 1
671 3 263 4 829 1
672 7 252 16 5694 1
673 32 259 25 9481 1
674 61 250 11 1872 1
675 15 250 18 4846 1
676 5 247 13 1638 1
677 45 261 8 2247 1
678 89 261 8 2247 1
679 35 259 23 3518 1
680 69 259 23 3518 1
681 22 239 16 2744 1
682 11 229 13 2951 1
683 28 228 16 2929 1
684 26 272 16 4396 1
685 23 302 4 1211 1
686 37 300 19 3916 1
687 41 281 11 4228 1
688 21 268 22 6658 1
689 23 301 6 1483 1
690 22 290 16 2554 1
691 43 290 16 2554 1
692 64 290 16 2554 1
693 85 290 16 2554 1
694 20 299 22 7818 1
695 11 283 16 2801 1
696 29 296 21 8556 1
697 26 283 21 4394 1
698 5 271 17 3211 1
699 63 275 15 4776 1
700 30 276 20 6725 1
701 26 285 17 6430 1
702 51 285 17 6430 1
703 13 281 13 2215 1
704 25 266 10 1825 1
705 25 267 19 5639 1
706 21 292 13 2529 1
707 41 292 13 2529 1
708 61 292 13 2529 1
709 37 275 11 3475 1
710 2 275 8 1714 1
711 3 266 17 3849 1
712 28 300 31 10403 1
713 8 299 11 2302 1
714 15 299 11 2302 1
715 7 285 17 2487 1
716 13 285 17 2487 1
717 14 276 18 4740 1
718 14 267 13 1754 1
719 27 267 13 1754 1
720 22 290 21 5007 1
721 34 268 4 975 1
722 21 269 18 5305 1
723 5 283 9 2639 1
724 6 292 31 10132 1
725 11 292 31 10132 1
726 66 265 13 4031 1
727 131 265 13 4031 1
728 5 285 18 3587 1
729 27 285 21 8507 1
730 27 276 20 4018 1
731 41 292 6 1144 1
732 42 279 17 6754 1
733 22 266 12 3651 1
734 43 266 12 3651 1
735 12 271 5 1840 1
736 24 279 18 3750 1
737 4 293 20 5324 1
738 29 271 15 4409 1
739 39 270 18 4885 1
740 77 270 18 4885 1
741 33 283 19 2907 1
742 49 294 18 3969 1
743 14 275 16 4554 1
744 51 265 20 5143 1
745 83 300 12 5206 1
746 23 272 17 4133 1
747 14 277 15 6049 1
748 27 277 15 6049 1
749 1 270 7 2693 1
750 20 283 10 2151 1
751 38 293 15 6006 1
752 18 290 25 8030 1
753 35 290 25 8030 1
754 20 296 14 5564 1
755 69 280 13 4561 1
756 6 269 8 1463 1
757 5 280 42 11688 1
758 5 269 12 4254 1
759 73 300 14 2518 1
760 18 283 20 8030 1
761 23 278 20 3316 1
762 17 265 21 5079 1
763 33 265 21 5079 1
764 49 265 21 5079 1
765 7 290 5 1332 1
766 5 268 14 2173 1
767 25 270 9 2430 1
768 37 302 15 3278 1
769 73 302 15 3278 1
770 29 296 17 3001 1
771 57 296 17 3001 1
772 40 302 17 3180 1
773 23 270 8 1252 1
774 24 293 15 6277 1
775 23 268 17 4408 1
776 23 268 18 4173 1
777 202 271 18 5362 1
778 26 293 31 10759 1
779 51 293 31 10759 1
780 3 295 18 4483 1
781 5 295 18 4483 1
782 2 272 19 4765 1
783 4 296 17 5839 1
784 116 294 17 5886 1
785 231 294 17 5886 1
786 61 281 7 2843 1
787 6 290 6 2292 1
788 36 295 19 5078 1
789 44 270 14 3827 1
790 87 270 14 3827 1
791 10 276 17 4906 1
792 24 275 16 4224 1
793 21 270 19 5417 1
794 4 280 5 2042 1
795 33 276 11 3526 1
796 21 285 12 1751 1
797 24 279 14 2310 1
798 4 266 15 2763 1
799 26 281 8 1374 1
800 20 270 17 6308 1
801 39 270 17 6308 1
802 58 270 17 6308 1
803 22 277 23 4754 1
804 36 280 17 4052 1
805 25 275 13 3432 1
806 74 269 18 2865 1
807 147 269 18 2865 1
808 6 281 23 7713 1
809 11 281 23 7713 1
810 52 270 16 5616 1
811 13 294 16 4471 1
812 23 301 26 4796 1
813 23 285 17 3202 1
814 6 264 16 5899 1
815 57 301 8 3177 1
816 21 300 19 7530 1
817 51 294 16 4220 1
818 3 266 14 4740 1
819 24 300 8 2897 1
820 31 271 13 2259 1
821 22 293 21 4862 1
822 15 275 7 2605 1
823 7 293 18 2644 1
824 19 285 20 8309 1
825 24 278 19 6855 1
826 21 267 26 6114 1
827 23 277 15 4460 1
828 29 300 22 4541 1
829 19 280 13 2645 1
830 11 270 15 3781 1
831 7 264 23 8289 1
832 41 295 11 1939 1
833 27 292 13 2051 1
834 53 292 13 2051 1
835 12 292 17 3784 1
836 18 267 15 5434 1
837 72 294 6 1223 1
838 59 277 17 3266 1
839 34 281 19 6160 1
840 67 281 19 6160 1
841 20 302 21 5082 1
842 23 296 28 6006 1
843 56 277 10 3228 1
844 23 267 20 3455 1
845 75 280 20 4716 1
846 52 275 17 5892 1
847 103 275 17 5892 1
848 154 275 17 5892 1
849 51 300 18 4039 1
850 7 279 11 2722 1
851 41 300 18 4880 1
852 11 278 22 8149 1
853 19 271 17 4069 1
854 22 293 18 5363 1
855 42 276 10 3456 1
856 29 270 4 1059 1
857 22 281 17 6791 1
858 43 281 17 6791 1
859 25 278 13 4272 1
860 23 293 21 8233 1
861 28 275 15 5237 1
862 55 275 15 5237 1
863 100 332 19 3746 1
864 20 338 25 11872 1
865 20 318 15 4423 1
866 65 337 23 10572 1
867 28 304 16 5209 1
868 14 318 14 6211 1
869 203 335 19 3768 1
870 68 306 21 5022 1
871 24 302 17 4474 1
872 80 335 28 14049 1
873 46 335 17 3385 1
874 63 337 18 5546 1
875 136 306 17 5077 1
876 29 304 14 2431 1
877 69 336 30 12919 1
878 25 325 10 3826 1
879 67 338 32 15015 1
880 25 331 22 8316 1
881 49 331 22 8316 1
882 40 339 22 6121 1
883 103 335 19 6647 1
884 25 332 11 2598 1
885 49 332 11 2598 1
886 154 331 13 3192 1
887 47 321 15 6941 1
888 93 321 15 6941 1
889 139 321 15 6941 1
890 2 335 17 4681 1
891 23 304 19 7801 1
892 127 335 25 9473 1
893 56 304 13 4769 1
894 25 305 13 4950 1
895 57 325 19 8984 1
896 24 323 11 4368 1
897 47 323 11 4368 1
898 30 340 19 9333 1
899 59 340 19 9333 1
900 72 302 10 4424 1
901 16 339 17 3186 1
902 28 337 22 10737 1
903 52 325 14 4643 1
904 25 338 17 5158 1
905 51 338 22 8642 1
906 46 339 21 10403 1
907 72 319 23 6386 1
908 22 304 13 5268 1
909 13 334 21 5151 1
910 53 333 33 9056 1
911 27 323 9 2778 1
912 53 336 16 6320 1
913 105 329 22 6326 1
914 3 331 35 15213 1
915 26 304 26 9309 1
916 51 304 26 9309 1
917 53 335 24 10378 1
918 63 329 18 8320 1
919 16 305 20 6877 1
920 52 305 10 4051 1
921 66 333 29 13405 1
922 230 318 24 5786 1
923 16 318 11 2441 1
924 58 336 24 10561 1
925 70 318 10 3004 1
926 139 318 10 3004 1
927 20 323 15 2446 1
928 3 323 10 3420 1
929 29 321 37 10017 1
930 16 304 16 2900 1
931 31 304 16 2900 1
932 46 304 16 2900 1
933 26 338 16 4859 1
934 37 306 14 3118 1
935 25 306 17 4814 1
936 19 340 18 3821 1
937 37 340 18 3821 1
938 55 340 18 3821 1
939 101 332 21 5579 1
940 19 333 31 5873 1
941 37 333 31 5873 1
942 27 323 10 2350 1
943 42 319 18 4838 1
944 27 329 32 8834 1
945 52 318 17 4806 1
946 103 318 17 4806 1
947 27 332 19 3859 1
948 53 332 19 3859 1
949 79 332 19 3859 1
950 105 332 19 3859 1
951 21 306 17 3102 1
952 89 337 26 12129 1
953 17 329 32 10108 1
954 105 367 24 4914 1
955 26 369 12 4307 1
956 28 349 35 16709 1
957 55 349 35 16709 1
958 82 349 35 16709 1
959 28 347 35 14707 1
960 67 349 23 4123 1
961 25 369 15 4854 1
962 49 369 15 4854 1
963 66 366 32 17496 1
964 62 396 26 7213 1
965 48 366 27 13482 1
966 28 396 22 11142 1
967 87 396 18 8437 1
968 48 365 37 9041 1
969 24 400 32 14714 1
970 79 364 29 9355 1
971 80 369 18 9150 1
972 25 369 27 5299 1
973 56 349 17 4944 1
974 51 348 23 10612 1
975 48 353 23 5531 1
976 86 348 37 7267 1
977 101 365 21 7075 1
978 55 347 26 9550 1
979 30 347 13 4192 1
980 78 398 35 14909 1
981 26 399 29 8992 1
982 71 399 28 11216 1
983 141 399 28 11216 1
984 47 368 16 4811 1
985 60 368 28 12817 1
986 119 368 28 12817 1
987 88 365 29 8861 1
988 65 368 29 6150 1
989 19 399 22 4947 1
990 78 399 26 8470 1
991 25 349 21 9774 1
992 25 350 20 9430 1
993 49 350 20 9430 1
994 79 349 16 2798 1
995 26 351 21 4040 1
996 87 367 27 7804 1
997 86 396 19 5847 1
998 78 364 16 7668 1
999 25 396 25 9791 1
1000 79 398 45 23185 1
1001 157 398 45 23185 1
1002 235 398 45 23185 1
1003 55 399 36 10382 1
1004 141 366 15 7521 1
1005 281 366 15 7521 1
1006 48 400 7 1983 1
1007 95 400 7 1983 1
1008 142 400 7 1983 1
1009 189 400 7 1983 1
1010 18 399 14 5885 1
1011 25 400 30 14139 1
1012 47 369 22 6822 1
1013 55 351 16 5049 1
1014 87 351 24 10983 1
1015 114 400 21 8194 1
1016 27 399 23 11342 1
1017 50 368 9 4812 1
1018 87 350 25 4730 1
1019 51 398 21 10891 1
1020 101 398 21 10891 1
1021 32 398 28 8242 1
1022 51 348 27 7453 1
1023 24 399 20 11375 1
1024 23 353 26 11579 1
1025 79 348 32 15277 1
1026 20 400 31 11087 1
1027 50 348 22 11441 1
1028 26 399 39 8474 1
1029 50 400 20 5311 1
1030 28 367 25 6866 1
1031 50 347 25 8415 1
1032 62 365 27 5566 1
1033 59 353 24 12684 1
1034 117 353 24 12684 1
1035 19 347 18 7712 1
1036 45 364 22 8362 1
1037 11 365 26 10749 1
40
235 400 530 450 480 440 440 544 580 580 580 540 600 610 575 660 450 450 375 450 450 600 600 600 400 426 500 500 500 500 500 500 600 600 600 400 400 600 425 425 