1037
1 5 121 13 1025 1
2 9 121 13 1025 1
3 7 91 12 1574 1
4 24 172 15 2894 1
5 22 166 12 1428 1
6 14 184 18 2248 1
7 27 184 18 2248 1
8 73 162 10 1149 1
9 15 165 17 3218 1
10 7 188 19 4667 1
11 13 188 19 4667 1
12 28 121 8 1183 1
13 55 121 8 1183 1
14 82 121 8 1183 1
15 4 176 18 1702 1
16 7 176 18 1702 1
17 12 171 21 2426 1
18 23 171 21 2426 1
19 24 135 13 2367 1
20 47 135 13 2367 1
21 16 152 12 1062 1
22 18 144 13 2125 1
23 9 191 21 3687 1
24 8 183 14 2556 1
25 15 183 14 2556 1
26 22 183 14 2556 1
27 29 183 14 2556 1
28 25 147 7 1478 1
29 49 147 7 1478 1
30 9 116 7 804 1
31 8 148 14 1870 1
32 5 134 17 3244 1
33 9 134 17 3244 1
34 13 134 17 3244 1
35 2 135 12 1458 1
36 3 135 12 1458 1
37 4 135 12 1458 1
38 16 167 13 3257 1
39 31 167 13 3257 1
40 6 140 6 1033 1
41 11 140 6 1033 1
42 16 140 6 1033 1
43 21 140 6 1033 1
44 26 140 6 1033 1
45 22 189 32 5399 1
46 16 134 17 2508 1
47 18 121 13 1681 1
48 6 121 11 1602 1
49 11 121 11 1602 1
50 7 165 15 1807 1
51 18 187 14 2372 1
52 47 113 6 454 1
53 7 165 16 2091 1
54 13 165 16 2091 1
55 7 126 9 1558 1
56 13 126 9 1558 1
57 18 116 6 542 1
58 10 146 19 1440 1
59 19 146 19 1440 1
60 16 172 16 2836 1
61 10 143 12 1806 1
62 19 143 12 1806 1
63 9 137 11 1740 1
64 4 158 12 1806 1
65 7 158 12 1806 1
66 10 158 12 1806 1
67 13 158 12 1806 1
68 16 158 12 1806 1
69 19 158 12 1806 1
70 22 158 12 1806 1
71 25 158 12 1806 1
72 16 177 14 1241 1
73 26 181 25 2321 1
74 51 181 25 2321 1
75 17 188 46 5174 1
76 6 112 15 2297 1
77 27 144 20 4021 1
78 53 144 20 4021 1
79 16 183 16 3897 1
80 16 181 23 4461 1
81 20 145 9 702 1
82 23 170 14 3197 1
83 45 170 14 3197 1
84 17 152 16 2881 1
85 6 91 14 1238 1
86 11 91 14 1238 1
87 16 91 14 1238 1
88 8 154 10 2031 1
89 15 154 10 2031 1
90 48 147 22 3925 1
91 30 189 13 2197 1
92 15 166 11 1181 1
93 1 165 14 2522 1
94 19 155 16 2970 1
95 4 135 10 1474 1
96 12 175 20 2444 1
97 15 120 5 524 1
98 4 113 6 648 1
99 7 113 6 648 1
100 15 182 17 1668 1
101 5 145 13 1176 1
102 4 168 17 4170 1
103 7 168 17 4170 1
104 15 184 23 6337 1
105 9 163 18 2682 1
106 17 163 18 2682 1
107 13 131 12 1182 1
108 96 182 15 2273 1
109 5 135 21 1758 1
110 9 135 21 1758 1
111 13 135 21 1758 1
112 17 135 21 1758 1
113 21 135 21 1758 1
114 25 135 21 1758 1
115 29 135 21 1758 1
116 33 135 21 1758 1
117 37 135 21 1758 1
118 41 135 21 1758 1
119 45 135 21 1758 1
120 9 145 13 1137 1
121 17 145 13 1137 1
122 25 145 13 1137 1
123 33 145 13 1137 1
124 3 133 10 1380 1
125 5 133 10 1380 1
126 5 189 15 3626 1
127 9 189 15 3626 1
128 13 189 15 3626 1
129 17 189 15 3626 1
130 21 189 15 3626 1
131 17 185 21 5626 1
132 12 171 19 4050 1
133 9 157 32 4336 1
134 6 159 19 3404 1
135 11 159 19 3404 1
136 26 155 15 1376 1
137 85 126 11 1273 1
138 7 160 24 1937 1
139 13 160 24 1937 1
140 19 160 24 1937 1
141 25 160 24 1937 1
142 31 160 24 1937 1
143 9 126 15 2688 1
144 17 126 15 2688 1
145 7 176 17 3724 1
146 16 160 17 3923 1
147 15 177 24 5409 1
148 10 146 12 1316 1
149 20 149 15 2257 1
150 17 180 21 4034 1
151 33 180 21 4034 1
152 8 150 19 3883 1
153 15 150 19 3883 1
154 5 131 28 4395 1
155 8 175 13 1696 1
156 5 134 19 2854 1
157 14 157 12 1833 1
158 15 112 16 2213 1
159 15 91 7 593 1
160 10 152 11 2283 1
161 48 126 16 1828 1
162 3 174 26 3666 1
163 2 188 19 3674 1
164 21 146 4 872 1
165 12 134 9 755 1
166 21 163 18 1692 1
167 41 163 18 1692 1
168 8 121 13 1751 1
169 9 112 10 1186 1
170 17 112 10 1186 1
171 19 126 13 1512 1
172 37 126 13 1512 1
173 19 91 7 814 1
174 17 131 7 1331 1
175 3 158 15 2865 1
176 5 158 15 2865 1
177 7 158 15 2865 1
178 9 158 15 2865 1
179 11 158 15 2865 1
180 13 158 15 2865 1
181 7 154 10 1374 1
182 13 154 10 1374 1
183 19 154 10 1374 1
184 25 154 10 1374 1
185 31 154 10 1374 1
186 9 145 9 1867 1
187 5 144 14 2958 1
188 9 144 14 2958 1
189 13 144 14 2958 1
190 10 135 8 1342 1
191 19 135 8 1342 1
192 28 135 8 1342 1
193 37 135 8 1342 1
194 46 135 8 1342 1
195 2 130 14 1919 1
196 6 137 14 2467 1
197 11 137 14 2467 1
198 7 176 30 2780 1
199 13 176 30 2780 1
200 6 140 18 2550 1
201 48 182 14 1767 1
202 95 182 14 1767 1
203 6 101 9 907 1
204 8 126 13 2099 1
205 12 113 7 401 1
206 28 167 11 2707 1
207 9 148 13 2307 1
208 15 116 11 1442 1
209 20 173 12 2973 1
210 13 174 22 3390 1
211 25 174 22 3390 1
212 7 149 13 1145 1
213 13 149 13 1145 1
214 5 171 16 2779 1
215 7 143 19 4042 1
216 13 143 19 4042 1
217 19 188 17 3032 1
218 3 149 19 2463 1
219 5 149 19 2463 1
220 15 162 14 1552 1
221 29 162 14 1552 1
222 6 112 10 1565 1
223 7 121 16 1781 1
224 7 113 11 1591 1
225 13 113 11 1591 1
226 11 126 18 1280 1
227 21 126 18 1280 1
228 2 169 12 2859 1
229 21 176 18 4016 1
230 4 162 13 2437 1
231 7 162 13 2437 1
232 10 162 13 2437 1
233 13 162 13 2437 1
234 17 126 13 1877 1
235 33 126 13 1877 1
236 17 152 13 1551 1
237 10 185 13 2673 1
238 2 130 15 2343 1
239 9 178 18 3547 1
240 17 178 18 3547 1
241 25 178 18 3547 1
242 33 178 18 3547 1
243 16 122 5 337 1
244 11 154 15 1514 1
245 18 113 19 1782 1
246 18 160 13 2831 1
247 35 160 13 2831 1
248 5 188 14 1356 1
249 7 149 15 2784 1
250 13 149 15 2784 1
251 19 149 15 2784 1
252 25 149 15 2784 1
253 25 170 12 1303 1
254 9 173 22 3425 1
255 67 187 21 4771 1
256 15 112 17 1278 1
257 29 112 17 1278 1
258 13 121 13 1345 1
259 19 180 21 4919 1
260 4 168 10 1569 1
261 10 180 14 2247 1
262 19 180 14 2247 1
263 4 178 9 2274 1
264 7 143 11 2259 1
265 8 184 5 1326 1
266 8 187 17 4094 1
267 5 150 10 1406 1
268 9 150 10 1406 1
269 30 169 20 4100 1
270 59 169 20 4100 1
271 88 169 20 4100 1
272 16 189 14 2273 1
273 31 189 14 2273 1
274 46 189 14 2273 1
275 5 167 17 1511 1
276 9 167 17 1511 1
277 16 113 5 663 1
278 13 185 26 4674 1
279 6 159 13 2738 1
280 11 159 13 2738 1
281 16 159 13 2738 1
282 25 159 15 1198 1
283 49 159 15 1198 1
284 73 159 15 1198 1
285 6 185 18 3659 1
286 11 185 18 3659 1
287 4 125 12 911 1
288 7 125 12 911 1
289 16 141 9 1453 1
290 15 148 14 1789 1
291 16 145 3 455 1
292 6 113 7 744 1
293 3 162 19 3231 1
294 64 173 20 3869 1
295 43 133 19 2099 1
296 21 143 12 1942 1
297 35 149 16 2736 1
298 69 149 16 2736 1
299 19 188 27 4453 1
300 16 183 30 7410 1
301 7 147 17 3213 1
302 13 147 17 3213 1
303 19 147 17 3213 1
304 25 147 17 3213 1
305 31 147 17 3213 1
306 10 130 14 1761 1
307 14 191 17 2146 1
308 16 189 19 2976 1
309 31 189 19 2976 1
310 46 189 19 2976 1
311 16 149 16 1778 1
312 6 121 14 1272 1
313 11 121 14 1272 1
314 16 181 9 1605 1
315 31 181 9 1605 1
316 15 165 15 3150 1
317 7 135 6 964 1
318 13 135 6 964 1
319 7 180 16 3415 1
320 22 175 16 4131 1
321 11 182 14 2726 1
322 10 181 7 1797 1
323 1 87 7 552 1
324 1 87 7 552 1
325 1 87 7 552 1
326 10 135 2 164 1
327 15 189 11 2615 1
328 16 112 10 1573 1
329 31 112 10 1573 1
330 15 170 23 2038 1
331 29 170 23 2038 1
332 17 157 19 2044 1
333 33 157 19 2044 1
334 3 154 12 2653 1
335 29 148 21 2760 1
336 57 148 21 2760 1
337 40 178 6 1104 1
338 26 113 13 1131 1
339 51 113 13 1131 1
340 89 130 11 1764 1
341 5 160 18 2949 1
342 9 160 18 2949 1
343 19 162 19 4078 1
344 9 172 11 1203 1
345 6 122 8 1005 1
346 9 87 9 813 1
347 10 112 12 975 1
348 19 112 12 975 1
349 4 167 2 485 1
350 5 158 14 1992 1
351 9 158 14 1992 1
352 13 158 14 1992 1
353 15 160 23 4052 1
354 6 148 19 3411 1
355 4 183 29 6622 1
356 3 157 1 120 1
357 25 154 15 2096 1
358 6 163 13 2044 1
359 11 163 13 2044 1
360 23 176 16 3331 1
361 45 176 16 3331 1
362 40 180 14 3284 1
363 14 112 12 1742 1
364 6 149 9 1730 1
365 18 101 10 779 1
366 35 101 10 779 1
367 8 120 17 1021 1
368 15 120 17 1021 1
369 14 183 22 4054 1
370 43 141 13 1219 1
371 8 189 16 2925 1
372 15 189 16 2925 1
373 22 189 16 2925 1
374 29 189 16 2925 1
375 36 189 16 2925 1
376 43 189 16 2925 1
377 17 191 15 4079 1
378 33 191 15 4079 1
379 5 146 24 3911 1
380 2 140 12 1590 1
381 27 171 14 1948 1
382 53 171 14 1948 1
383 7 112 10 893 1
384 13 112 10 893 1
385 19 112 10 893 1
386 16 165 14 3202 1
387 6 140 12 2075 1
388 10 141 14 1449 1
389 19 141 14 1449 1
390 4 116 11 1677 1
391 7 116 11 1677 1
392 10 116 11 1677 1
393 13 116 11 1677 1
394 14 101 11 1325 1
395 16 121 20 2366 1
396 10 166 16 2980 1
397 16 167 26 4020 1
398 12 157 17 3065 1
399 5 154 12 2480 1
400 9 154 12 2480 1
401 7 189 16 4528 1
402 2 148 15 2380 1
403 3 148 15 2380 1
404 16 121 8 806 1
405 15 140 8 774 1
406 3 178 1 196 1
407 28 121 7 464 1
408 13 193 24 4680 1
409 8 196 12 3356 1
410 7 194 21 4243 1
411 13 194 21 4243 1
412 9 196 15 1772 1
413 14 193 15 3705 1
414 8 196 14 1512 1
415 8 196 15 1923 1
416 15 196 15 1923 1
417 9 195 28 4211 1
418 17 195 28 4211 1
419 9 193 30 5457 1
420 8 196 11 1833 1
421 15 196 11 1833 1
422 22 196 11 1833 1
423 29 196 11 1833 1
424 36 196 11 1833 1
425 14 194 15 3238 1
426 27 194 15 3238 1
427 40 194 15 3238 1
428 9 194 7 1206 1
429 17 196 22 2547 1
430 9 197 14 2538 1
431 17 197 14 2538 1
432 9 193 20 5239 1
433 17 193 20 5239 1
434 9 197 11 1109 1
435 8 196 23 6184 1
436 15 196 23 6184 1
437 2 221 29 6849 1
438 25 226 20 6023 1
439 49 226 20 6023 1
440 13 212 12 1657 1
441 29 212 14 2405 1
442 57 212 14 2405 1
443 85 212 14 2405 1
444 113 212 14 2405 1
445 5 200 7 1108 1
446 9 200 7 1108 1
447 28 200 20 4642 1
448 2 223 13 1809 1
449 29 198 10 2115 1
450 57 198 10 2115 1
451 2 217 15 3970 1
452 32 201 13 1904 1
453 20 210 3 710 1
454 39 210 3 710 1
455 2 210 13 4018 1
456 3 210 13 4018 1
457 9 209 13 1634 1
458 17 209 13 1634 1
459 27 226 17 4665 1
460 53 226 17 4665 1
461 79 226 17 4665 1
462 13 216 8 957 1
463 32 198 19 2531 1
464 10 208 23 6087 1
465 9 201 17 4282 1
466 17 201 17 4282 1
467 25 201 17 4282 1
468 26 210 23 5434 1
469 63 210 21 4242 1
470 9 220 16 3583 1
471 17 220 16 3583 1
472 25 220 16 3583 1
473 12 216 15 2968 1
474 7 224 16 2163 1
475 9 199 6 1740 1
476 9 209 11 2860 1
477 15 209 10 3061 1
478 7 222 19 4092 1
479 31 224 13 2860 1
480 6 216 16 2952 1
481 11 216 16 2952 1
482 7 198 13 1575 1
483 10 216 6 1647 1
484 19 216 6 1647 1
485 28 216 6 1647 1
486 36 210 11 3159 1
487 47 209 21 3487 1
488 9 210 19 5817 1
489 17 210 19 5817 1
490 25 210 19 5817 1
491 33 210 19 5817 1
492 41 210 19 5817 1
493 49 210 19 5817 1
494 2 202 15 2882 1
495 30 217 23 4140 1
496 13 222 12 3174 1
497 15 213 19 4695 1
498 24 200 10 1987 1
499 9 226 12 2944 1
500 9 220 12 3355 1
501 17 220 12 3355 1
502 25 220 12 3355 1
503 33 220 12 3355 1
504 41 220 12 3355 1
505 49 220 12 3355 1
506 14 224 16 3999 1
507 46 212 14 3652 1
508 21 224 13 1819 1
509 41 224 13 1819 1
510 45 208 13 2261 1
511 249 223 5 1354 1
512 9 223 13 2429 1
513 17 223 13 2429 1
514 15 201 15 1532 1
515 30 223 14 3089 1
516 15 202 11 3229 1
517 23 223 11 1592 1
518 6 216 16 4829 1
519 2 221 11 2926 1
520 11 226 24 6881 1
521 21 226 24 6881 1
522 31 226 24 6881 1
523 3 210 13 3702 1
524 22 201 13 3881 1
525 43 201 13 3881 1
526 9 216 7 1019 1
527 38 212 17 4527 1
528 9 201 12 3599 1
529 12 210 14 1939 1
530 2 220 18 2157 1
531 33 209 16 1871 1
532 15 217 6 913 1
533 31 211 16 4629 1
534 49 210 16 2234 1
535 97 210 16 2234 1
536 16 202 11 3138 1
537 25 209 12 2822 1
538 2 201 16 1618 1
539 23 198 14 3495 1
540 45 198 14 3495 1
541 155 217 14 1845 1
542 8 208 9 1509 1
543 15 208 9 1509 1
544 22 208 9 1509 1
545 15 200 24 2645 1
546 11 223 19 4549 1
547 25 217 14 4379 1
548 9 202 14 2105 1
549 17 202 14 2105 1
550 26 216 16 4985 1
551 34 212 13 2637 1
552 10 226 24 6331 1
553 27 223 16 5118 1
554 57 216 16 2737 1
555 29 216 19 5283 1
556 57 216 19 5283 1
557 10 208 15 1585 1
558 19 208 15 1585 1
559 25 200 12 1946 1
560 14 224 28 9377 1
561 27 224 28 9377 1
562 24 247 7 1329 1
563 4 235 14 2695 1
564 22 250 15 3618 1
565 43 250 15 3618 1
566 64 250 15 3618 1
567 85 250 15 3618 1
568 17 260 8 2984 1
569 63 237 14 1876 1
570 125 237 14 1876 1
571 3 256 20 4918 1
572 30 231 13 2992 1
573 29 239 22 4661 1
574 6 235 21 6544 1
575 17 261 15 5588 1
576 53 262 17 2600 1
577 21 262 11 3280 1
578 41 262 11 3280 1
579 5 240 8 2169 1
580 10 261 26 4178 1
581 2 250 25 7250 1
582 3 250 25 7250 1
583 84 231 14 3908 1
584 9 259 11 1543 1
585 27 259 26 8469 1
586 53 259 26 8469 1
587 25 252 11 3434 1
588 16 237 12 2741 1
589 20 261 4 1065 1
590 35 260 3 869 1
591 16 245 9 2794 1
592 31 245 9 2794 1
593 46 245 9 2794 1
594 24 229 15 4699 1
595 20 242 12 3240 1
596 39 242 12 3240 1
597 32 228 16 1864 1
598 4 242 13 2352 1
599 33 250 18 3238 1
600 1 236 17 2832 1
601 1 236 17 2832 1
602 65 260 17 3110 1
603 129 260 17 3110 1
604 87 227 19 2964 1
605 173 227 19 2964 1
606 77 250 17 5388 1
607 22 240 11 3736 1
608 30 241 11 3446 1
609 7 250 11 3771 1
610 23 247 26 7553 1
611 23 259 18 5367 1
612 45 259 18 5367 1
613 67 259 18 5367 1
614 15 240 10 1922 1
615 18 255 22 4764 1
616 42 232 7 1238 1
617 19 239 4 567 1
618 29 236 19 5349 1
619 84 252 29 5636 1
620 15 252 19 6995 1
621 29 240 21 5037 1
622 27 263 12 4289 1
623 5 240 14 2541 1
624 42 242 13 3105 1
625 2 240 15 3591 1
626 3 240 15 3591 1
627 28 237 11 1880 1
628 22 236 3 520 1
629 29 255 23 3151 1
630 26 235 15 3291 1
631 36 261 15 2545 1
632 27 235 18 2770 1
633 53 235 18 2770 1
634 19 241 19 4983 1
635 37 241 19 4983 1
636 25 263 17 5336 1
637 37 255 24 7110 1
638 25 235 15 1813 1
639 49 235 15 1813 1
640 73 235 15 1813 1
641 62 252 25 5190 1
642 35 241 14 4110 1
643 69 241 14 4110 1
644 5 236 19 6194 1
645 9 236 19 6194 1
646 13 236 19 6194 1
647 17 236 19 6194 1
648 30 261 9 2263 1
649 3 256 19 3030 1
650 7 256 8 2148 1
651 55 250 11 1573 1
652 25 227 17 2571 1
653 33 235 8 1497 1
654 65 235 8 1497 1
655 21 245 19 4621 1
656 41 245 19 4621 1
657 22 259 21 3410 1
658 23 259 19 3012 1
659 20 231 21 3304 1
660 39 231 21 3304 1
661 58 231 21 3304 1
662 77 231 21 3304 1
663 85 237 17 2457 1
664 30 256 10 2506 1
665 35 263 7 1948 1
666 29 241 18 4171 1
667 57 241 18 4171 1
668 21 240 16 3173 1
669 41 240 16 3173 1
670 52 261 13 4676 1
671 103 261 13 4676 1
672 26 252 10 2196 1
673 35 237 14 3226 1
674 26 235 14 3345 1
675 20 227 16 5369 1
676 7 261 6 848 1
677 25 259 20 5369 1
678 5 236 14 3408 1
679 9 236 14 3408 1
680 13 236 14 3408 1
681 24 231 11 2147 1
682 7 262 11 1804 1
683 13 262 11 1804 1
684 5 268 14 1963 1
685 22 278 5 1754 1
686 43 278 5 1754 1
687 64 278 5 1754 1
688 37 302 23 7858 1
689 73 302 23 7858 1
690 2 276 16 5815 1
691 21 296 20 6094 1
692 7 272 20 5803 1
693 4 283 11 3055 1
694 24 267 9 3257 1
695 36 271 18 5428 1
696 22 281 9 1891 1
697 16 293 12 3777 1
698 31 293 12 3777 1
699 46 293 12 3777 1
700 65 292 15 3323 1
701 46 296 16 6076 1
702 17 302 7 2294 1
703 3 281 15 5970 1
704 22 280 6 2043 1
705 5 277 18 3462 1
706 44 283 21 3723 1
707 20 300 19 3352 1
708 41 277 16 2835 1
709 19 269 12 3857 1
710 37 269 12 3857 1
711 55 269 12 3857 1
712 73 269 12 3857 1
713 7 272 16 6161 1
714 13 272 16 6161 1
715 19 272 16 6161 1
716 25 272 16 6161 1
717 31 272 16 6161 1
718 20 296 13 3105 1
719 41 290 29 9096 1
720 52 265 15 3906 1
721 2 265 18 5516 1
722 14 285 20 6486 1
723 79 283 17 4535 1
724 37 302 13 5428 1
725 19 265 18 6243 1
726 76 295 21 6208 1
727 24 266 14 4762 1
728 22 290 14 2585 1
729 23 283 19 4351 1
730 50 296 11 4858 1
731 35 272 22 6933 1
732 25 294 22 3874 1
733 24 295 25 4399 1
734 13 285 24 3473 1
735 25 285 24 3473 1
736 37 276 16 4510 1
737 63 292 20 5361 1
738 125 292 20 5361 1
739 8 271 10 3215 1
740 13 265 26 5803 1
741 66 267 14 4618 1
742 131 267 14 4618 1
743 23 290 8 3267 1
744 24 285 11 1861 1
745 47 285 11 1861 1
746 38 281 12 4909 1
747 4 276 16 4690 1
748 43 264 8 2561 1
749 23 293 15 4786 1
750 45 293 15 4786 1
751 1 278 15 4738 1
752 57 295 22 3588 1
753 2 271 20 5651 1
754 88 276 18 4394 1
755 64 278 10 3920 1
756 15 300 17 5130 1
757 16 292 14 2088 1
758 31 292 14 2088 1
759 46 292 14 2088 1
760 61 292 14 2088 1
761 31 269 17 2918 1
762 23 285 14 4908 1
763 45 285 14 4908 1
764 7 300 22 5285 1
765 10 279 21 7318 1
766 19 279 21 7318 1
767 28 279 21 7318 1
768 3 300 38 14391 1
769 20 292 17 5915 1
770 51 269 5 1841 1
771 16 266 20 6039 1
772 31 266 20 6039 1
773 46 266 20 6039 1
774 61 266 20 6039 1
775 22 299 15 3874 1
776 69 267 16 5667 1
777 10 268 14 2478 1
778 66 277 8 2731 1
779 42 292 15 2580 1
780 83 292 15 2580 1
781 19 294 29 5047 1
782 46 277 20 7175 1
783 60 269 23 8397 1
784 23 270 14 5647 1
785 9 300 15 6634 1
786 23 269 22 7971 1
787 5 264 19 3192 1
788 8 280 13 4717 1
789 41 275 9 3014 1
790 81 275 9 3014 1
791 66 270 15 3470 1
792 24 264 18 6369 1
793 15 294 9 3384 1
794 22 268 23 6148 1
795 92 299 20 5064 1
796 75 285 21 5259 1
797 23 267 18 6286 1
798 11 300 15 3979 1
799 21 300 15 3979 1
800 21 267 11 2681 1
801 6 265 14 3758 1
802 11 265 14 3758 1
803 6 285 16 5576 1
804 23 299 18 5853 1
805 67 294 21 3706 1
806 35 267 8 1196 1
807 19 275 15 3449 1
808 27 296 13 4691 1
809 53 296 13 4691 1
810 2 264 17 3009 1
811 35 270 6 925 1
812 69 270 6 925 1
813 23 281 24 9570 1
814 10 299 20 4129 1
815 17 281 20 4428 1
816 18 283 14 4703 1
817 35 283 14 4703 1
818 52 283 14 4703 1
819 23 283 9 3626 1
820 45 283 9 3626 1
821 19 295 20 5230 1
822 23 277 22 6560 1
823 43 283 16 4758 1
824 30 269 20 7146 1
825 3 280 14 3087 1
826 4 299 18 5718 1
827 7 299 18 5718 1
828 3 279 15 4069 1
829 3 270 22 4390 1
830 23 276 12 4622 1
831 12 269 15 4534 1
832 5 279 20 5245 1
833 4 268 15 4338 1
834 7 268 15 4338 1
835 23 302 23 7841 1
836 8 266 16 2857 1
837 3 279 17 3070 1
838 5 279 17 3070 1
839 5 272 14 2755 1
840 20 283 21 6297 1
841 21 280 15 2512 1
842 41 280 15 2512 1
843 31 270 19 5013 1
844 61 270 19 5013 1
845 26 301 12 2845 1
846 51 301 12 2845 1
847 20 265 11 3885 1
848 16 301 21 7269 1
849 38 296 17 5563 1
850 20 266 14 4898 1
851 26 299 20 4555 1
852 19 266 31 6357 1
853 38 264 8 2773 1
854 74 269 15 6045 1
855 22 296 13 3124 1
856 21 281 21 4173 1
857 41 281 21 4173 1
858 5 299 3 609 1
859 24 271 12 4487 1
860 57 281 21 4164 1
861 57 266 14 4424 1
862 12 275 13 2025 1
863 25 321 12 3497 1
864 49 321 12 3497 1
865 73 321 12 3497 1
866 22 336 9 2567 1
867 28 338 18 5224 1
868 21 323 9 3281 1
869 23 336 22 5229 1
870 25 334 12 4077 1
871 148 339 15 4154 1
872 62 304 20 5947 1
873 73 337 24 6164 1
874 65 302 13 4925 1
875 55 306 18 3480 1
876 32 337 24 8032 1
877 17 304 11 4661 1
878 15 329 15 2695 1
879 54 334 14 4198 1
880 26 329 16 5740 1
881 53 319 21 9070 1
882 67 302 17 6532 1
883 27 335 26 6359 1
884 53 335 26 6359 1
885 79 335 26 6359 1
886 105 335 26 6359 1
887 31 323 22 5139 1
888 51 332 20 5209 1
889 27 333 17 7339 1
890 71 319 15 4684 1
891 44 339 22 5330 1
892 2 302 17 3922 1
893 16 332 22 7156 1
894 171 325 23 7346 1
895 44 335 15 2640 1
896 52 302 22 7683 1
897 29 305 23 4527 1
898 57 305 23 4527 1
899 26 334 20 4770 1
900 27 306 15 3096 1
901 29 331 14 6784 1
902 26 337 18 8210 1
903 51 337 18 8210 1
904 27 304 11 2896 1
905 64 337 21 5943 1
906 18 332 12 2529 1
907 56 329 16 4353 1
908 21 337 10 2259 1
909 41 337 10 2259 1
910 55 336 20 4315 1
911 109 336 20 4315 1
912 27 316 18 5392 1
913 2 331 11 2815 1
914 12 325 11 3885 1
915 23 325 11 3885 1
916 2 335 28 6555 1
917 53 325 13 2903 1
918 49 302 16 5393 1
919 19 306 21 9374 1
920 26 329 21 8322 1
921 69 334 12 2096 1
922 20 316 25 10040 1
923 47 306 13 4241 1
924 27 334 15 4697 1
925 68 323 13 5954 1
926 135 323 13 5954 1
927 26 325 11 3063 1
928 23 334 32 13097 1
929 45 334 32 13097 1
930 52 323 25 11727 1
931 52 305 9 2157 1
932 31 305 13 2587 1
933 11 335 25 10444 1
934 27 333 16 3899 1
935 53 333 16 3899 1
936 81 337 16 3385 1
937 22 302 15 2320 1
938 43 302 15 2320 1
939 19 304 18 6168 1
940 37 304 18 6168 1
941 50 325 35 15634 1
942 46 306 15 3376 1
943 18 329 10 3204 1
944 29 323 13 6296 1
945 21 337 20 5508 1
946 17 306 22 7626 1
947 39 302 14 5827 1
948 22 335 22 6774 1
949 27 319 25 7492 1
950 50 338 27 11756 1
951 99 338 27 11756 1
952 148 338 27 11756 1
953 55 325 18 5298 1
954 29 365 5 1823 1
955 50 400 16 7579 1
956 22 349 16 7619 1
957 43 349 16 7619 1
958 52 348 40 9122 1
959 54 400 39 15504 1
960 28 367 28 13288 1
961 77 350 24 9687 1
962 25 396 31 15377 1
963 79 347 24 7232 1
964 24 398 24 6381 1
965 23 364 26 9648 1
966 50 366 21 5255 1
967 23 351 24 8482 1
968 81 369 24 6860 1
969 25 364 20 8847 1
970 58 347 15 4687 1
971 66 349 3 572 1
972 131 349 3 572 1
973 196 349 3 572 1
974 23 368 28 9438 1
975 57 353 5 1545 1
976 24 398 23 6199 1
977 31 365 22 9914 1
978 19 347 20 9790 1
979 54 367 22 9247 1
980 48 351 18 5783 1
981 27 398 29 11131 1
982 19 369 16 7766 1
983 63 349 18 7123 1
984 105 348 32 12098 1
985 105 365 12 6325 1
986 79 349 14 5089 1
987 60 364 17 9128 1
988 31 365 20 4653 1
989 52 396 26 7325 1
990 51 396 21 6549 1
991 81 351 22 5104 1
992 55 349 16 4401 1
993 109 349 16 4401 1
994 163 349 16 4401 1
995 217 349 16 4401 1
996 58 400 32 9848 1
997 115 400 32 9848 1
998 23 351 17 8709 1
999 128 367 31 8350 1
1000 52 365 15 6350 1
1001 115 399 19 8828 1
1002 51 367 18 3311 1
1003 86 399 17 9970 1
1004 24 369 24 7628 1
1005 84 350 19 7225 1
1006 71 351 24 10687 1
1007 79 350 20 9321 1
1008 51 368 20 8368 1
1009 47 396 18 7729 1
1010 21 367 22 9298 1
1011 73 396 23 9292 1
1012 145 396 23 9292 1
1013 52 365 36 17069 1
1014 35 350 31 13279 1
1015 23 400 24 12003 1
1016 78 399 14 3732 1
1017 66 348 14 6144 1
1018 51 400 20 11562 1
1019 23 398 24 6615 1
1020 85 400 28 6836 1
1021 106 399 26 14415 1
1022 52 367 28 5149 1
1023 33 400 21 9810 1
1024 38 366 22 6360 1
1025 26 364 24 10357 1
1026 40 353 32 12724 1
1027 69 348 23 5752 1
1028 27 348 27 13955 1
1029 53 348 27 13955 1
1030 54 347 17 3558 1
1031 107 347 17 3558 1
1032 89 351 27 11778 1
1033 25 364 17 6492 1
1034 26 369 25 7729 1
1035 115 347 21 5733 1
1036 59 400 31 10523 1
1037 23 350 26 5438 1
40
235 400 530 450 480 440 440 544 580 580 580 540 600 610 575 660 450 450 375 450 450 600 600 600 400 426 500 500 500 500 500 500 600 600 600 400 400 600 425 425 