1037
1 8 141 14 1485 1
2 15 141 14 1485 1
3 22 141 14 1485 1
4 20 189 17 4610 1
5 6 133 10 1145 1
6 20 178 25 3180 1
7 16 152 15 3242 1
8 31 152 15 3242 1
9 2 177 16 2149 1
10 3 177 16 2149 1
11 10 149 15 3262 1
12 4 120 9 933 1
13 7 120 9 933 1
14 10 120 9 933 1
15 13 120 9 933 1
16 7 189 19 4817 1
17 13 189 19 4817 1
18 19 189 19 4817 1
19 25 189 19 4817 1
20 31 189 19 4817 1
21 16 134 16 1172 1
22 10 120 9 829 1
23 17 181 14 2695 1
24 22 150 18 3102 1
25 43 150 18 3102 1
26 13 134 11 1969 1
27 25 134 11 1969 1
28 13 120 11 943 1
29 25 120 11 943 1
30 14 148 16 2016 1
31 5 182 27 6848 1
32 23 180 19 3972 1
33 9 189 10 2593 1
34 17 189 10 2593 1
35 25 189 10 2593 1
36 33 189 10 2593 1
37 21 134 18 2377 1
38 15 148 9 1824 1
39 9 101 15 1625 1
40 13 122 17 1920 1
41 19 162 24 2113 1
42 37 162 24 2113 1
43 55 162 24 2113 1
44 9 125 11 1179 1
45 17 125 11 1179 1
46 25 125 11 1179 1
47 3 181 15 3857 1
48 19 116 13 855 1
49 15 173 21 5385 1
50 15 155 17 2597 1
51 14 112 10 959 1
52 27 112 10 959 1
53 40 112 10 959 1
54 53 112 10 959 1
55 18 181 20 4930 1
56 10 173 17 3314 1
57 19 173 17 3314 1
58 28 173 17 3314 1
59 20 183 21 2202 1
60 43 137 35 2452 1
61 8 154 10 2198 1
62 11 162 21 3577 1
63 10 176 21 2697 1
64 15 155 20 4424 1
65 8 146 13 1970 1
66 4 173 23 3170 1
67 7 173 23 3170 1
68 10 173 23 3170 1
69 16 146 18 1857 1
70 10 140 13 1404 1
71 2 133 13 2104 1
72 17 165 10 2350 1
73 3 158 19 4336 1
74 5 158 19 4336 1
75 7 158 19 4336 1
76 1 113 9 1260 1
77 7 180 14 1591 1
78 13 180 14 1591 1
79 3 120 22 3482 1
80 10 170 13 2042 1
81 19 170 13 2042 1
82 28 170 13 2042 1
83 10 134 15 2658 1
84 4 174 16 2731 1
85 9 163 18 3665 1
86 7 121 11 1408 1
87 19 135 8 995 1
88 3 162 18 1890 1
89 5 162 18 1890 1
90 16 173 29 3906 1
91 23 150 9 1080 1
92 13 87 11 533 1
93 7 168 9 2249 1
94 13 168 9 2249 1
95 19 168 9 2249 1
96 25 168 9 2249 1
97 28 144 6 603 1
98 3 146 22 1830 1
99 7 125 17 2010 1
100 13 125 17 2010 1
101 97 160 17 2127 1
102 15 131 13 1830 1
103 29 131 13 1830 1
104 9 184 9 1437 1
105 17 184 9 1437 1
106 17 125 4 554 1
107 30 168 18 1679 1
108 59 168 18 1679 1
109 16 116 13 951 1
110 5 175 16 3053 1
111 15 113 15 2181 1
112 8 146 11 2247 1
113 15 146 11 2247 1
114 8 140 12 1927 1
115 5 140 14 1771 1
116 6 141 17 1574 1
117 4 181 18 2078 1
118 5 189 30 7532 1
119 15 158 13 2654 1
120 11 188 14 3270 1
121 5 158 20 1966 1
122 9 158 20 1966 1
123 13 158 20 1966 1
124 24 140 9 931 1
125 19 143 12 2509 1
126 6 120 11 826 1
127 11 120 11 826 1
128 6 167 13 1723 1
129 19 135 8 591 1
130 8 171 21 4752 1
131 7 187 11 2536 1
132 14 154 7 1468 1
133 10 185 16 1901 1
134 8 184 14 1600 1
135 8 148 22 4042 1
136 15 148 22 4042 1
137 15 116 20 1502 1
138 31 125 15 2517 1
139 7 155 16 1706 1
140 13 155 16 1706 1
141 4 147 14 1426 1
142 5 178 28 5820 1
143 9 137 16 2784 1
144 23 87 5 298 1
145 13 191 17 4167 1
146 15 143 20 3105 1
147 21 166 8 1866 1
148 41 166 8 1866 1
149 61 166 8 1866 1
150 14 180 13 2713 1
151 1 137 24 2576 1
152 11 178 16 2688 1
153 16 165 23 3637 1
154 10 183 15 2276 1
155 16 148 25 4927 1
156 23 169 12 2966 1
157 8 183 12 2336 1
158 9 175 25 6512 1
159 17 175 25 6512 1
160 25 175 25 6512 1
161 33 175 25 6512 1
162 41 175 25 6512 1
163 18 175 38 8225 1
164 8 159 16 3587 1
165 16 184 21 5438 1
166 7 125 16 2560 1
167 17 121 7 679 1
168 3 182 13 1268 1
169 93 133 30 5259 1
170 3 181 34 6342 1
171 5 147 19 3954 1
172 9 160 14 1566 1
173 16 116 14 993 1
174 8 180 34 4982 1
175 15 180 34 4982 1
176 8 148 13 2271 1
177 15 148 13 2271 1
178 22 148 13 2271 1
179 29 148 13 2271 1
180 8 166 11 2093 1
181 7 122 17 2510 1
182 13 122 17 2510 1
183 18 135 7 757 1
184 4 140 15 1805 1
185 5 187 17 3087 1
186 7 171 13 1471 1
187 13 171 13 1471 1
188 19 171 13 1471 1
189 25 171 13 1471 1
190 12 159 18 2343 1
191 23 159 18 2343 1
192 34 159 18 2343 1
193 45 159 18 2343 1
194 22 188 13 1464 1
195 43 188 13 1464 1
196 64 188 13 1464 1
197 85 188 13 1464 1
198 106 188 13 1464 1
199 127 188 13 1464 1
200 4 101 8 943 1
201 10 158 16 3556 1
202 15 154 8 1092 1
203 6 173 14 1946 1
204 11 173 14 1946 1
205 16 173 14 1946 1
206 11 116 14 2363 1
207 9 185 14 2350 1
208 17 185 14 2350 1
209 6 135 11 1588 1
210 11 135 11 1588 1
211 23 171 18 4066 1
212 45 171 18 4066 1
213 67 171 18 4066 1
214 11 178 20 2077 1
215 21 178 20 2077 1
216 31 178 20 2077 1
217 15 157 22 3946 1
218 4 163 10 2433 1
219 23 171 11 947 1
220 6 126 8 1291 1
221 12 87 10 1013 1
222 15 148 16 1870 1
223 23 167 15 2553 1
224 24 184 15 3694 1
225 47 184 15 3694 1
226 18 133 9 1211 1
227 11 91 5 624 1
228 21 91 5 624 1
229 4 154 23 2267 1
230 7 154 23 2267 1
231 10 154 23 2267 1
232 13 154 23 2267 1
233 3 113 10 1533 1
234 5 113 10 1533 1
235 2 152 7 1347 1
236 3 152 7 1347 1
237 4 152 7 1347 1
238 16 113 13 895 1
239 12 146 5 605 1
240 14 152 6 736 1
241 6 116 13 1039 1
242 2 189 13 1387 1
243 3 189 13 1387 1
244 26 165 17 3605 1
245 3 158 11 2144 1
246 9 169 22 4844 1
247 15 101 6 352 1
248 29 101 6 352 1
249 43 101 6 352 1
250 6 174 31 6413 1
251 11 174 31 6413 1
252 16 174 31 6413 1
253 21 174 31 6413 1
254 3 182 24 3761 1
255 5 182 24 3761 1
256 7 182 24 3761 1
257 9 182 24 3761 1
258 11 182 24 3761 1
259 26 143 14 1038 1
260 16 154 13 1018 1
261 9 185 11 1678 1
262 17 185 11 1678 1
263 25 185 11 1678 1
264 4 126 10 1410 1
265 8 131 5 657 1
266 3 157 8 1403 1
267 5 157 8 1403 1
268 7 157 8 1403 1
269 4 87 8 459 1
270 7 87 8 459 1
271 25 178 11 1412 1
272 20 121 13 2345 1
273 10 147 16 3464 1
274 5 185 14 3724 1
275 27 168 20 4609 1
276 6 169 17 2926 1
277 8 120 6 931 1
278 15 120 6 931 1
279 2 148 16 2556 1
280 3 148 16 2556 1
281 16 122 3 269 1
282 22 169 13 2325 1
283 5 185 22 4487 1
284 25 181 22 3042 1
285 49 181 22 3042 1
286 7 178 23 5230 1
287 20 130 12 1062 1
288 6 168 13 2022 1
289 11 168 13 2022 1
290 24 134 14 2613 1
291 43 152 20 4159 1
292 20 150 14 1463 1
293 16 152 27 3291 1
294 7 125 11 847 1
295 13 125 11 847 1
296 9 176 14 1740 1
297 25 180 29 7294 1
298 49 180 29 7294 1
299 5 101 10 1282 1
300 11 112 15 2476 1
301 21 112 15 2476 1
302 15 133 10 1183 1
303 7 134 22 2106 1
304 13 134 22 2106 1
305 3 112 15 2460 1
306 5 172 12 2823 1
307 9 172 12 2823 1
308 10 130 10 1215 1
309 8 170 21 2623 1
310 6 150 7 727 1
311 11 150 7 727 1
312 16 150 7 727 1
313 21 150 7 727 1
314 26 150 7 727 1
315 31 150 7 727 1
316 36 150 7 727 1
317 41 150 7 727 1
318 46 150 7 727 1
319 16 185 9 1149 1
320 14 177 14 2578 1
321 40 122 16 1739 1
322 25 143 7 1169 1
323 94 143 16 1634 1
324 4 126 11 1419 1
325 7 126 11 1419 1
326 10 126 11 1419 1
327 13 126 11 1419 1
328 16 126 11 1419 1
329 19 126 11 1419 1
330 22 126 11 1419 1
331 25 126 11 1419 1
332 28 126 11 1419 1
333 6 154 22 4771 1
334 11 154 22 4771 1
335 4 158 11 2480 1
336 21 165 8 1627 1
337 13 146 16 3485 1
338 7 134 16 1198 1
339 6 175 28 5611 1
340 15 177 33 5626 1
341 29 177 33 5626 1
342 5 147 22 4712 1
343 7 173 19 4340 1
344 13 173 19 4340 1
345 19 173 19 4340 1
346 25 173 19 4340 1
347 6 91 7 472 1
348 11 91 7 472 1
349 15 174 15 3195 1
350 3 189 20 4714 1
351 13 185 16 3902 1
352 25 185 16 3902 1
353 37 185 16 3902 1
354 15 183 19 4218 1
355 29 183 19 4218 1
356 43 183 19 4218 1
357 12 168 16 3177 1
358 9 173 14 1824 1
359 17 173 14 1824 1
360 25 173 14 1824 1
361 33 173 14 1824 1
362 6 158 21 3896 1
363 8 145 21 3795 1
364 9 116 13 1096 1
365 11 91 10 658 1
366 4 152 9 1079 1
367 1 122 11 1031 1
368 15 183 6 558 1
369 29 183 6 558 1
370 43 183 6 558 1
371 18 163 23 3336 1
372 4 165 14 1447 1
373 7 165 14 1447 1
374 10 165 14 1447 1
375 13 165 14 1447 1
376 18 182 19 2177 1
377 11 165 3 706 1
378 21 165 3 706 1
379 31 165 3 706 1
380 31 126 8 1328 1
381 16 135 18 2787 1
382 75 158 14 3094 1
383 8 158 20 3675 1
384 7 112 12 1362 1
385 13 112 12 1362 1
386 19 112 12 1362 1
387 9 125 17 1164 1
388 17 125 17 1164 1
389 11 140 2 381 1
390 16 167 20 2108 1
391 2 184 11 1054 1
392 20 174 16 3407 1
393 5 176 17 4024 1
394 20 177 11 2022 1
395 7 170 16 2601 1
396 13 170 16 2601 1
397 16 133 16 2574 1
398 10 146 7 1242 1
399 16 175 19 2280 1
400 22 166 19 4301 1
401 7 140 23 2046 1
402 19 174 18 3089 1
403 18 147 31 4919 1
404 17 137 3 442 1
405 2 176 24 2694 1
406 16 149 8 1037 1
407 31 149 8 1037 1
408 18 197 25 6645 1
409 8 193 22 4199 1
410 15 193 22 4199 1
411 22 193 22 4199 1
412 29 193 22 4199 1
413 36 193 22 4199 1
414 43 193 22 4199 1
415 50 193 22 4199 1
416 57 193 22 4199 1
417 64 193 22 4199 1
418 71 193 22 4199 1
419 9 195 21 5315 1
420 17 195 21 5315 1
421 95 194 18 2692 1
422 8 195 10 2539 1
423 17 194 22 6265 1
424 9 193 20 3488 1
425 3 195 10 2513 1
426 8 196 27 7082 1
427 15 196 27 7082 1
428 22 196 27 7082 1
429 29 196 27 7082 1
430 36 196 27 7082 1
431 21 196 21 4414 1
432 9 197 24 6920 1
433 8 194 13 2976 1
434 9 193 15 2199 1
435 11 195 7 1294 1
436 21 195 7 1294 1
437 38 213 19 3484 1
438 15 210 11 1638 1
439 53 212 23 6370 1
440 29 224 14 4676 1
441 7 217 16 2269 1
442 13 217 16 2269 1
443 10 213 15 4519 1
444 24 200 17 1906 1
445 47 200 17 1906 1
446 70 200 17 1906 1
447 93 200 17 1906 1
448 116 200 17 1906 1
449 31 224 5 1377 1
450 32 199 14 2053 1
451 40 211 8 1851 1
452 7 208 17 4096 1
453 3 202 11 3321 1
454 25 212 13 3652 1
455 7 220 8 2333 1
456 13 220 8 2333 1
457 7 211 13 2525 1
458 13 211 13 2525 1
459 19 211 13 2525 1
460 8 202 10 1022 1
461 184 220 19 2149 1
462 9 223 22 3168 1
463 30 200 15 3018 1
464 52 213 15 4614 1
465 103 213 15 4614 1
466 15 209 10 1614 1
467 7 220 18 5265 1
468 13 220 18 5265 1
469 15 202 18 2642 1
470 24 198 9 1468 1
471 37 209 15 3845 1
472 27 223 16 3010 1
473 8 213 12 3797 1
474 15 213 12 3797 1
475 22 213 12 3797 1
476 50 210 10 2971 1
477 15 224 10 2451 1
478 9 208 18 2359 1
479 17 208 18 2359 1
480 6 208 12 3723 1
481 2 209 19 2782 1
482 3 209 19 2782 1
483 34 220 15 2701 1
484 7 213 21 6122 1
485 13 213 21 6122 1
486 13 198 9 2073 1
487 39 220 29 4770 1
488 27 216 14 1728 1
489 24 202 13 2934 1
490 32 198 18 2230 1
491 15 200 11 2478 1
492 2 198 15 2264 1
493 2 210 8 1241 1
494 3 210 18 4435 1
495 31 200 17 1776 1
496 61 200 17 1776 1
497 2 221 9 1136 1
498 23 216 12 2815 1
499 31 202 15 3090 1
500 57 210 4 795 1
501 34 216 24 4660 1
502 12 217 15 4558 1
503 12 198 12 1566 1
504 46 209 15 2085 1
505 26 217 12 3738 1
506 51 217 12 3738 1
507 29 224 13 1667 1
508 10 201 16 3056 1
509 29 210 20 4427 1
510 26 221 16 5224 1
511 33 226 21 2689 1
512 16 209 18 2786 1
513 24 222 21 5365 1
514 6 226 11 1281 1
515 11 226 11 1281 1
516 16 226 11 1281 1
517 41 223 24 7701 1
518 59 224 13 2524 1
519 117 224 13 2524 1
520 8 222 18 5424 1
521 15 222 18 5424 1
522 8 202 15 3481 1
523 10 200 12 3440 1
524 19 200 12 3440 1
525 28 200 12 3440 1
526 37 200 12 3440 1
527 46 200 12 3440 1
528 47 221 14 4434 1
529 8 221 18 3595 1
530 10 200 6 873 1
531 27 208 15 4152 1
532 9 199 17 3820 1
533 2 221 13 2417 1
534 2 216 19 2144 1
535 6 220 17 3600 1
536 10 208 17 2194 1
537 35 224 14 2946 1
538 8 198 19 3806 1
539 15 198 19 3806 1
540 22 198 19 3806 1
541 11 201 9 1076 1
542 47 226 14 4517 1
543 22 208 7 1782 1
544 43 208 7 1782 1
545 25 213 15 1941 1
546 49 213 15 1941 1
547 73 213 15 1941 1
548 7 200 15 2647 1
549 13 200 15 2647 1
550 33 220 20 5673 1
551 131 211 7 1384 1
552 29 198 10 1939 1
553 10 212 15 4487 1
554 48 213 15 3411 1
555 10 220 23 4175 1
556 19 220 23 4175 1
557 10 226 20 4216 1
558 35 211 16 2146 1
559 69 211 16 2146 1
560 45 212 3 506 1
561 89 212 3 506 1
562 64 236 13 4198 1
563 127 236 13 4198 1
564 26 235 14 3632 1
565 10 260 19 4375 1
566 29 241 11 2688 1
567 30 236 9 1664 1
568 50 232 9 2120 1
569 75 261 18 5294 1
570 23 255 49 11333 1
571 31 227 17 3003 1
572 61 227 17 3003 1
573 91 227 17 3003 1
574 36 237 13 4245 1
575 29 250 10 3283 1
576 49 235 13 2819 1
577 17 229 14 1805 1
578 33 229 14 1805 1
579 23 235 9 1104 1
580 36 231 20 3372 1
581 71 231 20 3372 1
582 37 241 25 8498 1
583 8 252 14 4805 1
584 15 227 16 4137 1
585 14 255 17 2203 1
586 25 261 17 3660 1
587 9 259 30 6643 1
588 17 259 30 6643 1
589 25 259 30 6643 1
590 6 242 19 4702 1
591 39 242 19 4251 1
592 27 260 22 7710 1
593 8 250 4 884 1
594 4 247 19 4553 1
595 7 247 19 4553 1
596 24 240 12 3860 1
597 9 237 19 6203 1
598 40 242 13 4419 1
599 5 260 20 5728 1
600 16 237 16 2942 1
601 14 261 14 3496 1
602 26 256 14 2397 1
603 7 259 19 2477 1
604 6 231 5 810 1
605 21 227 16 4805 1
606 7 255 8 1362 1
607 14 239 17 3406 1
608 37 259 8 2169 1
609 7 250 8 1312 1
610 27 240 17 4018 1
611 2 227 17 1975 1
612 3 227 17 1975 1
613 22 227 11 1338 1
614 16 232 11 3502 1
615 22 235 9 1188 1
616 24 245 13 4301 1
617 19 231 21 6946 1
618 19 229 13 2749 1
619 6 263 16 2416 1
620 6 252 16 2910 1
621 11 252 16 2910 1
622 28 255 11 2218 1
623 55 255 11 2218 1
624 38 240 16 2510 1
625 75 240 16 2510 1
626 30 242 22 6890 1
627 20 227 11 2962 1
628 15 250 16 4556 1
629 26 247 13 3103 1
630 39 261 8 1940 1
631 3 228 12 3064 1
632 22 263 9 2322 1
633 32 241 8 1363 1
634 29 250 27 6063 1
635 27 245 29 6351 1
636 24 240 16 3743 1
637 39 259 19 6588 1
638 13 242 14 3033 1
639 7 245 20 3666 1
640 5 231 11 3553 1
641 4 240 11 1746 1
642 50 263 15 3302 1
643 32 227 7 1720 1
644 63 227 7 1720 1
645 44 237 12 3352 1
646 9 231 10 2626 1
647 26 261 6 1157 1
648 7 228 11 3529 1
649 27 255 19 3080 1
650 53 255 19 3080 1
651 90 232 10 1412 1
652 3 229 2 397 1
653 2 250 19 2949 1
654 7 250 9 1369 1
655 29 241 9 2143 1
656 32 237 15 3024 1
657 22 252 11 3373 1
658 19 227 18 3495 1
659 37 227 18 3495 1
660 30 236 14 3787 1
661 17 231 11 3467 1
662 82 235 10 1965 1
663 163 235 10 1965 1
664 20 245 15 4338 1
665 69 255 27 6218 1
666 22 263 2 673 1
667 63 241 24 6552 1
668 125 241 24 6552 1
669 31 250 19 4286 1
670 21 228 11 2918 1
671 57 261 20 6015 1
672 5 263 10 1716 1
673 9 263 10 1716 1
674 62 231 16 4601 1
675 22 228 15 3282 1
676 22 239 17 3230 1
677 43 239 17 3230 1
678 35 262 20 6536 1
679 23 261 15 5656 1
680 17 231 16 3731 1
681 13 232 26 5672 1
682 25 232 26 5672 1
683 6 245 16 2584 1
684 23 264 15 2813 1
685 30 295 14 2216 1
686 59 295 14 2216 1
687 5 301 22 5511 1
688 9 301 22 5511 1
689 34 302 14 4143 1
690 31 301 19 4871 1
691 16 292 29 6023 1
692 83 280 8 3068 1
693 26 272 2 701 1
694 36 302 23 3979 1
695 7 278 14 2216 1
696 27 277 9 3010 1
697 53 277 9 3010 1
698 25 268 15 4565 1
699 49 268 15 4565 1
700 7 278 15 2376 1
701 24 290 20 5074 1
702 38 295 11 1860 1
703 18 292 27 8113 1
704 44 279 9 1789 1
705 24 275 5 1979 1
706 47 275 5 1979 1
707 18 283 14 4286 1
708 11 279 14 4679 1
709 5 294 13 1963 1
710 23 292 13 3124 1
711 45 292 13 3124 1
712 67 292 13 3124 1
713 15 285 21 6945 1
714 61 294 15 3153 1
715 26 275 19 7673 1
716 21 281 15 4944 1
717 41 281 15 4944 1
718 27 292 26 4752 1
719 67 277 10 2159 1
720 79 272 21 3267 1
721 26 271 16 3420 1
722 23 264 29 11405 1
723 45 264 29 11405 1
724 67 264 29 11405 1
725 23 299 9 3420 1
726 5 299 18 6539 1
727 5 265 12 3582 1
728 43 293 14 5662 1
729 85 293 14 5662 1
730 21 279 18 5407 1
731 41 279 18 5407 1
732 61 279 18 5407 1
733 81 279 18 5407 1
734 101 279 18 5407 1
735 15 269 15 4881 1
736 7 279 19 6311 1
737 60 267 13 4564 1
738 23 277 14 3804 1
739 22 276 15 3946 1
740 32 269 16 4241 1
741 19 276 18 6234 1
742 4 270 13 5014 1
743 42 290 11 2630 1
744 14 281 6 1079 1
745 16 281 15 3813 1
746 31 281 15 3813 1
747 23 296 13 2392 1
748 45 296 13 2392 1
749 61 294 21 3101 1
750 2 267 8 2640 1
751 3 267 8 2640 1
752 4 267 8 2640 1
753 12 293 26 6882 1
754 33 276 19 4012 1
755 34 301 15 3388 1
756 1 264 17 5070 1
757 1 264 17 5070 1
758 20 296 23 4752 1
759 39 296 23 4752 1
760 58 296 23 4752 1
761 77 296 23 4752 1
762 24 295 12 3188 1
763 53 290 14 4323 1
764 18 290 20 3988 1
765 22 266 13 3574 1
766 43 266 13 3574 1
767 64 266 13 3574 1
768 14 300 19 6079 1
769 24 283 21 6538 1
770 24 268 20 3899 1
771 6 276 18 4654 1
772 11 276 18 4654 1
773 20 271 16 2984 1
774 3 294 17 5719 1
775 5 281 18 4418 1
776 29 294 18 4409 1
777 57 294 18 4409 1
778 6 271 6 1337 1
779 27 264 15 5042 1
780 53 264 15 5042 1
781 29 299 12 1875 1
782 16 295 13 4579 1
783 1 293 16 2764 1
784 22 300 18 3849 1
785 10 266 14 2471 1
786 19 266 14 2471 1
787 63 269 24 3863 1
788 74 300 16 5363 1
789 21 265 9 2672 1
790 41 265 9 2672 1
791 61 265 9 2672 1
792 20 292 21 8757 1
793 35 280 11 3471 1
794 69 280 11 3471 1
795 8 265 15 4205 1
796 24 302 19 4990 1
797 23 272 16 2643 1
798 11 294 21 8441 1
799 21 294 21 8441 1
800 31 294 21 8441 1
801 41 294 21 8441 1
802 8 285 17 5415 1
803 22 271 17 4406 1
804 25 275 10 3662 1
805 49 275 10 3662 1
806 54 275 17 5349 1
807 22 268 17 6016 1
808 6 270 20 6435 1
809 25 269 22 4723 1
810 63 280 21 3964 1
811 2 277 22 8142 1
812 3 277 22 8142 1
813 84 272 14 3666 1
814 54 292 15 3163 1
815 107 292 15 3163 1
816 23 294 20 8136 1
817 24 267 16 2638 1
818 47 267 16 2638 1
819 69 290 12 4521 1
820 20 285 10 1924 1
821 88 302 23 6630 1
822 21 299 18 7533 1
823 14 292 18 3685 1
824 8 275 14 2332 1
825 62 293 21 7312 1
826 46 280 10 3567 1
827 91 280 10 3567 1
828 57 276 12 3298 1
829 55 277 18 3307 1
830 19 279 26 5025 1
831 62 281 10 2591 1
832 123 281 10 2591 1
833 26 276 9 3115 1
834 10 295 21 5996 1
835 24 292 13 2240 1
836 62 279 28 5755 1
837 35 267 17 3332 1
838 4 269 25 3712 1
839 4 285 11 2163 1
840 23 294 13 4035 1
841 74 271 14 5332 1
842 24 279 11 3654 1
843 24 268 16 5544 1
844 64 279 15 5370 1
845 25 293 11 3579 1
846 49 293 11 3579 1
847 73 293 11 3579 1
848 97 293 11 3579 1
849 121 293 11 3579 1
850 31 285 11 3233 1
851 23 276 20 5536 1
852 45 276 20 5536 1
853 18 269 16 3473 1
854 35 269 16 3473 1
855 47 276 22 4687 1
856 3 299 9 3042 1
857 24 272 18 4150 1
858 44 294 19 3087 1
859 11 301 14 3614 1
860 21 301 14 3614 1
861 86 266 17 5929 1
862 40 276 4 1023 1
863 69 305 19 8370 1
864 48 338 22 6579 1
865 35 319 19 5328 1
866 75 323 25 4969 1
867 58 332 9 3966 1
868 115 332 9 3966 1
869 67 333 26 11060 1
870 27 302 18 6013 1
871 26 302 11 2655 1
872 52 340 34 7223 1
873 24 337 31 10208 1
874 18 325 26 6978 1
875 2 318 16 6645 1
876 63 331 20 4678 1
877 24 339 13 3053 1
878 47 339 13 3053 1
879 70 339 13 3053 1
880 25 304 10 4291 1
881 13 323 11 3985 1
882 70 334 21 6568 1
883 1 319 10 3891 1
884 34 331 16 6653 1
885 56 305 13 2527 1
886 27 335 11 5127 1
887 82 333 14 4115 1
888 163 333 14 4115 1
889 125 329 7 2797 1
890 249 329 7 2797 1
891 91 335 18 5809 1
892 29 306 14 5705 1
893 89 302 30 7541 1
894 19 318 19 8377 1
895 37 318 19 8377 1
896 22 332 14 5978 1
897 17 304 23 9110 1
898 33 304 23 9110 1
899 8 319 9 2508 1
900 20 334 18 7079 1
901 13 334 30 6973 1
902 25 334 30 6973 1
903 17 305 17 4969 1
904 33 305 17 4969 1
905 70 318 14 2271 1
906 18 334 16 7178 1
907 37 331 22 4921 1
908 58 305 19 7838 1
909 115 305 19 7838 1
910 27 334 13 6351 1
911 57 319 17 5700 1
912 29 306 26 11045 1
913 57 306 26 11045 1
914 85 306 26 11045 1
915 30 319 12 4594 1
916 26 319 26 11623 1
917 67 316 28 11721 1
918 29 305 15 4617 1
919 26 334 28 7521 1
920 63 306 15 2897 1
921 51 339 28 7923 1
922 16 337 15 2810 1
923 31 337 15 2810 1
924 33 306 15 2788 1
925 19 321 7 1999 1
926 66 332 16 6092 1
927 70 329 20 3315 1
928 65 334 15 6012 1
929 48 333 15 5562 1
930 95 333 15 5562 1
931 67 325 16 6222 1
932 133 325 16 6222 1
933 23 340 24 6050 1
934 45 340 24 6050 1
935 67 340 24 6050 1
936 3 340 27 5594 1
937 5 340 27 5594 1
938 21 304 21 6377 1
939 23 325 21 9954 1
940 57 333 11 2810 1
941 26 323 27 9503 1
942 65 304 8 1578 1
943 29 316 12 2757 1
944 27 337 20 9143 1
945 33 304 14 5369 1
946 65 304 14 5369 1
947 97 304 14 5369 1
948 26 334 15 6847 1
949 8 336 27 7909 1
950 18 302 11 3480 1
951 47 335 15 2965 1
952 63 304 10 2103 1
953 52 338 31 10111 1
954 19 400 32 17354 1
955 51 396 34 13063 1
956 52 353 23 8327 1
957 51 368 16 3826 1
958 54 399 27 6900 1
959 49 396 12 5183 1
960 27 365 29 10898 1
961 50 369 20 8557 1
962 46 348 28 13886 1
963 28 367 28 12586 1
964 51 351 26 4956 1
965 26 353 18 8185 1
966 65 398 31 7438 1
967 84 364 11 2133 1
968 51 365 21 6204 1
969 50 347 9 2612 1
970 28 351 25 10939 1
971 46 400 26 7577 1
972 46 398 22 10530 1
973 78 400 24 5017 1
974 27 400 11 5891 1
975 48 351 22 5913 1
976 78 353 15 6829 1
977 18 349 12 4755 1
978 83 350 22 9415 1
979 51 364 22 6097 1
980 20 396 31 8118 1
981 8 347 23 11321 1
982 15 347 23 11321 1
983 87 349 27 8068 1
984 63 365 26 9243 1
985 50 396 15 3016 1
986 83 368 18 7240 1
987 83 369 18 5124 1
988 23 349 14 3695 1
989 18 369 25 13296 1
990 79 351 23 9298 1
991 48 367 20 7691 1
992 50 398 26 10613 1
993 78 351 11 3350 1
994 31 369 25 6477 1
995 100 351 16 6054 1
996 94 348 22 9751 1
997 29 351 23 8270 1
998 27 399 26 12201 1
999 79 396 26 11657 1
1000 27 365 19 6793 1
1001 76 399 34 12854 1
1002 66 365 18 9750 1
1003 24 364 27 5942 1
1004 42 347 15 5382 1
1005 58 349 19 3828 1
1006 64 365 42 15944 1
1007 48 353 21 6652 1
1008 27 367 24 5301 1
1009 51 366 30 6680 1
1010 52 366 23 4515 1
1011 79 350 28 6455 1
1012 27 364 23 11991 1
1013 80 349 25 7782 1
1014 66 347 15 7708 1
1015 47 366 22 9428 1
1016 69 351 18 6030 1
1017 137 351 18 6030 1
1018 205 351 18 6030 1
1019 50 365 15 6396 1
1020 113 353 26 5688 1
1021 18 349 40 14809 1
1022 49 398 27 10432 1
1023 97 398 27 10432 1
1024 29 399 24 7431 1
1025 127 400 19 5953 1
1026 16 350 16 4544 1
1027 104 398 31 10018 1
1028 64 348 22 4896 1
1029 132 399 21 7655 1
1030 18 349 22 10697 1
1031 23 349 28 11331 1
1032 56 398 27 13542 1
1033 48 368 21 10016 1
1034 25 351 6 2384 1
1035 28 368 21 8520 1
1036 55 368 21 8520 1
1037 26 347 23 7143 1
40
235 400 530 450 480 440 440 544 580 580 580 540 600 610 575 660 450 450 375 450 450 600 600 600 400 426 500 500 500 500 500 500 600 600 600 400 400 600 425 425 