1037
1 20 191 15 3443 1
2 27 113 14 1118 1
3 16 174 36 4817 1
4 5 154 12 1120 1
5 7 178 21 4108 1
6 13 178 21 4108 1
7 9 178 13 1544 1
8 9 134 19 3302 1
9 3 176 19 2175 1
10 5 167 16 3838 1
11 6 174 16 3044 1
12 7 150 16 3470 1
13 16 172 34 8362 1
14 21 150 9 1695 1
15 9 165 13 1556 1
16 17 165 13 1556 1
17 25 165 13 1556 1
18 30 120 11 1208 1
19 59 120 11 1208 1
20 8 165 10 2061 1
21 15 165 10 2061 1
22 22 165 10 2061 1
23 29 165 10 2061 1
24 36 165 10 2061 1
25 43 165 10 2061 1
26 6 189 22 5373 1
27 11 189 22 5373 1
28 16 189 22 5373 1
29 13 120 7 761 1
30 34 170 19 2282 1
31 6 146 20 2507 1
32 9 173 16 3443 1
33 17 173 16 3443 1
34 25 173 16 3443 1
35 33 173 16 3443 1
36 4 140 16 2590 1
37 28 189 23 6233 1
38 55 189 23 6233 1
39 15 133 17 3296 1
40 16 187 19 5046 1
41 3 170 25 3605 1
42 5 175 22 2263 1
43 1 145 12 1972 1
44 1 145 12 1972 1
45 1 145 12 1972 1
46 4 122 10 1798 1
47 5 141 13 1253 1
48 15 122 9 1188 1
49 6 155 19 2513 1
50 6 141 8 833 1
51 11 141 8 833 1
52 27 158 19 4085 1
53 53 158 19 4085 1
54 13 167 22 4647 1
55 25 167 22 4647 1
56 37 167 22 4647 1
57 49 167 22 4647 1
58 61 167 22 4647 1
59 73 167 22 4647 1
60 85 167 22 4647 1
61 9 158 13 1182 1
62 11 113 9 900 1
63 10 172 6 1330 1
64 10 180 19 2641 1
65 10 147 9 1867 1
66 19 147 9 1867 1
67 28 147 9 1867 1
68 37 147 9 1867 1
69 46 147 9 1867 1
70 55 147 9 1867 1
71 10 170 7 795 1
72 7 175 18 2426 1
73 25 160 5 1008 1
74 68 122 10 1772 1
75 7 163 20 2002 1
76 13 163 20 2002 1
77 19 163 20 2002 1
78 25 163 20 2002 1
79 31 163 20 2002 1
80 10 189 8 2144 1
81 19 189 8 2144 1
82 28 189 8 2144 1
83 37 189 8 2144 1
84 46 189 8 2144 1
85 18 177 20 2072 1
86 16 175 11 1524 1
87 10 157 17 3438 1
88 9 134 16 3056 1
89 15 188 16 4492 1
90 12 187 13 2331 1
91 23 187 13 2331 1
92 8 134 17 2412 1
93 23 134 16 2366 1
94 45 134 16 2366 1
95 20 170 19 2192 1
96 26 189 17 3607 1
97 51 189 17 3607 1
98 2 91 7 741 1
99 3 91 7 741 1
100 33 141 17 2589 1
101 65 141 17 2589 1
102 97 141 17 2589 1
103 14 101 10 565 1
104 15 146 21 2239 1
105 29 146 21 2239 1
106 8 140 15 2589 1
107 9 143 10 2116 1
108 7 112 12 1702 1
109 13 112 12 1702 1
110 19 112 12 1702 1
111 25 112 12 1702 1
112 77 175 15 2548 1
113 11 131 15 2871 1
114 110 149 14 1097 1
115 6 148 17 2659 1
116 11 148 17 2659 1
117 16 148 17 2659 1
118 21 148 17 2659 1
119 26 121 17 2825 1
120 10 87 10 493 1
121 19 87 10 493 1
122 4 121 14 1300 1
123 7 121 14 1300 1
124 10 121 14 1300 1
125 9 166 21 4353 1
126 15 144 21 1970 1
127 22 172 7 978 1
128 8 188 20 3487 1
129 15 188 20 3487 1
130 4 173 23 4337 1
131 18 134 5 362 1
132 35 134 5 362 1
133 45 133 11 1564 1
134 6 112 15 1996 1
135 11 112 15 1996 1
136 16 112 15 1996 1
137 22 166 20 4970 1
138 6 126 21 1604 1
139 11 126 21 1604 1
140 16 131 13 1286 1
141 15 143 12 2373 1
142 8 134 6 472 1
143 16 154 15 2482 1
144 4 146 23 4000 1
145 7 146 23 4000 1
146 13 126 12 1259 1
147 12 91 13 1426 1
148 23 91 13 1426 1
149 34 91 13 1426 1
150 8 181 21 5668 1
151 15 125 10 1784 1
152 6 152 30 6226 1
153 52 172 14 2085 1
154 8 185 19 4085 1
155 15 185 19 4085 1
156 17 183 16 4160 1
157 6 188 10 2469 1
158 11 188 10 2469 1
159 17 188 10 1150 1
160 4 183 20 3579 1
161 7 183 20 3579 1
162 16 191 24 5637 1
163 9 187 16 2823 1
164 17 187 16 2823 1
165 7 141 11 1946 1
166 13 141 11 1946 1
167 19 141 11 1946 1
168 25 141 11 1946 1
169 14 185 20 2432 1
170 27 185 20 2432 1
171 40 185 20 2432 1
172 10 165 14 3387 1
173 19 165 14 3387 1
174 28 165 14 3387 1
175 10 137 13 1003 1
176 4 172 17 4162 1
177 1 176 14 2318 1
178 4 148 11 964 1
179 7 148 11 964 1
180 14 141 25 3135 1
181 27 141 25 3135 1
182 40 141 25 3135 1
183 53 141 25 3135 1
184 11 160 13 2118 1
185 15 134 17 1715 1
186 29 134 17 1715 1
187 4 140 11 1798 1
188 7 140 11 1798 1
189 10 140 11 1798 1
190 16 143 14 2139 1
191 31 143 14 2139 1
192 15 87 6 628 1
193 40 188 24 4494 1
194 23 189 18 4345 1
195 14 173 17 2058 1
196 27 173 17 2058 1
197 15 87 7 438 1
198 2 167 19 4492 1
199 3 167 19 4492 1
200 4 167 19 4492 1
201 5 167 19 4492 1
202 20 125 20 3612 1
203 39 125 20 3612 1
204 7 158 19 1882 1
205 13 158 19 1882 1
206 10 150 20 3403 1
207 21 155 18 2278 1
208 41 155 18 2278 1
209 61 155 18 2278 1
210 13 171 25 3842 1
211 25 171 25 3842 1
212 12 188 14 3330 1
213 11 191 14 3037 1
214 7 125 13 1711 1
215 13 125 13 1711 1
216 7 176 7 1009 1
217 13 176 7 1009 1
218 2 148 19 3056 1
219 24 187 8 2091 1
220 12 120 13 940 1
221 23 120 13 940 1
222 4 149 13 2476 1
223 7 171 5 1253 1
224 13 171 5 1253 1
225 11 130 3 361 1
226 21 130 3 361 1
227 22 130 7 651 1
228 4 187 4 929 1
229 4 166 18 1498 1
230 19 152 21 3121 1
231 14 135 13 2423 1
232 6 122 11 1461 1
233 11 122 11 1461 1
234 16 178 22 3451 1
235 31 178 22 3451 1
236 46 178 22 3451 1
237 12 135 16 2467 1
238 10 163 14 2565 1
239 7 181 13 1439 1
240 24 189 26 7098 1
241 92 120 9 1210 1
242 183 120 9 1210 1
243 6 158 18 1426 1
244 11 158 18 1426 1
245 15 91 16 736 1
246 5 168 26 4813 1
247 9 168 26 4813 1
248 17 130 9 1686 1
249 4 147 18 1359 1
250 7 147 18 1359 1
251 9 159 7 1327 1
252 17 159 7 1327 1
253 25 159 7 1327 1
254 33 159 7 1327 1
255 6 87 12 1094 1
256 11 87 12 1094 1
257 16 87 12 1094 1
258 17 176 22 3485 1
259 49 158 14 2718 1
260 10 144 12 2061 1
261 15 87 10 633 1
262 10 187 26 6370 1
263 7 160 21 2729 1
264 12 181 8 1479 1
265 6 125 18 1918 1
266 11 125 18 1918 1
267 16 181 21 2425 1
268 13 188 17 1980 1
269 4 101 15 1090 1
270 15 144 20 2457 1
271 6 180 26 3756 1
272 11 180 26 3756 1
273 16 180 26 3756 1
274 10 134 9 735 1
275 19 134 9 735 1
276 28 130 17 3159 1
277 9 170 17 2381 1
278 17 170 17 2381 1
279 25 170 17 2381 1
280 33 170 17 2381 1
281 41 170 17 2381 1
282 49 170 17 2381 1
283 57 170 17 2381 1
284 10 154 13 1555 1
285 9 155 16 2633 1
286 16 120 13 1344 1
287 17 171 3 393 1
288 6 146 14 1040 1
289 11 146 14 1040 1
290 16 146 14 1040 1
291 21 146 14 1040 1
292 26 146 14 1040 1
293 31 146 14 1040 1
294 11 177 13 2629 1
295 16 145 10 844 1
296 12 187 29 2967 1
297 23 187 29 2967 1
298 34 187 29 2967 1
299 8 147 24 3068 1
300 20 140 17 2342 1
301 39 140 17 2342 1
302 6 133 11 1742 1
303 11 133 11 1742 1
304 102 155 17 1455 1
305 22 157 27 4471 1
306 22 159 16 3288 1
307 7 160 22 4290 1
308 16 150 15 3077 1
309 8 120 11 1454 1
310 10 154 5 576 1
311 15 172 28 6014 1
312 15 180 15 2939 1
313 22 131 13 1767 1
314 40 167 12 1035 1
315 6 165 12 2267 1
316 14 125 15 1428 1
317 2 160 21 4198 1
318 7 165 24 4117 1
319 13 165 24 4117 1
320 21 191 11 1811 1
321 41 191 11 1811 1
322 21 101 9 872 1
323 9 171 10 2064 1
324 2 134 17 1261 1
325 3 185 21 5657 1
326 5 185 21 5657 1
327 23 146 16 2345 1
328 21 145 5 1075 1
329 41 145 5 1075 1
330 13 134 17 2124 1
331 25 134 17 2124 1
332 4 171 13 1768 1
333 29 140 6 1233 1
334 10 135 10 1017 1
335 19 135 10 1017 1
336 23 130 15 1391 1
337 45 130 15 1391 1
338 9 116 8 1120 1
339 17 116 8 1120 1
340 25 116 8 1120 1
341 33 116 8 1120 1
342 25 159 11 1589 1
343 49 159 11 1589 1
344 5 120 19 3209 1
345 9 120 19 3209 1
346 6 87 14 1672 1
347 11 87 14 1672 1
348 16 87 14 1672 1
349 24 120 18 2700 1
350 47 120 18 2700 1
351 70 120 18 2700 1
352 93 120 18 2700 1
353 116 120 18 2700 1
354 4 120 14 1054 1
355 8 146 22 2659 1
356 13 189 15 4026 1
357 25 189 15 4026 1
358 37 189 15 4026 1
359 9 187 21 2258 1
360 83 145 31 6098 1
361 16 152 18 3738 1
362 16 121 15 1275 1
363 12 171 9 1559 1
364 23 171 9 1559 1
365 34 171 9 1559 1
366 20 147 18 2346 1
367 4 116 7 556 1
368 7 116 7 556 1
369 6 173 12 1428 1
370 11 173 12 1428 1
371 7 125 12 1019 1
372 6 141 9 857 1
373 16 162 17 2078 1
374 15 185 11 2018 1
375 16 158 6 761 1
376 16 144 13 1300 1
377 12 112 7 458 1
378 23 112 7 458 1
379 34 112 7 458 1
380 45 112 7 458 1
381 14 180 20 3773 1
382 7 181 8 853 1
383 13 181 8 853 1
384 23 113 22 2399 1
385 45 113 22 2399 1
386 67 113 22 2399 1
387 89 113 22 2399 1
388 19 170 9 1509 1
389 8 146 22 4506 1
390 21 147 10 958 1
391 41 147 10 958 1
392 6 170 18 2122 1
393 11 170 18 2122 1
394 8 174 21 3287 1
395 5 170 3 460 1
396 9 170 3 460 1
397 13 170 3 460 1
398 17 170 3 460 1
399 25 177 11 1735 1
400 101 125 5 497 1
401 2 174 3 301 1
402 8 180 22 2155 1
403 3 181 33 7253 1
404 5 181 33 7253 1
405 36 174 15 2414 1
406 6 180 16 2238 1
407 15 87 1 123 1
408 3 194 20 4836 1
409 2 197 10 2790 1
410 7 197 12 1912 1
411 13 197 12 1912 1
412 19 197 12 1912 1
413 25 197 12 1912 1
414 31 197 12 1912 1
415 37 197 12 1912 1
416 43 197 12 1912 1
417 49 197 12 1912 1
418 55 197 12 1912 1
419 61 197 12 1912 1
420 11 196 16 3861 1
421 21 196 16 3861 1
422 31 196 16 3861 1
423 9 196 22 2920 1
424 11 197 9 1899 1
425 14 196 15 2615 1
426 27 196 15 2615 1
427 9 195 19 4573 1
428 9 195 19 2106 1
429 9 193 17 3037 1
430 2 197 18 3246 1
431 9 193 20 4512 1
432 17 193 20 4512 1
433 2 193 5 1390 1
434 9 193 22 4256 1
435 17 193 22 4256 1
436 25 193 22 4256 1
437 15 217 7 819 1
438 22 208 17 2861 1
439 3 198 12 2346 1
440 8 213 16 1921 1
441 7 201 14 2988 1
442 13 201 14 2988 1
443 19 201 14 2988 1
444 25 201 14 2988 1
445 31 224 24 4484 1
446 61 224 24 4484 1
447 91 224 24 4484 1
448 18 224 21 3492 1
449 9 200 17 3319 1
450 9 202 17 3493 1
451 10 202 19 5068 1
452 19 202 19 5068 1
453 35 222 17 3889 1
454 7 224 11 3266 1
455 28 201 9 2087 1
456 6 209 16 3109 1
457 11 209 16 3109 1
458 7 209 16 2672 1
459 6 199 13 2531 1
460 7 224 7 1246 1
461 13 224 7 1246 1
462 31 224 14 3604 1
463 61 224 14 3604 1
464 3 202 16 1764 1
465 7 216 10 2486 1
466 57 208 6 1207 1
467 15 226 10 3005 1
468 43 209 15 2486 1
469 10 201 12 3375 1
470 19 201 12 3375 1
471 28 201 12 3375 1
472 37 201 12 3375 1
473 10 216 18 3136 1
474 43 221 29 7964 1
475 7 201 12 2341 1
476 3 208 15 2917 1
477 30 224 13 3141 1
478 61 224 15 4994 1
479 2 201 16 1854 1
480 8 221 15 3687 1
481 15 221 15 3687 1
482 10 221 13 4014 1
483 59 213 18 5358 1
484 117 213 18 5358 1
485 25 211 16 1862 1
486 6 199 8 1075 1
487 7 202 15 4302 1
488 15 208 21 5081 1
489 51 201 16 4170 1
490 10 198 8 1657 1
491 19 198 8 1657 1
492 9 220 15 4582 1
493 6 224 30 6643 1
494 9 213 12 3244 1
495 17 213 12 3244 1
496 28 217 17 3719 1
497 11 202 17 2164 1
498 21 202 17 2164 1
499 36 211 15 2372 1
500 10 213 7 974 1
501 6 222 10 2037 1
502 11 222 10 2037 1
503 16 222 10 2037 1
504 41 222 16 4442 1
505 11 216 13 2589 1
506 8 224 18 3330 1
507 15 224 18 3330 1
508 22 224 18 3330 1
509 6 222 18 2532 1
510 10 216 15 2416 1
511 19 216 15 2416 1
512 26 224 14 3123 1
513 41 226 20 2298 1
514 2 211 12 1581 1
515 9 201 10 1160 1
516 17 201 10 1160 1
517 21 223 16 3779 1
518 12 212 7 2109 1
519 26 200 15 3266 1
520 51 200 15 3266 1
521 16 224 22 7392 1
522 6 199 13 2668 1
523 21 224 21 3241 1
524 41 224 21 3241 1
525 9 224 20 2887 1
526 6 210 6 1626 1
527 11 210 6 1626 1
528 16 210 6 1626 1
529 21 210 6 1626 1
530 26 210 6 1626 1
531 31 210 6 1626 1
532 36 210 6 1626 1
533 51 222 21 6392 1
534 55 220 9 2525 1
535 7 221 8 933 1
536 13 221 8 933 1
537 19 221 8 933 1
538 25 221 8 933 1
539 27 213 20 6374 1
540 53 213 20 6374 1
541 33 220 12 1683 1
542 25 201 16 4338 1
543 24 221 16 2674 1
544 22 212 18 4686 1
545 13 222 13 3152 1
546 29 209 17 4575 1
547 47 198 10 2571 1
548 61 212 14 3139 1
549 121 212 14 3139 1
550 43 211 14 2389 1
551 3 226 25 3784 1
552 8 222 20 3694 1
553 15 222 20 3694 1
554 22 222 20 3694 1
555 29 222 20 3694 1
556 11 216 20 3779 1
557 11 209 12 1259 1
558 21 209 12 1259 1
559 31 209 12 1259 1
560 7 209 15 2213 1
561 14 201 18 3929 1
562 12 228 16 3097 1
563 21 228 14 1654 1
564 7 255 15 5601 1
565 6 240 5 968 1
566 23 227 22 7316 1
567 54 232 13 4400 1
568 22 236 8 1851 1
569 35 252 12 3407 1
570 80 252 14 2284 1
571 159 252 14 2284 1
572 2 228 24 5580 1
573 13 252 23 3793 1
574 3 255 27 4820 1
575 24 241 10 3252 1
576 23 260 15 3719 1
577 3 232 13 3990 1
578 5 232 13 3990 1
579 22 235 5 1613 1
580 8 259 12 3979 1
581 42 237 15 4470 1
582 83 237 15 4470 1
583 5 235 17 4725 1
584 1 227 20 3170 1
585 17 236 12 3114 1
586 24 252 14 5099 1
587 18 231 18 2855 1
588 22 247 12 3949 1
589 62 236 14 4550 1
590 2 242 3 816 1
591 15 236 9 2177 1
592 15 227 24 7501 1
593 27 231 5 1408 1
594 8 260 19 5828 1
595 8 250 13 2129 1
596 6 250 8 2029 1
597 3 260 14 4815 1
598 1 239 14 4569 1
599 4 259 30 5941 1
600 33 231 14 2303 1
601 65 231 14 2303 1
602 2 227 18 4217 1
603 22 236 18 2297 1
604 63 242 26 4048 1
605 125 242 26 4048 1
606 4 255 18 3146 1
607 7 255 18 3146 1
608 29 260 17 5295 1
609 22 240 7 1161 1
610 43 240 7 1161 1
611 9 245 17 2390 1
612 4 250 19 3523 1
613 24 261 24 5571 1
614 4 242 8 2089 1
615 29 227 5 1697 1
616 241 227 11 1553 1
617 2 256 10 3283 1
618 3 242 20 4964 1
619 31 252 16 2176 1
620 19 228 11 2657 1
621 5 262 13 5010 1
622 9 262 13 5010 1
623 5 262 15 3578 1
624 4 231 15 5161 1
625 9 228 11 1764 1
626 3 229 9 1054 1
627 5 229 9 1054 1
628 24 252 15 4718 1
629 15 235 15 3598 1
630 29 235 15 3598 1
631 24 250 23 6321 1
632 27 242 29 7388 1
633 15 232 8 1989 1
634 29 232 8 1989 1
635 23 231 15 1976 1
636 24 256 17 4342 1
637 50 252 14 2438 1
638 34 245 8 2456 1
639 26 259 4 1535 1
640 3 259 13 2470 1
641 37 245 14 3727 1
642 31 239 18 5859 1
643 42 239 19 5906 1
644 83 239 19 5906 1
645 40 229 7 1199 1
646 79 229 7 1199 1
647 118 229 7 1199 1
648 6 247 7 1671 1
649 4 252 25 5592 1
650 20 228 14 4571 1
651 1 236 16 5278 1
652 25 235 20 3776 1
653 49 235 20 3776 1
654 33 256 10 2499 1
655 65 256 10 2499 1
656 2 235 20 3404 1
657 33 259 31 9285 1
658 65 259 31 9285 1
659 8 262 24 3256 1
660 6 229 15 4097 1
661 36 262 9 2259 1
662 1 255 16 2722 1
663 4 260 15 3199 1
664 7 260 15 3199 1
665 10 260 15 3199 1
666 24 242 24 8049 1
667 22 240 13 3389 1
668 43 240 13 3389 1
669 4 260 24 5746 1
670 23 235 15 2695 1
671 45 259 14 2362 1
672 89 259 14 2362 1
673 244 237 18 4105 1
674 24 235 25 8137 1
675 47 235 25 8137 1
676 48 239 19 5535 1
677 3 245 9 2920 1
678 13 252 16 2121 1
679 17 255 10 2313 1
680 2 232 5 1024 1
681 30 245 13 4016 1
682 5 259 13 3708 1
683 24 236 22 4454 1
684 3 281 9 3254 1
685 13 293 19 6631 1
686 25 293 19 6631 1
687 30 295 28 4482 1
688 29 294 9 1770 1
689 21 302 27 5175 1
690 6 283 16 6768 1
691 19 267 13 3170 1
692 23 292 4 802 1
693 45 292 4 802 1
694 23 275 16 5146 1
695 23 296 18 5314 1
696 3 302 19 5001 1
697 24 272 7 1426 1
698 21 301 19 7480 1
699 16 294 21 6334 1
700 27 269 19 3805 1
701 53 269 19 3805 1
702 4 268 6 1539 1
703 7 268 6 1539 1
704 14 281 17 4449 1
705 27 281 17 4449 1
706 24 268 10 2898 1
707 4 276 21 7784 1
708 32 283 8 2307 1
709 3 290 7 3002 1
710 69 276 13 4535 1
711 4 277 26 10078 1
712 14 295 17 6496 1
713 11 276 14 4565 1
714 81 290 19 3649 1
715 18 283 16 5860 1
716 1 279 10 3063 1
717 32 283 15 3916 1
718 26 264 12 4728 1
719 157 272 21 7339 1
720 313 272 21 7339 1
721 16 269 7 1124 1
722 98 283 15 5959 1
723 24 295 27 8521 1
724 7 302 15 2304 1
725 23 266 18 5291 1
726 25 299 20 3011 1
727 27 295 24 8336 1
728 53 295 24 8336 1
729 6 276 12 2914 1
730 11 276 12 2914 1
731 16 276 12 2914 1
732 46 281 16 3671 1
733 4 264 16 6035 1
734 3 270 22 5184 1
735 20 283 21 4334 1
736 12 266 9 1994 1
737 23 281 18 3580 1
738 6 266 14 2847 1
739 63 264 22 4636 1
740 23 293 15 4964 1
741 1 281 16 6661 1
742 1 281 16 6661 1
743 1 281 16 6661 1
744 1 281 16 6661 1
745 59 264 14 4488 1
746 117 264 14 4488 1
747 23 269 14 4102 1
748 158 280 3 768 1
749 2 296 15 6405 1
750 4 292 16 6745 1
751 120 295 22 3597 1
752 8 279 11 3766 1
753 3 271 22 3715 1
754 5 271 22 3715 1
755 7 271 22 3715 1
756 99 270 19 4938 1
757 42 267 14 2081 1
758 4 290 20 4323 1
759 46 270 12 3728 1
760 16 275 13 3366 1
761 31 275 13 3366 1
762 52 281 7 1009 1
763 44 295 9 1582 1
764 21 283 23 4840 1
765 41 283 23 4840 1
766 22 276 18 5665 1
767 43 276 18 5665 1
768 18 270 16 3051 1
769 21 295 15 2568 1
770 62 294 28 5828 1
771 5 270 13 4732 1
772 23 300 9 2381 1
773 20 283 19 4959 1
774 7 276 14 2277 1
775 64 264 16 4592 1
776 2 264 8 1468 1
777 70 290 13 4103 1
778 17 279 13 3594 1
779 33 279 13 3594 1
780 49 279 13 3594 1
781 20 294 9 1363 1
782 25 283 22 3270 1
783 42 268 9 2702 1
784 19 264 16 4459 1
785 37 264 16 4459 1
786 4 272 16 3913 1
787 19 268 13 4148 1
788 37 268 13 4148 1
789 1 275 18 3955 1
790 1 275 18 3955 1
791 20 290 13 2636 1
792 3 299 13 4617 1
793 35 277 26 4552 1
794 69 277 26 4552 1
795 24 295 15 4046 1
796 25 275 18 6561 1
797 29 294 17 7210 1
798 20 299 20 4921 1
799 21 302 10 1761 1
800 41 302 10 1761 1
801 23 280 21 8641 1
802 28 285 11 3023 1
803 55 285 11 3023 1
804 82 285 11 3023 1
805 28 266 14 3275 1
806 13 271 10 2002 1
807 25 271 10 2002 1
808 23 300 8 3206 1
809 23 301 14 4146 1
810 12 292 13 5460 1
811 27 290 12 1980 1
812 23 270 19 5183 1
813 45 270 19 5183 1
814 19 267 11 2245 1
815 251 277 15 5939 1
816 25 269 14 5470 1
817 7 280 19 7721 1
818 72 294 11 3212 1
819 20 278 11 4543 1
820 34 281 20 4725 1
821 7 265 19 3697 1
822 23 295 13 2863 1
823 2 270 18 6187 1
824 23 293 11 2572 1
825 45 293 11 2572 1
826 67 293 11 2572 1
827 21 266 8 1260 1
828 21 265 9 2822 1
829 23 300 10 1988 1
830 35 280 15 5487 1
831 27 280 15 3291 1
832 25 301 23 5177 1
833 20 265 14 4789 1
834 23 299 14 4444 1
835 28 277 15 6171 1
836 34 285 18 3897 1
837 67 285 18 3897 1
838 37 299 1 270 1
839 19 266 10 1381 1
840 16 266 14 4613 1
841 31 266 14 4613 1
842 55 290 24 7104 1
843 25 280 17 5395 1
844 11 279 18 3947 1
845 62 276 14 2294 1
846 123 276 14 2294 1
847 55 270 8 2798 1
848 60 290 31 6270 1
849 31 281 12 2634 1
850 61 281 12 2634 1
851 91 281 12 2634 1
852 66 266 16 3689 1
853 131 266 16 3689 1
854 22 271 15 2386 1
855 4 265 15 3135 1
856 17 283 16 3748 1
857 33 283 16 3748 1
858 79 299 16 3255 1
859 13 269 16 3110 1
860 35 271 19 4910 1
861 69 271 19 4910 1
862 103 271 19 4910 1
863 28 329 8 1447 1
864 55 329 8 1447 1
865 67 321 14 3528 1
866 1 334 16 4705 1
867 25 331 12 2735 1
868 27 302 22 5768 1
869 25 304 18 7136 1
870 49 304 18 7136 1
871 66 318 21 4860 1
872 58 319 22 4665 1
873 27 323 14 3426 1
874 53 323 14 3426 1
875 55 321 19 7036 1
876 26 329 22 7168 1
877 24 302 22 3851 1
878 29 332 9 3324 1
879 57 332 9 3324 1
880 69 304 10 3751 1
881 137 304 10 3751 1
882 47 333 18 7314 1
883 33 302 15 2436 1
884 52 340 11 1978 1
885 55 323 32 11117 1
886 2 338 28 11093 1
887 68 318 16 6460 1
888 34 333 11 2836 1
889 26 340 27 6945 1
890 70 316 26 10623 1
891 18 306 24 10245 1
892 29 323 18 6996 1
893 25 332 17 7374 1
894 50 306 16 5720 1
895 20 336 19 4457 1
896 55 321 14 2447 1
897 68 323 18 5911 1
898 28 335 15 6412 1
899 17 318 15 4556 1
900 33 318 15 4556 1
901 50 338 17 4713 1
902 55 331 29 7314 1
903 26 331 22 5709 1
904 21 321 8 1900 1
905 27 318 22 8046 1
906 28 339 15 5545 1
907 24 325 25 6518 1
908 68 336 24 5688 1
909 27 337 20 7378 1
910 65 337 16 8033 1
911 25 339 15 7235 1
912 26 321 18 5780 1
913 26 334 23 10312 1
914 71 329 17 8346 1
915 28 339 24 11273 1
916 46 316 9 3591 1
917 91 316 9 3591 1
918 23 340 12 4330 1
919 28 304 16 3851 1
920 69 321 17 4577 1
921 128 340 16 3336 1
922 33 339 14 5393 1
923 33 305 14 2543 1
924 19 336 11 4737 1
925 55 305 14 3252 1
926 28 323 20 6278 1
927 26 339 25 11031 1
928 67 306 18 7203 1
929 133 306 18 7203 1
930 25 337 19 5066 1
931 50 323 16 4225 1
932 53 335 19 6061 1
933 22 331 14 3749 1
934 27 338 37 16830 1
935 53 338 37 16830 1
936 16 329 18 4625 1
937 31 329 18 4625 1
938 18 304 31 8516 1
939 35 304 31 8516 1
940 23 316 21 7329 1
941 45 316 21 7329 1
942 53 340 11 2687 1
943 22 306 17 5705 1
944 40 323 29 6458 1
945 66 340 15 2840 1
946 29 332 11 5439 1
947 64 318 21 5869 1
948 26 333 12 2533 1
949 31 331 22 5708 1
950 26 319 23 8139 1
951 51 319 23 8139 1
952 42 305 17 5789 1
953 57 333 12 2228 1
954 66 399 29 6307 1
955 51 368 25 9577 1
956 26 353 20 6786 1
957 85 369 13 3863 1
958 50 364 36 17205 1
959 115 365 25 9806 1
960 64 396 29 7748 1
961 68 349 24 5042 1
962 31 396 17 5489 1
963 54 347 17 7677 1
964 51 349 22 6167 1
965 79 369 6 2532 1
966 79 348 21 10019 1
967 157 348 21 10019 1
968 55 366 34 16190 1
969 83 348 18 7068 1
970 165 348 18 7068 1
971 65 367 26 9393 1
972 64 368 27 10898 1
973 50 365 24 8666 1
974 52 366 23 11397 1
975 17 364 21 6163 1
976 26 368 20 9658 1
977 28 350 16 6073 1
978 67 400 27 10941 1
979 50 365 22 11774 1
980 46 400 23 6805 1
981 6 369 20 6420 1
982 64 351 29 12123 1
983 50 347 47 9312 1
984 89 368 17 7837 1
985 23 399 22 9594 1
986 27 369 25 10026 1
987 86 396 19 6717 1
988 171 396 19 6717 1
989 63 353 28 6095 1
990 24 365 13 6645 1
991 65 366 32 12415 1
992 21 400 15 4133 1
993 64 366 25 6778 1
994 81 349 38 7651 1
995 47 349 15 4489 1
996 25 364 32 13268 1
997 25 366 22 10903 1
998 49 367 20 4206 1
999 97 367 20 4206 1
1000 28 351 24 8255 1
1001 55 351 24 8255 1
1002 77 353 23 11178 1
1003 48 351 36 7586 1
1004 47 368 25 5089 1
1005 23 368 25 12748 1
1006 25 399 29 15679 1
1007 49 399 29 15679 1
1008 47 398 26 12974 1
1009 93 398 26 12974 1
1010 26 400 31 12419 1
1011 27 398 30 16787 1
1012 128 347 21 9297 1
1013 26 365 17 7808 1
1014 60 364 19 8530 1
1015 25 366 24 5180 1
1016 86 396 19 7021 1
1017 18 365 21 10361 1
1018 87 367 31 7222 1
1019 22 366 23 5194 1
1020 51 367 24 11651 1
1021 101 367 24 11651 1
1022 55 399 24 14021 1
1023 109 399 24 14021 1
1024 50 400 31 12330 1
1025 99 400 31 12330 1
1026 66 365 25 4787 1
1027 63 347 19 6019 1
1028 25 348 20 5608 1
1029 61 366 23 9216 1
1030 59 349 19 6145 1
1031 117 349 19 6145 1
1032 175 349 19 6145 1
1033 32 368 20 4328 1
1034 23 398 27 12636 1
1035 93 369 25 12467 1
1036 51 350 26 7814 1
1037 49 399 22 10817 1
40
235 400 530 450 480 440 440 544 580 580 580 540 600 610 575 660 450 450 375 450 450 600 600 600 400 426 500 500 500 500 500 500 600 600 600 400 400 600 425 425 