1037
1 5 182 20 3444 1
2 9 182 20 3444 1
3 2 112 6 425 1
4 19 157 12 2492 1
5 12 131 14 1223 1
6 23 131 14 1223 1
7 34 131 14 1223 1
8 45 131 14 1223 1
9 4 168 19 1690 1
10 23 101 11 933 1
11 12 162 20 2322 1
12 6 182 31 6382 1
13 4 126 11 871 1
14 15 181 17 4559 1
15 2 172 16 2870 1
16 3 172 16 2870 1
17 34 134 11 973 1
18 9 174 21 3025 1
19 6 182 10 1369 1
20 11 182 10 1369 1
21 16 182 10 1369 1
22 21 182 10 1369 1
23 4 140 15 1554 1
24 7 140 15 1554 1
25 10 140 15 1554 1
26 23 120 12 1926 1
27 45 120 12 1926 1
28 67 120 12 1926 1
29 89 120 12 1926 1
30 12 174 27 6640 1
31 25 174 8 999 1
32 5 169 24 2588 1
33 5 181 23 3250 1
34 5 172 17 3862 1
35 9 172 17 3862 1
36 13 172 17 3862 1
37 17 172 17 3862 1
38 108 175 25 4739 1
39 6 177 21 2283 1
40 5 175 16 3226 1
41 9 175 16 3226 1
42 13 175 16 3226 1
43 17 175 16 3226 1
44 21 175 16 3226 1
45 5 171 27 4936 1
46 5 188 9 1704 1
47 15 185 17 1995 1
48 25 143 19 3079 1
49 49 143 19 3079 1
50 73 143 19 3079 1
51 97 143 19 3079 1
52 10 182 24 4447 1
53 16 160 20 2976 1
54 23 189 27 6011 1
55 5 144 8 948 1
56 9 144 8 948 1
57 13 144 8 948 1
58 17 144 8 948 1
59 21 144 8 948 1
60 12 116 10 1312 1
61 23 116 10 1312 1
62 34 116 10 1312 1
63 45 116 10 1312 1
64 56 116 10 1312 1
65 26 162 16 2503 1
66 5 120 13 1462 1
67 9 120 13 1462 1
68 13 120 13 1462 1
69 17 120 13 1462 1
70 21 120 13 1462 1
71 11 176 28 4074 1
72 21 176 28 4074 1
73 8 126 6 863 1
74 4 185 17 1972 1
75 7 185 17 1972 1
76 10 185 17 1972 1
77 15 135 19 2413 1
78 5 116 8 1144 1
79 9 116 8 1144 1
80 15 181 20 4860 1
81 20 148 5 747 1
82 28 113 9 773 1
83 55 113 9 773 1
84 6 155 17 3236 1
85 11 155 17 3236 1
86 8 185 20 3608 1
87 2 160 9 1418 1
88 4 112 11 1623 1
89 7 112 11 1623 1
90 10 112 11 1623 1
91 10 144 10 2029 1
92 6 116 18 2955 1
93 11 116 18 2955 1
94 16 116 18 2955 1
95 2 189 20 2277 1
96 3 189 20 2277 1
97 4 189 20 2277 1
98 5 189 20 2277 1
99 6 189 20 2277 1
100 7 189 20 2277 1
101 8 189 20 2277 1
102 16 170 19 2752 1
103 7 143 14 2985 1
104 15 181 23 3074 1
105 7 101 16 1270 1
106 11 183 15 2394 1
107 109 167 5 1236 1
108 9 185 23 5927 1
109 20 112 14 1525 1
110 4 135 20 1982 1
111 8 191 24 6697 1
112 8 147 22 4844 1
113 19 137 17 3288 1
114 72 178 20 4213 1
115 24 121 8 497 1
116 47 121 8 497 1
117 70 121 8 497 1
118 21 181 26 6852 1
119 7 130 13 952 1
120 9 154 15 2718 1
121 19 157 8 671 1
122 8 113 8 518 1
123 15 113 8 518 1
124 22 113 8 518 1
125 29 113 8 518 1
126 36 113 8 518 1
127 16 101 6 585 1
128 31 101 6 585 1
129 16 169 23 4900 1
130 2 159 13 1299 1
131 17 152 9 1808 1
132 33 152 9 1808 1
133 49 152 9 1808 1
134 65 152 9 1808 1
135 81 152 9 1808 1
136 9 155 19 2508 1
137 17 155 19 2508 1
138 25 155 19 2508 1
139 3 188 21 5217 1
140 123 116 10 1264 1
141 20 150 19 4234 1
142 23 87 7 409 1
143 45 87 7 409 1
144 67 87 7 409 1
145 12 146 12 1919 1
146 16 121 10 1489 1
147 10 126 13 953 1
148 19 126 13 953 1
149 10 191 26 2764 1
150 18 154 15 2007 1
151 14 140 10 1569 1
152 6 130 12 1887 1
153 11 130 12 1887 1
154 5 152 34 3915 1
155 9 152 34 3915 1
156 6 178 27 3623 1
157 22 134 12 1289 1
158 15 168 33 4429 1
159 29 168 33 4429 1
160 43 168 33 4429 1
161 5 137 15 1036 1
162 9 137 15 1036 1
163 27 169 22 2403 1
164 6 183 8 1907 1
165 11 183 8 1907 1
166 21 145 18 3543 1
167 41 145 18 3543 1
168 13 131 12 1504 1
169 5 149 17 2143 1
170 9 149 17 2143 1
171 13 149 17 2143 1
172 19 144 30 4850 1
173 37 144 30 4850 1
174 14 141 13 1758 1
175 27 141 13 1758 1
176 40 141 13 1758 1
177 18 171 20 2578 1
178 8 150 18 2495 1
179 16 87 12 1415 1
180 20 133 18 1999 1
181 6 159 15 1439 1
182 11 159 15 1439 1
183 6 174 9 1988 1
184 11 174 9 1988 1
185 11 184 22 4834 1
186 21 184 22 4834 1
187 15 150 6 935 1
188 15 116 9 1039 1
189 19 155 19 1623 1
190 1 165 9 822 1
191 1 165 9 822 1
192 1 165 9 822 1
193 15 87 15 1607 1
194 15 168 20 3592 1
195 11 133 13 2207 1
196 21 133 13 2207 1
197 15 180 14 1486 1
198 6 149 13 2808 1
199 11 149 13 2808 1
200 7 171 12 2932 1
201 5 166 23 3584 1
202 8 177 14 3679 1
203 15 177 14 3679 1
204 9 173 16 3291 1
205 6 154 10 2119 1
206 11 154 10 2119 1
207 3 87 13 1021 1
208 8 154 10 2042 1
209 21 171 15 1773 1
210 41 171 15 1773 1
211 21 157 14 1745 1
212 16 173 3 712 1
213 14 163 14 3286 1
214 8 113 14 1601 1
215 19 155 21 1694 1
216 37 155 21 1694 1
217 21 87 15 1227 1
218 41 87 15 1227 1
219 7 166 12 1111 1
220 11 159 9 2091 1
221 16 183 12 2238 1
222 20 125 7 896 1
223 8 168 33 6908 1
224 15 168 33 6908 1
225 22 168 33 6908 1
226 29 168 33 6908 1
227 36 168 33 6908 1
228 24 135 11 2115 1
229 20 152 12 1108 1
230 39 152 12 1108 1
231 19 180 14 2489 1
232 37 180 14 2489 1
233 55 180 14 2489 1
234 73 180 14 2489 1
235 91 180 14 2489 1
236 10 141 20 1931 1
237 19 141 20 1931 1
238 15 181 17 2793 1
239 8 122 14 905 1
240 15 122 14 905 1
241 6 121 15 2097 1
242 8 141 14 1663 1
243 4 87 9 1127 1
244 7 87 9 1127 1
245 10 87 9 1127 1
246 10 162 10 1796 1
247 19 162 10 1796 1
248 15 148 27 2395 1
249 29 148 27 2395 1
250 17 178 19 2161 1
251 23 173 11 2364 1
252 4 87 9 693 1
253 6 182 26 3896 1
254 6 141 18 2465 1
255 11 126 10 776 1
256 21 126 10 776 1
257 10 137 11 1208 1
258 51 137 24 4258 1
259 15 180 13 1943 1
260 14 191 19 4433 1
261 19 185 24 4403 1
262 37 185 24 4403 1
263 27 180 11 2538 1
264 53 180 11 2538 1
265 4 121 2 256 1
266 15 177 5 990 1
267 3 187 19 4832 1
268 12 187 18 3910 1
269 27 158 28 3913 1
270 24 160 10 1761 1
271 47 160 10 1761 1
272 70 160 10 1761 1
273 6 121 9 850 1
274 11 121 9 850 1
275 7 135 15 1707 1
276 39 159 21 4505 1
277 7 146 18 1578 1
278 3 91 10 652 1
279 5 91 10 652 1
280 7 149 14 1904 1
281 21 170 20 2020 1
282 41 170 20 2020 1
283 7 189 5 1307 1
284 46 191 23 4820 1
285 8 187 18 4574 1
286 15 187 18 4574 1
287 11 180 10 1238 1
288 21 180 10 1238 1
289 4 169 4 520 1
290 17 149 13 1598 1
291 17 133 21 1816 1
292 18 135 11 2103 1
293 25 116 12 1190 1
294 17 158 14 1229 1
295 16 112 12 1278 1
296 15 167 19 1695 1
297 15 155 24 4417 1
298 7 154 19 3459 1
299 13 154 19 3459 1
300 19 154 19 3459 1
301 25 154 19 3459 1
302 7 133 17 2758 1
303 9 174 16 2663 1
304 17 174 16 2663 1
305 25 174 16 2663 1
306 33 174 16 2663 1
307 24 187 20 4356 1
308 7 173 19 2016 1
309 16 146 18 2773 1
310 7 143 9 1424 1
311 16 165 22 4199 1
312 26 191 23 6367 1
313 7 87 7 660 1
314 13 87 7 660 1
315 7 134 7 1021 1
316 13 134 7 1021 1
317 15 147 15 2017 1
318 29 147 15 2017 1
319 2 121 13 2252 1
320 14 160 15 2904 1
321 27 160 15 2904 1
322 2 175 15 3374 1
323 5 134 11 858 1
324 9 134 11 858 1
325 6 158 18 4145 1
326 11 158 18 4145 1
327 16 158 18 4145 1
328 21 158 18 4145 1
329 5 137 15 1988 1
330 9 137 15 1988 1
331 5 182 20 2441 1
332 9 182 20 2441 1
333 15 191 14 1874 1
334 6 87 5 596 1
335 8 135 25 4826 1
336 15 135 25 4826 1
337 22 135 25 4826 1
338 29 135 25 4826 1
339 36 135 25 4826 1
340 43 135 25 4826 1
341 50 135 25 4826 1
342 57 135 25 4826 1
343 64 135 25 4826 1
344 15 173 19 2643 1
345 3 165 18 3749 1
346 5 165 18 3749 1
347 24 165 28 4316 1
348 47 165 28 4316 1
349 113 155 8 1303 1
350 8 144 7 994 1
351 31 171 11 1333 1
352 6 170 3 388 1
353 11 170 3 388 1
354 16 170 3 388 1
355 28 188 21 4309 1
356 17 112 11 741 1
357 10 130 9 1748 1
358 19 130 9 1748 1
359 6 113 6 972 1
360 6 159 23 2258 1
361 15 140 9 1695 1
362 23 177 27 5096 1
363 45 177 27 5096 1
364 20 166 20 4852 1
365 39 166 20 4852 1
366 16 113 16 1470 1
367 12 176 10 978 1
368 23 176 10 978 1
369 4 137 6 682 1
370 12 146 12 1365 1
371 23 146 12 1365 1
372 34 146 12 1365 1
373 19 170 17 1785 1
374 16 116 8 1135 1
375 15 188 24 6265 1
376 12 184 10 2367 1
377 18 168 16 1786 1
378 23 171 19 4551 1
379 45 171 19 4551 1
380 67 171 19 4551 1
381 13 191 20 4989 1
382 12 168 9 1037 1
383 23 168 9 1037 1
384 5 170 5 1039 1
385 9 170 5 1039 1
386 14 116 9 921 1
387 27 116 9 921 1
388 8 112 20 1811 1
389 15 112 20 1811 1
390 22 112 20 1811 1
391 145 121 13 1357 1
392 25 166 12 2545 1
393 49 166 12 2545 1
394 73 166 12 2545 1
395 16 180 27 6663 1
396 8 182 18 3725 1
397 15 182 18 3725 1
398 22 182 18 3725 1
399 29 182 18 3725 1
400 36 182 18 3725 1
401 43 182 18 3725 1
402 19 170 10 1148 1
403 10 165 29 4988 1
404 24 144 9 1366 1
405 47 144 9 1366 1
406 9 172 21 3150 1
407 17 172 21 3150 1
408 8 196 18 3794 1
409 15 196 18 3794 1
410 22 196 18 3794 1
411 29 196 18 3794 1
412 50 193 15 2454 1
413 8 197 24 4366 1
414 21 197 10 2252 1
415 41 197 10 2252 1
416 8 193 17 4296 1
417 15 193 17 4296 1
418 22 193 17 4296 1
419 29 193 17 4296 1
420 36 193 17 4296 1
421 43 193 17 4296 1
422 50 193 17 4296 1
423 9 197 11 1242 1
424 9 195 18 5235 1
425 8 194 18 3027 1
426 62 196 22 6336 1
427 10 195 22 3728 1
428 19 195 22 3728 1
429 8 196 19 3141 1
430 3 195 15 1688 1
431 20 195 15 3463 1
432 39 195 15 3463 1
433 58 195 15 3463 1
434 15 193 18 4671 1
435 29 193 18 4671 1
436 8 196 17 3464 1
437 55 200 14 2078 1
438 29 212 3 598 1
439 2 200 25 3484 1
440 22 221 8 2551 1
441 8 200 13 1936 1
442 15 200 13 1936 1
443 11 202 12 3252 1
444 9 223 13 4109 1
445 17 223 13 4109 1
446 25 223 13 4109 1
447 2 198 16 2750 1
448 2 198 11 1795 1
449 13 201 19 3958 1
450 9 199 17 3974 1
451 9 224 13 4155 1
452 17 224 13 4155 1
453 25 224 13 4155 1
454 7 211 18 2482 1
455 14 224 15 2818 1
456 27 224 15 2818 1
457 15 217 16 3298 1
458 9 221 12 2929 1
459 17 221 12 2929 1
460 38 202 17 2195 1
461 43 224 14 2113 1
462 59 199 12 3052 1
463 6 222 9 1661 1
464 26 209 10 2783 1
465 26 199 22 3591 1
466 65 199 29 5466 1
467 8 210 13 1622 1
468 9 209 5 1161 1
469 17 209 5 1161 1
470 2 217 22 6587 1
471 7 226 15 2832 1
472 2 217 17 2758 1
473 10 220 11 3589 1
474 5 198 15 4393 1
475 32 222 14 3055 1
476 63 222 14 3055 1
477 6 200 17 3949 1
478 57 226 35 6811 1
479 27 222 12 2981 1
480 15 223 14 4345 1
481 9 200 10 2946 1
482 23 223 17 4677 1
483 8 209 14 3708 1
484 24 217 30 6754 1
485 6 222 18 5168 1
486 35 200 18 3343 1
487 9 202 17 3769 1
488 24 224 12 3750 1
489 25 222 12 3308 1
490 8 202 12 3358 1
491 53 223 9 2901 1
492 10 213 9 1788 1
493 19 213 9 1788 1
494 34 222 19 5727 1
495 67 222 19 5727 1
496 28 211 18 3128 1
497 55 211 18 3128 1
498 29 211 14 3109 1
499 10 198 11 2021 1
500 29 198 18 3963 1
501 23 208 16 3048 1
502 45 208 16 3048 1
503 67 208 16 3048 1
504 89 208 16 3048 1
505 111 208 16 3048 1
506 26 222 7 1441 1
507 15 210 15 3831 1
508 10 217 9 2320 1
509 26 224 5 701 1
510 32 226 27 6263 1
511 12 222 19 4281 1
512 16 198 15 3939 1
513 61 223 6 777 1
514 20 220 14 3411 1
515 39 220 14 3411 1
516 10 201 14 4103 1
517 19 201 14 4103 1
518 37 221 19 3174 1
519 7 200 8 1692 1
520 44 198 18 3430 1
521 2 221 24 7706 1
522 9 220 12 2393 1
523 17 220 12 2393 1
524 25 220 12 2393 1
525 33 220 12 2393 1
526 7 198 12 1541 1
527 50 208 22 3940 1
528 33 208 16 2557 1
529 59 199 14 2688 1
530 10 202 15 4488 1
531 26 223 11 2645 1
532 51 223 11 2645 1
533 76 223 11 2645 1
534 3 202 11 1650 1
535 15 212 12 3596 1
536 9 211 18 4545 1
537 9 210 13 2227 1
538 8 216 11 2723 1
539 15 216 11 2723 1
540 7 210 12 3478 1
541 44 222 12 3499 1
542 27 213 14 3008 1
543 6 221 17 4944 1
544 6 220 24 7652 1
545 31 213 6 1342 1
546 30 198 14 2641 1
547 9 202 18 2681 1
548 6 220 15 2036 1
549 33 226 20 5535 1
550 8 224 19 2304 1
551 15 224 19 2304 1
552 22 224 19 2304 1
553 29 224 19 2304 1
554 36 224 19 2304 1
555 43 224 19 2304 1
556 50 224 19 2304 1
557 10 224 17 5478 1
558 19 224 17 5478 1
559 35 211 20 3635 1
560 7 201 16 2157 1
561 27 211 13 2001 1
562 57 261 20 7311 1
563 23 241 26 6480 1
564 1 231 14 3312 1
565 5 260 23 5048 1
566 25 237 14 4891 1
567 23 262 17 2446 1
568 20 227 9 1868 1
569 39 227 9 1868 1
570 31 250 14 3396 1
571 61 250 14 3396 1
572 30 237 7 2363 1
573 56 260 10 3753 1
574 26 237 31 9778 1
575 43 262 22 6416 1
576 6 232 14 3892 1
577 30 231 9 2497 1
578 26 260 21 6943 1
579 51 260 21 6943 1
580 25 256 23 7653 1
581 22 256 9 1598 1
582 36 236 24 6658 1
583 4 232 18 5164 1
584 2 255 7 2257 1
585 2 237 24 4696 1
586 22 239 14 2296 1
587 9 252 13 4783 1
588 35 261 15 2916 1
589 14 237 16 4447 1
590 7 245 2 342 1
591 25 255 10 3309 1
592 49 255 10 3309 1
593 47 228 11 3739 1
594 27 236 9 2167 1
595 53 236 9 2167 1
596 23 255 10 2459 1
597 6 263 10 1498 1
598 11 263 10 1498 1
599 24 235 15 2880 1
600 6 240 27 3801 1
601 11 240 27 3801 1
602 30 245 14 2424 1
603 6 235 7 1396 1
604 71 232 11 3664 1
605 5 263 13 2774 1
606 23 261 15 4505 1
607 3 239 13 4445 1
608 7 261 20 4241 1
609 27 232 3 406 1
610 5 229 12 2901 1
611 9 229 12 2901 1
612 26 235 23 8053 1
613 22 260 16 5751 1
614 43 260 16 5751 1
615 25 262 11 1876 1
616 20 232 12 3473 1
617 32 260 16 3777 1
618 39 229 14 2002 1
619 17 232 18 3986 1
620 24 262 35 10638 1
621 60 247 16 1986 1
622 79 262 16 4511 1
623 7 235 16 2355 1
624 13 235 16 2355 1
625 41 231 19 5460 1
626 68 237 14 4965 1
627 135 237 14 4965 1
628 35 252 16 4036 1
629 53 256 14 4660 1
630 105 256 14 4660 1
631 47 263 16 2554 1
632 31 242 19 3216 1
633 1 262 23 7326 1
634 1 262 23 7326 1
635 5 263 11 3922 1
636 7 235 23 3614 1
637 13 235 23 3614 1
638 17 228 14 2630 1
639 24 240 15 2165 1
640 24 250 9 1382 1
641 3 240 17 4453 1
642 29 239 18 3944 1
643 22 245 10 2791 1
644 1 256 12 4498 1
645 20 262 18 3259 1
646 7 231 18 5890 1
647 7 232 6 2031 1
648 13 232 6 2031 1
649 36 242 7 1018 1
650 34 232 26 6853 1
651 67 232 26 6853 1
652 100 232 26 6853 1
653 133 232 26 6853 1
654 20 228 24 7691 1
655 39 228 24 7691 1
656 33 247 14 4098 1
657 21 261 3 821 1
658 27 245 12 2376 1
659 51 232 8 1612 1
660 36 237 14 2347 1
661 30 228 18 5146 1
662 30 235 18 5926 1
663 16 232 14 1954 1
664 23 227 15 1780 1
665 7 241 29 3679 1
666 51 247 13 3535 1
667 2 263 23 6362 1
668 3 263 23 6362 1
669 4 263 23 6362 1
670 14 259 11 2936 1
671 17 261 15 5146 1
672 23 231 17 5689 1
673 20 235 22 6606 1
674 39 235 22 6606 1
675 24 259 28 6165 1
676 5 227 13 2956 1
677 9 227 13 2956 1
678 13 227 13 2956 1
679 3 229 13 1910 1
680 5 229 13 1910 1
681 7 229 13 1910 1
682 8 240 12 3098 1
683 67 227 12 3901 1
684 5 280 5 1072 1
685 2 292 15 2968 1
686 26 272 24 3703 1
687 8 271 18 5892 1
688 2 264 18 5345 1
689 3 285 10 3940 1
690 7 268 12 2514 1
691 35 296 22 6948 1
692 25 281 24 7749 1
693 23 268 24 5397 1
694 6 299 25 10228 1
695 29 275 10 2974 1
696 57 275 10 2974 1
697 85 275 10 2974 1
698 41 293 22 6630 1
699 4 275 21 5420 1
700 15 267 17 5842 1
701 20 296 13 2910 1
702 2 268 11 3695 1
703 14 265 24 7639 1
704 24 285 28 11650 1
705 67 270 21 6059 1
706 3 292 21 3265 1
707 52 299 10 2167 1
708 21 296 20 5396 1
709 23 266 11 1592 1
710 1 301 15 3810 1
711 88 283 19 4181 1
712 55 270 16 5792 1
713 5 302 12 4318 1
714 32 296 16 3489 1
715 179 275 15 4377 1
716 22 300 20 7349 1
717 75 275 13 4333 1
718 8 300 19 4344 1
719 15 300 19 4344 1
720 29 296 13 4093 1
721 40 281 14 2899 1
722 4 299 26 5698 1
723 1 300 18 4432 1
724 1 300 18 4432 1
725 3 271 15 3866 1
726 23 279 13 3646 1
727 19 293 24 3561 1
728 37 293 24 3561 1
729 24 270 14 3005 1
730 27 275 17 6972 1
731 14 294 14 5518 1
732 17 266 22 8136 1
733 75 280 16 4620 1
734 23 280 19 6190 1
735 35 302 27 8600 1
736 36 292 19 4640 1
737 16 294 21 7316 1
738 24 296 12 3516 1
739 47 296 12 3516 1
740 25 280 21 4997 1
741 8 267 12 3095 1
742 8 294 21 4485 1
743 5 277 10 3805 1
744 4 302 17 6598 1
745 18 271 21 4400 1
746 25 294 20 7003 1
747 24 295 17 4602 1
748 47 295 17 4602 1
749 6 302 17 3785 1
750 22 293 19 7955 1
751 46 267 10 1978 1
752 16 293 13 5301 1
753 14 272 16 3358 1
754 25 283 29 7427 1
755 49 283 29 7427 1
756 24 294 23 3717 1
757 4 280 15 3927 1
758 24 283 17 6962 1
759 47 283 17 6962 1
760 70 283 17 6962 1
761 8 281 10 2342 1
762 28 296 21 7086 1
763 25 266 10 1761 1
764 65 265 10 1573 1
765 24 276 4 1385 1
766 47 276 4 1385 1
767 18 275 17 4911 1
768 35 275 17 4911 1
769 52 275 17 4911 1
770 4 278 25 6326 1
771 29 285 16 4237 1
772 25 281 16 5601 1
773 35 292 12 5040 1
774 12 293 5 886 1
775 23 293 5 886 1
776 21 268 15 2316 1
777 41 268 15 2316 1
778 61 268 15 2316 1
779 20 276 19 7699 1
780 46 279 17 2581 1
781 24 271 13 2264 1
782 74 269 9 2222 1
783 26 272 6 1299 1
784 9 270 19 2927 1
785 6 272 19 4245 1
786 5 275 14 2137 1
787 22 296 19 3463 1
788 2 266 14 5244 1
789 63 299 7 1059 1
790 4 299 26 6098 1
791 31 271 16 3732 1
792 35 283 18 5560 1
793 30 285 14 5170 1
794 20 281 5 1728 1
795 29 265 20 5834 1
796 52 301 12 5216 1
797 50 281 20 4567 1
798 21 272 31 11768 1
799 19 293 23 7391 1
800 32 270 19 6790 1
801 27 277 20 4826 1
802 53 277 20 4826 1
803 22 302 13 3517 1
804 30 296 20 6609 1
805 10 264 16 5403 1
806 19 264 16 5403 1
807 10 301 19 8494 1
808 28 272 11 1589 1
809 22 278 19 2925 1
810 70 269 21 4145 1
811 6 264 13 5137 1
812 19 296 14 6081 1
813 39 285 10 2573 1
814 77 285 10 2573 1
815 76 296 19 3959 1
816 151 296 19 3959 1
817 31 293 17 4434 1
818 23 285 5 1247 1
819 11 270 15 2348 1
820 21 270 15 2348 1
821 31 270 15 2348 1
822 1 299 18 3289 1
823 1 299 18 3289 1
824 35 280 19 4459 1
825 31 280 13 3996 1
826 61 280 13 3996 1
827 91 280 13 3996 1
828 20 268 25 5506 1
829 24 280 5 1665 1
830 19 276 17 3242 1
831 78 292 11 3551 1
832 25 300 10 3987 1
833 225 301 12 5053 1
834 54 281 16 5529 1
835 6 293 12 3156 1
836 38 277 19 6834 1
837 42 265 15 3660 1
838 1 267 18 3979 1
839 2 283 16 2730 1
840 21 271 10 1596 1
841 41 271 10 1596 1
842 23 264 13 4932 1
843 45 264 13 4932 1
844 67 264 13 4932 1
845 89 264 13 4932 1
846 1 276 10 1511 1
847 24 277 30 12294 1
848 47 277 30 12294 1
849 30 299 21 5833 1
850 76 294 29 5729 1
851 23 275 20 6094 1
852 7 268 10 2353 1
853 13 268 10 2353 1
854 41 276 12 3185 1
855 26 285 10 2457 1
856 91 295 21 3636 1
857 55 300 14 5895 1
858 109 300 14 5895 1
859 31 292 23 9818 1
860 61 292 23 9818 1
861 19 283 23 5190 1
862 25 292 27 7570 1
863 157 306 13 3742 1
864 26 337 21 10315 1
865 2 316 13 5159 1
866 54 340 24 9837 1
867 107 340 24 9837 1
868 29 325 22 9027 1
869 37 339 38 18639 1
870 24 325 11 4846 1
871 50 335 17 6200 1
872 57 305 8 2539 1
873 22 331 17 6850 1
874 64 333 21 8355 1
875 26 332 11 5162 1
876 27 332 12 3044 1
877 28 305 15 6047 1
878 55 305 15 6047 1
879 42 302 18 3310 1
880 52 306 17 6192 1
881 103 306 17 6192 1
882 72 321 19 4571 1
883 22 304 17 4502 1
884 38 332 8 3736 1
885 53 305 22 4408 1
886 64 302 15 2605 1
887 66 337 24 9417 1
888 58 323 15 2608 1
889 22 339 15 2845 1
890 50 339 21 10656 1
891 22 305 23 6280 1
892 27 325 20 4963 1
893 46 306 13 5688 1
894 91 306 13 5688 1
895 136 306 13 5688 1
896 21 318 20 4392 1
897 41 318 20 4392 1
898 7 316 18 6333 1
899 21 325 20 3728 1
900 59 319 14 6528 1
901 56 329 15 5200 1
902 74 319 12 2774 1
903 61 329 26 7299 1
904 121 329 26 7299 1
905 24 338 15 2688 1
906 28 334 33 15387 1
907 26 340 12 6088 1
908 64 339 13 5592 1
909 21 329 14 6310 1
910 69 306 16 6954 1
911 3 339 16 3464 1
912 24 339 18 5525 1
913 47 339 18 5525 1
914 26 305 9 2232 1
915 51 305 9 2232 1
916 22 321 20 3328 1
917 43 321 20 3328 1
918 64 321 20 3328 1
919 72 337 31 5552 1
920 25 305 17 5426 1
921 2 304 22 8538 1
922 68 321 15 6678 1
923 135 321 15 6678 1
924 3 332 17 6838 1
925 18 302 19 7282 1
926 35 302 19 7282 1
927 22 319 15 3476 1
928 43 319 15 3476 1
929 64 319 15 3476 1
930 27 329 16 4286 1
931 23 331 12 4207 1
932 21 335 12 4091 1
933 47 332 17 4805 1
934 93 332 17 4805 1
935 27 329 21 9864 1
936 15 323 16 7166 1
937 29 323 16 7166 1
938 22 302 19 7444 1
939 119 329 14 5052 1
940 58 333 7 1347 1
941 53 321 15 5771 1
942 105 321 15 5771 1
943 105 318 15 6339 1
944 2 333 25 7699 1
945 27 325 22 4342 1
946 68 304 17 7522 1
947 120 335 13 3577 1
948 10 340 16 3064 1
949 49 332 12 2663 1
950 71 321 18 8226 1
951 141 321 18 8226 1
952 53 319 23 10976 1
953 105 319 23 10976 1
954 29 398 26 12845 1
955 62 366 29 7722 1
956 123 366 29 7722 1
957 25 364 10 3023 1
958 66 368 17 6343 1
959 70 351 17 6205 1
960 18 369 34 16633 1
961 48 348 19 6465 1
962 85 367 30 13999 1
963 65 348 3 724 1
964 62 367 10 3072 1
965 25 364 27 14078 1
966 61 400 25 13239 1
967 52 399 31 8185 1
968 45 350 25 11024 1
969 62 364 23 10943 1
970 55 400 21 5105 1
971 53 368 28 9572 1
972 19 396 18 5340 1
973 59 369 40 19062 1
974 56 351 19 3368 1
975 48 348 24 4357 1
976 29 347 22 11340 1
977 48 367 9 3415 1
978 95 367 9 3415 1
979 43 366 30 5562 1
980 22 351 15 6614 1
981 25 348 15 6498 1
982 26 369 21 9476 1
983 23 349 19 6197 1
984 25 396 29 11849 1
985 66 364 34 10809 1
986 77 400 42 24351 1
987 93 349 29 9028 1
988 37 350 11 3875 1
989 80 367 29 6027 1
990 20 368 32 14242 1
991 47 364 33 13140 1
992 64 353 23 7704 1
993 55 347 14 2803 1
994 30 368 26 11150 1
995 23 365 9 2718 1
996 78 399 21 6855 1
997 79 351 27 6059 1
998 41 400 24 5352 1
999 86 349 35 17714 1
1000 51 399 29 7401 1
1001 66 396 12 3421 1
1002 57 366 28 9436 1
1003 48 396 32 9376 1
1004 50 349 23 11678 1
1005 26 400 26 15395 1
1006 47 366 15 2837 1
1007 32 347 17 5204 1
1008 62 351 22 10595 1
1009 55 353 18 9198 1
1010 78 364 16 8118 1
1011 22 347 19 3405 1
1012 51 369 39 7347 1
1013 71 396 12 2433 1
1014 30 365 20 9774 1
1015 47 396 29 14344 1
1016 78 366 23 9423 1
1017 75 347 28 12165 1
1018 30 353 20 8498 1
1019 56 353 29 14254 1
1020 50 368 24 11309 1
1021 78 349 15 7264 1
1022 155 349 15 7264 1
1023 29 347 22 7338 1
1024 51 369 16 5056 1
1025 59 364 25 6350 1
1026 20 347 31 12020 1
1027 79 366 24 8705 1
1028 57 351 29 11974 1
1029 48 348 18 4225 1
1030 19 347 22 9129 1
1031 78 349 15 5995 1
1032 24 399 26 14000 1
1033 59 353 33 11621 1
1034 51 364 24 11554 1
1035 101 364 24 11554 1
1036 49 348 21 8627 1
1037 46 398 35 16657 1
40
235 400 530 450 480 440 440 544 580 580 580 540 600 610 575 660 450 450 375 450 450 600 600 600 400 426 500 500 500 500 500 500 600 600 600 400 400 600 425 425 