1037
1 6 113 1 62 1
2 11 113 1 62 1
3 16 113 1 62 1
4 21 113 1 62 1
5 26 113 1 62 1
6 9 155 14 2834 1
7 9 121 13 2108 1
8 16 174 18 4670 1
9 13 170 21 5112 1
10 25 170 21 5112 1
11 37 170 21 5112 1
12 49 170 21 5112 1
13 16 163 28 4345 1
14 31 163 28 4345 1
15 46 163 28 4345 1
16 26 182 14 3171 1
17 51 182 14 3171 1
18 3 152 11 2194 1
19 17 144 16 1780 1
20 70 168 17 2924 1
21 3 183 10 1147 1
22 5 183 10 1147 1
23 7 183 10 1147 1
24 7 131 12 1129 1
25 13 131 12 1129 1
26 10 172 18 2106 1
27 19 172 18 2106 1
28 24 141 17 2429 1
29 5 172 17 2376 1
30 9 172 17 2376 1
31 13 172 17 2376 1
32 17 172 17 2376 1
33 21 172 17 2376 1
34 29 166 16 3523 1
35 57 166 16 3523 1
36 2 120 18 2581 1
37 3 120 18 2581 1
38 19 154 12 1504 1
39 8 120 10 1563 1
40 21 183 20 3257 1
41 19 191 25 6315 1
42 16 122 11 1253 1
43 11 149 10 1330 1
44 21 149 10 1330 1
45 31 149 10 1330 1
46 41 149 10 1330 1
47 14 131 4 671 1
48 9 137 6 807 1
49 17 137 6 807 1
50 4 175 17 2931 1
51 6 185 17 1962 1
52 10 171 14 2425 1
53 19 171 14 2425 1
54 23 185 14 1457 1
55 75 125 4 643 1
56 2 184 5 1318 1
57 19 166 15 2627 1
58 37 166 15 2627 1
59 55 166 15 2627 1
60 4 187 14 2045 1
61 26 145 14 1210 1
62 15 152 26 2589 1
63 19 121 12 1675 1
64 37 121 12 1675 1
65 12 133 10 1121 1
66 8 187 14 2040 1
67 15 187 14 2040 1
68 10 149 14 1884 1
69 19 149 14 1884 1
70 28 149 14 1884 1
71 13 185 17 2471 1
72 27 130 12 1734 1
73 75 165 11 1944 1
74 16 134 10 1776 1
75 7 122 11 1232 1
76 12 189 25 6674 1
77 8 145 20 3111 1
78 15 145 20 3111 1
79 22 145 20 3111 1
80 5 185 28 4952 1
81 4 145 13 1921 1
82 2 181 9 2088 1
83 15 170 23 5483 1
84 115 137 31 5352 1
85 12 178 9 1858 1
86 9 135 16 2389 1
87 17 135 16 2389 1
88 6 146 11 1412 1
89 6 183 30 5583 1
90 16 175 29 7344 1
91 7 91 5 415 1
92 13 91 5 415 1
93 19 91 5 415 1
94 25 91 5 415 1
95 5 145 18 3597 1
96 3 131 7 1284 1
97 6 170 14 1429 1
98 19 180 11 1889 1
99 11 171 8 1523 1
100 31 101 13 995 1
101 18 181 12 2074 1
102 24 148 5 430 1
103 10 120 2 159 1
104 8 148 26 2955 1
105 15 148 26 2955 1
106 22 148 26 2955 1
107 29 148 26 2955 1
108 21 125 12 1728 1
109 21 166 24 5351 1
110 21 145 3 526 1
111 8 133 13 1413 1
112 15 133 13 1413 1
113 61 120 10 851 1
114 2 165 13 2365 1
115 3 165 13 2365 1
116 5 101 5 655 1
117 19 148 5 979 1
118 37 148 5 979 1
119 55 148 5 979 1
120 73 148 5 979 1
121 91 148 5 979 1
122 109 148 5 979 1
123 15 182 15 2641 1
124 96 158 17 2436 1
125 16 144 15 1293 1
126 31 144 15 1293 1
127 5 172 12 2597 1
128 9 172 12 2597 1
129 13 172 12 2597 1
130 17 172 12 2597 1
131 21 172 12 2597 1
132 25 172 12 2597 1
133 7 163 10 1832 1
134 12 163 10 1603 1
135 2 181 15 3107 1
136 7 112 9 748 1
137 13 112 9 748 1
138 55 174 15 2865 1
139 15 112 16 1128 1
140 13 141 14 2428 1
141 25 141 14 2428 1
142 17 144 13 1509 1
143 12 160 15 1407 1
144 6 152 2 196 1
145 57 149 7 1416 1
146 16 148 11 1652 1
147 18 154 15 2567 1
148 5 149 7 846 1
149 9 149 7 846 1
150 10 185 18 2020 1
151 10 120 12 993 1
152 19 120 12 993 1
153 23 187 14 2342 1
154 16 184 17 2931 1
155 8 172 18 2878 1
156 15 172 18 2878 1
157 22 172 18 2878 1
158 29 172 18 2878 1
159 36 172 18 2878 1
160 43 172 18 2878 1
161 50 172 18 2878 1
162 24 165 17 2039 1
163 20 134 11 1357 1
164 7 116 10 1586 1
165 13 116 10 1586 1
166 19 116 10 1586 1
167 25 116 10 1586 1
168 31 116 10 1586 1
169 15 160 12 2500 1
170 29 160 12 2500 1
171 6 147 2 428 1
172 18 148 15 1813 1
173 35 148 15 1813 1
174 3 168 15 2346 1
175 11 140 10 1552 1
176 20 167 14 2886 1
177 5 87 10 1248 1
178 9 101 11 1099 1
179 17 101 11 1099 1
180 12 168 19 3894 1
181 23 168 19 3894 1
182 9 135 10 1887 1
183 4 183 24 6454 1
184 3 177 13 2685 1
185 5 177 13 2685 1
186 8 176 22 2480 1
187 15 176 22 2480 1
188 16 155 17 2443 1
189 7 116 8 1004 1
190 5 182 20 4509 1
191 3 131 16 1681 1
192 5 131 16 1681 1
193 7 131 16 1681 1
194 9 131 16 1681 1
195 11 131 16 1681 1
196 3 187 22 2769 1
197 16 175 21 5016 1
198 10 181 13 2696 1
199 5 150 20 2053 1
200 10 172 15 3788 1
201 8 140 17 1432 1
202 8 134 13 1262 1
203 15 134 13 1262 1
204 22 134 13 1262 1
205 29 134 13 1262 1
206 9 166 14 1392 1
207 17 166 14 1392 1
208 25 166 14 1392 1
209 33 166 14 1392 1
210 41 166 14 1392 1
211 49 166 14 1392 1
212 57 166 14 1392 1
213 16 158 17 1609 1
214 17 144 11 2005 1
215 33 144 11 2005 1
216 49 144 11 2005 1
217 65 144 11 2005 1
218 10 172 19 4704 1
219 17 178 15 2137 1
220 28 165 14 1685 1
221 21 148 9 1212 1
222 15 137 16 2922 1
223 29 137 16 2922 1
224 16 187 30 5799 1
225 9 182 15 1522 1
226 17 182 15 1522 1
227 7 144 12 1531 1
228 90 125 15 1620 1
229 10 168 2 172 1
230 17 174 20 1980 1
231 33 174 20 1980 1
232 49 174 20 1980 1
233 23 125 9 921 1
234 8 152 14 2087 1
235 15 152 14 2087 1
236 41 168 26 5143 1
237 16 173 1 195 1
238 4 180 29 6856 1
239 7 180 29 6856 1
240 10 180 29 6856 1
241 13 180 29 6856 1
242 16 180 29 6856 1
243 7 148 11 1260 1
244 13 148 11 1260 1
245 19 148 11 1260 1
246 9 143 22 2587 1
247 17 143 22 2587 1
248 25 143 22 2587 1
249 3 122 8 607 1
250 5 122 8 607 1
251 7 122 8 607 1
252 11 183 14 3041 1
253 21 183 14 3041 1
254 13 135 12 2427 1
255 24 159 17 2967 1
256 9 126 9 1420 1
257 16 169 23 3709 1
258 5 167 21 2966 1
259 9 167 21 2966 1
260 13 167 21 2966 1
261 6 154 10 1083 1
262 21 169 17 3315 1
263 41 169 17 3315 1
264 12 140 16 2747 1
265 23 140 16 2747 1
266 8 116 8 1272 1
267 15 112 10 1590 1
268 8 182 21 3767 1
269 9 159 15 2354 1
270 17 159 15 2354 1
271 7 191 18 4996 1
272 22 175 20 4242 1
273 20 168 7 1591 1
274 39 168 7 1591 1
275 4 177 8 1897 1
276 6 121 19 1405 1
277 11 121 19 1405 1
278 16 121 19 1405 1
279 21 121 19 1405 1
280 8 172 21 1907 1
281 20 135 13 893 1
282 15 131 22 2530 1
283 29 131 22 2530 1
284 43 131 22 2530 1
285 11 184 9 1034 1
286 21 184 9 1034 1
287 6 116 10 1394 1
288 5 187 19 1991 1
289 9 187 19 1991 1
290 13 187 19 1991 1
291 6 189 17 4504 1
292 29 101 18 2381 1
293 57 101 18 2381 1
294 15 157 12 1830 1
295 5 182 23 3798 1
296 6 134 14 1479 1
297 11 134 14 1479 1
298 8 174 22 3270 1
299 20 133 12 1324 1
300 3 133 17 2481 1
301 5 133 17 2481 1
302 7 133 17 2481 1
303 30 184 10 2231 1
304 21 148 9 707 1
305 3 146 14 1862 1
306 21 143 13 2418 1
307 41 143 13 2418 1
308 10 126 14 1480 1
309 6 171 21 4030 1
310 8 166 17 3891 1
311 15 166 17 3891 1
312 5 176 16 1658 1
313 9 176 16 1658 1
314 115 152 14 1495 1
315 15 162 13 2301 1
316 18 87 12 1254 1
317 5 133 2 210 1
318 7 165 10 1598 1
319 13 165 10 1598 1
320 19 165 10 1598 1
321 1 188 19 4226 1
322 9 125 16 1083 1
323 17 125 16 1083 1
324 25 125 16 1083 1
325 33 125 16 1083 1
326 19 188 27 5821 1
327 37 188 27 5821 1
328 15 137 15 1180 1
329 4 191 30 6237 1
330 7 191 30 6237 1
331 13 172 11 2804 1
332 12 173 16 2895 1
333 23 173 16 2895 1
334 10 135 7 528 1
335 19 135 7 528 1
336 28 135 7 528 1
337 9 130 18 1808 1
338 2 135 21 2336 1
339 18 116 7 718 1
340 12 166 18 1629 1
341 23 166 18 1629 1
342 34 166 18 1629 1
343 8 113 14 1598 1
344 15 113 14 1598 1
345 12 167 16 3882 1
346 8 91 6 372 1
347 15 91 6 372 1
348 27 133 2 363 1
349 17 191 12 1936 1
350 33 191 12 1936 1
351 19 149 7 1164 1
352 37 149 7 1164 1
353 6 181 14 3556 1
354 16 154 13 1249 1
355 7 171 16 3969 1
356 21 174 22 2326 1
357 6 131 16 2723 1
358 5 147 22 2522 1
359 9 147 22 2522 1
360 8 144 11 2258 1
361 15 144 11 2258 1
362 3 146 20 1560 1
363 5 146 20 1560 1
364 9 152 11 1981 1
365 17 152 11 1981 1
366 15 160 15 2575 1
367 3 182 12 2726 1
368 5 182 12 2726 1
369 17 149 14 2714 1
370 21 187 8 1578 1
371 12 172 19 4612 1
372 23 172 19 4612 1
373 8 137 6 955 1
374 15 137 6 955 1
375 14 131 16 2131 1
376 27 131 16 2131 1
377 14 125 11 921 1
378 27 125 11 921 1
379 8 171 5 932 1
380 16 141 12 879 1
381 31 141 12 879 1
382 46 141 12 879 1
383 61 141 12 879 1
384 76 141 12 879 1
385 5 126 12 1567 1
386 9 173 36 3684 1
387 5 147 15 2660 1
388 9 147 15 2660 1
389 13 147 15 2660 1
390 17 147 15 2660 1
391 18 172 18 4539 1
392 9 134 6 418 1
393 17 134 6 418 1
394 25 134 6 418 1
395 33 134 6 418 1
396 4 133 10 1291 1
397 15 113 12 1180 1
398 2 171 23 4839 1
399 3 171 23 4839 1
400 4 171 23 4839 1
401 5 171 23 4839 1
402 6 171 23 4839 1
403 8 160 16 3104 1
404 15 160 16 3104 1
405 20 146 17 2602 1
406 23 188 19 4297 1
407 45 188 19 4297 1
408 20 195 14 2507 1
409 4 197 23 5558 1
410 10 193 21 2621 1
411 28 193 17 2279 1
412 9 194 19 3318 1
413 13 196 15 2390 1
414 8 197 28 6109 1
415 15 197 28 6109 1
416 22 197 28 6109 1
417 15 193 6 1436 1
418 14 195 24 2486 1
419 27 195 24 2486 1
420 8 196 15 3169 1
421 15 196 15 3169 1
422 9 193 17 4280 1
423 17 193 17 4280 1
424 8 193 24 2372 1
425 15 193 24 2372 1
426 8 197 13 1479 1
427 8 196 14 2023 1
428 2 196 13 1316 1
429 15 193 10 1503 1
430 17 193 7 1888 1
431 9 197 11 1310 1
432 17 197 11 1310 1
433 9 193 20 5059 1
434 8 195 28 7174 1
435 15 195 28 7174 1
436 9 196 11 1773 1
437 37 223 19 5593 1
438 5 209 13 1729 1
439 31 211 9 1357 1
440 47 224 8 969 1
441 28 212 19 5886 1
442 31 198 16 4054 1
443 61 198 16 4054 1
444 8 212 18 2870 1
445 23 221 12 1600 1
446 49 200 21 4101 1
447 8 221 20 5162 1
448 199 226 17 4233 1
449 7 213 14 2015 1
450 13 213 14 2015 1
451 51 224 23 2651 1
452 6 202 6 1656 1
453 26 222 13 1560 1
454 51 222 13 1560 1
455 4 210 22 2796 1
456 31 198 20 2424 1
457 32 201 10 1482 1
458 63 201 10 1482 1
459 14 217 13 3819 1
460 27 217 13 3819 1
461 23 199 17 1827 1
462 28 198 19 5140 1
463 8 198 18 4401 1
464 26 222 8 900 1
465 2 226 26 8491 1
466 32 222 17 4460 1
467 34 209 13 2460 1
468 5 213 17 5134 1
469 38 213 5 1027 1
470 75 213 5 1027 1
471 112 213 5 1027 1
472 16 223 14 2221 1
473 38 201 8 2101 1
474 26 216 18 3642 1
475 33 224 19 4173 1
476 30 216 25 7541 1
477 10 210 11 1599 1
478 2 224 7 1712 1
479 30 200 12 3216 1
480 11 217 12 3301 1
481 7 202 16 4011 1
482 13 202 16 4011 1
483 19 202 16 4011 1
484 25 202 16 4011 1
485 8 198 10 1090 1
486 50 213 18 3997 1
487 8 202 7 2085 1
488 15 202 7 2085 1
489 22 202 7 2085 1
490 30 208 18 2275 1
491 59 208 18 2275 1
492 63 211 15 4706 1
493 2 211 16 4347 1
494 3 211 16 4347 1
495 26 224 17 4559 1
496 51 224 17 4559 1
497 76 224 17 4559 1
498 29 208 20 2279 1
499 34 211 18 4352 1
500 67 211 18 4352 1
501 31 223 13 2438 1
502 31 221 17 4076 1
503 61 221 17 4076 1
504 91 221 17 4076 1
505 15 200 16 1763 1
506 2 224 25 8000 1
507 10 212 11 1720 1
508 25 221 14 4296 1
509 23 216 15 1666 1
510 10 210 15 4157 1
511 30 210 19 4724 1
512 4 212 12 1345 1
513 7 212 12 1345 1
514 33 201 14 3295 1
515 33 210 13 1573 1
516 8 220 14 2250 1
517 2 212 22 3476 1
518 12 200 19 3561 1
519 9 200 16 2257 1
520 30 221 18 5160 1
521 7 210 15 3299 1
522 15 208 12 3589 1
523 8 217 25 4026 1
524 37 208 15 2187 1
525 3 200 10 2239 1
526 25 198 10 2130 1
527 60 217 9 2136 1
528 7 220 19 2259 1
529 13 220 19 2259 1
530 30 220 19 4052 1
531 39 216 13 1587 1
532 10 226 20 4739 1
533 33 199 22 3883 1
534 65 199 22 3883 1
535 26 226 15 3008 1
536 29 211 15 3058 1
537 57 211 15 3058 1
538 24 200 14 3962 1
539 30 211 9 2640 1
540 2 198 3 774 1
541 2 211 18 4900 1
542 3 211 18 4900 1
543 4 211 18 4900 1
544 28 224 21 6842 1
545 55 224 21 6842 1
546 24 210 10 1513 1
547 18 201 3 893 1
548 35 201 3 893 1
549 32 216 14 2511 1
550 46 213 10 2796 1
551 28 212 11 1617 1
552 64 202 16 3061 1
553 37 222 11 2128 1
554 34 208 15 4231 1
555 29 209 13 2803 1
556 24 198 15 3653 1
557 3 222 11 3545 1
558 36 217 16 4857 1
559 4 210 12 2715 1
560 7 210 12 2715 1
561 10 210 12 2715 1
562 21 236 10 1349 1
563 37 235 18 5661 1
564 73 235 18 5661 1
565 18 259 20 3685 1
566 35 259 20 3685 1
567 29 241 19 3135 1
568 57 241 19 3135 1
569 85 241 19 3135 1
570 24 241 8 2539 1
571 47 241 8 2539 1
572 31 229 14 4415 1
573 29 263 18 6975 1
574 5 240 13 2138 1
575 87 255 21 6978 1
576 20 260 35 9331 1
577 25 239 15 3632 1
578 32 241 18 2753 1
579 63 241 18 2753 1
580 94 241 18 2753 1
581 125 241 18 2753 1
582 24 227 13 3854 1
583 5 229 13 3907 1
584 9 229 13 3907 1
585 74 261 20 3719 1
586 26 252 17 5404 1
587 6 259 9 1836 1
588 6 262 5 1962 1
589 30 228 26 8730 1
590 46 232 23 7062 1
591 36 247 13 4334 1
592 32 255 12 3169 1
593 27 262 2 545 1
594 53 262 2 545 1
595 28 252 14 4031 1
596 55 252 14 4031 1
597 4 231 18 5447 1
598 16 236 13 3840 1
599 8 229 19 6375 1
600 17 228 12 2095 1
601 4 227 15 4188 1
602 73 232 15 4603 1
603 3 236 17 4665 1
604 1 262 15 4807 1
605 1 262 15 4807 1
606 1 262 15 4807 1
607 6 245 21 4316 1
608 15 260 22 5738 1
609 28 261 19 5752 1
610 55 261 19 5752 1
611 5 262 18 7021 1
612 29 227 12 2752 1
613 57 227 12 2752 1
614 10 232 12 3726 1
615 6 228 12 3536 1
616 24 263 20 6249 1
617 47 263 20 6249 1
618 70 263 20 6249 1
619 93 263 20 6249 1
620 199 240 21 4164 1
621 44 239 12 1673 1
622 87 239 12 1673 1
623 27 237 19 2498 1
624 23 263 23 3402 1
625 31 255 15 5239 1
626 63 237 21 2869 1
627 19 263 13 2578 1
628 6 231 12 2083 1
629 22 256 14 5185 1
630 85 245 1 235 1
631 23 240 20 5801 1
632 26 228 23 3444 1
633 21 227 7 2128 1
634 18 239 6 1786 1
635 60 237 20 2474 1
636 119 237 20 2474 1
637 23 245 24 5134 1
638 45 245 24 5134 1
639 14 231 35 6977 1
640 4 239 4 1114 1
641 35 236 9 2447 1
642 22 252 14 4818 1
643 43 252 14 4818 1
644 34 256 27 4937 1
645 24 236 10 3220 1
646 47 236 10 3220 1
647 22 261 13 2158 1
648 43 261 13 2158 1
649 64 261 13 2158 1
650 38 247 3 970 1
651 22 255 8 2060 1
652 22 259 14 2403 1
653 43 259 14 2403 1
654 64 259 14 2403 1
655 85 259 14 2403 1
656 24 242 12 2832 1
657 32 260 13 4666 1
658 13 252 13 2529 1
659 36 240 19 4114 1
660 5 250 11 3852 1
661 31 241 26 3141 1
662 61 241 26 3141 1
663 6 237 16 3049 1
664 4 241 10 1242 1
665 7 241 10 1242 1
666 10 241 10 1242 1
667 25 229 20 3372 1
668 37 247 17 4781 1
669 3 241 18 4117 1
670 5 241 18 4117 1
671 23 260 8 1047 1
672 30 241 10 3495 1
673 25 256 11 4203 1
674 10 245 12 3327 1
675 6 261 12 3431 1
676 3 262 23 4758 1
677 6 262 5 870 1
678 21 241 19 3969 1
679 26 228 18 2146 1
680 4 237 20 4923 1
681 32 240 12 3196 1
682 2 229 15 3574 1
683 4 231 18 4244 1
684 11 302 11 3198 1
685 24 267 10 3317 1
686 31 293 35 6152 1
687 20 301 21 6134 1
688 41 292 20 8422 1
689 5 281 13 2830 1
690 53 275 14 2553 1
691 51 269 19 2668 1
692 4 300 28 4247 1
693 6 302 18 7648 1
694 66 300 11 3779 1
695 32 281 15 5434 1
696 64 300 9 2437 1
697 3 280 22 6484 1
698 20 301 16 3252 1
699 39 301 16 3252 1
700 90 264 11 2471 1
701 4 264 18 3814 1
702 14 275 19 2871 1
703 33 290 14 6059 1
704 28 272 18 4182 1
705 55 272 18 4182 1
706 82 272 18 4182 1
707 7 275 17 5669 1
708 13 275 17 5669 1
709 66 283 13 3981 1
710 40 267 17 6088 1
711 79 267 17 6088 1
712 118 267 17 6088 1
713 6 270 18 4745 1
714 11 270 18 4745 1
715 16 270 18 4745 1
716 25 290 23 5974 1
717 6 265 14 2287 1
718 39 296 12 2082 1
719 77 296 12 2082 1
720 50 278 11 3832 1
721 19 267 14 3336 1
722 37 267 14 3336 1
723 55 267 14 3336 1
724 73 267 14 3336 1
725 91 267 14 3336 1
726 109 267 14 3336 1
727 127 267 14 3336 1
728 19 300 18 3229 1
729 3 285 19 6940 1
730 23 265 17 4655 1
731 45 265 17 4655 1
732 13 301 24 5617 1
733 25 301 24 5617 1
734 37 301 24 5617 1
735 6 276 21 4184 1
736 22 271 16 6033 1
737 35 271 18 6275 1
738 14 300 18 3516 1
739 27 300 18 3516 1
740 70 285 11 3271 1
741 28 293 26 11411 1
742 33 271 11 1693 1
743 65 271 11 1693 1
744 24 267 12 2497 1
745 64 272 10 3525 1
746 74 279 2 483 1
747 36 277 21 8447 1
748 20 292 8 2365 1
749 37 265 17 5136 1
750 59 267 11 4101 1
751 139 290 16 3620 1
752 23 269 17 4602 1
753 37 294 23 4069 1
754 15 292 15 3235 1
755 22 292 14 3543 1
756 7 302 18 6630 1
757 13 302 18 6630 1
758 30 295 24 9848 1
759 5 267 14 3188 1
760 4 293 17 3851 1
761 3 279 13 2372 1
762 40 279 19 7812 1
763 27 299 20 5685 1
764 53 299 20 5685 1
765 14 302 20 4579 1
766 18 276 14 5682 1
767 183 296 13 2885 1
768 3 285 21 7952 1
769 16 272 11 4080 1
770 31 272 11 4080 1
771 8 292 15 2590 1
772 42 269 30 8299 1
773 75 285 18 6077 1
774 29 268 15 5724 1
775 4 295 12 4160 1
776 27 285 15 2733 1
777 53 285 15 2733 1
778 20 279 11 2846 1
779 39 279 11 2846 1
780 19 302 22 3590 1
781 61 271 15 5161 1
782 5 270 1 184 1
783 9 265 5 1193 1
784 10 292 17 4185 1
785 44 272 10 1733 1
786 23 281 20 4592 1
787 38 276 13 4072 1
788 25 292 30 11683 1
789 7 302 18 6653 1
790 11 266 15 5292 1
791 3 281 13 3049 1
792 68 271 16 6426 1
793 21 290 24 9226 1
794 14 271 10 2966 1
795 15 294 19 8277 1
796 10 276 24 3499 1
797 1 269 16 3464 1
798 14 280 14 2653 1
799 26 285 19 4044 1
800 3 264 13 3829 1
801 24 293 19 5933 1
802 47 293 19 5933 1
803 16 280 15 4968 1
804 31 280 15 4968 1
805 24 272 16 4649 1
806 24 281 15 4707 1
807 47 267 9 1497 1
808 16 301 27 5748 1
809 31 301 27 5748 1
810 46 301 27 5748 1
811 30 301 25 8679 1
812 38 283 10 2033 1
813 38 301 11 2209 1
814 18 267 14 4400 1
815 35 267 14 4400 1
816 52 267 14 4400 1
817 30 294 14 3749 1
818 50 275 18 7308 1
819 6 272 7 2767 1
820 24 281 15 6319 1
821 3 275 9 2511 1
822 3 266 15 4968 1
823 1 281 13 4187 1
824 21 295 14 3202 1
825 20 293 21 7185 1
826 42 301 19 8256 1
827 5 269 20 7529 1
828 76 272 15 2323 1
829 17 269 5 1138 1
830 4 264 14 4620 1
831 1 268 16 6418 1
832 1 268 16 6418 1
833 6 290 19 4935 1
834 22 269 11 1690 1
835 3 270 13 3626 1
836 8 301 20 7071 1
837 4 267 19 6009 1
838 24 281 15 3857 1
839 23 280 24 5917 1
840 42 299 22 9769 1
841 65 267 15 2236 1
842 18 281 23 7228 1
843 35 281 23 7228 1
844 71 268 19 2796 1
845 22 283 10 3054 1
846 81 278 19 7821 1
847 5 265 23 7658 1
848 9 265 23 7658 1
849 2 292 14 4701 1
850 39 292 17 6642 1
851 23 278 15 3848 1
852 45 278 15 3848 1
853 67 278 15 3848 1
854 23 277 8 2458 1
855 22 283 8 2154 1
856 25 267 14 4845 1
857 49 267 14 4845 1
858 73 267 14 4845 1
859 23 300 6 2614 1
860 45 300 6 2614 1
861 24 266 13 3919 1
862 47 266 13 3919 1
863 24 306 8 2968 1
864 25 337 27 8105 1
865 5 329 22 9863 1
866 39 325 13 5832 1
867 27 329 22 8557 1
868 22 321 22 8643 1
869 27 335 12 2057 1
870 53 335 12 2057 1
871 73 336 8 3620 1
872 32 321 28 10492 1
873 16 331 13 3758 1
874 51 337 14 5602 1
875 101 337 14 5602 1
876 151 337 14 5602 1
877 26 331 21 7129 1
878 68 318 19 6121 1
879 135 318 19 6121 1
880 51 302 10 4001 1
881 18 318 17 4295 1
882 35 318 17 4295 1
883 52 318 17 4295 1
884 22 333 14 2455 1
885 81 319 23 8574 1
886 69 339 18 7149 1
887 58 319 21 4551 1
888 54 306 21 9246 1
889 68 323 14 3661 1
890 25 337 22 3753 1
891 125 336 22 5584 1
892 20 335 11 4674 1
893 69 340 13 5013 1
894 65 323 15 5618 1
895 29 331 12 2629 1
896 64 337 12 4022 1
897 59 337 14 6918 1
898 23 335 28 13433 1
899 68 305 15 3840 1
900 57 336 18 6691 1
901 71 323 13 5224 1
902 141 323 13 5224 1
903 58 336 12 5630 1
904 66 338 19 7907 1
905 27 319 36 13726 1
906 56 302 37 14165 1
907 46 318 18 3244 1
908 26 323 16 7664 1
909 27 325 13 6022 1
910 27 305 18 3177 1
911 20 306 13 5182 1
912 67 339 14 6480 1
913 95 336 19 5037 1
914 135 340 22 9613 1
915 269 340 22 9613 1
916 46 319 9 2998 1
917 20 340 16 7557 1
918 25 336 10 1736 1
919 49 336 10 1736 1
920 26 340 13 4094 1
921 53 304 12 1993 1
922 105 304 12 1993 1
923 55 337 13 5570 1
924 26 334 13 2300 1
925 23 336 21 3561 1
926 3 337 11 2257 1
927 31 339 20 4113 1
928 61 339 20 4113 1
929 66 302 12 5340 1
930 104 334 16 7612 1
931 51 329 14 2525 1
932 62 302 12 2179 1
933 71 336 19 3461 1
934 30 302 10 4020 1
935 38 325 14 4543 1
936 26 339 31 9684 1
937 15 335 23 7205 1
938 66 332 37 15164 1
939 131 332 37 15164 1
940 49 325 11 2464 1
941 59 335 21 8889 1
942 27 319 17 7929 1
943 65 305 23 8636 1
944 24 333 19 4709 1
945 13 316 24 6138 1
946 25 318 13 4814 1
947 67 305 17 5133 1
948 29 329 14 4411 1
949 35 306 16 5409 1
950 63 304 9 3225 1
951 27 323 20 8282 1
952 53 323 20 8282 1
953 79 323 20 8282 1
954 25 396 18 8946 1
955 24 368 23 7715 1
956 100 364 31 11695 1
957 79 365 24 12837 1
958 25 368 25 10124 1
959 50 400 19 7353 1
960 19 398 29 16908 1
961 78 369 18 8233 1
962 47 366 26 6304 1
963 25 368 12 2241 1
964 49 368 12 2241 1
965 22 348 33 14047 1
966 51 396 27 9907 1
967 23 399 30 17030 1
968 68 399 24 11491 1
969 20 400 16 7334 1
970 39 400 16 7334 1
971 24 396 29 13829 1
972 80 351 23 9895 1
973 19 396 17 5807 1
974 51 351 13 5239 1
975 49 353 24 11649 1
976 79 350 23 11916 1
977 87 399 30 10013 1
978 47 398 32 16634 1
979 64 350 14 6227 1
980 127 350 14 6227 1
981 190 350 14 6227 1
982 64 398 32 11236 1
983 127 398 32 11236 1
984 190 398 32 11236 1
985 21 348 16 5199 1
986 116 347 18 5496 1
987 49 396 21 7321 1
988 78 350 26 10961 1
989 155 350 26 10961 1
990 46 350 24 8870 1
991 25 367 25 6332 1
992 55 368 31 10602 1
993 31 365 17 8491 1
994 24 365 37 14641 1
995 48 349 19 4454 1
996 56 396 24 13382 1
997 67 349 16 7378 1
998 133 349 16 7378 1
999 56 349 23 6703 1
1000 169 347 22 11182 1
1001 58 367 27 12705 1
1002 121 400 16 8430 1
1003 19 348 20 3920 1
1004 55 398 16 4888 1
1005 47 368 21 8749 1
1006 93 368 21 8749 1
1007 47 364 36 13926 1
1008 27 351 21 4549 1
1009 81 365 22 6748 1
1010 16 368 29 10610 1
1011 68 364 25 9496 1
1012 47 364 10 3242 1
1013 31 368 23 11428 1
1014 62 396 29 16799 1
1015 23 347 29 11595 1
1016 61 368 38 20317 1
1017 48 353 19 6762 1
1018 22 396 24 4818 1
1019 29 347 27 9694 1
1020 84 351 30 11498 1
1021 79 347 21 9255 1
1022 77 368 31 10488 1
1023 52 367 24 10685 1
1024 103 367 24 10685 1
1025 47 368 20 3804 1
1026 18 364 38 12333 1
1027 55 396 23 5454 1
1028 118 396 25 13409 1
1029 148 399 27 15379 1
1030 47 364 25 6282 1
1031 127 349 26 7366 1
1032 118 350 28 9874 1
1033 60 364 25 11288 1
1034 52 367 27 5406 1
1035 51 347 33 15257 1
1036 80 348 40 15585 1
1037 63 367 31 15217 1
40
235 400 530 450 480 440 440 544 580 580 580 540 600 610 575 660 450 450 375 450 450 600 600 600 400 426 500 500 500 500 500 500 600 600 600 400 400 600 425 425 