1037
1 15 141 17 2036 1
2 15 150 12 1125 1
3 10 165 9 1155 1
4 12 159 8 873 1
5 1 177 15 1765 1
6 3 163 11 2479 1
7 4 169 20 4697 1
8 7 169 20 4697 1
9 7 157 14 3254 1
10 3 144 21 3762 1
11 5 144 21 3762 1
12 15 159 9 1840 1
13 10 176 13 3373 1
14 19 176 13 3373 1
15 28 176 13 3373 1
16 5 101 10 971 1
17 18 177 19 2892 1
18 67 188 28 4362 1
19 15 157 8 970 1
20 9 130 2 179 1
21 17 130 2 179 1
22 25 130 2 179 1
23 8 172 34 5625 1
24 15 172 34 5625 1
25 9 144 9 729 1
26 5 145 25 3172 1
27 9 145 25 3172 1
28 13 145 25 3172 1
29 17 145 25 3172 1
30 4 122 7 1081 1
31 7 122 7 1081 1
32 5 169 12 1849 1
33 5 87 8 720 1
34 9 87 8 720 1
35 13 87 8 720 1
36 17 87 8 720 1
37 21 87 8 720 1
38 25 125 17 1434 1
39 16 182 6 938 1
40 3 172 14 2300 1
41 3 120 30 2940 1
42 5 120 30 2940 1
43 15 144 20 3782 1
44 29 144 20 3782 1
45 3 91 5 491 1
46 5 91 5 491 1
47 4 134 14 2583 1
48 23 140 7 879 1
49 6 165 11 1018 1
50 11 165 11 1018 1
51 16 165 11 1018 1
52 21 165 11 1018 1
53 3 157 16 3309 1
54 17 91 5 534 1
55 33 91 5 534 1
56 18 159 19 3820 1
57 182 113 8 790 1
58 27 175 15 2741 1
59 53 175 15 2741 1
60 20 122 12 961 1
61 6 180 18 4019 1
62 4 157 19 1625 1
63 7 157 19 1625 1
64 33 120 15 2165 1
65 2 141 15 3085 1
66 5 137 2 355 1
67 9 137 2 355 1
68 13 137 2 355 1
69 15 191 8 1858 1
70 15 170 14 2365 1
71 25 131 10 1683 1
72 29 137 23 4144 1
73 8 167 15 2202 1
74 15 167 15 2202 1
75 88 189 16 3456 1
76 16 140 3 346 1
77 6 178 22 4472 1
78 11 178 22 4472 1
79 12 166 14 3190 1
80 10 91 14 1892 1
81 20 131 9 1196 1
82 6 177 21 5546 1
83 11 177 21 5546 1
84 16 178 15 2293 1
85 14 150 17 2864 1
86 27 150 17 2864 1
87 14 113 13 1740 1
88 7 169 14 3525 1
89 9 182 14 3156 1
90 15 189 16 2748 1
91 15 168 7 861 1
92 4 187 13 3222 1
93 7 187 13 3222 1
94 16 169 15 2721 1
95 16 154 14 3000 1
96 8 189 17 3198 1
97 15 189 17 3198 1
98 22 189 17 3198 1
99 29 189 17 3198 1
100 36 189 17 3198 1
101 9 147 8 590 1
102 119 166 18 3855 1
103 1 189 29 8057 1
104 16 146 17 2599 1
105 6 168 15 2143 1
106 11 168 15 2143 1
107 22 122 11 1216 1
108 1 150 4 693 1
109 9 188 6 1116 1
110 24 126 4 454 1
111 4 120 11 1241 1
112 19 187 23 6223 1
113 20 144 11 1628 1
114 9 191 14 3595 1
115 3 134 25 2462 1
116 5 134 25 2462 1
117 7 184 13 2107 1
118 13 184 13 2107 1
119 19 184 13 2107 1
120 25 184 13 2107 1
121 26 183 28 3279 1
122 51 183 28 3279 1
123 17 155 9 1341 1
124 33 155 9 1341 1
125 8 168 26 6093 1
126 5 174 20 2888 1
127 8 172 11 1559 1
128 15 172 11 1559 1
129 20 170 14 2378 1
130 39 170 14 2378 1
131 2 145 11 1565 1
132 3 145 11 1565 1
133 4 145 11 1565 1
134 8 116 16 1620 1
135 15 116 16 1620 1
136 11 171 18 1584 1
137 11 191 19 3768 1
138 21 191 19 3768 1
139 7 126 15 1521 1
140 13 126 15 1521 1
141 14 191 14 3280 1
142 6 101 15 1354 1
143 11 101 15 1354 1
144 12 131 11 1898 1
145 23 158 13 2953 1
146 45 158 13 2953 1
147 67 158 13 2953 1
148 89 158 13 2953 1
149 7 149 9 801 1
150 13 149 9 801 1
151 12 154 14 1334 1
152 23 154 14 1334 1
153 34 154 14 1334 1
154 45 154 14 1334 1
155 6 188 22 2449 1
156 3 135 19 2768 1
157 5 135 19 2768 1
158 4 126 10 846 1
159 14 167 13 1391 1
160 11 152 15 3125 1
161 20 171 12 1829 1
162 16 172 17 2325 1
163 16 189 14 3197 1
164 17 101 20 1381 1
165 11 135 10 1191 1
166 21 135 10 1191 1
167 31 135 10 1191 1
168 21 134 16 1838 1
169 3 133 20 2005 1
170 17 159 16 3316 1
171 24 187 11 1188 1
172 6 173 27 5661 1
173 11 173 27 5661 1
174 15 149 12 2670 1
175 29 149 12 2670 1
176 5 130 9 640 1
177 9 130 9 640 1
178 28 112 10 1187 1
179 55 112 10 1187 1
180 17 134 14 1304 1
181 5 182 16 2004 1
182 9 182 16 2004 1
183 9 120 11 765 1
184 3 189 22 2569 1
185 6 188 21 4560 1
186 11 188 21 4560 1
187 16 188 21 4560 1
188 21 188 21 4560 1
189 26 188 21 4560 1
190 6 87 11 691 1
191 14 171 7 873 1
192 21 172 17 3133 1
193 3 169 20 5069 1
194 8 145 10 869 1
195 8 130 14 2472 1
196 15 130 14 2472 1
197 22 130 14 2472 1
198 27 112 16 1704 1
199 10 166 14 2169 1
200 19 166 14 2169 1
201 15 135 17 1455 1
202 10 173 19 1892 1
203 16 189 17 2929 1
204 12 150 17 2676 1
205 8 182 22 5367 1
206 15 182 22 5367 1
207 17 155 18 3888 1
208 17 162 28 6452 1
209 10 125 10 820 1
210 19 125 10 820 1
211 7 160 16 2199 1
212 13 160 16 2199 1
213 8 150 21 2833 1
214 15 150 21 2833 1
215 21 137 14 1480 1
216 9 181 20 4776 1
217 17 181 20 4776 1
218 25 181 20 4776 1
219 35 175 15 2470 1
220 3 167 17 3532 1
221 19 150 16 2353 1
222 15 143 14 1984 1
223 16 158 18 3826 1
224 42 167 6 732 1
225 83 167 6 732 1
226 7 173 11 1095 1
227 13 173 11 1095 1
228 19 173 11 1095 1
229 25 173 11 1095 1
230 31 173 11 1095 1
231 6 130 11 1517 1
232 11 120 8 647 1
233 21 120 8 647 1
234 11 91 14 1772 1
235 21 91 14 1772 1
236 4 187 16 3352 1
237 5 143 12 1545 1
238 3 141 7 524 1
239 5 141 7 524 1
240 10 162 19 2098 1
241 19 162 19 2098 1
242 28 162 19 2098 1
243 37 162 19 2098 1
244 11 168 13 2950 1
245 2 137 14 1703 1
246 3 137 14 1703 1
247 4 137 14 1703 1
248 5 137 14 1703 1
249 6 137 14 1703 1
250 7 137 14 1703 1
251 8 137 14 1703 1
252 12 147 7 1320 1
253 17 157 12 1355 1
254 33 157 12 1355 1
255 12 154 13 2930 1
256 11 145 23 3193 1
257 7 169 13 2756 1
258 13 169 13 2756 1
259 19 169 13 2756 1
260 9 166 16 2512 1
261 17 166 16 2512 1
262 25 166 16 2512 1
263 33 166 16 2512 1
264 41 166 16 2512 1
265 49 166 16 2512 1
266 57 166 16 2512 1
267 8 143 17 3082 1
268 15 143 17 3082 1
269 22 143 17 3082 1
270 16 120 17 2202 1
271 13 130 9 1687 1
272 6 152 17 2980 1
273 11 152 17 2980 1
274 16 152 17 2980 1
275 21 152 17 2980 1
276 26 152 17 2980 1
277 25 159 17 3596 1
278 49 159 17 3596 1
279 9 169 14 2544 1
280 17 169 14 2544 1
281 30 133 10 1413 1
282 59 133 10 1413 1
283 88 133 10 1413 1
284 117 133 10 1413 1
285 6 157 10 873 1
286 19 159 17 2295 1
287 15 188 7 1119 1
288 15 157 19 1868 1
289 29 157 19 1868 1
290 9 187 24 2728 1
291 26 87 11 900 1
292 10 165 14 3146 1
293 19 165 14 3146 1
294 5 167 13 3138 1
295 16 187 17 2913 1
296 11 167 15 1526 1
297 21 167 15 1526 1
298 31 167 15 1526 1
299 41 167 15 1526 1
300 51 167 15 1526 1
301 23 185 14 1850 1
302 45 185 14 1850 1
303 16 172 20 3123 1
304 5 145 19 1463 1
305 9 145 19 1463 1
306 7 185 22 3057 1
307 13 185 22 3057 1
308 19 185 22 3057 1
309 25 185 22 3057 1
310 5 162 19 2602 1
311 9 162 19 2602 1
312 11 184 26 3263 1
313 21 184 26 3263 1
314 31 184 26 3263 1
315 41 184 26 3263 1
316 51 184 26 3263 1
317 61 184 26 3263 1
318 16 171 18 4222 1
319 9 137 4 758 1
320 12 125 13 2038 1
321 23 125 13 2038 1
322 15 189 22 2244 1
323 9 178 15 1402 1
324 17 178 15 1402 1
325 17 171 15 2341 1
326 55 159 22 2669 1
327 17 183 19 4902 1
328 23 133 6 838 1
329 5 170 19 2795 1
330 8 166 8 1612 1
331 10 169 11 1622 1
332 2 143 14 2822 1
333 3 143 14 2822 1
334 4 143 14 2822 1
335 11 126 21 1856 1
336 6 176 20 1949 1
337 11 176 20 1949 1
338 16 176 20 1949 1
339 21 176 20 1949 1
340 26 176 20 1949 1
341 15 170 12 1811 1
342 15 141 15 2799 1
343 4 157 13 1504 1
344 1 152 19 3180 1
345 2 163 16 1381 1
346 3 163 16 1381 1
347 4 163 16 1381 1
348 5 163 16 1381 1
349 5 130 21 3676 1
350 9 130 21 3676 1
351 20 185 16 2376 1
352 19 125 11 794 1
353 37 125 11 794 1
354 15 125 6 1028 1
355 13 163 19 3319 1
356 25 163 19 3319 1
357 5 178 18 3319 1
358 2 176 29 6199 1
359 27 137 13 1655 1
360 53 137 13 1655 1
361 7 165 15 3243 1
362 13 165 15 3243 1
363 19 165 15 3243 1
364 4 173 14 2873 1
365 11 130 13 2321 1
366 5 121 13 1891 1
367 25 144 9 1433 1
368 19 173 20 4183 1
369 5 143 22 2683 1
370 2 191 19 3959 1
371 3 191 19 3959 1
372 19 188 26 5381 1
373 12 143 14 1831 1
374 23 143 14 1831 1
375 34 143 14 1831 1
376 4 147 16 3507 1
377 7 147 16 3507 1
378 2 167 15 2520 1
379 3 167 15 2520 1
380 14 166 17 3092 1
381 82 144 25 3757 1
382 16 160 12 1737 1
383 12 126 26 2359 1
384 6 191 23 3043 1
385 11 191 23 3043 1
386 16 191 23 3043 1
387 21 191 23 3043 1
388 26 191 23 3043 1
389 31 191 23 3043 1
390 8 158 10 2255 1
391 5 101 17 1757 1
392 11 183 23 4003 1
393 21 183 23 4003 1
394 5 130 13 2532 1
395 31 144 1 127 1
396 11 175 5 767 1
397 3 131 14 1355 1
398 20 150 28 4008 1
399 6 176 21 3626 1
400 11 176 21 3626 1
401 15 152 14 1107 1
402 22 152 25 1939 1
403 5 185 14 3701 1
404 12 131 15 2548 1
405 4 178 10 1514 1
406 6 162 16 1467 1
407 11 162 16 1467 1
408 10 197 11 1835 1
409 8 195 13 2839 1
410 15 195 13 2839 1
411 22 195 13 2839 1
412 29 195 13 2839 1
413 27 195 12 3189 1
414 8 196 14 4071 1
415 8 193 22 5767 1
416 8 196 11 1945 1
417 15 196 11 1945 1
418 17 194 22 2790 1
419 33 194 22 2790 1
420 49 194 22 2790 1
421 65 194 22 2790 1
422 81 194 22 2790 1
423 97 194 22 2790 1
424 113 194 22 2790 1
425 129 194 22 2790 1
426 8 194 18 4629 1
427 3 196 18 4002 1
428 9 196 10 2779 1
429 8 193 23 4210 1
430 2 196 8 2184 1
431 17 193 15 1962 1
432 33 193 15 1962 1
433 8 193 25 4148 1
434 8 194 13 2175 1
435 13 193 31 3434 1
436 17 194 6 1109 1
437 15 212 8 2191 1
438 8 210 9 1897 1
439 10 201 12 2400 1
440 19 201 12 2400 1
441 28 201 12 2400 1
442 37 201 12 2400 1
443 9 212 14 2545 1
444 16 226 19 2178 1
445 8 222 17 3746 1
446 23 198 18 1922 1
447 11 223 12 3573 1
448 10 200 15 4297 1
449 13 212 17 2361 1
450 25 212 17 2361 1
451 27 198 23 5323 1
452 53 198 23 5323 1
453 6 223 15 3016 1
454 7 223 17 2452 1
455 55 216 11 3348 1
456 2 201 10 2555 1
457 2 216 9 2111 1
458 8 198 12 1688 1
459 8 222 17 3095 1
460 116 209 11 3247 1
461 32 208 8 1006 1
462 8 221 12 3435 1
463 15 221 12 3435 1
464 37 226 15 4730 1
465 73 226 15 4730 1
466 109 226 15 4730 1
467 3 222 14 4048 1
468 5 222 14 4048 1
469 26 212 11 2068 1
470 51 212 11 2068 1
471 49 201 16 2417 1
472 8 208 15 1645 1
473 15 208 15 1645 1
474 22 208 15 1645 1
475 61 200 20 3168 1
476 121 200 20 3168 1
477 6 221 6 1045 1
478 31 200 7 1099 1
479 9 213 16 3693 1
480 17 213 16 3693 1
481 29 216 21 5769 1
482 26 211 12 3355 1
483 9 213 17 3731 1
484 31 222 11 3626 1
485 8 224 15 2709 1
486 59 212 14 2056 1
487 117 212 14 2056 1
488 8 211 16 3219 1
489 20 223 20 4508 1
490 21 201 6 1789 1
491 27 210 9 2221 1
492 8 202 13 1485 1
493 15 202 13 1485 1
494 4 222 21 2616 1
495 7 222 21 2616 1
496 2 212 15 1706 1
497 14 199 11 2340 1
498 27 224 13 3636 1
499 53 224 13 3636 1
500 241 222 14 1634 1
501 8 199 13 1561 1
502 26 223 12 2160 1
503 3 199 13 3050 1
504 9 223 8 2137 1
505 50 199 15 2219 1
506 99 199 15 2219 1
507 15 221 16 2522 1
508 22 220 16 4621 1
509 44 208 12 2604 1
510 10 222 13 3380 1
511 2 208 22 4351 1
512 6 212 10 2127 1
513 11 212 10 2127 1
514 10 224 10 2134 1
515 3 212 14 2561 1
516 32 226 23 6100 1
517 29 209 7 1924 1
518 6 223 22 6395 1
519 11 223 22 6395 1
520 16 223 22 6395 1
521 46 209 11 2254 1
522 91 209 11 2254 1
523 53 217 16 4179 1
524 26 200 19 4071 1
525 6 201 16 4000 1
526 8 217 9 1533 1
527 8 200 17 1809 1
528 15 200 17 1809 1
529 2 222 17 3762 1
530 8 200 16 2444 1
531 7 212 8 1917 1
532 13 212 8 1917 1
533 12 213 15 2402 1
534 7 223 11 1483 1
535 13 223 11 1483 1
536 19 223 11 1483 1
537 25 223 11 1483 1
538 7 211 15 3879 1
539 13 211 15 3879 1
540 15 220 4 828 1
541 8 209 14 3860 1
542 15 209 14 3860 1
543 29 220 16 2489 1
544 9 221 8 1210 1
545 17 221 8 1210 1
546 28 200 14 1869 1
547 8 198 15 2351 1
548 15 198 15 2351 1
549 25 226 23 2601 1
550 7 226 10 3085 1
551 46 213 20 6164 1
552 7 199 8 1227 1
553 34 224 16 4408 1
554 67 224 16 4408 1
555 16 213 22 3244 1
556 14 199 16 3230 1
557 9 208 20 4062 1
558 17 208 20 4062 1
559 60 213 5 1263 1
560 20 210 15 1744 1
561 8 216 18 3113 1
562 27 259 18 4449 1
563 53 259 18 4449 1
564 47 247 15 4040 1
565 5 227 5 1220 1
566 55 231 8 1920 1
567 22 232 17 4464 1
568 31 228 11 3058 1
569 61 228 11 3058 1
570 79 240 13 2813 1
571 36 261 27 6250 1
572 15 231 23 7178 1
573 29 231 23 7178 1
574 32 228 12 4013 1
575 63 228 12 4013 1
576 4 232 12 2933 1
577 7 232 12 2933 1
578 32 232 13 1966 1
579 36 262 16 5170 1
580 20 250 18 5120 1
581 48 231 11 3738 1
582 17 235 16 3175 1
583 33 259 20 6556 1
584 65 259 20 6556 1
585 33 261 20 6397 1
586 65 261 20 6397 1
587 3 237 8 2526 1
588 30 228 23 6163 1
589 9 242 13 3459 1
590 17 242 13 3459 1
591 1 245 15 3907 1
592 30 241 20 4214 1
593 16 252 12 2136 1
594 24 232 11 3009 1
595 47 232 11 3009 1
596 1 228 3 917 1
597 1 228 3 917 1
598 16 255 25 6510 1
599 21 241 16 4266 1
600 17 231 7 1994 1
601 40 231 18 3792 1
602 4 261 18 5371 1
603 7 261 18 5371 1
604 23 250 15 2100 1
605 13 232 11 2361 1
606 22 231 15 4663 1
607 25 239 8 2184 1
608 9 242 10 1719 1
609 3 252 15 1981 1
610 25 228 23 4439 1
611 49 228 23 4439 1
612 3 247 20 4034 1
613 24 260 15 5687 1
614 32 227 13 2418 1
615 84 262 16 4713 1
616 20 259 20 2655 1
617 29 252 17 4959 1
618 57 252 17 4959 1
619 4 250 16 2180 1
620 22 261 13 2335 1
621 39 240 19 4752 1
622 37 256 5 1845 1
623 74 259 6 2313 1
624 23 228 16 4582 1
625 6 228 16 3425 1
626 23 239 14 2351 1
627 25 235 17 2485 1
628 47 231 14 3692 1
629 4 239 26 6848 1
630 4 242 15 3886 1
631 20 263 19 5364 1
632 24 228 14 3777 1
633 36 250 18 6471 1
634 21 256 9 1528 1
635 17 231 15 3869 1
636 74 262 15 5701 1
637 6 227 16 3542 1
638 21 242 17 4407 1
639 28 237 16 5367 1
640 7 263 12 2626 1
641 29 261 13 2030 1
642 9 260 17 6366 1
643 17 260 17 6366 1
644 32 252 10 3490 1
645 20 259 23 3542 1
646 39 259 23 3542 1
647 56 250 15 3946 1
648 42 250 15 4319 1
649 83 250 15 4319 1
650 36 231 9 2509 1
651 41 236 21 4194 1
652 36 260 13 3676 1
653 7 242 16 2864 1
654 13 242 16 2864 1
655 23 259 10 2616 1
656 19 232 14 1697 1
657 4 262 7 2586 1
658 7 262 7 2586 1
659 30 250 11 2072 1
660 59 250 11 2072 1
661 4 237 26 6068 1
662 25 262 9 2496 1
663 3 242 6 1983 1
664 5 242 6 1983 1
665 7 242 6 1983 1
666 20 240 17 6100 1
667 5 259 10 2834 1
668 29 245 13 4313 1
669 8 240 13 3248 1
670 4 229 12 1799 1
671 7 229 12 1799 1
672 4 261 24 6946 1
673 7 261 24 6946 1
674 29 240 12 3281 1
675 34 229 18 3586 1
676 7 259 11 2448 1
677 47 229 12 1858 1
678 93 229 12 1858 1
679 70 247 9 1367 1
680 8 232 15 1832 1
681 4 235 10 2847 1
682 7 235 10 2847 1
683 10 235 10 2847 1
684 77 301 15 2354 1
685 61 271 17 2604 1
686 3 266 12 2147 1
687 65 276 10 1752 1
688 59 264 10 1871 1
689 26 280 10 1415 1
690 51 280 10 1415 1
691 4 290 2 622 1
692 39 290 14 2260 1
693 77 290 14 2260 1
694 20 285 14 5686 1
695 23 296 17 7063 1
696 36 268 11 1774 1
697 174 301 16 2509 1
698 4 280 16 2816 1
699 29 280 30 5594 1
700 24 280 23 8086 1
701 43 280 4 1031 1
702 20 270 16 4366 1
703 6 280 13 2447 1
704 19 272 21 3302 1
705 23 276 17 6249 1
706 5 301 19 4509 1
707 20 281 8 2010 1
708 5 279 10 2745 1
709 16 296 23 6037 1
710 31 296 23 6037 1
711 62 280 17 5298 1
712 18 290 12 3278 1
713 25 276 15 5580 1
714 49 276 15 5580 1
715 86 276 19 3767 1
716 25 283 7 2687 1
717 37 275 17 5774 1
718 12 285 21 6113 1
719 23 295 21 5100 1
720 26 276 17 4887 1
721 25 301 12 2855 1
722 49 301 12 2855 1
723 73 301 12 2855 1
724 21 265 16 3133 1
725 41 265 16 3133 1
726 37 267 11 4177 1
727 9 266 11 3343 1
728 17 266 11 3343 1
729 25 266 11 3343 1
730 79 285 17 3198 1
731 157 285 17 3198 1
732 16 268 14 4469 1
733 24 270 14 3860 1
734 23 299 16 6660 1
735 70 276 21 6625 1
736 52 266 14 3461 1
737 6 300 7 1345 1
738 11 300 7 1345 1
739 36 268 14 4695 1
740 23 301 28 7481 1
741 20 270 13 2439 1
742 3 267 11 4360 1
743 23 269 25 8477 1
744 6 276 19 6406 1
745 27 268 8 2387 1
746 38 285 23 4629 1
747 23 296 15 5746 1
748 3 267 15 4158 1
749 41 292 19 3685 1
750 19 285 19 6670 1
751 37 285 19 6670 1
752 24 301 27 11682 1
753 3 292 16 6521 1
754 14 271 26 5490 1
755 2 267 16 3662 1
756 26 302 22 8314 1
757 51 302 22 8314 1
758 22 269 21 5518 1
759 25 276 17 4703 1
760 34 290 6 1005 1
761 67 272 15 2733 1
762 133 272 15 2733 1
763 23 294 20 8004 1
764 45 294 20 8004 1
765 24 275 22 4333 1
766 2 302 20 8468 1
767 3 302 20 8468 1
768 4 302 20 8468 1
769 24 296 22 6266 1
770 20 281 12 3884 1
771 25 269 12 4552 1
772 22 292 23 7132 1
773 4 277 14 4777 1
774 8 275 17 6924 1
775 12 294 15 3512 1
776 47 270 12 2324 1
777 21 268 17 3281 1
778 161 278 15 5146 1
779 26 278 23 7422 1
780 75 292 25 5887 1
781 4 292 12 3409 1
782 28 276 11 1875 1
783 71 264 15 5623 1
784 46 296 19 3509 1
785 91 296 19 3509 1
786 65 302 10 2865 1
787 129 302 10 2865 1
788 80 275 23 3510 1
789 29 278 22 8455 1
790 66 301 15 5292 1
791 32 264 19 4706 1
792 63 264 19 4706 1
793 6 270 15 4299 1
794 3 264 22 3645 1
795 5 264 22 3645 1
796 7 264 22 3645 1
797 2 265 25 7562 1
798 7 294 14 2545 1
799 13 294 14 2545 1
800 24 272 13 2037 1
801 17 272 12 2283 1
802 23 266 13 2142 1
803 45 266 13 2142 1
804 41 270 21 8487 1
805 57 277 19 3542 1
806 113 277 19 3542 1
807 69 278 15 5732 1
808 11 272 25 6925 1
809 41 269 9 2883 1
810 20 272 22 7189 1
811 25 290 22 8198 1
812 3 268 22 6478 1
813 4 275 13 4938 1
814 60 290 9 3878 1
815 30 290 22 8554 1
816 19 268 19 4734 1
817 15 272 20 7542 1
818 7 268 19 2629 1
819 8 272 12 2899 1
820 15 272 12 2899 1
821 22 272 12 2899 1
822 4 294 13 4809 1
823 7 294 13 4809 1
824 7 285 23 8539 1
825 5 292 20 3141 1
826 23 296 12 2423 1
827 23 266 15 3941 1
828 24 293 19 3729 1
829 33 295 15 5522 1
830 24 293 18 6171 1
831 15 280 16 3446 1
832 31 277 16 4061 1
833 61 277 16 4061 1
834 27 266 10 2261 1
835 53 266 10 2261 1
836 79 266 10 2261 1
837 18 268 21 3249 1
838 35 268 21 3249 1
839 52 268 21 3249 1
840 31 276 23 8783 1
841 66 271 15 3010 1
842 30 264 14 3890 1
843 24 276 20 5047 1
844 30 300 16 4394 1
845 59 300 16 4394 1
846 88 300 16 4394 1
847 117 300 16 4394 1
848 146 300 16 4394 1
849 72 290 19 3638 1
850 15 293 7 1260 1
851 23 270 16 5274 1
852 20 283 16 4249 1
853 8 267 11 4153 1
854 15 267 11 4153 1
855 25 285 21 5823 1
856 61 267 18 2756 1
857 3 300 24 6626 1
858 5 300 24 6626 1
859 39 269 10 1575 1
860 25 275 12 4331 1
861 49 275 12 4331 1
862 17 266 21 2917 1
863 29 337 20 6016 1
864 181 325 22 3683 1
865 22 339 31 6833 1
866 20 339 25 8711 1
867 20 334 15 5587 1
868 53 323 9 3565 1
869 13 331 21 8308 1
870 66 334 13 5465 1
871 131 334 13 5465 1
872 19 302 12 3538 1
873 27 337 7 2674 1
874 50 335 12 2482 1
875 57 334 21 9261 1
876 34 332 26 12162 1
877 34 318 15 6219 1
878 25 319 13 2841 1
879 29 332 9 3740 1
880 26 305 19 2916 1
881 28 325 8 2081 1
882 48 329 14 5746 1
883 60 338 15 3916 1
884 22 321 15 2650 1
885 19 331 18 8015 1
886 32 325 27 8822 1
887 63 325 27 8822 1
888 16 336 34 11260 1
889 13 318 14 5101 1
890 26 321 19 5584 1
891 12 337 9 1583 1
892 65 335 22 9451 1
893 26 329 19 9173 1
894 20 340 24 9618 1
895 39 340 24 9618 1
896 10 329 19 7287 1
897 3 302 12 3556 1
898 19 319 19 7576 1
899 25 302 16 6909 1
900 56 336 16 2722 1
901 81 323 14 6024 1
902 50 318 18 4681 1
903 49 302 12 2963 1
904 97 302 12 2963 1
905 24 335 19 4381 1
906 25 338 23 7091 1
907 47 331 19 4574 1
908 84 334 21 3787 1
909 44 321 25 5353 1
910 26 331 17 7717 1
911 31 321 17 6179 1
912 99 305 10 1715 1
913 25 332 8 2523 1
914 24 340 15 6666 1
915 68 339 14 2926 1
916 135 339 14 2926 1
917 21 305 14 5026 1
918 19 332 16 5655 1
919 12 316 7 2643 1
920 23 316 7 2643 1
921 34 316 7 2643 1
922 66 331 8 2660 1
923 25 335 26 12470 1
924 65 325 20 6950 1
925 28 305 13 4281 1
926 53 338 19 6233 1
927 72 302 22 7922 1
928 143 302 22 7922 1
929 31 306 11 3272 1
930 61 306 11 3272 1
931 27 337 16 4174 1
932 53 337 16 4174 1
933 70 335 19 7065 1
934 71 321 9 3293 1
935 24 321 18 8509 1
936 26 336 13 3503 1
937 67 331 10 3174 1
938 69 333 17 3353 1
939 66 316 10 2324 1
940 29 335 28 12050 1
941 25 321 19 3352 1
942 62 302 17 6955 1
943 69 306 15 4900 1
944 137 306 15 4900 1
945 26 332 17 7724 1
946 28 306 9 3477 1
947 25 305 13 2527 1
948 49 305 13 2527 1
949 53 318 11 1992 1
950 105 318 11 1992 1
951 22 337 17 5559 1
952 21 331 20 9597 1
953 23 306 17 6456 1
954 76 368 24 5342 1
955 112 396 44 12393 1
956 87 353 26 11355 1
957 28 353 17 4831 1
958 66 400 28 10917 1
959 46 399 22 12849 1
960 22 349 34 9066 1
961 29 349 12 5510 1
962 80 350 19 6131 1
963 79 367 29 12085 1
964 25 368 19 8199 1
965 26 367 24 6826 1
966 77 366 24 7169 1
967 21 351 21 6076 1
968 49 367 24 6199 1
969 97 367 24 6199 1
970 172 400 22 7757 1
971 79 367 24 7059 1
972 25 348 18 5775 1
973 51 398 8 3112 1
974 51 399 26 9056 1
975 101 399 26 9056 1
976 25 400 21 11546 1
977 50 349 26 8304 1
978 58 350 19 5725 1
979 6 369 22 4251 1
980 23 365 29 9386 1
981 18 366 27 7137 1
982 50 399 41 12230 1
983 21 396 28 15118 1
984 23 349 33 15420 1
985 23 364 23 10616 1
986 77 369 32 6887 1
987 55 400 24 5155 1
988 58 400 28 8491 1
989 115 369 23 9939 1
990 30 353 24 8142 1
991 23 366 20 5768 1
992 63 367 17 8708 1
993 71 366 13 3847 1
994 52 351 27 6871 1
995 25 350 26 5757 1
996 55 353 16 3743 1
997 23 396 18 4462 1
998 80 368 15 6018 1
999 100 349 16 6801 1
1000 78 353 24 6748 1
1001 14 369 29 7068 1
1002 18 400 25 10678 1
1003 35 400 25 10678 1
1004 50 369 19 9268 1
1005 56 398 22 12224 1
1006 46 368 19 6411 1
1007 18 350 15 5147 1
1008 35 350 15 5147 1
1009 26 399 19 4215 1
1010 66 351 27 7649 1
1011 46 399 22 6792 1
1012 57 396 24 5611 1
1013 65 364 19 4082 1
1014 129 364 19 4082 1
1015 86 365 24 10002 1
1016 48 364 10 2651 1
1017 49 396 33 11612 1
1018 47 364 35 6596 1
1019 78 399 23 9510 1
1020 18 396 28 16164 1
1021 25 351 28 11439 1
1022 80 368 18 4696 1
1023 55 365 32 6330 1
1024 19 349 33 15832 1
1025 27 400 15 4203 1
1026 47 350 12 5346 1
1027 61 351 23 5901 1
1028 76 398 18 5568 1
1029 50 348 18 8080 1
1030 17 348 15 7390 1
1031 75 351 16 7203 1
1032 25 369 30 14905 1
1033 46 350 14 6457 1
1034 52 351 21 4419 1
1035 29 400 27 5753 1
1036 27 347 20 7977 1
1037 19 400 16 7157 1
40
235 400 530 450 480 440 440 544 580 580 580 540 600 610 575 660 450 450 375 450 450 600 600 600 400 426 500 500 500 500 500 500 600 600 600 400 400 600 425 425 