1037
1 13 145 7 899 1
2 25 145 7 899 1
3 37 145 7 899 1
4 49 145 7 899 1
5 8 157 8 1181 1
6 15 157 8 1181 1
7 5 169 23 4949 1
8 9 169 23 4949 1
9 13 169 23 4949 1
10 12 181 21 4421 1
11 23 181 21 4421 1
12 45 130 11 2065 1
13 5 130 16 1138 1
14 9 130 16 1138 1
15 13 130 16 1138 1
16 17 130 16 1138 1
17 21 130 16 1138 1
18 25 130 16 1138 1
19 9 180 23 3400 1
20 22 159 14 2652 1
21 19 137 5 359 1
22 17 130 21 1395 1
23 33 130 21 1395 1
24 15 152 20 2454 1
25 26 184 16 4090 1
26 15 146 34 4412 1
27 2 134 8 1416 1
28 3 134 8 1416 1
29 10 137 11 932 1
30 11 113 15 1406 1
31 21 113 15 1406 1
32 31 113 15 1406 1
33 41 113 15 1406 1
34 16 143 11 1094 1
35 8 165 24 3144 1
36 9 188 13 1390 1
37 17 188 13 1390 1
38 24 159 15 1557 1
39 23 133 12 2326 1
40 18 178 6 919 1
41 35 178 6 919 1
42 12 170 10 2108 1
43 7 159 14 1226 1
44 5 175 12 2281 1
45 1 181 8 1193 1
46 1 181 8 1193 1
47 4 167 12 2106 1
48 21 148 10 981 1
49 8 180 9 2208 1
50 15 180 9 2208 1
51 16 178 10 2414 1
52 18 134 12 1712 1
53 11 135 19 1783 1
54 21 135 19 1783 1
55 8 182 28 4037 1
56 11 154 12 1476 1
57 21 154 12 1476 1
58 38 168 18 3836 1
59 27 160 26 3057 1
60 26 148 11 1429 1
61 9 188 13 1804 1
62 17 116 12 1226 1
63 33 116 12 1226 1
64 20 148 12 1243 1
65 8 121 9 1069 1
66 15 121 9 1069 1
67 116 160 11 1269 1
68 11 101 11 591 1
69 21 101 11 591 1
70 31 101 11 591 1
71 8 183 19 4536 1
72 15 183 19 4536 1
73 15 116 23 2165 1
74 7 171 17 2260 1
75 13 171 17 2260 1
76 3 168 8 1466 1
77 16 126 11 878 1
78 5 112 14 1526 1
79 9 112 14 1526 1
80 15 141 16 1904 1
81 29 141 16 1904 1
82 71 144 20 3591 1
83 15 91 6 811 1
84 1 159 20 1970 1
85 9 171 41 5582 1
86 17 171 41 5582 1
87 25 171 41 5582 1
88 33 171 41 5582 1
89 41 171 41 5582 1
90 49 171 41 5582 1
91 57 171 41 5582 1
92 65 171 41 5582 1
93 73 171 41 5582 1
94 81 171 41 5582 1
95 89 171 41 5582 1
96 97 171 41 5582 1
97 105 171 41 5582 1
98 113 171 41 5582 1
99 121 171 41 5582 1
100 24 184 14 2797 1
101 4 141 16 2238 1
102 7 141 16 2238 1
103 7 182 9 1232 1
104 23 131 19 3291 1
105 9 165 17 4115 1
106 17 165 17 4115 1
107 21 131 4 320 1
108 16 113 15 1024 1
109 31 113 15 1024 1
110 25 185 17 3872 1
111 49 185 17 3872 1
112 73 185 17 3872 1
113 2 149 11 1724 1
114 3 149 11 1724 1
115 7 146 13 2497 1
116 13 146 13 2497 1
117 19 146 13 2497 1
118 4 113 6 568 1
119 7 145 12 1047 1
120 13 145 12 1047 1
121 19 145 12 1047 1
122 25 145 12 1047 1
123 16 181 16 1957 1
124 14 113 7 1036 1
125 19 160 20 3005 1
126 8 91 5 522 1
127 15 91 5 522 1
128 22 91 5 522 1
129 29 91 5 522 1
130 16 183 13 3125 1
131 15 91 8 1034 1
132 5 162 19 3197 1
133 9 162 19 3197 1
134 13 162 19 3197 1
135 17 162 19 3197 1
136 21 162 19 3197 1
137 14 188 18 3926 1
138 16 180 28 6820 1
139 11 130 11 1859 1
140 18 188 17 3429 1
141 35 188 17 3429 1
142 52 188 17 3429 1
143 24 144 10 1223 1
144 5 180 7 1669 1
145 5 177 18 2227 1
146 10 134 10 1275 1
147 6 112 6 447 1
148 11 112 6 447 1
149 16 112 6 447 1
150 21 112 6 447 1
151 24 116 13 1954 1
152 3 87 12 947 1
153 5 87 12 947 1
154 21 187 21 3509 1
155 17 116 9 1369 1
156 5 183 14 3665 1
157 9 183 14 3665 1
158 13 183 14 3665 1
159 18 180 11 1592 1
160 22 171 12 2992 1
161 21 180 12 2065 1
162 41 180 12 2065 1
163 15 134 14 1177 1
164 7 147 7 712 1
165 13 147 7 712 1
166 6 159 16 2472 1
167 11 159 16 2472 1
168 16 159 16 2472 1
169 21 159 16 2472 1
170 26 159 16 2472 1
171 23 113 13 2188 1
172 7 135 8 552 1
173 13 135 8 552 1
174 19 135 8 552 1
175 5 145 12 1411 1
176 9 145 12 1411 1
177 17 178 8 1478 1
178 10 126 12 1055 1
179 11 116 14 1110 1
180 10 134 12 1807 1
181 19 134 12 1807 1
182 28 134 12 1807 1
183 37 134 12 1807 1
184 46 134 12 1807 1
185 55 134 12 1807 1
186 12 169 20 2737 1
187 23 169 20 2737 1
188 3 182 19 5131 1
189 4 87 9 848 1
190 7 87 9 848 1
191 2 163 18 3941 1
192 15 170 23 4749 1
193 29 170 23 4749 1
194 8 135 14 1321 1
195 4 158 7 913 1
196 3 133 10 1860 1
197 5 133 10 1860 1
198 7 170 18 3702 1
199 13 170 18 3702 1
200 19 170 18 3702 1
201 16 165 12 2138 1
202 6 176 18 1691 1
203 15 183 18 3422 1
204 27 148 19 3557 1
205 6 145 17 1800 1
206 11 145 17 1800 1
207 16 145 17 1800 1
208 21 145 17 1800 1
209 26 145 17 1800 1
210 31 145 17 1800 1
211 15 154 19 4290 1
212 19 113 12 983 1
213 7 170 18 3121 1
214 7 178 16 2382 1
215 13 178 16 2382 1
216 19 178 16 2382 1
217 16 122 18 2911 1
218 16 177 9 1243 1
219 10 166 18 3574 1
220 17 148 12 1514 1
221 16 126 13 2049 1
222 11 182 1 172 1
223 4 147 15 1976 1
224 7 147 15 1976 1
225 10 147 15 1976 1
226 5 149 15 2546 1
227 9 149 15 2546 1
228 26 191 30 4434 1
229 6 189 9 1743 1
230 54 146 14 1673 1
231 19 162 13 2936 1
232 13 176 18 3966 1
233 5 125 20 3017 1
234 16 145 12 1584 1
235 31 145 12 1584 1
236 46 145 12 1584 1
237 9 168 16 1778 1
238 21 135 10 772 1
239 41 135 10 772 1
240 61 135 10 772 1
241 5 143 14 1809 1
242 9 143 14 1809 1
243 4 101 8 1096 1
244 9 154 12 1739 1
245 17 154 12 1739 1
246 36 135 19 3058 1
247 16 144 13 1497 1
248 60 178 16 3943 1
249 15 145 18 2191 1
250 12 181 21 2071 1
251 19 169 7 1629 1
252 37 169 7 1629 1
253 55 169 7 1629 1
254 11 152 13 2202 1
255 21 152 13 2202 1
256 2 184 17 3444 1
257 3 184 17 3444 1
258 4 184 17 3444 1
259 14 91 6 279 1
260 10 116 10 739 1
261 26 157 21 2073 1
262 30 158 17 4023 1
263 8 148 18 1737 1
264 5 134 16 2495 1
265 9 134 16 2495 1
266 2 170 23 3240 1
267 18 177 20 4582 1
268 5 160 11 1054 1
269 9 160 11 1054 1
270 13 160 11 1054 1
271 17 160 11 1054 1
272 5 126 21 3618 1
273 16 157 17 2937 1
274 19 191 26 4731 1
275 28 173 15 3362 1
276 7 113 9 1009 1
277 13 113 9 1009 1
278 29 169 24 2955 1
279 12 91 10 1247 1
280 14 122 12 1743 1
281 27 122 12 1743 1
282 12 134 14 1049 1
283 23 134 14 1049 1
284 10 134 12 1139 1
285 19 134 12 1139 1
286 28 134 12 1139 1
287 37 134 12 1139 1
288 46 134 12 1139 1
289 55 134 12 1139 1
290 64 134 12 1139 1
291 21 157 9 1985 1
292 6 131 10 1429 1
293 6 116 10 1728 1
294 22 87 12 863 1
295 27 170 14 2176 1
296 10 173 22 5707 1
297 17 116 12 1198 1
298 3 187 10 1629 1
299 5 130 12 1306 1
300 9 130 12 1306 1
301 13 130 12 1306 1
302 6 101 9 744 1
303 10 141 9 1042 1
304 12 170 12 1539 1
305 5 148 21 2289 1
306 14 133 13 1519 1
307 5 188 30 6268 1
308 9 188 30 6268 1
309 13 188 30 6268 1
310 24 155 19 2797 1
311 10 173 15 3798 1
312 15 188 21 2320 1
313 16 176 16 3047 1
314 24 181 10 2112 1
315 76 178 4 801 1
316 16 160 1 214 1
317 31 160 1 214 1
318 15 131 12 1801 1
319 13 152 18 3064 1
320 8 135 13 2547 1
321 15 135 13 2547 1
322 22 135 13 2547 1
323 29 135 13 2547 1
324 10 166 28 6850 1
325 3 191 21 4341 1
326 13 165 15 2634 1
327 20 185 19 2204 1
328 16 91 12 1582 1
329 8 125 8 1346 1
330 15 125 8 1346 1
331 27 158 21 4846 1
332 53 158 21 4846 1
333 15 87 9 1061 1
334 83 121 9 1427 1
335 6 165 16 2306 1
336 11 165 16 2306 1
337 16 165 16 2306 1
338 10 189 17 2927 1
339 6 154 14 2088 1
340 11 154 14 2088 1
341 16 154 14 2088 1
342 21 154 14 2088 1
343 6 134 7 1087 1
344 15 160 15 2596 1
345 10 169 11 2344 1
346 19 169 11 2344 1
347 28 169 11 2344 1
348 37 169 11 2344 1
349 46 169 11 2344 1
350 7 143 12 2441 1
351 16 168 25 6164 1
352 17 157 20 2143 1
353 33 157 20 2143 1
354 49 157 20 2143 1
355 25 185 14 2158 1
356 49 185 14 2158 1
357 73 185 14 2158 1
358 25 188 27 6170 1
359 6 187 16 1821 1
360 108 149 11 1550 1
361 7 160 21 4350 1
362 17 121 12 1264 1
363 33 121 12 1264 1
364 49 121 12 1264 1
365 65 121 12 1264 1
366 11 146 10 743 1
367 111 145 11 1213 1
368 14 170 18 4002 1
369 4 181 9 2392 1
370 7 181 9 2392 1
371 11 189 21 3040 1
372 21 181 17 3278 1
373 16 144 13 1207 1
374 20 125 12 1783 1
375 13 187 8 1823 1
376 28 141 13 1756 1
377 9 152 11 1644 1
378 17 152 11 1644 1
379 25 152 11 1644 1
380 7 157 25 3014 1
381 21 149 27 3662 1
382 10 134 22 3681 1
383 142 187 11 2590 1
384 28 146 24 5133 1
385 4 131 16 1942 1
386 14 148 14 1701 1
387 27 148 14 1701 1
388 16 122 13 1789 1
389 25 182 15 1822 1
390 49 182 15 1822 1
391 18 137 15 2263 1
392 35 137 15 2263 1
393 15 183 24 2847 1
394 11 162 16 2748 1
395 21 162 16 2748 1
396 31 162 16 2748 1
397 12 116 12 1753 1
398 19 140 22 4535 1
399 37 140 22 4535 1
400 26 143 9 1816 1
401 51 143 9 1816 1
402 76 143 9 1816 1
403 8 172 12 1676 1
404 24 121 15 1386 1
405 47 121 15 1386 1
406 70 121 15 1386 1
407 8 87 12 1214 1
408 9 197 30 4689 1
409 16 194 19 4654 1
410 4 195 8 1809 1
411 22 197 19 3060 1
412 9 194 9 1701 1
413 8 197 26 4741 1
414 20 194 14 2201 1
415 8 197 24 6568 1
416 9 196 14 3044 1
417 9 196 31 7074 1
418 17 196 31 7074 1
419 25 196 31 7074 1
420 8 197 1 112 1
421 15 197 1 112 1
422 8 194 25 3889 1
423 15 194 25 3889 1
424 22 194 25 3889 1
425 29 194 25 3889 1
426 17 196 16 4517 1
427 33 196 16 4517 1
428 3 194 20 5499 1
429 7 194 19 1915 1
430 13 193 22 5679 1
431 25 193 22 5679 1
432 3 197 15 3064 1
433 8 196 18 4341 1
434 15 196 18 4341 1
435 16 196 30 5269 1
436 9 196 12 3277 1
437 35 226 20 2826 1
438 42 213 9 1056 1
439 27 220 11 1795 1
440 22 224 9 2165 1
441 29 213 18 5326 1
442 31 208 12 1680 1
443 9 220 14 1918 1
444 15 212 10 2295 1
445 37 221 11 2844 1
446 73 221 11 2844 1
447 9 202 14 1450 1
448 17 202 14 1450 1
449 25 202 14 1450 1
450 9 202 14 3402 1
451 26 208 13 2975 1
452 44 224 14 2745 1
453 87 224 14 2745 1
454 7 220 18 2028 1
455 13 220 18 2028 1
456 15 222 15 4765 1
457 9 217 19 2340 1
458 17 217 19 2340 1
459 5 222 11 3649 1
460 9 217 9 2234 1
461 17 217 9 2234 1
462 25 217 9 2234 1
463 27 222 4 919 1
464 27 198 14 3454 1
465 32 211 10 1540 1
466 63 211 10 1540 1
467 7 221 14 4231 1
468 10 201 5 1323 1
469 26 226 16 4196 1
470 6 200 18 2703 1
471 11 200 18 2703 1
472 2 213 22 3981 1
473 6 212 18 2302 1
474 14 198 20 5034 1
475 55 208 16 1774 1
476 109 208 16 1774 1
477 14 212 19 3892 1
478 8 221 18 3729 1
479 10 202 18 4119 1
480 19 202 18 4119 1
481 10 211 16 3624 1
482 19 211 16 3624 1
483 24 221 17 5191 1
484 47 221 17 5191 1
485 13 213 16 4657 1
486 5 216 28 9070 1
487 9 216 28 9070 1
488 13 216 28 9070 1
489 7 211 14 2542 1
490 9 202 16 4155 1
491 8 210 17 3785 1
492 3 223 16 3535 1
493 29 216 18 3224 1
494 9 200 10 1112 1
495 17 200 10 1112 1
496 28 211 8 1712 1
497 24 226 5 1662 1
498 24 226 18 6098 1
499 8 223 7 1224 1
500 15 223 7 1224 1
501 35 210 14 4322 1
502 8 221 12 1630 1
503 9 208 16 4590 1
504 17 208 16 4590 1
505 33 200 11 2435 1
506 40 211 10 2333 1
507 7 198 12 3552 1
508 27 220 12 3035 1
509 9 222 14 4189 1
510 17 222 14 4189 1
511 6 198 22 5601 1
512 11 198 22 5601 1
513 8 201 13 1965 1
514 15 201 13 1965 1
515 28 211 3 658 1
516 55 211 3 658 1
517 8 216 14 2765 1
518 2 212 4 649 1
519 24 212 16 1761 1
520 27 223 20 3498 1
521 53 223 20 3498 1
522 6 199 14 1700 1
523 7 209 8 2432 1
524 13 209 8 2432 1
525 19 209 8 2432 1
526 25 209 8 2432 1
527 9 198 12 2684 1
528 51 210 20 5174 1
529 101 210 20 5174 1
530 164 221 13 2433 1
531 6 208 15 1852 1
532 11 208 15 1852 1
533 58 208 15 3691 1
534 10 199 21 5997 1
535 19 199 21 5997 1
536 28 199 21 5997 1
537 19 223 14 3102 1
538 37 223 14 3102 1
539 5 223 4 970 1
540 9 223 4 970 1
541 13 223 4 970 1
542 17 223 4 970 1
543 21 223 4 970 1
544 23 223 20 4812 1
545 28 223 16 1983 1
546 10 224 16 4868 1
547 19 224 16 4868 1
548 36 208 13 1852 1
549 9 211 18 4337 1
550 17 211 18 4337 1
551 25 211 18 4337 1
552 20 208 21 6119 1
553 31 202 15 4142 1
554 36 201 9 2556 1
555 23 223 24 7773 1
556 9 201 13 3475 1
557 17 201 13 3475 1
558 25 201 13 3475 1
559 23 223 10 3134 1
560 3 217 5 882 1
561 23 216 7 941 1
562 53 245 12 1538 1
563 105 245 12 1538 1
564 157 245 12 1538 1
565 209 245 12 1538 1
566 5 240 12 3909 1
567 28 250 25 8950 1
568 8 261 15 5510 1
569 8 228 22 3958 1
570 29 239 14 4169 1
571 23 231 13 2347 1
572 22 263 19 3458 1
573 14 229 15 2702 1
574 26 250 11 2305 1
575 6 261 12 3145 1
576 12 242 18 6467 1
577 24 241 12 2860 1
578 30 245 1 129 1
579 5 245 13 2246 1
580 5 245 9 2899 1
581 9 245 9 2899 1
582 6 227 15 3594 1
583 78 262 26 5704 1
584 24 262 11 3300 1
585 33 235 9 2563 1
586 24 235 12 2992 1
587 5 250 21 3461 1
588 4 250 13 2948 1
589 5 229 21 3050 1
590 6 229 7 1169 1
591 26 228 21 5134 1
592 51 263 9 1661 1
593 30 240 2 384 1
594 18 232 20 3396 1
595 35 232 20 3396 1
596 6 228 19 6301 1
597 19 239 11 2223 1
598 37 247 15 3820 1
599 70 250 10 2409 1
600 7 255 13 2138 1
601 4 250 15 3269 1
602 6 260 19 3311 1
603 11 260 19 3311 1
604 71 255 17 3670 1
605 68 237 18 5939 1
606 85 260 22 7858 1
607 11 245 20 6593 1
608 23 232 17 4188 1
609 127 252 16 5564 1
610 4 263 17 3871 1
611 8 247 14 2396 1
612 20 263 6 1873 1
613 39 263 6 1873 1
614 58 263 6 1873 1
615 77 263 6 1873 1
616 61 262 19 6232 1
617 121 262 19 6232 1
618 26 228 18 4967 1
619 24 241 15 2745 1
620 4 241 11 1496 1
621 2 227 19 3318 1
622 37 227 5 1450 1
623 24 261 21 3767 1
624 5 240 20 3497 1
625 9 240 20 3497 1
626 20 239 20 5223 1
627 39 239 20 5223 1
628 25 242 20 4094 1
629 49 242 20 4094 1
630 6 255 17 5627 1
631 4 231 9 1734 1
632 14 229 13 3595 1
633 21 245 17 4264 1
634 24 252 11 2416 1
635 16 239 8 2297 1
636 6 242 21 5993 1
637 14 236 3 585 1
638 27 236 3 585 1
639 64 240 11 2024 1
640 127 240 11 2024 1
641 6 262 8 1274 1
642 2 263 10 1320 1
643 22 261 10 2374 1
644 22 247 18 5246 1
645 5 256 16 4492 1
646 9 256 16 4492 1
647 22 235 13 3395 1
648 43 235 13 3395 1
649 2 262 10 2861 1
650 5 236 18 2197 1
651 23 261 8 2007 1
652 51 247 16 3365 1
653 67 228 15 4053 1
654 133 228 15 4053 1
655 5 241 23 7669 1
656 29 242 16 5766 1
657 45 245 11 3968 1
658 27 247 19 3906 1
659 24 262 17 2361 1
660 21 259 19 3117 1
661 52 260 20 4385 1
662 36 227 24 7234 1
663 7 252 5 767 1
664 13 252 5 767 1
665 19 252 5 767 1
666 25 252 5 767 1
667 8 263 16 6166 1
668 5 237 25 4285 1
669 9 237 25 4285 1
670 53 245 4 1468 1
671 105 245 4 1468 1
672 18 263 14 2624 1
673 38 260 20 3111 1
674 22 259 20 7548 1
675 43 259 20 7548 1
676 37 250 14 4625 1
677 10 228 20 2732 1
678 6 228 22 6198 1
679 5 239 7 1427 1
680 18 245 3 429 1
681 23 241 14 2615 1
682 21 250 22 7577 1
683 25 232 29 7725 1
684 14 302 21 9319 1
685 25 293 18 5862 1
686 26 277 21 4177 1
687 64 278 15 2233 1
688 69 265 14 5234 1
689 9 279 17 3318 1
690 17 279 17 3318 1
691 31 264 18 3525 1
692 24 265 20 5935 1
693 82 276 20 3029 1
694 163 276 20 3029 1
695 23 276 10 4012 1
696 45 276 10 4012 1
697 4 266 11 2170 1
698 2 295 23 4842 1
699 50 267 10 3301 1
700 58 270 12 1627 1
701 40 269 20 6002 1
702 20 269 17 2971 1
703 23 267 7 1626 1
704 38 293 12 3013 1
705 22 292 19 5631 1
706 90 272 13 2008 1
707 23 295 12 3380 1
708 90 285 15 4376 1
709 26 264 24 5424 1
710 4 279 9 3004 1
711 20 275 17 3772 1
712 29 294 11 3279 1
713 57 294 11 3279 1
714 85 294 11 3279 1
715 23 266 23 3689 1
716 52 290 20 3016 1
717 43 268 17 3756 1
718 18 295 5 1984 1
719 48 275 13 5169 1
720 52 265 17 3002 1
721 48 266 18 4481 1
722 18 265 18 5500 1
723 35 265 18 5500 1
724 52 265 18 5500 1
725 69 265 18 5500 1
726 86 265 18 5500 1
727 103 265 18 5500 1
728 8 292 15 2481 1
729 20 265 15 3628 1
730 45 270 20 7899 1
731 43 268 9 3278 1
732 19 299 27 5061 1
733 26 302 22 8292 1
734 18 283 22 8257 1
735 35 283 22 8257 1
736 52 283 22 8257 1
737 20 271 31 9917 1
738 13 301 15 5890 1
739 25 301 15 5890 1
740 37 301 15 5890 1
741 23 281 15 4759 1
742 109 285 27 7419 1
743 13 301 37 15490 1
744 25 301 37 15490 1
745 37 301 37 15490 1
746 36 285 9 2242 1
747 71 285 9 2242 1
748 16 293 19 2818 1
749 22 293 11 2173 1
750 22 269 16 2779 1
751 18 295 8 1211 1
752 33 277 19 5820 1
753 37 301 17 5052 1
754 23 268 14 4417 1
755 45 268 14 4417 1
756 1 285 16 2986 1
757 20 276 15 3803 1
758 39 276 15 3803 1
759 71 295 20 5400 1
760 2 269 11 1671 1
761 25 272 26 4071 1
762 21 281 8 2707 1
763 16 290 25 8202 1
764 24 280 17 4882 1
765 24 294 19 3187 1
766 47 294 19 3187 1
767 70 294 19 3187 1
768 93 294 19 3187 1
769 15 266 10 2134 1
770 29 266 10 2134 1
771 33 290 17 3875 1
772 2 266 22 6865 1
773 15 280 12 2564 1
774 29 280 12 2564 1
775 63 276 16 4307 1
776 13 271 9 3302 1
777 25 271 9 3302 1
778 15 294 14 3438 1
779 72 281 26 4713 1
780 24 292 22 7802 1
781 20 275 7 2410 1
782 39 275 7 2410 1
783 19 278 19 7471 1
784 37 278 19 7471 1
785 18 278 10 2553 1
786 35 278 10 2553 1
787 35 275 14 4254 1
788 69 275 14 4254 1
789 26 302 14 2256 1
790 51 302 14 2256 1
791 32 270 13 3509 1
792 31 281 23 4187 1
793 61 281 23 4187 1
794 91 281 23 4187 1
795 61 266 17 3220 1
796 121 266 17 3220 1
797 38 301 18 6987 1
798 69 301 20 7708 1
799 15 295 19 6949 1
800 19 275 18 5739 1
801 21 294 7 1862 1
802 61 285 16 3536 1
803 56 294 16 4380 1
804 6 290 15 4789 1
805 11 290 15 4789 1
806 22 302 12 4809 1
807 4 292 18 6506 1
808 44 271 22 3904 1
809 1 265 19 4249 1
810 59 279 20 8093 1
811 20 300 23 9912 1
812 36 302 19 5237 1
813 32 264 12 3251 1
814 63 264 12 3251 1
815 19 276 10 3402 1
816 37 276 10 3402 1
817 55 276 10 3402 1
818 24 285 19 3261 1
819 23 302 36 6868 1
820 31 281 16 3271 1
821 61 281 16 3271 1
822 25 293 17 5805 1
823 9 265 14 2619 1
824 26 301 16 6022 1
825 51 301 16 6022 1
826 18 300 27 5548 1
827 35 300 27 5548 1
828 52 300 27 5548 1
829 41 272 14 3555 1
830 81 272 14 3555 1
831 18 294 16 6807 1
832 4 270 12 2311 1
833 33 276 15 4948 1
834 65 276 15 4948 1
835 97 276 15 4948 1
836 22 299 14 4419 1
837 22 279 33 6689 1
838 36 290 20 6418 1
839 64 267 18 6975 1
840 16 281 15 5079 1
841 8 280 10 1767 1
842 13 296 9 3293 1
843 25 296 9 3293 1
844 24 280 14 3502 1
845 47 280 14 3502 1
846 5 292 21 7613 1
847 55 293 16 2916 1
848 56 270 23 3170 1
849 21 293 16 5055 1
850 24 271 19 2768 1
851 81 264 10 2419 1
852 161 264 10 2419 1
853 3 267 19 6916 1
854 19 290 25 5993 1
855 2 266 19 2718 1
856 1 276 14 4333 1
857 65 300 21 8704 1
858 28 272 17 4081 1
859 16 285 24 5997 1
860 12 272 17 3440 1
861 27 283 16 4189 1
862 32 268 13 5090 1
863 19 305 21 9605 1
864 76 302 23 6180 1
865 2 302 9 1589 1
866 21 331 11 3160 1
867 41 331 11 3160 1
868 35 333 21 4728 1
869 69 333 21 4728 1
870 67 319 32 12165 1
871 17 323 24 6223 1
872 33 323 24 6223 1
873 49 323 24 6223 1
874 65 323 24 6223 1
875 55 321 11 4942 1
876 65 335 17 5657 1
877 129 335 17 5657 1
878 25 339 23 5306 1
879 56 338 19 3520 1
880 64 340 8 2530 1
881 68 335 27 6144 1
882 135 335 27 6144 1
883 202 335 27 6144 1
884 58 302 11 4523 1
885 22 304 10 1820 1
886 53 340 9 2201 1
887 15 325 20 8100 1
888 34 304 14 3492 1
889 67 304 14 3492 1
890 55 321 12 3497 1
891 50 335 23 8777 1
892 99 335 23 8777 1
893 53 319 25 5534 1
894 67 334 21 5111 1
895 21 302 13 3677 1
896 21 323 16 7030 1
897 41 323 16 7030 1
898 21 316 32 10400 1
899 2 318 35 16229 1
900 40 331 12 3752 1
901 27 321 18 3697 1
902 53 321 18 3697 1
903 65 325 20 4620 1
904 26 340 16 7029 1
905 50 336 12 4461 1
906 99 336 12 4461 1
907 51 325 8 3270 1
908 101 325 8 3270 1
909 17 323 20 7528 1
910 44 334 33 10657 1
911 93 338 10 3078 1
912 30 331 34 9785 1
913 24 318 34 8635 1
914 22 335 9 4405 1
915 26 333 12 3931 1
916 13 337 19 7664 1
917 1 339 8 2527 1
918 57 333 17 5969 1
919 49 304 27 8875 1
920 27 337 19 6511 1
921 29 329 29 13035 1
922 27 329 11 2071 1
923 57 331 22 8171 1
924 113 331 22 8171 1
925 23 334 14 3324 1
926 20 335 19 7471 1
927 165 319 13 2442 1
928 67 336 12 4573 1
929 26 331 33 5867 1
930 25 302 14 3991 1
931 32 318 16 5934 1
932 63 318 16 5934 1
933 66 335 17 4506 1
934 65 323 26 9159 1
935 28 336 29 9191 1
936 3 305 12 2775 1
937 20 335 21 5731 1
938 25 325 19 4293 1
939 51 332 19 5744 1
940 21 319 15 4255 1
941 27 316 11 4604 1
942 65 340 13 6590 1
943 27 329 13 6043 1
944 67 339 14 5518 1
945 39 338 24 9106 1
946 235 335 16 4891 1
947 154 335 22 7359 1
948 18 319 13 4560 1
949 13 321 19 4134 1
950 119 306 12 3077 1
951 23 335 18 7686 1
952 22 340 16 4644 1
953 74 337 20 7600 1
954 47 347 16 7193 1
955 45 364 30 14057 1
956 22 399 25 9568 1
957 47 399 33 18111 1
958 62 348 17 4995 1
959 96 399 21 11362 1
960 25 348 42 18615 1
961 17 353 14 2582 1
962 64 364 21 9978 1
963 66 348 18 9386 1
964 131 348 18 9386 1
965 61 367 18 3323 1
966 50 364 25 11558 1
967 104 349 22 3899 1
968 81 366 23 6103 1
969 89 348 16 3007 1
970 79 367 27 14451 1
971 50 350 11 2324 1
972 26 350 3 1438 1
973 78 353 23 7245 1
974 27 351 17 6772 1
975 19 351 15 2744 1
976 51 400 24 8490 1
977 18 369 13 6567 1
978 129 400 22 7571 1
979 18 351 21 10460 1
980 28 353 21 10776 1
981 25 367 34 17537 1
982 88 348 29 11886 1
983 28 400 35 15667 1
984 55 400 35 15667 1
985 222 367 21 7154 1
986 59 366 29 10667 1
987 30 350 27 8591 1
988 24 396 27 11697 1
989 18 348 27 10654 1
990 55 396 21 8634 1
991 34 368 21 7792 1
992 109 396 19 9624 1
993 54 349 30 6947 1
994 114 369 30 5753 1
995 112 350 23 10959 1
996 50 366 37 7902 1
997 69 353 20 10134 1
998 53 369 16 5159 1
999 114 364 25 13234 1
1000 51 369 22 4174 1
1001 50 398 33 16757 1
1002 66 399 18 9382 1
1003 30 348 28 8008 1
1004 27 348 12 4074 1
1005 53 348 12 4074 1
1006 49 398 12 3968 1
1007 30 400 28 5761 1
1008 62 399 25 9833 1
1009 69 399 15 7617 1
1010 23 366 23 5114 1
1011 51 349 20 6579 1
1012 59 368 28 6194 1
1013 19 366 20 5199 1
1014 56 353 24 8740 1
1015 51 349 7 2715 1
1016 51 398 25 9578 1
1017 101 398 25 9578 1
1018 84 353 14 3422 1
1019 55 396 22 5570 1
1020 85 396 34 13418 1
1021 71 364 18 7317 1
1022 141 364 18 7317 1
1023 23 348 24 5743 1
1024 51 364 20 9626 1
1025 22 347 25 4558 1
1026 59 347 7 2537 1
1027 117 347 7 2537 1
1028 51 366 24 4708 1
1029 51 399 22 6841 1
1030 18 366 21 8170 1
1031 53 366 10 1960 1
1032 27 364 29 5701 1
1033 79 400 25 14160 1
1034 78 364 21 7813 1
1035 81 351 24 5701 1
1036 55 396 26 7390 1
1037 24 366 17 6072 1
40
235 400 530 450 480 440 440 544 580 580 580 540 600 610 575 660 450 450 375 450 450 600 600 600 400 426 500 500 500 500 500 500 600 600 600 400 400 600 425 425 