1037
1 76 155 14 2446 1
2 9 158 24 2811 1
3 9 134 14 2785 1
4 17 134 14 2785 1
5 5 144 15 1562 1
6 9 144 15 1562 1
7 13 144 15 1562 1
8 11 165 19 1843 1
9 21 165 19 1843 1
10 6 120 15 2307 1
11 11 120 15 2307 1
12 14 154 5 1124 1
13 10 173 16 3832 1
14 5 177 13 1612 1
15 9 177 13 1612 1
16 6 183 14 1830 1
17 17 145 24 2368 1
18 33 145 24 2368 1
19 20 120 9 1091 1
20 39 120 9 1091 1
21 18 163 19 4124 1
22 35 163 19 4124 1
23 9 131 10 1512 1
24 17 131 10 1512 1
25 25 131 10 1512 1
26 6 168 9 1453 1
27 11 168 9 1453 1
28 16 168 9 1453 1
29 21 168 9 1453 1
30 26 168 9 1453 1
31 31 168 9 1453 1
32 36 168 9 1453 1
33 15 189 10 1025 1
34 4 155 15 2560 1
35 7 155 15 2560 1
36 21 141 15 2184 1
37 5 183 3 788 1
38 9 183 3 788 1
39 21 163 18 3702 1
40 3 157 11 1151 1
41 5 157 11 1151 1
42 7 157 11 1151 1
43 6 126 19 2252 1
44 2 160 14 2962 1
45 19 145 16 3187 1
46 11 163 33 7696 1
47 11 150 11 1155 1
48 16 133 16 1105 1
49 11 116 26 2889 1
50 21 116 26 2889 1
51 31 116 26 2889 1
52 41 116 26 2889 1
53 11 181 17 1909 1
54 8 141 10 1706 1
55 15 165 21 3126 1
56 20 189 15 1496 1
57 16 162 15 1677 1
58 8 163 21 3121 1
59 15 163 21 3121 1
60 22 163 21 3121 1
61 147 173 14 1633 1
62 293 173 14 1633 1
63 5 144 11 1059 1
64 1 148 15 1285 1
65 1 148 15 1285 1
66 1 148 15 1285 1
67 10 141 16 2977 1
68 19 141 16 2977 1
69 15 116 11 695 1
70 29 116 11 695 1
71 43 116 11 695 1
72 3 149 15 3290 1
73 5 149 15 3290 1
74 7 149 15 3290 1
75 15 166 9 1901 1
76 14 152 17 3581 1
77 4 182 10 1028 1
78 6 133 16 1172 1
79 3 130 11 771 1
80 8 188 26 5736 1
81 19 158 7 1452 1
82 8 148 13 2867 1
83 20 152 2 321 1
84 7 160 17 3902 1
85 14 145 22 3680 1
86 9 187 39 7196 1
87 15 158 14 2210 1
88 5 180 23 5572 1
89 9 180 23 5572 1
90 13 180 23 5572 1
91 17 180 23 5572 1
92 21 180 23 5572 1
93 15 101 10 1054 1
94 4 87 15 883 1
95 10 167 16 2133 1
96 19 167 16 2133 1
97 6 149 14 2576 1
98 11 149 14 2576 1
99 5 145 12 2182 1
100 7 149 2 242 1
101 13 149 2 242 1
102 19 149 2 242 1
103 23 116 16 2449 1
104 9 191 14 2072 1
105 17 191 14 2072 1
106 25 191 14 2072 1
107 11 158 17 1901 1
108 119 182 13 2828 1
109 24 181 15 2779 1
110 7 157 26 5896 1
111 15 187 26 2534 1
112 16 91 6 776 1
113 31 91 6 776 1
114 34 120 9 1086 1
115 67 120 9 1086 1
116 15 120 11 760 1
117 40 145 13 1561 1
118 17 122 5 374 1
119 16 121 16 1651 1
120 10 181 15 4067 1
121 19 181 15 4067 1
122 8 183 23 5216 1
123 15 183 23 5216 1
124 19 116 7 1004 1
125 37 116 7 1004 1
126 8 112 13 1848 1
127 7 130 3 214 1
128 13 130 3 214 1
129 16 183 19 3486 1
130 17 152 10 1107 1
131 33 152 10 1107 1
132 13 143 13 2079 1
133 25 143 13 2079 1
134 11 171 15 2268 1
135 21 171 15 2268 1
136 14 113 7 680 1
137 16 154 13 2926 1
138 10 182 11 2658 1
139 11 163 10 2093 1
140 16 162 22 2133 1
141 6 168 13 1118 1
142 5 155 22 2712 1
143 9 155 22 2712 1
144 13 155 22 2712 1
145 22 145 25 3153 1
146 13 177 25 2983 1
147 6 175 5 1146 1
148 11 175 5 1146 1
149 31 125 19 1684 1
150 5 126 5 865 1
151 9 126 5 865 1
152 8 191 17 3138 1
153 11 160 11 1295 1
154 21 160 11 1295 1
155 31 160 11 1295 1
156 27 191 26 2901 1
157 8 165 11 2258 1
158 15 165 11 2258 1
159 22 165 11 2258 1
160 29 165 11 2258 1
161 36 165 11 2258 1
162 43 165 11 2258 1
163 50 165 11 2258 1
164 25 165 27 4068 1
165 3 146 14 1228 1
166 5 146 14 1228 1
167 7 146 14 1228 1
168 27 181 25 2652 1
169 16 126 15 2014 1
170 31 126 15 2014 1
171 16 116 10 624 1
172 6 135 16 2317 1
173 9 122 10 1578 1
174 7 158 12 1448 1
175 15 188 13 3242 1
176 26 184 28 3951 1
177 51 184 28 3951 1
178 19 185 17 1601 1
179 37 185 17 1601 1
180 6 137 19 1752 1
181 1 159 20 3897 1
182 1 159 20 3897 1
183 1 159 20 3897 1
184 8 171 15 2365 1
185 26 146 10 1073 1
186 51 146 10 1073 1
187 15 87 12 1084 1
188 6 180 14 1467 1
189 63 116 14 1844 1
190 26 135 18 3240 1
191 51 135 18 3240 1
192 76 135 18 3240 1
193 101 135 18 3240 1
194 1 167 21 3503 1
195 1 167 21 3503 1
196 3 171 11 2322 1
197 5 171 11 2322 1
198 7 171 11 2322 1
199 9 171 11 2322 1
200 3 120 14 1905 1
201 123 91 7 817 1
202 15 185 18 2209 1
203 7 188 9 2491 1
204 17 159 14 2238 1
205 9 121 11 1961 1
206 17 121 11 1961 1
207 24 168 21 2580 1
208 47 168 21 2580 1
209 17 130 11 961 1
210 16 133 12 1472 1
211 31 133 12 1472 1
212 3 154 16 1627 1
213 5 154 16 1627 1
214 7 154 16 1627 1
215 9 154 16 1627 1
216 6 147 14 2371 1
217 21 135 10 1492 1
218 3 113 14 1907 1
219 5 113 14 1907 1
220 4 137 9 918 1
221 3 185 6 1166 1
222 17 150 13 1200 1
223 14 183 22 2950 1
224 4 155 14 1306 1
225 6 182 13 2471 1
226 11 182 13 2471 1
227 4 181 9 1435 1
228 7 181 9 1435 1
229 10 181 9 1435 1
230 13 181 9 1435 1
231 34 185 13 2899 1
232 3 160 20 3792 1
233 12 148 26 4336 1
234 77 122 12 1959 1
235 15 191 17 2677 1
236 10 145 19 1557 1
237 19 145 19 1557 1
238 22 152 12 2067 1
239 9 191 22 4755 1
240 17 91 5 434 1
241 27 145 14 1978 1
242 12 163 19 2215 1
243 23 163 19 2215 1
244 90 171 19 4550 1
245 179 171 19 4550 1
246 13 122 5 667 1
247 25 122 5 667 1
248 8 146 24 2620 1
249 8 172 22 4984 1
250 11 148 19 3977 1
251 21 148 19 3977 1
252 31 148 19 3977 1
253 41 148 19 3977 1
254 51 148 19 3977 1
255 2 150 16 3182 1
256 3 150 16 3182 1
257 4 150 16 3182 1
258 7 162 15 2233 1
259 5 191 29 5330 1
260 9 191 29 5330 1
261 16 113 17 2544 1
262 31 113 17 2544 1
263 46 113 17 2544 1
264 8 171 15 2541 1
265 25 143 13 1307 1
266 49 143 13 1307 1
267 4 166 17 3134 1
268 7 166 17 3134 1
269 10 166 17 3134 1
270 8 168 13 1672 1
271 8 87 17 990 1
272 15 87 17 990 1
273 22 87 17 990 1
274 29 87 17 990 1
275 8 126 12 1880 1
276 15 126 12 1880 1
277 4 169 3 354 1
278 7 169 3 354 1
279 4 148 12 2575 1
280 12 137 18 1319 1
281 5 91 7 748 1
282 17 176 17 4026 1
283 19 125 5 632 1
284 37 125 5 632 1
285 55 125 5 632 1
286 73 125 5 632 1
287 21 116 9 960 1
288 9 188 24 3664 1
289 7 144 3 445 1
290 1 133 9 1729 1
291 1 133 9 1729 1
292 19 137 14 2597 1
293 8 191 20 5011 1
294 17 112 3 186 1
295 11 122 13 1042 1
296 21 122 13 1042 1
297 31 122 13 1042 1
298 41 122 13 1042 1
299 6 146 20 1501 1
300 15 140 4 384 1
301 5 116 11 1418 1
302 9 116 11 1418 1
303 13 116 11 1418 1
304 17 116 11 1418 1
305 16 134 8 881 1
306 3 154 22 2129 1
307 16 146 7 704 1
308 6 163 12 1198 1
309 11 163 12 1198 1
310 20 144 12 2576 1
311 3 159 17 1746 1
312 5 170 17 2739 1
313 9 170 17 2739 1
314 13 170 17 2739 1
315 17 170 17 2739 1
316 21 170 17 2739 1
317 25 170 17 2739 1
318 4 184 7 1028 1
319 7 184 7 1028 1
320 7 125 10 846 1
321 13 125 10 846 1
322 19 125 10 846 1
323 24 143 21 3221 1
324 4 113 4 312 1
325 7 113 4 312 1
326 10 113 4 312 1
327 13 113 4 312 1
328 6 166 24 5000 1
329 9 150 18 3637 1
330 17 150 18 3637 1
331 25 150 18 3637 1
332 6 177 13 1635 1
333 9 177 10 2017 1
334 17 177 10 2017 1
335 25 177 10 2017 1
336 17 181 25 5818 1
337 9 159 15 1347 1
338 17 159 15 1347 1
339 25 159 15 1347 1
340 33 159 15 1347 1
341 41 159 15 1347 1
342 49 159 15 1347 1
343 7 147 19 1495 1
344 13 147 19 1495 1
345 19 147 19 1495 1
346 57 184 11 1625 1
347 16 182 27 6986 1
348 5 187 11 3072 1
349 9 187 11 3072 1
350 21 154 10 1705 1
351 26 87 8 563 1
352 16 167 36 6241 1
353 4 135 14 2658 1
354 7 135 14 2658 1
355 10 135 14 2658 1
356 4 131 12 938 1
357 7 131 12 938 1
358 10 131 12 938 1
359 10 157 25 2731 1
360 8 188 20 2177 1
361 5 122 15 2670 1
362 9 122 15 2670 1
363 13 122 15 2670 1
364 8 182 23 4507 1
365 7 167 11 1508 1
366 13 167 11 1508 1
367 22 160 13 2493 1
368 21 170 18 3262 1
369 41 170 18 3262 1
370 21 191 25 3368 1
371 41 191 25 3368 1
372 17 189 25 2980 1
373 23 183 18 3030 1
374 26 131 11 1205 1
375 16 131 7 1069 1
376 3 160 23 5223 1
377 5 160 23 5223 1
378 12 173 6 983 1
379 6 113 15 2183 1
380 11 113 15 2183 1
381 16 113 15 2183 1
382 21 113 15 2183 1
383 7 184 24 4509 1
384 13 184 24 4509 1
385 18 170 22 2228 1
386 35 170 22 2228 1
387 6 144 12 1612 1
388 3 155 21 2641 1
389 5 183 15 3096 1
390 9 183 15 3096 1
391 13 183 15 3096 1
392 8 113 14 996 1
393 11 167 12 1798 1
394 21 167 12 1798 1
395 8 157 6 901 1
396 7 173 16 2950 1
397 13 173 16 2950 1
398 19 173 16 2950 1
399 25 173 16 2950 1
400 31 173 16 2950 1
401 37 173 16 2950 1
402 19 146 11 2169 1
403 7 176 8 1684 1
404 13 176 8 1684 1
405 19 176 8 1684 1
406 25 176 8 1684 1
407 10 143 11 2107 1
408 9 195 15 3746 1
409 9 195 20 1994 1
410 7 195 14 4083 1
411 13 195 14 4083 1
412 15 194 6 1304 1
413 29 194 6 1304 1
414 43 194 6 1304 1
415 15 196 12 3290 1
416 9 196 15 4043 1
417 9 196 18 5131 1
418 9 193 18 3005 1
419 9 193 18 5075 1
420 17 193 18 5075 1
421 25 193 18 5075 1
422 33 193 18 5075 1
423 41 193 18 5075 1
424 38 195 8 2232 1
425 9 196 19 4607 1
426 17 196 19 4607 1
427 25 196 19 4607 1
428 12 193 19 3244 1
429 12 193 24 3995 1
430 9 196 18 4974 1
431 6 193 19 2573 1
432 63 193 16 3323 1
433 8 197 8 1672 1
434 15 197 8 1672 1
435 9 196 14 2850 1
436 17 196 14 2850 1
437 30 220 22 6242 1
438 59 198 17 3031 1
439 105 202 8 1979 1
440 7 226 12 3242 1
441 8 210 13 3925 1
442 15 210 13 3925 1
443 31 201 17 2702 1
444 35 210 16 2387 1
445 69 210 16 2387 1
446 32 213 18 5622 1
447 63 213 18 5622 1
448 15 200 10 1058 1
449 27 198 14 3798 1
450 53 198 14 3798 1
451 6 217 16 4815 1
452 6 202 17 4285 1
453 11 202 17 4285 1
454 8 200 24 6150 1
455 15 200 24 6150 1
456 22 200 24 6150 1
457 29 200 24 6150 1
458 7 217 17 3975 1
459 7 222 16 3349 1
460 13 222 16 3349 1
461 11 210 13 3521 1
462 11 220 18 5317 1
463 15 221 15 3761 1
464 28 200 9 2389 1
465 9 199 13 2653 1
466 12 199 15 2205 1
467 24 220 21 6526 1
468 47 220 21 6526 1
469 70 220 21 6526 1
470 37 213 14 4365 1
471 10 224 16 2389 1
472 34 199 16 4606 1
473 29 201 15 3575 1
474 7 222 14 4413 1
475 21 213 13 3440 1
476 41 213 13 3440 1
477 40 210 14 3111 1
478 24 202 10 1864 1
479 47 202 10 1864 1
480 70 202 10 1864 1
481 37 222 20 3861 1
482 24 221 13 1495 1
483 9 226 12 2052 1
484 30 220 14 2106 1
485 59 220 14 2106 1
486 88 220 14 2106 1
487 32 223 11 3330 1
488 28 209 13 1603 1
489 55 209 13 1603 1
490 82 209 13 1603 1
491 35 208 10 1553 1
492 62 223 15 4840 1
493 15 221 19 2447 1
494 23 209 12 2543 1
495 24 217 18 3662 1
496 25 220 23 5583 1
497 3 211 21 5657 1
498 11 217 13 2752 1
499 9 213 13 2850 1
500 17 213 13 2850 1
501 25 213 13 2850 1
502 23 213 14 4374 1
503 12 226 10 3225 1
504 3 220 5 1180 1
505 8 220 10 2219 1
506 9 200 10 2392 1
507 8 198 9 2300 1
508 15 198 9 2300 1
509 27 210 13 2793 1
510 2 216 20 5635 1
511 13 222 8 1144 1
512 26 224 13 3818 1
513 42 224 21 3571 1
514 25 224 2 336 1
515 49 224 2 336 1
516 14 220 22 4030 1
517 39 199 17 1833 1
518 28 226 11 2011 1
519 40 226 20 6194 1
520 32 217 10 2493 1
521 31 212 17 3847 1
522 15 211 16 1913 1
523 7 223 16 4464 1
524 9 223 14 3204 1
525 17 223 14 3204 1
526 8 220 11 1823 1
527 32 198 17 3500 1
528 2 198 11 1566 1
529 11 222 12 3771 1
530 26 220 13 3676 1
531 2 224 22 2549 1
532 2 200 19 2783 1
533 20 222 19 3532 1
534 13 217 20 5729 1
535 32 209 10 3093 1
536 59 224 21 5382 1
537 47 226 29 5094 1
538 28 198 18 2214 1
539 7 221 9 2683 1
540 13 221 9 2683 1
541 19 221 9 2683 1
542 54 222 36 11273 1
543 107 222 36 11273 1
544 14 222 3 336 1
545 27 221 26 8107 1
546 41 226 14 3506 1
547 14 220 10 2070 1
548 44 212 9 1699 1
549 8 210 14 3412 1
550 15 210 14 3412 1
551 27 212 18 5659 1
552 46 199 13 2879 1
553 24 202 2 504 1
554 9 211 18 5408 1
555 17 211 18 5408 1
556 15 226 6 994 1
557 29 226 6 994 1
558 14 201 13 1770 1
559 9 216 13 2154 1
560 6 201 21 6043 1
561 11 201 21 6043 1
562 8 242 12 3305 1
563 14 227 9 2103 1
564 6 232 6 999 1
565 11 232 6 999 1
566 16 232 6 999 1
567 21 240 13 3241 1
568 30 236 10 1610 1
569 59 236 10 1610 1
570 88 236 10 1610 1
571 117 236 10 1610 1
572 4 231 13 3889 1
573 32 245 24 6421 1
574 6 262 13 3686 1
575 32 245 7 2052 1
576 30 239 19 2373 1
577 23 235 26 5506 1
578 45 235 26 5506 1
579 29 247 12 1809 1
580 3 228 16 2877 1
581 5 228 16 2877 1
582 7 228 16 2877 1
583 6 232 15 3908 1
584 29 245 12 1532 1
585 68 235 10 3054 1
586 3 255 23 6444 1
587 5 255 23 6444 1
588 7 255 23 6444 1
589 21 240 12 3552 1
590 3 239 17 5913 1
591 65 228 10 3150 1
592 27 263 22 5196 1
593 1 241 17 5231 1
594 4 229 16 2645 1
595 6 262 12 1650 1
596 47 256 22 5732 1
597 5 232 10 1652 1
598 20 256 15 3468 1
599 42 228 8 2388 1
600 83 228 8 2388 1
601 92 247 14 3710 1
602 22 256 16 3024 1
603 43 256 16 3024 1
604 28 237 24 6179 1
605 10 262 20 3139 1
606 22 239 14 4241 1
607 1 245 13 4647 1
608 1 245 13 4647 1
609 5 236 14 4920 1
610 12 231 16 5492 1
611 23 231 16 5492 1
612 34 231 16 5492 1
613 6 237 12 3786 1
614 11 237 12 3786 1
615 53 263 13 2112 1
616 105 263 13 2112 1
617 157 263 13 2112 1
618 6 228 13 2989 1
619 3 232 5 978 1
620 5 232 5 978 1
621 49 229 22 3875 1
622 97 229 22 3875 1
623 55 228 17 4495 1
624 4 236 17 5276 1
625 7 236 17 5276 1
626 10 236 17 5276 1
627 3 263 19 5852 1
628 5 263 19 5852 1
629 29 247 11 1500 1
630 57 247 11 1500 1
631 7 261 10 3537 1
632 7 247 14 4854 1
633 13 247 14 4854 1
634 16 245 12 1508 1
635 31 245 12 1508 1
636 21 259 13 2684 1
637 41 259 13 2684 1
638 61 259 13 2684 1
639 81 259 13 2684 1
640 26 231 14 4398 1
641 51 231 14 4398 1
642 5 227 10 2817 1
643 26 242 19 6549 1
644 44 255 8 1980 1
645 5 235 12 3559 1
646 9 235 12 3559 1
647 17 240 12 4267 1
648 29 247 8 2182 1
649 35 255 14 1832 1
650 69 255 14 1832 1
651 103 255 14 1832 1
652 20 255 16 4786 1
653 39 255 16 4786 1
654 70 239 22 5087 1
655 29 239 13 2849 1
656 5 227 2 293 1
657 29 247 18 4876 1
658 25 261 17 4922 1
659 49 261 17 4922 1
660 24 227 8 1286 1
661 15 235 23 6905 1
662 29 235 23 6905 1
663 3 236 27 4549 1
664 28 262 28 4925 1
665 5 239 14 4944 1
666 27 229 8 1252 1
667 31 242 17 3121 1
668 49 247 15 5058 1
669 2 228 9 2666 1
670 16 236 16 2784 1
671 19 263 16 2208 1
672 37 263 16 2208 1
673 55 263 16 2208 1
674 16 228 11 2410 1
675 7 239 10 2708 1
676 56 237 10 1932 1
677 27 231 26 5074 1
678 53 231 26 5074 1
679 36 229 15 3719 1
680 10 252 20 5873 1
681 21 240 12 3276 1
682 41 240 12 3276 1
683 17 260 15 3661 1
684 25 280 11 2702 1
685 39 294 19 4004 1
686 23 279 20 4995 1
687 6 271 2 381 1
688 27 299 19 3354 1
689 25 292 13 2338 1
690 49 292 13 2338 1
691 25 299 20 3271 1
692 49 299 20 3271 1
693 25 278 19 6211 1
694 23 299 14 5235 1
695 24 294 10 2786 1
696 23 279 23 8904 1
697 15 296 15 3510 1
698 38 278 15 5475 1
699 91 268 21 6312 1
700 11 296 15 5894 1
701 21 296 15 5894 1
702 41 299 18 6107 1
703 7 276 20 4373 1
704 13 276 20 4373 1
705 19 276 20 4373 1
706 54 264 19 3399 1
707 35 275 21 8039 1
708 25 292 15 2203 1
709 49 292 15 2203 1
710 3 296 13 2153 1
711 46 299 20 3298 1
712 5 269 18 2776 1
713 69 293 8 1362 1
714 41 264 15 5260 1
715 3 278 15 5737 1
716 5 278 15 5737 1
717 47 296 15 3523 1
718 5 294 22 7952 1
719 55 267 6 2165 1
720 20 268 25 6999 1
721 39 268 25 6999 1
722 30 267 16 5536 1
723 28 276 18 5344 1
724 55 276 18 5344 1
725 23 285 15 2737 1
726 45 285 15 2737 1
727 21 278 13 3923 1
728 41 278 13 3923 1
729 61 278 13 3923 1
730 81 278 13 3923 1
731 101 278 13 3923 1
732 121 278 13 3923 1
733 28 300 8 3395 1
734 55 300 8 3395 1
735 11 301 9 3985 1
736 37 296 15 5104 1
737 10 290 17 4888 1
738 29 265 17 4699 1
739 57 265 17 4699 1
740 23 279 11 4590 1
741 45 279 11 4590 1
742 67 279 11 4590 1
743 23 276 26 8643 1
744 45 276 26 8643 1
745 4 285 18 2674 1
746 6 296 14 3568 1
747 24 279 17 6679 1
748 12 302 16 4745 1
749 137 294 19 6996 1
750 220 272 17 5337 1
751 21 290 12 4930 1
752 58 266 22 7469 1
753 71 266 14 2330 1
754 3 283 16 5594 1
755 23 265 16 5180 1
756 45 265 16 5180 1
757 24 277 26 9980 1
758 21 269 16 2258 1
759 4 270 11 3371 1
760 8 302 17 3643 1
761 15 292 20 3123 1
762 4 277 14 5519 1
763 34 300 21 9229 1
764 34 290 9 2961 1
765 30 275 21 6415 1
766 24 279 6 2260 1
767 69 271 11 3900 1
768 89 266 14 4486 1
769 32 271 11 1708 1
770 76 280 20 3288 1
771 19 266 13 3060 1
772 6 277 19 5057 1
773 39 265 17 2701 1
774 34 272 19 4740 1
775 42 269 21 7687 1
776 5 281 21 8344 1
777 22 266 14 2468 1
778 39 272 9 1581 1
779 45 272 15 3088 1
780 89 272 15 3088 1
781 133 272 15 3088 1
782 26 302 18 7328 1
783 43 290 21 8259 1
784 40 293 21 6012 1
785 54 295 18 5853 1
786 61 283 25 3858 1
787 91 275 7 1232 1
788 5 293 13 3857 1
789 30 299 29 11827 1
790 13 266 12 4654 1
791 87 293 9 3080 1
792 20 293 19 5626 1
793 3 270 2 589 1
794 31 272 7 1230 1
795 76 280 12 1964 1
796 25 281 5 1849 1
797 71 294 15 5396 1
798 22 281 14 1999 1
799 16 283 19 6745 1
800 94 278 20 8225 1
801 14 293 20 4954 1
802 7 283 9 2311 1
803 6 277 25 4910 1
804 24 277 8 3058 1
805 15 294 23 5094 1
806 55 267 15 2730 1
807 5 280 22 8744 1
808 201 281 14 5267 1
809 44 275 17 4420 1
810 87 275 17 4420 1
811 65 272 15 4305 1
812 38 299 13 2858 1
813 75 299 13 2858 1
814 21 280 17 5211 1
815 29 276 16 3621 1
816 57 276 16 3621 1
817 85 276 16 3621 1
818 5 301 18 4842 1
819 24 285 25 4416 1
820 40 278 12 3108 1
821 23 292 15 4846 1
822 66 279 22 4851 1
823 60 299 20 7454 1
824 18 267 15 3412 1
825 66 293 22 7972 1
826 25 268 26 6727 1
827 49 268 26 6727 1
828 25 270 11 4277 1
829 21 271 26 6347 1
830 30 283 20 7922 1
831 59 283 20 7922 1
832 7 266 19 6685 1
833 13 266 19 6685 1
834 23 278 9 2040 1
835 41 280 21 3994 1
836 22 276 11 1657 1
837 23 294 12 3450 1
838 42 267 15 5769 1
839 1 283 20 8029 1
840 47 285 10 1947 1
841 77 276 17 4093 1
842 235 301 23 8970 1
843 86 292 17 4043 1
844 40 270 12 2873 1
845 52 280 16 4795 1
846 103 280 16 4795 1
847 42 293 14 2628 1
848 42 295 21 8215 1
849 89 278 15 5077 1
850 57 270 14 2408 1
851 8 266 20 6672 1
852 61 278 13 5129 1
853 121 278 13 5129 1
854 54 301 17 5966 1
855 107 301 17 5966 1
856 7 279 9 1498 1
857 23 296 21 6742 1
858 17 279 20 4716 1
859 26 269 10 3879 1
860 8 292 12 2862 1
861 4 265 13 2212 1
862 21 281 14 2011 1
863 28 334 10 3471 1
864 55 334 10 3471 1
865 27 333 14 5360 1
866 262 333 19 4846 1
867 68 318 26 5366 1
868 38 331 10 1688 1
869 16 318 8 1862 1
870 31 318 8 1862 1
871 46 318 8 1862 1
872 25 336 22 8160 1
873 49 336 22 8160 1
874 73 336 22 8160 1
875 23 337 17 4068 1
876 19 319 14 5237 1
877 65 329 18 8795 1
878 3 334 14 5968 1
879 20 323 13 4878 1
880 2 302 17 7630 1
881 26 339 23 8505 1
882 51 339 23 8505 1
883 21 316 12 5307 1
884 20 323 13 3108 1
885 26 321 11 4573 1
886 27 340 22 7769 1
887 44 325 12 2219 1
888 87 325 12 2219 1
889 65 337 19 8982 1
890 25 305 23 6513 1
891 49 305 23 6513 1
892 28 323 13 5456 1
893 41 332 24 10411 1
894 70 305 12 2678 1
895 67 305 18 3105 1
896 19 304 15 6749 1
897 15 333 21 9905 1
898 66 339 18 6407 1
899 24 319 13 2403 1
900 19 336 14 3708 1
901 60 321 17 5741 1
902 2 334 11 2179 1
903 26 336 18 8338 1
904 86 318 7 1776 1
905 56 318 20 4280 1
906 52 335 12 3407 1
907 2 305 10 2299 1
908 13 335 23 7883 1
909 7 305 23 7146 1
910 24 338 17 4447 1
911 68 325 26 8720 1
912 67 335 31 6080 1
913 19 305 20 9033 1
914 25 336 15 3452 1
915 49 336 15 3452 1
916 25 305 5 839 1
917 62 319 14 5036 1
918 48 302 14 3086 1
919 19 323 18 5517 1
920 53 340 21 7110 1
921 62 333 22 9393 1
922 123 333 22 9393 1
923 100 316 22 5879 1
924 16 305 12 3418 1
925 27 340 23 5482 1
926 34 336 16 7132 1
927 67 336 16 7132 1
928 39 316 9 3545 1
929 77 316 9 3545 1
930 115 316 9 3545 1
931 56 305 19 8097 1
932 29 329 15 3709 1
933 69 334 40 12566 1
934 25 338 23 10071 1
935 25 339 8 2597 1
936 30 318 14 5363 1
937 59 318 14 5363 1
938 50 329 25 11212 1
939 26 334 8 3843 1
940 51 334 8 3843 1
941 51 335 35 17514 1
942 86 316 8 3744 1
943 24 332 15 5395 1
944 57 319 23 4707 1
945 37 305 24 5211 1
946 73 305 24 5211 1
947 26 336 21 4147 1
948 55 332 21 9505 1
949 109 332 21 9505 1
950 23 332 12 5172 1
951 13 333 9 2531 1
952 22 338 13 4038 1
953 19 329 13 2299 1
954 17 349 15 7527 1
955 52 368 21 10607 1
956 29 351 17 4937 1
957 51 369 16 6557 1
958 55 368 21 10836 1
959 54 400 28 11305 1
960 79 349 15 6383 1
961 107 348 8 1741 1
962 54 353 25 9277 1
963 25 351 28 12984 1
964 30 364 25 12259 1
965 124 399 24 8309 1
966 94 347 21 3880 1
967 18 400 19 4411 1
968 50 350 17 3595 1
969 50 398 15 6707 1
970 25 396 21 8236 1
971 49 396 21 8236 1
972 77 351 26 6597 1
973 98 368 20 4143 1
974 97 367 30 13712 1
975 35 349 36 10610 1
976 46 368 12 5802 1
977 22 399 22 4598 1
978 51 367 31 12156 1
979 47 350 20 9513 1
980 93 350 20 9513 1
981 104 347 20 3548 1
982 29 353 28 12404 1
983 72 350 25 6682 1
984 58 349 26 12563 1
985 31 353 29 13481 1
986 25 348 36 7581 1
987 55 367 25 12136 1
988 57 369 27 12881 1
989 25 399 23 9708 1
990 27 364 20 5943 1
991 68 349 22 4285 1
992 23 400 21 10208 1
993 27 349 26 7243 1
994 25 365 26 8147 1
995 50 348 19 8878 1
996 50 400 27 9940 1
997 50 353 20 6254 1
998 119 365 18 4424 1
999 23 366 17 7511 1
1000 18 348 11 3159 1
1001 26 369 25 12484 1
1002 49 353 19 6240 1
1003 76 398 34 10098 1
1004 30 353 45 22152 1
1005 30 349 11 2033 1
1006 48 369 19 6822 1
1007 95 369 19 6822 1
1008 52 398 25 13458 1
1009 103 398 25 13458 1
1010 31 350 24 9672 1
1011 25 366 32 12579 1
1012 54 367 30 7431 1
1013 25 364 26 7417 1
1014 69 348 17 7066 1
1015 137 348 17 7066 1
1016 31 396 22 8582 1
1017 86 350 33 14882 1
1018 29 349 29 9037 1
1019 57 349 29 9037 1
1020 55 365 29 12251 1
1021 50 347 22 6243 1
1022 45 399 24 4800 1
1023 29 349 21 4868 1
1024 57 349 21 4868 1
1025 26 348 18 6698 1
1026 67 367 23 10629 1
1027 47 399 18 7098 1
1028 44 398 36 20032 1
1029 87 398 36 20032 1
1030 65 369 16 3570 1
1031 49 369 7 3388 1
1032 161 368 18 8927 1
1033 112 365 20 4243 1
1034 63 347 13 4332 1
1035 21 369 19 7717 1
1036 118 364 23 11304 1
1037 51 364 25 5913 1
40
235 400 530 450 480 440 440 544 580 580 580 540 600 610 575 660 450 450 375 450 450 600 600 600 400 426 500 500 500 500 500 500 600 600 600 400 400 600 425 425 