1037
1 23 183 16 2523 1
2 45 183 16 2523 1
3 19 155 6 1162 1
4 7 158 17 2106 1
5 26 183 27 5883 1
6 49 184 6 1333 1
7 97 184 6 1333 1
8 9 137 18 2834 1
9 17 137 18 2834 1
10 6 189 11 2362 1
11 11 189 11 2362 1
12 16 189 11 2362 1
13 7 116 9 1246 1
14 16 135 27 5207 1
15 1 144 14 1136 1
16 1 144 14 1136 1
17 9 185 20 3264 1
18 8 174 24 4373 1
19 13 171 26 4135 1
20 8 141 20 1433 1
21 15 189 21 2271 1
22 29 189 21 2271 1
23 11 187 22 4886 1
24 21 187 22 4886 1
25 31 187 22 4886 1
26 41 187 22 4886 1
27 51 187 22 4886 1
28 61 187 22 4886 1
29 71 187 22 4886 1
30 23 101 11 1545 1
31 8 174 20 1989 1
32 15 174 20 1989 1
33 6 181 9 1967 1
34 19 174 11 2422 1
35 24 165 20 4633 1
36 47 165 20 4633 1
37 14 173 19 4312 1
38 6 155 8 784 1
39 11 155 8 784 1
40 16 155 8 784 1
41 21 155 8 784 1
42 26 155 8 784 1
43 31 155 8 784 1
44 36 155 8 784 1
45 2 87 21 1318 1
46 3 87 21 1318 1
47 16 167 17 1830 1
48 31 167 17 1830 1
49 9 181 19 3600 1
50 17 181 19 3600 1
51 25 181 19 3600 1
52 8 175 15 1534 1
53 15 175 15 1534 1
54 9 185 21 2228 1
55 5 160 23 3999 1
56 9 160 23 3999 1
57 1 166 15 3524 1
58 7 175 17 3232 1
59 13 175 17 3232 1
60 19 175 17 3232 1
61 25 187 18 4559 1
62 7 120 4 685 1
63 27 171 6 742 1
64 53 171 6 742 1
65 16 135 3 376 1
66 31 135 3 376 1
67 46 135 3 376 1
68 7 182 15 1530 1
69 13 182 15 1530 1
70 15 125 13 1714 1
71 29 125 13 1714 1
72 3 130 10 1828 1
73 5 130 10 1828 1
74 7 130 10 1828 1
75 9 130 10 1828 1
76 9 188 16 3483 1
77 17 188 16 3483 1
78 25 188 16 3483 1
79 7 101 5 593 1
80 13 101 5 593 1
81 11 145 12 1460 1
82 9 165 15 2998 1
83 6 135 14 1198 1
84 11 135 14 1198 1
85 16 135 14 1198 1
86 17 178 22 4526 1
87 3 131 17 2599 1
88 2 154 21 2966 1
89 21 158 16 2145 1
90 22 159 25 3117 1
91 16 140 20 2688 1
92 15 162 9 1609 1
93 29 162 9 1609 1
94 78 133 14 1313 1
95 5 174 20 3367 1
96 25 121 15 1693 1
97 49 121 15 1693 1
98 9 173 18 3451 1
99 11 187 25 5280 1
100 2 175 23 5988 1
101 3 175 23 5988 1
102 19 148 17 3743 1
103 20 135 15 1903 1
104 17 112 16 914 1
105 33 112 16 914 1
106 15 155 21 2597 1
107 20 176 21 3010 1
108 20 180 13 2125 1
109 4 176 13 1623 1
110 7 176 13 1623 1
111 7 101 11 1496 1
112 16 185 17 2457 1
113 6 135 13 1428 1
114 3 149 13 1373 1
115 27 125 16 1225 1
116 53 125 16 1225 1
117 89 130 9 1443 1
118 5 149 11 1083 1
119 9 149 11 1083 1
120 16 141 16 2887 1
121 10 141 20 3604 1
122 19 141 20 3604 1
123 28 141 20 3604 1
124 37 141 20 3604 1
125 46 141 20 3604 1
126 55 141 20 3604 1
127 8 116 9 1179 1
128 10 121 11 1458 1
129 7 144 15 2434 1
130 13 144 15 2434 1
131 19 144 15 2434 1
132 10 125 11 841 1
133 19 125 11 841 1
134 28 125 11 841 1
135 37 125 11 841 1
136 27 121 13 1215 1
137 53 121 13 1215 1
138 6 165 14 1702 1
139 11 165 14 1702 1
140 11 163 14 3281 1
141 21 163 14 3281 1
142 10 113 8 583 1
143 19 113 8 583 1
144 5 135 4 329 1
145 9 135 4 329 1
146 2 183 21 3352 1
147 25 116 17 2804 1
148 9 187 14 2151 1
149 17 187 14 2151 1
150 25 187 14 2151 1
151 5 187 19 2878 1
152 9 187 19 2878 1
153 13 187 19 2878 1
154 17 187 19 2878 1
155 9 148 22 3476 1
156 16 183 16 1850 1
157 9 159 20 1600 1
158 8 116 11 1659 1
159 15 116 11 1659 1
160 22 116 11 1659 1
161 7 168 19 4031 1
162 13 168 19 4031 1
163 19 168 19 4031 1
164 25 168 19 4031 1
165 31 168 19 4031 1
166 37 168 19 4031 1
167 7 168 7 1594 1
168 7 177 16 2516 1
169 14 188 20 3964 1
170 4 147 12 2568 1
171 15 137 16 1841 1
172 5 126 9 1093 1
173 9 126 9 1093 1
174 13 126 9 1093 1
175 6 125 12 2077 1
176 11 125 12 2077 1
177 16 125 12 2077 1
178 21 125 12 2077 1
179 26 125 12 2077 1
180 31 125 12 2077 1
181 36 125 12 2077 1
182 17 134 13 1670 1
183 15 189 19 2998 1
184 19 144 10 1033 1
185 21 191 23 2751 1
186 7 166 15 2661 1
187 15 187 16 2439 1
188 2 166 19 4229 1
189 3 166 19 4229 1
190 26 148 16 3237 1
191 16 137 24 3466 1
192 6 169 9 2159 1
193 11 172 17 2533 1
194 8 143 17 2014 1
195 15 143 17 2014 1
196 22 143 17 2014 1
197 14 135 17 3113 1
198 27 135 17 3113 1
199 5 167 22 3752 1
200 20 145 12 1539 1
201 20 130 9 1031 1
202 5 125 12 1447 1
203 9 125 12 1447 1
204 13 125 12 1447 1
205 17 125 12 1447 1
206 21 125 12 1447 1
207 25 125 12 1447 1
208 10 137 15 1710 1
209 9 143 20 1610 1
210 17 143 20 1610 1
211 25 143 20 1610 1
212 33 143 20 1610 1
213 41 143 20 1610 1
214 49 143 20 1610 1
215 57 143 20 1610 1
216 9 113 10 1145 1
217 10 143 12 914 1
218 5 149 9 1951 1
219 9 149 9 1951 1
220 3 150 14 1578 1
221 7 150 16 1428 1
222 13 150 16 1428 1
223 19 150 16 1428 1
224 25 150 16 1428 1
225 31 150 16 1428 1
226 7 182 22 4847 1
227 13 182 22 4847 1
228 19 182 22 4847 1
229 25 182 22 4847 1
230 31 182 22 4847 1
231 8 112 16 1535 1
232 20 131 5 789 1
233 6 155 15 2042 1
234 16 135 17 3243 1
235 16 157 18 1666 1
236 6 147 8 1532 1
237 11 147 8 1532 1
238 16 147 8 1532 1
239 21 147 8 1532 1
240 26 147 8 1532 1
241 7 116 16 2087 1
242 13 116 16 2087 1
243 8 157 21 2463 1
244 15 157 21 2463 1
245 7 155 20 1721 1
246 7 172 22 3352 1
247 6 150 26 2564 1
248 16 135 9 1398 1
249 8 180 15 2711 1
250 20 160 18 3911 1
251 39 160 18 3911 1
252 16 152 11 1802 1
253 12 150 20 2089 1
254 6 158 12 2513 1
255 5 149 11 2063 1
256 9 149 11 2063 1
257 13 149 11 2063 1
258 4 159 24 3215 1
259 7 159 24 3215 1
260 9 158 20 2701 1
261 17 148 11 2145 1
262 5 112 11 1045 1
263 9 112 11 1045 1
264 11 182 23 5900 1
265 21 182 23 5900 1
266 6 122 12 972 1
267 11 122 12 972 1
268 16 122 12 972 1
269 21 122 12 972 1
270 26 122 12 972 1
271 15 167 21 4916 1
272 11 176 18 1982 1
273 21 176 18 1982 1
274 31 176 18 1982 1
275 41 176 18 1982 1
276 52 168 26 2375 1
277 6 154 16 2264 1
278 11 154 16 2264 1
279 16 154 16 2264 1
280 18 116 6 382 1
281 4 163 15 3034 1
282 9 180 9 2286 1
283 2 112 22 2180 1
284 3 112 22 2180 1
285 4 112 22 2180 1
286 5 112 22 2180 1
287 25 184 23 4892 1
288 49 184 23 4892 1
289 8 144 14 1055 1
290 15 144 14 1055 1
291 7 167 14 1178 1
292 8 185 24 3128 1
293 15 185 24 3128 1
294 19 188 15 2909 1
295 5 174 11 1626 1
296 5 126 16 2383 1
297 7 176 20 3898 1
298 13 176 20 3898 1
299 19 176 20 3898 1
300 24 149 7 1267 1
301 1 116 15 2223 1
302 1 116 15 2223 1
303 1 116 15 2223 1
304 1 116 15 2223 1
305 1 116 15 2223 1
306 1 116 15 2223 1
307 1 116 15 2223 1
308 1 116 15 2223 1
309 10 157 21 3388 1
310 10 113 8 674 1
311 15 171 9 2296 1
312 15 122 15 1277 1
313 9 183 15 3443 1
314 5 141 12 1957 1
315 9 141 12 1957 1
316 2 188 13 3567 1
317 3 188 13 3567 1
318 10 150 8 773 1
319 19 150 8 773 1
320 7 130 15 1546 1
321 10 173 3 651 1
322 14 172 15 2053 1
323 10 112 9 984 1
324 19 112 9 984 1
325 12 101 6 777 1
326 3 168 25 5206 1
327 5 168 25 5206 1
328 27 145 9 1274 1
329 11 178 19 3096 1
330 20 183 10 1522 1
331 39 183 10 1522 1
332 21 165 7 1285 1
333 25 112 11 1090 1
334 3 154 11 1591 1
335 5 154 11 1591 1
336 11 134 16 2095 1
337 89 154 15 1504 1
338 9 152 14 3064 1
339 17 152 14 3064 1
340 25 152 14 3064 1
341 5 191 20 5178 1
342 26 87 6 608 1
343 51 87 6 608 1
344 6 187 19 2445 1
345 11 187 19 2445 1
346 16 187 19 2445 1
347 10 122 7 843 1
348 4 113 12 1118 1
349 18 116 8 728 1
350 15 158 15 1334 1
351 7 120 19 3074 1
352 13 120 19 3074 1
353 6 116 15 2239 1
354 11 116 15 2239 1
355 16 116 15 2239 1
356 21 116 15 2239 1
357 1 150 13 2133 1
358 9 131 10 1308 1
359 17 131 10 1308 1
360 25 131 10 1308 1
361 33 131 10 1308 1
362 41 131 10 1308 1
363 8 135 11 770 1
364 7 148 21 1997 1
365 13 148 21 1997 1
366 8 147 3 401 1
367 28 174 15 2840 1
368 16 154 19 4043 1
369 8 152 1 220 1
370 21 182 23 5809 1
371 20 180 29 6029 1
372 9 113 1 148 1
373 17 113 1 148 1
374 25 113 1 148 1
375 33 113 1 148 1
376 41 113 1 148 1
377 49 113 1 148 1
378 26 176 12 2152 1
379 4 183 13 3347 1
380 27 133 13 1301 1
381 21 176 15 1496 1
382 13 184 28 5222 1
383 21 137 11 1386 1
384 41 137 11 1386 1
385 9 159 21 2095 1
386 6 155 13 2943 1
387 16 147 7 1330 1
388 9 87 8 372 1
389 17 87 8 372 1
390 10 157 14 3292 1
391 19 157 14 3292 1
392 28 157 14 3292 1
393 37 157 14 3292 1
394 46 157 14 3292 1
395 15 121 10 1483 1
396 3 171 30 2996 1
397 5 171 30 2996 1
398 15 131 22 2780 1
399 8 143 14 1109 1
400 16 189 12 2958 1
401 10 163 14 1470 1
402 19 163 14 1470 1
403 28 163 14 1470 1
404 16 181 20 3145 1
405 6 183 10 1043 1
406 6 158 15 2824 1
407 53 125 13 1267 1
408 8 197 25 7062 1
409 3 196 12 2102 1
410 9 196 17 4318 1
411 16 193 16 4224 1
412 31 193 16 4224 1
413 46 193 16 4224 1
414 8 197 21 5693 1
415 15 197 21 5693 1
416 22 197 21 5693 1
417 29 197 21 5693 1
418 36 197 21 5693 1
419 8 195 9 1184 1
420 9 197 23 3698 1
421 17 197 23 3698 1
422 8 193 20 5425 1
423 9 197 4 569 1
424 8 196 28 5281 1
425 33 197 23 6601 1
426 9 194 19 5448 1
427 8 195 27 4149 1
428 15 195 27 4149 1
429 22 195 27 4149 1
430 16 194 19 3646 1
431 9 193 25 5769 1
432 8 197 23 5009 1
433 8 194 22 4433 1
434 15 194 22 4433 1
435 22 194 22 4433 1
436 29 194 22 4433 1
437 26 198 11 2165 1
438 31 208 15 4169 1
439 31 216 13 3528 1
440 61 216 13 3528 1
441 91 216 13 3528 1
442 9 210 23 5318 1
443 17 210 23 5318 1
444 25 210 23 5318 1
445 32 212 4 474 1
446 63 212 4 474 1
447 3 224 18 4045 1
448 34 210 2 453 1
449 24 213 16 5094 1
450 16 200 15 1890 1
451 16 223 22 6200 1
452 2 222 23 7490 1
453 3 222 23 7490 1
454 9 224 20 6081 1
455 29 223 14 3026 1
456 28 210 9 1122 1
457 55 210 9 1122 1
458 11 209 9 2661 1
459 9 216 20 3707 1
460 12 211 12 3594 1
461 23 211 12 3594 1
462 44 209 13 4039 1
463 9 199 15 2824 1
464 17 199 15 2824 1
465 33 198 18 2058 1
466 52 201 10 2593 1
467 8 224 19 4910 1
468 15 224 19 4910 1
469 16 217 25 7538 1
470 7 199 31 8669 1
471 7 223 23 3305 1
472 8 217 14 2085 1
473 15 217 14 2085 1
474 22 217 14 2085 1
475 2 223 3 797 1
476 3 223 3 797 1
477 30 209 21 4522 1
478 28 224 16 3721 1
479 9 220 15 4829 1
480 17 220 15 4829 1
481 26 208 15 1671 1
482 8 208 2 228 1
483 23 212 15 4692 1
484 41 216 12 2705 1
485 25 210 13 2064 1
486 15 209 8 2142 1
487 8 222 17 3998 1
488 15 222 17 3998 1
489 37 221 16 5293 1
490 2 221 14 2196 1
491 16 222 23 7302 1
492 31 222 23 7302 1
493 39 211 12 2870 1
494 7 209 9 1247 1
495 33 224 12 1945 1
496 18 208 14 2881 1
497 35 208 14 2881 1
498 28 226 14 1848 1
499 55 226 14 1848 1
500 32 224 19 4686 1
501 12 199 14 3202 1
502 7 226 16 2925 1
503 22 210 7 981 1
504 43 210 7 981 1
505 2 209 10 1679 1
506 35 198 3 709 1
507 69 198 3 709 1
508 11 202 11 2894 1
509 31 223 7 1056 1
510 61 223 7 1056 1
511 56 221 16 3276 1
512 111 221 16 3276 1
513 7 224 4 924 1
514 45 200 16 3309 1
515 20 217 14 2546 1
516 30 217 13 1911 1
517 4 210 16 3131 1
518 7 210 16 3131 1
519 63 224 23 4172 1
520 9 221 6 901 1
521 17 221 6 901 1
522 5 216 19 2562 1
523 8 212 12 3086 1
524 43 212 11 3121 1
525 10 208 16 4283 1
526 19 208 16 4283 1
527 28 208 16 4283 1
528 8 209 12 3168 1
529 15 209 12 3168 1
530 22 209 12 3168 1
531 2 216 22 3222 1
532 28 213 18 3971 1
533 9 209 11 1702 1
534 8 226 21 2575 1
535 15 226 21 2575 1
536 14 217 18 3171 1
537 28 211 16 2694 1
538 44 217 9 1569 1
539 7 199 9 1471 1
540 13 199 9 1471 1
541 20 210 10 1160 1
542 7 209 12 2084 1
543 8 211 15 4583 1
544 15 211 15 4583 1
545 22 211 15 4583 1
546 24 200 22 2542 1
547 8 200 13 3219 1
548 27 201 7 1065 1
549 9 212 29 4442 1
550 19 224 13 1506 1
551 7 202 15 3699 1
552 27 198 13 2176 1
553 22 210 26 4414 1
554 11 198 15 4343 1
555 21 216 13 3366 1
556 15 213 18 4024 1
557 2 200 25 7318 1
558 26 213 14 1559 1
559 3 211 16 4824 1
560 9 213 15 1688 1
561 17 213 15 1688 1
562 68 239 12 2947 1
563 17 240 7 2455 1
564 27 232 16 5066 1
565 53 232 16 5066 1
566 79 232 16 5066 1
567 77 236 10 3079 1
568 10 252 23 3724 1
569 7 256 26 3836 1
570 1 227 15 4918 1
571 34 260 23 8612 1
572 31 229 18 4403 1
573 24 252 14 5191 1
574 6 240 16 2957 1
575 28 232 11 2204 1
576 55 232 11 2204 1
577 79 255 13 2545 1
578 23 256 8 1489 1
579 45 256 8 1489 1
580 67 256 8 1489 1
581 4 231 16 2917 1
582 7 231 16 2917 1
583 33 262 16 2671 1
584 65 262 16 2671 1
585 29 261 13 5069 1
586 57 261 13 5069 1
587 85 261 13 5069 1
588 7 241 11 2719 1
589 13 241 11 2719 1
590 28 227 15 3924 1
591 9 227 18 5384 1
592 17 227 18 5384 1
593 6 259 14 4663 1
594 36 260 12 4652 1
595 31 232 16 2938 1
596 28 263 25 9052 1
597 33 263 25 3789 1
598 9 241 12 3135 1
599 2 239 10 1631 1
600 7 239 14 2516 1
601 13 239 14 2516 1
602 20 242 13 4362 1
603 39 242 13 4362 1
604 6 245 12 2322 1
605 19 247 12 3642 1
606 9 232 22 6524 1
607 30 231 9 1137 1
608 59 231 9 1137 1
609 8 250 20 7046 1
610 26 228 1 222 1
611 46 255 20 7173 1
612 25 245 20 3627 1
613 15 261 24 3637 1
614 36 237 13 3103 1
615 26 242 16 5598 1
616 22 260 18 4029 1
617 77 239 15 2969 1
618 31 247 3 623 1
619 36 237 12 1634 1
620 25 245 8 2308 1
621 49 245 8 2308 1
622 25 231 12 2032 1
623 27 239 24 5319 1
624 29 256 21 3683 1
625 22 247 15 3255 1
626 35 242 12 1631 1
627 29 241 16 2325 1
628 3 235 21 2898 1
629 24 245 16 4866 1
630 22 228 17 4885 1
631 9 232 18 4007 1
632 17 232 18 4007 1
633 56 229 6 1838 1
634 10 236 12 3130 1
635 19 236 12 3130 1
636 28 236 12 3130 1
637 37 236 15 4546 1
638 24 237 13 3866 1
639 47 237 13 3866 1
640 15 231 17 3967 1
641 26 227 14 1677 1
642 4 235 14 4904 1
643 8 259 20 3521 1
644 22 227 10 2778 1
645 19 263 18 2429 1
646 70 245 18 6319 1
647 25 256 17 6400 1
648 29 247 6 1323 1
649 22 227 7 1713 1
650 21 241 22 5917 1
651 26 255 14 4601 1
652 21 231 11 2686 1
653 13 231 14 2665 1
654 67 228 10 1273 1
655 29 232 8 2400 1
656 78 229 24 7472 1
657 34 237 17 5680 1
658 67 237 17 5680 1
659 21 260 14 2619 1
660 6 262 10 3810 1
661 11 262 10 3810 1
662 30 228 15 2971 1
663 28 231 17 2622 1
664 36 245 14 5131 1
665 6 235 21 4357 1
666 4 259 12 3477 1
667 9 231 20 6708 1
668 23 228 12 3043 1
669 86 252 8 1676 1
670 15 260 13 3319 1
671 29 261 18 4487 1
672 8 261 21 5308 1
673 5 235 18 4435 1
674 2 240 14 4484 1
675 24 236 14 4187 1
676 10 235 14 2086 1
677 5 239 13 2208 1
678 9 239 13 2208 1
679 56 227 9 2541 1
680 3 255 25 9374 1
681 10 239 21 7154 1
682 19 239 21 7154 1
683 59 262 15 2499 1
684 52 265 6 1418 1
685 103 265 6 1418 1
686 65 269 14 3001 1
687 24 269 8 2308 1
688 5 268 10 1781 1
689 23 278 17 6841 1
690 24 292 16 5954 1
691 47 292 16 5954 1
692 38 276 13 4901 1
693 25 285 15 3789 1
694 24 277 7 2131 1
695 23 264 20 4410 1
696 75 299 17 3896 1
697 149 299 17 3896 1
698 25 280 21 6321 1
699 49 280 21 6321 1
700 4 296 27 8925 1
701 22 294 26 5454 1
702 43 294 26 5454 1
703 27 278 8 1995 1
704 33 269 11 3041 1
705 26 290 11 2906 1
706 51 290 11 2906 1
707 25 281 16 3957 1
708 49 281 16 3957 1
709 73 281 16 3957 1
710 24 269 14 4616 1
711 64 301 17 7193 1
712 22 268 21 5682 1
713 22 290 17 2961 1
714 56 272 8 2165 1
715 71 299 7 1239 1
716 19 292 20 4465 1
717 46 295 16 3810 1
718 45 264 16 3048 1
719 27 296 15 2893 1
720 15 264 7 2322 1
721 29 264 7 2322 1
722 29 300 16 6957 1
723 3 275 16 3063 1
724 5 275 16 3063 1
725 22 265 14 2890 1
726 21 300 30 11582 1
727 74 302 13 3321 1
728 21 278 18 5240 1
729 41 278 18 5240 1
730 29 278 19 7849 1
731 57 278 19 7849 1
732 3 280 15 3224 1
733 6 271 5 841 1
734 11 271 5 841 1
735 1 300 25 4980 1
736 20 280 20 3622 1
737 5 281 11 3803 1
738 45 264 22 6492 1
739 1 296 9 3502 1
740 22 279 7 1078 1
741 43 279 7 1078 1
742 20 272 12 3775 1
743 23 270 12 4239 1
744 7 270 21 3178 1
745 7 294 11 2174 1
746 16 283 10 3696 1
747 25 275 12 3094 1
748 8 294 16 2609 1
749 5 301 18 7304 1
750 9 301 18 7304 1
751 29 302 10 2387 1
752 11 280 20 4861 1
753 75 276 18 4450 1
754 63 281 12 4719 1
755 31 281 19 3388 1
756 23 279 20 7427 1
757 41 292 13 4604 1
758 65 269 5 1136 1
759 31 293 18 2646 1
760 1 283 13 2893 1
761 14 299 18 7919 1
762 39 280 12 4134 1
763 36 294 17 4625 1
764 4 301 9 1397 1
765 72 278 21 6256 1
766 17 264 4 1505 1
767 33 264 4 1505 1
768 69 267 10 2942 1
769 137 267 10 2942 1
770 205 267 10 2942 1
771 78 300 17 6775 1
772 18 268 16 5590 1
773 22 283 18 5495 1
774 70 270 17 4415 1
775 79 301 17 2868 1
776 15 276 25 5384 1
777 29 276 25 5384 1
778 43 276 25 5384 1
779 88 290 14 3728 1
780 8 285 23 4651 1
781 15 285 23 4651 1
782 61 280 17 6998 1
783 10 267 10 1702 1
784 14 292 16 4836 1
785 38 280 15 2832 1
786 4 279 11 2493 1
787 71 292 24 8496 1
788 141 292 24 8496 1
789 15 300 17 4776 1
790 22 300 16 4115 1
791 13 264 9 2376 1
792 23 290 22 7217 1
793 19 272 11 3973 1
794 28 302 17 3624 1
795 23 292 22 8696 1
796 16 264 13 2526 1
797 9 265 15 3255 1
798 31 301 17 2825 1
799 61 301 17 2825 1
800 91 301 17 2825 1
801 121 301 17 2825 1
802 20 270 21 3827 1
803 26 292 12 3501 1
804 51 292 12 3501 1
805 76 292 12 3501 1
806 101 292 12 3501 1
807 67 266 9 2176 1
808 21 271 17 3552 1
809 41 271 17 3552 1
810 61 271 17 3552 1
811 81 271 17 3552 1
812 4 269 8 1700 1
813 22 266 8 2174 1
814 22 281 22 5841 1
815 34 296 15 2267 1
816 61 285 18 5683 1
817 28 276 16 2987 1
818 55 276 16 2987 1
819 74 276 12 3440 1
820 40 278 23 5347 1
821 79 278 23 5347 1
822 25 296 15 6622 1
823 6 293 16 2955 1
824 24 301 13 4552 1
825 47 301 13 4552 1
826 70 301 13 4552 1
827 7 270 12 2456 1
828 13 270 12 2456 1
829 24 301 14 4936 1
830 47 301 14 4936 1
831 23 279 7 1088 1
832 45 279 7 1088 1
833 67 279 7 1088 1
834 89 279 7 1088 1
835 22 265 24 8176 1
836 2 293 9 3096 1
837 3 293 9 3096 1
838 93 290 24 9442 1
839 185 290 24 9442 1
840 69 281 29 10256 1
841 137 281 29 10256 1
842 205 281 29 10256 1
843 9 269 19 6593 1
844 8 269 9 2291 1
845 134 279 13 2888 1
846 29 271 16 3852 1
847 57 271 16 3852 1
848 28 290 28 4274 1
849 5 276 4 1474 1
850 3 295 20 4248 1
851 87 268 20 5801 1
852 16 267 18 3623 1
853 31 267 18 3623 1
854 25 281 16 5027 1
855 30 280 11 2894 1
856 12 294 16 3743 1
857 23 294 16 3743 1
858 23 277 15 2449 1
859 24 272 16 3622 1
860 35 271 7 2182 1
861 69 271 7 2182 1
862 6 277 15 2930 1
863 27 323 17 7993 1
864 60 334 16 5808 1
865 112 336 25 12511 1
866 223 336 25 12511 1
867 99 340 13 2423 1
868 68 331 19 5140 1
869 116 318 17 4421 1
870 32 323 19 7419 1
871 37 336 20 5079 1
872 73 336 20 5079 1
873 62 305 12 2300 1
874 123 305 12 2300 1
875 73 339 25 5366 1
876 28 338 21 10026 1
877 52 316 18 4801 1
878 42 335 19 4053 1
879 27 325 17 8256 1
880 52 319 14 2290 1
881 1 340 15 4446 1
882 1 340 15 4446 1
883 1 340 15 4446 1
884 66 339 25 5779 1
885 30 329 25 9553 1
886 52 323 8 3700 1
887 103 323 8 3700 1
888 39 325 20 4030 1
889 31 339 22 10312 1
890 65 329 13 5642 1
891 129 329 13 5642 1
892 20 304 13 5676 1
893 47 316 11 2760 1
894 21 316 16 4549 1
895 3 329 21 3461 1
896 32 316 18 4714 1
897 63 316 18 4714 1
898 50 332 17 6179 1
899 138 323 18 5063 1
900 58 319 21 3996 1
901 25 336 15 2743 1
902 19 321 15 4981 1
903 37 321 15 4981 1
904 55 321 15 4981 1
905 72 304 23 9649 1
906 25 332 14 3032 1
907 52 335 16 3357 1
908 103 335 16 3357 1
909 15 306 21 7420 1
910 21 305 29 7937 1
911 41 305 29 7937 1
912 26 336 17 2961 1
913 51 336 17 2961 1
914 16 325 24 5531 1
915 66 335 15 5559 1
916 16 332 22 5893 1
917 31 332 22 5893 1
918 67 323 19 7860 1
919 23 337 76 29551 1
920 50 306 13 2992 1
921 25 316 17 5562 1
922 30 334 25 7512 1
923 28 318 24 4028 1
924 27 305 14 5880 1
925 111 331 12 5610 1
926 18 306 15 4334 1
927 167 331 19 4815 1
928 38 337 18 7335 1
929 21 329 9 2034 1
930 41 329 9 2034 1
931 21 318 24 4817 1
932 25 305 21 9054 1
933 49 305 21 9054 1
934 4 340 18 7594 1
935 7 340 18 7594 1
936 19 325 16 5370 1
937 22 339 14 5452 1
938 124 338 18 6491 1
939 29 302 11 2306 1
940 18 334 20 7831 1
941 23 336 24 4733 1
942 45 336 24 4733 1
943 43 334 20 7750 1
944 85 334 20 7750 1
945 69 335 22 7925 1
946 58 336 14 2649 1
947 45 319 10 3993 1
948 48 319 30 12068 1
949 95 319 30 12068 1
950 32 323 24 5224 1
951 63 323 24 5224 1
952 94 323 24 5224 1
953 125 323 24 5224 1
954 48 365 30 9272 1
955 53 398 38 9847 1
956 114 400 28 8830 1
957 78 366 23 12035 1
958 25 349 19 3641 1
959 50 350 11 3114 1
960 51 398 20 11421 1
961 19 350 26 9146 1
962 26 350 15 2861 1
963 23 351 20 8375 1
964 107 366 21 9167 1
965 45 369 14 5469 1
966 89 369 14 5469 1
967 64 364 17 3971 1
968 51 364 20 6297 1
969 47 367 16 5643 1
970 182 349 25 7993 1
971 19 398 26 14729 1
972 31 347 18 5187 1
973 80 398 17 10007 1
974 23 348 29 14539 1
975 25 396 33 12104 1
976 49 396 33 12104 1
977 66 398 35 7563 1
978 68 350 8 3509 1
979 66 398 31 9984 1
980 131 398 31 9984 1
981 30 400 23 7330 1
982 59 400 23 7330 1
983 60 366 22 4229 1
984 45 351 21 3759 1
985 18 349 15 4646 1
986 47 368 35 9777 1
987 23 399 36 11122 1
988 52 369 37 6932 1
989 24 369 14 6376 1
990 81 398 26 6542 1
991 77 350 23 7165 1
992 56 367 17 4121 1
993 111 367 17 4121 1
994 30 398 30 15325 1
995 22 400 13 3333 1
996 79 349 22 8277 1
997 79 365 23 9679 1
998 18 348 25 6409 1
999 27 365 27 8260 1
1000 29 353 19 3570 1
1001 58 400 26 5290 1
1002 81 348 12 3357 1
1003 55 400 36 19315 1
1004 60 368 20 4619 1
1005 47 400 21 6017 1
1006 51 368 23 4461 1
1007 62 351 24 5934 1
1008 25 398 28 12535 1
1009 77 367 31 7172 1
1010 26 369 33 17957 1
1011 27 348 26 6484 1
1012 51 368 29 8176 1
1013 29 365 22 9702 1
1014 51 349 40 11732 1
1015 86 369 23 12313 1
1016 50 398 22 10507 1
1017 28 398 28 6199 1
1018 64 349 19 8533 1
1019 127 349 19 8533 1
1020 18 396 20 10848 1
1021 32 365 22 10554 1
1022 85 400 29 15202 1
1023 78 367 26 8975 1
1024 155 367 26 8975 1
1025 23 348 25 6996 1
1026 19 350 16 8101 1
1027 56 364 16 4610 1
1028 30 353 31 10277 1
1029 80 364 24 4883 1
1030 159 364 24 4883 1
1031 51 364 30 11489 1
1032 28 351 20 8796 1
1033 24 364 6 1307 1
1034 68 367 31 6910 1
1035 22 365 30 5592 1
1036 53 353 27 8688 1
1037 56 369 14 3498 1
40
235 400 530 450 480 440 440 544 580 580 580 540 600 610 575 660 450 450 375 450 450 600 600 600 400 426 500 500 500 500 500 500 600 600 600 400 400 600 425 425 