1037
1 7 140 9 1635 1
2 13 140 9 1635 1
3 8 174 27 2827 1
4 8 182 19 2096 1
5 15 182 19 2096 1
6 22 182 19 2096 1
7 18 169 12 2521 1
8 35 169 12 2521 1
9 1 121 21 1412 1
10 1 121 21 1412 1
11 1 121 21 1412 1
12 9 180 19 2145 1
13 6 169 26 3948 1
14 20 185 25 6377 1
15 21 148 9 1836 1
16 17 181 27 4047 1
17 4 113 9 609 1
18 7 113 9 609 1
19 6 148 16 1293 1
20 5 131 10 1401 1
21 25 148 20 1698 1
22 14 121 8 1043 1
23 12 135 11 970 1
24 7 147 15 1687 1
25 13 147 15 1687 1
26 19 147 15 1687 1
27 9 182 25 5980 1
28 14 170 22 5107 1
29 5 180 23 5216 1
30 9 180 23 5216 1
31 13 180 23 5216 1
32 14 143 10 1029 1
33 23 143 6 952 1
34 15 133 4 369 1
35 5 101 8 935 1
36 9 101 8 935 1
37 13 101 8 935 1
38 16 125 17 1662 1
39 22 184 25 5221 1
40 26 155 25 2065 1
41 51 155 25 2065 1
42 2 134 13 1632 1
43 7 165 12 2463 1
44 13 165 12 2463 1
45 8 143 15 1633 1
46 5 146 9 1726 1
47 9 146 9 1726 1
48 16 140 14 2266 1
49 31 140 14 2266 1
50 22 135 9 611 1
51 43 135 9 611 1
52 15 145 12 2065 1
53 27 160 25 4719 1
54 12 113 9 520 1
55 5 183 9 1229 1
56 10 143 18 2743 1
57 16 120 16 1893 1
58 12 189 26 4940 1
59 17 126 6 894 1
60 15 122 9 1102 1
61 16 174 13 1475 1
62 31 174 13 1475 1
63 24 167 21 3178 1
64 16 173 15 3288 1
65 10 176 20 3080 1
66 19 176 20 3080 1
67 28 176 20 3080 1
68 37 176 20 3080 1
69 12 140 20 4145 1
70 9 145 25 5009 1
71 17 145 25 5009 1
72 16 163 5 636 1
73 16 137 8 659 1
74 5 181 7 1369 1
75 12 146 15 1417 1
76 23 146 15 1417 1
77 7 148 18 2140 1
78 13 148 18 2140 1
79 7 135 19 2641 1
80 6 173 16 1843 1
81 8 162 13 2557 1
82 10 133 17 3242 1
83 10 175 20 2013 1
84 11 180 26 6323 1
85 4 122 14 1716 1
86 7 168 14 1441 1
87 13 168 14 1441 1
88 19 168 14 1441 1
89 25 168 14 1441 1
90 31 168 14 1441 1
91 37 168 14 1441 1
92 43 168 14 1441 1
93 13 183 13 3396 1
94 4 188 14 2199 1
95 7 172 16 1982 1
96 4 168 18 1660 1
97 58 181 16 2079 1
98 18 143 3 269 1
99 5 176 22 3038 1
100 9 176 22 3038 1
101 13 176 22 3038 1
102 1 191 15 3558 1
103 15 187 10 1367 1
104 19 160 17 3406 1
105 15 121 11 1550 1
106 9 154 24 2435 1
107 17 154 24 2435 1
108 8 185 14 2608 1
109 23 126 26 2764 1
110 45 126 26 2764 1
111 12 143 8 832 1
112 3 112 8 1304 1
113 5 183 8 1103 1
114 3 176 38 5683 1
115 5 176 38 5683 1
116 7 176 38 5683 1
117 13 113 12 1892 1
118 25 113 12 1892 1
119 7 175 14 3395 1
120 13 175 14 3395 1
121 19 175 14 3395 1
122 15 169 24 5037 1
123 7 159 22 2645 1
124 23 150 16 1572 1
125 20 175 25 4578 1
126 11 145 11 2122 1
127 9 185 17 3842 1
128 3 169 22 2516 1
129 5 169 22 2516 1
130 15 130 11 1186 1
131 18 175 9 1762 1
132 35 175 9 1762 1
133 6 180 18 2951 1
134 15 148 12 1246 1
135 29 148 12 1246 1
136 43 148 12 1246 1
137 8 148 13 1069 1
138 15 148 13 1069 1
139 16 181 18 4609 1
140 6 135 10 1487 1
141 11 135 10 1487 1
142 16 135 10 1487 1
143 2 163 6 1249 1
144 8 181 15 2319 1
145 23 122 12 2051 1
146 45 122 12 2051 1
147 67 122 12 2051 1
148 24 170 8 1201 1
149 17 163 24 3604 1
150 3 184 21 5062 1
151 5 184 21 5062 1
152 7 184 21 5062 1
153 9 184 21 5062 1
154 11 184 21 5062 1
155 15 189 16 3423 1
156 29 189 16 3423 1
157 6 184 44 11284 1
158 11 184 44 11284 1
159 7 184 13 3077 1
160 13 184 13 3077 1
161 8 170 23 2186 1
162 9 170 16 1704 1
163 9 116 13 2092 1
164 17 116 13 2092 1
165 8 163 16 1526 1
166 29 165 18 1631 1
167 17 147 20 4390 1
168 6 174 18 2173 1
169 6 178 26 3661 1
170 11 178 26 3661 1
171 16 178 26 3661 1
172 5 148 6 1165 1
173 9 148 6 1165 1
174 13 148 6 1165 1
175 17 148 6 1165 1
176 21 148 6 1165 1
177 25 148 6 1165 1
178 12 91 1 114 1
179 23 91 1 114 1
180 34 91 1 114 1
181 45 91 1 114 1
182 27 176 23 2536 1
183 4 145 13 2713 1
184 7 145 13 2713 1
185 16 144 26 3648 1
186 16 170 14 2357 1
187 11 101 7 367 1
188 21 101 7 367 1
189 31 101 7 367 1
190 5 165 18 4332 1
191 16 187 25 5626 1
192 2 166 15 3731 1
193 3 166 15 3731 1
194 4 166 15 3731 1
195 5 166 15 3731 1
196 7 169 16 3798 1
197 7 154 15 3164 1
198 13 154 15 3164 1
199 6 133 19 2389 1
200 16 140 7 1315 1
201 22 185 17 2617 1
202 29 160 18 3921 1
203 57 160 18 3921 1
204 24 91 12 1349 1
205 47 91 12 1349 1
206 11 149 11 1497 1
207 21 149 11 1497 1
208 31 149 11 1497 1
209 41 149 11 1497 1
210 8 101 11 1419 1
211 5 122 11 708 1
212 8 162 10 817 1
213 15 162 10 817 1
214 22 162 10 817 1
215 29 162 10 817 1
216 36 162 10 817 1
217 9 150 13 2626 1
218 17 150 13 2626 1
219 25 150 13 2626 1
220 33 150 13 2626 1
221 5 181 13 2636 1
222 9 181 13 2636 1
223 13 181 13 2636 1
224 3 146 19 1965 1
225 24 165 24 5035 1
226 47 165 24 5035 1
227 15 121 12 829 1
228 19 182 21 2471 1
229 10 121 8 508 1
230 19 121 8 508 1
231 5 180 15 2915 1
232 9 180 15 2915 1
233 10 187 14 2809 1
234 3 191 23 2278 1
235 5 191 23 2278 1
236 7 191 23 2278 1
237 2 113 7 1143 1
238 14 187 12 3221 1
239 13 155 13 1375 1
240 25 155 13 1375 1
241 20 180 27 2441 1
242 39 180 27 2441 1
243 58 180 27 2441 1
244 77 180 27 2441 1
245 12 184 16 3797 1
246 14 175 35 6844 1
247 55 113 11 834 1
248 11 159 12 2767 1
249 21 159 12 2767 1
250 14 172 4 768 1
251 27 172 4 768 1
252 40 172 4 768 1
253 10 134 12 1709 1
254 2 158 2 176 1
255 53 166 12 1921 1
256 17 187 18 3184 1
257 6 168 15 2385 1
258 10 168 26 2370 1
259 2 134 23 3122 1
260 3 134 23 3122 1
261 4 134 23 3122 1
262 5 134 23 3122 1
263 6 134 23 3122 1
264 6 101 15 975 1
265 11 101 15 975 1
266 15 150 14 1406 1
267 29 150 14 1406 1
268 16 171 19 4707 1
269 3 169 18 2584 1
270 9 157 26 4175 1
271 17 157 26 4175 1
272 19 116 7 454 1
273 5 159 14 2253 1
274 9 159 14 2253 1
275 5 191 22 4450 1
276 6 141 15 2916 1
277 11 141 15 2916 1
278 16 141 15 2916 1
279 21 141 15 2916 1
280 26 141 15 2916 1
281 24 185 11 2652 1
282 14 177 10 1090 1
283 1 183 30 7982 1
284 10 133 11 960 1
285 8 112 14 1125 1
286 15 112 14 1125 1
287 15 141 11 1716 1
288 24 174 22 3398 1
289 47 174 22 3398 1
290 70 174 22 3398 1
291 93 174 22 3398 1
292 8 178 31 6031 1
293 16 120 14 1215 1
294 3 141 15 1622 1
295 12 148 10 2176 1
296 19 122 14 959 1
297 10 184 9 1271 1
298 19 184 9 1271 1
299 15 163 15 1265 1
300 17 169 9 1143 1
301 10 159 19 2564 1
302 19 159 19 2564 1
303 28 159 19 2564 1
304 21 167 13 3182 1
305 41 167 13 3182 1
306 61 167 13 3182 1
307 81 167 13 3182 1
308 15 159 12 1117 1
309 29 159 12 1117 1
310 43 159 12 1117 1
311 24 116 10 1598 1
312 55 147 22 1636 1
313 6 154 12 1955 1
314 11 154 12 1955 1
315 16 145 17 3585 1
316 8 91 13 1433 1
317 15 91 13 1433 1
318 11 149 13 1879 1
319 84 157 16 2702 1
320 17 150 19 3754 1
321 47 173 24 3210 1
322 4 178 15 1714 1
323 7 178 15 1714 1
324 10 178 15 1714 1
325 13 178 15 1714 1
326 16 178 15 1714 1
327 8 167 18 2569 1
328 15 167 18 2569 1
329 6 149 12 2183 1
330 11 149 12 2183 1
331 16 149 12 2183 1
332 21 149 12 2183 1
333 21 125 12 929 1
334 26 144 10 1170 1
335 18 163 21 3676 1
336 18 165 20 3767 1
337 9 175 28 3336 1
338 17 175 28 3336 1
339 25 175 28 3336 1
340 7 188 23 3091 1
341 13 188 23 3091 1
342 19 188 23 3091 1
343 25 188 23 3091 1
344 7 155 4 877 1
345 13 155 4 877 1
346 19 155 4 877 1
347 5 133 13 2147 1
348 11 175 20 3521 1
349 20 172 23 4537 1
350 15 187 28 3064 1
351 6 157 25 3858 1
352 14 180 20 3630 1
353 27 180 20 3630 1
354 9 191 18 4665 1
355 17 191 18 4665 1
356 10 184 32 7124 1
357 6 120 12 832 1
358 5 135 7 610 1
359 9 135 7 610 1
360 7 184 19 4072 1
361 19 175 9 1415 1
362 6 134 17 1698 1
363 11 134 17 1698 1
364 16 134 17 1698 1
365 12 155 16 1411 1
366 8 87 3 310 1
367 3 180 7 1420 1
368 5 167 11 1531 1
369 9 167 11 1531 1
370 2 91 7 454 1
371 15 147 9 1237 1
372 5 168 13 2302 1
373 15 191 18 1852 1
374 4 163 14 2238 1
375 7 163 14 2238 1
376 6 183 19 3456 1
377 30 147 18 1827 1
378 59 147 18 1827 1
379 16 178 20 3605 1
380 31 178 20 3605 1
381 9 176 23 5035 1
382 12 134 3 398 1
383 25 170 11 2049 1
384 49 170 11 2049 1
385 73 170 11 2049 1
386 12 163 14 2255 1
387 10 178 17 3409 1
388 17 175 14 2744 1
389 8 144 12 2202 1
390 7 130 9 903 1
391 8 166 13 1197 1
392 14 187 20 3870 1
393 6 175 20 2961 1
394 11 175 20 2961 1
395 16 172 8 1045 1
396 3 113 5 824 1
397 5 113 5 824 1
398 7 113 5 824 1
399 9 113 5 824 1
400 11 113 5 824 1
401 15 148 13 2384 1
402 30 150 12 1959 1
403 4 187 25 3676 1
404 7 137 13 1045 1
405 15 189 10 1369 1
406 9 126 12 1135 1
407 22 121 13 2322 1
408 17 194 26 5102 1
409 33 194 26 5102 1
410 3 193 25 4376 1
411 20 196 14 2799 1
412 39 196 14 2799 1
413 8 194 7 1832 1
414 15 194 7 1832 1
415 8 196 26 3332 1
416 8 195 11 2352 1
417 15 195 11 2352 1
418 9 197 11 2654 1
419 17 197 11 2654 1
420 11 193 17 2694 1
421 12 197 16 2602 1
422 14 194 16 4533 1
423 27 194 16 4533 1
424 40 194 16 4533 1
425 53 194 16 4533 1
426 8 196 14 2830 1
427 8 193 6 995 1
428 11 197 9 1139 1
429 25 197 12 2119 1
430 8 195 29 7170 1
431 12 197 14 3860 1
432 23 197 14 3860 1
433 34 197 14 3860 1
434 14 196 10 2886 1
435 31 196 20 2119 1
436 2 194 28 6262 1
437 32 216 14 3335 1
438 63 216 14 3335 1
439 9 216 9 1911 1
440 17 216 9 1911 1
441 31 211 11 1649 1
442 15 202 13 2502 1
443 12 198 16 4647 1
444 7 201 15 2370 1
445 9 199 16 1925 1
446 45 221 10 1334 1
447 28 200 11 2677 1
448 6 209 25 3221 1
449 31 212 16 3977 1
450 56 202 10 2033 1
451 7 199 8 1028 1
452 22 202 15 2395 1
453 20 210 15 4596 1
454 39 210 15 4596 1
455 3 210 15 1664 1
456 25 211 25 3208 1
457 12 212 14 3830 1
458 5 216 13 3947 1
459 2 208 16 4328 1
460 14 217 18 2388 1
461 52 210 14 1818 1
462 8 221 16 5233 1
463 15 221 16 5233 1
464 31 222 21 4720 1
465 61 222 21 4720 1
466 8 202 14 2610 1
467 10 224 17 2132 1
468 37 221 25 7732 1
469 37 223 13 2258 1
470 13 200 10 1095 1
471 21 198 13 3511 1
472 14 211 8 1241 1
473 27 211 8 1241 1
474 9 216 21 4942 1
475 17 216 21 4942 1
476 27 198 14 2915 1
477 6 199 10 1113 1
478 11 199 10 1113 1
479 16 199 10 1113 1
480 21 199 10 1113 1
481 30 220 9 1561 1
482 22 208 16 4690 1
483 27 217 29 5163 1
484 6 201 11 1688 1
485 8 209 15 3021 1
486 15 209 15 3021 1
487 22 209 15 3021 1
488 7 209 15 2428 1
489 13 209 15 2428 1
490 6 202 14 2638 1
491 28 217 16 5041 1
492 50 208 19 4868 1
493 3 224 11 1297 1
494 177 210 19 5362 1
495 34 226 19 4734 1
496 55 199 13 2241 1
497 12 201 16 4300 1
498 9 224 7 2023 1
499 30 200 6 1359 1
500 31 220 18 2708 1
501 11 220 7 1055 1
502 10 212 7 2149 1
503 26 208 14 4045 1
504 42 208 13 2024 1
505 9 220 8 1635 1
506 3 221 20 2790 1
507 27 210 18 4160 1
508 11 220 27 5701 1
509 40 198 28 5107 1
510 8 212 19 4094 1
511 15 212 19 4094 1
512 8 201 19 4706 1
513 27 202 17 4144 1
514 53 202 17 4144 1
515 14 216 11 1682 1
516 6 212 15 3081 1
517 11 212 15 3081 1
518 16 212 15 3081 1
519 25 212 11 2180 1
520 21 222 13 2470 1
521 41 222 13 2470 1
522 61 222 13 2470 1
523 8 222 11 3518 1
524 15 222 11 3518 1
525 22 222 11 3518 1
526 26 212 13 2153 1
527 51 212 13 2153 1
528 7 211 18 5063 1
529 8 220 16 4118 1
530 15 221 13 1747 1
531 29 212 19 2396 1
532 12 208 11 2622 1
533 7 202 8 2049 1
534 13 202 8 2049 1
535 9 210 14 2953 1
536 17 210 14 2953 1
537 25 213 17 3835 1
538 35 216 23 4302 1
539 12 211 13 3243 1
540 22 226 8 2290 1
541 34 208 18 3145 1
542 24 212 17 3984 1
543 43 208 11 2949 1
544 9 224 19 5162 1
545 15 208 16 1873 1
546 29 208 16 1873 1
547 7 208 17 4179 1
548 67 212 21 5525 1
549 133 212 21 5525 1
550 30 202 17 4297 1
551 16 198 14 1933 1
552 52 217 22 4383 1
553 29 226 21 6889 1
554 29 201 12 2147 1
555 57 201 12 2147 1
556 21 216 16 1854 1
557 27 223 20 4718 1
558 9 221 4 897 1
559 17 221 4 897 1
560 22 223 19 2677 1
561 43 223 19 2677 1
562 23 261 7 1840 1
563 45 261 7 1840 1
564 67 261 7 1840 1
565 16 235 11 2268 1
566 14 227 13 3479 1
567 47 245 10 3345 1
568 52 242 11 2575 1
569 1 237 13 4295 1
570 21 263 20 3595 1
571 27 245 12 3594 1
572 53 245 12 3594 1
573 17 236 11 1719 1
574 23 250 24 5663 1
575 22 255 26 5120 1
576 2 262 13 2243 1
577 5 236 15 4176 1
578 9 236 15 4176 1
579 31 255 9 2246 1
580 61 255 9 2246 1
581 28 236 10 3318 1
582 27 252 25 6081 1
583 5 227 21 3220 1
584 9 227 21 3220 1
585 5 235 10 1788 1
586 19 260 2 377 1
587 25 260 11 3398 1
588 54 261 24 4345 1
589 107 261 24 4345 1
590 16 237 12 2754 1
591 31 237 12 2754 1
592 26 237 10 2872 1
593 14 228 26 3532 1
594 4 236 11 3288 1
595 43 229 17 2692 1
596 85 229 17 2692 1
597 65 259 8 2314 1
598 23 260 18 3541 1
599 45 260 18 3541 1
600 23 239 11 1763 1
601 37 262 23 4953 1
602 31 259 15 2522 1
603 6 227 19 6163 1
604 11 227 19 6163 1
605 16 227 19 6163 1
606 29 231 13 1855 1
607 29 235 11 3456 1
608 22 229 15 3923 1
609 43 229 15 3923 1
610 6 229 9 1737 1
611 11 229 9 1737 1
612 7 261 11 2894 1
613 23 236 16 4043 1
614 42 231 9 1375 1
615 48 247 16 3575 1
616 1 227 20 4152 1
617 24 260 14 2176 1
618 8 227 11 3317 1
619 15 227 11 3317 1
620 7 255 24 7982 1
621 60 242 22 6261 1
622 23 227 22 5907 1
623 20 261 27 4316 1
624 6 259 14 4959 1
625 52 255 27 6805 1
626 15 256 15 4913 1
627 27 261 7 2435 1
628 16 232 11 2300 1
629 31 232 11 2300 1
630 54 235 19 5304 1
631 24 228 11 1578 1
632 5 261 14 3126 1
633 17 235 12 3262 1
634 8 252 13 2873 1
635 35 245 12 3686 1
636 7 232 14 1731 1
637 14 232 13 2840 1
638 24 239 20 3557 1
639 47 239 20 3557 1
640 27 241 18 4376 1
641 15 259 20 4176 1
642 77 252 22 5869 1
643 26 236 24 8250 1
644 15 237 18 5834 1
645 79 262 21 7912 1
646 157 262 21 7912 1
647 26 232 20 2501 1
648 16 229 20 5221 1
649 29 237 7 2298 1
650 11 239 15 3312 1
651 22 260 12 2873 1
652 5 228 11 3287 1
653 9 228 11 3287 1
654 19 260 19 3295 1
655 37 260 19 3295 1
656 55 260 19 3295 1
657 55 232 8 1481 1
658 23 235 13 2812 1
659 17 260 20 5027 1
660 30 252 4 1212 1
661 5 242 8 2173 1
662 33 262 12 3556 1
663 65 262 12 3556 1
664 23 250 13 4133 1
665 45 250 13 4133 1
666 5 263 17 5162 1
667 7 255 15 2472 1
668 13 255 15 2472 1
669 36 245 10 2031 1
670 17 252 10 2253 1
671 6 263 3 806 1
672 22 236 13 3519 1
673 3 239 18 2948 1
674 53 256 21 3952 1
675 8 240 14 3589 1
676 26 262 22 8405 1
677 1 227 16 2434 1
678 36 228 18 4541 1
679 29 227 3 1018 1
680 18 260 10 3339 1
681 7 227 17 3860 1
682 14 241 18 4663 1
683 31 232 15 2232 1
684 29 275 15 2901 1
685 17 266 13 2725 1
686 33 266 13 2725 1
687 26 295 18 5340 1
688 26 299 8 2201 1
689 7 295 8 2279 1
690 12 302 19 4490 1
691 23 302 19 4490 1
692 23 285 8 1502 1
693 3 302 22 8142 1
694 79 264 25 4775 1
695 8 295 27 5246 1
696 21 264 14 4370 1
697 42 265 15 4108 1
698 4 300 21 7934 1
699 69 268 24 5698 1
700 137 268 24 5698 1
701 21 270 8 3180 1
702 9 283 11 1564 1
703 23 268 20 5240 1
704 163 269 19 5563 1
705 95 276 20 8238 1
706 39 279 19 5273 1
707 23 279 15 5412 1
708 45 279 15 5412 1
709 33 280 16 3865 1
710 21 270 13 3879 1
711 41 270 13 3879 1
712 9 277 19 4163 1
713 35 267 16 3722 1
714 25 281 16 2597 1
715 2 264 9 3554 1
716 18 278 10 2721 1
717 24 277 18 6651 1
718 23 272 6 2386 1
719 12 275 19 5139 1
720 21 272 16 3954 1
721 22 265 12 4659 1
722 7 300 13 3055 1
723 9 299 21 8767 1
724 37 266 12 2520 1
725 6 294 23 3761 1
726 24 269 21 5023 1
727 56 264 10 1859 1
728 21 299 11 4406 1
729 30 295 17 2916 1
730 93 301 11 4404 1
731 34 271 20 7239 1
732 19 283 36 11057 1
733 67 279 16 3598 1
734 22 275 20 4895 1
735 11 264 22 3371 1
736 21 264 22 3371 1
737 20 295 25 5418 1
738 39 295 25 5418 1
739 51 279 14 5081 1
740 23 275 24 7065 1
741 11 283 16 4272 1
742 21 283 16 4272 1
743 20 268 14 2853 1
744 13 277 36 6390 1
745 25 277 36 6390 1
746 68 267 13 5037 1
747 21 281 29 9166 1
748 41 281 29 9166 1
749 24 271 10 2998 1
750 47 271 10 2998 1
751 39 278 21 5440 1
752 3 279 15 4353 1
753 5 279 15 4353 1
754 15 277 19 6398 1
755 29 277 19 6398 1
756 43 277 19 6398 1
757 87 269 15 2079 1
758 2 272 18 6573 1
759 13 292 13 4889 1
760 92 281 19 4718 1
761 22 293 18 2654 1
762 32 280 10 4163 1
763 63 280 10 4163 1
764 22 295 10 2023 1
765 1 281 6 2394 1
766 25 275 11 3375 1
767 15 296 13 4051 1
768 29 296 13 4051 1
769 21 277 16 4657 1
770 35 281 20 3035 1
771 37 279 17 5989 1
772 23 283 18 6663 1
773 19 290 4 1695 1
774 37 290 4 1695 1
775 55 290 4 1695 1
776 47 281 3 1261 1
777 27 292 17 4232 1
778 23 292 11 2399 1
779 26 295 19 7647 1
780 51 295 19 7647 1
781 32 270 25 5426 1
782 26 276 14 2612 1
783 51 276 14 2612 1
784 28 268 20 3408 1
785 14 268 3 431 1
786 25 276 12 4220 1
787 26 290 16 5702 1
788 52 295 4 1753 1
789 44 283 19 3179 1
790 6 280 19 7575 1
791 15 281 23 5988 1
792 18 290 12 4141 1
793 35 290 12 4141 1
794 7 301 12 3569 1
795 16 277 13 3228 1
796 29 268 13 5111 1
797 4 294 18 3590 1
798 7 294 18 3590 1
799 2 271 21 7951 1
800 18 301 12 2234 1
801 35 301 12 2234 1
802 23 300 14 3108 1
803 45 300 14 3108 1
804 83 270 17 4374 1
805 20 283 6 2097 1
806 40 294 16 3358 1
807 57 279 14 4667 1
808 16 269 29 6922 1
809 31 269 29 6922 1
810 25 276 11 1918 1
811 67 294 5 787 1
812 23 265 18 4686 1
813 3 283 20 8249 1
814 5 283 20 8249 1
815 7 283 20 8249 1
816 44 267 21 7495 1
817 21 281 29 7343 1
818 34 267 19 2621 1
819 33 276 19 4255 1
820 48 268 11 2032 1
821 3 281 12 4637 1
822 5 281 12 4637 1
823 52 275 13 4752 1
824 39 267 11 2444 1
825 25 293 9 1451 1
826 7 285 19 3860 1
827 13 285 19 3860 1
828 19 285 19 3860 1
829 39 276 17 3282 1
830 21 294 9 3464 1
831 20 269 22 7707 1
832 39 269 22 7707 1
833 45 290 9 1897 1
834 21 296 16 6752 1
835 22 279 20 7453 1
836 3 281 8 2531 1
837 23 299 18 2932 1
838 67 295 23 8550 1
839 164 271 11 3807 1
840 24 299 21 7296 1
841 28 302 23 10193 1
842 55 302 23 10193 1
843 82 302 23 10193 1
844 6 270 17 4621 1
845 2 278 12 4997 1
846 2 296 15 4921 1
847 2 296 22 5413 1
848 80 279 21 5803 1
849 15 278 20 6589 1
850 27 281 14 5743 1
851 23 279 27 11190 1
852 12 275 14 5663 1
853 67 266 13 3480 1
854 21 278 19 5860 1
855 41 278 19 5860 1
856 22 275 17 2670 1
857 25 269 11 3234 1
858 5 283 14 3737 1
859 13 299 21 8446 1
860 25 299 21 8446 1
861 19 292 23 9891 1
862 6 271 9 3362 1
863 28 316 12 2268 1
864 23 331 15 3057 1
865 56 321 19 4628 1
866 111 321 19 4628 1
867 26 331 36 13612 1
868 17 305 17 6973 1
869 62 325 34 13730 1
870 21 332 26 10659 1
871 30 334 25 10435 1
872 59 334 25 10435 1
873 88 334 25 10435 1
874 117 334 25 10435 1
875 20 304 13 4766 1
876 39 304 13 4766 1
877 21 305 25 6515 1
878 55 334 13 3216 1
879 48 332 21 6156 1
880 46 336 12 2637 1
881 91 336 12 2637 1
882 26 333 27 7636 1
883 9 336 24 6747 1
884 18 336 25 4784 1
885 24 325 21 9939 1
886 53 332 11 4622 1
887 53 337 29 8794 1
888 27 321 24 9891 1
889 67 335 19 6920 1
890 22 321 31 14913 1
891 25 334 14 4869 1
892 26 318 10 2913 1
893 51 318 10 2913 1
894 26 338 18 8555 1
895 16 337 15 5784 1
896 67 332 20 8214 1
897 27 333 30 12238 1
898 50 306 10 4461 1
899 53 304 19 5646 1
900 41 321 15 4782 1
901 63 333 16 6413 1
902 125 333 16 6413 1
903 73 316 20 3345 1
904 28 336 20 7918 1
905 26 332 13 3257 1
906 25 331 19 4528 1
907 49 331 19 4528 1
908 15 332 14 5045 1
909 33 306 11 2817 1
910 13 302 16 5716 1
911 71 337 34 6094 1
912 26 332 12 2461 1
913 27 331 19 9201 1
914 31 338 16 7851 1
915 30 335 16 3621 1
916 59 321 15 3629 1
917 86 332 28 6129 1
918 15 304 10 4185 1
919 60 331 24 11128 1
920 66 318 9 4078 1
921 66 318 22 7676 1
922 62 329 15 6876 1
923 26 323 8 3871 1
924 49 325 14 3403 1
925 97 325 14 3403 1
926 56 318 16 7113 1
927 25 333 17 6620 1
928 28 305 15 2493 1
929 26 302 22 6040 1
930 32 331 26 4743 1
931 52 329 11 1907 1
932 25 336 16 5564 1
933 17 336 34 15545 1
934 69 337 11 4028 1
935 44 332 18 3539 1
936 26 338 21 5097 1
937 21 334 23 4911 1
938 28 304 25 8710 1
939 22 338 19 8386 1
940 29 319 13 3702 1
941 22 331 13 6364 1
942 49 318 22 7059 1
943 28 336 26 7437 1
944 27 334 14 6161 1
945 14 331 17 6280 1
946 60 333 11 1996 1
947 119 333 11 1996 1
948 23 305 19 7107 1
949 29 332 20 5812 1
950 65 318 12 4699 1
951 20 321 17 5658 1
952 39 321 17 5658 1
953 58 321 17 5658 1
954 55 399 26 11929 1
955 50 350 28 11472 1
956 105 400 21 7747 1
957 69 396 23 6699 1
958 47 365 19 9351 1
959 19 400 31 14698 1
960 76 400 18 4955 1
961 18 353 25 12612 1
962 46 398 23 12406 1
963 25 349 22 10239 1
964 69 367 24 7497 1
965 73 398 18 8779 1
966 51 348 14 3613 1
967 30 398 30 12625 1
968 22 347 23 4455 1
969 25 364 20 6913 1
970 54 347 31 6855 1
971 56 349 28 8387 1
972 36 398 14 7331 1
973 80 369 21 10472 1
974 80 365 18 6518 1
975 159 365 18 6518 1
976 54 349 20 7096 1
977 51 353 18 4256 1
978 80 368 21 9332 1
979 30 364 16 4251 1
980 27 347 14 5139 1
981 23 353 19 8686 1
982 18 350 29 7161 1
983 35 350 29 7161 1
984 105 351 12 2361 1
985 123 396 26 7270 1
986 31 349 22 11250 1
987 65 353 22 10233 1
988 51 365 12 3035 1
989 23 353 13 4914 1
990 45 353 13 4914 1
991 67 367 24 8676 1
992 48 350 20 4435 1
993 72 365 25 5281 1
994 94 347 32 9367 1
995 24 347 27 7555 1
996 28 350 27 11395 1
997 77 369 26 12922 1
998 61 347 15 7651 1
999 78 399 22 6790 1
1000 54 364 21 4365 1
1001 77 351 28 14205 1
1002 51 350 29 7482 1
1003 72 347 4 741 1
1004 70 348 20 7650 1
1005 48 399 32 9900 1
1006 26 367 21 8239 1
1007 79 396 31 15500 1
1008 5 349 17 5939 1
1009 28 396 25 5761 1
1010 46 366 13 2936 1
1011 18 368 24 8563 1
1012 35 368 24 8563 1
1013 51 349 17 5723 1
1014 51 349 21 6414 1
1015 14 350 3 550 1
1016 25 368 17 7010 1
1017 122 398 16 3250 1
1018 19 349 25 7800 1
1019 86 398 28 14378 1
1020 46 364 13 5564 1
1021 91 364 13 5564 1
1022 136 364 13 5564 1
1023 181 364 13 5564 1
1024 119 348 27 12734 1
1025 110 350 30 7659 1
1026 19 347 28 7245 1
1027 37 347 28 7245 1
1028 46 367 9 4385 1
1029 32 367 22 4673 1
1030 80 369 17 5462 1
1031 51 396 17 3447 1
1032 80 364 27 6437 1
1033 52 368 23 8990 1
1034 68 347 8 2355 1
1035 55 364 29 5941 1
1036 67 349 16 7685 1
1037 28 351 24 11091 1
40
235 400 530 450 480 440 440 544 580 580 580 540 600 610 575 660 450 450 375 450 450 600 600 600 400 426 500 500 500 500 500 500 600 600 600 400 400 600 425 425 