1037
1 12 165 18 1698 1
2 23 165 18 1698 1
3 34 165 18 1698 1
4 31 135 13 2024 1
5 61 135 13 2024 1
6 6 173 13 1445 1
7 11 173 13 1445 1
8 12 178 23 4795 1
9 23 178 23 4795 1
10 6 155 16 3285 1
11 7 140 14 2895 1
12 7 125 5 508 1
13 22 187 21 2909 1
14 20 175 13 1543 1
15 19 125 18 2493 1
16 5 150 14 1467 1
17 17 181 15 1610 1
18 7 167 14 3504 1
19 13 167 14 3504 1
20 7 157 19 2543 1
21 13 157 19 2543 1
22 7 188 20 3079 1
23 93 187 15 4185 1
24 19 178 15 3990 1
25 37 178 15 3990 1
26 3 91 8 686 1
27 5 91 8 686 1
28 7 145 10 1414 1
29 13 145 10 1414 1
30 16 152 8 756 1
31 6 91 11 1017 1
32 15 159 23 5268 1
33 1 163 9 1366 1
34 25 91 9 530 1
35 16 159 16 1382 1
36 20 169 8 1656 1
37 39 169 8 1656 1
38 58 169 8 1656 1
39 12 146 13 1445 1
40 23 146 13 1445 1
41 3 158 15 1361 1
42 87 155 10 1696 1
43 11 144 15 2779 1
44 3 112 29 4229 1
45 15 185 19 4610 1
46 11 162 20 4458 1
47 5 149 17 1878 1
48 7 168 11 1656 1
49 8 145 11 2181 1
50 7 121 13 2323 1
51 18 116 9 787 1
52 7 158 17 2755 1
53 17 162 12 2053 1
54 20 173 20 4504 1
55 23 149 15 3086 1
56 16 178 20 2013 1
57 16 145 23 1714 1
58 8 162 20 4342 1
59 15 162 20 4342 1
60 22 162 20 4342 1
61 8 137 14 1974 1
62 24 154 20 4091 1
63 6 157 14 2645 1
64 7 180 16 3016 1
65 13 180 16 3016 1
66 19 180 16 3016 1
67 16 135 12 1192 1
68 15 150 10 1196 1
69 4 134 15 2156 1
70 16 184 15 3115 1
71 16 163 18 3013 1
72 31 163 18 3013 1
73 10 175 19 4219 1
74 19 175 19 4219 1
75 15 170 18 4230 1
76 2 149 12 1748 1
77 3 149 12 1748 1
78 4 149 12 1748 1
79 5 149 12 1748 1
80 8 154 18 2219 1
81 5 159 14 1690 1
82 9 159 14 1690 1
83 13 159 14 1690 1
84 17 159 14 1690 1
85 21 159 14 1690 1
86 25 159 14 1690 1
87 20 113 15 1770 1
88 1 121 16 2399 1
89 1 121 16 2399 1
90 1 121 16 2399 1
91 1 121 16 2399 1
92 1 121 16 2399 1
93 7 183 23 2291 1
94 13 183 23 2291 1
95 10 182 15 1993 1
96 5 91 13 1442 1
97 9 91 13 1442 1
98 2 154 10 1482 1
99 10 184 14 2587 1
100 5 169 22 4029 1
101 11 188 18 4111 1
102 21 188 18 4111 1
103 29 150 18 3365 1
104 57 150 18 3365 1
105 12 162 22 5123 1
106 23 162 22 5123 1
107 34 162 22 5123 1
108 13 113 16 1512 1
109 6 126 13 1980 1
110 11 126 13 1980 1
111 16 126 13 1980 1
112 9 148 16 1783 1
113 17 148 16 1783 1
114 25 148 16 1783 1
115 33 148 16 1783 1
116 15 171 23 5338 1
117 22 178 19 4122 1
118 43 178 19 4122 1
119 16 187 16 4094 1
120 7 134 28 4150 1
121 13 134 28 4150 1
122 19 134 28 4150 1
123 25 134 28 4150 1
124 31 134 28 4150 1
125 6 101 6 393 1
126 11 101 6 393 1
127 16 101 6 393 1
128 4 146 14 2378 1
129 7 146 14 2378 1
130 10 146 14 2378 1
131 6 184 13 2611 1
132 12 131 10 1018 1
133 16 148 2 191 1
134 4 165 11 1235 1
135 7 165 11 1235 1
136 15 133 12 810 1
137 12 180 21 2756 1
138 115 188 18 3176 1
139 8 130 12 1932 1
140 15 130 12 1932 1
141 22 130 12 1932 1
142 5 187 18 4798 1
143 9 187 18 4798 1
144 13 187 18 4798 1
145 15 113 13 758 1
146 12 112 10 1117 1
147 16 133 14 2205 1
148 7 148 14 2148 1
149 9 163 27 4493 1
150 17 141 20 3827 1
151 15 149 10 1081 1
152 11 176 6 862 1
153 21 176 6 862 1
154 31 176 6 862 1
155 12 144 9 1278 1
156 16 181 14 2960 1
157 31 181 14 2960 1
158 46 181 14 2960 1
159 10 158 11 1902 1
160 15 159 22 3736 1
161 15 171 21 4951 1
162 28 181 17 2991 1
163 11 121 15 2053 1
164 21 121 15 2053 1
165 31 121 15 2053 1
166 41 121 15 2053 1
167 9 121 16 974 1
168 15 147 7 1453 1
169 29 147 7 1453 1
170 12 187 18 3775 1
171 7 173 10 1843 1
172 13 173 10 1843 1
173 6 172 25 4312 1
174 11 172 25 4312 1
175 16 172 25 4312 1
176 6 150 15 1853 1
177 11 150 15 1853 1
178 16 150 15 1853 1
179 21 150 15 1853 1
180 26 150 15 1853 1
181 9 176 19 4402 1
182 17 176 19 4402 1
183 25 176 19 4402 1
184 1 191 19 3930 1
185 9 180 26 5230 1
186 17 180 26 5230 1
187 25 180 26 5230 1
188 33 180 26 5230 1
189 5 177 18 4444 1
190 9 177 18 4444 1
191 13 177 18 4444 1
192 8 121 11 801 1
193 27 160 12 2340 1
194 22 152 26 5442 1
195 43 152 26 5442 1
196 64 152 26 5442 1
197 7 181 16 3682 1
198 10 167 6 662 1
199 19 167 6 662 1
200 28 167 6 662 1
201 37 167 6 662 1
202 15 171 23 4496 1
203 7 145 2 361 1
204 15 168 23 4851 1
205 65 147 10 812 1
206 6 87 5 596 1
207 8 112 6 967 1
208 21 146 16 1793 1
209 41 146 16 1793 1
210 26 184 23 5590 1
211 7 168 7 954 1
212 20 125 23 3590 1
213 9 188 10 1560 1
214 17 188 10 1560 1
215 10 137 11 926 1
216 7 159 4 391 1
217 4 145 9 1104 1
218 1 120 14 1668 1
219 18 145 12 901 1
220 35 145 12 901 1
221 2 157 9 801 1
222 3 157 9 801 1
223 13 168 15 1404 1
224 25 168 15 1404 1
225 37 168 15 1404 1
226 27 125 5 818 1
227 18 158 3 685 1
228 6 171 14 1317 1
229 11 171 14 1317 1
230 23 131 12 998 1
231 11 155 7 705 1
232 18 188 23 5591 1
233 5 159 4 430 1
234 9 157 12 1695 1
235 8 165 11 2345 1
236 16 170 26 4147 1
237 4 154 8 761 1
238 4 134 7 781 1
239 15 154 12 1561 1
240 7 154 19 2590 1
241 13 154 19 2590 1
242 19 154 19 2590 1
243 5 168 17 3702 1
244 9 168 17 3702 1
245 55 148 9 1005 1
246 18 169 14 2237 1
247 35 169 14 2237 1
248 52 169 14 2237 1
249 10 141 15 1457 1
250 19 141 15 1457 1
251 3 130 8 755 1
252 5 130 8 755 1
253 7 130 8 755 1
254 9 130 8 755 1
255 20 158 15 2088 1
256 39 158 15 2088 1
257 2 187 13 2786 1
258 3 187 13 2786 1
259 4 187 13 2786 1
260 5 187 13 2786 1
261 17 144 9 1166 1
262 33 144 9 1166 1
263 10 134 15 1677 1
264 7 133 10 1760 1
265 7 182 19 3478 1
266 13 182 19 3478 1
267 3 168 13 3151 1
268 5 168 13 3151 1
269 7 168 13 3151 1
270 91 181 27 3058 1
271 4 141 23 4656 1
272 7 141 23 4656 1
273 10 141 23 4656 1
274 13 141 23 4656 1
275 16 141 23 4656 1
276 19 141 23 4656 1
277 9 126 7 1060 1
278 6 87 7 510 1
279 7 162 4 442 1
280 13 162 4 442 1
281 23 147 21 4416 1
282 45 147 21 4416 1
283 21 143 12 1702 1
284 41 143 12 1702 1
285 22 140 6 852 1
286 4 168 8 1464 1
287 7 168 8 1464 1
288 10 168 8 1464 1
289 1 159 11 2397 1
290 14 147 9 1203 1
291 27 147 9 1203 1
292 40 147 9 1203 1
293 53 147 9 1203 1
294 66 147 9 1203 1
295 79 147 9 1203 1
296 18 162 15 1985 1
297 8 145 16 1667 1
298 15 145 16 1667 1
299 22 145 16 1667 1
300 29 145 16 1667 1
301 3 125 11 1833 1
302 9 183 21 3324 1
303 17 183 21 3324 1
304 9 165 16 1851 1
305 17 165 16 1851 1
306 10 170 21 3721 1
307 9 144 21 3743 1
308 6 170 17 3820 1
309 11 170 17 3820 1
310 16 170 17 3820 1
311 2 135 10 1193 1
312 3 135 10 1193 1
313 4 135 10 1193 1
314 9 166 20 2343 1
315 13 163 12 1401 1
316 25 163 12 1401 1
317 37 163 12 1401 1
318 49 163 12 1401 1
319 12 177 19 4075 1
320 23 177 19 4075 1
321 34 177 19 4075 1
322 45 177 19 4075 1
323 8 112 9 1026 1
324 15 172 13 3157 1
325 8 146 17 3563 1
326 3 171 14 3377 1
327 33 134 10 1465 1
328 65 134 10 1465 1
329 14 150 6 585 1
330 27 150 6 585 1
331 40 150 6 585 1
332 16 116 9 1319 1
333 8 149 9 1762 1
334 9 130 16 2258 1
335 17 130 16 2258 1
336 25 130 16 2258 1
337 16 91 7 468 1
338 31 91 7 468 1
339 15 165 7 1246 1
340 7 112 13 1835 1
341 13 112 13 1835 1
342 19 112 13 1835 1
343 25 112 13 1835 1
344 31 112 13 1835 1
345 21 183 27 2814 1
346 5 120 14 1202 1
347 75 101 10 771 1
348 4 122 16 1620 1
349 9 149 15 2594 1
350 5 87 11 765 1
351 5 147 10 1631 1
352 9 120 5 566 1
353 5 131 5 369 1
354 9 131 5 369 1
355 8 158 9 771 1
356 1 187 25 6461 1
357 1 187 25 6461 1
358 10 173 13 1608 1
359 19 173 13 1608 1
360 28 173 13 1608 1
361 12 155 17 3133 1
362 23 155 17 3133 1
363 3 191 25 2563 1
364 5 191 25 2563 1
365 2 162 17 3800 1
366 3 162 17 3800 1
367 4 162 17 3800 1
368 4 101 14 2005 1
369 1 170 12 2101 1
370 1 170 12 2101 1
371 5 163 17 4144 1
372 9 163 17 4144 1
373 13 163 17 4144 1
374 15 174 11 2160 1
375 14 140 3 492 1
376 5 170 30 3460 1
377 9 170 30 3460 1
378 13 170 30 3460 1
379 17 170 30 3460 1
380 21 170 30 3460 1
381 25 170 30 3460 1
382 29 170 30 3460 1
383 7 157 13 1089 1
384 9 180 11 2140 1
385 9 157 13 2508 1
386 16 189 17 3499 1
387 23 183 48 12750 1
388 2 135 13 1018 1
389 3 135 13 1018 1
390 4 135 13 1018 1
391 5 135 13 1018 1
392 6 135 13 1018 1
393 7 135 13 1018 1
394 8 135 13 1018 1
395 9 135 13 1018 1
396 10 135 13 1018 1
397 11 135 13 1018 1
398 12 135 13 1018 1
399 3 130 12 841 1
400 9 122 13 1009 1
401 3 177 15 1834 1
402 5 177 15 1834 1
403 7 177 15 1834 1
404 16 143 15 2726 1
405 20 143 15 3031 1
406 39 143 15 3031 1
407 4 125 10 1072 1
408 9 196 23 3699 1
409 17 196 23 3699 1
410 46 195 19 3454 1
411 11 196 18 2558 1
412 19 193 5 924 1
413 14 196 20 5194 1
414 27 196 20 5194 1
415 9 194 16 2148 1
416 14 197 19 3563 1
417 13 195 18 2090 1
418 11 197 13 2198 1
419 21 197 13 2198 1
420 17 194 20 4263 1
421 7 196 18 3939 1
422 13 196 18 3939 1
423 11 193 24 2815 1
424 8 196 15 3395 1
425 7 196 12 2710 1
426 49 196 33 8897 1
427 16 196 15 1745 1
428 9 195 4 607 1
429 9 197 7 807 1
430 2 196 16 4138 1
431 3 196 16 4138 1
432 8 194 24 3837 1
433 49 193 28 3236 1
434 15 194 18 3573 1
435 22 197 19 4221 1
436 43 197 19 4221 1
437 19 217 12 2537 1
438 33 217 12 2115 1
439 65 217 12 2115 1
440 30 200 14 2467 1
441 9 200 12 2095 1
442 17 200 12 2095 1
443 3 216 16 5151 1
444 8 209 14 2623 1
445 33 201 15 2093 1
446 65 201 15 2093 1
447 2 224 16 3128 1
448 9 200 12 1259 1
449 17 200 12 1259 1
450 25 200 12 1259 1
451 44 222 15 4586 1
452 29 209 15 4460 1
453 57 209 15 4460 1
454 85 209 15 4460 1
455 113 209 15 4460 1
456 6 209 16 4458 1
457 11 209 16 4458 1
458 23 211 13 2143 1
459 9 221 31 4838 1
460 21 220 14 3950 1
461 26 217 12 3309 1
462 51 217 12 3309 1
463 20 202 20 2299 1
464 2 220 17 2461 1
465 30 211 17 5083 1
466 24 209 13 1686 1
467 47 209 13 1686 1
468 70 209 13 1686 1
469 22 224 12 3508 1
470 33 199 15 3242 1
471 32 222 3 786 1
472 63 222 3 786 1
473 28 200 19 3928 1
474 8 226 17 4053 1
475 15 226 17 4053 1
476 40 220 27 5792 1
477 27 198 14 2357 1
478 53 198 14 2357 1
479 9 212 21 4993 1
480 37 210 13 2593 1
481 161 213 5 1051 1
482 24 226 15 4148 1
483 15 223 13 2480 1
484 29 222 10 2224 1
485 57 222 10 2224 1
486 10 217 20 4655 1
487 5 199 12 2432 1
488 9 199 12 2432 1
489 20 223 14 2330 1
490 39 223 14 2330 1
491 16 216 14 3353 1
492 16 210 12 2920 1
493 7 202 21 5900 1
494 35 200 5 1407 1
495 47 198 6 1198 1
496 17 222 22 5895 1
497 12 211 13 3106 1
498 23 211 13 3106 1
499 7 220 14 2816 1
500 7 200 11 3056 1
501 13 200 11 3056 1
502 19 200 11 3056 1
503 25 201 21 5560 1
504 49 201 21 5560 1
505 24 216 14 3709 1
506 26 210 20 4582 1
507 23 199 15 2447 1
508 2 201 22 5819 1
509 8 210 17 2136 1
510 7 224 3 414 1
511 13 224 3 414 1
512 9 226 19 4955 1
513 17 226 19 4955 1
514 25 226 19 4955 1
515 7 198 18 4958 1
516 45 220 14 2305 1
517 32 200 15 3324 1
518 63 200 15 3324 1
519 27 202 11 1354 1
520 8 220 14 4320 1
521 8 216 27 6698 1
522 25 210 8 2032 1
523 45 199 12 2142 1
524 30 198 18 3891 1
525 6 210 13 3965 1
526 10 216 17 1998 1
527 19 216 17 1998 1
528 26 200 17 1712 1
529 31 211 14 2962 1
530 61 211 14 2962 1
531 9 223 19 5262 1
532 17 223 19 5262 1
533 183 201 10 1156 1
534 6 202 12 2707 1
535 43 198 11 2671 1
536 15 223 15 3602 1
537 5 213 15 3360 1
538 6 210 15 3136 1
539 46 220 19 6266 1
540 91 220 19 6266 1
541 61 216 13 3222 1
542 25 199 8 1889 1
543 49 199 8 1889 1
544 73 199 8 1889 1
545 8 199 15 1941 1
546 2 200 11 1411 1
547 20 221 17 2732 1
548 9 208 15 4121 1
549 12 202 13 3655 1
550 8 209 20 5329 1
551 25 209 8 1078 1
552 15 213 17 3243 1
553 31 200 15 3795 1
554 61 200 15 3795 1
555 91 200 15 3795 1
556 25 210 19 5771 1
557 2 213 14 4184 1
558 3 213 19 5354 1
559 29 212 11 2980 1
560 7 220 20 3993 1
561 34 213 6 1694 1
562 10 259 23 3359 1
563 19 259 23 3359 1
564 28 259 23 3359 1
565 37 259 23 3359 1
566 4 240 3 1023 1
567 22 262 16 5484 1
568 26 262 14 3128 1
569 67 228 9 1226 1
570 21 228 9 2079 1
571 23 240 18 2500 1
572 36 256 19 5032 1
573 36 245 16 5482 1
574 22 236 18 4293 1
575 63 237 13 1974 1
576 8 260 15 5682 1
577 22 260 13 2354 1
578 43 237 15 2605 1
579 45 231 5 1064 1
580 22 239 19 4000 1
581 34 241 12 1567 1
582 22 245 26 7322 1
583 16 259 17 3737 1
584 5 252 20 4051 1
585 9 252 20 4051 1
586 13 252 20 4051 1
587 44 247 3 586 1
588 1 231 18 4953 1
589 1 231 18 4953 1
590 30 250 14 4491 1
591 9 237 14 3034 1
592 29 227 12 1960 1
593 5 231 22 4761 1
594 57 256 14 3532 1
595 58 256 15 2147 1
596 26 261 14 2953 1
597 51 261 14 2953 1
598 57 227 22 3849 1
599 5 260 14 3818 1
600 9 260 14 3818 1
601 28 239 8 1343 1
602 22 252 17 4881 1
603 10 227 9 1068 1
604 19 227 9 1068 1
605 28 227 9 1068 1
606 37 227 9 1068 1
607 27 260 10 3411 1
608 53 260 10 3411 1
609 4 256 17 4856 1
610 36 237 15 4400 1
611 2 229 4 1113 1
612 3 229 4 1113 1
613 30 247 14 2258 1
614 59 247 14 2258 1
615 26 235 12 2072 1
616 27 247 23 6162 1
617 53 247 23 6162 1
618 29 245 13 4340 1
619 58 237 15 4452 1
620 74 262 7 2509 1
621 4 242 14 2522 1
622 7 242 14 2522 1
623 10 242 14 2522 1
624 13 242 14 2522 1
625 36 261 15 3496 1
626 15 242 8 1576 1
627 56 239 6 1422 1
628 26 232 11 1948 1
629 33 229 18 3207 1
630 65 229 18 3207 1
631 97 229 18 3207 1
632 30 228 17 4581 1
633 4 262 17 3528 1
634 28 262 14 2735 1
635 66 255 18 6691 1
636 6 260 21 6014 1
637 23 247 10 1498 1
638 37 236 15 2006 1
639 73 236 15 2006 1
640 39 262 18 2788 1
641 76 232 17 2000 1
642 21 236 11 3314 1
643 50 261 13 2018 1
644 72 232 14 2110 1
645 20 236 22 3966 1
646 3 227 17 4070 1
647 14 262 15 5371 1
648 30 256 13 3795 1
649 31 261 20 3936 1
650 5 239 17 6039 1
651 15 263 22 5719 1
652 29 263 22 5719 1
653 43 263 22 5719 1
654 26 231 13 2071 1
655 51 231 13 2071 1
656 76 231 13 2071 1
657 4 259 13 1724 1
658 47 235 6 1750 1
659 23 255 15 2166 1
660 157 250 22 6477 1
661 4 235 22 3022 1
662 55 227 14 3882 1
663 4 239 14 1729 1
664 55 262 14 4341 1
665 26 252 4 668 1
666 22 237 24 5282 1
667 22 237 9 1449 1
668 43 237 9 1449 1
669 3 237 7 1939 1
670 26 236 7 1131 1
671 51 236 7 1131 1
672 24 229 10 2945 1
673 35 241 13 1912 1
674 25 227 22 2503 1
675 31 255 25 5913 1
676 61 255 25 5913 1
677 4 263 17 3003 1
678 7 263 17 3003 1
679 71 250 18 2282 1
680 6 237 17 4851 1
681 33 229 16 2344 1
682 4 247 6 1461 1
683 7 247 6 1461 1
684 21 299 28 5148 1
685 22 268 13 3376 1
686 31 299 26 10202 1
687 61 299 26 10202 1
688 65 300 19 4425 1
689 5 268 13 4915 1
690 9 268 13 4915 1
691 24 265 10 3844 1
692 47 265 10 3844 1
693 70 295 18 7584 1
694 139 295 18 7584 1
695 21 292 8 2512 1
696 41 292 8 2512 1
697 67 272 23 5209 1
698 20 302 27 10996 1
699 39 302 27 10996 1
700 24 275 13 5056 1
701 22 267 15 4148 1
702 43 267 15 4148 1
703 45 285 6 1385 1
704 24 267 25 6025 1
705 47 267 25 6025 1
706 250 302 16 3444 1
707 23 283 18 6975 1
708 45 283 18 6975 1
709 17 290 20 7163 1
710 29 276 13 5194 1
711 53 268 10 2729 1
712 6 295 16 6455 1
713 11 295 16 6455 1
714 4 272 19 3926 1
715 26 277 12 3265 1
716 57 278 15 3045 1
717 113 278 15 3045 1
718 169 278 15 3045 1
719 27 295 15 2780 1
720 27 271 12 3894 1
721 20 295 26 6695 1
722 44 279 13 4999 1
723 87 279 13 4999 1
724 12 270 15 5429 1
725 19 299 19 4756 1
726 60 280 8 2509 1
727 4 265 16 4516 1
728 4 278 15 3366 1
729 32 270 15 4870 1
730 63 270 15 4870 1
731 1 285 16 4250 1
732 22 300 24 4697 1
733 21 281 22 6902 1
734 22 279 16 3638 1
735 52 266 10 2394 1
736 19 280 5 1925 1
737 95 266 15 4016 1
738 13 290 13 2894 1
739 25 290 13 2894 1
740 37 290 13 2894 1
741 75 278 13 3780 1
742 18 290 29 6178 1
743 35 290 29 6178 1
744 35 285 22 6785 1
745 25 278 16 5235 1
746 49 278 16 5235 1
747 61 300 21 3409 1
748 104 295 20 7287 1
749 24 301 14 2251 1
750 5 294 21 8769 1
751 17 294 20 5598 1
752 2 283 16 2729 1
753 20 264 14 2299 1
754 54 266 6 2339 1
755 107 266 6 2339 1
756 2 302 13 3004 1
757 24 268 14 3032 1
758 33 272 18 7146 1
759 9 293 15 4649 1
760 17 293 15 4649 1
761 104 279 17 6746 1
762 61 301 20 6054 1
763 39 283 22 4093 1
764 3 266 21 6518 1
765 21 268 12 2203 1
766 19 278 19 5286 1
767 65 270 10 3990 1
768 5 295 19 4683 1
769 21 271 19 7586 1
770 28 271 22 4053 1
771 20 290 14 5081 1
772 37 270 19 6824 1
773 23 302 9 2019 1
774 75 301 21 5753 1
775 149 301 21 5753 1
776 31 290 10 4086 1
777 28 300 6 1975 1
778 33 299 10 1707 1
779 20 268 13 4403 1
780 7 295 19 7584 1
781 38 269 18 6242 1
782 75 269 18 6242 1
783 6 294 14 6151 1
784 14 302 17 6695 1
785 41 268 12 3168 1
786 16 269 12 2252 1
787 31 269 12 2252 1
788 44 302 17 2612 1
789 24 270 18 6702 1
790 47 270 18 6702 1
791 38 272 13 3309 1
792 16 265 14 3883 1
793 6 295 10 3441 1
794 11 295 10 3441 1
795 32 271 22 5255 1
796 63 271 22 5255 1
797 58 272 16 4649 1
798 8 267 27 8166 1
799 26 280 23 8527 1
800 5 296 14 5203 1
801 9 296 14 5203 1
802 21 301 21 7623 1
803 41 301 21 7623 1
804 3 270 14 2024 1
805 23 295 29 12505 1
806 45 295 29 12505 1
807 15 299 23 5325 1
808 23 276 6 1943 1
809 29 296 22 6406 1
810 5 268 12 2388 1
811 3 299 24 9681 1
812 1 299 19 8302 1
813 23 285 18 5294 1
814 3 275 19 6502 1
815 5 275 19 6502 1
816 35 264 24 7679 1
817 24 302 11 3765 1
818 38 279 14 3088 1
819 75 279 14 3088 1
820 50 281 13 3323 1
821 59 290 22 5719 1
822 20 292 25 3938 1
823 42 281 19 3150 1
824 14 279 15 3565 1
825 27 279 15 3565 1
826 40 279 15 3565 1
827 24 267 13 3222 1
828 47 267 13 3222 1
829 28 270 11 3861 1
830 18 270 3 808 1
831 40 281 15 2804 1
832 22 275 12 2179 1
833 24 300 20 5409 1
834 67 281 14 2612 1
835 7 281 9 1992 1
836 4 296 19 3234 1
837 7 296 19 3234 1
838 4 281 17 6022 1
839 7 281 17 6022 1
840 19 275 13 5120 1
841 27 265 14 4828 1
842 53 275 10 1605 1
843 26 285 11 2386 1
844 56 275 17 5504 1
845 22 265 13 2352 1
846 25 296 20 8639 1
847 40 299 16 2661 1
848 21 300 33 14000 1
849 17 301 14 4174 1
850 58 293 12 3166 1
851 115 293 12 3166 1
852 172 293 12 3166 1
853 229 293 12 3166 1
854 286 293 12 3166 1
855 144 299 14 3366 1
856 36 272 20 3195 1
857 28 264 17 4616 1
858 55 264 17 4616 1
859 82 264 17 4616 1
860 19 292 32 11910 1
861 17 266 16 5400 1
862 8 267 10 1928 1
863 55 302 11 2935 1
864 27 304 18 6626 1
865 53 304 18 6626 1
866 72 335 16 2848 1
867 16 304 12 4168 1
868 56 340 34 7359 1
869 21 339 18 9116 1
870 84 323 14 2444 1
871 29 304 8 2816 1
872 27 335 31 8195 1
873 31 333 13 2552 1
874 19 323 21 8989 1
875 37 323 21 8989 1
876 63 329 10 2968 1
877 125 329 10 2968 1
878 48 304 16 2576 1
879 29 331 30 8716 1
880 50 316 13 4790 1
881 27 338 16 5199 1
882 27 319 17 4192 1
883 31 306 12 4827 1
884 60 336 27 6071 1
885 18 325 20 5899 1
886 64 304 22 8996 1
887 28 337 25 4240 1
888 27 302 8 2557 1
889 68 332 15 6059 1
890 67 302 20 4577 1
891 56 338 17 4226 1
892 28 321 15 3189 1
893 54 318 15 4655 1
894 65 306 8 1569 1
895 13 323 22 5741 1
896 25 323 22 5741 1
897 25 318 15 4281 1
898 49 318 15 4281 1
899 59 321 17 4192 1
900 24 331 15 4103 1
901 87 337 20 8247 1
902 57 306 16 6559 1
903 3 332 13 3447 1
904 11 316 18 7622 1
905 20 339 19 5130 1
906 70 325 19 4576 1
907 86 305 18 5182 1
908 44 336 13 6284 1
909 28 336 21 7280 1
910 27 337 20 7638 1
911 54 340 16 3350 1
912 28 325 10 3676 1
913 19 336 11 4210 1
914 15 333 32 15433 1
915 27 332 18 7254 1
916 13 305 20 7407 1
917 41 319 23 6856 1
918 28 332 25 6586 1
919 29 323 9 1555 1
920 2 334 15 3557 1
921 60 340 44 11992 1
922 53 329 13 2879 1
923 23 334 19 4557 1
924 55 339 15 6740 1
925 29 334 15 4201 1
926 19 332 16 7321 1
927 18 336 24 4543 1
928 8 339 26 10592 1
929 21 336 20 5332 1
930 26 331 13 5213 1
931 70 319 11 3806 1
932 25 302 12 5301 1
933 51 325 41 11187 1
934 61 329 21 7290 1
935 68 333 16 3132 1
936 68 332 20 9417 1
937 26 304 14 6100 1
938 51 304 14 6100 1
939 28 329 16 6830 1
940 66 325 16 5713 1
941 17 329 15 4117 1
942 63 333 10 2619 1
943 23 323 19 5090 1
944 32 302 14 4594 1
945 28 319 19 3950 1
946 19 335 40 15426 1
947 28 338 15 3297 1
948 50 305 14 5953 1
949 68 319 9 2167 1
950 28 323 26 5982 1
951 28 321 20 4711 1
952 55 321 20 4711 1
953 111 339 19 5094 1
954 29 369 13 6739 1
955 50 398 35 19947 1
956 99 398 35 19947 1
957 29 353 15 5759 1
958 88 364 17 8625 1
959 19 367 23 6735 1
960 48 396 24 7302 1
961 113 369 23 11026 1
962 26 399 25 11322 1
963 25 364 28 10759 1
964 24 396 29 13154 1
965 134 399 25 12196 1
966 49 364 22 8887 1
967 48 369 26 11577 1
968 55 364 18 8696 1
969 24 400 20 9253 1
970 107 369 18 4254 1
971 19 350 17 3917 1
972 70 367 26 8204 1
973 47 365 23 8112 1
974 64 369 24 8084 1
975 48 350 20 5923 1
976 111 353 14 2855 1
977 78 347 24 12027 1
978 111 350 21 4368 1
979 78 399 35 7017 1
980 78 368 29 10192 1
981 57 349 26 10035 1
982 19 399 29 7487 1
983 37 399 29 7487 1
984 47 364 16 4635 1
985 68 400 26 7370 1
986 25 369 8 3620 1
987 66 365 28 13121 1
988 25 364 27 7550 1
989 46 398 40 18797 1
990 121 365 23 8945 1
991 78 366 26 11778 1
992 84 349 36 8841 1
993 19 348 22 6897 1
994 40 347 23 6652 1
995 79 347 23 6652 1
996 77 353 22 4152 1
997 115 368 20 11036 1
998 79 353 23 11042 1
999 78 351 25 10870 1
1000 30 398 20 9806 1
1001 56 369 24 11079 1
1002 23 400 30 15563 1
1003 65 399 18 7681 1
1004 22 348 27 6360 1
1005 26 347 21 10651 1
1006 45 351 17 4616 1
1007 28 353 23 9045 1
1008 47 365 20 4040 1
1009 78 396 30 9461 1
1010 155 396 30 9461 1
1011 95 398 33 12235 1
1012 57 367 29 6201 1
1013 45 365 22 5522 1
1014 20 400 24 11725 1
1015 82 400 27 9013 1
1016 32 399 39 19988 1
1017 61 396 24 13186 1
1018 130 350 12 4321 1
1019 19 351 27 12493 1
1020 23 348 28 12413 1
1021 23 349 23 8261 1
1022 26 367 30 5902 1
1023 25 400 30 8620 1
1024 50 399 33 18463 1
1025 49 396 34 6849 1
1026 145 353 26 7728 1
1027 47 400 34 19702 1
1028 62 364 27 12310 1
1029 33 369 28 10903 1
1030 65 369 28 10903 1
1031 97 369 28 10903 1
1032 26 365 17 5213 1
1033 27 400 28 14834 1
1034 86 396 26 6887 1
1035 171 396 26 6887 1
1036 56 400 20 10159 1
1037 29 351 13 3987 1
40
235 400 530 450 480 440 440 544 580 580 580 540 600 610 575 660 450 450 375 450 450 600 600 600 400 426 500 500 500 500 500 500 600 600 600 400 400 600 425 425 