1037
1 2 175 12 2349 1
2 6 167 17 3399 1
3 11 167 17 3399 1
4 49 159 22 2259 1
5 13 121 14 1334 1
6 16 137 8 1046 1
7 31 137 8 1046 1
8 5 187 19 4160 1
9 9 187 19 4160 1
10 16 150 17 2740 1
11 31 150 17 2740 1
12 27 180 18 4458 1
13 14 160 14 1959 1
14 14 126 11 839 1
15 22 154 10 1529 1
16 43 154 10 1529 1
17 31 172 23 4823 1
18 61 172 23 4823 1
19 7 134 9 1046 1
20 13 134 9 1046 1
21 25 162 14 2185 1
22 49 162 14 2185 1
23 10 146 8 1401 1
24 8 169 15 2166 1
25 15 169 15 2166 1
26 22 169 15 2166 1
27 29 169 15 2166 1
28 7 112 27 2305 1
29 13 112 27 2305 1
30 19 112 27 2305 1
31 15 168 17 2472 1
32 8 149 10 1645 1
33 15 149 10 1645 1
34 22 149 10 1645 1
35 29 149 10 1645 1
36 36 149 10 1645 1
37 16 122 8 806 1
38 7 170 10 1932 1
39 13 170 10 1932 1
40 16 147 11 1705 1
41 6 187 15 2052 1
42 11 187 15 2052 1
43 16 187 15 2052 1
44 2 112 9 612 1
45 18 187 20 4372 1
46 20 165 17 2849 1
47 4 165 9 778 1
48 7 165 9 778 1
49 10 165 9 778 1
50 6 168 24 6019 1
51 10 157 17 2773 1
52 9 126 31 2046 1
53 30 148 25 2582 1
54 19 167 17 2904 1
55 16 162 17 2129 1
56 1 178 21 4370 1
57 1 178 21 4370 1
58 1 178 21 4370 1
59 13 169 6 646 1
60 25 169 6 646 1
61 4 134 15 2996 1
62 27 157 13 1560 1
63 18 189 14 2607 1
64 23 170 18 2876 1
65 4 155 20 4274 1
66 7 155 20 4274 1
67 21 188 26 5439 1
68 26 141 17 1696 1
69 16 137 18 2162 1
70 15 180 17 3262 1
71 9 148 14 1826 1
72 9 175 20 3316 1
73 17 175 20 3316 1
74 10 173 19 2084 1
75 4 189 18 1710 1
76 40 147 14 2989 1
77 79 147 14 2989 1
78 7 160 26 3399 1
79 13 160 26 3399 1
80 19 160 26 3399 1
81 25 160 26 3399 1
82 31 160 26 3399 1
83 37 160 26 3399 1
84 43 160 26 3399 1
85 49 160 26 3399 1
86 13 113 14 880 1
87 25 113 14 880 1
88 37 113 14 880 1
89 49 113 14 880 1
90 61 113 14 880 1
91 73 113 14 880 1
92 85 113 14 880 1
93 97 113 14 880 1
94 2 184 16 3163 1
95 3 184 16 3163 1
96 5 149 13 2721 1
97 26 149 20 2150 1
98 6 147 15 1211 1
99 17 101 6 754 1
100 24 146 6 936 1
101 47 146 6 936 1
102 16 101 9 1138 1
103 12 166 36 4797 1
104 10 166 19 3859 1
105 8 147 24 4998 1
106 15 147 24 4998 1
107 22 147 24 4998 1
108 7 182 13 2848 1
109 13 182 13 2848 1
110 18 185 23 5318 1
111 35 185 23 5318 1
112 24 175 25 6213 1
113 47 175 25 6213 1
114 10 133 15 2566 1
115 8 122 11 950 1
116 15 122 11 950 1
117 8 165 11 1362 1
118 10 120 14 1309 1
119 19 120 14 1309 1
120 16 116 2 341 1
121 8 176 17 2176 1
122 13 167 24 4912 1
123 2 181 15 1498 1
124 9 152 10 858 1
125 17 152 10 858 1
126 25 152 10 858 1
127 12 122 9 1437 1
128 23 122 9 1437 1
129 34 122 9 1437 1
130 6 133 15 2412 1
131 11 133 15 2412 1
132 16 133 15 2412 1
133 9 171 16 3023 1
134 17 171 16 3023 1
135 25 171 16 3023 1
136 16 162 22 3288 1
137 31 162 22 3288 1
138 19 113 5 733 1
139 17 146 16 3344 1
140 33 146 16 3344 1
141 6 175 43 3847 1
142 19 125 8 1222 1
143 37 125 8 1222 1
144 55 125 8 1222 1
145 5 91 10 855 1
146 9 91 10 855 1
147 5 101 7 509 1
148 9 101 7 509 1
149 6 145 22 3322 1
150 11 145 22 3322 1
151 10 180 16 3874 1
152 19 180 16 3874 1
153 28 180 16 3874 1
154 6 173 28 7121 1
155 33 159 23 4556 1
156 65 159 23 4556 1
157 8 149 21 3058 1
158 15 149 21 3058 1
159 22 149 21 3058 1
160 29 143 18 3716 1
161 3 101 19 1882 1
162 5 101 19 1882 1
163 7 101 19 1882 1
164 11 155 18 3427 1
165 3 131 5 765 1
166 7 155 21 3712 1
167 7 135 15 1561 1
168 13 135 15 1561 1
169 21 131 17 2674 1
170 63 159 14 2992 1
171 6 174 20 1833 1
172 11 174 20 1833 1
173 16 174 20 1833 1
174 10 143 16 3213 1
175 15 116 13 1876 1
176 29 116 13 1876 1
177 26 181 27 3670 1
178 130 101 9 1326 1
179 15 134 11 1873 1
180 29 134 11 1873 1
181 26 188 21 4937 1
182 15 125 8 940 1
183 8 168 29 3980 1
184 15 168 29 3980 1
185 6 158 14 1897 1
186 17 126 11 1115 1
187 33 126 11 1115 1
188 6 168 14 2262 1
189 16 183 14 2741 1
190 31 183 14 2741 1
191 5 137 1 188 1
192 11 152 7 1000 1
193 21 152 7 1000 1
194 31 152 7 1000 1
195 17 112 10 1247 1
196 5 175 13 2319 1
197 9 175 13 2319 1
198 13 175 13 2319 1
199 9 168 14 1809 1
200 17 168 14 1809 1
201 25 168 14 1809 1
202 33 168 14 1809 1
203 41 168 14 1809 1
204 20 113 13 2071 1
205 21 154 17 3812 1
206 41 154 17 3812 1
207 109 155 10 1171 1
208 6 101 8 970 1
209 11 101 8 970 1
210 77 112 8 584 1
211 13 173 19 3908 1
212 48 176 13 1495 1
213 11 122 13 1856 1
214 16 134 14 1713 1
215 9 130 11 2036 1
216 15 189 19 4189 1
217 29 189 19 4189 1
218 8 167 14 1793 1
219 7 159 15 1348 1
220 13 159 15 1348 1
221 20 145 3 368 1
222 18 178 4 1030 1
223 35 178 4 1030 1
224 52 178 4 1030 1
225 24 101 5 551 1
226 23 112 14 1998 1
227 45 112 14 1998 1
228 16 152 20 4090 1
229 6 140 12 1597 1
230 11 140 12 1597 1
231 147 130 19 3305 1
232 30 121 14 2187 1
233 135 166 17 1517 1
234 7 188 7 1053 1
235 13 188 7 1053 1
236 3 143 18 2681 1
237 5 143 18 2681 1
238 7 143 18 2681 1
239 9 143 18 2681 1
240 22 155 25 4361 1
241 7 172 21 4558 1
242 13 172 21 4558 1
243 13 87 8 635 1
244 25 87 8 635 1
245 37 87 8 635 1
246 49 87 8 635 1
247 61 87 8 635 1
248 7 122 18 2897 1
249 4 187 28 5597 1
250 21 147 2 400 1
251 41 147 2 400 1
252 9 157 16 1800 1
253 17 157 16 1800 1
254 10 191 8 1710 1
255 19 191 8 1710 1
256 9 177 12 1837 1
257 9 135 16 1273 1
258 5 174 20 4288 1
259 9 174 20 4288 1
260 13 174 20 4288 1
261 17 174 20 4288 1
262 21 174 20 4288 1
263 2 189 19 2296 1
264 8 145 15 3173 1
265 15 145 15 3173 1
266 22 145 15 3173 1
267 29 145 15 3173 1
268 8 189 18 1747 1
269 141 145 11 1907 1
270 21 133 6 996 1
271 5 191 25 2869 1
272 9 191 25 2869 1
273 13 191 25 2869 1
274 6 141 16 2065 1
275 13 141 15 2449 1
276 97 141 14 1475 1
277 12 122 21 3622 1
278 120 189 31 3775 1
279 1 101 8 741 1
280 7 183 16 1651 1
281 13 183 16 1651 1
282 19 183 16 1651 1
283 25 183 16 1651 1
284 31 183 16 1651 1
285 10 162 9 1091 1
286 19 162 9 1091 1
287 17 116 8 918 1
288 20 183 26 3780 1
289 16 113 12 1382 1
290 15 150 7 722 1
291 16 122 9 882 1
292 95 101 14 1625 1
293 17 131 16 3098 1
294 33 131 16 3098 1
295 6 126 15 978 1
296 8 112 10 874 1
297 15 112 10 874 1
298 17 112 9 1246 1
299 11 87 10 522 1
300 21 87 10 522 1
301 31 87 10 522 1
302 12 182 20 3450 1
303 145 135 12 2173 1
304 11 141 9 1681 1
305 7 191 18 2150 1
306 4 144 20 3739 1
307 7 144 20 3739 1
308 27 126 12 1619 1
309 4 155 10 1951 1
310 7 155 10 1951 1
311 10 155 10 1951 1
312 5 189 19 4067 1
313 10 112 6 690 1
314 27 177 16 4040 1
315 4 150 12 1092 1
316 7 150 12 1092 1
317 8 113 9 697 1
318 6 169 19 3611 1
319 8 152 8 1755 1
320 15 152 8 1755 1
321 11 154 12 973 1
322 2 134 11 1384 1
323 11 133 13 1276 1
324 21 133 13 1276 1
325 31 133 13 1276 1
326 14 160 21 2142 1
327 27 160 21 2142 1
328 16 87 6 568 1
329 8 176 10 1707 1
330 15 176 10 1707 1
331 6 159 18 2898 1
332 11 159 18 2898 1
333 8 116 12 1078 1
334 1 159 22 3606 1
335 1 159 22 3606 1
336 10 168 16 2778 1
337 19 168 16 2778 1
338 28 168 16 2778 1
339 4 189 10 2545 1
340 7 189 10 2545 1
341 49 133 16 2580 1
342 7 169 11 997 1
343 24 135 8 1088 1
344 14 133 16 3004 1
345 2 188 19 2926 1
346 3 188 19 2926 1
347 4 188 19 2926 1
348 21 130 15 1069 1
349 9 172 35 5117 1
350 17 172 35 5117 1
351 10 188 15 2193 1
352 19 188 15 2193 1
353 24 167 9 1834 1
354 47 167 9 1834 1
355 70 167 9 1834 1
356 82 113 17 1649 1
357 17 189 28 4064 1
358 18 181 24 5713 1
359 35 181 24 5713 1
360 11 175 12 2580 1
361 72 152 20 2126 1
362 15 131 14 1665 1
363 9 137 19 2501 1
364 9 191 23 3617 1
365 5 146 8 1678 1
366 16 113 13 1185 1
367 7 143 11 1043 1
368 13 143 11 1043 1
369 3 175 18 2464 1
370 5 175 18 2464 1
371 7 175 18 2464 1
372 9 175 18 2464 1
373 11 175 18 2464 1
374 10 187 12 2239 1
375 19 187 12 2239 1
376 11 150 13 1151 1
377 21 150 13 1151 1
378 4 178 24 5385 1
379 7 178 24 5385 1
380 10 178 24 5385 1
381 13 178 24 5385 1
382 18 150 11 1285 1
383 24 158 18 1830 1
384 16 173 17 1716 1
385 9 182 20 1988 1
386 17 182 20 1988 1
387 25 182 20 1988 1
388 33 182 20 1988 1
389 41 182 20 1988 1
390 6 141 9 1199 1
391 11 141 9 1199 1
392 5 130 17 1862 1
393 28 154 4 796 1
394 55 154 4 796 1
395 82 154 4 796 1
396 17 134 12 1800 1
397 9 177 26 4620 1
398 10 134 10 1164 1
399 7 122 14 1920 1
400 13 122 14 1920 1
401 19 122 14 1920 1
402 25 122 14 1920 1
403 115 140 11 2309 1
404 10 160 19 2910 1
405 19 134 13 1946 1
406 6 158 17 2037 1
407 11 183 13 3215 1
408 8 197 16 2267 1
409 9 196 13 3601 1
410 16 193 21 4386 1
411 31 193 21 4386 1
412 8 194 11 3027 1
413 22 193 20 4045 1
414 43 193 20 4045 1
415 14 195 16 3081 1
416 7 193 13 2241 1
417 16 194 6 1643 1
418 31 194 6 1643 1
419 2 197 12 2359 1
420 8 194 18 3325 1
421 15 194 18 3325 1
422 22 194 18 3325 1
423 14 194 15 1914 1
424 27 194 15 1914 1
425 9 196 13 3446 1
426 17 196 13 3446 1
427 25 196 13 3446 1
428 8 193 18 3124 1
429 33 194 13 2521 1
430 8 195 13 1970 1
431 15 195 13 1970 1
432 22 195 13 1970 1
433 29 195 13 1970 1
434 36 195 13 1970 1
435 10 195 17 3257 1
436 50 196 14 3738 1
437 25 220 27 6401 1
438 49 220 27 6401 1
439 2 201 10 2433 1
440 21 221 29 6666 1
441 41 221 29 6666 1
442 10 223 19 2646 1
443 26 198 10 2526 1
444 45 224 11 1651 1
445 5 208 18 4126 1
446 9 208 18 4126 1
447 13 208 18 4126 1
448 20 224 21 6800 1
449 8 223 11 2126 1
450 10 213 15 4052 1
451 8 217 15 2882 1
452 31 216 15 3375 1
453 9 217 14 3156 1
454 11 208 13 2746 1
455 70 202 6 1319 1
456 10 211 12 3479 1
457 19 211 12 3479 1
458 9 224 10 2384 1
459 21 202 11 2050 1
460 9 211 16 3675 1
461 17 211 16 3675 1
462 8 223 14 4155 1
463 28 217 12 3641 1
464 9 221 10 2933 1
465 196 213 3 334 1
466 45 217 13 2706 1
467 26 226 15 3562 1
468 51 226 15 3562 1
469 29 208 14 3688 1
470 57 208 14 3688 1
471 85 208 14 3688 1
472 10 198 10 2826 1
473 19 198 10 2826 1
474 28 198 10 2826 1
475 30 213 20 4422 1
476 51 226 18 4755 1
477 11 221 16 2100 1
478 16 208 12 1525 1
479 27 212 13 1897 1
480 6 221 18 3775 1
481 11 221 18 3775 1
482 16 221 18 3775 1
483 48 201 16 4007 1
484 3 213 27 8254 1
485 9 211 16 4360 1
486 19 223 25 7106 1
487 28 209 6 1526 1
488 16 198 15 2399 1
489 22 221 14 1559 1
490 34 200 4 537 1
491 31 223 11 1737 1
492 15 199 12 3019 1
493 9 224 9 1405 1
494 16 201 10 2357 1
495 6 212 20 6298 1
496 11 212 20 6298 1
497 16 212 20 6298 1
498 8 212 15 4691 1
499 14 211 20 3325 1
500 36 199 9 1933 1
501 71 199 9 1933 1
502 8 209 10 2577 1
503 15 209 10 2577 1
504 22 209 10 2577 1
505 29 209 10 2577 1
506 36 209 10 2577 1
507 9 220 13 2466 1
508 8 210 10 1790 1
509 5 216 10 1430 1
510 9 216 10 1430 1
511 13 216 10 1430 1
512 8 200 13 1586 1
513 14 209 8 1844 1
514 9 220 14 2138 1
515 15 200 8 2259 1
516 9 200 17 3587 1
517 17 200 17 3587 1
518 25 200 17 3587 1
519 29 220 24 3821 1
520 49 216 23 4036 1
521 3 202 13 1622 1
522 5 202 13 1622 1
523 29 210 15 3889 1
524 51 220 22 4536 1
525 101 220 22 4536 1
526 23 221 14 1625 1
527 43 221 14 4026 1
528 6 200 15 3855 1
529 9 223 15 3052 1
530 3 224 15 3515 1
531 30 200 18 5307 1
532 8 202 19 3145 1
533 44 201 12 2293 1
534 2 200 14 3886 1
535 3 200 14 3886 1
536 33 212 14 1758 1
537 65 212 14 1758 1
538 25 221 17 2223 1
539 36 202 17 1772 1
540 8 221 8 1168 1
541 31 226 10 1339 1
542 2 216 11 2825 1
543 3 216 11 2825 1
544 3 208 14 3263 1
545 50 223 9 2128 1
546 8 223 17 3429 1
547 15 223 17 3429 1
548 11 201 9 1732 1
549 21 201 9 1732 1
550 31 201 9 1732 1
551 41 201 9 1732 1
552 10 223 18 4893 1
553 15 213 1 292 1
554 15 224 14 3424 1
555 8 200 11 2967 1
556 15 200 11 2967 1
557 10 199 19 5376 1
558 3 223 24 6613 1
559 5 223 24 6613 1
560 9 198 12 3440 1
561 10 211 5 659 1
562 12 236 10 2117 1
563 25 239 17 4498 1
564 49 239 17 4498 1
565 73 239 17 4498 1
566 18 229 10 1276 1
567 5 252 18 4328 1
568 17 236 18 5254 1
569 56 261 13 4792 1
570 111 261 13 4792 1
571 24 227 17 2379 1
572 35 245 16 2281 1
573 69 245 16 2281 1
574 5 250 14 2448 1
575 8 247 6 2012 1
576 15 247 6 2012 1
577 24 245 8 1163 1
578 5 256 10 2768 1
579 9 256 10 2768 1
580 2 227 5 787 1
581 35 262 18 2480 1
582 69 262 18 2480 1
583 2 247 10 2265 1
584 4 259 24 5268 1
585 7 259 24 5268 1
586 21 252 12 3258 1
587 21 256 26 9108 1
588 23 247 11 2735 1
589 85 259 9 3349 1
590 36 247 14 3095 1
591 27 242 29 6719 1
592 53 242 29 6719 1
593 27 229 10 2903 1
594 53 229 10 2903 1
595 10 236 14 2687 1
596 25 231 12 4020 1
597 49 231 12 4020 1
598 73 231 12 4020 1
599 5 263 13 4653 1
600 39 227 15 4418 1
601 21 228 10 3419 1
602 29 256 17 5623 1
603 14 259 15 3732 1
604 27 259 15 3732 1
605 35 242 12 2012 1
606 25 242 21 7139 1
607 15 247 15 3143 1
608 6 236 10 3216 1
609 23 245 14 3570 1
610 21 235 10 2173 1
611 4 261 11 4121 1
612 7 261 11 4121 1
613 38 242 17 5631 1
614 35 236 18 2758 1
615 4 237 6 1491 1
616 7 237 6 1491 1
617 36 255 13 3139 1
618 25 231 10 2813 1
619 24 231 21 4000 1
620 32 250 15 3074 1
621 63 250 15 3074 1
622 94 250 15 3074 1
623 33 232 14 2869 1
624 50 261 10 1702 1
625 24 260 18 6563 1
626 47 260 18 6563 1
627 25 227 13 2070 1
628 12 259 13 4823 1
629 27 240 3 558 1
630 74 262 20 6961 1
631 19 232 17 5313 1
632 22 231 13 2384 1
633 71 231 7 1956 1
634 27 247 23 5029 1
635 1 259 9 2020 1
636 36 237 17 2082 1
637 23 231 8 1010 1
638 8 262 16 4977 1
639 23 227 13 3500 1
640 45 227 13 3500 1
641 3 247 2 523 1
642 5 247 2 523 1
643 32 242 24 4092 1
644 65 252 9 1185 1
645 78 239 11 1920 1
646 28 239 22 6266 1
647 20 259 15 3865 1
648 39 259 15 3865 1
649 20 235 7 1307 1
650 39 235 7 1307 1
651 58 235 7 1307 1
652 28 262 24 7802 1
653 25 247 17 3723 1
654 13 261 11 4278 1
655 72 227 11 1363 1
656 14 232 13 2300 1
657 7 260 16 4324 1
658 13 260 16 4324 1
659 19 260 16 4324 1
660 28 260 16 4560 1
661 5 247 14 4207 1
662 13 236 9 1093 1
663 34 232 19 4925 1
664 14 231 17 4034 1
665 35 255 16 2214 1
666 25 231 13 2065 1
667 49 231 13 2065 1
668 9 228 19 5464 1
669 17 228 19 5464 1
670 22 255 21 3074 1
671 47 261 12 2216 1
672 93 261 12 2216 1
673 20 228 13 3269 1
674 39 228 13 3269 1
675 58 228 13 3269 1
676 77 228 13 3269 1
677 55 241 4 710 1
678 3 235 12 3494 1
679 5 235 12 3494 1
680 1 240 11 1574 1
681 1 240 11 1574 1
682 1 240 11 1574 1
683 1 240 11 1574 1
684 59 285 18 2705 1
685 24 268 19 4013 1
686 47 268 19 4013 1
687 41 270 14 4969 1
688 81 270 14 4969 1
689 24 266 16 2837 1
690 27 285 9 1830 1
691 31 270 18 3613 1
692 22 268 19 4008 1
693 25 279 18 4921 1
694 49 279 18 4921 1
695 21 277 26 7570 1
696 37 295 21 8659 1
697 12 270 9 1691 1
698 23 270 9 1691 1
699 21 300 16 5093 1
700 41 300 16 5093 1
701 21 265 21 6848 1
702 1 283 18 7049 1
703 28 290 14 5479 1
704 55 290 14 5479 1
705 82 290 14 5479 1
706 20 296 9 2925 1
707 37 277 13 2932 1
708 20 271 14 2712 1
709 43 270 15 2085 1
710 23 276 11 4000 1
711 21 268 15 4299 1
712 88 302 9 2042 1
713 80 301 11 2817 1
714 7 271 6 1820 1
715 3 276 17 3146 1
716 7 278 22 8452 1
717 24 266 19 3072 1
718 4 280 26 10006 1
719 25 264 24 3781 1
720 24 300 17 3092 1
721 5 269 16 3545 1
722 29 267 16 4266 1
723 57 267 16 4266 1
724 2 271 13 2365 1
725 4 279 19 5190 1
726 7 279 19 5190 1
727 26 301 21 8528 1
728 31 269 16 2609 1
729 18 280 15 6012 1
730 28 267 15 4342 1
731 1 268 14 3056 1
732 8 278 17 2613 1
733 3 299 11 3815 1
734 21 299 12 3623 1
735 41 272 15 3857 1
736 81 272 15 3857 1
737 69 302 24 6149 1
738 23 295 28 8101 1
739 38 299 13 4153 1
740 6 267 14 5088 1
741 11 267 14 5088 1
742 22 280 8 1829 1
743 23 290 12 2605 1
744 38 271 19 5533 1
745 3 290 15 4777 1
746 34 301 17 3195 1
747 10 265 24 4190 1
748 19 265 24 4190 1
749 44 280 15 6084 1
750 26 290 27 5554 1
751 21 269 5 1896 1
752 41 269 5 1896 1
753 27 265 13 4790 1
754 5 272 10 2651 1
755 36 302 14 2698 1
756 4 267 20 4138 1
757 10 296 23 7521 1
758 25 302 18 3745 1
759 37 293 13 2695 1
760 16 280 13 2975 1
761 25 301 18 6503 1
762 4 276 15 6042 1
763 41 293 19 7987 1
764 81 293 19 7987 1
765 10 301 20 7385 1
766 19 301 20 7385 1
767 20 270 12 2540 1
768 82 295 22 7380 1
769 6 295 11 4636 1
770 11 295 11 4636 1
771 16 295 11 4636 1
772 21 295 11 4636 1
773 24 294 15 3439 1
774 47 294 15 3439 1
775 60 271 8 1351 1
776 29 272 16 5941 1
777 25 269 9 3012 1
778 49 269 9 3012 1
779 22 292 10 2694 1
780 68 302 25 7194 1
781 5 265 14 3833 1
782 25 272 16 5157 1
783 25 285 11 3995 1
784 19 265 18 5863 1
785 20 299 17 6943 1
786 22 292 14 4198 1
787 43 292 14 4198 1
788 26 275 21 4645 1
789 1 270 14 5233 1
790 21 269 11 3768 1
791 22 283 14 5228 1
792 43 283 14 5228 1
793 64 283 14 5228 1
794 63 281 21 4542 1
795 31 272 18 5590 1
796 23 267 14 3583 1
797 6 283 13 2416 1
798 11 283 13 2416 1
799 24 279 19 6464 1
800 4 265 8 2530 1
801 7 265 8 2530 1
802 39 296 19 5602 1
803 41 272 17 3584 1
804 26 265 18 4763 1
805 51 265 18 4763 1
806 6 275 13 3514 1
807 23 268 10 2614 1
808 15 294 15 2452 1
809 36 285 13 3396 1
810 12 292 21 5699 1
811 4 279 13 5010 1
812 20 277 12 3484 1
813 28 290 18 7571 1
814 8 276 8 1350 1
815 37 299 8 1681 1
816 1 279 15 6242 1
817 40 270 14 4225 1
818 34 301 17 3802 1
819 18 267 3 625 1
820 15 279 18 5287 1
821 26 302 18 3171 1
822 33 279 5 1533 1
823 17 268 13 3013 1
824 33 268 13 3013 1
825 21 279 14 4740 1
826 25 270 27 10593 1
827 8 266 21 4540 1
828 83 301 18 3426 1
829 22 266 21 7217 1
830 54 283 18 3036 1
831 43 268 19 7452 1
832 67 265 24 6102 1
833 24 264 14 4431 1
834 51 279 13 5355 1
835 24 302 22 5561 1
836 23 271 12 3406 1
837 3 294 18 4887 1
838 4 293 23 9513 1
839 25 269 9 2843 1
840 23 268 26 7896 1
841 45 268 26 7896 1
842 67 268 26 7896 1
843 51 283 17 6436 1
844 2 269 16 3629 1
845 40 272 9 2429 1
846 24 270 11 2727 1
847 19 268 18 4997 1
848 37 268 18 4997 1
849 39 276 9 2499 1
850 22 280 27 8617 1
851 22 290 21 6148 1
852 74 293 21 6931 1
853 147 293 21 6931 1
854 111 301 7 1391 1
855 22 281 13 2818 1
856 26 267 14 2447 1
857 16 265 21 4192 1
858 3 283 20 6785 1
859 20 266 14 5460 1
860 3 285 24 5362 1
861 28 272 24 5588 1
862 40 271 21 7745 1
863 109 334 14 4145 1
864 35 316 16 7547 1
865 69 316 16 7547 1
866 24 336 28 10366 1
867 47 336 28 10366 1
868 27 331 8 3544 1
869 53 331 8 3544 1
870 27 305 14 4820 1
871 67 323 14 4434 1
872 27 329 17 2855 1
873 29 318 19 4906 1
874 49 340 18 4739 1
875 34 329 19 8971 1
876 70 304 12 2192 1
877 31 331 37 13126 1
878 22 335 41 9070 1
879 55 305 14 6227 1
880 49 331 24 8338 1
881 46 339 20 8694 1
882 23 318 16 3083 1
883 22 331 28 8037 1
884 43 331 28 8037 1
885 54 340 19 9567 1
886 51 332 15 6645 1
887 52 329 20 4489 1
888 29 339 15 3514 1
889 57 339 15 3514 1
890 28 305 20 7433 1
891 22 339 8 1383 1
892 52 319 11 2869 1
893 62 316 26 10955 1
894 22 319 13 4568 1
895 63 336 10 4934 1
896 59 323 14 4933 1
897 117 323 14 4933 1
898 2 334 14 4577 1
899 24 329 14 4744 1
900 68 331 18 8912 1
901 51 329 11 1907 1
902 18 319 11 3878 1
903 37 318 23 8181 1
904 23 306 24 6599 1
905 18 337 21 6042 1
906 98 323 18 7240 1
907 21 306 17 5185 1
908 41 306 17 5185 1
909 25 334 18 4849 1
910 24 323 21 6285 1
911 29 338 19 4612 1
912 29 340 10 1928 1
913 185 338 15 6207 1
914 26 302 23 9334 1
915 47 338 18 7231 1
916 93 338 18 7231 1
917 20 325 9 4112 1
918 39 325 9 4112 1
919 20 331 15 4628 1
920 39 331 15 4628 1
921 18 337 12 3341 1
922 35 337 12 3341 1
923 3 316 13 4831 1
924 68 325 12 3077 1
925 76 325 18 8369 1
926 18 336 22 8015 1
927 35 336 22 8015 1
928 68 335 17 4168 1
929 51 321 19 4801 1
930 65 306 15 5938 1
931 103 302 23 4928 1
932 205 302 23 4928 1
933 59 335 17 6852 1
934 53 316 15 5618 1
935 28 340 15 7398 1
936 56 323 22 9169 1
937 23 321 21 7088 1
938 45 321 21 7088 1
939 33 325 10 2649 1
940 28 338 11 5298 1
941 55 338 11 5298 1
942 82 338 11 5298 1
943 109 338 11 5298 1
944 136 338 11 5298 1
945 14 334 22 10249 1
946 66 336 33 15199 1
947 3 306 15 6681 1
948 31 302 15 4284 1
949 61 302 15 4284 1
950 25 325 15 7016 1
951 15 340 15 3248 1
952 223 336 20 8063 1
953 150 321 24 5328 1
954 66 400 34 13481 1
955 22 349 9 3547 1
956 19 364 27 6223 1
957 50 400 39 8013 1
958 49 398 34 11522 1
959 60 368 32 16433 1
960 51 364 18 4698 1
961 79 366 25 7288 1
962 50 396 22 4561 1
963 99 396 22 4561 1
964 64 399 18 6961 1
965 59 368 22 10018 1
966 20 347 21 9001 1
967 78 400 18 7253 1
968 53 369 13 6922 1
969 78 350 26 4910 1
970 66 368 16 3103 1
971 59 398 34 11634 1
972 25 348 21 4222 1
973 35 365 34 9037 1
974 26 400 8 3141 1
975 63 398 31 10473 1
976 25 365 25 8191 1
977 55 366 22 4484 1
978 25 351 21 6934 1
979 78 398 24 7746 1
980 71 400 15 8047 1
981 76 369 35 13938 1
982 20 396 25 13175 1
983 11 353 20 9917 1
984 50 398 26 5197 1
985 99 398 26 5197 1
986 21 364 24 9575 1
987 50 369 23 8841 1
988 65 350 16 4834 1
989 51 369 16 5702 1
990 51 399 16 4106 1
991 8 368 14 7111 1
992 22 396 31 13180 1
993 79 364 28 5477 1
994 55 364 22 9954 1
995 18 400 15 6140 1
996 62 398 24 13883 1
997 30 400 20 5978 1
998 17 396 32 17453 1
999 48 351 19 3512 1
1000 116 366 26 5260 1
1001 21 348 32 9979 1
1002 48 367 13 3321 1
1003 87 350 20 6460 1
1004 25 368 21 8363 1
1005 58 398 26 13912 1
1006 71 366 29 9094 1
1007 51 350 26 7286 1
1008 28 396 11 6511 1
1009 55 396 11 6511 1
1010 60 351 23 7347 1
1011 63 364 16 5719 1
1012 125 364 16 5719 1
1013 59 399 30 14906 1
1014 55 369 16 7203 1
1015 56 398 19 8178 1
1016 77 369 31 11408 1
1017 58 364 25 10151 1
1018 24 398 27 6133 1
1019 26 369 24 6312 1
1020 128 353 17 4717 1
1021 255 353 17 4717 1
1022 50 351 20 8090 1
1023 23 347 29 5583 1
1024 64 398 33 18700 1
1025 105 399 19 10490 1
1026 25 369 20 6635 1
1027 87 399 26 12185 1
1028 47 399 29 8108 1
1029 93 399 29 8108 1
1030 22 348 23 10146 1
1031 61 366 28 12518 1
1032 86 367 19 9085 1
1033 70 399 29 11827 1
1034 139 399 29 11827 1
1035 125 351 14 4697 1
1036 70 364 21 4965 1
1037 110 348 29 8441 1
40
235 400 530 450 480 440 440 544 580 580 580 540 600 610 575 660 450 450 375 450 450 600 600 600 400 426 500 500 500 500 500 500 600 600 600 400 400 600 425 425 