1037
1 6 182 18 2686 1
2 16 181 18 2690 1
3 5 149 9 891 1
4 9 149 9 891 1
5 13 149 9 891 1
6 17 150 13 2541 1
7 33 150 13 2541 1
8 18 172 14 2411 1
9 8 149 11 1750 1
10 8 158 20 4505 1
11 6 149 15 2643 1
12 11 149 15 2643 1
13 16 149 15 2643 1
14 21 149 15 2643 1
15 9 169 16 3234 1
16 15 141 17 2828 1
17 8 150 18 2380 1
18 2 87 15 834 1
19 25 171 20 2179 1
20 3 167 21 2903 1
21 1 143 13 2113 1
22 1 143 13 2113 1
23 7 116 12 1060 1
24 13 116 12 1060 1
25 16 149 15 2987 1
26 31 149 15 2987 1
27 46 149 15 2987 1
28 10 121 10 1408 1
29 133 177 28 3352 1
30 5 134 12 1104 1
31 9 134 12 1104 1
32 8 141 15 1790 1
33 28 148 15 3098 1
34 10 133 7 726 1
35 7 175 7 1226 1
36 13 175 7 1226 1
37 19 175 7 1226 1
38 25 175 7 1226 1
39 9 154 18 2420 1
40 23 168 22 2852 1
41 15 162 19 4137 1
42 12 154 28 3642 1
43 13 187 19 4385 1
44 25 187 19 4385 1
45 1 184 25 4893 1
46 1 184 25 4893 1
47 1 184 25 4893 1
48 1 184 25 4893 1
49 10 122 10 900 1
50 22 174 19 1879 1
51 23 168 27 2582 1
52 1 159 19 3053 1
53 1 159 19 3053 1
54 1 159 19 3053 1
55 1 159 19 3053 1
56 1 159 19 3053 1
57 16 148 16 2185 1
58 2 159 15 2493 1
59 3 159 15 2493 1
60 4 159 15 2493 1
61 15 171 14 2719 1
62 9 150 20 1949 1
63 17 150 20 1949 1
64 3 162 6 698 1
65 25 188 39 9555 1
66 17 187 13 2617 1
67 11 137 10 1488 1
68 10 168 23 5085 1
69 3 159 17 1984 1
70 5 159 17 1984 1
71 7 159 17 1984 1
72 22 158 19 2697 1
73 8 188 21 2875 1
74 15 188 21 2875 1
75 26 155 20 3244 1
76 12 171 13 2572 1
77 4 189 15 3512 1
78 12 131 7 1094 1
79 23 131 7 1094 1
80 16 125 9 1283 1
81 31 125 9 1283 1
82 46 125 9 1283 1
83 15 174 17 3789 1
84 6 165 16 3162 1
85 11 165 16 3162 1
86 16 165 16 3162 1
87 21 165 16 3162 1
88 26 165 16 3162 1
89 31 165 16 3162 1
90 36 165 16 3162 1
91 7 180 17 3606 1
92 13 180 17 3606 1
93 19 180 17 3606 1
94 26 183 23 5836 1
95 11 116 14 2347 1
96 3 180 22 3381 1
97 15 180 17 2769 1
98 29 180 17 2769 1
99 23 134 15 1183 1
100 45 134 15 1183 1
101 5 172 5 610 1
102 3 170 29 6288 1
103 8 149 26 4400 1
104 7 147 12 2450 1
105 4 121 18 1488 1
106 7 121 18 1488 1
107 6 166 17 2100 1
108 11 166 17 2100 1
109 3 112 12 1702 1
110 5 112 12 1702 1
111 7 112 12 1702 1
112 45 183 9 1406 1
113 22 174 11 1735 1
114 43 174 11 1735 1
115 15 169 7 747 1
116 8 167 22 4267 1
117 22 144 20 3467 1
118 12 146 14 1648 1
119 23 146 14 1648 1
120 34 146 14 1648 1
121 3 180 19 2666 1
122 5 180 19 2666 1
123 19 162 19 1714 1
124 24 173 24 4146 1
125 47 173 24 4146 1
126 70 173 24 4146 1
127 16 113 13 1905 1
128 5 154 17 1635 1
129 9 143 22 3282 1
130 17 143 22 3282 1
131 25 143 22 3282 1
132 33 143 22 3282 1
133 22 134 13 1935 1
134 21 147 3 305 1
135 13 143 7 823 1
136 25 143 7 823 1
137 37 143 7 823 1
138 4 184 9 887 1
139 7 184 9 887 1
140 26 181 21 4831 1
141 5 170 22 4341 1
142 7 171 13 1436 1
143 13 171 13 1436 1
144 23 171 15 2000 1
145 7 157 19 4153 1
146 13 157 19 4153 1
147 19 157 19 4153 1
148 25 157 19 4153 1
149 9 174 12 2085 1
150 8 149 11 1665 1
151 15 149 11 1665 1
152 22 149 11 1665 1
153 13 175 23 5878 1
154 13 121 19 1582 1
155 25 121 19 1582 1
156 10 174 28 6783 1
157 19 174 28 6783 1
158 9 131 22 4205 1
159 19 101 9 641 1
160 6 134 11 1948 1
161 13 112 4 361 1
162 5 178 35 5431 1
163 9 178 35 5431 1
164 8 150 22 3493 1
165 15 150 22 3493 1
166 25 184 27 6260 1
167 16 185 14 1999 1
168 15 180 17 2702 1
169 9 163 12 1814 1
170 17 163 12 1814 1
171 16 145 9 905 1
172 14 187 11 1445 1
173 27 187 11 1445 1
174 15 174 21 3075 1
175 9 170 18 2119 1
176 49 169 16 2155 1
177 15 149 15 2652 1
178 7 160 19 2777 1
179 8 91 6 320 1
180 4 101 9 992 1
181 7 101 9 992 1
182 10 101 9 992 1
183 13 101 9 992 1
184 12 176 21 4289 1
185 18 167 12 2376 1
186 13 155 19 3421 1
187 89 112 9 521 1
188 9 180 8 1873 1
189 2 178 20 4961 1
190 3 178 20 4961 1
191 15 159 16 2404 1
192 29 159 16 2404 1
193 43 159 16 2404 1
194 19 181 24 5996 1
195 13 160 26 3664 1
196 14 131 12 2044 1
197 10 131 14 1772 1
198 19 131 14 1772 1
199 28 131 14 1772 1
200 15 155 10 1986 1
201 11 137 12 2414 1
202 18 101 8 1165 1
203 31 184 15 2996 1
204 10 101 9 1280 1
205 19 101 9 1280 1
206 9 166 10 1161 1
207 15 166 20 1949 1
208 6 157 15 1946 1
209 11 157 15 1946 1
210 16 87 11 885 1
211 56 130 13 2237 1
212 17 87 15 810 1
213 9 141 17 3389 1
214 8 166 16 3530 1
215 6 184 19 4535 1
216 6 148 7 697 1
217 11 148 7 697 1
218 16 184 14 3258 1
219 21 122 9 1275 1
220 41 122 9 1275 1
221 16 176 23 4573 1
222 31 176 23 4573 1
223 46 176 23 4573 1
224 61 176 23 4573 1
225 3 146 8 944 1
226 16 131 13 2429 1
227 31 131 13 2429 1
228 11 191 21 3339 1
229 21 191 21 3339 1
230 31 191 21 3339 1
231 41 191 21 3339 1
232 51 191 21 3339 1
233 6 131 13 2025 1
234 69 175 18 2773 1
235 15 169 23 3322 1
236 9 149 12 1995 1
237 11 91 6 533 1
238 21 91 6 533 1
239 24 152 15 3154 1
240 47 152 15 3154 1
241 15 160 20 3715 1
242 42 150 9 1403 1
243 19 177 17 1724 1
244 4 171 5 921 1
245 7 171 5 921 1
246 10 171 5 921 1
247 1 143 16 3327 1
248 15 116 13 863 1
249 25 130 23 3297 1
250 16 175 33 6417 1
251 47 188 17 2361 1
252 20 174 23 5925 1
253 14 182 11 1332 1
254 21 149 13 1195 1
255 8 177 7 1137 1
256 6 177 10 1175 1
257 8 137 11 910 1
258 15 137 11 910 1
259 22 137 11 910 1
260 17 171 14 3134 1
261 22 188 15 2397 1
262 4 162 16 3187 1
263 1 167 21 2656 1
264 1 167 21 2656 1
265 1 167 21 2656 1
266 1 167 21 2656 1
267 6 147 17 1731 1
268 16 191 6 1388 1
269 9 157 12 2015 1
270 17 157 12 2015 1
271 25 157 12 2015 1
272 11 121 12 947 1
273 19 187 24 3903 1
274 37 187 24 3903 1
275 5 131 15 1954 1
276 9 131 15 1954 1
277 13 131 15 1954 1
278 74 121 16 1965 1
279 15 184 5 1241 1
280 29 184 5 1241 1
281 43 184 5 1241 1
282 57 184 5 1241 1
283 71 184 5 1241 1
284 85 184 5 1241 1
285 99 184 5 1241 1
286 7 87 6 421 1
287 8 112 13 1772 1
288 15 112 13 1772 1
289 22 112 13 1772 1
290 29 112 13 1772 1
291 36 112 13 1772 1
292 43 112 13 1772 1
293 16 180 11 2427 1
294 13 137 12 1695 1
295 7 137 11 2222 1
296 12 154 18 2417 1
297 5 185 29 6646 1
298 16 177 27 5971 1
299 15 183 21 5347 1
300 45 137 21 2935 1
301 11 170 16 1752 1
302 21 170 16 1752 1
303 31 170 16 1752 1
304 16 131 28 2335 1
305 14 160 21 1979 1
306 3 87 11 649 1
307 15 178 10 1543 1
308 9 112 15 851 1
309 7 178 20 3450 1
310 13 178 20 3450 1
311 15 150 19 4169 1
312 6 176 9 1108 1
313 16 191 2 252 1
314 10 159 10 801 1
315 19 159 10 801 1
316 14 172 14 1258 1
317 27 172 14 1258 1
318 8 159 15 2894 1
319 15 163 7 1012 1
320 29 163 7 1012 1
321 4 185 18 2609 1
322 28 185 26 2747 1
323 18 143 16 2098 1
324 21 147 12 1213 1
325 24 180 22 4008 1
326 5 173 16 2855 1
327 8 120 17 2781 1
328 16 189 18 3297 1
329 5 150 13 2067 1
330 9 150 13 2067 1
331 13 150 13 2067 1
332 8 188 19 4376 1
333 15 188 19 4376 1
334 22 188 19 4376 1
335 5 167 24 5217 1
336 5 87 9 620 1
337 6 130 3 393 1
338 11 130 3 393 1
339 16 130 3 393 1
340 21 130 3 393 1
341 4 165 18 2483 1
342 15 183 16 3192 1
343 29 183 16 3192 1
344 11 175 15 1873 1
345 14 113 14 1385 1
346 22 116 12 1499 1
347 23 112 16 2461 1
348 23 175 12 3023 1
349 45 175 12 3023 1
350 3 137 6 1128 1
351 15 180 22 2070 1
352 15 169 19 4553 1
353 7 148 18 1820 1
354 13 148 18 1820 1
355 19 148 18 1820 1
356 25 148 18 1820 1
357 7 187 8 1986 1
358 15 135 2 349 1
359 6 157 18 2136 1
360 11 157 18 2136 1
361 22 155 8 1601 1
362 3 155 28 2952 1
363 5 155 28 2952 1
364 27 173 27 6809 1
365 53 173 27 6809 1
366 6 185 26 6193 1
367 6 182 19 4450 1
368 11 182 19 4450 1
369 16 182 19 4450 1
370 21 182 19 4450 1
371 17 152 17 3196 1
372 33 152 17 3196 1
373 14 155 23 5136 1
374 6 188 34 8230 1
375 6 163 12 1411 1
376 2 167 20 2294 1
377 3 167 20 2294 1
378 7 170 13 1681 1
379 13 170 13 1681 1
380 9 140 20 2993 1
381 17 140 20 2993 1
382 25 140 20 2993 1
383 24 175 10 2511 1
384 13 175 21 5088 1
385 16 187 19 4296 1
386 31 187 19 4296 1
387 8 149 15 3340 1
388 21 125 16 2909 1
389 8 131 11 1668 1
390 15 131 11 1668 1
391 22 131 11 1668 1
392 9 158 17 2037 1
393 62 120 12 2006 1
394 24 155 21 3563 1
395 47 155 21 3563 1
396 15 183 16 1963 1
397 12 112 10 1458 1
398 1 154 19 1941 1
399 1 154 19 1941 1
400 1 154 19 1941 1
401 19 113 8 1320 1
402 37 113 8 1320 1
403 7 160 15 1661 1
404 15 155 18 3408 1
405 29 155 18 3408 1
406 2 113 9 607 1
407 3 113 9 607 1
408 18 195 26 2566 1
409 11 195 12 2569 1
410 9 195 23 6188 1
411 17 195 23 6188 1
412 25 195 23 6188 1
413 47 196 23 5119 1
414 8 196 17 2325 1
415 11 195 14 3029 1
416 9 196 24 6743 1
417 17 196 24 6743 1
418 25 196 24 6743 1
419 33 196 24 6743 1
420 41 196 24 6743 1
421 49 196 24 6743 1
422 57 196 24 6743 1
423 3 195 26 4929 1
424 9 193 22 3818 1
425 17 193 22 3818 1
426 25 193 22 3818 1
427 33 193 22 3818 1
428 41 193 22 3818 1
429 49 193 22 3818 1
430 12 194 20 3678 1
431 21 196 19 4313 1
432 41 196 19 4313 1
433 61 196 19 4313 1
434 11 194 17 4010 1
435 8 195 18 4884 1
436 2 195 16 3692 1
437 29 200 12 3259 1
438 57 200 12 3259 1
439 3 224 9 2433 1
440 7 201 9 1647 1
441 13 201 9 1647 1
442 10 198 4 581 1
443 8 198 10 2673 1
444 2 211 12 2301 1
445 59 212 23 6163 1
446 6 212 24 2961 1
447 25 216 11 1248 1
448 47 224 16 3238 1
449 8 223 15 3174 1
450 6 222 13 3268 1
451 13 213 10 1901 1
452 8 213 19 2270 1
453 15 213 19 2270 1
454 25 202 7 1909 1
455 49 202 7 1909 1
456 29 213 17 1812 1
457 57 213 17 1812 1
458 22 220 9 1454 1
459 43 220 9 1454 1
460 7 200 13 2923 1
461 13 200 13 2923 1
462 26 199 14 1676 1
463 29 199 9 947 1
464 57 199 9 947 1
465 85 199 9 947 1
466 13 213 15 2717 1
467 48 226 17 5382 1
468 95 226 17 5382 1
469 24 223 12 2165 1
470 16 223 10 2479 1
471 35 217 11 3477 1
472 6 212 4 813 1
473 50 220 16 4168 1
474 201 212 19 2348 1
475 26 202 19 4568 1
476 10 208 15 3840 1
477 19 208 15 3840 1
478 27 199 16 4517 1
479 14 223 10 1976 1
480 46 212 13 3409 1
481 8 226 10 1834 1
482 11 209 6 1822 1
483 25 226 21 3933 1
484 7 224 16 2353 1
485 12 224 18 3464 1
486 11 198 13 2102 1
487 30 198 15 3049 1
488 59 198 15 3049 1
489 9 220 14 1731 1
490 11 223 22 7179 1
491 21 223 22 7179 1
492 2 202 20 3020 1
493 16 212 18 2781 1
494 30 213 12 1935 1
495 2 226 6 1295 1
496 8 216 12 2240 1
497 9 208 17 2162 1
498 17 208 17 2162 1
499 26 198 15 3644 1
500 8 202 11 1821 1
501 11 210 6 1207 1
502 10 209 24 5009 1
503 27 213 11 3386 1
504 51 224 17 3461 1
505 101 224 17 3461 1
506 151 224 17 3461 1
507 11 216 13 2265 1
508 21 216 13 2265 1
509 31 216 13 2265 1
510 28 221 17 3260 1
511 8 198 20 4733 1
512 9 217 23 6041 1
513 9 201 12 3169 1
514 17 201 12 3169 1
515 9 198 11 1351 1
516 9 223 3 760 1
517 17 223 3 760 1
518 56 221 17 4690 1
519 32 213 6 1291 1
520 30 199 19 3469 1
521 59 199 19 3469 1
522 4 208 20 5270 1
523 7 208 20 5270 1
524 27 201 4 804 1
525 3 209 20 3884 1
526 27 220 14 1623 1
527 9 217 17 3349 1
528 3 222 20 4117 1
529 7 210 12 1843 1
530 7 217 7 1380 1
531 13 217 7 1380 1
532 7 222 25 7140 1
533 9 216 13 3633 1
534 10 224 14 2133 1
535 8 210 8 1759 1
536 21 224 13 1900 1
537 9 202 13 2791 1
538 32 202 14 1957 1
539 9 212 11 1383 1
540 35 213 18 3222 1
541 62 224 14 4164 1
542 8 222 14 3388 1
543 7 208 13 1840 1
544 5 212 14 4280 1
545 21 201 15 4476 1
546 2 221 18 5658 1
547 3 221 18 5658 1
548 8 198 20 2477 1
549 15 198 20 2477 1
550 50 211 6 1006 1
551 2 199 8 2279 1
552 3 199 8 2279 1
553 28 201 15 1623 1
554 15 201 16 2492 1
555 29 200 8 2061 1
556 15 211 17 3959 1
557 23 210 17 2973 1
558 45 210 17 2973 1
559 9 210 17 5209 1
560 26 222 20 3803 1
561 51 222 20 3803 1
562 39 239 22 5495 1
563 27 227 12 2975 1
564 53 227 12 2975 1
565 23 228 14 3991 1
566 17 250 19 4171 1
567 33 250 19 4171 1
568 3 242 14 2988 1
569 28 247 14 2242 1
570 2 245 6 1678 1
571 22 240 13 2156 1
572 3 259 7 2157 1
573 21 256 12 1959 1
574 41 256 12 1959 1
575 53 227 14 1733 1
576 22 252 13 4226 1
577 20 239 18 4577 1
578 56 256 5 1232 1
579 62 250 22 7671 1
580 23 227 10 2464 1
581 20 237 11 3351 1
582 39 237 11 3351 1
583 16 239 12 3310 1
584 31 239 12 3310 1
585 46 239 12 3310 1
586 61 239 12 3310 1
587 25 259 21 2944 1
588 49 259 21 2944 1
589 10 232 15 3714 1
590 3 260 19 7237 1
591 5 260 19 7237 1
592 7 260 19 7237 1
593 26 237 11 1869 1
594 51 237 11 1869 1
595 11 227 15 2421 1
596 37 229 20 5732 1
597 22 263 11 4191 1
598 10 261 27 5124 1
599 19 261 27 5124 1
600 104 239 12 3964 1
601 2 263 20 5769 1
602 18 245 18 2897 1
603 35 245 18 2897 1
604 52 245 18 2897 1
605 43 240 13 2243 1
606 37 242 27 6544 1
607 6 262 16 2529 1
608 30 231 16 4164 1
609 59 231 16 4164 1
610 42 237 26 3206 1
611 83 237 26 3206 1
612 134 259 24 3471 1
613 16 237 15 4828 1
614 36 242 13 2307 1
615 71 242 13 2307 1
616 16 237 9 2092 1
617 20 261 19 4834 1
618 23 259 18 3698 1
619 4 231 14 4478 1
620 26 236 8 1579 1
621 50 259 21 6011 1
622 1 255 18 6749 1
623 22 255 12 3343 1
624 29 240 9 2916 1
625 4 256 21 7633 1
626 65 227 19 3890 1
627 129 227 19 3890 1
628 31 259 14 3601 1
629 25 255 11 2510 1
630 297 241 13 3414 1
631 22 231 18 4076 1
632 30 241 11 3100 1
633 59 241 11 3100 1
634 74 242 17 4686 1
635 37 237 8 1967 1
636 31 237 18 3438 1
637 61 237 18 3438 1
638 91 237 18 3438 1
639 121 237 18 3438 1
640 35 236 17 3641 1
641 22 247 16 3575 1
642 43 247 16 3575 1
643 36 255 10 2729 1
644 20 240 16 3643 1
645 39 240 16 3643 1
646 24 229 17 3070 1
647 93 229 9 2978 1
648 5 256 18 3783 1
649 9 256 18 3783 1
650 30 263 15 3222 1
651 12 250 29 8573 1
652 23 250 29 8573 1
653 5 263 9 1374 1
654 22 256 24 7164 1
655 43 256 24 7164 1
656 13 252 13 2333 1
657 25 252 13 2333 1
658 30 241 14 3407 1
659 59 241 14 3407 1
660 15 263 13 3094 1
661 6 260 4 1531 1
662 25 256 15 3131 1
663 21 241 9 2522 1
664 17 262 19 4442 1
665 33 262 19 4442 1
666 6 237 22 7642 1
667 36 245 17 5126 1
668 5 245 9 1639 1
669 9 245 9 1639 1
670 22 235 16 5053 1
671 10 247 24 4441 1
672 25 236 24 6195 1
673 55 256 4 1496 1
674 64 227 10 2654 1
675 36 228 18 2788 1
676 22 227 19 3821 1
677 52 262 19 5164 1
678 103 262 19 5164 1
679 25 242 16 5100 1
680 49 242 16 5100 1
681 6 228 13 3642 1
682 21 227 8 1294 1
683 35 241 19 6575 1
684 27 285 24 8865 1
685 53 285 24 8865 1
686 21 269 14 2282 1
687 15 281 7 1743 1
688 29 281 7 1743 1
689 17 295 19 6237 1
690 33 295 19 6237 1
691 26 296 28 10434 1
692 51 296 28 10434 1
693 64 293 10 2677 1
694 17 270 9 2505 1
695 67 265 7 1093 1
696 133 265 7 1093 1
697 33 296 15 3458 1
698 24 264 3 980 1
699 16 294 10 1652 1
700 17 296 13 5392 1
701 65 271 21 4652 1
702 20 301 17 5731 1
703 39 301 17 5731 1
704 58 301 17 5731 1
705 25 265 20 4869 1
706 21 278 13 5234 1
707 17 264 16 4813 1
708 10 283 6 1000 1
709 19 283 6 1000 1
710 28 283 6 1000 1
711 56 269 15 4892 1
712 23 302 16 4427 1
713 2 290 23 4864 1
714 71 283 23 6620 1
715 21 265 18 3347 1
716 42 302 24 5150 1
717 31 295 20 6168 1
718 61 295 20 6168 1
719 22 281 12 3820 1
720 20 292 28 10951 1
721 22 278 13 5187 1
722 67 296 19 4718 1
723 2 300 19 5967 1
724 3 300 19 5967 1
725 5 275 23 8953 1
726 23 301 10 4438 1
727 24 285 14 4173 1
728 25 300 7 2702 1
729 49 300 7 2702 1
730 24 285 9 3543 1
731 22 301 19 4621 1
732 23 276 20 4549 1
733 24 299 16 2819 1
734 34 290 15 5432 1
735 24 265 10 3831 1
736 20 276 21 4376 1
737 23 264 14 4664 1
738 38 266 13 4597 1
739 25 292 14 5314 1
740 14 271 15 3543 1
741 27 271 15 3543 1
742 20 266 18 4869 1
743 6 290 19 4522 1
744 1 277 11 3483 1
745 32 293 17 3573 1
746 17 275 8 2569 1
747 27 280 12 3460 1
748 77 295 22 7162 1
749 84 279 9 1470 1
750 24 276 23 5046 1
751 31 279 17 6447 1
752 61 279 17 6447 1
753 67 281 14 3481 1
754 133 281 14 3481 1
755 24 295 12 5292 1
756 6 279 17 4136 1
757 11 279 17 4136 1
758 24 280 15 4738 1
759 38 293 17 4391 1
760 19 266 10 1557 1
761 37 266 10 1557 1
762 4 293 16 4735 1
763 207 265 17 2901 1
764 92 299 15 5733 1
765 57 285 25 9134 1
766 113 285 25 9134 1
767 36 271 12 3805 1
768 24 280 14 4289 1
769 6 270 15 3557 1
770 11 270 15 3557 1
771 24 275 19 5765 1
772 24 293 13 5237 1
773 9 264 13 4472 1
774 17 264 13 4472 1
775 25 264 13 4472 1
776 33 264 13 4472 1
777 30 302 19 3600 1
778 21 292 22 5258 1
779 34 277 17 3909 1
780 40 283 21 7188 1
781 19 299 12 2226 1
782 37 299 12 2226 1
783 55 299 12 2226 1
784 73 299 12 2226 1
785 10 266 15 5204 1
786 19 270 22 4343 1
787 45 294 16 5247 1
788 79 265 10 1608 1
789 24 295 3 804 1
790 24 292 28 5903 1
791 5 275 26 10098 1
792 27 267 19 6192 1
793 71 281 13 2423 1
794 21 265 16 5572 1
795 39 277 12 3471 1
796 26 285 12 3597 1
797 61 290 21 4982 1
798 60 278 9 3471 1
799 71 272 15 5040 1
800 31 295 10 2457 1
801 46 267 23 6355 1
802 70 283 8 1156 1
803 23 275 10 2017 1
804 22 280 14 3210 1
805 23 271 14 3457 1
806 41 272 17 5872 1
807 10 293 17 4464 1
808 5 264 18 3000 1
809 87 275 18 5386 1
810 24 300 19 8010 1
811 43 300 17 3713 1
812 85 300 17 3713 1
813 24 272 13 3296 1
814 15 281 14 2570 1
815 29 281 14 2570 1
816 43 281 14 2570 1
817 3 270 16 4129 1
818 38 264 10 2265 1
819 38 302 21 8653 1
820 42 264 18 5504 1
821 83 264 18 5504 1
822 19 294 20 6423 1
823 26 281 23 7247 1
824 13 294 20 8521 1
825 24 278 20 6971 1
826 47 278 20 6971 1
827 36 279 25 5509 1
828 86 265 5 1346 1
829 6 264 12 3716 1
830 11 264 12 3716 1
831 71 265 21 6626 1
832 63 292 11 2321 1
833 32 299 22 7848 1
834 19 265 15 5005 1
835 17 294 14 5563 1
836 4 276 20 4495 1
837 7 276 20 4495 1
838 62 281 14 4362 1
839 13 271 12 4054 1
840 24 290 16 6138 1
841 19 278 20 3001 1
842 15 299 17 6865 1
843 29 299 17 6865 1
844 54 300 20 7944 1
845 37 268 15 3985 1
846 40 281 23 8626 1
847 26 276 12 1992 1
848 203 277 15 5784 1
849 34 264 14 2060 1
850 67 264 14 2060 1
851 22 272 18 2843 1
852 20 300 18 6582 1
853 4 281 16 6344 1
854 25 271 13 4685 1
855 3 302 18 3006 1
856 58 302 10 1816 1
857 318 266 19 6415 1
858 29 264 16 2358 1
859 57 264 16 2358 1
860 85 264 16 2358 1
861 5 279 20 6859 1
862 10 292 11 3478 1
863 117 304 21 4825 1
864 48 334 20 3502 1
865 23 318 17 3059 1
866 45 318 17 3059 1
867 65 305 15 4527 1
868 67 337 15 4407 1
869 70 305 11 2313 1
870 139 305 11 2313 1
871 208 305 11 2313 1
872 14 302 12 3512 1
873 24 337 7 2197 1
874 49 337 14 3065 1
875 73 318 9 4225 1
876 25 334 19 5308 1
877 105 316 15 3808 1
878 69 338 23 11626 1
879 2 332 19 3397 1
880 18 305 11 3873 1
881 42 325 16 4600 1
882 20 334 14 6279 1
883 48 305 16 6115 1
884 95 305 16 6115 1
885 27 305 29 10379 1
886 28 323 17 7974 1
887 55 323 17 7974 1
888 66 325 23 5756 1
889 68 338 36 14776 1
890 64 304 23 6130 1
891 127 304 23 6130 1
892 190 304 23 6130 1
893 24 340 22 7602 1
894 66 332 20 3953 1
895 191 334 14 6340 1
896 90 323 11 2453 1
897 179 323 11 2453 1
898 22 304 18 3304 1
899 43 304 18 3304 1
900 26 333 40 9473 1
901 51 333 40 9473 1
902 66 319 13 5718 1
903 6 335 15 3557 1
904 67 316 14 2785 1
905 3 325 29 11768 1
906 23 333 24 11267 1
907 31 332 13 2408 1
908 39 329 19 6735 1
909 66 339 10 4005 1
910 63 323 20 7416 1
911 24 325 33 9670 1
912 253 334 16 4690 1
913 16 318 9 3406 1
914 69 318 22 6478 1
915 120 337 26 12255 1
916 21 321 30 12972 1
917 28 304 14 3977 1
918 56 325 33 13818 1
919 111 325 33 13818 1
920 166 325 33 13818 1
921 221 325 33 13818 1
922 51 336 16 5787 1
923 51 305 14 2916 1
924 27 323 34 14554 1
925 55 333 18 5076 1
926 63 337 13 4767 1
927 47 316 24 8116 1
928 25 305 8 2521 1
929 26 323 12 4714 1
930 63 335 24 7983 1
931 2 335 18 4065 1
932 49 333 25 12140 1
933 19 333 17 7214 1
934 66 329 30 10335 1
935 131 329 30 10335 1
936 27 305 15 4409 1
937 27 337 50 18268 1
938 39 333 18 8319 1
939 8 338 24 12121 1
940 74 318 23 10539 1
941 21 337 14 6841 1
942 59 337 22 4100 1
943 7 335 16 5032 1
944 66 302 19 5579 1
945 21 306 22 4900 1
946 16 339 11 4565 1
947 114 321 28 7804 1
948 2 337 32 11080 1
949 73 319 17 5053 1
950 47 321 12 2698 1
951 53 319 12 5659 1
952 105 319 12 5659 1
953 20 316 17 6939 1
954 68 364 24 6721 1
955 135 364 24 6721 1
956 47 350 23 4897 1
957 93 350 23 4897 1
958 24 366 22 7543 1
959 88 367 24 12521 1
960 25 351 28 9398 1
961 25 350 31 10957 1
962 83 348 15 3023 1
963 19 351 28 12695 1
964 26 349 24 11606 1
965 72 353 14 3467 1
966 115 351 15 3944 1
967 24 366 22 6512 1
968 41 364 20 6380 1
969 51 349 23 9086 1
970 49 364 28 12124 1
971 77 364 23 7395 1
972 23 396 26 12027 1
973 67 364 20 8725 1
974 18 348 16 4147 1
975 26 398 13 6516 1
976 55 351 15 3925 1
977 52 396 20 7898 1
978 27 348 10 1970 1
979 66 368 20 4867 1
980 64 400 29 10675 1
981 25 369 15 6013 1
982 48 398 6 2839 1
983 23 366 21 7824 1
984 115 364 23 6549 1
985 25 353 17 3006 1
986 48 398 14 6383 1
987 95 398 14 6383 1
988 56 365 6 3073 1
989 111 365 6 3073 1
990 26 369 24 6408 1
991 22 353 13 5250 1
992 28 367 19 7954 1
993 55 367 19 7954 1
994 25 400 27 8164 1
995 22 364 20 4262 1
996 64 398 24 9766 1
997 95 368 20 6798 1
998 24 353 14 6183 1
999 46 347 22 5300 1
1000 63 349 27 7573 1
1001 19 367 15 5290 1
1002 51 400 25 10789 1
1003 55 348 18 8655 1
1004 6 399 23 11380 1
1005 37 366 20 9541 1
1006 55 368 13 4632 1
1007 50 353 35 16320 1
1008 19 367 22 11969 1
1009 78 353 23 10485 1
1010 59 351 23 11506 1
1011 19 353 25 7308 1
1012 25 399 34 12264 1
1013 51 365 21 8424 1
1014 67 396 38 15953 1
1015 23 369 12 5216 1
1016 137 399 27 15066 1
1017 51 366 25 13466 1
1018 100 350 19 9857 1
1019 78 368 35 12694 1
1020 48 396 20 6649 1
1021 25 350 21 9989 1
1022 50 365 19 10069 1
1023 68 367 20 8643 1
1024 50 353 34 16691 1
1025 53 367 23 8877 1
1026 48 364 23 7310 1
1027 116 364 15 4721 1
1028 25 364 21 6304 1
1029 19 347 28 12054 1
1030 32 364 17 6918 1
1031 79 368 20 4932 1
1032 23 400 24 13152 1
1033 107 349 26 9825 1
1034 19 347 19 5459 1
1035 78 400 12 3475 1
1036 66 351 18 7361 1
1037 55 368 28 12385 1
40
235 400 530 450 480 440 440 544 580 580 580 540 600 610 575 660 450 450 375 450 450 600 600 600 400 426 500 500 500 500 500 500 600 600 600 400 400 600 425 425 