1037
1 16 87 1 94 1
2 23 150 17 2563 1
3 14 171 8 1497 1
4 15 167 12 2859 1
5 16 145 9 928 1
6 3 175 8 772 1
7 5 175 8 772 1
8 7 175 8 772 1
9 16 171 15 2096 1
10 24 187 21 1990 1
11 26 158 12 1579 1
12 16 116 10 839 1
13 31 116 10 839 1
14 15 87 10 733 1
15 8 166 13 2611 1
16 15 157 13 2176 1
17 29 143 15 1879 1
18 4 113 8 486 1
19 7 113 8 486 1
20 41 121 7 1235 1
21 6 145 15 1934 1
22 17 188 23 6242 1
23 24 113 13 1682 1
24 62 163 12 1174 1
25 81 175 7 859 1
26 129 180 16 1492 1
27 33 166 16 3593 1
28 2 174 11 2447 1
29 118 87 8 953 1
30 8 160 13 1657 1
31 15 160 13 1657 1
32 22 160 13 1657 1
33 29 160 13 1657 1
34 36 160 13 1657 1
35 8 162 19 2029 1
36 15 162 19 2029 1
37 6 185 31 6129 1
38 11 185 31 6129 1
39 20 181 11 2600 1
40 5 181 18 4059 1
41 8 131 6 1112 1
42 15 131 6 1112 1
43 22 131 6 1112 1
44 3 168 12 1577 1
45 4 183 21 4681 1
46 24 185 21 5517 1
47 10 152 18 1567 1
48 16 162 12 2323 1
49 6 160 15 1604 1
50 11 160 15 1604 1
51 16 160 15 1604 1
52 9 141 22 2145 1
53 17 141 22 2145 1
54 11 126 3 220 1
55 16 149 20 2820 1
56 9 155 21 4635 1
57 19 122 8 824 1
58 65 137 13 1174 1
59 2 175 13 2434 1
60 11 143 16 2190 1
61 21 143 16 2190 1
62 7 116 10 967 1
63 16 148 14 2872 1
64 31 148 14 2872 1
65 8 171 25 4052 1
66 15 171 25 4052 1
67 22 171 25 4052 1
68 11 150 21 1702 1
69 21 150 21 1702 1
70 18 120 14 2004 1
71 35 120 14 2004 1
72 6 178 8 1819 1
73 7 149 6 1020 1
74 13 149 6 1020 1
75 8 183 3 719 1
76 15 183 3 719 1
77 10 143 15 2001 1
78 6 143 9 1201 1
79 22 185 8 1271 1
80 7 189 23 5209 1
81 13 160 14 2861 1
82 17 181 18 4795 1
83 8 185 15 4093 1
84 15 185 15 4093 1
85 16 145 14 1950 1
86 10 150 14 2313 1
87 9 147 10 1517 1
88 17 147 10 1517 1
89 25 147 10 1517 1
90 19 146 15 2653 1
91 3 125 12 1558 1
92 5 125 12 1558 1
93 7 125 12 1558 1
94 15 146 15 2944 1
95 9 144 16 3390 1
96 17 144 16 3390 1
97 8 171 19 4004 1
98 11 174 12 2906 1
99 21 174 12 2906 1
100 31 174 12 2906 1
101 15 154 17 1438 1
102 24 137 12 1346 1
103 16 130 10 1644 1
104 9 165 22 3034 1
105 2 187 20 2973 1
106 9 187 13 3630 1
107 21 160 14 1579 1
108 5 152 14 2364 1
109 6 125 10 1328 1
110 30 120 16 1021 1
111 7 147 9 739 1
112 18 158 13 1098 1
113 11 158 16 3688 1
114 21 184 11 1130 1
115 41 184 11 1130 1
116 61 184 11 1130 1
117 81 184 11 1130 1
118 101 184 11 1130 1
119 1 131 10 1063 1
120 1 131 10 1063 1
121 1 131 10 1063 1
122 7 113 8 1173 1
123 13 113 8 1173 1
124 15 154 22 4871 1
125 11 130 25 4823 1
126 26 116 9 954 1
127 24 113 18 2512 1
128 5 130 20 3168 1
129 9 134 15 1275 1
130 8 170 21 3730 1
131 15 170 21 3730 1
132 1 170 17 3556 1
133 1 170 17 3556 1
134 1 170 17 3556 1
135 4 178 16 1630 1
136 7 178 16 1630 1
137 10 178 16 1630 1
138 13 178 16 1630 1
139 15 143 15 1718 1
140 26 113 11 1487 1
141 51 113 11 1487 1
142 5 91 11 667 1
143 9 91 11 667 1
144 13 91 11 667 1
145 17 91 11 667 1
146 21 91 11 667 1
147 25 91 11 667 1
148 7 172 11 1227 1
149 15 133 13 2001 1
150 8 187 15 1642 1
151 15 167 27 2537 1
152 29 167 27 2537 1
153 10 160 19 4476 1
154 19 160 19 4476 1
155 16 189 18 3887 1
156 31 189 18 3887 1
157 5 147 20 4202 1
158 9 147 20 4202 1
159 6 181 13 2371 1
160 11 181 13 2371 1
161 1 125 6 697 1
162 1 125 6 697 1
163 22 141 21 4194 1
164 9 188 16 3382 1
165 17 188 16 3382 1
166 25 188 16 3382 1
167 33 188 16 3382 1
168 41 188 16 3382 1
169 8 177 16 3614 1
170 21 159 23 4670 1
171 7 162 20 4113 1
172 13 162 20 4113 1
173 16 145 18 2187 1
174 8 101 12 904 1
175 15 101 12 904 1
176 8 160 19 2039 1
177 16 188 22 5519 1
178 31 188 22 5519 1
179 46 188 22 5519 1
180 8 189 16 2085 1
181 21 173 19 3750 1
182 11 160 21 4022 1
183 16 159 13 1214 1
184 3 150 20 2484 1
185 5 150 20 2484 1
186 7 150 20 2484 1
187 9 150 20 2484 1
188 16 141 22 2013 1
189 31 141 22 2013 1
190 23 175 16 2086 1
191 7 171 15 1487 1
192 6 91 12 1153 1
193 16 171 12 1559 1
194 21 181 13 1705 1
195 87 155 16 3333 1
196 8 87 8 597 1
197 15 87 8 597 1
198 23 133 20 2934 1
199 45 133 20 2934 1
200 67 133 20 2934 1
201 6 191 18 2595 1
202 11 191 18 2595 1
203 16 191 18 2595 1
204 21 191 18 2595 1
205 26 191 18 2595 1
206 31 191 18 2595 1
207 26 154 14 2069 1
208 7 140 13 1959 1
209 4 87 9 724 1
210 7 87 9 724 1
211 6 172 16 1748 1
212 11 172 16 1748 1
213 14 178 15 2434 1
214 3 152 5 1079 1
215 5 152 5 1079 1
216 29 144 5 661 1
217 7 173 22 4848 1
218 38 155 22 1743 1
219 8 116 11 1552 1
220 15 116 11 1552 1
221 16 166 16 2290 1
222 31 166 16 2290 1
223 15 137 3 570 1
224 29 91 11 845 1
225 20 167 11 1221 1
226 8 177 7 1513 1
227 15 177 7 1513 1
228 22 177 7 1513 1
229 29 177 7 1513 1
230 36 177 7 1513 1
231 15 143 15 2532 1
232 9 188 8 2248 1
233 17 188 8 2248 1
234 19 155 7 1421 1
235 11 149 9 1910 1
236 21 149 9 1910 1
237 21 173 18 4130 1
238 7 113 9 869 1
239 11 172 21 1809 1
240 11 162 5 1056 1
241 21 162 5 1056 1
242 31 162 5 1056 1
243 20 172 15 2806 1
244 39 172 15 2806 1
245 5 135 21 3010 1
246 15 157 23 3409 1
247 111 135 21 1636 1
248 6 185 13 2864 1
249 11 173 25 3182 1
250 21 173 25 3182 1
251 31 173 25 3182 1
252 17 116 10 774 1
253 15 177 15 3031 1
254 29 177 15 3031 1
255 15 173 18 3509 1
256 10 130 7 1158 1
257 17 144 13 1837 1
258 33 144 13 1837 1
259 6 133 17 3047 1
260 11 133 17 3047 1
261 16 133 17 3047 1
262 21 133 17 3047 1
263 16 134 16 2247 1
264 7 180 12 1957 1
265 13 180 12 1957 1
266 19 180 12 1957 1
267 18 173 19 3298 1
268 35 173 19 3298 1
269 8 168 18 1909 1
270 1 162 13 2889 1
271 11 167 21 2377 1
272 21 167 21 2377 1
273 11 162 14 1883 1
274 21 162 14 1883 1
275 31 162 14 1883 1
276 41 162 14 1883 1
277 13 125 8 1402 1
278 11 166 16 3890 1
279 16 177 22 2949 1
280 9 175 16 3008 1
281 5 175 10 935 1
282 9 175 10 935 1
283 13 175 10 935 1
284 17 175 10 935 1
285 21 175 10 935 1
286 25 175 10 935 1
287 7 147 11 1717 1
288 13 147 11 1717 1
289 19 147 11 1717 1
290 25 147 11 1717 1
291 31 147 11 1717 1
292 18 144 12 2145 1
293 7 157 19 1654 1
294 5 143 15 3216 1
295 32 137 13 1647 1
296 14 183 8 2039 1
297 27 183 8 2039 1
298 44 187 15 2095 1
299 13 169 20 4410 1
300 24 149 14 2377 1
301 47 149 14 2377 1
302 10 116 6 949 1
303 19 116 6 949 1
304 15 169 16 2205 1
305 6 173 22 4387 1
306 9 133 13 1946 1
307 17 133 13 1946 1
308 15 150 8 1538 1
309 3 167 16 3348 1
310 14 134 12 1421 1
311 27 134 12 1421 1
312 5 177 21 3166 1
313 22 125 2 371 1
314 23 112 12 1299 1
315 15 125 13 1973 1
316 22 150 12 1200 1
317 6 167 12 1478 1
318 11 167 12 1478 1
319 16 167 12 1478 1
320 21 167 12 1478 1
321 26 167 12 1478 1
322 16 145 20 2623 1
323 7 158 17 1890 1
324 13 158 17 1890 1
325 19 158 17 1890 1
326 12 172 31 6657 1
327 15 148 13 1843 1
328 4 146 22 3878 1
329 22 188 9 2042 1
330 43 188 9 2042 1
331 31 154 22 3205 1
332 15 149 14 3072 1
333 14 169 18 1647 1
334 4 134 18 3444 1
335 1 167 20 2796 1
336 1 167 20 2796 1
337 16 170 18 1874 1
338 10 131 17 2048 1
339 3 180 15 2506 1
340 5 180 15 2506 1
341 7 180 15 2506 1
342 2 166 17 2659 1
343 12 134 14 2205 1
344 7 147 22 3179 1
345 14 147 10 1531 1
346 18 184 11 2739 1
347 35 184 11 2739 1
348 52 184 11 2739 1
349 69 184 11 2739 1
350 12 87 8 489 1
351 12 125 7 1252 1
352 23 125 7 1252 1
353 34 125 7 1252 1
354 20 183 18 2782 1
355 26 113 9 846 1
356 6 169 6 993 1
357 11 169 6 993 1
358 16 169 6 993 1
359 21 169 6 993 1
360 10 187 20 2437 1
361 9 144 18 3017 1
362 17 144 18 3017 1
363 23 177 31 4700 1
364 7 144 9 1480 1
365 15 178 10 1711 1
366 16 131 1 173 1
367 1 126 17 3061 1
368 16 146 10 1273 1
369 17 152 3 350 1
370 33 152 3 350 1
371 49 152 3 350 1
372 65 152 3 350 1
373 14 159 14 2629 1
374 6 181 27 7166 1
375 8 121 12 1122 1
376 10 134 17 1310 1
377 38 125 8 775 1
378 8 162 19 3573 1
379 15 162 19 3573 1
380 15 87 8 566 1
381 112 173 22 4586 1
382 5 172 18 2894 1
383 5 149 10 1931 1
384 5 126 19 1670 1
385 9 126 19 1670 1
386 6 143 22 4084 1
387 11 143 22 4084 1
388 16 143 22 4084 1
389 21 143 22 4084 1
390 16 157 17 2637 1
391 23 177 25 4414 1
392 10 166 16 1493 1
393 11 181 19 3813 1
394 22 191 17 4607 1
395 6 189 15 3165 1
396 11 189 15 3165 1
397 15 141 9 1234 1
398 5 177 22 5407 1
399 9 177 22 5407 1
400 15 112 14 1745 1
401 27 137 12 1100 1
402 10 191 14 1844 1
403 19 191 14 1844 1
404 26 112 9 651 1
405 51 112 9 651 1
406 22 141 13 2125 1
407 43 141 13 2125 1
408 18 197 5 583 1
409 9 194 15 2713 1
410 17 194 15 2713 1
411 8 195 21 4534 1
412 15 195 21 4534 1
413 22 195 21 4534 1
414 29 195 21 4534 1
415 36 195 21 4534 1
416 43 195 21 4534 1
417 50 195 21 4534 1
418 57 195 21 4534 1
419 63 193 32 4083 1
420 125 193 32 4083 1
421 7 196 20 3926 1
422 13 196 20 3926 1
423 8 195 13 2587 1
424 15 195 13 2587 1
425 22 195 13 2587 1
426 29 195 13 2587 1
427 2 196 10 1112 1
428 40 193 10 1331 1
429 9 196 14 1887 1
430 8 196 22 2833 1
431 15 196 22 2833 1
432 9 193 13 3171 1
433 17 193 13 3171 1
434 25 193 13 3171 1
435 9 195 9 2419 1
436 11 197 21 5252 1
437 8 202 7 1141 1
438 58 224 20 3174 1
439 115 224 20 3174 1
440 10 209 25 5219 1
441 19 209 25 5219 1
442 7 212 22 4723 1
443 25 224 11 1385 1
444 8 198 14 3878 1
445 10 210 19 5297 1
446 27 212 19 2152 1
447 29 213 15 4154 1
448 27 199 14 1756 1
449 8 212 14 3885 1
450 38 201 9 1772 1
451 75 201 9 1772 1
452 112 201 9 1772 1
453 9 220 9 2784 1
454 17 220 9 2784 1
455 8 217 19 2149 1
456 6 216 15 3309 1
457 10 220 2 422 1
458 11 211 17 4661 1
459 7 212 22 5452 1
460 13 212 22 5452 1
461 7 199 13 3385 1
462 15 226 14 4191 1
463 31 209 20 2978 1
464 32 209 21 5615 1
465 25 221 14 4187 1
466 49 221 14 4187 1
467 7 210 10 1121 1
468 7 220 6 1784 1
469 37 200 9 1433 1
470 53 221 19 6051 1
471 32 216 7 1976 1
472 63 216 7 1976 1
473 94 216 7 1976 1
474 8 222 25 6657 1
475 8 198 10 1892 1
476 47 209 17 2650 1
477 25 213 22 3846 1
478 49 213 22 3846 1
479 8 224 14 4640 1
480 30 200 13 3278 1
481 25 198 14 3058 1
482 49 198 14 3058 1
483 73 198 14 3058 1
484 8 202 5 816 1
485 16 211 13 2126 1
486 15 223 13 2239 1
487 22 212 16 2842 1
488 43 212 16 2842 1
489 8 223 11 2078 1
490 56 210 14 3293 1
491 2 226 14 3630 1
492 8 222 21 3122 1
493 8 212 18 2087 1
494 15 212 18 2087 1
495 10 224 23 4500 1
496 19 224 23 4500 1
497 28 224 23 4500 1
498 10 220 16 2684 1
499 19 220 16 2684 1
500 2 209 6 1421 1
501 2 216 18 5147 1
502 47 220 9 2287 1
503 30 217 11 2926 1
504 2 220 18 5854 1
505 22 209 13 1539 1
506 43 209 13 1539 1
507 29 224 12 2587 1
508 8 221 7 2090 1
509 15 213 28 3559 1
510 2 222 18 4310 1
511 8 209 19 5630 1
512 6 211 26 5001 1
513 13 210 18 3153 1
514 41 220 15 4337 1
515 7 223 11 3194 1
516 13 223 11 3194 1
517 30 200 11 3154 1
518 11 209 7 1747 1
519 15 201 16 2552 1
520 8 208 16 2533 1
521 15 208 16 2533 1
522 29 200 12 2439 1
523 57 200 12 2439 1
524 24 212 20 4942 1
525 15 210 16 2588 1
526 11 217 15 2854 1
527 21 217 15 2854 1
528 22 213 19 2810 1
529 43 213 19 2810 1
530 9 210 5 1116 1
531 3 226 14 3075 1
532 2 211 6 1223 1
533 31 221 7 2183 1
534 20 216 4 787 1
535 39 216 4 787 1
536 58 216 4 787 1
537 48 212 9 1737 1
538 37 221 10 2896 1
539 37 201 18 5018 1
540 73 201 18 5018 1
541 14 202 20 4787 1
542 27 221 7 960 1
543 5 213 9 1759 1
544 9 213 9 1759 1
545 44 220 15 2891 1
546 19 217 14 4385 1
547 3 223 13 3070 1
548 7 216 15 2742 1
549 11 226 19 3546 1
550 21 226 19 3546 1
551 31 226 19 3546 1
552 22 208 14 2185 1
553 7 217 15 1630 1
554 13 217 15 1630 1
555 19 217 15 1630 1
556 9 221 8 1420 1
557 20 211 9 2467 1
558 39 211 9 2467 1
559 22 224 22 3323 1
560 9 216 11 1256 1
561 7 213 15 3159 1
562 23 228 12 1590 1
563 45 228 12 1590 1
564 5 240 12 2491 1
565 64 245 17 3275 1
566 4 237 15 3310 1
567 5 241 14 3864 1
568 23 239 19 6351 1
569 76 245 10 3647 1
570 63 240 19 4254 1
571 55 236 17 5959 1
572 132 231 8 2388 1
573 5 250 18 5041 1
574 9 250 18 5041 1
575 13 250 18 5041 1
576 23 259 17 3673 1
577 28 237 12 3794 1
578 23 240 10 2700 1
579 45 240 10 2700 1
580 37 263 9 1712 1
581 20 256 16 2795 1
582 22 256 14 2633 1
583 23 261 14 3433 1
584 50 235 14 1989 1
585 16 250 4 1377 1
586 31 250 4 1377 1
587 46 250 4 1377 1
588 25 227 17 3454 1
589 49 227 17 3454 1
590 9 239 8 2150 1
591 7 239 9 1516 1
592 7 237 18 3757 1
593 26 240 12 1796 1
594 51 240 12 1796 1
595 76 240 12 1796 1
596 101 240 12 1796 1
597 7 240 5 1625 1
598 21 232 6 1188 1
599 14 256 22 6222 1
600 55 259 13 2257 1
601 5 260 20 5140 1
602 49 237 18 6221 1
603 22 240 9 1183 1
604 34 229 22 3994 1
605 67 229 22 3994 1
606 4 259 20 3221 1
607 7 259 20 3221 1
608 14 229 10 1623 1
609 4 228 13 4390 1
610 7 228 13 4390 1
611 21 256 12 3198 1
612 24 259 17 4271 1
613 23 231 14 3597 1
614 24 252 17 3638 1
615 47 252 17 3638 1
616 8 227 13 3022 1
617 22 236 5 1268 1
618 24 250 18 5857 1
619 30 256 18 3991 1
620 21 261 17 4195 1
621 41 261 17 4195 1
622 61 261 17 4195 1
623 5 239 22 3283 1
624 17 237 8 1856 1
625 7 229 12 1715 1
626 13 229 12 1715 1
627 29 245 18 5264 1
628 31 262 16 5269 1
629 7 231 17 3309 1
630 10 227 12 3194 1
631 34 245 25 7959 1
632 38 227 16 3806 1
633 20 239 14 4907 1
634 39 239 14 4907 1
635 5 228 17 3597 1
636 6 262 15 3619 1
637 7 227 27 7947 1
638 31 252 15 1930 1
639 61 252 15 1930 1
640 28 245 15 4461 1
641 55 245 15 4461 1
642 23 227 17 4062 1
643 36 232 17 2574 1
644 71 232 17 2574 1
645 23 228 9 2551 1
646 5 259 20 7509 1
647 7 252 16 4716 1
648 13 252 16 4716 1
649 19 252 16 4716 1
650 8 242 17 2597 1
651 15 242 17 2597 1
652 4 237 6 961 1
653 30 242 12 1526 1
654 25 260 8 2622 1
655 18 263 11 4230 1
656 6 229 9 2546 1
657 32 263 16 5721 1
658 42 255 9 2928 1
659 83 255 9 2928 1
660 3 237 9 1810 1
661 5 237 9 1810 1
662 7 237 9 1810 1
663 4 239 10 3213 1
664 3 232 21 4075 1
665 35 261 18 5913 1
666 7 228 8 1940 1
667 5 228 8 1232 1
668 24 250 18 3471 1
669 2 245 10 2575 1
670 19 261 26 7798 1
671 2 260 16 2276 1
672 26 247 20 4122 1
673 3 242 15 4413 1
674 5 242 15 4413 1
675 7 242 15 4413 1
676 13 255 21 6616 1
677 29 247 14 4592 1
678 5 247 19 3953 1
679 39 236 6 785 1
680 7 247 21 7377 1
681 30 227 6 1597 1
682 59 227 6 1597 1
683 8 252 18 3455 1
684 27 268 21 3187 1
685 53 268 21 3187 1
686 79 268 21 3187 1
687 32 266 22 8039 1
688 63 266 22 8039 1
689 27 264 12 2869 1
690 68 302 12 2872 1
691 80 269 11 1994 1
692 40 278 13 3839 1
693 26 269 4 568 1
694 19 276 19 3899 1
695 90 269 16 4614 1
696 1 285 27 5909 1
697 1 285 27 5909 1
698 46 283 10 2416 1
699 91 283 10 2416 1
700 136 283 10 2416 1
701 47 267 11 2966 1
702 28 276 20 6333 1
703 55 276 20 6333 1
704 82 276 20 6333 1
705 24 276 18 2852 1
706 6 293 24 9748 1
707 81 296 9 2925 1
708 24 270 11 1818 1
709 46 278 11 3763 1
710 9 267 14 2469 1
711 17 267 14 2469 1
712 25 267 14 2469 1
713 17 277 13 3303 1
714 33 277 13 3303 1
715 60 271 13 1973 1
716 119 271 13 1973 1
717 6 292 15 3744 1
718 21 293 13 1929 1
719 17 290 20 6807 1
720 33 290 20 6807 1
721 36 300 22 9432 1
722 9 285 16 3427 1
723 25 295 14 2977 1
724 31 279 21 3458 1
725 7 264 16 5804 1
726 24 264 17 5303 1
727 47 264 17 5303 1
728 13 294 21 5103 1
729 25 294 21 5103 1
730 26 280 10 2376 1
731 62 270 8 3122 1
732 6 283 16 6485 1
733 11 283 16 6485 1
734 16 283 16 6485 1
735 25 276 22 3435 1
736 49 276 22 3435 1
737 26 280 20 5132 1
738 76 265 13 3893 1
739 7 272 20 5668 1
740 13 272 20 5668 1
741 19 272 20 5668 1
742 58 267 20 6230 1
743 3 278 14 5023 1
744 5 278 14 5023 1
745 7 278 14 5023 1
746 22 276 19 4954 1
747 40 295 13 2471 1
748 24 268 4 875 1
749 61 294 19 7139 1
750 121 294 19 7139 1
751 13 283 22 5069 1
752 25 283 22 5069 1
753 37 283 22 5069 1
754 49 283 22 5069 1
755 63 285 20 6360 1
756 6 281 18 6157 1
757 25 292 11 3588 1
758 49 292 11 3588 1
759 27 264 22 8359 1
760 53 264 22 8359 1
761 79 264 22 8359 1
762 105 264 22 8359 1
763 68 265 10 1367 1
764 135 265 10 1367 1
765 9 264 16 3155 1
766 22 278 17 2873 1
767 43 278 17 2873 1
768 64 278 17 2873 1
769 85 278 17 2873 1
770 40 290 15 3265 1
771 22 277 20 7268 1
772 33 299 18 7127 1
773 81 279 25 8742 1
774 24 264 22 5924 1
775 7 283 10 1943 1
776 33 279 14 4518 1
777 20 266 29 9556 1
778 81 269 22 8391 1
779 28 275 18 3792 1
780 55 275 18 3792 1
781 20 281 21 5061 1
782 1 280 14 3731 1
783 1 280 14 3731 1
784 2 272 14 3287 1
785 3 272 14 3287 1
786 22 278 12 3599 1
787 28 279 26 7288 1
788 55 279 26 7288 1
789 82 279 26 7288 1
790 7 290 16 3812 1
791 5 277 11 2815 1
792 22 272 13 3763 1
793 43 272 13 3763 1
794 4 301 24 7781 1
795 13 283 10 2826 1
796 16 299 13 3941 1
797 3 280 24 4529 1
798 26 296 27 5799 1
799 4 294 8 3026 1
800 7 294 8 3026 1
801 10 294 8 3026 1
802 24 271 12 3259 1
803 23 266 35 12110 1
804 45 266 35 12110 1
805 2 265 18 6863 1
806 91 269 17 6351 1
807 5 276 4 1447 1
808 15 278 13 2723 1
809 92 279 22 7506 1
810 36 275 13 5028 1
811 71 275 13 5028 1
812 6 271 19 2669 1
813 11 271 19 2669 1
814 132 267 16 6167 1
815 6 270 13 3673 1
816 11 270 13 3673 1
817 27 264 12 3168 1
818 4 283 19 4431 1
819 95 269 9 3111 1
820 91 296 15 5689 1
821 4 265 14 3342 1
822 87 299 14 5985 1
823 1 293 21 8073 1
824 18 277 10 2113 1
825 169 299 13 4765 1
826 19 272 11 2811 1
827 5 295 9 3636 1
828 31 271 10 2112 1
829 61 271 10 2112 1
830 32 293 19 7725 1
831 63 293 19 7725 1
832 94 293 19 7725 1
833 125 293 19 7725 1
834 23 275 11 1767 1
835 81 268 18 6883 1
836 13 302 8 2676 1
837 22 285 13 2343 1
838 57 301 14 2971 1
839 113 301 14 2971 1
840 18 296 11 4281 1
841 46 278 18 3836 1
842 28 275 12 2496 1
843 55 275 12 2496 1
844 82 275 12 2496 1
845 20 283 16 6677 1
846 39 283 16 6677 1
847 58 283 16 6677 1
848 77 283 16 6677 1
849 96 283 16 6677 1
850 23 269 8 3131 1
851 45 269 8 3131 1
852 57 267 17 4157 1
853 49 299 20 7504 1
854 97 299 20 7504 1
855 12 271 22 4471 1
856 4 292 20 8099 1
857 27 292 10 2344 1
858 53 292 10 2344 1
859 15 272 13 3593 1
860 5 268 11 1981 1
861 29 269 10 2529 1
862 41 270 16 3834 1
863 6 338 23 10646 1
864 84 302 17 5380 1
865 21 333 29 6414 1
866 27 337 20 8461 1
867 17 321 19 7302 1
868 19 329 28 8998 1
869 31 323 26 8307 1
870 26 321 13 5544 1
871 23 306 20 7025 1
872 65 331 30 6349 1
873 13 336 15 7202 1
874 5 304 11 3927 1
875 51 305 43 15514 1
876 29 335 19 6001 1
877 25 329 29 6936 1
878 21 337 22 10084 1
879 25 329 15 3747 1
880 49 329 15 3747 1
881 24 329 10 2869 1
882 27 332 25 6820 1
883 26 337 18 5321 1
884 26 319 38 12419 1
885 27 337 15 4757 1
886 25 321 14 4006 1
887 26 316 28 10947 1
888 51 316 28 10947 1
889 70 337 39 11582 1
890 28 318 22 3973 1
891 26 334 16 6172 1
892 11 323 25 5278 1
893 72 334 22 6283 1
894 23 305 17 2722 1
895 67 316 15 4959 1
896 31 338 22 11130 1
897 26 316 10 4390 1
898 57 331 16 6471 1
899 37 321 12 4309 1
900 28 337 21 6362 1
901 55 337 21 6362 1
902 60 316 13 4520 1
903 119 316 13 4520 1
904 29 337 9 3378 1
905 25 336 15 6475 1
906 17 316 13 5448 1
907 33 316 13 5448 1
908 36 339 15 4012 1
909 68 325 14 2732 1
910 57 337 18 5305 1
911 25 321 15 6914 1
912 25 333 17 3200 1
913 24 333 14 5372 1
914 23 329 4 1249 1
915 45 329 4 1249 1
916 52 336 25 6833 1
917 13 305 16 6270 1
918 14 306 25 4163 1
919 27 306 25 4163 1
920 40 306 25 4163 1
921 55 306 16 3832 1
922 69 334 27 8187 1
923 88 305 23 9391 1
924 20 304 27 4978 1
925 49 333 30 6731 1
926 45 337 15 5595 1
927 35 319 14 5691 1
928 27 333 18 6305 1
929 53 336 22 5169 1
930 105 336 22 5169 1
931 51 339 18 6072 1
932 34 318 18 7883 1
933 67 318 18 7883 1
934 21 331 17 6806 1
935 41 331 17 6806 1
936 27 302 20 6627 1
937 49 338 23 8070 1
938 78 321 22 8953 1
939 53 306 18 4001 1
940 22 323 15 5889 1
941 43 323 15 5889 1
942 29 325 13 5061 1
943 52 337 19 7197 1
944 27 339 23 7308 1
945 50 331 27 10695 1
946 99 331 27 10695 1
947 16 325 15 6173 1
948 31 325 15 6173 1
949 68 337 20 3562 1
950 27 329 20 8961 1
951 7 305 30 11900 1
952 26 333 21 5690 1
953 24 338 15 4613 1
954 62 398 21 10882 1
955 19 369 20 7685 1
956 25 350 22 8620 1
957 18 400 21 11647 1
958 85 364 21 4135 1
959 65 399 25 7711 1
960 49 351 14 4728 1
961 97 351 14 4728 1
962 29 350 19 9679 1
963 57 350 19 9679 1
964 56 365 26 11927 1
965 47 353 34 7585 1
966 24 369 23 4719 1
967 61 347 33 16191 1
968 121 347 33 16191 1
969 28 349 23 4016 1
970 86 349 35 6370 1
971 20 347 19 9174 1
972 122 348 23 4648 1
973 24 400 23 7800 1
974 55 348 25 11260 1
975 109 348 25 11260 1
976 85 347 19 5007 1
977 25 369 23 8849 1
978 56 350 22 9878 1
979 63 398 41 13949 1
980 125 398 41 13949 1
981 50 366 35 9621 1
982 79 396 28 12544 1
983 68 396 22 6550 1
984 135 396 22 6550 1
985 60 399 35 7263 1
986 119 399 35 7263 1
987 50 399 30 13069 1
988 47 369 37 17643 1
989 20 349 22 4402 1
990 27 400 15 4921 1
991 50 400 26 8817 1
992 48 367 23 10049 1
993 88 364 23 7877 1
994 57 364 26 12608 1
995 113 364 26 12608 1
996 47 398 27 12746 1
997 93 398 27 12746 1
998 27 369 19 6242 1
999 55 369 23 5788 1
1000 86 365 28 14170 1
1001 65 369 11 4860 1
1002 47 349 38 12990 1
1003 50 353 20 3652 1
1004 67 368 30 13489 1
1005 62 400 19 4595 1
1006 51 349 14 3157 1
1007 30 369 27 9986 1
1008 47 398 25 14867 1
1009 108 348 21 6975 1
1010 49 350 17 3446 1
1011 34 396 28 12239 1
1012 22 353 24 6328 1
1013 28 366 19 3612 1
1014 26 366 22 7279 1
1015 55 367 23 9378 1
1016 48 365 33 6395 1
1017 79 351 11 4012 1
1018 68 367 23 8490 1
1019 29 400 29 11500 1
1020 48 349 18 7196 1
1021 51 400 34 7133 1
1022 108 367 19 7327 1
1023 47 348 5 957 1
1024 24 353 30 10467 1
1025 20 369 26 13191 1
1026 57 366 30 14959 1
1027 41 369 31 12991 1
1028 51 353 38 8507 1
1029 26 367 36 10530 1
1030 30 351 17 8639 1
1031 50 350 22 9492 1
1032 21 350 18 5623 1
1033 115 368 23 9932 1
1034 31 349 18 5004 1
1035 24 350 27 14144 1
1036 47 350 27 14144 1
1037 70 350 27 14144 1
40
235 400 530 450 480 440 440 544 580 580 580 540 600 610 575 660 450 450 375 450 450 600 600 600 400 426 500 500 500 500 500 500 600 600 600 400 400 600 425 425 