1037
1 6 152 21 3357 1
2 11 152 21 3357 1
3 16 152 21 3357 1
4 21 152 21 3357 1
5 26 152 21 3357 1
6 31 152 21 3357 1
7 36 152 21 3357 1
8 5 158 15 2411 1
9 9 158 15 2411 1
10 19 145 9 919 1
11 4 176 16 1480 1
12 7 176 16 1480 1
13 8 126 20 3507 1
14 62 148 16 2368 1
15 6 135 13 1792 1
16 11 135 13 1792 1
17 15 185 3 625 1
18 29 185 3 625 1
19 6 166 16 2790 1
20 11 166 16 2790 1
21 8 160 20 2355 1
22 15 160 20 2355 1
23 22 160 20 2355 1
24 8 91 12 1430 1
25 15 91 12 1430 1
26 9 191 25 2769 1
27 19 120 15 1265 1
28 16 152 17 3574 1
29 16 175 15 1369 1
30 8 112 13 851 1
31 15 112 13 851 1
32 22 112 13 851 1
33 29 112 13 851 1
34 28 130 7 893 1
35 11 144 12 1193 1
36 72 174 7 1372 1
37 15 176 16 4106 1
38 16 150 21 1615 1
39 31 150 21 1615 1
40 3 176 17 4166 1
41 7 171 18 2997 1
42 13 171 18 2997 1
43 19 178 19 2799 1
44 37 178 19 2799 1
45 12 182 13 1952 1
46 11 134 14 2186 1
47 8 180 9 1789 1
48 23 134 7 711 1
49 67 135 21 2779 1
50 29 140 9 1042 1
51 57 140 9 1042 1
52 30 165 26 5918 1
53 88 185 15 3399 1
54 5 172 21 4368 1
55 19 130 18 1595 1
56 7 140 20 2293 1
57 13 140 20 2293 1
58 9 174 20 3239 1
59 30 167 16 2361 1
60 59 167 16 2361 1
61 88 167 16 2361 1
62 9 130 9 1324 1
63 16 116 13 1899 1
64 6 169 15 1788 1
65 11 169 15 1788 1
66 7 152 7 887 1
67 13 152 7 887 1
68 6 152 15 1987 1
69 22 149 20 3333 1
70 3 191 20 2631 1
71 9 91 9 667 1
72 17 91 9 667 1
73 7 120 14 1707 1
74 13 120 14 1707 1
75 16 173 8 1864 1
76 31 173 8 1864 1
77 46 173 8 1864 1
78 6 182 11 2930 1
79 12 183 18 3740 1
80 24 188 8 1739 1
81 6 175 27 5581 1
82 3 191 18 2881 1
83 5 191 18 2881 1
84 9 126 7 569 1
85 17 126 7 569 1
86 20 184 10 1380 1
87 39 184 10 1380 1
88 6 191 22 2891 1
89 3 91 5 438 1
90 15 165 23 2837 1
91 11 183 19 2606 1
92 21 183 19 2606 1
93 7 169 16 2141 1
94 13 169 16 2141 1
95 19 169 16 2141 1
96 4 116 18 1086 1
97 7 116 18 1086 1
98 7 191 19 5067 1
99 7 130 13 1827 1
100 16 166 14 1686 1
101 31 166 14 1686 1
102 74 130 8 792 1
103 4 143 31 4903 1
104 16 126 8 1470 1
105 11 184 16 1591 1
106 21 184 16 1591 1
107 4 143 13 970 1
108 15 135 14 2545 1
109 6 166 26 5452 1
110 17 180 24 3544 1
111 22 143 22 4659 1
112 12 126 9 1124 1
113 5 157 1 191 1
114 9 157 1 191 1
115 12 178 9 2243 1
116 2 125 11 1383 1
117 3 125 11 1383 1
118 4 125 11 1383 1
119 3 101 11 1208 1
120 14 101 9 773 1
121 22 178 13 2172 1
122 43 178 13 2172 1
123 7 184 26 3655 1
124 13 184 26 3655 1
125 19 184 26 3655 1
126 18 177 20 2670 1
127 15 141 10 2082 1
128 8 144 10 1176 1
129 15 144 10 1176 1
130 10 120 10 1702 1
131 19 120 10 1702 1
132 16 185 17 1937 1
133 91 172 15 3329 1
134 17 158 24 2790 1
135 15 144 13 2803 1
136 8 189 21 5062 1
137 15 189 21 5062 1
138 12 126 12 1761 1
139 14 149 11 1516 1
140 27 149 11 1516 1
141 11 167 21 3585 1
142 9 155 13 1839 1
143 17 155 13 1839 1
144 25 155 13 1839 1
145 17 112 13 1371 1
146 13 184 18 4636 1
147 18 177 13 2799 1
148 22 191 29 4639 1
149 15 169 6 547 1
150 7 185 11 2738 1
151 5 125 11 959 1
152 9 125 11 959 1
153 13 125 11 959 1
154 16 175 14 1330 1
155 56 91 10 1213 1
156 12 140 11 967 1
157 23 140 11 967 1
158 6 152 10 2132 1
159 20 91 11 559 1
160 39 91 11 559 1
161 17 176 17 3435 1
162 33 176 17 3435 1
163 14 162 9 1155 1
164 27 162 9 1155 1
165 13 152 18 3627 1
166 27 140 4 524 1
167 53 140 4 524 1
168 7 173 12 2255 1
169 13 173 12 2255 1
170 6 87 7 516 1
171 5 147 18 3765 1
172 9 147 18 3765 1
173 13 147 18 3765 1
174 6 155 22 4874 1
175 11 155 22 4874 1
176 5 133 18 3525 1
177 19 120 7 1119 1
178 37 120 7 1119 1
179 18 183 19 1740 1
180 6 171 21 4532 1
181 19 185 14 2394 1
182 5 157 20 4158 1
183 9 157 20 4158 1
184 11 189 27 6064 1
185 22 131 16 1856 1
186 43 131 16 1856 1
187 64 131 16 1856 1
188 85 131 16 1856 1
189 6 183 12 1820 1
190 15 172 21 4203 1
191 16 172 15 3665 1
192 11 172 15 1944 1
193 21 172 15 1944 1
194 14 162 10 1024 1
195 7 162 17 4093 1
196 4 169 14 2011 1
197 7 169 14 2011 1
198 12 126 5 863 1
199 8 133 33 5794 1
200 15 133 33 5794 1
201 22 133 33 5794 1
202 10 189 17 3783 1
203 3 131 21 2204 1
204 24 169 13 3101 1
205 47 169 13 3101 1
206 70 169 13 3101 1
207 9 189 14 3632 1
208 17 189 14 3632 1
209 10 159 18 3893 1
210 47 125 12 765 1
211 8 185 16 3394 1
212 8 172 7 627 1
213 11 173 13 2244 1
214 21 173 13 2244 1
215 23 116 9 1041 1
216 8 150 17 2490 1
217 15 150 17 2490 1
218 6 149 15 2729 1
219 11 149 15 2729 1
220 12 185 22 5787 1
221 15 134 19 3218 1
222 20 152 14 3012 1
223 18 188 26 2497 1
224 8 173 20 5109 1
225 15 173 20 5109 1
226 22 173 20 5109 1
227 33 121 17 1682 1
228 65 121 17 1682 1
229 97 121 17 1682 1
230 2 157 14 2377 1
231 3 157 14 2377 1
232 3 175 14 2575 1
233 16 133 9 1004 1
234 6 174 19 4165 1
235 19 162 16 3527 1
236 16 158 13 1074 1
237 4 170 16 1617 1
238 6 187 5 649 1
239 11 187 5 649 1
240 19 185 27 3207 1
241 37 185 27 3207 1
242 21 187 11 1345 1
243 8 148 13 2552 1
244 15 148 13 2552 1
245 22 148 13 2552 1
246 16 126 14 1929 1
247 7 183 18 1934 1
248 13 183 18 1934 1
249 4 137 16 2226 1
250 11 170 19 3965 1
251 15 112 7 1066 1
252 10 126 10 948 1
253 96 121 8 849 1
254 11 182 15 2752 1
255 15 163 24 1984 1
256 10 177 19 2902 1
257 11 137 16 2057 1
258 21 137 16 2057 1
259 31 137 16 2057 1
260 10 168 8 1193 1
261 4 148 14 1148 1
262 7 148 14 1148 1
263 16 163 11 1898 1
264 11 147 13 1650 1
265 21 147 13 1650 1
266 31 147 13 1650 1
267 11 162 24 3731 1
268 21 162 24 3731 1
269 28 154 17 3411 1
270 55 154 17 3411 1
271 6 163 18 1999 1
272 11 163 18 1999 1
273 17 167 6 1443 1
274 9 87 4 297 1
275 17 87 4 297 1
276 14 125 16 2557 1
277 27 159 26 2143 1
278 53 159 26 2143 1
279 11 183 22 2486 1
280 21 183 22 2486 1
281 20 101 10 950 1
282 107 140 19 3501 1
283 24 174 19 4882 1
284 16 133 21 3759 1
285 5 168 13 2975 1
286 84 155 17 3250 1
287 8 188 14 3031 1
288 15 188 14 3031 1
289 22 188 14 3031 1
290 7 113 11 1548 1
291 15 180 21 5144 1
292 29 180 21 5144 1
293 43 180 21 5144 1
294 16 120 16 1988 1
295 19 154 19 2263 1
296 37 154 19 2263 1
297 5 177 16 1744 1
298 9 177 16 1744 1
299 16 125 16 2259 1
300 20 125 13 1912 1
301 19 140 10 1247 1
302 7 175 16 2412 1
303 13 175 16 2412 1
304 19 175 16 2412 1
305 25 175 16 2412 1
306 31 175 16 2412 1
307 37 175 16 2412 1
308 3 148 13 2446 1
309 6 91 13 1530 1
310 11 91 13 1530 1
311 6 188 14 1982 1
312 11 188 14 1982 1
313 16 188 14 1982 1
314 16 150 10 1233 1
315 9 121 13 1005 1
316 28 169 17 2226 1
317 7 167 14 3204 1
318 13 167 14 3204 1
319 6 125 11 1641 1
320 6 188 15 1752 1
321 11 188 15 1752 1
322 9 162 27 3794 1
323 18 158 16 3496 1
324 14 167 44 10374 1
325 27 167 44 10374 1
326 40 167 44 10374 1
327 53 167 44 10374 1
328 29 187 21 4998 1
329 34 174 17 4193 1
330 67 174 17 4193 1
331 11 122 8 1265 1
332 18 144 10 823 1
333 35 144 10 823 1
334 12 121 14 2365 1
335 15 185 18 2984 1
336 6 152 23 2378 1
337 11 152 23 2378 1
338 16 152 23 2378 1
339 21 152 23 2378 1
340 8 122 5 739 1
341 15 122 5 739 1
342 22 122 5 739 1
343 29 122 5 739 1
344 36 122 5 739 1
345 43 122 5 739 1
346 50 122 5 739 1
347 27 182 19 4894 1
348 19 140 17 2911 1
349 125 175 11 2101 1
350 24 169 19 3981 1
351 3 121 20 2945 1
352 5 121 20 2945 1
353 7 121 20 2945 1
354 5 133 23 3846 1
355 1 120 23 2862 1
356 1 120 23 2862 1
357 9 149 19 1884 1
358 20 167 17 4007 1
359 39 167 17 4007 1
360 66 177 19 4745 1
361 9 112 12 1188 1
362 5 140 8 565 1
363 3 122 11 1042 1
364 10 177 19 4156 1
365 19 177 19 4156 1
366 10 168 20 1773 1
367 6 169 23 2492 1
368 16 134 12 1235 1
369 5 165 15 2598 1
370 9 165 15 2598 1
371 13 165 15 2598 1
372 17 165 15 2598 1
373 21 165 15 2598 1
374 25 165 15 2598 1
375 29 165 15 2598 1
376 13 168 14 1494 1
377 15 170 19 3755 1
378 3 140 11 1831 1
379 5 140 11 1831 1
380 7 140 11 1831 1
381 10 170 19 4364 1
382 19 170 19 4364 1
383 9 149 10 2219 1
384 17 149 10 2219 1
385 16 131 17 1786 1
386 21 145 15 2580 1
387 9 172 30 3830 1
388 17 172 30 3830 1
389 6 187 35 3483 1
390 10 144 11 1753 1
391 19 144 11 1753 1
392 1 130 11 1945 1
393 12 180 17 3174 1
394 8 101 15 1723 1
395 11 165 15 2464 1
396 31 187 19 2521 1
397 61 187 19 2521 1
398 10 130 22 3683 1
399 7 130 15 1708 1
400 22 191 30 6861 1
401 2 159 13 2432 1
402 3 159 13 2432 1
403 4 159 13 2432 1
404 15 152 20 4445 1
405 4 168 31 7472 1
406 7 168 31 7472 1
407 4 187 14 3696 1
408 45 194 28 7878 1
409 14 197 15 2622 1
410 8 193 11 2375 1
411 9 196 27 7904 1
412 3 194 11 2022 1
413 5 194 11 2022 1
414 10 194 8 2237 1
415 2 193 29 8019 1
416 8 196 9 1763 1
417 73 195 16 1706 1
418 9 194 23 6268 1
419 17 194 23 6268 1
420 25 194 23 6268 1
421 33 194 23 6268 1
422 8 193 16 2593 1
423 9 195 13 2554 1
424 34 194 9 1809 1
425 8 194 10 1606 1
426 38 197 13 2574 1
427 9 193 25 5290 1
428 17 196 10 1744 1
429 9 196 25 3020 1
430 17 196 25 3020 1
431 25 196 25 3020 1
432 26 194 20 5236 1
433 11 196 22 2482 1
434 11 197 20 4562 1
435 8 197 14 2054 1
436 9 194 11 2949 1
437 3 221 15 3194 1
438 5 221 15 3194 1
439 10 211 14 2889 1
440 26 201 19 4947 1
441 51 201 19 4947 1
442 44 223 15 3516 1
443 45 222 26 8302 1
444 11 217 5 943 1
445 53 226 17 5086 1
446 3 221 14 2786 1
447 30 220 19 4204 1
448 46 211 10 1504 1
449 28 202 13 3662 1
450 55 202 13 3662 1
451 8 213 4 961 1
452 15 213 4 961 1
453 7 212 9 1290 1
454 14 217 25 7647 1
455 26 198 19 2074 1
456 12 226 16 4246 1
457 6 220 16 2050 1
458 11 202 24 4407 1
459 21 202 24 4407 1
460 31 202 24 4407 1
461 9 198 7 1306 1
462 17 198 7 1306 1
463 15 221 15 4703 1
464 15 226 15 4945 1
465 26 226 11 2395 1
466 50 222 17 5053 1
467 9 221 24 5543 1
468 7 212 14 3286 1
469 28 220 21 4007 1
470 30 221 10 1249 1
471 12 212 9 1956 1
472 65 226 5 1365 1
473 129 226 5 1365 1
474 7 211 20 3056 1
475 11 212 12 1559 1
476 106 199 15 2149 1
477 25 226 16 4678 1
478 49 226 16 4678 1
479 6 198 15 2371 1
480 8 210 16 2846 1
481 31 210 13 1446 1
482 10 212 14 3920 1
483 19 212 14 3920 1
484 29 201 19 2398 1
485 27 216 20 5402 1
486 53 216 20 5402 1
487 15 210 7 2030 1
488 9 216 10 2604 1
489 31 211 19 5708 1
490 51 200 13 2366 1
491 8 222 15 4371 1
492 23 212 16 3238 1
493 40 224 18 5158 1
494 10 200 15 3068 1
495 24 216 22 3845 1
496 11 213 20 4584 1
497 4 213 11 1557 1
498 8 208 8 1013 1
499 15 220 9 1024 1
500 15 201 15 4147 1
501 12 222 9 1546 1
502 18 220 14 3114 1
503 10 213 18 3197 1
504 30 198 18 2014 1
505 59 198 18 2014 1
506 88 198 18 2014 1
507 117 198 18 2014 1
508 31 217 14 3905 1
509 8 201 16 1844 1
510 15 201 16 1844 1
511 22 201 16 1844 1
512 38 217 5 938 1
513 9 216 11 1997 1
514 6 198 16 3621 1
515 31 210 14 1923 1
516 3 211 14 4029 1
517 7 209 13 2551 1
518 7 224 19 3837 1
519 13 224 19 3837 1
520 6 222 9 2551 1
521 11 222 9 2551 1
522 8 226 14 2667 1
523 7 199 13 1371 1
524 3 202 15 3662 1
525 24 213 13 2556 1
526 47 213 13 2556 1
527 29 200 12 3509 1
528 2 202 11 1242 1
529 6 211 26 6797 1
530 23 217 14 4468 1
531 25 212 17 3300 1
532 49 212 17 3300 1
533 8 223 16 1933 1
534 15 223 16 1933 1
535 22 223 16 1933 1
536 7 224 19 3362 1
537 62 199 15 1960 1
538 123 199 15 1960 1
539 184 199 15 1960 1
540 10 217 11 2643 1
541 19 217 11 2643 1
542 28 217 11 2643 1
543 15 216 14 1843 1
544 10 224 29 8203 1
545 19 224 29 8203 1
546 28 224 29 8203 1
547 37 224 29 8203 1
548 9 221 17 2397 1
549 10 200 9 1060 1
550 6 200 16 4195 1
551 28 226 16 4060 1
552 8 210 22 4643 1
553 15 210 22 4643 1
554 22 210 22 4643 1
555 29 210 22 4643 1
556 36 210 22 4643 1
557 43 210 22 4643 1
558 6 223 20 4364 1
559 6 226 15 3796 1
560 11 226 15 3796 1
561 23 200 8 2008 1
562 24 259 14 2015 1
563 1 247 15 2065 1
564 24 256 6 2075 1
565 47 259 14 2225 1
566 20 228 16 2813 1
567 39 228 16 2813 1
568 23 247 15 3336 1
569 30 235 19 3290 1
570 19 228 16 4072 1
571 7 245 14 3308 1
572 13 245 14 3308 1
573 19 245 14 3308 1
574 25 245 14 3308 1
575 10 237 11 2245 1
576 19 237 11 2245 1
577 28 237 11 2245 1
578 33 240 10 1839 1
579 6 245 11 3251 1
580 8 237 14 1675 1
581 15 237 14 1675 1
582 28 261 13 2874 1
583 16 232 20 3043 1
584 25 245 18 4191 1
585 12 247 29 9772 1
586 23 247 29 9772 1
587 53 237 17 4786 1
588 21 259 18 2338 1
589 41 259 18 2338 1
590 4 237 14 3267 1
591 7 237 14 3267 1
592 4 252 13 1686 1
593 23 259 13 3471 1
594 69 240 19 6114 1
595 23 235 14 4870 1
596 18 263 13 3233 1
597 35 263 13 3233 1
598 67 241 21 7111 1
599 15 231 15 2127 1
600 57 250 13 3036 1
601 22 237 19 4418 1
602 18 262 18 3599 1
603 25 228 9 2975 1
604 20 228 17 2413 1
605 39 228 17 2413 1
606 58 228 17 2413 1
607 77 228 17 2413 1
608 96 228 17 2413 1
609 27 232 22 4720 1
610 8 231 7 933 1
611 15 231 7 933 1
612 201 228 11 1708 1
613 11 263 14 3374 1
614 21 263 14 3374 1
615 21 247 19 6265 1
616 41 247 19 6265 1
617 61 247 19 6265 1
618 26 236 16 4722 1
619 5 262 22 6168 1
620 7 229 19 5062 1
621 21 261 10 3422 1
622 6 252 13 1830 1
623 6 255 14 4386 1
624 11 255 14 4386 1
625 6 242 15 2618 1
626 19 237 16 2642 1
627 29 228 21 4899 1
628 28 250 25 5129 1
629 32 236 15 4953 1
630 6 256 24 8756 1
631 11 256 24 8756 1
632 27 237 16 3315 1
633 2 231 12 2911 1
634 37 228 11 3540 1
635 22 261 24 4188 1
636 13 232 16 3537 1
637 22 261 10 1644 1
638 9 241 10 1623 1
639 39 239 19 5447 1
640 29 256 13 4640 1
641 57 256 13 4640 1
642 14 250 16 4647 1
643 19 256 13 2649 1
644 2 236 15 3988 1
645 7 259 17 5420 1
646 2 250 11 1627 1
647 22 240 12 4211 1
648 30 241 9 1333 1
649 57 260 16 5113 1
650 30 259 15 5694 1
651 35 255 14 4231 1
652 22 256 10 3419 1
653 16 263 10 2142 1
654 24 252 10 3414 1
655 27 247 18 4607 1
656 3 242 31 6718 1
657 4 242 20 4378 1
658 15 247 13 3326 1
659 29 260 20 7578 1
660 24 262 20 4766 1
661 23 229 15 1863 1
662 23 229 12 3642 1
663 21 263 17 5847 1
664 41 263 17 5847 1
665 29 236 10 3205 1
666 5 235 28 7398 1
667 9 235 28 7398 1
668 60 262 16 5777 1
669 14 260 22 4536 1
670 46 229 14 3047 1
671 19 241 18 5429 1
672 33 228 9 2314 1
673 20 260 23 5882 1
674 39 260 23 5882 1
675 7 241 13 1932 1
676 6 256 17 6046 1
677 19 252 14 3334 1
678 37 252 14 3334 1
679 55 252 14 3334 1
680 4 231 17 3461 1
681 13 263 15 5480 1
682 25 263 15 5480 1
683 36 237 8 2717 1
684 27 295 9 1544 1
685 53 295 9 1544 1
686 2 301 11 2265 1
687 5 296 17 5869 1
688 9 296 17 5869 1
689 24 276 20 3388 1
690 47 276 20 3388 1
691 70 276 20 3388 1
692 254 264 16 2634 1
693 73 292 19 5391 1
694 21 279 11 4063 1
695 23 290 15 2966 1
696 6 292 1 393 1
697 4 267 18 6188 1
698 24 281 12 3744 1
699 47 281 12 3744 1
700 5 283 10 2044 1
701 41 264 12 3797 1
702 30 294 11 3247 1
703 78 293 14 4008 1
704 30 266 11 2456 1
705 59 266 11 2456 1
706 88 266 11 2456 1
707 180 283 20 5709 1
708 16 296 21 5493 1
709 76 265 25 5448 1
710 39 279 20 8195 1
711 25 283 16 4359 1
712 49 283 16 4359 1
713 19 283 16 5001 1
714 69 292 17 4678 1
715 72 266 20 4726 1
716 7 296 21 7011 1
717 17 265 19 3987 1
718 55 283 18 3504 1
719 109 283 18 3504 1
720 71 283 22 8324 1
721 4 268 20 6234 1
722 27 285 18 5934 1
723 21 269 22 7065 1
724 37 268 29 6181 1
725 39 267 22 4031 1
726 57 269 2 461 1
727 113 269 2 461 1
728 43 299 8 2464 1
729 23 271 19 6502 1
730 24 267 13 4007 1
731 26 296 16 5583 1
732 65 285 2 524 1
733 4 270 16 3164 1
734 78 299 32 7445 1
735 11 283 20 6051 1
736 24 279 15 6080 1
737 16 299 23 7589 1
738 31 299 23 7589 1
739 46 299 23 7589 1
740 61 299 23 7589 1
741 20 278 16 6569 1
742 2 267 16 6259 1
743 74 267 6 2192 1
744 147 267 6 2192 1
745 30 293 23 7806 1
746 59 293 23 7806 1
747 22 301 22 5465 1
748 70 285 13 2526 1
749 15 275 26 9044 1
750 29 275 26 9044 1
751 15 271 28 9352 1
752 41 302 16 3113 1
753 24 268 17 3389 1
754 24 266 16 6311 1
755 20 285 12 3786 1
756 7 293 19 3561 1
757 35 270 18 3738 1
758 13 278 19 7879 1
759 25 266 16 5036 1
760 18 275 16 2738 1
761 18 267 15 2075 1
762 73 272 16 3837 1
763 145 272 16 3837 1
764 24 277 12 2343 1
765 30 299 18 5851 1
766 24 302 24 3679 1
767 19 272 17 3995 1
768 31 285 4 869 1
769 27 299 20 8964 1
770 20 302 11 3159 1
771 4 279 8 1325 1
772 23 296 22 5987 1
773 45 296 22 5987 1
774 60 294 19 2873 1
775 23 296 9 1865 1
776 21 270 5 853 1
777 32 272 21 8446 1
778 22 301 15 4897 1
779 30 295 15 3623 1
780 5 270 15 4195 1
781 4 290 26 6340 1
782 30 270 12 4629 1
783 17 283 17 3480 1
784 22 296 7 1075 1
785 23 275 8 2728 1
786 31 269 17 3686 1
787 22 267 11 1518 1
788 43 267 11 1518 1
789 3 278 25 6319 1
790 5 278 25 6319 1
791 14 300 12 3167 1
792 7 292 17 6613 1
793 13 292 17 6613 1
794 22 271 19 6429 1
795 6 272 10 2331 1
796 6 266 18 5966 1
797 3 283 9 1447 1
798 21 272 9 3045 1
799 41 272 9 3045 1
800 27 285 11 2508 1
801 26 278 9 2395 1
802 51 278 9 2395 1
803 86 299 27 10864 1
804 23 279 14 2385 1
805 20 264 12 2926 1
806 19 292 15 2819 1
807 4 277 19 5038 1
808 23 268 23 5761 1
809 39 275 18 3660 1
810 7 300 14 2131 1
811 86 277 18 4297 1
812 27 281 15 4132 1
813 53 281 15 4132 1
814 5 290 26 8373 1
815 9 290 26 8373 1
816 21 265 13 3011 1
817 4 296 22 5375 1
818 24 267 20 5906 1
819 47 267 20 5906 1
820 70 267 20 5906 1
821 21 279 7 1541 1
822 41 279 7 1541 1
823 5 290 6 1130 1
824 9 290 6 1130 1
825 28 296 22 9673 1
826 41 277 15 4959 1
827 39 264 15 4753 1
828 22 275 20 7432 1
829 43 275 20 7432 1
830 30 300 19 4430 1
831 40 276 10 2281 1
832 24 295 13 3694 1
833 47 295 13 3694 1
834 24 281 18 2949 1
835 79 270 18 7081 1
836 21 293 17 3642 1
837 3 272 20 2763 1
838 9 301 16 3182 1
839 17 301 16 3182 1
840 25 301 16 3182 1
841 27 293 13 4499 1
842 63 276 14 4111 1
843 23 276 11 2013 1
844 45 276 11 2013 1
845 67 276 11 2013 1
846 89 276 11 2013 1
847 111 276 11 2013 1
848 19 302 17 2616 1
849 29 268 13 4728 1
850 19 280 14 4028 1
851 25 302 20 6054 1
852 24 267 21 4325 1
853 25 272 20 3327 1
854 111 269 15 4399 1
855 30 268 12 1904 1
856 9 264 21 6865 1
857 17 264 21 6865 1
858 23 269 9 2029 1
859 23 277 1 366 1
860 24 275 17 5990 1
861 47 275 17 5990 1
862 9 283 13 5504 1
863 27 304 14 5777 1
864 25 337 13 4130 1
865 34 304 10 3171 1
866 24 318 11 2324 1
867 27 334 14 4113 1
868 57 340 24 8248 1
869 29 319 16 2973 1
870 19 338 13 3508 1
871 24 306 12 2612 1
872 21 304 9 2721 1
873 28 321 23 6773 1
874 27 329 14 6194 1
875 51 337 15 4293 1
876 56 339 32 14277 1
877 21 338 31 11755 1
878 57 338 19 7798 1
879 49 323 20 7971 1
880 64 325 16 7484 1
881 104 333 21 3890 1
882 207 333 21 3890 1
883 310 333 21 3890 1
884 28 305 9 1562 1
885 69 339 14 2953 1
886 137 339 14 2953 1
887 67 332 8 3304 1
888 21 321 31 11761 1
889 41 321 31 11761 1
890 30 337 11 2221 1
891 64 306 15 5063 1
892 19 318 15 4170 1
893 37 318 15 4170 1
894 52 304 22 7381 1
895 23 338 30 14620 1
896 103 302 26 9044 1
897 26 337 25 5282 1
898 25 331 27 7919 1
899 49 331 27 7919 1
900 9 337 24 4407 1
901 17 337 24 4407 1
902 25 337 24 4407 1
903 52 323 17 5048 1
904 27 318 24 4653 1
905 28 331 18 3235 1
906 67 339 33 10817 1
907 28 339 14 6291 1
908 22 323 20 4396 1
909 65 321 33 7360 1
910 25 316 7 1242 1
911 49 316 7 1242 1
912 73 316 15 4394 1
913 16 339 17 7870 1
914 60 337 24 6700 1
915 119 337 24 6700 1
916 50 304 10 2323 1
917 1 321 17 5691 1
918 24 302 27 4367 1
919 26 316 14 5412 1
920 32 333 24 10219 1
921 79 302 22 6545 1
922 34 321 19 8322 1
923 67 321 19 8322 1
924 20 318 12 2446 1
925 47 323 19 5108 1
926 73 334 21 4566 1
927 12 316 13 2290 1
928 21 304 17 6666 1
929 18 319 15 3250 1
930 26 325 9 2249 1
931 25 319 19 7322 1
932 67 337 15 6605 1
933 39 304 29 7970 1
934 70 334 20 6703 1
935 26 335 26 10859 1
936 22 321 13 2723 1
937 14 329 14 4634 1
938 27 329 14 4634 1
939 32 318 17 6888 1
940 25 336 20 7377 1
941 23 305 22 4654 1
942 51 318 15 3423 1
943 59 338 15 3189 1
944 20 323 14 5705 1
945 39 323 14 5705 1
946 2 304 15 5701 1
947 71 316 19 5780 1
948 1 337 44 20295 1
949 1 340 23 9049 1
950 21 319 18 7233 1
951 21 323 18 4266 1
952 41 323 18 4266 1
953 61 323 18 4266 1
954 105 398 26 14177 1
955 108 364 25 11688 1
956 41 398 22 8127 1
957 51 347 25 9861 1
958 77 398 45 16562 1
959 85 368 21 10745 1
960 51 347 16 4135 1
961 101 347 16 4135 1
962 85 348 23 7130 1
963 18 353 24 6289 1
964 51 351 33 8755 1
965 101 351 33 8755 1
966 56 353 15 6671 1
967 25 367 27 6748 1
968 25 369 18 8061 1
969 77 400 22 11844 1
970 153 400 22 11844 1
971 28 347 36 11206 1
972 24 369 19 9185 1
973 48 349 20 5694 1
974 88 366 32 7356 1
975 24 365 20 7083 1
976 78 398 24 8569 1
977 30 398 35 12008 1
978 85 364 20 5557 1
979 108 351 14 3242 1
980 63 350 15 6609 1
981 50 399 26 14954 1
982 58 366 18 9816 1
983 47 350 24 6651 1
984 25 350 12 2913 1
985 87 398 27 9572 1
986 26 364 21 7025 1
987 51 364 21 7025 1
988 40 351 27 9982 1
989 51 348 18 8959 1
990 28 368 28 6917 1
991 39 365 9 4526 1
992 50 398 39 9225 1
993 30 365 23 11937 1
994 28 368 17 4694 1
995 22 348 24 10931 1
996 80 369 13 6693 1
997 24 400 25 10552 1
998 23 347 26 8471 1
999 25 365 26 13164 1
1000 24 399 29 7029 1
1001 102 398 31 15410 1
1002 135 367 27 6719 1
1003 48 399 24 12979 1
1004 78 399 14 4338 1
1005 68 350 7 1527 1
1006 97 351 24 12409 1
1007 55 365 24 11695 1
1008 19 369 30 11144 1
1009 50 368 29 10408 1
1010 29 366 33 7777 1
1011 42 350 20 7113 1
1012 51 364 26 5255 1
1013 26 347 18 8083 1
1014 17 369 12 5957 1
1015 28 369 33 18169 1
1016 52 353 10 3653 1
1017 51 369 30 6760 1
1018 56 347 19 7555 1
1019 28 398 32 6906 1
1020 52 398 27 13886 1
1021 115 400 23 5011 1
1022 229 400 23 5011 1
1023 65 366 38 15252 1
1024 30 369 24 8400 1
1025 28 347 27 11516 1
1026 67 400 36 10588 1
1027 51 350 24 5106 1
1028 101 350 24 5106 1
1029 90 353 28 6359 1
1030 119 367 16 6309 1
1031 19 348 12 5718 1
1032 37 348 12 5718 1
1033 27 353 9 2858 1
1034 29 369 27 6980 1
1035 9 349 24 9924 1
1036 18 396 17 6247 1
1037 70 365 25 4998 1
40
235 400 530 450 480 440 440 544 580 580 580 540 600 610 575 660 450 450 375 450 450 600 600 600 400 426 500 500 500 500 500 500 600 600 600 400 400 600 425 425 