1037
1 17 152 25 4916 1
2 16 191 23 5677 1
3 26 120 14 1292 1
4 51 120 14 1292 1
5 7 150 15 2672 1
6 5 130 6 655 1
7 9 130 6 655 1
8 13 130 6 655 1
9 17 130 6 655 1
10 11 101 15 1695 1
11 21 101 15 1695 1
12 25 145 13 1155 1
13 49 145 13 1155 1
14 73 145 13 1155 1
15 6 172 8 1240 1
16 25 178 20 2900 1
17 5 167 18 2291 1
18 9 167 18 2291 1
19 13 167 18 2291 1
20 75 150 11 904 1
21 25 175 11 2078 1
22 49 175 11 2078 1
23 73 175 11 2078 1
24 25 166 13 1606 1
25 18 134 20 1760 1
26 35 134 20 1760 1
27 52 134 20 1760 1
28 69 134 20 1760 1
29 19 165 9 1679 1
30 12 147 11 1284 1
31 5 178 13 3234 1
32 12 189 12 2035 1
33 8 167 27 6094 1
34 15 167 27 6094 1
35 22 167 27 6094 1
36 7 150 13 1133 1
37 6 171 22 2188 1
38 17 150 19 1503 1
39 33 150 19 1503 1
40 6 131 20 1487 1
41 11 131 20 1487 1
42 16 131 20 1487 1
43 21 131 20 1487 1
44 5 131 9 1133 1
45 9 131 9 1133 1
46 13 131 9 1133 1
47 17 131 9 1133 1
48 21 131 9 1133 1
49 25 131 9 1133 1
50 29 131 9 1133 1
51 33 131 9 1133 1
52 37 131 9 1133 1
53 23 184 20 2509 1
54 45 184 20 2509 1
55 67 184 20 2509 1
56 8 172 20 2576 1
57 15 172 20 2576 1
58 22 172 20 2576 1
59 29 172 20 2576 1
60 36 172 20 2576 1
61 7 188 25 5561 1
62 13 140 15 1414 1
63 9 175 13 1221 1
64 17 175 13 1221 1
65 26 154 11 2422 1
66 13 173 19 4104 1
67 18 160 18 1480 1
68 35 160 18 1480 1
69 9 184 19 2360 1
70 17 184 19 2360 1
71 25 184 19 2360 1
72 33 184 19 2360 1
73 9 187 22 4733 1
74 19 131 9 1322 1
75 23 184 32 3852 1
76 5 154 21 4747 1
77 9 154 21 4747 1
78 4 149 4 481 1
79 7 149 4 481 1
80 10 149 4 481 1
81 36 184 16 2746 1
82 14 145 15 1349 1
83 4 178 18 3245 1
84 7 165 14 2991 1
85 8 158 22 4462 1
86 15 158 22 4462 1
87 16 158 18 2805 1
88 13 160 8 1787 1
89 7 176 25 2396 1
90 13 176 25 2396 1
91 19 176 25 2396 1
92 25 176 25 2396 1
93 5 149 11 1647 1
94 9 149 11 1647 1
95 13 149 11 1647 1
96 17 149 11 1647 1
97 21 149 11 1647 1
98 25 91 8 501 1
99 18 149 11 1247 1
100 35 149 11 1247 1
101 18 150 5 836 1
102 35 150 5 836 1
103 7 188 15 2154 1
104 5 152 7 1563 1
105 9 152 7 1563 1
106 13 152 7 1563 1
107 17 152 7 1563 1
108 21 152 7 1563 1
109 25 152 7 1563 1
110 29 152 7 1563 1
111 7 131 15 2411 1
112 9 87 7 379 1
113 17 87 7 379 1
114 40 174 1 257 1
115 5 167 13 2385 1
116 15 143 13 1342 1
117 29 143 13 1342 1
118 19 183 6 1115 1
119 23 134 17 1232 1
120 45 134 17 1232 1
121 67 134 17 1232 1
122 9 160 15 2182 1
123 17 160 15 2182 1
124 25 160 15 2182 1
125 33 160 15 2182 1
126 41 160 15 2182 1
127 49 160 15 2182 1
128 57 160 15 2182 1
129 65 160 15 2182 1
130 4 147 21 3920 1
131 7 147 21 3920 1
132 64 144 14 1855 1
133 49 171 27 4182 1
134 46 148 14 1675 1
135 2 189 28 2796 1
136 3 189 28 2796 1
137 4 189 28 2796 1
138 6 162 18 3594 1
139 11 162 18 3594 1
140 15 141 7 1035 1
141 3 184 21 5765 1
142 20 112 13 1959 1
143 6 121 14 1617 1
144 29 177 28 7061 1
145 6 146 19 2293 1
146 21 182 13 2977 1
147 7 182 13 2572 1
148 6 146 4 553 1
149 8 134 13 2381 1
150 4 126 8 679 1
151 16 131 3 266 1
152 31 131 3 266 1
153 46 131 3 266 1
154 61 131 3 266 1
155 76 131 3 266 1
156 6 178 20 3912 1
157 11 178 20 3912 1
158 5 87 14 1243 1
159 6 176 8 1729 1
160 16 131 21 2094 1
161 6 134 16 1227 1
162 5 141 17 3383 1
163 13 150 17 1698 1
164 6 158 20 2312 1
165 16 130 12 1510 1
166 24 131 17 1188 1
167 19 174 26 4180 1
168 37 174 26 4180 1
169 104 141 23 4401 1
170 41 144 1 200 1
171 24 140 21 2526 1
172 47 140 21 2526 1
173 70 140 21 2526 1
174 10 167 27 2786 1
175 10 189 17 4496 1
176 16 168 22 2040 1
177 16 180 25 6243 1
178 31 180 25 6243 1
179 18 131 11 1663 1
180 6 162 10 2170 1
181 11 162 10 2170 1
182 16 162 10 2170 1
183 21 162 10 2170 1
184 26 162 10 2170 1
185 31 162 10 2170 1
186 7 149 17 3701 1
187 13 149 17 3701 1
188 31 182 15 2572 1
189 17 157 10 1659 1
190 33 157 10 1659 1
191 2 143 23 2292 1
192 87 120 14 2317 1
193 173 120 14 2317 1
194 21 180 11 1536 1
195 41 180 11 1536 1
196 1 137 18 3643 1
197 9 91 11 1267 1
198 17 91 11 1267 1
199 16 121 7 1039 1
200 11 160 4 869 1
201 9 173 18 1690 1
202 17 173 18 1690 1
203 29 146 4 725 1
204 8 184 14 1774 1
205 9 140 13 1698 1
206 17 140 13 1698 1
207 6 182 28 4130 1
208 11 182 28 4130 1
209 15 183 15 2777 1
210 2 163 17 2196 1
211 8 141 10 840 1
212 15 141 10 840 1
213 6 162 15 3502 1
214 11 162 15 3502 1
215 6 147 15 2802 1
216 5 182 2 532 1
217 15 166 26 5843 1
218 17 148 17 3010 1
219 10 147 7 1324 1
220 19 147 7 1324 1
221 28 147 7 1324 1
222 15 177 13 2672 1
223 8 113 20 1170 1
224 14 191 19 2634 1
225 8 171 15 1975 1
226 4 149 15 1617 1
227 16 165 25 3220 1
228 1 133 11 1404 1
229 15 113 14 1022 1
230 5 143 14 1656 1
231 9 143 14 1656 1
232 20 133 15 1747 1
233 12 175 28 7018 1
234 5 189 17 4068 1
235 9 189 17 4068 1
236 11 171 16 2544 1
237 21 171 16 2544 1
238 16 121 17 2364 1
239 4 145 19 2862 1
240 7 145 19 2862 1
241 28 168 18 3696 1
242 40 168 24 5938 1
243 7 135 17 3272 1
244 8 149 5 401 1
245 15 149 5 401 1
246 9 148 13 2761 1
247 17 148 13 2761 1
248 12 170 15 1421 1
249 23 170 15 1421 1
250 3 146 9 959 1
251 5 146 9 959 1
252 7 146 9 959 1
253 12 148 12 1641 1
254 106 178 18 4806 1
255 26 172 13 2112 1
256 51 172 13 2112 1
257 7 173 10 1628 1
258 4 145 20 3694 1
259 7 145 20 3694 1
260 16 165 16 3750 1
261 2 131 12 1024 1
262 21 173 14 2607 1
263 11 176 3 532 1
264 21 176 3 532 1
265 8 188 14 3501 1
266 15 188 14 3501 1
267 22 188 14 3501 1
268 29 188 14 3501 1
269 36 188 14 3501 1
270 6 173 11 2791 1
271 3 130 11 1538 1
272 14 126 9 1608 1
273 27 126 9 1608 1
274 40 126 9 1608 1
275 16 148 12 1891 1
276 15 149 17 3093 1
277 4 169 29 3647 1
278 7 169 29 3647 1
279 10 169 29 3647 1
280 6 147 21 3962 1
281 11 147 21 3962 1
282 16 147 21 3962 1
283 21 147 21 3962 1
284 26 147 21 3962 1
285 31 147 21 3962 1
286 10 176 18 4007 1
287 19 176 18 4007 1
288 1 135 11 1962 1
289 12 120 17 2619 1
290 21 173 28 2649 1
291 6 189 14 2190 1
292 11 189 14 2190 1
293 23 122 7 905 1
294 45 122 7 905 1
295 5 189 16 2240 1
296 9 189 16 2240 1
297 9 168 19 4407 1
298 7 174 18 4239 1
299 3 113 13 1766 1
300 9 189 17 3851 1
301 17 189 17 3851 1
302 4 125 12 984 1
303 7 125 12 984 1
304 8 154 9 1358 1
305 125 121 15 2700 1
306 5 149 12 2495 1
307 9 149 12 2495 1
308 13 149 12 2495 1
309 17 149 12 2495 1
310 21 149 12 2495 1
311 25 149 12 2495 1
312 29 149 12 2495 1
313 33 149 12 2495 1
314 6 166 23 5426 1
315 6 148 7 865 1
316 11 148 7 865 1
317 16 148 7 865 1
318 21 148 7 865 1
319 26 148 7 865 1
320 12 188 15 2549 1
321 23 188 15 2549 1
322 10 130 5 649 1
323 6 166 25 2580 1
324 1 146 13 953 1
325 1 146 13 953 1
326 4 120 17 1962 1
327 7 120 17 1962 1
328 16 121 14 888 1
329 14 120 13 1239 1
330 5 172 25 3109 1
331 9 172 25 3109 1
332 13 172 25 3109 1
333 16 181 24 6214 1
334 14 175 16 2116 1
335 14 169 20 3501 1
336 61 157 8 1225 1
337 121 157 8 1225 1
338 7 181 23 4181 1
339 13 181 23 4181 1
340 3 160 8 1451 1
341 5 160 8 1451 1
342 2 160 15 2631 1
343 4 175 28 3758 1
344 9 165 21 2363 1
345 17 165 21 2363 1
346 6 189 27 5883 1
347 11 189 27 5883 1
348 16 189 27 5883 1
349 11 150 22 4613 1
350 7 91 6 613 1
351 13 91 6 613 1
352 19 91 6 613 1
353 4 189 40 9250 1
354 7 187 23 4007 1
355 72 170 14 3396 1
356 26 122 4 634 1
357 51 122 4 634 1
358 11 178 23 4416 1
359 21 178 23 4416 1
360 16 165 10 2315 1
361 24 131 2 360 1
362 47 131 2 360 1
363 32 145 18 3769 1
364 13 149 22 3604 1
365 25 149 22 3604 1
366 9 180 12 1954 1
367 3 178 19 1816 1
368 17 87 10 1059 1
369 33 87 10 1059 1
370 6 147 26 4020 1
371 8 174 13 2992 1
372 15 174 13 2992 1
373 22 174 13 2992 1
374 15 191 18 1799 1
375 21 150 17 1429 1
376 16 155 21 2914 1
377 21 143 9 1219 1
378 41 143 9 1219 1
379 61 143 9 1219 1
380 81 143 9 1219 1
381 8 146 15 1333 1
382 15 146 15 1333 1
383 22 146 15 1333 1
384 16 133 21 3506 1
385 27 166 21 4914 1
386 53 166 21 4914 1
387 7 157 16 1833 1
388 5 165 24 5925 1
389 17 177 20 3271 1
390 19 159 12 1474 1
391 16 137 6 452 1
392 31 137 6 452 1
393 18 157 18 3544 1
394 35 157 18 3544 1
395 17 181 9 1115 1
396 13 133 9 1127 1
397 2 147 17 3129 1
398 1 177 15 2490 1
399 16 91 11 762 1
400 31 91 11 762 1
401 46 91 11 762 1
402 4 140 16 1778 1
403 7 140 16 1778 1
404 22 189 11 1288 1
405 4 112 10 643 1
406 3 144 12 2517 1
407 9 131 12 2293 1
408 13 197 15 3242 1
409 25 197 15 3242 1
410 8 193 14 2208 1
411 15 193 14 2208 1
412 17 195 20 2098 1
413 9 194 20 2597 1
414 8 196 30 3131 1
415 15 196 30 3131 1
416 22 196 30 3131 1
417 8 194 13 1370 1
418 15 194 13 1370 1
419 20 195 18 3772 1
420 8 195 9 1040 1
421 7 194 20 2082 1
422 9 196 19 3485 1
423 17 196 19 3485 1
424 25 196 19 3485 1
425 33 196 19 3485 1
426 8 195 24 2765 1
427 9 194 25 4263 1
428 17 194 25 4263 1
429 8 195 9 1232 1
430 15 195 9 1232 1
431 8 193 30 6473 1
432 15 193 30 6473 1
433 22 193 30 6473 1
434 29 193 30 6473 1
435 36 193 30 6473 1
436 43 193 30 6473 1
437 6 208 15 3952 1
438 38 224 28 4090 1
439 75 224 28 4090 1
440 112 224 28 4090 1
441 46 209 9 1578 1
442 16 224 7 959 1
443 31 224 7 959 1
444 9 200 15 2826 1
445 17 200 15 2826 1
446 25 200 15 2826 1
447 46 202 18 4766 1
448 12 216 27 4712 1
449 10 221 9 2946 1
450 19 221 9 2946 1
451 7 212 11 1853 1
452 13 212 11 1853 1
453 27 221 8 1775 1
454 15 221 7 1381 1
455 7 226 16 2830 1
456 28 213 17 5316 1
457 7 198 12 1968 1
458 21 202 12 1714 1
459 6 221 11 2816 1
460 11 221 11 2816 1
461 16 221 11 2816 1
462 32 211 18 2344 1
463 26 209 17 4995 1
464 51 209 17 4995 1
465 76 209 17 4995 1
466 30 202 18 4587 1
467 33 200 11 2652 1
468 7 208 15 4541 1
469 13 208 15 4541 1
470 26 221 18 2151 1
471 51 221 18 2151 1
472 3 220 19 2734 1
473 58 200 11 2553 1
474 248 216 22 6035 1
475 9 221 15 4875 1
476 7 200 20 5533 1
477 13 200 20 5533 1
478 33 216 12 2967 1
479 11 217 19 4846 1
480 26 216 14 4287 1
481 28 198 21 2091 1
482 55 198 21 2091 1
483 45 211 16 3408 1
484 89 211 16 3408 1
485 9 199 14 1557 1
486 17 199 14 1557 1
487 25 199 14 1557 1
488 50 221 18 2677 1
489 42 211 12 3250 1
490 14 200 20 5386 1
491 25 213 17 4758 1
492 38 201 6 1583 1
493 39 224 2 641 1
494 15 212 42 5399 1
495 37 224 19 6286 1
496 29 226 17 4243 1
497 45 202 15 1541 1
498 8 224 10 1888 1
499 2 201 19 3783 1
500 9 220 25 4692 1
501 26 210 7 1360 1
502 15 200 17 2876 1
503 8 220 4 727 1
504 7 221 17 4803 1
505 15 200 13 3013 1
506 7 210 17 3121 1
507 13 210 17 3121 1
508 19 210 17 3121 1
509 25 201 12 1996 1
510 16 210 18 3020 1
511 6 209 19 3448 1
512 11 209 19 3448 1
513 16 209 19 3448 1
514 9 209 8 2450 1
515 8 212 13 1911 1
516 15 212 13 1911 1
517 7 223 15 3380 1
518 13 223 15 3380 1
519 26 222 12 2228 1
520 51 222 12 2228 1
521 31 199 13 1609 1
522 61 199 13 1609 1
523 8 221 14 3816 1
524 30 211 14 3272 1
525 8 213 16 2400 1
526 6 213 7 1578 1
527 34 213 17 4455 1
528 40 208 10 1783 1
529 14 202 14 3534 1
530 9 200 2 300 1
531 17 200 2 300 1
532 26 216 14 2761 1
533 18 202 12 2259 1
534 16 213 16 2336 1
535 10 222 11 3226 1
536 24 198 20 2418 1
537 47 198 20 2418 1
538 7 221 21 6657 1
539 13 221 21 6657 1
540 19 221 21 6657 1
541 7 226 12 2903 1
542 13 226 12 2903 1
543 19 226 12 2903 1
544 25 226 12 2903 1
545 31 226 12 2903 1
546 37 226 12 2903 1
547 43 226 12 2903 1
548 9 202 16 1829 1
549 5 217 26 3192 1
550 9 217 26 3192 1
551 31 223 20 3510 1
552 8 209 14 4170 1
553 8 223 8 1883 1
554 9 226 23 7357 1
555 6 198 14 3343 1
556 11 198 14 3343 1
557 8 222 19 2770 1
558 9 201 4 461 1
559 17 201 4 461 1
560 8 199 14 3569 1
561 15 199 14 3569 1
562 3 241 23 6769 1
563 5 241 23 6769 1
564 7 239 16 2011 1
565 7 228 16 2711 1
566 13 228 16 2711 1
567 19 228 16 2711 1
568 25 228 16 2711 1
569 28 242 20 5145 1
570 4 235 7 1023 1
571 24 261 23 6977 1
572 25 250 10 2478 1
573 64 240 14 4910 1
574 27 229 14 2360 1
575 23 235 10 1794 1
576 45 261 18 3590 1
577 22 241 7 1114 1
578 38 241 16 2617 1
579 75 241 16 2617 1
580 11 261 14 3670 1
581 21 261 14 3670 1
582 22 256 10 2709 1
583 28 260 17 5332 1
584 5 263 10 3856 1
585 16 241 14 4390 1
586 63 231 13 3266 1
587 3 260 6 1356 1
588 11 235 17 2396 1
589 21 235 17 2396 1
590 3 252 16 3760 1
591 52 239 7 1517 1
592 6 250 14 3382 1
593 11 250 14 3382 1
594 16 250 14 3382 1
595 23 259 12 3614 1
596 23 237 22 4864 1
597 22 245 16 3533 1
598 13 260 21 5078 1
599 4 237 12 3559 1
600 7 237 12 3559 1
601 10 237 12 3559 1
602 25 245 17 4176 1
603 29 227 14 2974 1
604 8 235 17 5924 1
605 15 235 17 5924 1
606 24 240 30 10440 1
607 33 242 3 560 1
608 24 235 15 4408 1
609 23 241 11 1537 1
610 34 252 6 2262 1
611 7 237 16 4503 1
612 13 237 16 4503 1
613 19 237 16 4503 1
614 25 237 16 4503 1
615 30 235 16 3148 1
616 79 262 1 145 1
617 157 262 1 145 1
618 27 245 25 4591 1
619 28 231 18 4703 1
620 26 232 13 3583 1
621 24 239 1 181 1
622 3 227 13 2058 1
623 3 250 11 3007 1
624 5 250 11 3007 1
625 18 229 13 4261 1
626 43 232 15 4058 1
627 7 241 7 1509 1
628 20 256 12 3972 1
629 39 256 12 3972 1
630 58 256 12 3972 1
631 26 260 12 4153 1
632 51 260 12 4153 1
633 27 231 14 4530 1
634 26 247 17 4918 1
635 1 262 15 3991 1
636 23 235 8 1444 1
637 27 256 11 2420 1
638 36 236 22 4879 1
639 71 236 22 4879 1
640 106 236 22 4879 1
641 141 236 22 4879 1
642 176 236 22 4879 1
643 211 236 22 4879 1
644 3 259 14 4996 1
645 53 256 17 4673 1
646 35 247 24 3687 1
647 69 247 24 3687 1
648 103 247 24 3687 1
649 137 247 24 3687 1
650 171 247 24 3687 1
651 51 260 18 6497 1
652 23 237 14 4620 1
653 26 263 14 3850 1
654 13 261 18 3989 1
655 35 231 15 2993 1
656 24 228 17 3277 1
657 8 262 12 2963 1
658 15 262 12 2963 1
659 19 261 17 3912 1
660 89 227 20 2622 1
661 21 260 18 3443 1
662 19 237 12 2467 1
663 29 262 15 2093 1
664 72 242 11 1437 1
665 36 262 13 4540 1
666 36 262 16 3581 1
667 29 255 14 2719 1
668 29 237 13 2282 1
669 6 262 15 2480 1
670 11 262 15 2480 1
671 73 228 15 3218 1
672 5 241 12 2690 1
673 13 241 28 5668 1
674 2 228 16 3197 1
675 30 260 26 3466 1
676 13 252 12 4160 1
677 25 252 12 4160 1
678 21 237 7 1525 1
679 41 237 7 1525 1
680 61 237 7 1525 1
681 20 241 12 2590 1
682 44 231 11 2716 1
683 24 242 14 3913 1
684 4 270 14 3544 1
685 23 280 16 4408 1
686 8 299 23 3742 1
687 62 264 18 6036 1
688 4 302 27 10359 1
689 8 268 11 2262 1
690 20 281 5 1992 1
691 20 275 28 7654 1
692 39 275 28 7654 1
693 6 278 14 2253 1
694 5 275 19 4703 1
695 3 296 9 3826 1
696 16 271 20 6586 1
697 31 271 20 6586 1
698 85 277 12 4541 1
699 13 276 24 4216 1
700 20 290 26 11156 1
701 201 293 18 5351 1
702 63 276 22 3452 1
703 125 276 22 3452 1
704 28 300 9 3012 1
705 24 292 15 3490 1
706 8 266 15 4621 1
707 20 294 27 9573 1
708 39 294 27 9573 1
709 19 265 23 5249 1
710 37 265 23 5249 1
711 55 265 23 5249 1
712 39 280 27 4287 1
713 15 267 17 2940 1
714 29 267 17 2940 1
715 43 267 17 2940 1
716 57 267 17 2940 1
717 48 269 13 4867 1
718 74 294 18 3612 1
719 28 278 18 3148 1
720 55 278 18 3148 1
721 77 276 22 8721 1
722 30 292 23 4590 1
723 59 292 23 4590 1
724 30 266 20 5361 1
725 59 266 20 5361 1
726 88 266 20 5361 1
727 6 280 18 7127 1
728 65 300 10 2277 1
729 26 296 22 7264 1
730 51 296 22 7264 1
731 11 281 20 7018 1
732 21 281 20 7018 1
733 24 294 10 3900 1
734 47 294 10 3900 1
735 30 285 19 3338 1
736 74 299 22 5273 1
737 32 272 17 6258 1
738 4 302 25 11112 1
739 68 278 10 2213 1
740 135 278 10 2213 1
741 1 272 8 1250 1
742 2 290 9 2139 1
743 6 264 11 1689 1
744 28 283 10 2038 1
745 55 283 10 2038 1
746 82 283 10 2038 1
747 109 283 10 2038 1
748 136 283 10 2038 1
749 248 280 18 3013 1
750 25 300 25 10194 1
751 79 300 14 4170 1
752 13 301 16 4967 1
753 25 301 16 4967 1
754 37 301 16 4967 1
755 5 296 17 6938 1
756 9 296 17 6938 1
757 25 266 17 3285 1
758 41 281 15 4722 1
759 81 281 15 4722 1
760 24 268 22 6544 1
761 73 283 10 2533 1
762 4 268 12 3529 1
763 36 279 16 3795 1
764 71 279 16 3795 1
765 30 272 6 1761 1
766 76 276 22 5825 1
767 151 276 22 5825 1
768 13 293 15 3207 1
769 11 290 17 7200 1
770 21 290 17 7200 1
771 31 290 17 7200 1
772 22 285 20 7699 1
773 43 285 20 7699 1
774 64 285 20 7699 1
775 13 283 25 3804 1
776 25 283 25 3804 1
777 15 299 18 4716 1
778 79 293 18 6759 1
779 157 293 18 6759 1
780 17 266 27 4644 1
781 33 266 27 4644 1
782 38 269 10 3338 1
783 40 277 15 4075 1
784 18 299 15 3962 1
785 35 299 15 3962 1
786 22 266 9 1580 1
787 4 275 20 7821 1
788 7 275 20 7821 1
789 10 275 20 7821 1
790 26 285 17 6324 1
791 51 285 17 6324 1
792 48 267 15 2439 1
793 23 302 29 11542 1
794 45 302 29 11542 1
795 28 296 23 5189 1
796 55 296 23 5189 1
797 82 296 23 5189 1
798 65 276 20 2932 1
799 129 276 20 2932 1
800 60 264 11 1838 1
801 119 264 11 1838 1
802 24 281 12 4232 1
803 29 278 22 7346 1
804 57 278 22 7346 1
805 85 278 22 7346 1
806 18 264 17 4680 1
807 22 270 15 2066 1
808 23 272 20 7324 1
809 39 299 17 5162 1
810 75 285 16 2929 1
811 47 268 17 6103 1
812 93 268 17 6103 1
813 25 292 5 1141 1
814 49 292 5 1141 1
815 1 285 18 2902 1
816 20 277 18 3579 1
817 39 277 18 3579 1
818 22 268 12 4042 1
819 43 268 12 4042 1
820 33 296 19 3248 1
821 23 301 17 4118 1
822 33 265 11 4148 1
823 21 266 21 6983 1
824 19 279 7 2447 1
825 68 272 16 2741 1
826 6 295 15 2651 1
827 21 290 19 3242 1
828 41 290 19 3242 1
829 41 299 9 2316 1
830 26 275 8 1482 1
831 51 275 8 1482 1
832 30 264 9 3032 1
833 13 269 14 1940 1
834 25 294 18 6057 1
835 40 300 16 7182 1
836 79 300 16 7182 1
837 10 267 3 673 1
838 19 267 3 673 1
839 4 270 16 4030 1
840 2 267 19 6551 1
841 22 280 19 6246 1
842 57 270 21 4918 1
843 113 270 21 4918 1
844 21 275 20 6605 1
845 21 272 18 6606 1
846 41 272 18 6606 1
847 18 300 18 4401 1
848 2 269 11 1666 1
849 3 269 11 1666 1
850 1 280 17 7055 1
851 73 293 23 7234 1
852 145 293 23 7234 1
853 24 280 22 5254 1
854 14 268 13 4592 1
855 31 290 11 2002 1
856 61 290 11 2002 1
857 55 300 23 8648 1
858 5 292 13 3271 1
859 20 269 13 2505 1
860 39 269 13 2505 1
861 58 269 13 2505 1
862 1 300 13 2289 1
863 70 306 13 3878 1
864 20 339 17 8149 1
865 56 316 15 4723 1
866 21 305 17 5659 1
867 41 305 17 5659 1
868 50 339 15 5143 1
869 99 339 15 5143 1
870 148 339 15 5143 1
871 197 339 15 5143 1
872 47 304 17 6650 1
873 2 319 18 7937 1
874 25 337 20 3707 1
875 69 318 13 3787 1
876 137 318 13 3787 1
877 23 325 15 4172 1
878 67 340 24 8044 1
879 51 316 9 4161 1
880 101 316 9 4161 1
881 24 318 16 4176 1
882 8 304 17 2972 1
883 38 340 22 10396 1
884 153 336 15 6443 1
885 26 316 18 3474 1
886 2 319 17 4965 1
887 22 316 11 1901 1
888 43 316 11 1901 1
889 24 318 11 1773 1
890 47 318 11 1773 1
891 70 318 11 1773 1
892 93 318 11 1773 1
893 56 338 18 7761 1
894 19 329 15 6746 1
895 37 329 15 6746 1
896 10 304 11 3787 1
897 20 334 26 12430 1
898 48 325 24 9801 1
899 54 325 10 4509 1
900 48 302 15 6651 1
901 28 318 28 4500 1
902 51 337 21 6951 1
903 55 321 11 2139 1
904 26 316 15 6037 1
905 51 316 15 6037 1
906 27 339 32 5444 1
907 24 318 9 4210 1
908 73 339 22 9120 1
909 27 332 13 2635 1
910 52 319 18 3063 1
911 103 319 18 3063 1
912 26 335 18 3657 1
913 57 340 22 8079 1
914 19 316 16 6111 1
915 37 316 16 6111 1
916 24 334 15 7207 1
917 47 334 15 7207 1
918 70 334 15 7207 1
919 93 334 15 7207 1
920 116 334 15 7207 1
921 84 321 29 13427 1
922 19 319 13 4545 1
923 54 316 9 3043 1
924 38 302 11 4794 1
925 75 302 11 4794 1
926 48 316 15 6308 1
927 59 321 23 5286 1
928 117 321 23 5286 1
929 26 323 18 4065 1
930 51 323 18 4065 1
931 21 335 19 6758 1
932 41 335 19 6758 1
933 54 316 13 3648 1
934 107 316 13 3648 1
935 28 331 37 13745 1
936 53 337 14 3477 1
937 15 336 16 2974 1
938 49 318 13 4988 1
939 54 323 20 3989 1
940 97 305 14 3111 1
941 15 302 10 3653 1
942 49 338 20 8795 1
943 26 339 15 5133 1
944 51 339 15 5133 1
945 24 338 17 6537 1
946 47 338 17 6537 1
947 24 338 15 2693 1
948 26 335 16 6772 1
949 51 335 16 6772 1
950 50 302 15 2957 1
951 23 337 14 3109 1
952 28 340 11 1900 1
953 55 340 11 1900 1
954 75 347 26 12026 1
955 66 348 18 5952 1
956 38 399 19 4835 1
957 77 364 21 8273 1
958 31 350 30 8078 1
959 65 353 18 4927 1
960 55 399 25 8775 1
961 48 364 28 11961 1
962 52 368 21 8729 1
963 72 350 25 8960 1
964 62 365 21 9490 1
965 50 398 29 11267 1
966 33 396 27 11665 1
967 27 367 25 7875 1
968 74 353 12 4809 1
969 17 351 26 10662 1
970 64 349 31 10244 1
971 14 400 24 6288 1
972 28 398 25 10816 1
973 150 400 26 11441 1
974 62 368 12 4064 1
975 25 400 19 7122 1
976 54 367 16 4266 1
977 10 364 23 10471 1
978 50 351 24 6452 1
979 22 365 23 8469 1
980 49 353 25 11676 1
981 56 369 21 7990 1
982 51 367 20 7834 1
983 58 350 18 3683 1
984 61 398 17 5242 1
985 63 364 25 8883 1
986 62 368 28 13274 1
987 75 400 38 19848 1
988 50 367 24 5521 1
989 54 399 31 11762 1
990 6 396 28 11920 1
991 28 364 17 6175 1
992 29 366 24 7803 1
993 43 349 21 8720 1
994 17 369 35 11416 1
995 47 399 25 12949 1
996 48 348 22 9230 1
997 24 353 25 8452 1
998 51 351 35 10432 1
999 99 366 41 12915 1
1000 197 366 41 12915 1
1001 43 364 19 10092 1
1002 63 399 15 8796 1
1003 59 398 42 10515 1
1004 117 398 42 10515 1
1005 175 398 42 10515 1
1006 51 400 37 14104 1
1007 68 365 27 12737 1
1008 62 351 22 8229 1
1009 123 351 22 8229 1
1010 48 347 29 12836 1
1011 65 400 37 11085 1
1012 112 398 26 6066 1
1013 25 350 16 4210 1
1014 25 366 19 9852 1
1015 54 364 23 11610 1
1016 107 364 23 11610 1
1017 101 347 34 11715 1
1018 79 400 34 8978 1
1019 48 396 28 8392 1
1020 65 399 29 10107 1
1021 55 368 31 12775 1
1022 54 364 17 6403 1
1023 51 364 31 11368 1
1024 17 399 23 5228 1
1025 47 399 25 14471 1
1026 77 365 24 4746 1
1027 86 350 17 7946 1
1028 46 396 32 14630 1
1029 27 396 14 4178 1
1030 18 347 27 8196 1
1031 141 399 23 11833 1
1032 52 349 28 5759 1
1033 27 398 27 14855 1
1034 66 400 25 14726 1
1035 51 398 20 6313 1
1036 60 396 32 14314 1
1037 70 349 10 1753 1
40
235 400 530 450 480 440 440 544 580 580 580 540 600 610 575 660 450 450 375 450 450 600 600 600 400 426 500 500 500 500 500 500 600 600 600 400 400 600 425 425 