1037
1 8 158 13 1337 1
2 8 148 9 1345 1
3 33 173 17 3444 1
4 12 154 22 2255 1
5 23 154 22 2255 1
6 11 112 14 2174 1
7 21 112 14 2174 1
8 31 112 14 2174 1
9 41 112 14 2174 1
10 51 112 14 2174 1
11 61 112 14 2174 1
12 71 112 14 2174 1
13 6 176 19 3311 1
14 15 145 16 2286 1
15 19 181 22 4704 1
16 72 181 15 1939 1
17 13 167 8 1518 1
18 9 116 7 1063 1
19 17 116 7 1063 1
20 16 121 14 1982 1
21 13 112 13 1293 1
22 30 183 16 3362 1
23 59 183 16 3362 1
24 3 157 9 1323 1
25 16 189 7 1697 1
26 9 168 8 1682 1
27 17 168 8 1682 1
28 25 168 8 1682 1
29 33 168 8 1682 1
30 16 145 13 2040 1
31 16 126 8 1059 1
32 4 187 15 2771 1
33 7 187 15 2771 1
34 10 187 15 2771 1
35 13 187 15 2771 1
36 7 113 15 918 1
37 23 171 17 2606 1
38 45 171 17 2606 1
39 16 157 13 2384 1
40 28 113 13 1872 1
41 55 113 13 1872 1
42 9 175 9 1104 1
43 19 176 22 2836 1
44 4 181 25 2833 1
45 11 173 22 2598 1
46 21 173 22 2598 1
47 31 173 22 2598 1
48 7 178 21 3562 1
49 3 160 15 2366 1
50 13 140 13 1125 1
51 10 155 12 1050 1
52 19 155 12 1050 1
53 28 155 12 1050 1
54 37 155 12 1050 1
55 89 140 10 1054 1
56 177 140 10 1054 1
57 10 184 10 2021 1
58 19 184 10 2021 1
59 16 152 15 2610 1
60 31 152 15 2610 1
61 5 140 14 2469 1
62 5 163 30 4018 1
63 10 187 11 1581 1
64 19 187 11 1581 1
65 28 187 11 1581 1
66 80 170 19 3833 1
67 6 131 15 1655 1
68 11 131 15 1655 1
69 16 131 15 1655 1
70 82 173 20 4432 1
71 10 187 22 5527 1
72 9 160 21 4305 1
73 15 131 18 3183 1
74 7 184 11 1321 1
75 13 184 11 1321 1
76 4 91 12 1035 1
77 7 91 12 1035 1
78 10 91 12 1035 1
79 13 91 12 1035 1
80 7 166 21 1914 1
81 6 187 15 2658 1
82 44 159 10 1642 1
83 22 182 24 2812 1
84 9 121 17 1327 1
85 17 121 17 1327 1
86 13 185 17 3154 1
87 25 185 17 3154 1
88 4 170 15 3670 1
89 7 170 15 3670 1
90 21 177 16 4095 1
91 6 146 12 2506 1
92 11 146 12 2506 1
93 59 174 6 1394 1
94 21 131 14 1582 1
95 18 101 15 1863 1
96 2 177 37 8546 1
97 3 91 7 509 1
98 7 133 13 1226 1
99 13 133 13 1226 1
100 15 87 10 1145 1
101 20 170 25 5618 1
102 39 170 25 5618 1
103 58 170 25 5618 1
104 77 170 25 5618 1
105 5 149 17 2327 1
106 9 149 17 2327 1
107 21 155 13 1827 1
108 9 166 3 287 1
109 22 163 18 4125 1
110 8 187 19 2264 1
111 15 187 19 2264 1
112 22 187 19 2264 1
113 16 101 12 786 1
114 31 101 12 786 1
115 4 163 8 1078 1
116 7 163 8 1078 1
117 10 163 8 1078 1
118 13 163 8 1078 1
119 16 163 8 1078 1
120 19 163 8 1078 1
121 22 163 8 1078 1
122 5 145 19 3005 1
123 9 145 19 3005 1
124 18 180 37 7373 1
125 8 134 9 1438 1
126 15 134 9 1438 1
127 4 167 19 1641 1
128 7 167 19 1641 1
129 10 167 19 1641 1
130 13 167 19 1641 1
131 86 157 15 3296 1
132 96 120 18 2929 1
133 23 170 11 2245 1
134 8 171 27 5794 1
135 15 171 27 5794 1
136 6 120 14 2232 1
137 15 167 15 2029 1
138 29 167 15 2029 1
139 4 189 13 2146 1
140 8 133 11 1907 1
141 15 133 11 1907 1
142 22 133 11 1907 1
143 29 133 11 1907 1
144 18 169 17 3281 1
145 16 182 26 4346 1
146 1 163 24 4663 1
147 11 154 9 1763 1
148 9 181 23 2936 1
149 11 189 6 1389 1
150 8 168 21 4174 1
151 14 176 21 3258 1
152 8 181 23 5829 1
153 25 144 13 2654 1
154 49 144 13 2654 1
155 18 144 13 2606 1
156 14 176 10 2096 1
157 27 176 10 2096 1
158 40 176 10 2096 1
159 10 101 10 511 1
160 15 182 13 1640 1
161 3 170 8 1338 1
162 5 170 8 1338 1
163 7 170 8 1338 1
164 9 170 8 1338 1
165 1 185 17 3647 1
166 1 185 17 3647 1
167 1 185 17 3647 1
168 9 176 5 890 1
169 17 176 5 890 1
170 25 176 5 890 1
171 3 173 22 5411 1
172 16 101 2 282 1
173 6 159 13 1624 1
174 11 159 13 1624 1
175 16 159 13 1624 1
176 7 167 14 1668 1
177 5 101 15 968 1
178 10 176 25 4869 1
179 19 176 25 4869 1
180 28 176 25 4869 1
181 37 176 25 4869 1
182 46 176 25 4869 1
183 8 182 15 3923 1
184 15 182 15 3923 1
185 70 171 23 2293 1
186 3 184 14 1778 1
187 1 155 17 3892 1
188 8 137 15 2453 1
189 125 112 12 1055 1
190 6 169 12 2129 1
191 11 169 12 2129 1
192 16 169 12 2129 1
193 21 169 12 2129 1
194 15 146 9 744 1
195 12 180 18 4026 1
196 23 180 18 4026 1
197 6 171 13 2519 1
198 11 171 13 2519 1
199 26 167 11 1221 1
200 51 167 11 1221 1
201 8 143 22 2502 1
202 22 166 18 3888 1
203 7 174 24 2276 1
204 13 174 24 2276 1
205 5 166 18 2851 1
206 16 131 12 1127 1
207 15 155 12 1474 1
208 8 170 21 4551 1
209 6 165 37 8679 1
210 11 165 37 8679 1
211 16 165 37 8679 1
212 108 159 16 1334 1
213 7 189 22 4388 1
214 15 135 13 1864 1
215 5 159 13 2516 1
216 9 159 13 2516 1
217 5 167 18 4015 1
218 9 167 18 4015 1
219 13 167 18 4015 1
220 17 167 18 4015 1
221 21 167 18 4015 1
222 4 150 4 811 1
223 7 150 4 811 1
224 10 150 4 811 1
225 33 144 9 1156 1
226 65 144 9 1156 1
227 16 171 21 3420 1
228 73 188 11 1132 1
229 145 188 11 1132 1
230 10 183 25 5794 1
231 19 183 25 5794 1
232 10 171 5 444 1
233 8 112 13 2152 1
234 29 173 16 3224 1
235 26 173 32 4814 1
236 51 173 32 4814 1
237 76 173 32 4814 1
238 19 187 27 6703 1
239 37 187 27 6703 1
240 18 133 7 641 1
241 35 133 7 641 1
242 52 133 7 641 1
243 22 87 6 278 1
244 15 148 26 3628 1
245 9 125 15 1195 1
246 26 167 16 2113 1
247 10 130 7 766 1
248 13 187 9 2132 1
249 25 187 9 2132 1
250 6 145 9 698 1
251 11 145 9 698 1
252 16 145 9 698 1
253 5 183 22 5799 1
254 9 183 22 5799 1
255 13 183 22 5799 1
256 15 187 9 1518 1
257 10 148 7 939 1
258 5 121 13 846 1
259 9 121 13 846 1
260 15 141 23 3192 1
261 10 145 10 2073 1
262 8 145 4 295 1
263 10 169 19 4651 1
264 19 169 19 4651 1
265 28 169 19 4651 1
266 24 176 15 2688 1
267 2 120 13 2111 1
268 3 120 13 2111 1
269 4 120 13 2111 1
270 5 120 13 2111 1
271 12 162 18 3918 1
272 23 162 18 3918 1
273 34 162 18 3918 1
274 6 91 15 1851 1
275 11 91 15 1851 1
276 16 91 15 1851 1
277 3 150 14 2370 1
278 5 150 14 2370 1
279 7 150 14 2370 1
280 4 163 14 2429 1
281 7 163 14 2429 1
282 7 162 14 1147 1
283 13 162 14 1147 1
284 16 144 16 3360 1
285 31 144 16 3360 1
286 46 144 16 3360 1
287 22 155 16 1347 1
288 15 180 16 3773 1
289 18 137 21 1748 1
290 21 126 12 1412 1
291 21 144 18 1592 1
292 16 174 21 5283 1
293 35 162 11 1374 1
294 10 191 28 5127 1
295 16 174 18 4179 1
296 10 162 18 3271 1
297 11 147 13 1453 1
298 23 146 12 2269 1
299 45 146 12 2269 1
300 67 146 12 2269 1
301 42 87 12 1005 1
302 7 135 17 2718 1
303 14 169 17 3003 1
304 5 137 14 2476 1
305 9 87 14 1745 1
306 17 87 14 1745 1
307 25 87 14 1745 1
308 33 87 14 1745 1
309 2 144 13 2589 1
310 22 140 10 1238 1
311 16 176 15 2543 1
312 8 87 10 1168 1
313 15 87 10 1168 1
314 22 87 10 1168 1
315 29 87 10 1168 1
316 36 87 10 1168 1
317 11 130 7 492 1
318 21 130 7 492 1
319 9 116 11 1009 1
320 11 148 7 1449 1
321 21 148 7 1449 1
322 31 148 7 1449 1
323 27 172 9 1074 1
324 53 172 9 1074 1
325 16 188 24 5274 1
326 31 188 24 5274 1
327 16 143 13 2116 1
328 5 91 9 1209 1
329 9 91 9 1209 1
330 13 91 9 1209 1
331 7 147 14 2471 1
332 13 147 14 2471 1
333 2 158 20 4598 1
334 3 158 20 4598 1
335 4 158 20 4598 1
336 5 158 20 4598 1
337 8 120 10 1377 1
338 15 174 33 5714 1
339 29 174 33 5714 1
340 5 145 7 647 1
341 12 160 16 3340 1
342 23 160 16 3340 1
343 34 160 16 3340 1
344 45 160 16 3340 1
345 56 160 16 3340 1
346 67 160 16 3340 1
347 78 160 16 3340 1
348 10 152 16 3154 1
349 7 183 14 2931 1
350 8 141 17 1528 1
351 15 141 17 1528 1
352 22 141 17 1528 1
353 22 144 21 4514 1
354 43 144 21 4514 1
355 3 143 5 772 1
356 95 148 14 2320 1
357 8 188 26 2542 1
358 15 188 26 2542 1
359 12 181 15 3920 1
360 16 146 13 1492 1
361 31 146 13 1492 1
362 14 172 20 5155 1
363 45 121 7 751 1
364 3 140 17 2233 1
365 16 162 16 2450 1
366 2 125 4 413 1
367 3 125 4 413 1
368 9 168 11 1261 1
369 9 170 24 5594 1
370 7 145 28 5894 1
371 13 145 28 5894 1
372 19 145 28 5894 1
373 25 145 28 5894 1
374 31 145 28 5894 1
375 17 157 16 2329 1
376 52 169 11 2242 1
377 23 181 17 3695 1
378 45 181 17 3695 1
379 67 181 17 3695 1
380 21 137 12 2069 1
381 9 134 15 1132 1
382 17 134 15 1132 1
383 7 116 16 1011 1
384 16 146 20 2958 1
385 15 182 11 1703 1
386 7 159 21 2571 1
387 13 159 21 2571 1
388 20 181 20 3822 1
389 9 176 17 2502 1
390 5 159 23 1899 1
391 24 134 13 1476 1
392 4 158 14 1523 1
393 19 101 9 1299 1
394 37 101 9 1299 1
395 9 101 11 1284 1
396 17 101 11 1284 1
397 7 116 6 883 1
398 13 116 6 883 1
399 19 116 6 883 1
400 25 116 6 883 1
401 16 165 5 1075 1
402 16 188 25 4888 1
403 31 188 25 4888 1
404 10 176 21 3628 1
405 17 181 24 5766 1
406 7 163 18 3101 1
407 31 126 12 1597 1
408 8 195 15 3723 1
409 15 195 15 3723 1
410 22 195 15 3723 1
411 9 196 22 6007 1
412 8 194 17 3332 1
413 15 194 17 3332 1
414 9 193 3 831 1
415 17 193 3 831 1
416 25 193 3 831 1
417 33 193 3 831 1
418 41 193 3 831 1
419 49 193 3 831 1
420 7 194 18 3345 1
421 11 197 29 5029 1
422 8 197 6 1691 1
423 15 197 6 1691 1
424 8 195 16 1610 1
425 9 197 26 5172 1
426 17 197 26 5172 1
427 9 196 21 3451 1
428 2 193 16 3603 1
429 7 195 21 3406 1
430 14 193 17 2628 1
431 60 195 9 1665 1
432 8 197 16 2222 1
433 15 197 16 2222 1
434 8 195 14 1767 1
435 15 195 14 1767 1
436 22 195 14 1767 1
437 30 200 18 5372 1
438 59 200 18 5372 1
439 88 200 18 5372 1
440 7 217 15 3367 1
441 55 202 7 2119 1
442 109 202 7 2119 1
443 29 211 17 2347 1
444 7 223 14 3219 1
445 13 223 14 3219 1
446 19 223 14 3219 1
447 9 223 16 4720 1
448 17 223 16 4720 1
449 25 223 16 4720 1
450 33 223 16 4720 1
451 48 210 15 1829 1
452 95 210 15 1829 1
453 20 208 26 6189 1
454 14 223 17 3889 1
455 20 221 19 5864 1
456 50 202 18 3111 1
457 43 202 6 901 1
458 8 208 21 3801 1
459 8 210 9 2828 1
460 56 226 17 5196 1
461 9 201 15 4334 1
462 17 201 15 4334 1
463 3 198 7 1154 1
464 9 216 14 3796 1
465 54 201 15 2738 1
466 52 217 20 2473 1
467 8 220 13 3623 1
468 15 220 13 3623 1
469 25 223 19 2808 1
470 9 208 16 2631 1
471 53 221 14 2288 1
472 8 202 15 1796 1
473 15 202 15 1796 1
474 22 202 15 1796 1
475 24 223 12 3742 1
476 32 224 10 3270 1
477 8 226 10 2550 1
478 48 226 18 3211 1
479 95 226 18 3211 1
480 28 202 9 2614 1
481 6 216 14 1730 1
482 8 212 9 2754 1
483 37 199 15 1848 1
484 26 216 13 1825 1
485 33 212 17 3344 1
486 7 224 13 1849 1
487 13 224 13 1849 1
488 11 216 17 4778 1
489 21 216 17 4778 1
490 21 198 8 1004 1
491 29 211 14 2822 1
492 9 202 13 2559 1
493 17 202 13 2559 1
494 54 198 12 2273 1
495 35 210 24 5653 1
496 43 223 19 4838 1
497 85 223 19 4838 1
498 8 202 24 3390 1
499 15 202 24 3390 1
500 31 213 19 5327 1
501 23 202 16 3577 1
502 10 210 22 5272 1
503 31 202 12 2309 1
504 22 220 4 468 1
505 25 208 21 4419 1
506 2 200 14 3702 1
507 10 199 9 2325 1
508 7 210 12 2789 1
509 26 224 11 3153 1
510 6 210 17 5332 1
511 11 210 17 5332 1
512 2 210 19 3306 1
513 43 220 16 5061 1
514 8 212 12 2089 1
515 12 221 13 2748 1
516 23 221 13 2748 1
517 16 200 11 2911 1
518 31 200 11 2911 1
519 26 216 16 3506 1
520 49 212 12 3346 1
521 34 224 17 2044 1
522 9 210 16 2903 1
523 17 210 16 2903 1
524 58 202 6 917 1
525 115 202 6 917 1
526 44 202 8 1077 1
527 2 210 6 1272 1
528 44 199 12 3370 1
529 6 222 15 4129 1
530 45 198 13 1352 1
531 46 212 16 3745 1
532 8 200 12 2986 1
533 32 216 19 4236 1
534 63 216 19 4236 1
535 16 199 18 2929 1
536 26 221 9 1414 1
537 51 221 9 1414 1
538 31 220 22 4619 1
539 23 223 29 5781 1
540 15 223 16 4972 1
541 34 211 12 1717 1
542 10 220 19 2953 1
543 27 220 18 4044 1
544 44 201 14 1983 1
545 23 201 17 4141 1
546 45 201 17 4141 1
547 67 201 17 4141 1
548 89 201 17 4141 1
549 10 212 15 2540 1
550 24 199 16 4693 1
551 7 198 6 1472 1
552 30 208 11 2805 1
553 8 220 17 5351 1
554 27 198 6 712 1
555 49 226 2 491 1
556 30 222 15 3764 1
557 59 222 15 3764 1
558 8 222 3 896 1
559 25 202 12 1701 1
560 9 209 14 2951 1
561 5 223 13 2755 1
562 6 228 16 2126 1
563 11 228 16 2126 1
564 16 228 16 2126 1
565 81 256 8 2639 1
566 161 256 8 2639 1
567 58 259 13 4805 1
568 6 255 6 1650 1
569 47 241 13 3338 1
570 4 260 13 3744 1
571 3 250 26 4514 1
572 5 250 26 4514 1
573 6 245 15 5155 1
574 8 263 19 2684 1
575 15 263 19 2684 1
576 60 259 7 2452 1
577 86 255 16 2161 1
578 78 228 15 4293 1
579 10 250 17 2399 1
580 8 229 17 2017 1
581 15 229 17 2017 1
582 22 259 25 5846 1
583 19 245 13 4441 1
584 10 263 16 5313 1
585 4 242 11 3315 1
586 4 231 18 4762 1
587 7 231 18 4762 1
588 33 229 10 1803 1
589 5 237 16 5050 1
590 6 236 16 2144 1
591 15 260 24 7745 1
592 84 261 13 1842 1
593 22 256 25 7953 1
594 63 260 15 3431 1
595 36 262 12 3526 1
596 8 247 9 2938 1
597 29 228 14 3039 1
598 2 240 16 3724 1
599 3 240 16 3724 1
600 4 240 16 3724 1
601 5 240 16 3724 1
602 6 240 16 3724 1
603 7 240 16 3724 1
604 8 240 16 3724 1
605 31 227 16 2485 1
606 25 239 13 2799 1
607 62 256 18 5919 1
608 33 261 33 10004 1
609 65 261 33 10004 1
610 97 261 33 10004 1
611 8 237 7 1357 1
612 24 255 16 6087 1
613 47 255 16 6087 1
614 22 252 11 3045 1
615 43 252 11 3045 1
616 64 252 11 3045 1
617 32 232 20 3882 1
618 24 241 24 3029 1
619 26 250 4 1003 1
620 27 255 12 4109 1
621 54 228 9 3040 1
622 9 261 20 3132 1
623 19 236 23 4286 1
624 60 237 28 5557 1
625 119 237 28 5557 1
626 24 261 19 3070 1
627 47 261 19 3070 1
628 57 232 18 4819 1
629 61 261 12 3983 1
630 10 241 19 4837 1
631 25 240 16 4729 1
632 49 240 16 4729 1
633 73 240 16 4729 1
634 27 229 15 3102 1
635 21 255 12 3665 1
636 20 259 12 2080 1
637 39 259 12 2080 1
638 17 250 16 2886 1
639 17 261 16 2887 1
640 77 250 16 5608 1
641 25 240 17 3199 1
642 2 231 9 2053 1
643 3 231 9 2053 1
644 21 241 11 3198 1
645 29 255 26 7467 1
646 57 255 26 7467 1
647 3 239 11 1905 1
648 16 239 22 4230 1
649 31 239 22 4230 1
650 36 247 21 3469 1
651 5 228 22 2832 1
652 20 239 17 3053 1
653 39 239 17 3053 1
654 54 232 1 269 1
655 37 240 8 1870 1
656 73 240 8 1870 1
657 109 240 8 1870 1
658 218 231 12 3076 1
659 29 252 20 5395 1
660 4 235 15 4468 1
661 30 240 14 4313 1
662 20 237 8 2380 1
663 39 237 8 2380 1
664 26 255 15 2300 1
665 24 236 12 2864 1
666 47 236 12 2864 1
667 21 235 16 4025 1
668 20 235 5 1120 1
669 39 235 5 1120 1
670 5 262 28 9474 1
671 21 255 11 1666 1
672 20 229 14 2796 1
673 4 241 10 1769 1
674 7 241 10 1769 1
675 52 260 12 1870 1
676 21 237 8 2837 1
677 5 229 17 2114 1
678 9 229 17 2114 1
679 13 229 17 2114 1
680 17 229 17 2114 1
681 10 255 17 3310 1
682 19 255 17 3310 1
683 25 241 15 3372 1
684 5 281 18 5831 1
685 57 265 17 2841 1
686 24 290 14 2281 1
687 1 279 22 8376 1
688 35 272 17 5046 1
689 40 270 17 5704 1
690 16 270 16 5424 1
691 25 271 26 8875 1
692 4 264 10 2020 1
693 24 269 19 4011 1
694 26 268 14 2216 1
695 51 268 14 2216 1
696 6 268 13 1923 1
697 2 268 18 5247 1
698 264 278 20 4592 1
699 28 300 7 2320 1
700 55 300 7 2320 1
701 82 300 7 2320 1
702 109 300 7 2320 1
703 136 300 7 2320 1
704 44 283 15 2481 1
705 87 283 15 2481 1
706 130 283 15 2481 1
707 22 302 26 4572 1
708 3 265 4 857 1
709 5 265 4 857 1
710 13 265 9 1388 1
711 25 265 9 1388 1
712 23 270 15 4887 1
713 45 270 15 4887 1
714 24 281 27 6472 1
715 47 281 27 6472 1
716 3 299 27 9593 1
717 23 300 23 5827 1
718 45 300 23 5827 1
719 28 296 26 7739 1
720 6 266 16 4524 1
721 24 295 16 6043 1
722 47 295 16 6043 1
723 70 295 16 6043 1
724 4 275 13 2050 1
725 7 275 13 2050 1
726 5 280 15 4098 1
727 29 268 11 3348 1
728 21 281 16 6082 1
729 5 295 17 4172 1
730 24 293 22 5651 1
731 47 293 22 5651 1
732 70 293 22 5651 1
733 57 265 7 1269 1
734 36 292 9 1329 1
735 25 276 12 3835 1
736 176 301 23 9747 1
737 66 293 17 4067 1
738 131 293 17 4067 1
739 47 266 4 915 1
740 20 294 17 4322 1
741 19 299 17 4558 1
742 22 268 15 4983 1
743 43 268 15 4983 1
744 64 268 15 4983 1
745 37 265 16 3065 1
746 32 302 14 3235 1
747 24 268 18 5427 1
748 47 268 18 5427 1
749 81 301 20 7876 1
750 24 268 16 4230 1
751 7 300 17 2769 1
752 13 300 17 2769 1
753 23 280 17 5812 1
754 20 290 11 3623 1
755 29 264 14 2109 1
756 8 269 11 4043 1
757 74 279 15 4646 1
758 24 294 18 4446 1
759 47 294 18 4446 1
760 70 294 18 4446 1
761 209 296 10 2053 1
762 56 283 14 2800 1
763 9 272 19 4556 1
764 17 272 19 4556 1
765 16 283 9 3240 1
766 5 277 16 5616 1
767 20 276 3 872 1
768 20 283 19 6837 1
769 3 279 15 2683 1
770 23 267 11 1971 1
771 20 275 9 2206 1
772 9 271 17 5118 1
773 21 301 9 2087 1
774 41 301 9 2087 1
775 61 301 9 2087 1
776 81 301 9 2087 1
777 101 301 9 2087 1
778 12 280 15 4133 1
779 23 280 15 4133 1
780 34 280 15 4133 1
781 45 280 15 4133 1
782 1 295 12 3352 1
783 76 283 13 3546 1
784 54 265 10 3826 1
785 37 276 19 2660 1
786 38 285 21 5524 1
787 92 268 23 3920 1
788 23 276 10 2760 1
789 80 268 13 4657 1
790 75 271 15 4937 1
791 93 283 19 7014 1
792 5 269 13 4888 1
793 33 275 17 6719 1
794 20 264 17 2648 1
795 8 270 21 3645 1
796 21 290 19 4145 1
797 24 269 15 2887 1
798 47 269 15 2887 1
799 25 265 13 3939 1
800 20 294 24 6564 1
801 4 279 14 5632 1
802 20 292 17 3171 1
803 39 292 17 3171 1
804 58 292 17 3171 1
805 77 292 17 3171 1
806 96 292 17 3171 1
807 20 294 19 5010 1
808 39 294 19 5010 1
809 25 299 13 4641 1
810 5 296 16 6683 1
811 63 270 16 3693 1
812 66 294 15 5429 1
813 1 265 9 2440 1
814 87 281 16 3728 1
815 23 266 24 6507 1
816 45 266 24 6507 1
817 67 266 24 6507 1
818 4 267 16 3477 1
819 7 267 16 3477 1
820 10 267 16 3477 1
821 21 300 19 6319 1
822 41 300 19 6319 1
823 61 300 19 6319 1
824 85 276 11 3381 1
825 3 295 14 4662 1
826 24 278 5 2033 1
827 63 280 14 5369 1
828 125 280 14 5369 1
829 6 301 8 1721 1
830 18 268 14 2369 1
831 119 300 26 9221 1
832 38 294 13 2800 1
833 75 294 13 2800 1
834 112 294 13 2800 1
835 149 294 13 2800 1
836 186 294 13 2800 1
837 39 285 10 2125 1
838 23 278 14 5434 1
839 18 278 20 2867 1
840 5 276 20 8064 1
841 9 276 20 8064 1
842 22 292 16 5406 1
843 62 285 16 4177 1
844 47 272 13 3710 1
845 22 272 19 3387 1
846 43 272 19 3387 1
847 11 296 15 4194 1
848 21 296 15 4194 1
849 31 271 14 5620 1
850 37 285 16 2837 1
851 27 276 18 3447 1
852 27 296 16 2901 1
853 7 294 17 6780 1
854 50 285 10 2663 1
855 99 285 10 2663 1
856 73 299 14 3405 1
857 145 299 14 3405 1
858 4 269 20 5070 1
859 16 268 24 4903 1
860 68 277 15 3891 1
861 70 280 23 7293 1
862 139 280 23 7293 1
863 24 318 15 3245 1
864 27 332 15 5661 1
865 53 332 15 5661 1
866 32 316 22 8377 1
867 23 323 32 5781 1
868 47 340 16 7984 1
869 25 333 18 6400 1
870 28 340 9 1734 1
871 81 306 18 3752 1
872 33 339 11 4435 1
873 26 321 19 7644 1
874 66 302 19 4093 1
875 64 337 12 5469 1
876 27 323 11 2045 1
877 25 335 20 8548 1
878 35 319 17 5546 1
879 37 340 17 6978 1
880 22 335 27 7912 1
881 54 339 13 4894 1
882 68 333 32 6654 1
883 26 331 14 6105 1
884 21 334 17 5039 1
885 15 331 18 4032 1
886 24 316 13 2287 1
887 47 316 13 2287 1
888 27 337 18 3731 1
889 15 319 14 2707 1
890 24 340 20 7709 1
891 47 340 20 7709 1
892 66 318 23 8033 1
893 51 331 8 1719 1
894 101 331 8 1719 1
895 52 319 24 6443 1
896 103 319 24 6443 1
897 27 340 12 3668 1
898 53 340 12 3668 1
899 27 340 16 4665 1
900 25 321 14 6075 1
901 49 321 14 6075 1
902 73 321 14 6075 1
903 87 316 14 5126 1
904 23 323 12 5280 1
905 33 318 16 3826 1
906 26 325 17 5532 1
907 68 323 13 5809 1
908 74 306 16 4340 1
909 147 306 16 4340 1
910 220 306 16 4340 1
911 2 325 28 12297 1
912 24 337 15 3922 1
913 47 337 15 3922 1
914 70 337 15 3922 1
915 26 325 27 10677 1
916 50 340 20 9693 1
917 31 318 14 5425 1
918 17 340 17 6702 1
919 26 323 20 3788 1
920 16 305 15 5325 1
921 27 332 15 6844 1
922 27 329 30 8193 1
923 25 339 26 12002 1
924 25 318 26 4430 1
925 19 323 24 7349 1
926 18 318 22 3525 1
927 21 318 11 1883 1
928 54 302 11 4244 1
929 28 335 12 3999 1
930 34 337 20 6426 1
931 51 333 15 5491 1
932 67 336 23 10100 1
933 45 321 10 2984 1
934 27 337 19 4527 1
935 56 333 16 5259 1
936 52 338 17 6144 1
937 23 338 11 2409 1
938 27 319 12 3833 1
939 54 329 20 6631 1
940 26 331 11 2785 1
941 54 333 15 7205 1
942 22 321 20 6630 1
943 42 316 16 6311 1
944 29 325 16 2869 1
945 15 337 15 6597 1
946 29 337 15 6597 1
947 22 333 11 4375 1
948 41 318 19 8391 1
949 23 316 6 1107 1
950 28 333 26 12453 1
951 55 333 26 12453 1
952 25 302 21 7437 1
953 49 302 21 7437 1
954 52 350 14 6248 1
955 18 349 20 6764 1
956 26 348 30 8339 1
957 84 367 18 7143 1
958 22 399 16 8751 1
959 78 398 25 7905 1
960 49 367 20 5070 1
961 45 399 34 17673 1
962 64 364 28 11789 1
963 78 366 25 7347 1
964 84 350 21 11013 1
965 167 350 21 11013 1
966 50 367 21 11466 1
967 99 367 21 11466 1
968 51 399 38 10984 1
969 58 369 36 16991 1
970 69 399 30 15821 1
971 78 396 29 13483 1
972 24 369 27 11565 1
973 73 353 20 4074 1
974 25 399 25 9179 1
975 49 399 25 9179 1
976 31 398 33 18874 1
977 55 365 18 5543 1
978 51 364 29 11801 1
979 55 366 31 13802 1
980 49 369 21 5051 1
981 18 365 20 5943 1
982 81 365 16 3347 1
983 27 351 36 8536 1
984 38 348 33 5815 1
985 28 347 18 9028 1
986 22 399 31 7451 1
987 25 365 23 5889 1
988 29 348 25 8372 1
989 23 400 1 370 1
990 24 348 22 10428 1
991 25 369 30 9383 1
992 28 399 18 9126 1
993 45 366 17 4186 1
994 28 367 22 12015 1
995 88 366 24 9701 1
996 70 347 17 5912 1
997 50 367 20 6756 1
998 135 396 33 18284 1
999 78 349 15 2894 1
1000 52 349 16 6244 1
1001 63 347 20 6026 1
1002 19 367 38 19105 1
1003 80 348 21 6742 1
1004 48 365 19 6905 1
1005 95 365 19 6905 1
1006 76 353 19 7729 1
1007 55 349 19 3427 1
1008 62 349 21 10070 1
1009 34 400 10 5744 1
1010 53 396 42 23916 1
1011 18 366 29 14831 1
1012 114 350 26 5017 1
1013 49 400 30 7943 1
1014 11 367 18 5272 1
1015 21 367 18 5272 1
1016 56 348 22 6289 1
1017 32 367 23 9818 1
1018 32 399 28 13408 1
1019 38 364 14 5596 1
1020 18 348 22 6159 1
1021 25 367 24 9981 1
1022 66 348 16 4674 1
1023 49 365 22 5981 1
1024 50 369 16 4053 1
1025 55 368 21 8503 1
1026 55 364 17 4547 1
1027 30 347 30 9170 1
1028 50 365 11 2759 1
1029 61 364 12 4083 1
1030 121 364 12 4083 1
1031 86 367 13 3903 1
1032 119 396 29 16456 1
1033 60 400 26 15189 1
1034 77 365 22 5448 1
1035 24 353 22 10229 1
1036 27 366 24 12097 1
1037 48 368 29 14832 1
40
235 400 530 450 480 440 440 544 580 580 580 540 600 610 575 660 450 450 375 450 450 600 600 600 400 426 500 500 500 500 500 500 600 600 600 400 400 600 425 425 