1037
1 13 184 12 2888 1
2 6 141 13 1725 1
3 11 141 13 1725 1
4 18 125 16 2797 1
5 20 159 6 1221 1
6 22 157 6 552 1
7 6 160 31 5047 1
8 11 160 31 5047 1
9 11 169 24 2203 1
10 11 112 11 1567 1
11 7 133 17 2281 1
12 13 133 17 2281 1
13 16 185 20 3191 1
14 11 122 5 466 1
15 21 122 5 466 1
16 7 144 19 3124 1
17 24 174 26 5658 1
18 47 174 26 5658 1
19 70 174 26 5658 1
20 6 182 17 3887 1
21 113 177 16 4152 1
22 16 145 13 2417 1
23 9 165 10 1471 1
24 17 165 10 1471 1
25 42 171 12 2642 1
26 8 116 13 938 1
27 15 116 13 938 1
28 9 125 14 1632 1
29 17 125 14 1632 1
30 25 125 14 1632 1
31 33 125 14 1632 1
32 7 167 19 3308 1
33 12 147 21 3454 1
34 8 158 12 2727 1
35 15 158 12 2727 1
36 6 185 7 804 1
37 3 165 21 2480 1
38 81 173 14 2652 1
39 6 146 17 1556 1
40 25 171 16 1996 1
41 49 171 16 1996 1
42 8 101 9 986 1
43 5 121 7 912 1
44 8 185 19 2519 1
45 22 155 19 3008 1
46 15 146 16 3405 1
47 6 134 13 1585 1
48 11 134 13 1585 1
49 16 134 13 1585 1
50 13 181 24 2796 1
51 25 181 24 2796 1
52 37 181 24 2796 1
53 8 170 19 4319 1
54 8 131 14 944 1
55 15 154 26 2492 1
56 1 112 14 1911 1
57 22 165 15 2432 1
58 8 121 19 1888 1
59 15 121 19 1888 1
60 22 121 19 1888 1
61 29 121 19 1888 1
62 9 101 3 412 1
63 26 140 14 1554 1
64 27 174 16 2301 1
65 10 149 26 3107 1
66 19 149 26 3107 1
67 28 149 26 3107 1
68 6 116 19 1864 1
69 23 180 19 3812 1
70 26 178 15 3549 1
71 51 178 15 3549 1
72 7 160 22 4073 1
73 13 160 22 4073 1
74 6 112 12 1719 1
75 13 170 22 4921 1
76 25 170 22 4921 1
77 37 170 22 4921 1
78 6 191 3 791 1
79 25 140 15 2920 1
80 16 141 15 1063 1
81 16 188 20 5579 1
82 11 154 21 3257 1
83 15 113 14 2256 1
84 15 185 12 1616 1
85 29 185 12 1616 1
86 23 178 9 1618 1
87 11 101 9 1358 1
88 21 101 9 1358 1
89 31 101 9 1358 1
90 41 101 9 1358 1
91 51 101 9 1358 1
92 61 101 9 1358 1
93 6 140 14 2674 1
94 19 140 18 3325 1
95 37 140 18 3325 1
96 2 172 14 1349 1
97 5 125 12 1369 1
98 9 125 12 1369 1
99 9 191 18 3144 1
100 17 191 18 3144 1
101 6 182 13 1975 1
102 11 182 13 1975 1
103 16 182 13 1975 1
104 10 172 10 2342 1
105 19 172 10 2342 1
106 6 163 28 5412 1
107 11 163 28 5412 1
108 16 163 28 5412 1
109 21 163 28 5412 1
110 26 163 28 5412 1
111 9 171 25 6329 1
112 15 171 12 2572 1
113 52 148 19 2080 1
114 118 145 15 2775 1
115 5 167 17 2405 1
116 14 188 23 5109 1
117 14 87 10 498 1
118 13 143 16 2092 1
119 8 167 13 2783 1
120 7 120 6 658 1
121 13 120 6 658 1
122 19 120 6 658 1
123 15 168 13 1954 1
124 75 177 16 2939 1
125 12 122 15 1925 1
126 23 122 15 1925 1
127 4 166 6 647 1
128 5 143 18 2320 1
129 9 143 18 2320 1
130 16 165 18 4431 1
131 31 165 18 4431 1
132 9 175 26 3218 1
133 17 175 26 3218 1
134 17 159 24 3849 1
135 12 149 14 2031 1
136 23 149 14 2031 1
137 34 149 14 2031 1
138 11 130 22 2822 1
139 21 130 22 2822 1
140 31 130 22 2822 1
141 41 130 22 2822 1
142 22 126 5 659 1
143 12 170 28 4268 1
144 23 170 28 4268 1
145 34 170 28 4268 1
146 5 180 19 3404 1
147 9 180 19 3404 1
148 15 145 13 2690 1
149 6 184 16 2693 1
150 11 184 16 2693 1
151 16 116 3 217 1
152 2 157 18 1869 1
153 21 191 17 2894 1
154 11 143 10 1318 1
155 21 143 10 1318 1
156 31 143 10 1318 1
157 21 185 19 3318 1
158 9 181 15 1685 1
159 17 181 15 1685 1
160 25 181 15 1685 1
161 33 181 15 1685 1
162 5 149 18 1441 1
163 9 149 18 1441 1
164 13 149 18 1441 1
165 17 149 18 1441 1
166 17 112 10 663 1
167 33 112 10 663 1
168 15 184 12 3254 1
169 5 183 16 2973 1
170 6 148 20 2532 1
171 17 121 7 479 1
172 33 121 7 479 1
173 4 125 10 1308 1
174 7 125 10 1308 1
175 10 125 10 1308 1
176 13 125 10 1308 1
177 16 125 10 1308 1
178 15 116 11 1617 1
179 9 147 24 1806 1
180 17 147 24 1806 1
181 10 159 5 1156 1
182 6 183 20 3439 1
183 11 183 20 3439 1
184 16 183 20 3439 1
185 15 154 18 2757 1
186 18 177 19 3891 1
187 35 177 19 3891 1
188 14 188 18 2165 1
189 5 91 8 787 1
190 9 91 8 787 1
191 7 120 8 566 1
192 13 120 8 566 1
193 5 169 21 3455 1
194 9 169 21 3455 1
195 19 157 19 2462 1
196 8 91 19 2032 1
197 15 91 19 2032 1
198 22 91 19 2032 1
199 6 148 12 2515 1
200 11 148 12 2515 1
201 52 181 26 4008 1
202 17 170 24 2687 1
203 33 170 24 2687 1
204 49 170 24 2687 1
205 5 120 13 1301 1
206 9 120 13 1301 1
207 8 126 11 1871 1
208 10 174 8 951 1
209 19 174 8 951 1
210 6 163 21 4762 1
211 8 147 15 2294 1
212 15 147 15 2294 1
213 6 176 12 1618 1
214 11 176 12 1618 1
215 9 152 7 854 1
216 17 152 7 854 1
217 25 152 7 854 1
218 33 152 7 854 1
219 41 152 7 854 1
220 3 185 22 3188 1
221 9 175 19 1727 1
222 51 131 7 587 1
223 15 157 14 2700 1
224 16 182 24 2569 1
225 21 172 2 416 1
226 17 122 8 516 1
227 12 167 17 3972 1
228 8 120 11 1921 1
229 15 120 11 1921 1
230 14 152 13 2838 1
231 16 175 14 1674 1
232 14 178 22 4669 1
233 27 178 22 4669 1
234 6 126 12 1836 1
235 11 126 12 1836 1
236 16 126 12 1836 1
237 21 126 12 1836 1
238 3 166 17 1844 1
239 5 166 17 1844 1
240 7 166 17 1844 1
241 9 166 17 1844 1
242 20 169 19 4477 1
243 26 191 24 5489 1
244 5 163 18 1621 1
245 25 125 13 1253 1
246 49 125 13 1253 1
247 17 172 17 3127 1
248 7 145 19 3818 1
249 4 158 18 2124 1
250 7 158 18 2124 1
251 9 112 13 983 1
252 17 112 13 983 1
253 15 184 10 1719 1
254 21 125 13 1044 1
255 41 125 13 1044 1
256 13 135 12 1857 1
257 15 141 22 3284 1
258 8 169 28 6822 1
259 86 181 20 3145 1
260 2 167 11 1028 1
261 19 174 22 4084 1
262 5 112 11 667 1
263 15 163 22 2815 1
264 7 180 20 3856 1
265 21 101 6 568 1
266 5 154 20 2236 1
267 8 170 21 5100 1
268 15 170 21 5100 1
269 22 170 21 5100 1
270 15 184 34 3320 1
271 22 141 10 885 1
272 5 170 8 834 1
273 11 168 13 3138 1
274 9 120 9 1202 1
275 24 135 12 920 1
276 47 135 12 920 1
277 6 157 24 2611 1
278 11 157 24 2611 1
279 10 121 15 1672 1
280 10 183 17 2591 1
281 19 183 17 2591 1
282 28 183 17 2591 1
283 8 174 25 3275 1
284 9 143 13 2621 1
285 17 143 13 2621 1
286 4 152 19 1538 1
287 14 113 8 698 1
288 27 113 8 698 1
289 40 113 8 698 1
290 53 113 8 698 1
291 15 175 17 4150 1
292 28 177 22 4896 1
293 55 177 22 4896 1
294 82 177 22 4896 1
295 109 177 22 4896 1
296 136 177 22 4896 1
297 16 181 12 1850 1
298 5 140 9 1718 1
299 9 140 9 1718 1
300 11 147 13 975 1
301 11 180 15 1542 1
302 21 180 15 1542 1
303 17 126 24 3562 1
304 18 166 16 1779 1
305 7 191 17 4315 1
306 13 191 17 4315 1
307 18 189 9 1960 1
308 35 189 9 1960 1
309 52 189 9 1960 1
310 11 181 3 300 1
311 13 165 16 3804 1
312 19 166 30 5307 1
313 17 180 16 2803 1
314 69 154 6 686 1
315 137 154 6 686 1
316 28 120 13 1763 1
317 7 101 10 1068 1
318 27 159 22 4582 1
319 72 181 14 1662 1
320 6 185 18 4597 1
321 11 185 18 4597 1
322 16 185 18 4597 1
323 21 185 18 4597 1
324 6 91 10 917 1
325 11 91 10 917 1
326 16 91 8 492 1
327 18 173 19 2273 1
328 10 101 12 745 1
329 19 101 12 745 1
330 28 101 12 745 1
331 3 130 2 156 1
332 5 130 2 156 1
333 7 130 2 156 1
334 16 166 11 2242 1
335 31 166 11 2242 1
336 46 166 11 2242 1
337 15 87 10 828 1
338 6 125 17 3075 1
339 11 125 17 3075 1
340 14 116 11 1350 1
341 6 112 21 1614 1
342 19 141 5 950 1
343 37 141 5 950 1
344 25 159 16 2853 1
345 37 189 21 5096 1
346 7 137 8 1426 1
347 8 167 9 1143 1
348 15 167 9 1143 1
349 22 167 9 1143 1
350 29 167 9 1143 1
351 6 87 13 714 1
352 23 183 27 6365 1
353 92 150 14 1053 1
354 8 101 14 2096 1
355 15 101 14 2096 1
356 22 101 14 2096 1
357 29 101 14 2096 1
358 36 101 14 2096 1
359 8 91 7 368 1
360 7 120 6 626 1
361 13 120 6 626 1
362 7 182 28 7444 1
363 6 155 29 5360 1
364 18 137 15 1482 1
365 9 176 17 3028 1
366 17 176 17 3028 1
367 12 125 11 1169 1
368 8 152 14 2808 1
369 5 167 14 2235 1
370 9 167 14 2235 1
371 13 167 14 2235 1
372 4 148 13 2693 1
373 20 173 5 829 1
374 3 131 12 1995 1
375 5 131 12 1995 1
376 7 131 12 1995 1
377 24 152 13 2812 1
378 12 126 13 1034 1
379 8 158 7 627 1
380 14 167 14 2844 1
381 27 167 14 2844 1
382 18 87 7 634 1
383 12 172 13 2167 1
384 23 172 13 2167 1
385 12 174 20 4395 1
386 23 174 20 4395 1
387 4 144 11 1010 1
388 7 121 15 1235 1
389 13 121 15 1235 1
390 19 121 15 1235 1
391 15 180 17 4408 1
392 2 112 8 459 1
393 17 168 11 1916 1
394 2 176 27 4101 1
395 3 176 27 4101 1
396 44 149 23 3262 1
397 87 149 23 3262 1
398 15 178 12 2463 1
399 29 155 16 3712 1
400 86 134 17 3123 1
401 3 120 14 2301 1
402 22 101 14 985 1
403 43 101 14 985 1
404 6 145 24 4486 1
405 11 145 24 4486 1
406 7 145 16 2020 1
407 4 188 35 5744 1
408 8 197 4 918 1
409 15 197 4 918 1
410 8 197 19 5530 1
411 15 197 19 5530 1
412 15 195 21 5672 1
413 29 195 21 5672 1
414 3 195 18 3016 1
415 8 195 22 3039 1
416 8 197 24 5330 1
417 15 197 24 5330 1
418 22 197 24 5330 1
419 29 197 24 5330 1
420 9 194 14 1450 1
421 9 196 7 1621 1
422 7 197 30 6221 1
423 31 194 23 3102 1
424 27 195 18 2925 1
425 8 195 19 5075 1
426 15 195 19 5075 1
427 14 194 18 4112 1
428 9 193 11 1292 1
429 17 193 11 1292 1
430 25 193 11 1292 1
431 9 196 13 1524 1
432 9 193 18 2536 1
433 34 194 17 2641 1
434 8 195 17 3577 1
435 3 197 21 3651 1
436 5 197 21 3651 1
437 27 210 8 1438 1
438 62 201 14 1679 1
439 11 223 19 3513 1
440 9 208 10 1502 1
441 26 212 12 1677 1
442 7 199 11 3189 1
443 25 212 19 5679 1
444 56 199 7 1968 1
445 8 208 11 3184 1
446 10 216 18 2319 1
447 27 222 7 1765 1
448 7 198 15 1605 1
449 13 198 15 1605 1
450 21 200 14 1688 1
451 25 202 12 1508 1
452 9 222 20 3293 1
453 5 209 22 5195 1
454 26 210 11 2137 1
455 15 216 9 1670 1
456 34 199 6 1179 1
457 67 199 6 1179 1
458 23 213 16 4796 1
459 6 224 19 5657 1
460 11 224 19 5657 1
461 9 216 11 2793 1
462 17 216 11 2793 1
463 25 216 11 2793 1
464 48 212 4 1062 1
465 95 212 4 1062 1
466 12 220 15 3540 1
467 30 198 17 2478 1
468 59 198 17 2478 1
469 3 209 11 1345 1
470 5 209 11 1345 1
471 7 201 13 1514 1
472 8 213 17 3115 1
473 15 213 17 3115 1
474 25 202 9 1564 1
475 30 222 16 1782 1
476 9 208 17 2283 1
477 17 208 17 2283 1
478 9 217 7 1814 1
479 2 220 12 2861 1
480 28 226 5 855 1
481 55 226 5 855 1
482 8 213 19 3351 1
483 31 222 17 3994 1
484 25 211 14 1900 1
485 49 211 14 1900 1
486 9 211 13 2019 1
487 25 211 19 5006 1
488 49 211 19 5006 1
489 26 226 13 3652 1
490 25 210 16 4217 1
491 30 224 8 1774 1
492 8 223 15 2287 1
493 15 223 15 2287 1
494 22 223 15 2287 1
495 6 224 8 1136 1
496 10 212 13 1441 1
497 19 212 13 1441 1
498 33 198 12 2049 1
499 8 198 16 2424 1
500 320 222 12 3130 1
501 8 211 18 3683 1
502 15 224 16 3735 1
503 12 202 15 1729 1
504 46 211 16 4556 1
505 15 201 12 1791 1
506 22 198 14 3187 1
507 43 198 14 3187 1
508 15 223 13 2319 1
509 12 222 17 5398 1
510 27 216 30 5629 1
511 65 222 25 5338 1
512 9 213 20 4683 1
513 17 213 20 4683 1
514 25 213 20 4683 1
515 20 209 10 1377 1
516 7 226 15 1966 1
517 13 226 15 1966 1
518 19 226 15 1966 1
519 12 209 19 2604 1
520 13 212 13 3472 1
521 39 202 15 2087 1
522 2 220 12 1420 1
523 2 200 15 3399 1
524 3 200 15 3399 1
525 30 209 15 1616 1
526 8 223 10 1267 1
527 15 223 10 1267 1
528 22 223 10 1267 1
529 27 222 12 2476 1
530 53 222 12 2476 1
531 11 222 15 2758 1
532 7 216 15 4601 1
533 13 216 15 4601 1
534 23 220 6 1261 1
535 2 202 17 3133 1
536 3 208 8 2064 1
537 5 208 8 2064 1
538 4 217 15 3943 1
539 7 217 15 3943 1
540 10 217 15 3943 1
541 13 217 15 3943 1
542 59 212 15 1755 1
543 3 211 14 2205 1
544 10 222 14 3169 1
545 2 222 15 4040 1
546 3 222 15 4040 1
547 15 217 11 1662 1
548 15 216 2 483 1
549 29 216 2 483 1
550 16 201 11 2035 1
551 30 202 16 3934 1
552 59 202 16 3934 1
553 25 208 16 2071 1
554 49 208 16 2071 1
555 56 211 12 3548 1
556 14 209 27 8423 1
557 6 222 14 3538 1
558 11 222 14 3538 1
559 12 212 19 5831 1
560 15 224 9 2197 1
561 30 222 21 5982 1
562 23 263 8 1857 1
563 59 236 11 2654 1
564 9 247 17 3317 1
565 17 247 17 3317 1
566 25 247 17 3317 1
567 10 232 17 5263 1
568 8 260 20 6221 1
569 23 241 13 3647 1
570 27 260 12 3412 1
571 62 250 16 5179 1
572 19 260 16 6165 1
573 37 260 16 6165 1
574 55 260 16 6165 1
575 16 255 11 3810 1
576 5 260 15 2178 1
577 30 252 18 3783 1
578 59 252 18 3783 1
579 7 239 10 3337 1
580 25 231 11 3470 1
581 15 229 19 4837 1
582 4 262 27 8148 1
583 5 228 11 2440 1
584 9 228 11 2440 1
585 18 245 22 3293 1
586 72 250 18 6578 1
587 21 262 12 3580 1
588 41 262 12 3580 1
589 24 261 20 2763 1
590 47 261 20 2763 1
591 2 232 5 1661 1
592 7 263 16 5615 1
593 29 262 21 5801 1
594 25 250 13 4671 1
595 2 227 5 1511 1
596 29 240 15 4491 1
597 27 242 15 3293 1
598 53 242 15 3293 1
599 35 255 21 3385 1
600 2 239 16 4261 1
601 35 231 13 2208 1
602 20 227 4 1002 1
603 36 232 12 2275 1
604 31 256 15 4824 1
605 15 242 13 3169 1
606 5 245 15 2537 1
607 9 245 15 2537 1
608 25 228 12 3282 1
609 49 228 12 3282 1
610 30 227 9 2258 1
611 27 255 27 6797 1
612 53 255 27 6797 1
613 5 252 15 2211 1
614 80 261 13 4051 1
615 6 239 13 4281 1
616 56 261 14 3374 1
617 2 259 19 5779 1
618 3 259 19 5779 1
619 4 259 19 5779 1
620 50 240 7 2074 1
621 22 241 20 5801 1
622 29 236 13 3649 1
623 3 262 27 10275 1
624 5 262 27 10275 1
625 51 260 25 6619 1
626 101 260 25 6619 1
627 151 260 25 6619 1
628 27 250 16 2292 1
629 16 228 18 4552 1
630 3 261 13 2260 1
631 17 252 14 3103 1
632 27 239 17 5322 1
633 53 239 17 5322 1
634 79 239 17 5322 1
635 105 239 17 5322 1
636 18 237 5 712 1
637 4 252 13 4657 1
638 34 237 21 3013 1
639 67 237 21 3013 1
640 21 236 11 3544 1
641 41 236 11 3544 1
642 59 235 10 3383 1
643 32 232 9 2262 1
644 63 232 9 2262 1
645 4 247 17 6258 1
646 20 241 9 2676 1
647 39 241 9 2676 1
648 9 240 20 3300 1
649 45 252 11 3205 1
650 33 235 23 6881 1
651 30 256 5 1669 1
652 6 235 15 4531 1
653 11 235 15 4531 1
654 24 239 24 4345 1
655 47 239 24 4345 1
656 2 259 22 6585 1
657 3 242 11 2912 1
658 15 247 20 4893 1
659 25 235 15 4301 1
660 36 241 15 5215 1
661 24 252 16 4243 1
662 3 261 20 5023 1
663 7 229 16 4611 1
664 71 232 11 2486 1
665 29 242 17 2526 1
666 57 242 17 2526 1
667 21 260 17 3980 1
668 5 235 12 3151 1
669 25 237 18 3587 1
670 22 263 13 2843 1
671 43 263 13 2843 1
672 93 242 11 3306 1
673 76 231 18 4368 1
674 151 231 18 4368 1
675 7 235 14 3898 1
676 5 247 15 4028 1
677 43 260 21 4117 1
678 19 255 7 1371 1
679 37 255 7 1371 1
680 19 260 15 2604 1
681 32 255 16 5536 1
682 63 255 16 5536 1
683 26 256 16 3669 1
684 92 296 30 12197 1
685 24 268 13 2568 1
686 69 301 17 3119 1
687 137 301 17 3119 1
688 205 301 17 3119 1
689 23 272 19 6516 1
690 25 264 18 6620 1
691 21 280 10 1690 1
692 43 277 19 3495 1
693 36 281 16 5980 1
694 32 267 7 2499 1
695 63 267 7 2499 1
696 55 264 7 1730 1
697 20 290 14 4534 1
698 18 295 18 7417 1
699 35 295 18 7417 1
700 52 295 18 7417 1
701 21 300 5 1169 1
702 19 269 18 6455 1
703 37 269 18 6455 1
704 17 290 17 2608 1
705 17 265 16 3504 1
706 33 265 16 3504 1
707 49 265 16 3504 1
708 25 269 17 5082 1
709 49 269 17 5082 1
710 14 301 18 5136 1
711 27 301 18 5136 1
712 11 269 9 3162 1
713 21 269 9 3162 1
714 25 285 18 5747 1
715 22 264 11 2596 1
716 70 294 21 8686 1
717 9 265 1 203 1
718 17 265 1 203 1
719 30 290 13 3541 1
720 50 276 18 7350 1
721 4 276 13 4050 1
722 13 300 15 4795 1
723 60 271 15 6015 1
724 25 281 16 2487 1
725 35 295 22 9374 1
726 80 300 15 3970 1
727 69 285 17 2910 1
728 4 294 10 3789 1
729 32 276 15 5569 1
730 16 278 16 3162 1
731 21 285 18 5749 1
732 41 285 18 5749 1
733 61 285 18 5749 1
734 7 296 10 4365 1
735 38 267 12 4191 1
736 6 285 27 8127 1
737 19 293 12 1886 1
738 37 293 12 1886 1
739 42 302 13 5006 1
740 83 302 13 5006 1
741 124 302 13 5006 1
742 58 266 22 3136 1
743 44 280 11 2202 1
744 21 267 3 1168 1
745 181 299 10 2587 1
746 1 293 12 3944 1
747 23 266 9 1823 1
748 2 266 17 3764 1
749 34 264 22 7692 1
750 39 296 21 5799 1
751 35 295 7 1278 1
752 20 299 18 3477 1
753 39 299 18 3477 1
754 155 265 18 3969 1
755 19 285 17 6911 1
756 81 281 19 3883 1
757 73 275 21 6582 1
758 21 294 21 6014 1
759 4 271 7 2127 1
760 7 271 7 2127 1
761 23 265 15 5329 1
762 5 264 17 4571 1
763 28 265 9 2951 1
764 24 283 15 5847 1
765 3 265 16 5311 1
766 21 276 14 4278 1
767 68 272 15 2668 1
768 26 264 7 1072 1
769 17 277 27 9582 1
770 33 268 17 4668 1
771 30 270 3 590 1
772 67 264 13 4266 1
773 133 264 13 4266 1
774 1 295 17 3295 1
775 76 275 13 5254 1
776 151 275 13 5254 1
777 18 271 11 3638 1
778 35 271 11 3638 1
779 33 279 15 4084 1
780 1 271 20 5066 1
781 5 272 16 3272 1
782 9 272 16 3272 1
783 5 290 12 2620 1
784 49 268 14 4001 1
785 68 302 19 3175 1
786 163 290 16 4367 1
787 1 290 22 3219 1
788 24 276 9 1918 1
789 26 271 19 3125 1
790 6 285 10 3066 1
791 48 281 20 6080 1
792 27 281 12 1771 1
793 22 294 24 10223 1
794 25 301 22 9157 1
795 9 280 14 1992 1
796 75 266 21 4533 1
797 26 280 18 5579 1
798 51 280 18 5579 1
799 76 280 18 5579 1
800 5 269 16 6375 1
801 27 285 27 5151 1
802 24 293 19 5382 1
803 22 296 21 9058 1
804 192 283 10 2501 1
805 35 277 21 6688 1
806 24 264 20 7733 1
807 4 278 16 5293 1
808 7 278 16 5293 1
809 26 281 5 1909 1
810 2 271 20 3150 1
811 3 271 20 3150 1
812 76 265 12 3281 1
813 42 276 8 3063 1
814 5 296 21 4626 1
815 9 296 21 4626 1
816 20 281 19 3017 1
817 39 281 19 3017 1
818 20 292 19 8010 1
819 75 269 5 1527 1
820 30 275 20 4031 1
821 41 300 18 2781 1
822 81 300 18 2781 1
823 25 267 13 2388 1
824 24 270 18 6268 1
825 23 265 21 4914 1
826 23 271 19 7254 1
827 7 271 29 7695 1
828 23 279 17 4988 1
829 66 264 23 3611 1
830 77 302 23 10149 1
831 18 292 16 6859 1
832 35 292 16 6859 1
833 52 292 16 6859 1
834 14 269 25 4150 1
835 27 269 25 4150 1
836 20 281 17 5206 1
837 28 280 8 2150 1
838 55 280 8 2150 1
839 82 280 8 2150 1
840 13 293 14 3969 1
841 55 264 10 3640 1
842 51 285 18 5521 1
843 76 277 16 2500 1
844 151 277 16 2500 1
845 5 275 11 3767 1
846 29 278 24 9374 1
847 23 272 22 8447 1
848 45 272 22 8447 1
849 24 301 29 6065 1
850 23 302 18 4133 1
851 29 272 10 3575 1
852 20 277 18 2999 1
853 18 269 12 4632 1
854 35 269 12 4632 1
855 99 278 18 3796 1
856 17 268 12 2724 1
857 2 292 29 10244 1
858 54 290 22 7674 1
859 2 272 11 2083 1
860 20 265 16 5958 1
861 21 296 26 4545 1
862 35 269 13 3231 1
863 27 334 16 2840 1
864 56 319 10 2812 1
865 28 321 10 4024 1
866 29 325 13 3137 1
867 22 338 12 5290 1
868 95 305 14 5716 1
869 18 332 20 4345 1
870 80 333 13 5433 1
871 29 305 19 6761 1
872 17 321 19 4939 1
873 30 305 19 8055 1
874 59 305 19 8055 1
875 29 304 25 10628 1
876 71 306 22 4983 1
877 23 318 21 3344 1
878 45 318 21 3344 1
879 67 318 21 3344 1
880 23 316 18 3744 1
881 20 337 11 2316 1
882 52 332 23 9205 1
883 59 316 12 3514 1
884 71 305 9 1762 1
885 22 334 19 4275 1
886 2 319 19 8449 1
887 51 336 13 4923 1
888 33 306 22 4732 1
889 27 335 14 6194 1
890 67 340 19 7717 1
891 22 333 24 7329 1
892 50 323 15 6563 1
893 63 332 23 4099 1
894 46 340 24 8043 1
895 44 305 13 5233 1
896 26 333 8 3093 1
897 38 336 18 3229 1
898 63 338 11 1901 1
899 69 319 25 11893 1
900 54 319 15 6203 1
901 54 339 17 3584 1
902 29 304 30 11554 1
903 57 304 30 11554 1
904 64 304 16 4617 1
905 28 336 13 2235 1
906 55 336 13 2235 1
907 22 302 21 4588 1
908 43 302 21 4588 1
909 64 302 21 4588 1
910 28 305 16 5440 1
911 24 319 13 4270 1
912 3 323 15 6608 1
913 52 325 12 4992 1
914 51 305 14 2608 1
915 54 334 21 9566 1
916 70 339 23 9161 1
917 73 318 14 4489 1
918 19 318 37 15562 1
919 26 321 16 7408 1
920 82 333 19 8461 1
921 163 333 19 8461 1
922 23 331 24 9443 1
923 36 334 25 7301 1
924 29 340 19 3235 1
925 26 336 20 8034 1
926 51 336 20 8034 1
927 64 325 26 9021 1
928 66 306 12 3765 1
929 131 306 12 3765 1
930 169 302 19 7056 1
931 22 306 14 5548 1
932 131 340 42 9704 1
933 22 337 21 7544 1
934 55 306 14 4506 1
935 67 332 8 1362 1
936 27 305 16 4435 1
937 22 339 10 1756 1
938 43 339 10 1756 1
939 52 304 19 8260 1
940 103 304 19 8260 1
941 77 339 15 6545 1
942 25 305 18 3452 1
943 52 334 12 2546 1
944 15 318 20 4651 1
945 2 304 23 10285 1
946 46 318 15 5644 1
947 33 334 19 3348 1
948 65 334 19 3348 1
949 23 335 8 3474 1
950 45 335 8 3474 1
951 2 335 19 7448 1
952 66 304 15 4666 1
953 32 337 18 8381 1
954 26 369 13 3516 1
955 46 348 16 3718 1
956 47 353 23 4920 1
957 25 348 25 6428 1
958 17 365 24 8137 1
959 20 398 26 13090 1
960 55 369 13 3729 1
961 19 347 25 9441 1
962 20 398 31 16147 1
963 46 396 10 2130 1
964 77 365 31 12175 1
965 25 353 30 8489 1
966 15 350 9 2587 1
967 54 398 33 12275 1
968 63 399 29 15711 1
969 125 399 29 15711 1
970 47 366 22 5633 1
971 46 347 28 11629 1
972 46 349 30 10331 1
973 71 398 27 13136 1
974 88 368 24 9079 1
975 51 396 22 5719 1
976 56 348 20 6299 1
977 25 398 22 11459 1
978 55 349 15 6421 1
979 31 350 19 3738 1
980 61 350 19 3738 1
981 91 350 19 3738 1
982 26 396 17 6336 1
983 47 350 29 13589 1
984 58 366 37 11349 1
985 115 366 37 11349 1
986 52 368 18 8398 1
987 56 364 29 6186 1
988 53 369 22 7508 1
989 52 349 21 10544 1
990 19 400 26 13942 1
991 61 366 20 6765 1
992 51 369 21 5488 1
993 66 399 19 4521 1
994 25 350 18 8001 1
995 20 396 36 18274 1
996 49 353 20 4372 1
997 56 349 30 14187 1
998 49 369 24 9480 1
999 60 365 30 12526 1
1000 61 368 36 8265 1
1001 55 365 27 8438 1
1002 52 347 23 9075 1
1003 52 364 15 8053 1
1004 30 364 31 15042 1
1005 47 353 19 4730 1
1006 24 347 26 12815 1
1007 56 351 35 12220 1
1008 51 353 18 4004 1
1009 98 396 22 5808 1
1010 54 366 23 5723 1
1011 58 364 11 4470 1
1012 115 364 11 4470 1
1013 79 350 19 5559 1
1014 45 398 30 7932 1
1015 96 368 9 3157 1
1016 28 400 28 16106 1
1017 86 396 29 7201 1
1018 171 396 29 7201 1
1019 87 353 19 9021 1
1020 41 347 26 8011 1
1021 25 396 28 15185 1
1022 22 347 14 4604 1
1023 103 399 14 7935 1
1024 25 365 27 11094 1
1025 87 396 15 5636 1
1026 61 366 33 6879 1
1027 78 367 9 3047 1
1028 155 367 9 3047 1
1029 27 353 19 9205 1
1030 55 351 25 4752 1
1031 51 400 20 5283 1
1032 57 369 17 4923 1
1033 25 369 23 6548 1
1034 22 369 12 4873 1
1035 43 369 12 4873 1
1036 24 398 25 9718 1
1037 55 347 26 8531 1
40
235 400 530 450 480 440 440 544 580 580 580 540 600 610 575 660 450 450 375 450 450 600 600 600 400 426 500 500 500 500 500 500 600 600 600 400 400 600 425 425 