1037
1 14 169 20 2534 1
2 9 175 20 3537 1
3 17 175 20 3537 1
4 8 175 11 1351 1
5 11 168 13 3050 1
6 16 130 13 1521 1
7 17 154 17 1539 1
8 19 189 12 2274 1
9 5 174 22 5234 1
10 16 125 8 539 1
11 8 131 11 1283 1
12 15 122 8 985 1
13 29 122 8 985 1
14 43 122 8 985 1
15 57 122 8 985 1
16 71 122 8 985 1
17 85 122 8 985 1
18 1 121 17 1168 1
19 8 167 8 1336 1
20 15 113 12 1698 1
21 10 174 16 2694 1
22 19 174 16 2694 1
23 28 174 16 2694 1
24 15 180 30 6349 1
25 19 140 17 2817 1
26 5 121 9 767 1
27 9 121 9 767 1
28 13 121 9 767 1
29 17 121 9 767 1
30 21 121 9 767 1
31 25 121 9 767 1
32 29 121 9 767 1
33 25 163 5 580 1
34 17 137 14 1312 1
35 10 135 15 1283 1
36 19 135 15 1283 1
37 28 135 15 1283 1
38 37 135 15 1283 1
39 9 183 9 1890 1
40 17 183 9 1890 1
41 25 183 9 1890 1
42 33 183 9 1890 1
43 41 183 9 1890 1
44 12 163 15 1356 1
45 13 113 2 234 1
46 8 180 26 5650 1
47 12 169 7 845 1
48 23 169 7 845 1
49 34 169 7 845 1
50 45 169 7 845 1
51 56 169 7 845 1
52 67 169 7 845 1
53 78 169 7 845 1
54 89 169 7 845 1
55 3 147 19 2486 1
56 7 91 13 1654 1
57 15 162 28 2315 1
58 15 144 9 1220 1
59 25 147 17 1863 1
60 15 171 17 2619 1
61 1 163 11 1879 1
62 25 165 16 3456 1
63 6 101 5 683 1
64 11 101 5 683 1
65 12 149 14 1923 1
66 23 167 22 2038 1
67 8 150 13 1452 1
68 15 150 13 1452 1
69 22 150 13 1452 1
70 29 150 13 1452 1
71 36 150 13 1452 1
72 17 125 10 871 1
73 8 140 11 973 1
74 11 91 18 2313 1
75 5 87 12 720 1
76 9 87 12 720 1
77 9 181 12 1212 1
78 17 181 12 1212 1
79 16 178 11 1380 1
80 24 171 9 1701 1
81 47 171 9 1701 1
82 70 171 9 1701 1
83 4 167 14 1792 1
84 7 167 14 1792 1
85 5 188 25 6645 1
86 21 171 14 2320 1
87 41 171 14 2320 1
88 61 171 14 2320 1
89 81 171 14 2320 1
90 16 154 9 1833 1
91 31 154 9 1833 1
92 28 175 21 5386 1
93 38 181 28 4600 1
94 6 148 26 2776 1
95 18 171 29 5038 1
96 14 116 11 1568 1
97 2 155 13 1221 1
98 16 150 10 997 1
99 18 101 7 881 1
100 2 101 15 2057 1
101 15 131 5 377 1
102 29 131 5 377 1
103 8 177 20 3163 1
104 6 125 11 946 1
105 11 125 11 946 1
106 16 125 11 946 1
107 15 135 10 1048 1
108 15 168 19 3033 1
109 1 120 16 1612 1
110 29 116 10 940 1
111 9 134 21 4043 1
112 15 141 19 2165 1
113 9 191 10 965 1
114 17 191 10 965 1
115 15 122 13 1875 1
116 19 101 12 1642 1
117 3 174 4 589 1
118 5 174 4 589 1
119 5 165 7 730 1
120 9 165 7 730 1
121 13 165 7 730 1
122 17 165 7 730 1
123 21 165 7 730 1
124 25 165 7 730 1
125 5 130 20 1367 1
126 9 130 20 1367 1
127 13 130 20 1367 1
128 10 176 15 2086 1
129 12 165 38 4348 1
130 9 187 18 2044 1
131 6 113 10 794 1
132 11 113 10 794 1
133 9 158 5 577 1
134 32 162 22 3445 1
135 16 160 13 2190 1
136 26 188 24 3455 1
137 2 152 13 1336 1
138 10 166 19 4476 1
139 19 166 19 4476 1
140 28 166 19 4476 1
141 37 166 19 4476 1
142 46 166 19 4476 1
143 55 166 19 4476 1
144 64 166 19 4476 1
145 25 155 4 324 1
146 49 155 4 324 1
147 11 191 19 4313 1
148 4 159 15 2298 1
149 8 169 19 3828 1
150 16 191 13 3563 1
151 15 155 13 1519 1
152 16 91 11 829 1
153 114 176 20 3573 1
154 8 191 12 3321 1
155 2 112 12 984 1
156 7 191 30 6773 1
157 22 147 12 1969 1
158 7 191 10 2219 1
159 15 162 16 3129 1
160 19 187 35 4145 1
161 6 130 10 1682 1
162 11 130 10 1682 1
163 15 101 11 1481 1
164 9 140 18 3406 1
165 14 176 14 2466 1
166 3 158 11 963 1
167 7 146 19 2862 1
168 16 125 11 1837 1
169 16 133 16 1469 1
170 7 178 17 4081 1
171 4 169 20 4047 1
172 21 122 12 1880 1
173 41 122 12 1880 1
174 7 120 20 2194 1
175 13 120 20 2194 1
176 8 162 24 5133 1
177 21 160 12 2107 1
178 9 160 7 916 1
179 17 160 7 916 1
180 25 160 7 916 1
181 22 159 11 988 1
182 12 175 12 1119 1
183 23 175 12 1119 1
184 34 175 12 1119 1
185 12 159 23 5479 1
186 77 120 16 1917 1
187 49 158 5 593 1
188 16 185 1 190 1
189 5 131 20 2657 1
190 9 131 20 2657 1
191 18 182 12 1341 1
192 6 173 17 1632 1
193 11 173 17 1632 1
194 3 112 8 1247 1
195 7 184 14 2581 1
196 13 184 14 2581 1
197 19 184 14 2581 1
198 25 184 14 2581 1
199 15 175 17 3325 1
200 8 148 16 3216 1
201 8 150 22 2019 1
202 18 159 4 874 1
203 35 159 4 874 1
204 52 159 4 874 1
205 3 150 27 4166 1
206 11 163 13 1379 1
207 21 163 13 1379 1
208 31 163 13 1379 1
209 3 150 13 2751 1
210 7 91 10 1240 1
211 13 91 10 1240 1
212 19 91 10 1240 1
213 25 91 10 1240 1
214 31 91 10 1240 1
215 37 91 10 1240 1
216 43 91 10 1240 1
217 49 91 10 1240 1
218 9 175 18 3503 1
219 17 175 18 3503 1
220 9 158 17 3097 1
221 17 158 17 3097 1
222 25 158 17 3097 1
223 7 112 10 774 1
224 21 159 17 1821 1
225 41 159 17 1821 1
226 3 166 17 3231 1
227 19 150 24 2091 1
228 16 167 15 1707 1
229 1 112 8 1107 1
230 16 168 30 5080 1
231 9 158 9 1411 1
232 11 137 10 1967 1
233 10 150 18 2066 1
234 6 167 14 3470 1
235 11 167 14 3470 1
236 16 167 14 3470 1
237 7 184 20 3303 1
238 7 135 14 1104 1
239 5 184 31 7973 1
240 9 184 31 7973 1
241 16 160 11 2364 1
242 8 168 22 3103 1
243 16 181 22 5216 1
244 31 181 22 5216 1
245 21 145 5 638 1
246 12 166 18 3274 1
247 6 184 12 1320 1
248 19 178 23 2697 1
249 19 143 16 3348 1
250 5 158 11 1163 1
251 9 158 11 1163 1
252 9 176 2 460 1
253 4 182 7 837 1
254 8 126 10 876 1
255 15 187 7 1500 1
256 8 157 22 3779 1
257 16 187 26 6041 1
258 15 137 14 2524 1
259 8 87 13 935 1
260 15 87 13 935 1
261 22 87 13 935 1
262 29 87 13 935 1
263 36 87 13 935 1
264 13 121 19 1507 1
265 25 121 19 1507 1
266 37 121 19 1507 1
267 10 135 19 2972 1
268 8 169 13 2383 1
269 7 185 14 3479 1
270 15 160 16 1962 1
271 5 121 16 1244 1
272 9 121 16 1244 1
273 9 171 9 1424 1
274 4 162 14 2167 1
275 13 101 15 1306 1
276 25 101 15 1306 1
277 37 101 15 1306 1
278 40 122 9 1207 1
279 11 91 10 1288 1
280 21 91 10 1288 1
281 31 91 10 1288 1
282 24 174 20 2339 1
283 47 174 20 2339 1
284 4 187 19 4666 1
285 3 178 31 5390 1
286 5 178 31 5390 1
287 7 178 31 5390 1
288 9 178 31 5390 1
289 11 178 31 5390 1
290 13 178 31 5390 1
291 15 178 31 5390 1
292 17 178 31 5390 1
293 19 178 31 5390 1
294 21 178 31 5390 1
295 23 178 31 5390 1
296 15 184 32 6677 1
297 14 158 10 1923 1
298 22 126 13 1814 1
299 16 133 7 886 1
300 31 133 7 886 1
301 16 131 15 2041 1
302 22 173 16 2187 1
303 6 131 18 2789 1
304 11 131 18 2789 1
305 16 145 12 1313 1
306 20 130 13 2522 1
307 15 171 26 4206 1
308 11 140 25 3013 1
309 21 140 25 3013 1
310 16 137 17 1178 1
311 10 112 9 625 1
312 16 166 16 3906 1
313 6 122 19 3029 1
314 9 149 13 1255 1
315 17 149 13 1255 1
316 6 125 2 316 1
317 11 158 27 5654 1
318 21 158 27 5654 1
319 31 158 27 5654 1
320 20 125 11 1264 1
321 6 167 21 2651 1
322 11 167 21 2651 1
323 7 189 22 5277 1
324 13 189 22 5277 1
325 19 189 22 5277 1
326 25 189 22 5277 1
327 31 189 22 5277 1
328 37 189 22 5277 1
329 43 189 22 5277 1
330 49 189 22 5277 1
331 4 126 1 186 1
332 7 126 1 186 1
333 10 126 1 186 1
334 17 112 13 1060 1
335 33 112 13 1060 1
336 49 112 13 1060 1
337 65 112 13 1060 1
338 81 112 13 1060 1
339 5 176 14 3152 1
340 5 113 7 1149 1
341 15 182 32 6310 1
342 29 182 32 6310 1
343 43 182 32 6310 1
344 57 182 32 6310 1
345 61 141 17 3142 1
346 5 121 10 1263 1
347 9 121 10 1263 1
348 5 167 9 2250 1
349 15 144 19 3127 1
350 20 145 15 3125 1
351 10 158 18 2428 1
352 19 158 18 2428 1
353 28 158 18 2428 1
354 37 158 18 2428 1
355 46 158 18 2428 1
356 17 130 8 587 1
357 3 148 29 2649 1
358 17 112 5 791 1
359 16 187 30 7440 1
360 2 181 19 2261 1
361 3 181 19 2261 1
362 7 158 12 1344 1
363 13 158 12 1344 1
364 7 116 14 1425 1
365 13 116 14 1425 1
366 38 112 5 456 1
367 16 160 17 1791 1
368 1 188 16 2250 1
369 1 188 16 2250 1
370 1 188 16 2250 1
371 1 188 16 2250 1
372 1 188 16 2250 1
373 1 188 16 2250 1
374 17 140 16 3123 1
375 12 166 15 3699 1
376 23 166 15 3699 1
377 11 134 13 1212 1
378 11 175 37 8850 1
379 21 175 37 8850 1
380 25 188 7 1175 1
381 49 188 7 1175 1
382 14 130 14 2333 1
383 7 172 2 208 1
384 2 165 26 6342 1
385 3 165 26 6342 1
386 22 185 19 3757 1
387 16 171 22 1902 1
388 16 173 10 1472 1
389 16 141 11 795 1
390 13 187 13 1552 1
391 17 159 29 2931 1
392 10 141 13 2367 1
393 80 187 21 5290 1
394 1 182 11 2456 1
395 11 130 11 1727 1
396 21 130 11 1727 1
397 15 113 10 1038 1
398 15 163 11 1739 1
399 29 163 11 1739 1
400 9 189 13 1483 1
401 17 189 13 1483 1
402 25 189 13 1483 1
403 33 189 13 1483 1
404 18 176 12 2069 1
405 6 137 12 912 1
406 11 137 12 912 1
407 16 137 12 912 1
408 8 196 15 1673 1
409 2 193 16 4427 1
410 13 195 8 1056 1
411 8 194 7 729 1
412 15 194 7 729 1
413 9 197 16 4127 1
414 17 197 16 4127 1
415 9 197 13 2970 1
416 8 197 17 4942 1
417 45 197 23 3388 1
418 15 196 16 3340 1
419 9 194 24 2658 1
420 17 194 24 2658 1
421 8 194 27 7751 1
422 15 194 27 7751 1
423 14 194 24 4609 1
424 2 194 15 2858 1
425 8 194 17 2993 1
426 15 194 17 2993 1
427 22 194 17 2993 1
428 3 193 20 2082 1
429 2 195 14 3381 1
430 8 193 10 1831 1
431 29 193 16 3560 1
432 8 195 18 3237 1
433 15 195 18 3237 1
434 18 193 14 2807 1
435 15 193 17 2933 1
436 9 196 11 2278 1
437 21 223 11 2644 1
438 41 223 11 2644 1
439 47 220 16 2136 1
440 93 220 16 2136 1
441 10 222 19 2247 1
442 4 221 17 1990 1
443 7 221 17 1990 1
444 42 198 8 828 1
445 9 209 11 2157 1
446 28 200 12 2581 1
447 32 198 16 2783 1
448 8 224 15 3451 1
449 7 199 15 2945 1
450 13 199 15 2945 1
451 3 220 23 5316 1
452 3 199 7 863 1
453 3 221 14 2347 1
454 28 210 18 4759 1
455 3 217 16 2096 1
456 25 210 11 1346 1
457 13 198 9 1412 1
458 2 212 15 2208 1
459 32 220 13 2413 1
460 57 209 14 2217 1
461 7 208 6 961 1
462 15 198 13 1530 1
463 10 199 11 2187 1
464 9 213 14 3903 1
465 7 208 16 4261 1
466 6 223 15 4514 1
467 7 200 9 1440 1
468 15 226 12 3735 1
469 37 199 9 1779 1
470 6 200 6 971 1
471 32 211 19 5066 1
472 63 211 19 5066 1
473 32 200 10 2861 1
474 2 210 19 3959 1
475 6 200 13 2760 1
476 26 211 14 1692 1
477 69 210 6 1638 1
478 24 213 23 4589 1
479 26 221 9 2265 1
480 16 210 7 755 1
481 28 222 15 2683 1
482 55 222 15 2683 1
483 82 222 15 2683 1
484 16 209 8 1190 1
485 28 223 18 3115 1
486 55 223 18 3115 1
487 10 198 16 2882 1
488 5 220 15 2478 1
489 10 226 8 1551 1
490 19 226 8 1551 1
491 28 200 9 2412 1
492 11 211 17 5213 1
493 3 221 10 3170 1
494 43 226 19 2195 1
495 50 216 3 551 1
496 51 217 15 2163 1
497 9 212 17 3990 1
498 8 220 29 7355 1
499 23 210 9 2628 1
500 6 212 13 2580 1
501 9 222 12 3682 1
502 49 221 17 5369 1
503 97 221 17 5369 1
504 2 216 16 2140 1
505 8 209 13 2654 1
506 51 222 11 2477 1
507 101 222 11 2477 1
508 30 210 15 3659 1
509 59 210 15 3659 1
510 88 210 15 3659 1
511 8 216 18 4227 1
512 6 226 20 5356 1
513 24 212 17 3034 1
514 29 200 15 1894 1
515 26 211 22 3508 1
516 29 226 16 4494 1
517 22 198 10 2195 1
518 2 209 16 1827 1
519 59 213 17 3262 1
520 6 220 11 2774 1
521 37 200 23 5245 1
522 36 199 23 5237 1
523 12 201 17 4642 1
524 46 200 32 4524 1
525 23 209 11 2006 1
526 15 216 10 2131 1
527 29 216 10 2131 1
528 3 222 18 4023 1
529 39 209 3 469 1
530 30 211 14 2832 1
531 58 224 10 3013 1
532 2 217 19 2204 1
533 26 213 14 2966 1
534 57 221 15 2774 1
535 10 200 5 1476 1
536 15 223 25 5149 1
537 29 209 12 1354 1
538 9 209 14 3273 1
539 17 209 14 3273 1
540 31 201 17 4584 1
541 53 221 15 2296 1
542 15 211 25 7867 1
543 15 224 18 5379 1
544 9 217 14 3663 1
545 18 223 21 2794 1
546 35 223 21 2794 1
547 52 223 21 2794 1
548 69 223 21 2794 1
549 15 223 19 6010 1
550 22 217 14 3952 1
551 24 221 15 4543 1
552 47 221 15 4543 1
553 15 211 8 1357 1
554 8 224 12 2819 1
555 2 210 15 2711 1
556 9 208 14 3413 1
557 12 200 16 2532 1
558 3 216 12 3461 1
559 39 208 17 2431 1
560 2 223 12 3216 1
561 7 209 16 1676 1
562 16 252 14 2986 1
563 3 237 13 1830 1
564 37 263 27 7638 1
565 73 263 27 7638 1
566 30 229 15 4266 1
567 30 260 21 7277 1
568 25 236 9 2308 1
569 5 242 25 8161 1
570 72 235 20 3522 1
571 143 235 20 3522 1
572 36 229 18 3250 1
573 11 255 10 3393 1
574 21 255 10 3393 1
575 30 229 11 2010 1
576 23 227 11 2243 1
577 29 260 29 10513 1
578 32 250 12 2303 1
579 9 241 7 1216 1
580 17 241 7 1216 1
581 25 241 7 1216 1
582 23 236 19 3487 1
583 45 236 19 3487 1
584 67 236 19 3487 1
585 89 236 19 3487 1
586 9 247 16 3609 1
587 31 227 14 3872 1
588 5 250 7 1520 1
589 56 235 13 3503 1
590 24 247 16 4603 1
591 52 227 12 2764 1
592 3 262 17 5908 1
593 5 262 17 5908 1
594 7 262 17 5908 1
595 21 241 7 1024 1
596 25 227 23 4833 1
597 49 227 23 4833 1
598 19 245 9 3199 1
599 14 261 22 5363 1
600 76 262 16 2325 1
601 13 241 27 5882 1
602 24 231 6 771 1
603 47 231 6 771 1
604 70 231 6 771 1
605 28 232 20 3185 1
606 35 229 1 334 1
607 30 247 24 7249 1
608 29 235 18 5882 1
609 57 235 18 5882 1
610 50 250 18 5604 1
611 7 231 14 4309 1
612 7 228 14 4081 1
613 22 240 10 1478 1
614 10 260 19 3334 1
615 29 261 19 7063 1
616 16 260 20 7604 1
617 23 247 6 2005 1
618 30 237 21 6401 1
619 22 255 11 2073 1
620 75 263 8 1759 1
621 23 227 16 2142 1
622 66 232 8 2597 1
623 49 237 16 2345 1
624 97 237 16 2345 1
625 29 250 15 1893 1
626 33 262 19 2654 1
627 52 242 8 1342 1
628 37 261 22 7145 1
629 28 260 18 6996 1
630 4 231 6 1137 1
631 39 232 11 2858 1
632 3 245 21 5653 1
633 30 261 14 4535 1
634 22 256 11 4094 1
635 30 241 19 3575 1
636 6 241 15 3511 1
637 26 235 15 3250 1
638 51 235 15 3250 1
639 76 235 15 3250 1
640 101 235 15 3250 1
641 11 227 19 4799 1
642 26 260 8 1299 1
643 22 250 23 3278 1
644 24 241 16 2029 1
645 5 263 15 5797 1
646 9 263 15 5797 1
647 13 263 15 5797 1
648 22 260 4 634 1
649 21 247 11 3103 1
650 41 247 11 3103 1
651 67 245 15 3964 1
652 41 239 9 3209 1
653 32 240 12 3592 1
654 63 240 12 3592 1
655 94 240 12 3592 1
656 20 263 6 869 1
657 30 242 15 4701 1
658 51 228 8 2268 1
659 24 247 5 1141 1
660 47 247 5 1141 1
661 6 261 13 3771 1
662 5 228 13 2620 1
663 9 228 13 2620 1
664 13 228 13 2620 1
665 6 237 4 1358 1
666 28 239 12 1504 1
667 8 242 11 3522 1
668 49 237 12 4185 1
669 27 235 20 4738 1
670 159 231 11 2608 1
671 23 252 23 5577 1
672 38 255 14 3038 1
673 26 255 16 5258 1
674 9 250 22 4261 1
675 28 235 17 2736 1
676 3 261 18 6076 1
677 8 261 21 3129 1
678 15 261 21 3129 1
679 6 227 11 3545 1
680 23 228 10 1904 1
681 39 259 13 4038 1
682 77 259 13 4038 1
683 10 227 16 2138 1
684 60 268 15 5522 1
685 91 269 19 5604 1
686 181 269 19 5604 1
687 39 272 13 4695 1
688 15 269 14 4721 1
689 29 269 14 4721 1
690 43 269 14 4721 1
691 57 269 14 4721 1
692 20 275 6 1678 1
693 23 293 12 2767 1
694 24 301 5 1667 1
695 47 301 5 1667 1
696 70 290 17 6148 1
697 7 267 12 1874 1
698 21 281 17 6121 1
699 71 265 23 3827 1
700 40 276 21 2941 1
701 20 277 18 6014 1
702 23 300 11 3377 1
703 69 267 7 1711 1
704 60 276 8 1827 1
705 24 280 13 3797 1
706 35 292 18 4109 1
707 69 292 18 4109 1
708 27 292 14 2206 1
709 4 269 14 3518 1
710 2 266 18 4898 1
711 3 266 18 4898 1
712 4 266 18 4898 1
713 4 293 7 1337 1
714 66 279 19 3892 1
715 131 279 19 3892 1
716 23 266 19 4269 1
717 34 278 17 5875 1
718 67 278 17 5875 1
719 18 266 12 4029 1
720 20 270 6 1634 1
721 27 290 18 3078 1
722 20 277 20 6372 1
723 6 301 12 3261 1
724 21 277 25 3572 1
725 23 293 15 4047 1
726 23 275 20 4455 1
727 25 293 10 1560 1
728 2 280 25 7912 1
729 3 280 25 7912 1
730 4 301 7 2595 1
731 16 267 16 3972 1
732 31 267 16 3972 1
733 46 267 16 3972 1
734 24 270 17 5875 1
735 47 270 17 5875 1
736 25 281 20 3470 1
737 66 276 30 10227 1
738 50 301 15 6206 1
739 15 276 20 4840 1
740 29 276 20 4840 1
741 8 299 11 2039 1
742 15 299 11 2039 1
743 73 301 17 3175 1
744 24 300 14 2462 1
745 47 300 14 2462 1
746 23 276 16 5191 1
747 24 296 13 3635 1
748 11 266 19 3439 1
749 23 265 16 5875 1
750 45 265 16 5875 1
751 67 265 16 5875 1
752 43 275 10 2617 1
753 3 271 4 1345 1
754 2 265 13 3456 1
755 87 270 19 6449 1
756 69 264 20 3121 1
757 17 278 26 9992 1
758 33 278 26 9992 1
759 49 278 26 9992 1
760 65 278 26 9992 1
761 12 280 19 5177 1
762 22 275 21 4554 1
763 42 270 8 1879 1
764 23 295 14 4111 1
765 4 295 16 5903 1
766 5 292 16 6230 1
767 18 299 12 4368 1
768 31 296 23 6902 1
769 61 296 23 6902 1
770 66 281 19 4417 1
771 22 290 14 5710 1
772 43 290 14 5710 1
773 4 281 13 3744 1
774 26 276 18 7232 1
775 51 276 18 7232 1
776 20 272 20 6317 1
777 39 272 20 6317 1
778 58 272 20 6317 1
779 24 283 14 4851 1
780 47 283 14 4851 1
781 20 267 21 3017 1
782 5 269 35 8050 1
783 17 270 16 2823 1
784 33 270 16 2823 1
785 45 272 20 7131 1
786 82 295 17 5422 1
787 163 295 17 5422 1
788 28 294 18 4517 1
789 68 283 19 5796 1
790 21 296 20 7097 1
791 41 296 20 7097 1
792 5 276 16 4177 1
793 19 268 8 1582 1
794 37 268 8 1582 1
795 28 276 14 5178 1
796 55 276 14 5178 1
797 25 267 14 4870 1
798 49 267 14 4870 1
799 18 292 21 5826 1
800 22 281 19 7663 1
801 85 283 25 6766 1
802 1 269 16 2739 1
803 24 283 6 2200 1
804 47 283 6 2200 1
805 38 268 16 2959 1
806 21 296 14 5185 1
807 3 267 16 3515 1
808 41 295 21 5825 1
809 32 264 22 8234 1
810 18 270 8 2510 1
811 35 270 8 2510 1
812 22 268 21 7157 1
813 21 268 21 6828 1
814 42 279 21 6172 1
815 21 296 16 3559 1
816 41 296 16 3559 1
817 4 280 17 3038 1
818 7 280 17 3038 1
819 25 269 22 7332 1
820 30 290 25 6477 1
821 59 290 25 6477 1
822 17 277 13 2836 1
823 25 281 27 4884 1
824 22 270 15 5259 1
825 23 276 17 6521 1
826 2 292 22 6987 1
827 3 292 22 6987 1
828 24 302 18 6640 1
829 22 300 15 5316 1
830 43 300 15 5316 1
831 64 300 15 5316 1
832 85 300 15 5316 1
833 74 301 20 7948 1
834 14 294 22 7508 1
835 27 294 22 7508 1
836 40 294 22 7508 1
837 19 295 19 3642 1
838 67 299 15 2433 1
839 22 280 16 3923 1
840 22 268 8 2920 1
841 25 296 13 3343 1
842 49 296 13 3343 1
843 4 272 11 1958 1
844 8 269 13 3484 1
845 34 266 11 2623 1
846 8 264 10 3715 1
847 37 278 12 2178 1
848 2 281 15 5006 1
849 19 300 18 4059 1
850 37 300 18 4059 1
851 55 300 18 4059 1
852 73 300 18 4059 1
853 91 300 18 4059 1
854 15 269 18 5566 1
855 15 295 6 1675 1
856 50 302 12 4594 1
857 5 272 19 5881 1
858 73 276 16 6485 1
859 7 271 15 2968 1
860 10 300 21 7311 1
861 19 300 21 7311 1
862 18 285 20 3662 1
863 131 337 18 3882 1
864 56 335 16 3975 1
865 36 304 18 5402 1
866 24 339 13 5597 1
867 26 319 27 5867 1
868 60 316 15 4355 1
869 25 304 15 5038 1
870 27 336 14 2897 1
871 55 331 20 3375 1
872 65 302 25 4094 1
873 47 304 10 3651 1
874 47 318 14 6035 1
875 25 325 17 4593 1
876 29 323 25 10672 1
877 26 304 18 5703 1
878 23 323 13 5294 1
879 45 323 13 5294 1
880 15 306 17 6942 1
881 66 333 14 2595 1
882 19 333 15 5792 1
883 15 334 18 8454 1
884 70 339 19 6120 1
885 139 339 19 6120 1
886 48 305 11 4634 1
887 3 333 22 10410 1
888 23 306 22 6300 1
889 13 318 23 10508 1
890 52 337 12 5215 1
891 65 323 24 11371 1
892 15 319 12 2459 1
893 29 305 15 4213 1
894 57 305 15 4213 1
895 23 329 11 4541 1
896 58 329 14 6120 1
897 19 325 18 4799 1
898 72 334 18 5553 1
899 143 334 18 5553 1
900 30 340 18 8367 1
901 59 340 18 8367 1
902 3 304 16 4246 1
903 49 306 12 5192 1
904 97 306 12 5192 1
905 66 333 13 4313 1
906 131 333 13 4313 1
907 25 325 46 14073 1
908 26 304 26 5175 1
909 22 338 9 3821 1
910 35 316 13 3575 1
911 58 337 15 6104 1
912 115 337 15 6104 1
913 56 335 26 7833 1
914 21 304 28 8511 1
915 37 332 11 4431 1
916 54 316 11 2801 1
917 19 339 23 10981 1
918 37 339 23 10981 1
919 55 339 23 10981 1
920 18 340 18 6407 1
921 67 332 14 6763 1
922 24 304 18 6344 1
923 47 304 18 6344 1
924 25 316 10 4455 1
925 104 340 17 5802 1
926 117 339 21 9743 1
927 85 306 17 6721 1
928 23 336 26 5761 1
929 28 339 26 12317 1
930 25 334 19 6991 1
931 115 339 13 3854 1
932 28 333 21 9238 1
933 68 332 17 4755 1
934 2 333 15 5542 1
935 13 337 26 9930 1
936 53 337 26 4946 1
937 27 339 23 11651 1
938 53 339 23 11651 1
939 79 339 23 11651 1
940 105 339 23 11651 1
941 131 339 23 11651 1
942 23 305 10 4560 1
943 34 302 18 4792 1
944 52 306 12 4791 1
945 59 305 10 2077 1
946 55 318 12 2019 1
947 69 325 17 6009 1
948 27 329 18 4436 1
949 64 325 11 5132 1
950 26 340 12 2365 1
951 75 329 16 3198 1
952 66 321 19 7349 1
953 28 306 13 2013 1
954 19 364 23 4759 1
955 77 350 28 12377 1
956 64 353 26 13740 1
957 55 348 24 8162 1
958 51 347 13 5726 1
959 24 365 32 11926 1
960 29 367 32 11705 1
961 57 367 32 11705 1
962 109 396 26 11108 1
963 20 351 20 8075 1
964 80 398 35 13606 1
965 122 364 17 3690 1
966 53 348 14 5198 1
967 105 348 14 5198 1
968 78 364 19 8995 1
969 56 400 33 19167 1
970 51 398 25 9136 1
971 47 396 25 5810 1
972 27 366 20 9584 1
973 86 369 23 10737 1
974 24 349 27 13642 1
975 52 364 11 3158 1
976 51 368 20 8839 1
977 101 368 20 8839 1
978 28 349 26 11087 1
979 55 349 26 11087 1
980 55 400 22 7078 1
981 78 398 29 9460 1
982 51 399 23 5963 1
983 54 351 17 4850 1
984 25 350 24 10645 1
985 25 400 13 3864 1
986 79 398 23 6701 1
987 49 366 20 7421 1
988 65 400 33 12032 1
989 129 400 33 12032 1
990 28 347 9 3049 1
991 65 365 35 9842 1
992 85 348 25 5506 1
993 76 351 21 6995 1
994 34 366 34 11249 1
995 66 396 21 12420 1
996 22 350 16 3312 1
997 49 369 24 13239 1
998 50 398 34 9615 1
999 30 400 19 10792 1
1000 25 366 25 11499 1
1001 67 351 25 11844 1
1002 26 366 38 18052 1
1003 80 399 25 14085 1
1004 66 367 24 11484 1
1005 48 365 13 5375 1
1006 95 365 13 5375 1
1007 47 400 22 6551 1
1008 77 364 27 7387 1
1009 71 350 42 10963 1
1010 116 349 25 7222 1
1011 18 369 24 10381 1
1012 22 348 24 6141 1
1013 19 350 23 5759 1
1014 20 366 24 13110 1
1015 58 348 35 16490 1
1016 50 400 30 12090 1
1017 27 399 20 7184 1
1018 47 368 15 4437 1
1019 17 348 22 4640 1
1020 23 350 26 5863 1
1021 51 364 19 7568 1
1022 77 353 15 5702 1
1023 19 347 26 4881 1
1024 24 398 22 4563 1
1025 47 398 22 4563 1
1026 67 351 25 12839 1
1027 26 368 24 10378 1
1028 51 368 24 10378 1
1029 25 353 26 12513 1
1030 76 348 14 6334 1
1031 49 349 24 5219 1
1032 50 398 39 14125 1
1033 57 351 21 8988 1
1034 87 353 26 11014 1
1035 26 353 22 8790 1
1036 29 367 23 5662 1
1037 57 367 23 5662 1
40
235 400 530 450 480 440 440 544 580 580 580 540 600 610 575 660 450 450 375 450 450 600 600 600 400 426 500 500 500 500 500 500 600 600 600 400 400 600 425 425 