1037
1 7 145 20 3162 1
2 20 170 13 3002 1
3 6 157 19 4127 1
4 11 157 19 4127 1
5 15 154 13 1439 1
6 9 165 16 2326 1
7 23 172 19 1667 1
8 16 167 11 1814 1
9 7 166 28 2450 1
10 21 147 12 1467 1
11 6 184 18 2363 1
12 11 184 18 2363 1
13 16 184 18 2363 1
14 21 184 18 2363 1
15 26 184 18 2363 1
16 96 141 19 3066 1
17 8 101 16 2380 1
18 15 101 16 2380 1
19 7 171 10 1882 1
20 13 171 10 1882 1
21 19 171 10 1882 1
22 25 171 10 1882 1
23 5 180 25 3946 1
24 9 180 25 3946 1
25 13 180 25 3946 1
26 17 180 25 3946 1
27 21 180 25 3946 1
28 25 180 25 3946 1
29 4 148 16 3338 1
30 17 182 13 3025 1
31 4 171 26 4337 1
32 6 162 17 2491 1
33 16 148 10 1605 1
34 15 173 21 5019 1
35 16 154 9 1447 1
36 15 175 20 4032 1
37 4 137 6 677 1
38 6 172 24 3019 1
39 8 185 25 6529 1
40 5 176 17 3168 1
41 9 176 17 3168 1
42 5 147 13 2020 1
43 17 143 11 2211 1
44 10 171 16 2194 1
45 5 165 19 2539 1
46 9 165 19 2539 1
47 23 146 8 1564 1
48 16 140 10 1087 1
49 6 101 9 1059 1
50 11 101 9 1059 1
51 17 166 14 1192 1
52 6 167 20 2076 1
53 11 167 20 2076 1
54 16 167 20 2076 1
55 21 167 20 2076 1
56 26 167 20 2076 1
57 31 167 20 2076 1
58 19 87 5 653 1
59 37 87 5 653 1
60 11 112 5 674 1
61 21 112 5 674 1
62 31 112 5 674 1
63 41 112 5 674 1
64 80 148 17 3189 1
65 27 149 8 1692 1
66 53 149 8 1692 1
67 6 187 23 3312 1
68 6 173 16 3476 1
69 4 158 19 4411 1
70 8 152 28 2774 1
71 15 152 28 2774 1
72 10 140 14 2416 1
73 19 140 14 2416 1
74 28 140 14 2416 1
75 37 140 14 2416 1
76 7 101 10 1097 1
77 13 101 10 1097 1
78 15 168 18 2027 1
79 6 158 10 1984 1
80 5 182 16 2097 1
81 7 131 11 1965 1
82 6 191 17 2506 1
83 11 191 17 2506 1
84 9 172 16 3958 1
85 21 91 15 2022 1
86 4 147 20 1816 1
87 46 113 18 1498 1
88 1 154 23 2605 1
89 8 181 16 3223 1
90 15 181 16 3223 1
91 6 168 27 5781 1
92 9 144 15 1892 1
93 12 177 1 181 1
94 15 130 16 1768 1
95 11 137 13 1663 1
96 21 137 13 1663 1
97 16 144 19 1777 1
98 8 191 19 4495 1
99 5 157 14 2317 1
100 9 157 14 2317 1
101 13 157 14 2317 1
102 11 180 21 4263 1
103 21 180 21 4263 1
104 11 120 14 2249 1
105 21 120 14 2249 1
106 20 116 6 524 1
107 5 146 13 2182 1
108 9 146 13 2182 1
109 20 147 8 1207 1
110 3 163 21 2515 1
111 5 163 21 2515 1
112 9 169 24 2880 1
113 17 169 24 2880 1
114 25 169 24 2880 1
115 33 169 24 2880 1
116 41 169 24 2880 1
117 49 169 24 2880 1
118 11 183 10 1350 1
119 10 184 29 7513 1
120 19 184 29 7513 1
121 28 184 29 7513 1
122 16 157 25 5750 1
123 15 131 16 2773 1
124 16 172 20 3684 1
125 9 175 11 1228 1
126 17 175 11 1228 1
127 8 146 2 200 1
128 10 168 21 1941 1
129 19 168 21 1941 1
130 6 149 18 1669 1
131 11 149 18 1669 1
132 16 149 18 1669 1
133 21 149 18 1669 1
134 6 134 17 1416 1
135 11 134 17 1416 1
136 7 157 11 1931 1
137 13 157 11 1931 1
138 12 168 21 2322 1
139 23 168 21 2322 1
140 8 191 17 3647 1
141 15 191 17 3647 1
142 22 191 17 3647 1
143 29 191 17 3647 1
144 36 191 17 3647 1
145 43 191 17 3647 1
146 9 150 15 2213 1
147 16 191 24 2344 1
148 31 191 24 2344 1
149 16 113 14 2302 1
150 19 113 9 1141 1
151 37 113 9 1141 1
152 18 183 26 6987 1
153 101 147 7 780 1
154 51 169 19 2081 1
155 18 184 6 951 1
156 6 187 26 3656 1
157 30 131 16 1232 1
158 20 180 25 5320 1
159 39 180 25 5320 1
160 16 163 17 1624 1
161 31 163 17 1624 1
162 7 175 8 1841 1
163 13 175 8 1841 1
164 19 175 8 1841 1
165 25 175 8 1841 1
166 9 174 14 2394 1
167 4 126 17 1291 1
168 16 176 21 2779 1
169 1 175 3 468 1
170 1 175 3 468 1
171 1 175 3 468 1
172 1 175 3 468 1
173 4 173 13 3194 1
174 18 143 13 1486 1
175 7 178 20 4132 1
176 13 178 20 4132 1
177 22 154 6 789 1
178 6 146 14 2356 1
179 80 87 8 993 1
180 5 171 10 2563 1
181 9 171 10 2563 1
182 10 170 17 2905 1
183 11 133 12 1972 1
184 5 134 15 1816 1
185 9 134 15 1816 1
186 13 134 15 1816 1
187 17 134 15 1816 1
188 22 91 19 1014 1
189 33 176 13 2117 1
190 13 101 11 1130 1
191 95 187 18 3748 1
192 4 154 10 1847 1
193 26 130 4 581 1
194 21 130 8 1032 1
195 41 130 8 1032 1
196 6 120 18 1813 1
197 11 120 18 1813 1
198 7 173 27 4162 1
199 13 173 27 4162 1
200 20 91 4 307 1
201 16 130 9 935 1
202 9 189 9 1927 1
203 17 189 9 1927 1
204 25 189 9 1927 1
205 33 189 9 1927 1
206 19 144 10 1701 1
207 37 144 10 1701 1
208 10 113 19 2079 1
209 57 116 12 1407 1
210 11 121 13 1368 1
211 5 157 19 3309 1
212 8 177 12 1955 1
213 15 177 12 1955 1
214 16 188 22 2115 1
215 129 171 33 7686 1
216 15 177 19 2892 1
217 29 177 19 2892 1
218 20 152 24 3742 1
219 9 167 8 768 1
220 14 87 5 550 1
221 9 137 6 565 1
222 17 137 6 565 1
223 21 145 17 2086 1
224 41 145 17 2086 1
225 16 134 15 2044 1
226 24 112 11 1524 1
227 9 159 23 4954 1
228 17 159 23 4954 1
229 25 159 23 4954 1
230 33 159 23 4954 1
231 41 159 23 4954 1
232 11 188 19 3800 1
233 11 131 11 1506 1
234 8 121 11 750 1
235 15 113 8 1090 1
236 29 113 8 1090 1
237 17 148 7 1277 1
238 13 113 11 792 1
239 25 113 11 792 1
240 37 113 11 792 1
241 49 113 11 792 1
242 61 113 11 792 1
243 73 113 11 792 1
244 17 126 16 2745 1
245 26 143 14 2501 1
246 8 189 14 3842 1
247 3 182 22 3379 1
248 1 147 16 2210 1
249 8 155 13 1875 1
250 14 149 10 1583 1
251 27 149 10 1583 1
252 40 149 10 1583 1
253 16 122 12 797 1
254 9 152 10 1728 1
255 17 152 10 1728 1
256 25 152 10 1728 1
257 18 183 13 2315 1
258 35 183 13 2315 1
259 9 146 19 3702 1
260 29 134 10 1310 1
261 14 185 19 2730 1
262 27 185 19 2730 1
263 6 187 30 6625 1
264 14 178 18 3440 1
265 64 170 7 647 1
266 9 101 7 609 1
267 17 101 7 609 1
268 25 101 7 609 1
269 19 146 13 1687 1
270 15 125 10 1395 1
271 16 137 9 1557 1
272 6 181 27 6267 1
273 11 181 27 6267 1
274 16 181 27 6267 1
275 21 181 27 6267 1
276 26 181 27 6267 1
277 31 181 27 6267 1
278 20 177 11 1950 1
279 39 177 11 1950 1
280 8 177 1 144 1
281 15 177 1 144 1
282 10 165 14 3415 1
283 19 165 14 3415 1
284 28 165 14 3415 1
285 6 168 29 2527 1
286 11 168 29 2527 1
287 27 170 18 3130 1
288 9 188 27 3272 1
289 17 188 27 3272 1
290 25 188 27 3272 1
291 16 187 30 6364 1
292 11 191 30 3910 1
293 7 140 7 1442 1
294 7 131 13 2112 1
295 13 131 13 2112 1
296 19 131 13 2112 1
297 8 146 14 2962 1
298 15 146 14 2962 1
299 22 146 14 2962 1
300 7 165 18 1902 1
301 7 157 25 4753 1
302 4 126 10 1203 1
303 7 126 10 1203 1
304 10 126 10 1203 1
305 13 126 10 1203 1
306 16 126 10 1203 1
307 19 126 10 1203 1
308 22 126 10 1203 1
309 7 152 19 4192 1
310 13 152 19 4192 1
311 6 165 17 2801 1
312 11 165 17 2801 1
313 16 165 17 2801 1
314 21 165 17 2801 1
315 16 131 9 693 1
316 3 159 21 2692 1
317 5 146 14 1451 1
318 9 146 14 1451 1
319 8 146 18 2715 1
320 15 146 18 2715 1
321 22 146 18 2715 1
322 23 162 18 3970 1
323 8 163 18 3986 1
324 15 163 18 3986 1
325 22 163 18 3986 1
326 29 163 18 3986 1
327 2 173 12 2329 1
328 3 173 12 2329 1
329 31 158 17 3951 1
330 7 181 23 2295 1
331 13 181 23 2295 1
332 11 135 14 1347 1
333 8 155 16 2294 1
334 15 155 16 2294 1
335 10 154 14 2495 1
336 19 154 14 2495 1
337 28 154 14 2495 1
338 37 154 14 2495 1
339 15 147 22 3150 1
340 10 170 22 1879 1
341 19 170 22 1879 1
342 28 170 22 1879 1
343 17 165 16 1640 1
344 7 169 8 1898 1
345 13 169 8 1898 1
346 19 169 8 1898 1
347 12 154 20 2200 1
348 11 134 6 1071 1
349 9 137 15 2676 1
350 17 137 15 2676 1
351 4 166 18 2471 1
352 10 171 21 4011 1
353 19 171 21 4011 1
354 15 163 7 1355 1
355 4 122 18 2272 1
356 4 125 17 1344 1
357 7 125 17 1344 1
358 12 189 17 2483 1
359 16 173 17 1913 1
360 17 101 13 1495 1
361 15 163 14 2889 1
362 2 158 17 3090 1
363 3 158 17 3090 1
364 4 158 17 3090 1
365 5 158 17 3090 1
366 6 160 18 2739 1
367 11 160 18 2739 1
368 8 91 16 1706 1
369 8 155 7 554 1
370 15 155 7 554 1
371 22 155 7 554 1
372 10 149 16 3236 1
373 7 165 2 400 1
374 13 165 2 400 1
375 4 163 15 2188 1
376 6 133 14 2496 1
377 11 133 14 2496 1
378 16 133 14 2496 1
379 6 191 33 8190 1
380 6 174 23 3306 1
381 8 120 21 1690 1
382 15 120 21 1690 1
383 18 87 10 1188 1
384 10 189 1 224 1
385 8 150 14 2796 1
386 15 150 14 2796 1
387 22 150 14 2796 1
388 6 183 41 8407 1
389 11 183 41 8407 1
390 16 183 41 8407 1
391 79 113 14 2078 1
392 9 112 21 2674 1
393 19 159 16 3322 1
394 5 112 10 707 1
395 7 131 16 2684 1
396 13 131 16 2684 1
397 19 131 16 2684 1
398 25 131 16 2684 1
399 31 131 16 2684 1
400 37 131 16 2684 1
401 7 134 5 831 1
402 15 149 15 3325 1
403 12 149 14 1523 1
404 9 150 15 3366 1
405 11 145 26 2643 1
406 21 145 26 2643 1
407 5 188 20 4001 1
408 8 194 17 1749 1
409 9 193 23 2580 1
410 17 193 23 2580 1
411 3 194 11 1299 1
412 8 195 13 2454 1
413 15 195 13 2454 1
414 8 196 19 5011 1
415 15 196 19 5011 1
416 9 195 13 3722 1
417 8 197 21 3517 1
418 8 196 14 1885 1
419 2 193 19 4921 1
420 3 193 16 4219 1
421 8 197 25 4385 1
422 15 197 25 4385 1
423 22 197 25 4385 1
424 29 197 25 4385 1
425 9 196 26 6578 1
426 8 194 6 1220 1
427 7 193 12 1772 1
428 8 196 14 1672 1
429 15 196 14 1672 1
430 22 196 14 1672 1
431 29 196 14 1672 1
432 14 194 5 514 1
433 67 196 20 5679 1
434 20 193 21 4718 1
435 9 196 13 1825 1
436 17 196 13 1825 1
437 6 199 14 3140 1
438 24 223 11 1891 1
439 24 217 16 4622 1
440 22 198 6 858 1
441 41 209 9 1852 1
442 81 209 9 1852 1
443 7 224 10 1821 1
444 16 208 14 3652 1
445 36 212 17 4453 1
446 11 200 15 4355 1
447 21 200 15 4355 1
448 7 198 20 5726 1
449 13 198 20 5726 1
450 19 198 20 5726 1
451 10 199 17 2767 1
452 8 201 13 2001 1
453 15 201 13 2001 1
454 22 201 13 2001 1
455 31 198 4 678 1
456 8 223 19 5591 1
457 8 199 19 2683 1
458 15 199 19 2683 1
459 22 199 19 2683 1
460 29 199 19 2683 1
461 22 208 15 4319 1
462 7 202 7 863 1
463 44 202 14 3926 1
464 10 223 14 3276 1
465 7 201 13 2319 1
466 3 223 7 1510 1
467 25 213 4 1087 1
468 12 221 19 5011 1
469 23 221 19 5011 1
470 35 198 5 835 1
471 11 220 9 1740 1
472 21 220 9 1740 1
473 22 222 15 1809 1
474 43 222 15 1809 1
475 2 216 12 3321 1
476 30 224 23 7298 1
477 23 226 12 3643 1
478 45 226 12 3643 1
479 14 212 15 2872 1
480 27 212 15 2872 1
481 5 201 6 1709 1
482 10 208 8 1012 1
483 8 210 14 2520 1
484 2 223 13 1824 1
485 54 209 19 2417 1
486 9 223 22 3982 1
487 17 223 22 3982 1
488 3 222 9 1827 1
489 7 199 19 4244 1
490 25 210 14 2373 1
491 24 211 14 2993 1
492 49 209 10 1895 1
493 22 199 10 2486 1
494 2 213 9 1092 1
495 15 217 15 2367 1
496 9 211 12 1396 1
497 36 224 21 6054 1
498 38 212 16 3684 1
499 2 200 1 252 1
500 6 199 17 4688 1
501 11 199 17 4688 1
502 31 224 4 760 1
503 24 221 26 5786 1
504 13 220 20 2351 1
505 31 201 10 1590 1
506 15 201 17 3091 1
507 27 210 23 4447 1
508 53 210 23 4447 1
509 8 216 13 4155 1
510 50 202 1 163 1
511 8 211 20 3063 1
512 15 211 20 3063 1
513 22 211 20 3063 1
514 29 211 20 3063 1
515 7 198 4 1064 1
516 13 198 4 1064 1
517 7 202 14 1827 1
518 13 202 14 1827 1
519 19 202 14 1827 1
520 25 202 14 1827 1
521 31 202 14 1827 1
522 37 202 14 1827 1
523 23 210 10 2627 1
524 27 220 11 1389 1
525 53 220 11 1389 1
526 26 217 13 1835 1
527 7 217 17 4375 1
528 8 213 6 696 1
529 39 226 5 1006 1
530 24 202 17 3156 1
531 47 202 17 3156 1
532 9 212 14 3803 1
533 47 221 20 3470 1
534 9 220 13 1597 1
535 9 199 11 2875 1
536 17 199 11 2875 1
537 25 199 11 2875 1
538 33 199 11 2875 1
539 8 209 12 1362 1
540 43 224 14 3776 1
541 85 224 14 3776 1
542 127 224 14 3776 1
543 12 226 8 933 1
544 30 209 16 4345 1
545 9 213 17 5360 1
546 16 198 11 1983 1
547 53 201 10 1950 1
548 24 220 17 2993 1
549 9 208 4 459 1
550 9 226 11 3615 1
551 17 226 11 3615 1
552 25 226 11 3615 1
553 4 198 15 2205 1
554 31 216 32 5244 1
555 61 216 32 5244 1
556 67 209 12 2982 1
557 133 209 12 2982 1
558 21 222 20 6245 1
559 15 198 7 1274 1
560 7 198 11 2239 1
561 15 212 17 3473 1
562 21 242 21 3138 1
563 55 231 23 6291 1
564 7 263 23 8564 1
565 60 252 9 3050 1
566 31 260 21 4290 1
567 17 261 14 3223 1
568 7 236 11 1301 1
569 23 239 21 5618 1
570 26 241 21 5922 1
571 22 228 17 3740 1
572 43 228 17 3740 1
573 64 228 17 3740 1
574 24 237 17 4603 1
575 37 252 7 1343 1
576 20 239 15 2833 1
577 44 245 8 2655 1
578 87 245 8 2655 1
579 29 262 19 3010 1
580 62 252 6 1128 1
581 4 239 17 5201 1
582 7 239 17 5201 1
583 28 232 14 4801 1
584 29 239 11 3939 1
585 73 228 12 1621 1
586 29 256 18 5966 1
587 57 256 18 5966 1
588 85 256 18 5966 1
589 113 256 18 5966 1
590 25 256 9 3289 1
591 49 256 9 3289 1
592 69 228 3 934 1
593 137 228 3 934 1
594 76 236 15 4159 1
595 24 228 13 1527 1
596 60 229 15 4927 1
597 29 261 15 5072 1
598 8 263 11 3052 1
599 15 263 11 3052 1
600 41 228 10 3323 1
601 28 237 17 4538 1
602 7 240 16 3511 1
603 21 236 22 5386 1
604 5 236 16 2837 1
605 6 235 14 3490 1
606 18 232 16 2570 1
607 7 259 19 2550 1
608 21 235 12 2954 1
609 41 235 12 2954 1
610 61 235 12 2954 1
611 32 231 11 3582 1
612 30 231 15 2493 1
613 28 229 15 2347 1
614 4 256 5 1468 1
615 7 256 5 1468 1
616 26 245 11 1434 1
617 2 250 11 3680 1
618 6 240 19 2723 1
619 8 260 16 3014 1
620 15 260 16 3014 1
621 33 262 4 1371 1
622 24 229 7 2375 1
623 8 235 16 2205 1
624 25 261 20 4922 1
625 49 261 20 4922 1
626 6 245 24 4987 1
627 2 231 4 907 1
628 3 231 4 907 1
629 4 236 14 2715 1
630 17 260 14 4896 1
631 33 260 14 4896 1
632 14 236 11 2271 1
633 59 260 15 2375 1
634 22 232 18 3132 1
635 12 241 14 1688 1
636 23 241 14 1688 1
637 21 232 10 2358 1
638 8 263 17 3205 1
639 30 237 14 4176 1
640 11 247 12 3171 1
641 21 247 12 3171 1
642 31 247 12 3171 1
643 21 261 16 3858 1
644 47 260 7 1914 1
645 23 255 4 850 1
646 17 260 11 1654 1
647 3 229 13 1718 1
648 5 229 13 1718 1
649 7 229 13 1718 1
650 39 232 14 4458 1
651 24 259 13 4698 1
652 60 229 12 3509 1
653 19 262 28 9778 1
654 1 231 8 1422 1
655 67 231 10 1588 1
656 35 245 16 3373 1
657 69 245 16 3373 1
658 103 245 16 3373 1
659 35 229 12 1742 1
660 20 242 2 291 1
661 29 252 10 3397 1
662 5 227 19 3898 1
663 33 240 18 5777 1
664 65 240 18 5777 1
665 13 260 22 5915 1
666 25 260 22 5915 1
667 37 260 22 5915 1
668 36 252 11 2271 1
669 16 252 18 4781 1
670 22 241 13 2433 1
671 23 247 11 3657 1
672 2 235 15 1946 1
673 25 242 12 2532 1
674 17 227 16 3684 1
675 33 227 16 3684 1
676 3 236 15 2534 1
677 5 236 15 2534 1
678 3 235 10 3139 1
679 4 245 11 2019 1
680 7 245 11 2019 1
681 29 236 19 3796 1
682 30 231 22 2683 1
683 31 241 18 4535 1
684 20 285 15 4004 1
685 53 302 21 4325 1
686 78 278 21 6883 1
687 155 278 21 6883 1
688 232 278 21 6883 1
689 25 269 13 4632 1
690 20 269 11 3307 1
691 39 269 11 3307 1
692 23 281 32 9875 1
693 5 264 19 6054 1
694 29 283 17 4716 1
695 92 293 18 3540 1
696 51 264 15 5505 1
697 90 272 21 7903 1
698 20 271 17 3110 1
699 35 299 20 3631 1
700 69 299 20 3631 1
701 103 299 20 3631 1
702 33 268 28 6009 1
703 21 265 17 2304 1
704 41 265 17 2304 1
705 5 269 12 2797 1
706 13 268 19 4821 1
707 6 283 19 3747 1
708 16 275 10 2071 1
709 23 264 22 5197 1
710 76 299 17 6774 1
711 49 267 18 3711 1
712 8 265 9 3328 1
713 15 265 9 3328 1
714 27 292 20 8167 1
715 5 296 11 3990 1
716 144 296 6 2451 1
717 3 264 17 3738 1
718 25 271 20 4119 1
719 21 279 17 4473 1
720 2 294 17 6191 1
721 14 276 14 2966 1
722 27 276 14 2966 1
723 24 294 22 8670 1
724 47 294 22 8670 1
725 70 294 22 8670 1
726 23 276 16 5922 1
727 22 270 20 6039 1
728 50 300 17 5385 1
729 73 293 15 3657 1
730 22 265 19 7151 1
731 43 265 19 7151 1
732 64 265 19 7151 1
733 29 279 20 7604 1
734 18 270 13 5222 1
735 35 270 13 5222 1
736 28 269 24 7917 1
737 1 280 15 5100 1
738 1 280 15 5100 1
739 4 276 13 3403 1
740 17 270 16 5589 1
741 29 271 11 2230 1
742 57 271 11 2230 1
743 62 296 22 7810 1
744 21 300 21 5534 1
745 24 302 19 7446 1
746 28 283 14 2887 1
747 17 278 10 1643 1
748 18 269 23 6013 1
749 5 295 15 5933 1
750 9 295 15 5933 1
751 37 283 9 3001 1
752 73 283 9 3001 1
753 23 277 14 3891 1
754 45 277 14 3891 1
755 67 277 14 3891 1
756 3 275 25 4346 1
757 5 275 25 4346 1
758 29 279 17 3542 1
759 37 277 10 1432 1
760 32 293 18 4401 1
761 63 293 18 4401 1
762 94 293 18 4401 1
763 20 290 18 3105 1
764 43 278 10 3395 1
765 24 277 20 5030 1
766 224 300 15 6069 1
767 7 299 21 8189 1
768 13 299 21 8189 1
769 13 294 21 7724 1
770 25 294 21 7724 1
771 14 302 15 5326 1
772 4 271 18 5028 1
773 7 271 18 5028 1
774 19 283 16 6109 1
775 17 285 21 5358 1
776 37 290 16 5225 1
777 37 278 11 3268 1
778 3 266 14 4823 1
779 5 266 14 4823 1
780 20 292 16 5931 1
781 20 290 28 11537 1
782 39 290 28 11537 1
783 58 290 28 11537 1
784 77 290 28 11537 1
785 12 269 8 3054 1
786 19 269 10 1740 1
787 24 281 13 2909 1
788 8 268 17 3676 1
789 51 300 17 7628 1
790 101 300 17 7628 1
791 151 300 17 7628 1
792 28 285 11 4272 1
793 24 278 17 2865 1
794 21 299 17 3847 1
795 87 301 21 7927 1
796 23 278 19 7515 1
797 24 267 12 4601 1
798 5 290 13 2351 1
799 9 290 13 2351 1
800 24 295 23 4505 1
801 20 285 13 3767 1
802 20 302 23 10394 1
803 3 283 18 6554 1
804 5 283 18 6554 1
805 22 267 12 3980 1
806 20 293 24 4911 1
807 19 279 14 4269 1
808 59 270 13 5126 1
809 117 270 13 5126 1
810 1 267 13 4517 1
811 1 267 13 4517 1
812 30 265 13 2331 1
813 58 299 15 4235 1
814 22 301 14 6248 1
815 29 299 14 2219 1
816 57 299 14 2219 1
817 77 299 23 7158 1
818 23 283 10 2565 1
819 22 295 14 5714 1
820 43 295 14 5714 1
821 64 295 14 5714 1
822 35 300 18 3976 1
823 69 300 18 3976 1
824 103 300 18 3976 1
825 21 276 21 3102 1
826 53 277 13 3164 1
827 24 292 18 4673 1
828 47 292 18 4673 1
829 27 277 18 7320 1
830 29 276 15 2512 1
831 33 292 21 6405 1
832 22 264 10 2063 1
833 43 264 10 2063 1
834 20 277 13 3196 1
835 19 296 19 6861 1
836 23 290 20 4826 1
837 24 283 19 5732 1
838 9 276 21 7309 1
839 17 276 21 7309 1
840 25 276 21 7309 1
841 36 272 12 3531 1
842 5 292 20 7032 1
843 19 271 16 6093 1
844 40 294 12 4908 1
845 26 275 15 3235 1
846 51 275 15 3235 1
847 76 275 15 3235 1
848 101 275 15 3235 1
849 60 265 15 2102 1
850 14 269 24 6693 1
851 27 269 24 6693 1
852 40 269 24 6693 1
853 71 292 20 4843 1
854 24 265 15 4434 1
855 22 302 19 5863 1
856 55 268 25 3682 1
857 3 278 23 4518 1
858 7 267 16 6121 1
859 83 283 10 3867 1
860 165 283 10 3867 1
861 21 268 10 3200 1
862 65 300 17 7425 1
863 26 333 19 4550 1
864 53 333 15 3547 1
865 19 321 12 2966 1
866 52 331 12 4218 1
867 8 334 25 6137 1
868 15 334 25 6137 1
869 48 334 15 5003 1
870 25 316 14 6357 1
871 28 316 23 7422 1
872 28 323 15 6576 1
873 78 321 20 7646 1
874 1 338 15 3236 1
875 16 302 13 3994 1
876 22 336 13 2982 1
877 23 335 19 4249 1
878 21 316 16 4252 1
879 12 323 38 17696 1
880 58 325 13 3649 1
881 115 325 13 3649 1
882 2 329 21 7279 1
883 54 340 13 3824 1
884 107 340 13 3824 1
885 27 306 11 2346 1
886 54 333 13 3472 1
887 21 318 16 6940 1
888 25 340 10 2337 1
889 26 323 12 2667 1
890 28 332 12 3243 1
891 55 332 12 3243 1
892 66 306 11 4135 1
893 68 339 23 11278 1
894 37 334 14 4566 1
895 73 334 14 4566 1
896 27 302 25 5462 1
897 29 336 16 5676 1
898 51 325 13 2784 1
899 50 323 25 5285 1
900 21 305 12 5321 1
901 68 339 18 9094 1
902 28 306 10 2776 1
903 64 306 18 3285 1
904 72 336 14 2620 1
905 66 325 25 4790 1
906 2 304 25 9995 1
907 22 335 15 6822 1
908 19 340 17 7479 1
909 20 316 26 5441 1
910 70 337 12 3097 1
911 88 302 19 5252 1
912 25 323 18 8269 1
913 49 323 18 8269 1
914 40 325 23 10312 1
915 5 339 16 3572 1
916 9 339 16 3572 1
917 23 319 12 3267 1
918 86 305 17 6562 1
919 22 321 21 4362 1
920 31 302 26 7946 1
921 61 302 26 7946 1
922 151 321 15 5544 1
923 301 321 15 5544 1
924 27 306 21 7922 1
925 55 331 16 5578 1
926 135 321 12 4919 1
927 25 321 15 2647 1
928 49 321 15 2647 1
929 73 321 15 2647 1
930 97 321 15 2647 1
931 26 339 19 5016 1
932 31 331 7 1658 1
933 190 321 21 8665 1
934 41 306 18 6412 1
935 44 335 29 14158 1
936 24 333 22 6953 1
937 47 333 22 6953 1
938 27 336 34 11551 1
939 150 339 19 7997 1
940 20 339 21 8119 1
941 39 339 21 8119 1
942 16 318 18 2982 1
943 64 319 12 2014 1
944 25 336 16 6382 1
945 69 334 13 3315 1
946 55 335 26 10958 1
947 26 306 17 6770 1
948 22 321 23 5154 1
949 104 336 18 8044 1
950 97 333 21 5164 1
951 26 321 17 3195 1
952 22 333 17 5862 1
953 43 333 17 5862 1
954 25 366 21 6371 1
955 44 399 18 3722 1
956 63 349 18 6184 1
957 56 399 17 9371 1
958 59 366 15 6362 1
959 117 366 15 6362 1
960 65 351 23 9010 1
961 29 368 22 4224 1
962 28 350 26 13460 1
963 45 369 19 7628 1
964 19 351 19 7633 1
965 47 366 21 7134 1
966 28 399 28 7180 1
967 85 349 20 5477 1
968 50 398 20 4882 1
969 55 368 12 2792 1
970 49 398 29 11129 1
971 53 368 33 8414 1
972 77 348 26 7290 1
973 153 348 26 7290 1
974 48 367 23 5600 1
975 95 367 23 5600 1
976 142 367 23 5600 1
977 18 365 23 6864 1
978 87 350 20 6060 1
979 173 350 20 6060 1
980 86 400 32 12727 1
981 86 396 41 13245 1
982 57 396 31 12405 1
983 66 399 36 8830 1
984 131 399 36 8830 1
985 25 364 22 6474 1
986 19 400 21 10938 1
987 23 350 40 7481 1
988 86 349 23 5384 1
989 25 347 37 8001 1
990 24 368 24 5788 1
991 51 353 31 15376 1
992 50 350 23 9291 1
993 64 366 24 9468 1
994 127 366 24 9468 1
995 55 353 17 4395 1
996 24 365 25 9635 1
997 38 367 34 7070 1
998 47 349 18 6200 1
999 29 351 24 4572 1
1000 68 369 12 6197 1
1001 25 364 25 7872 1
1002 25 396 19 4848 1
1003 121 366 32 13135 1
1004 115 364 27 7439 1
1005 83 367 5 1576 1
1006 28 351 30 8092 1
1007 55 351 30 8092 1
1008 63 368 17 8672 1
1009 25 351 28 12208 1
1010 66 396 29 7201 1
1011 29 347 27 5563 1
1012 79 350 30 7593 1
1013 48 368 13 4593 1
1014 95 368 13 4593 1
1015 55 348 17 8454 1
1016 77 349 29 14238 1
1017 85 400 22 10281 1
1018 66 369 24 8808 1
1019 131 369 24 8808 1
1020 51 351 27 6283 1
1021 101 351 27 6283 1
1022 151 351 27 6283 1
1023 79 349 18 7772 1
1024 139 347 29 13025 1
1025 26 364 20 10361 1
1026 51 364 20 10361 1
1027 76 364 20 10361 1
1028 101 364 20 10361 1
1029 65 366 18 4541 1
1030 53 349 18 6584 1
1031 51 351 23 10841 1
1032 24 366 23 11077 1
1033 65 366 30 11687 1
1034 28 364 22 8645 1
1035 25 349 25 9120 1
1036 64 349 15 6482 1
1037 127 349 15 6482 1
40
235 400 530 450 480 440 440 544 580 580 580 540 600 610 575 660 450 450 375 450 450 600 600 600 400 426 500 500 500 500 500 500 600 600 600 400 400 600 425 425 