1037
1 12 116 11 775 1
2 8 185 16 3654 1
3 3 112 16 2255 1
4 5 112 16 2255 1
5 7 112 16 2255 1
6 16 171 18 2454 1
7 1 187 25 6832 1
8 31 157 17 3148 1
9 18 159 11 1127 1
10 35 159 11 1127 1
11 52 159 11 1127 1
12 4 184 5 1380 1
13 6 130 18 2873 1
14 7 157 18 2012 1
15 15 135 26 4015 1
16 87 163 19 3885 1
17 4 184 14 1684 1
18 22 133 11 1935 1
19 3 121 13 2227 1
20 25 91 7 894 1
21 5 162 10 1170 1
22 9 162 10 1170 1
23 24 144 14 1705 1
24 47 144 14 1705 1
25 70 144 14 1705 1
26 21 167 15 1594 1
27 18 121 15 2472 1
28 35 121 15 2472 1
29 52 121 15 2472 1
30 23 141 13 1179 1
31 45 141 13 1179 1
32 7 141 16 2145 1
33 5 185 22 3388 1
34 8 147 20 1857 1
35 15 147 20 1857 1
36 10 160 24 5603 1
37 11 148 10 1577 1
38 6 162 16 3196 1
39 14 170 22 3023 1
40 27 170 22 3023 1
41 40 170 22 3023 1
42 11 163 10 1410 1
43 7 120 5 851 1
44 15 130 12 1043 1
45 8 160 16 1290 1
46 8 181 9 2377 1
47 15 181 9 2377 1
48 8 172 15 1572 1
49 15 172 15 1572 1
50 22 172 15 1572 1
51 29 172 15 1572 1
52 16 187 10 1947 1
53 17 174 8 996 1
54 16 165 10 1452 1
55 18 173 17 3673 1
56 3 158 20 2699 1
57 5 158 20 2699 1
58 2 112 8 618 1
59 5 180 17 3064 1
60 5 185 26 6600 1
61 8 162 21 2670 1
62 15 162 21 2670 1
63 27 175 19 3567 1
64 10 165 11 1735 1
65 19 133 13 1458 1
66 16 187 29 2775 1
67 20 133 5 565 1
68 11 154 18 2069 1
69 7 152 18 1861 1
70 7 112 9 1252 1
71 16 158 14 3230 1
72 8 126 1 100 1
73 15 126 1 100 1
74 22 126 1 100 1
75 29 126 1 100 1
76 36 126 1 100 1
77 43 135 20 1414 1
78 11 163 13 1488 1
79 47 134 19 3085 1
80 11 140 15 1400 1
81 8 189 18 4596 1
82 8 171 25 3704 1
83 7 176 26 6039 1
84 22 174 20 4669 1
85 43 174 20 4669 1
86 11 163 18 3368 1
87 8 180 20 2896 1
88 7 87 12 986 1
89 6 122 13 1613 1
90 9 113 11 1700 1
91 17 113 11 1700 1
92 5 154 10 1480 1
93 9 154 10 1480 1
94 20 134 19 3609 1
95 39 134 19 3609 1
96 3 91 10 1014 1
97 5 91 10 1014 1
98 7 91 10 1014 1
99 9 91 10 1014 1
100 4 143 7 1438 1
101 7 143 7 1438 1
102 10 143 7 1438 1
103 24 147 11 1778 1
104 47 147 11 1778 1
105 122 185 23 2866 1
106 7 154 13 1122 1
107 13 154 13 1122 1
108 19 154 13 1122 1
109 25 154 13 1122 1
110 31 154 13 1122 1
111 3 144 9 679 1
112 5 144 9 679 1
113 7 144 9 679 1
114 9 144 9 679 1
115 11 144 9 679 1
116 13 144 9 679 1
117 5 150 13 1422 1
118 9 150 13 1422 1
119 15 175 17 3434 1
120 25 185 23 2283 1
121 49 185 23 2283 1
122 17 113 6 940 1
123 5 185 20 4008 1
124 9 140 11 782 1
125 15 165 12 1825 1
126 5 147 14 2495 1
127 9 147 14 2495 1
128 13 147 14 2495 1
129 7 125 13 1972 1
130 16 191 46 8075 1
131 21 121 12 1507 1
132 10 162 12 1713 1
133 24 160 15 1843 1
134 47 160 15 1843 1
135 3 170 35 3319 1
136 5 170 35 3319 1
137 9 101 12 799 1
138 15 155 12 2749 1
139 5 91 8 755 1
140 23 158 13 1469 1
141 87 180 11 2911 1
142 34 141 19 1826 1
143 25 172 14 2071 1
144 16 140 14 1588 1
145 22 91 7 560 1
146 7 120 14 1229 1
147 13 120 14 1229 1
148 12 157 19 2146 1
149 11 166 15 1267 1
150 21 166 15 1267 1
151 31 166 15 1267 1
152 41 166 15 1267 1
153 51 166 15 1267 1
154 61 166 15 1267 1
155 71 166 15 1267 1
156 81 166 15 1267 1
157 91 166 15 1267 1
158 101 166 15 1267 1
159 111 166 15 1267 1
160 121 166 15 1267 1
161 131 166 15 1267 1
162 141 166 15 1267 1
163 19 175 11 2351 1
164 37 175 11 2351 1
165 8 177 14 3013 1
166 16 87 13 1338 1
167 9 141 20 3728 1
168 9 182 25 5782 1
169 7 170 25 6167 1
170 6 130 16 2103 1
171 6 183 21 2446 1
172 8 167 11 2156 1
173 4 172 20 2827 1
174 7 172 20 2827 1
175 10 172 20 2827 1
176 25 150 16 1565 1
177 49 150 16 1565 1
178 18 183 18 2752 1
179 2 189 36 3796 1
180 16 166 20 1991 1
181 69 173 23 4136 1
182 6 121 12 1688 1
183 11 121 12 1688 1
184 24 160 17 3074 1
185 47 160 17 3074 1
186 85 125 13 1407 1
187 18 143 13 2192 1
188 15 121 12 1744 1
189 22 177 16 1804 1
190 11 184 28 7450 1
191 2 133 14 1367 1
192 3 133 14 1367 1
193 4 133 14 1367 1
194 10 121 9 1235 1
195 9 113 13 1268 1
196 17 113 13 1268 1
197 3 181 10 2494 1
198 5 181 10 2494 1
199 7 181 10 2494 1
200 9 181 10 2494 1
201 31 188 32 4791 1
202 152 141 8 1053 1
203 4 182 11 1805 1
204 20 189 8 1908 1
205 39 189 8 1908 1
206 58 189 8 1908 1
207 18 155 14 1708 1
208 16 130 14 1734 1
209 16 134 12 1534 1
210 9 121 8 821 1
211 17 121 8 821 1
212 25 121 8 821 1
213 33 121 8 821 1
214 41 121 8 821 1
215 8 149 12 2614 1
216 15 149 12 2614 1
217 22 149 12 2614 1
218 12 149 13 2631 1
219 1 149 28 2621 1
220 10 157 15 2187 1
221 19 157 15 2187 1
222 28 157 15 2187 1
223 10 148 15 1973 1
224 16 169 21 4718 1
225 6 152 14 1262 1
226 2 122 11 1407 1
227 3 122 11 1407 1
228 4 122 11 1407 1
229 8 144 25 2387 1
230 6 137 22 3666 1
231 16 87 18 994 1
232 9 173 14 2050 1
233 9 184 19 4574 1
234 17 184 19 4574 1
235 25 184 19 4574 1
236 33 184 19 4574 1
237 41 184 19 4574 1
238 49 184 19 4574 1
239 8 154 12 2542 1
240 9 176 22 5101 1
241 17 176 22 5101 1
242 10 172 9 1266 1
243 19 172 9 1266 1
244 28 172 9 1266 1
245 37 172 9 1266 1
246 46 172 9 1266 1
247 55 172 9 1266 1
248 4 160 18 2108 1
249 7 160 18 2108 1
250 10 160 18 2108 1
251 13 160 18 2108 1
252 16 160 18 2108 1
253 7 133 8 1077 1
254 17 187 16 1738 1
255 9 112 19 2731 1
256 9 122 15 1075 1
257 5 137 11 2187 1
258 9 137 11 2187 1
259 25 184 24 5991 1
260 25 163 19 2281 1
261 15 101 10 1505 1
262 8 176 16 1937 1
263 15 176 16 1937 1
264 22 176 16 1937 1
265 15 135 16 1501 1
266 18 126 14 2136 1
267 28 180 12 2021 1
268 8 166 12 2696 1
269 1 159 13 2573 1
270 1 159 13 2573 1
271 1 159 13 2573 1
272 11 112 13 1404 1
273 3 162 16 2303 1
274 5 162 16 2303 1
275 2 168 21 3595 1
276 28 120 14 2090 1
277 8 148 17 2069 1
278 120 165 24 5546 1
279 6 171 9 1006 1
280 11 171 9 1006 1
281 16 171 9 1006 1
282 1 168 21 1949 1
283 1 168 21 1949 1
284 1 168 21 1949 1
285 7 141 14 2600 1
286 13 141 14 2600 1
287 19 141 14 2600 1
288 19 147 17 2125 1
289 37 147 17 2125 1
290 19 183 20 2164 1
291 5 150 19 3117 1
292 9 150 19 3117 1
293 13 150 19 3117 1
294 35 163 15 3366 1
295 4 184 21 5020 1
296 7 184 21 5020 1
297 18 182 10 2326 1
298 6 120 19 2727 1
299 12 187 11 2876 1
300 23 187 11 2876 1
301 23 133 6 511 1
302 45 133 6 511 1
303 17 125 16 1909 1
304 19 165 20 1906 1
305 27 159 9 1462 1
306 15 166 14 2570 1
307 7 187 17 2511 1
308 4 172 10 1092 1
309 3 184 29 5821 1
310 9 170 18 2732 1
311 17 170 18 2732 1
312 9 159 6 792 1
313 17 159 6 792 1
314 25 159 6 792 1
315 33 159 6 792 1
316 26 177 14 2609 1
317 51 177 14 2609 1
318 15 141 10 1439 1
319 16 125 13 841 1
320 25 169 25 2154 1
321 49 169 25 2154 1
322 16 188 21 3326 1
323 2 144 11 1298 1
324 19 140 17 1904 1
325 28 112 14 1979 1
326 8 162 25 4180 1
327 15 162 25 4180 1
328 6 120 12 1153 1
329 11 120 12 1153 1
330 2 159 15 3023 1
331 3 159 15 3023 1
332 12 171 27 6496 1
333 23 171 27 6496 1
334 34 171 27 6496 1
335 16 125 13 1492 1
336 11 152 13 2249 1
337 21 152 13 2249 1
338 31 152 13 2249 1
339 15 167 23 4460 1
340 7 140 10 1854 1
341 13 140 10 1854 1
342 2 166 18 2773 1
343 3 166 18 2773 1
344 4 166 18 2773 1
345 5 166 18 2773 1
346 6 166 18 2773 1
347 7 157 11 868 1
348 8 113 3 183 1
349 21 191 29 5551 1
350 15 133 16 2876 1
351 15 147 4 480 1
352 17 183 9 909 1
353 19 134 11 1588 1
354 97 183 14 2625 1
355 8 183 8 1762 1
356 3 137 11 1539 1
357 5 137 11 1539 1
358 7 137 11 1539 1
359 1 162 13 2962 1
360 1 162 13 2962 1
361 1 162 13 2962 1
362 7 176 21 4375 1
363 15 191 6 1437 1
364 29 191 6 1437 1
365 60 167 19 3542 1
366 6 144 12 2415 1
367 11 144 12 2415 1
368 16 144 12 2415 1
369 21 144 12 2415 1
370 13 165 9 1952 1
371 3 101 8 792 1
372 5 101 8 792 1
373 7 121 11 1201 1
374 15 149 20 3893 1
375 88 169 18 1745 1
376 15 143 16 2907 1
377 24 173 14 1940 1
378 9 158 17 2777 1
379 17 158 17 2777 1
380 26 120 12 1401 1
381 26 140 10 1653 1
382 16 122 11 1638 1
383 26 137 7 1307 1
384 51 137 7 1307 1
385 76 137 7 1307 1
386 78 135 9 1576 1
387 15 140 12 1407 1
388 6 187 20 4032 1
389 15 130 13 1066 1
390 29 174 23 4986 1
391 24 135 11 1277 1
392 116 191 28 2724 1
393 9 175 9 2355 1
394 17 175 9 2355 1
395 25 175 9 2355 1
396 13 177 12 2896 1
397 5 120 5 650 1
398 16 173 15 3201 1
399 6 91 11 640 1
400 11 91 11 640 1
401 9 135 9 1715 1
402 17 135 9 1715 1
403 17 167 18 1851 1
404 10 177 4 504 1
405 19 177 4 504 1
406 28 177 4 504 1
407 37 177 4 504 1
408 22 196 7 1945 1
409 9 197 20 4831 1
410 17 197 20 4831 1
411 8 196 9 2458 1
412 9 193 16 4527 1
413 8 193 21 4751 1
414 7 194 30 4053 1
415 8 194 28 6658 1
416 8 193 6 918 1
417 8 194 16 4598 1
418 10 196 12 2876 1
419 19 196 12 2876 1
420 17 193 23 2792 1
421 9 196 16 4263 1
422 7 196 17 3684 1
423 13 196 17 3684 1
424 63 194 18 2635 1
425 8 195 16 3763 1
426 15 195 16 3763 1
427 22 195 16 3763 1
428 29 195 16 3763 1
429 12 197 17 4923 1
430 23 197 17 4923 1
431 34 197 17 4923 1
432 12 195 14 2940 1
433 8 195 15 3758 1
434 15 195 15 3758 1
435 22 195 15 3758 1
436 9 195 14 2670 1
437 8 222 15 3520 1
438 10 216 16 1811 1
439 11 222 5 1033 1
440 53 199 18 5194 1
441 24 202 20 2888 1
442 47 202 20 2888 1
443 70 202 20 2888 1
444 69 199 15 4098 1
445 4 223 6 1189 1
446 7 223 6 1189 1
447 10 223 6 1189 1
448 27 213 12 1486 1
449 34 199 5 735 1
450 16 200 10 1572 1
451 31 200 10 1572 1
452 26 222 15 3432 1
453 62 226 12 1680 1
454 123 226 12 1680 1
455 15 222 22 4711 1
456 21 222 14 2380 1
457 41 222 14 2380 1
458 2 226 13 3330 1
459 56 208 17 2447 1
460 7 221 18 3803 1
461 13 221 18 3803 1
462 7 216 17 3389 1
463 57 222 23 3501 1
464 2 211 16 4026 1
465 2 226 15 2043 1
466 8 209 11 2978 1
467 29 208 10 2423 1
468 15 221 22 6887 1
469 49 223 6 1926 1
470 24 220 17 4967 1
471 26 208 17 2019 1
472 51 208 17 2019 1
473 24 198 15 1657 1
474 12 223 16 2439 1
475 24 211 20 2793 1
476 8 221 9 1784 1
477 15 221 9 1784 1
478 22 221 9 1784 1
479 7 224 15 1806 1
480 20 198 6 692 1
481 10 221 12 2095 1
482 10 216 15 3102 1
483 19 216 15 3102 1
484 7 210 16 4772 1
485 24 220 14 2392 1
486 30 202 7 1958 1
487 8 220 10 2222 1
488 6 223 10 2636 1
489 15 221 11 3638 1
490 28 209 9 2681 1
491 2 210 15 1989 1
492 16 224 15 3511 1
493 3 226 27 8788 1
494 9 199 18 3184 1
495 17 199 18 3184 1
496 25 199 18 3184 1
497 33 199 18 3184 1
498 41 199 18 3184 1
499 49 199 18 3184 1
500 16 208 10 2229 1
501 8 208 8 1242 1
502 15 208 8 1242 1
503 22 208 8 1242 1
504 26 224 21 6372 1
505 29 201 19 5336 1
506 8 216 12 1633 1
507 15 222 27 4358 1
508 29 222 27 4358 1
509 25 198 10 2659 1
510 28 199 7 1732 1
511 8 223 12 3506 1
512 12 209 18 2589 1
513 34 224 13 3453 1
514 30 212 11 2796 1
515 59 212 11 2796 1
516 88 212 11 2796 1
517 12 213 14 2485 1
518 21 198 13 2727 1
519 41 198 13 2727 1
520 7 211 16 4711 1
521 13 211 16 4711 1
522 8 202 9 2329 1
523 15 202 9 2329 1
524 24 217 7 2064 1
525 10 201 14 3891 1
526 13 226 10 1196 1
527 34 200 9 1140 1
528 12 223 14 4059 1
529 8 210 12 1908 1
530 15 210 12 1908 1
531 22 210 12 1908 1
532 17 202 17 4183 1
533 147 221 17 3930 1
534 12 198 8 1164 1
535 9 216 10 1863 1
536 45 200 8 1843 1
537 37 208 12 1543 1
538 10 198 18 4609 1
539 9 217 12 1962 1
540 17 217 12 1962 1
541 11 224 16 3047 1
542 21 224 16 3047 1
543 31 224 16 3047 1
544 30 212 13 1593 1
545 59 212 13 1593 1
546 14 198 13 3035 1
547 2 202 16 4457 1
548 12 222 15 4919 1
549 10 220 10 2397 1
550 41 199 13 2891 1
551 8 199 15 3975 1
552 15 199 15 3975 1
553 25 213 12 2839 1
554 29 221 16 2068 1
555 8 226 12 2127 1
556 32 221 17 2150 1
557 26 217 18 4190 1
558 9 198 16 2727 1
559 2 210 10 2763 1
560 7 212 20 3686 1
561 8 211 15 1847 1
562 23 245 28 6617 1
563 45 245 28 6617 1
564 22 250 22 3774 1
565 23 228 10 2050 1
566 55 240 20 6728 1
567 43 263 11 3115 1
568 85 263 11 3115 1
569 23 241 13 4095 1
570 16 237 15 5252 1
571 31 237 15 5252 1
572 35 236 14 1977 1
573 38 237 4 534 1
574 17 228 18 3231 1
575 29 237 14 3681 1
576 23 260 19 3478 1
577 4 227 13 1516 1
578 4 256 16 6095 1
579 7 256 16 6095 1
580 45 245 22 6246 1
581 79 231 17 5142 1
582 7 236 17 2219 1
583 67 232 13 3790 1
584 4 241 24 4509 1
585 35 235 15 3146 1
586 31 255 17 6479 1
587 33 228 16 1839 1
588 35 241 15 2985 1
589 54 239 15 2457 1
590 31 232 10 2057 1
591 6 239 13 3627 1
592 56 245 11 1670 1
593 10 255 13 4523 1
594 38 235 18 3650 1
595 12 256 14 2800 1
596 23 256 14 2800 1
597 13 242 13 4496 1
598 25 242 13 4496 1
599 39 227 7 2375 1
600 25 262 9 3207 1
601 29 239 9 2827 1
602 29 241 26 9075 1
603 1 229 10 3123 1
604 29 245 4 1027 1
605 9 260 18 3348 1
606 17 260 18 3348 1
607 24 241 17 5932 1
608 30 227 14 2544 1
609 22 242 17 5982 1
610 31 237 13 3527 1
611 26 237 15 3158 1
612 14 260 20 4926 1
613 74 240 17 5814 1
614 26 236 5 949 1
615 28 263 16 5658 1
616 17 241 14 4293 1
617 33 255 13 2834 1
618 65 255 13 2834 1
619 66 235 14 3324 1
620 13 256 11 2617 1
621 20 237 7 1231 1
622 12 236 8 2771 1
623 23 236 8 2771 1
624 3 228 15 1781 1
625 35 242 17 4278 1
626 36 227 13 1992 1
627 5 247 18 5366 1
628 16 228 17 3648 1
629 4 263 11 2441 1
630 4 229 13 2766 1
631 21 259 25 7158 1
632 32 263 18 2935 1
633 61 228 15 5068 1
634 5 228 11 1679 1
635 7 237 7 2118 1
636 8 261 21 7651 1
637 33 250 4 819 1
638 8 236 13 3829 1
639 107 236 13 2552 1
640 22 255 27 8159 1
641 41 261 14 5418 1
642 15 237 8 1639 1
643 25 240 20 5502 1
644 13 240 15 3645 1
645 4 261 18 4205 1
646 30 245 13 2504 1
647 30 245 17 4813 1
648 9 260 10 3542 1
649 60 227 8 1461 1
650 119 227 8 1461 1
651 23 227 15 2477 1
652 6 255 23 5616 1
653 14 229 7 2389 1
654 8 256 14 2887 1
655 15 256 14 2887 1
656 42 252 11 3455 1
657 24 227 13 3874 1
658 23 260 10 2699 1
659 35 261 21 6181 1
660 28 247 14 1988 1
661 63 252 13 3055 1
662 30 247 19 6047 1
663 22 259 20 2601 1
664 5 256 17 3498 1
665 9 256 17 3498 1
666 30 263 20 7778 1
667 59 263 20 7778 1
668 88 263 20 7778 1
669 27 255 18 2915 1
670 2 250 15 4823 1
671 16 263 20 6977 1
672 31 263 20 6977 1
673 29 242 12 2557 1
674 57 242 12 2557 1
675 7 247 21 4362 1
676 13 247 21 4362 1
677 32 260 11 3372 1
678 19 245 8 2046 1
679 37 245 8 2046 1
680 22 252 10 2819 1
681 21 242 8 1013 1
682 31 263 14 5409 1
683 61 263 14 5409 1
684 22 300 17 7515 1
685 80 280 7 1547 1
686 8 292 19 7775 1
687 15 292 19 7775 1
688 22 292 19 7775 1
689 29 292 19 7775 1
690 24 283 13 5171 1
691 21 268 4 1375 1
692 18 278 17 2937 1
693 24 293 11 3449 1
694 38 292 23 4770 1
695 15 296 8 3188 1
696 25 278 18 5963 1
697 25 281 15 2185 1
698 5 277 25 4158 1
699 33 276 10 3478 1
700 20 281 15 4833 1
701 39 281 15 4833 1
702 58 281 15 4833 1
703 77 281 15 4833 1
704 96 281 15 4833 1
705 115 281 15 4833 1
706 134 281 15 4833 1
707 27 272 14 4089 1
708 43 279 16 6563 1
709 22 302 22 9123 1
710 5 296 17 6122 1
711 9 296 17 6122 1
712 23 285 12 3718 1
713 14 295 14 4037 1
714 36 272 15 5476 1
715 17 268 20 5745 1
716 8 300 18 6779 1
717 92 275 12 2597 1
718 183 275 12 2597 1
719 23 279 18 5431 1
720 25 277 14 4718 1
721 49 277 14 4718 1
722 73 277 14 4718 1
723 8 264 13 4644 1
724 3 283 15 4350 1
725 11 275 23 8648 1
726 7 277 16 4363 1
727 39 267 14 2578 1
728 42 271 20 5140 1
729 83 271 20 5140 1
730 39 265 27 3787 1
731 21 269 17 2629 1
732 43 264 12 3674 1
733 28 295 12 5007 1
734 6 272 16 5526 1
735 25 269 24 6113 1
736 49 269 24 6113 1
737 27 300 21 5771 1
738 13 299 9 3384 1
739 36 268 13 2576 1
740 20 280 8 1161 1
741 95 272 4 1328 1
742 30 266 13 1755 1
743 43 277 17 2452 1
744 33 277 17 7018 1
745 21 280 16 4115 1
746 22 292 12 3647 1
747 64 294 18 2821 1
748 5 296 10 2670 1
749 15 292 13 2395 1
750 42 276 7 2389 1
751 5 270 22 6361 1
752 9 270 22 6361 1
753 13 270 22 6361 1
754 30 272 13 3567 1
755 40 299 4 1577 1
756 60 293 21 6569 1
757 15 279 19 5827 1
758 29 279 19 5827 1
759 21 264 18 6973 1
760 25 290 19 7969 1
761 23 290 23 3557 1
762 45 290 23 3557 1
763 67 290 23 3557 1
764 19 264 17 3337 1
765 37 264 17 3337 1
766 55 264 17 3337 1
767 73 264 17 3337 1
768 30 269 17 2821 1
769 22 265 17 2866 1
770 23 268 23 3223 1
771 29 266 21 4015 1
772 57 266 21 4015 1
773 85 266 21 4015 1
774 113 266 21 4015 1
775 141 266 21 4015 1
776 169 266 21 4015 1
777 19 281 17 6584 1
778 37 281 17 6584 1
779 5 271 21 5641 1
780 2 277 9 2195 1
781 40 283 22 7768 1
782 34 281 12 2125 1
783 6 280 10 2970 1
784 24 302 18 5726 1
785 47 302 18 5726 1
786 66 283 9 3698 1
787 41 272 10 4032 1
788 43 280 13 3887 1
789 83 265 21 7178 1
790 28 279 15 2601 1
791 58 276 24 7065 1
792 3 264 6 2207 1
793 6 272 18 6202 1
794 20 271 20 7986 1
795 39 271 20 7986 1
796 47 272 31 8326 1
797 93 272 31 8326 1
798 21 296 20 8158 1
799 21 276 14 3316 1
800 63 269 25 6186 1
801 25 267 9 1556 1
802 49 267 9 1556 1
803 39 302 19 7832 1
804 73 276 27 5920 1
805 70 280 12 2418 1
806 23 269 19 3468 1
807 45 269 19 3468 1
808 67 269 19 3468 1
809 4 266 12 1619 1
810 37 272 19 5814 1
811 73 272 19 5814 1
812 43 280 19 4470 1
813 85 280 19 4470 1
814 127 280 19 4470 1
815 21 270 19 5950 1
816 41 270 19 5950 1
817 59 271 24 4858 1
818 6 267 18 3010 1
819 11 267 18 3010 1
820 16 283 23 4359 1
821 20 280 22 6817 1
822 3 280 8 1470 1
823 22 275 18 4114 1
824 48 299 18 6105 1
825 28 302 5 1126 1
826 27 301 21 7178 1
827 11 266 16 5675 1
828 1 266 12 4656 1
829 1 266 12 4656 1
830 21 276 14 5439 1
831 21 271 26 10473 1
832 52 266 8 2886 1
833 103 266 8 2886 1
834 154 266 8 2886 1
835 21 278 16 6394 1
836 22 277 11 1755 1
837 43 277 11 1755 1
838 22 268 20 7829 1
839 23 280 8 1305 1
840 31 277 14 3784 1
841 17 269 12 4591 1
842 23 267 14 3848 1
843 10 296 16 6626 1
844 62 280 14 3066 1
845 15 267 12 3645 1
846 4 292 9 3244 1
847 7 292 9 3244 1
848 4 265 23 4371 1
849 3 280 29 9108 1
850 4 301 9 3891 1
851 66 299 43 13695 1
852 64 268 18 6663 1
853 13 269 21 3577 1
854 36 301 12 5390 1
855 5 300 18 5350 1
856 36 294 14 5932 1
857 17 299 13 4817 1
858 21 302 17 4536 1
859 5 266 11 1505 1
860 4 296 22 7263 1
861 9 269 12 1688 1
862 22 271 18 4406 1
863 63 329 22 6167 1
864 34 335 15 5638 1
865 67 335 15 5638 1
866 1 340 28 11483 1
867 17 332 8 2730 1
868 33 332 8 2730 1
869 27 323 10 3863 1
870 18 321 16 5482 1
871 36 334 17 6734 1
872 71 334 17 6734 1
873 26 339 14 2708 1
874 45 334 19 5349 1
875 35 329 7 2960 1
876 62 338 25 12032 1
877 123 338 25 12032 1
878 13 319 12 4485 1
879 25 319 12 4485 1
880 25 318 16 5089 1
881 27 305 16 4297 1
882 99 305 25 5297 1
883 16 319 12 4073 1
884 22 305 17 2732 1
885 43 305 17 2732 1
886 64 305 17 2732 1
887 56 340 17 4319 1
888 111 340 17 4319 1
889 166 340 17 4319 1
890 25 304 16 5600 1
891 23 321 14 6647 1
892 74 304 10 4227 1
893 15 323 15 3427 1
894 36 305 19 6513 1
895 57 302 14 3115 1
896 2 329 14 6001 1
897 3 329 14 6001 1
898 25 335 14 3899 1
899 49 335 14 3899 1
900 73 335 14 3899 1
901 3 336 11 5359 1
902 27 332 13 5935 1
903 28 337 21 9505 1
904 19 332 17 7586 1
905 69 335 16 7669 1
906 137 335 16 7669 1
907 25 318 13 4082 1
908 66 334 9 2188 1
909 2 337 9 3616 1
910 23 302 24 10533 1
911 27 331 13 2699 1
912 28 323 16 4083 1
913 55 323 16 4083 1
914 26 302 12 4097 1
915 24 304 11 4008 1
916 25 305 19 4843 1
917 49 305 19 4843 1
918 104 336 15 3132 1
919 30 337 22 6991 1
920 46 339 14 2854 1
921 24 319 10 4339 1
922 68 321 20 5782 1
923 24 329 9 2314 1
924 47 329 9 2314 1
925 17 331 24 10237 1
926 15 338 24 6397 1
927 26 306 15 3559 1
928 51 306 15 3559 1
929 27 329 16 5473 1
930 53 329 16 5473 1
931 28 340 13 4457 1
932 16 333 31 11711 1
933 26 319 21 4813 1
934 51 319 21 4813 1
935 25 306 16 5010 1
936 2 323 11 4976 1
937 23 336 9 2189 1
938 21 331 23 10166 1
939 27 305 25 10985 1
940 2 338 15 3083 1
941 25 335 20 6957 1
942 26 333 9 2010 1
943 19 321 20 6021 1
944 4 325 24 9260 1
945 12 305 20 3290 1
946 54 340 16 2942 1
947 26 302 24 8862 1
948 51 321 22 4105 1
949 22 304 16 4653 1
950 69 302 22 7328 1
951 34 335 18 6927 1
952 67 335 18 6927 1
953 57 305 16 4731 1
954 45 351 18 7877 1
955 23 351 18 5006 1
956 24 364 17 7408 1
957 51 353 20 5563 1
958 27 365 28 11964 1
959 50 400 20 9526 1
960 54 349 25 10022 1
961 101 396 15 4988 1
962 24 364 26 7907 1
963 25 398 40 18675 1
964 16 349 19 5773 1
965 60 353 33 15861 1
966 54 366 26 13246 1
967 48 350 22 8044 1
968 25 365 21 6194 1
969 24 398 30 8211 1
970 29 364 37 15451 1
971 18 353 22 5832 1
972 35 398 11 6030 1
973 84 350 29 12902 1
974 18 350 26 5487 1
975 51 366 29 14212 1
976 47 350 24 6921 1
977 51 365 19 9607 1
978 78 349 24 5252 1
979 50 396 20 4043 1
980 64 347 31 10276 1
981 55 350 22 8426 1
982 59 364 22 11759 1
983 82 368 24 12840 1
984 67 399 19 9834 1
985 58 364 39 18398 1
986 28 400 20 7654 1
987 77 369 21 4606 1
988 66 349 26 7773 1
989 66 349 15 5975 1
990 56 365 19 5590 1
991 78 365 22 6296 1
992 67 364 24 10418 1
993 56 348 26 7867 1
994 27 368 11 4729 1
995 53 368 11 4729 1
996 66 349 26 9718 1
997 25 366 25 9549 1
998 47 349 33 9320 1
999 26 398 24 13666 1
1000 129 369 20 3880 1
1001 22 368 25 7227 1
1002 4 349 31 8175 1
1003 63 365 22 10341 1
1004 125 365 22 10341 1
1005 48 368 34 12766 1
1006 29 350 23 4635 1
1007 58 400 29 13095 1
1008 66 353 15 3001 1
1009 39 348 18 3579 1
1010 19 365 17 6177 1
1011 51 396 17 7436 1
1012 101 396 17 7436 1
1013 23 368 19 7751 1
1014 20 366 36 10205 1
1015 22 350 21 8898 1
1016 43 350 21 8898 1
1017 29 399 25 5753 1
1018 27 351 33 15805 1
1019 56 400 22 12788 1
1020 99 364 22 7482 1
1021 197 364 22 7482 1
1022 80 365 22 8927 1
1023 77 349 23 7242 1
1024 47 368 19 9993 1
1025 17 369 17 6195 1
1026 87 353 40 18779 1
1027 18 351 13 2375 1
1028 107 400 9 2545 1
1029 31 350 24 6683 1
1030 57 350 19 8335 1
1031 23 364 19 5330 1
1032 61 368 23 12581 1
1033 81 399 26 10722 1
1034 113 351 24 8560 1
1035 27 399 23 7872 1
1036 28 365 21 9365 1
1037 26 347 24 9845 1
40
235 400 530 450 480 440 440 544 580 580 580 540 600 610 575 660 450 450 375 450 450 600 600 600 400 426 500 500 500 500 500 500 600 600 600 400 400 600 425 425 