1037
1 4 150 11 1022 1
2 10 178 14 1583 1
3 19 178 14 1583 1
4 18 162 20 2654 1
5 28 163 15 1290 1
6 8 169 14 3045 1
7 15 169 14 3045 1
8 15 173 9 1612 1
9 14 177 17 3423 1
10 5 166 17 3892 1
11 22 154 13 2391 1
12 17 173 8 817 1
13 11 125 11 1463 1
14 21 125 11 1463 1
15 31 125 11 1463 1
16 23 143 4 549 1
17 17 101 11 1289 1
18 9 158 18 3840 1
19 17 158 18 3840 1
20 16 112 14 1815 1
21 8 125 15 1413 1
22 15 125 15 1413 1
23 22 125 15 1413 1
24 9 181 23 3321 1
25 17 181 23 3321 1
26 1 191 26 3160 1
27 1 191 26 3160 1
28 4 185 20 4915 1
29 7 185 20 4915 1
30 10 185 20 4915 1
31 10 141 12 2025 1
32 11 177 30 4494 1
33 1 140 18 2132 1
34 6 162 22 2139 1
35 11 162 22 2139 1
36 4 146 11 954 1
37 7 146 11 954 1
38 2 172 21 4282 1
39 3 172 21 4282 1
40 16 185 15 3829 1
41 19 185 9 1741 1
42 5 130 10 859 1
43 9 130 10 859 1
44 13 130 10 859 1
45 17 130 10 859 1
46 12 144 11 1527 1
47 23 144 11 1527 1
48 10 178 18 4576 1
49 31 175 42 10060 1
50 61 175 42 10060 1
51 10 180 37 4206 1
52 10 125 11 1339 1
53 1 120 10 1292 1
54 1 120 10 1292 1
55 7 155 20 3715 1
56 10 158 18 2543 1
57 19 158 18 2543 1
58 9 137 12 1472 1
59 17 137 12 1472 1
60 33 101 11 1062 1
61 11 148 25 5124 1
62 21 148 25 5124 1
63 10 121 15 1021 1
64 7 185 18 3442 1
65 14 121 11 702 1
66 6 184 16 2570 1
67 2 101 12 735 1
68 11 126 18 2783 1
69 21 126 18 2783 1
70 15 147 19 3807 1
71 7 137 16 3111 1
72 8 135 8 1049 1
73 4 189 21 3865 1
74 7 189 21 3865 1
75 4 182 16 2726 1
76 7 182 16 2726 1
77 10 182 16 2726 1
78 13 182 16 2726 1
79 3 150 11 1296 1
80 5 150 11 1296 1
81 7 150 11 1296 1
82 9 150 11 1296 1
83 11 143 13 1714 1
84 21 143 13 1714 1
85 31 143 13 1714 1
86 41 143 13 1714 1
87 51 143 13 1714 1
88 12 141 10 1981 1
89 85 178 34 5211 1
90 169 178 34 5211 1
91 8 140 16 2101 1
92 15 140 16 2101 1
93 8 189 19 4685 1
94 12 191 22 5106 1
95 9 131 23 2761 1
96 7 187 15 3382 1
97 4 152 12 1585 1
98 7 152 12 1585 1
99 2 131 6 1083 1
100 3 131 6 1083 1
101 4 131 6 1083 1
102 8 143 10 815 1
103 15 143 10 815 1
104 8 165 10 1409 1
105 18 91 5 247 1
106 20 133 13 1666 1
107 39 133 13 1666 1
108 4 120 14 925 1
109 10 154 21 3799 1
110 8 130 19 1309 1
111 21 130 17 2260 1
112 6 148 12 1737 1
113 11 148 12 1737 1
114 17 148 17 2455 1
115 9 91 9 1100 1
116 18 166 15 3600 1
117 6 171 18 1628 1
118 5 150 11 2255 1
119 9 150 11 2255 1
120 6 148 23 1819 1
121 8 170 39 4370 1
122 15 170 39 4370 1
123 22 170 39 4370 1
124 9 160 9 1722 1
125 17 160 9 1722 1
126 25 160 9 1722 1
127 13 112 14 2288 1
128 16 181 28 5196 1
129 7 166 22 2256 1
130 15 145 11 1166 1
131 9 189 14 1544 1
132 17 189 14 1544 1
133 4 122 11 1607 1
134 7 122 11 1607 1
135 8 171 13 2579 1
136 15 162 22 3930 1
137 12 147 15 1897 1
138 23 147 15 1897 1
139 9 173 13 2658 1
140 9 178 11 1718 1
141 17 178 11 1718 1
142 2 135 15 2043 1
143 3 135 15 2043 1
144 4 135 15 2043 1
145 5 135 15 2043 1
146 6 135 15 2043 1
147 9 121 9 1615 1
148 10 158 16 2294 1
149 10 170 19 3285 1
150 7 168 8 1253 1
151 6 185 17 1578 1
152 11 185 17 1578 1
153 16 185 17 1578 1
154 21 185 17 1578 1
155 3 137 4 817 1
156 5 137 4 817 1
157 17 169 14 1907 1
158 7 147 22 2691 1
159 13 147 22 2691 1
160 28 170 11 1384 1
161 55 170 11 1384 1
162 16 116 16 2100 1
163 5 125 9 1526 1
164 3 150 20 3428 1
165 16 91 10 1215 1
166 12 134 9 643 1
167 23 134 9 643 1
168 95 180 13 3136 1
169 22 147 18 3718 1
170 16 191 20 5601 1
171 15 116 9 1377 1
172 29 116 9 1377 1
173 7 176 10 2579 1
174 29 120 2 324 1
175 15 150 17 2104 1
176 20 182 12 1879 1
177 6 137 14 1673 1
178 25 165 15 2150 1
179 75 112 7 836 1
180 3 166 9 1400 1
181 5 181 20 4871 1
182 9 181 20 4871 1
183 13 181 20 4871 1
184 115 166 6 1099 1
185 10 121 20 1930 1
186 19 121 20 1930 1
187 23 180 15 3884 1
188 132 177 21 2516 1
189 15 131 7 1364 1
190 43 101 8 1207 1
191 9 87 5 371 1
192 8 126 14 894 1
193 14 162 4 775 1
194 2 112 4 300 1
195 3 112 4 300 1
196 4 112 4 300 1
197 15 101 7 683 1
198 12 187 13 2406 1
199 16 125 15 977 1
200 23 180 20 4642 1
201 45 180 20 4642 1
202 67 180 20 4642 1
203 9 144 8 814 1
204 17 144 8 814 1
205 8 176 32 3170 1
206 15 176 32 3170 1
207 22 176 32 3170 1
208 5 167 10 1552 1
209 9 167 10 1552 1
210 16 172 19 3876 1
211 11 122 16 1315 1
212 21 122 16 1315 1
213 31 122 16 1315 1
214 41 122 16 1315 1
215 51 122 16 1315 1
216 61 122 16 1315 1
217 71 122 16 1315 1
218 22 116 6 1010 1
219 4 172 7 1736 1
220 7 172 7 1736 1
221 10 172 7 1736 1
222 4 172 17 2369 1
223 11 137 10 1085 1
224 21 137 10 1085 1
225 21 150 16 1507 1
226 41 150 16 1507 1
227 28 131 27 3405 1
228 15 189 3 787 1
229 15 167 18 3127 1
230 5 168 20 3061 1
231 9 168 20 3061 1
232 8 91 5 349 1
233 22 170 17 1654 1
234 22 113 14 1391 1
235 43 113 14 1391 1
236 10 167 18 4423 1
237 56 183 29 5325 1
238 14 147 16 2981 1
239 27 147 16 2981 1
240 16 171 15 2776 1
241 16 133 15 1538 1
242 7 141 24 4464 1
243 13 141 24 4464 1
244 15 125 10 831 1
245 24 180 3 553 1
246 47 180 3 553 1
247 10 174 18 2037 1
248 15 150 11 905 1
249 4 130 12 1588 1
250 7 130 12 1588 1
251 10 130 12 1588 1
252 22 163 19 2887 1
253 3 87 10 462 1
254 15 125 2 177 1
255 29 125 2 177 1
256 89 131 11 1437 1
257 23 137 8 797 1
258 6 144 14 1780 1
259 11 144 14 1780 1
260 16 144 14 1780 1
261 7 140 16 2426 1
262 1 143 11 1911 1
263 1 171 29 3739 1
264 5 176 29 7600 1
265 17 189 34 6727 1
266 33 189 34 6727 1
267 2 160 22 2676 1
268 5 154 19 3478 1
269 8 134 6 605 1
270 20 159 19 4225 1
271 8 145 10 776 1
272 15 145 10 776 1
273 7 178 10 2099 1
274 13 178 10 2099 1
275 19 178 10 2099 1
276 6 167 15 2219 1
277 11 167 15 2219 1
278 16 167 15 2219 1
279 5 159 22 4735 1
280 83 169 17 3746 1
281 32 166 9 1399 1
282 7 181 19 1783 1
283 9 130 3 200 1
284 17 130 3 200 1
285 25 130 3 200 1
286 33 130 3 200 1
287 6 189 14 1925 1
288 15 121 9 1632 1
289 14 122 12 2173 1
290 27 122 12 2173 1
291 15 125 6 632 1
292 31 116 10 1709 1
293 4 171 23 4687 1
294 15 181 14 2987 1
295 12 116 13 1470 1
296 24 160 28 2545 1
297 4 141 15 2524 1
298 5 137 18 3365 1
299 71 188 16 3852 1
300 7 172 29 6953 1
301 13 172 29 6953 1
302 19 184 25 3288 1
303 24 181 17 3095 1
304 47 181 17 3095 1
305 20 162 15 2978 1
306 10 180 15 3137 1
307 13 187 19 4627 1
308 6 101 7 1023 1
309 1 175 31 7596 1
310 1 175 31 7596 1
311 1 175 31 7596 1
312 15 131 7 542 1
313 15 173 18 2647 1
314 29 173 18 2647 1
315 14 159 13 2877 1
316 13 174 15 2993 1
317 9 157 13 1072 1
318 17 157 13 1072 1
319 34 112 18 2312 1
320 1 152 24 2448 1
321 1 152 24 2448 1
322 2 101 8 1109 1
323 3 101 8 1109 1
324 8 137 19 3518 1
325 15 137 19 3518 1
326 16 144 17 3558 1
327 4 146 13 1947 1
328 16 187 21 5343 1
329 10 141 14 2910 1
330 6 176 17 2127 1
331 18 152 11 1439 1
332 16 116 16 1603 1
333 13 120 6 568 1
334 25 120 6 568 1
335 2 178 9 1630 1
336 3 188 20 4990 1
337 3 180 15 2254 1
338 5 180 15 2254 1
339 7 180 15 2254 1
340 5 134 15 2331 1
341 112 184 7 1029 1
342 25 135 22 3610 1
343 19 121 13 1020 1
344 3 125 10 1153 1
345 19 137 14 1025 1
346 37 137 14 1025 1
347 55 137 14 1025 1
348 17 101 12 1310 1
349 33 101 12 1310 1
350 20 170 12 1223 1
351 82 168 16 1875 1
352 12 154 17 3108 1
353 10 134 8 1105 1
354 19 134 8 1105 1
355 28 134 8 1105 1
356 15 113 9 1176 1
357 23 150 12 1862 1
358 45 150 12 1862 1
359 67 150 12 1862 1
360 15 152 28 5125 1
361 12 148 10 2101 1
362 23 148 10 2101 1
363 6 162 18 3851 1
364 14 137 12 2442 1
365 27 137 12 2442 1
366 15 176 8 2007 1
367 16 133 10 805 1
368 6 177 17 3431 1
369 11 177 17 3431 1
370 16 177 17 3431 1
371 11 166 16 3565 1
372 21 166 16 3565 1
373 12 191 16 1790 1
374 12 183 11 1068 1
375 23 183 11 1068 1
376 34 183 11 1068 1
377 5 149 22 4014 1
378 9 149 22 4014 1
379 8 133 11 1842 1
380 7 121 2 282 1
381 19 165 6 815 1
382 2 148 15 1417 1
383 8 146 16 2880 1
384 12 126 10 1276 1
385 23 126 10 1276 1
386 34 126 10 1276 1
387 45 126 10 1276 1
388 56 126 10 1276 1
389 67 126 10 1276 1
390 78 126 10 1276 1
391 9 166 30 7214 1
392 4 149 21 1793 1
393 7 149 21 1793 1
394 10 149 21 1793 1
395 13 149 21 1793 1
396 6 154 20 2979 1
397 11 154 20 2979 1
398 16 154 20 2979 1
399 21 154 20 2979 1
400 26 154 20 2979 1
401 31 154 20 2979 1
402 36 154 20 2979 1
403 41 154 20 2979 1
404 46 154 20 2979 1
405 5 176 29 5442 1
406 7 149 18 2628 1
407 17 163 15 2181 1
408 52 196 18 2029 1
409 16 193 21 2515 1
410 9 195 13 1343 1
411 17 195 13 1343 1
412 11 194 24 6982 1
413 21 194 24 6982 1
414 3 195 23 6023 1
415 15 195 5 1335 1
416 29 195 5 1335 1
417 8 194 22 3291 1
418 15 194 22 3291 1
419 9 195 20 5705 1
420 17 195 20 5705 1
421 19 196 25 3906 1
422 8 195 9 2386 1
423 8 193 10 1314 1
424 8 193 14 3172 1
425 15 193 14 3172 1
426 22 193 14 3172 1
427 14 194 25 5079 1
428 27 194 25 5079 1
429 8 196 6 762 1
430 15 196 6 762 1
431 22 196 6 762 1
432 29 196 6 762 1
433 23 197 19 2346 1
434 18 195 16 2301 1
435 3 193 14 1724 1
436 9 194 20 5438 1
437 9 223 7 1188 1
438 35 198 7 1246 1
439 32 198 26 3599 1
440 8 202 11 2306 1
441 15 202 11 2306 1
442 8 212 13 2468 1
443 3 209 14 3103 1
444 18 202 15 3146 1
445 46 201 12 1316 1
446 31 223 14 2251 1
447 7 201 27 5486 1
448 55 226 14 2541 1
449 19 216 18 3901 1
450 29 216 11 3532 1
451 11 222 12 1382 1
452 6 202 16 4078 1
453 6 202 22 4116 1
454 6 222 12 2385 1
455 7 201 11 2245 1
456 13 201 11 2245 1
457 23 220 18 2564 1
458 45 220 18 2564 1
459 67 220 18 2564 1
460 89 220 18 2564 1
461 111 220 18 2564 1
462 133 220 18 2564 1
463 7 222 8 1551 1
464 13 222 8 1551 1
465 15 199 8 2076 1
466 28 201 6 997 1
467 12 222 20 6603 1
468 8 199 13 2137 1
469 28 209 11 2939 1
470 55 209 11 2939 1
471 10 200 6 689 1
472 19 200 6 689 1
473 28 200 6 689 1
474 6 209 8 1994 1
475 29 212 19 5873 1
476 8 212 12 3625 1
477 15 212 12 3625 1
478 41 216 19 5427 1
479 28 200 10 1207 1
480 55 200 10 1207 1
481 78 216 19 4007 1
482 30 226 7 935 1
483 59 226 7 935 1
484 6 213 16 2502 1
485 2 213 22 6772 1
486 7 199 10 2934 1
487 6 202 11 2641 1
488 27 211 4 829 1
489 7 201 16 2203 1
490 13 201 16 2203 1
491 3 220 15 3328 1
492 12 217 4 1244 1
493 11 224 16 5011 1
494 2 209 9 1524 1
495 43 213 21 5714 1
496 28 198 16 4705 1
497 28 198 16 2529 1
498 12 223 17 3613 1
499 23 223 17 3613 1
500 34 223 17 3613 1
501 27 199 22 4860 1
502 25 224 17 5621 1
503 49 224 17 5621 1
504 6 221 10 2433 1
505 7 217 9 2735 1
506 25 200 15 1686 1
507 30 224 8 1103 1
508 29 198 14 2746 1
509 57 198 14 2746 1
510 8 209 8 1147 1
511 2 200 11 1162 1
512 16 221 14 2799 1
513 6 199 14 4118 1
514 7 216 15 3453 1
515 15 202 6 1379 1
516 15 198 15 3535 1
517 10 202 12 2587 1
518 19 202 12 2587 1
519 7 226 24 3051 1
520 8 217 13 3870 1
521 9 226 15 4952 1
522 45 222 11 3406 1
523 89 222 11 3406 1
524 133 222 11 3406 1
525 177 222 11 3406 1
526 31 198 10 1538 1
527 61 198 10 1538 1
528 91 198 10 1538 1
529 29 224 15 4271 1
530 28 210 16 4515 1
531 51 200 9 1013 1
532 101 200 9 1013 1
533 6 223 17 4226 1
534 7 213 16 2768 1
535 21 213 17 3880 1
536 9 210 19 3970 1
537 17 210 19 3970 1
538 29 212 12 2092 1
539 14 201 3 473 1
540 15 211 16 3264 1
541 49 222 14 3564 1
542 23 199 13 1803 1
543 45 199 13 1803 1
544 8 210 19 2970 1
545 25 209 15 2494 1
546 28 212 5 1297 1
547 26 217 11 3101 1
548 30 221 14 2161 1
549 59 221 14 2161 1
550 43 213 13 2906 1
551 27 198 13 3860 1
552 53 198 13 3860 1
553 79 198 13 3860 1
554 9 210 10 2937 1
555 27 221 11 2731 1
556 23 216 10 1271 1
557 17 222 13 4039 1
558 33 222 13 4039 1
559 12 213 13 2888 1
560 23 213 13 2888 1
561 34 213 13 2888 1
562 5 232 20 6030 1
563 4 240 14 2137 1
564 14 242 11 3843 1
565 67 245 16 3438 1
566 25 240 20 2926 1
567 28 252 22 7259 1
568 3 263 17 2293 1
569 29 231 19 6246 1
570 2 259 22 7764 1
571 64 239 14 2887 1
572 61 262 14 5252 1
573 74 231 12 3874 1
574 4 262 19 7291 1
575 23 259 10 3701 1
576 26 241 18 6377 1
577 2 256 14 3469 1
578 2 228 14 3270 1
579 15 252 16 5518 1
580 24 263 8 2165 1
581 5 259 10 2996 1
582 12 247 8 1058 1
583 4 260 18 4807 1
584 27 259 18 3727 1
585 14 231 16 3346 1
586 11 262 25 8269 1
587 21 262 25 8269 1
588 22 227 22 3280 1
589 20 235 25 7876 1
590 4 242 18 2355 1
591 29 256 25 8871 1
592 57 256 25 8871 1
593 30 231 15 4742 1
594 3 261 19 3414 1
595 5 236 18 4012 1
596 23 252 20 4315 1
597 28 240 18 5793 1
598 5 259 20 3576 1
599 9 259 20 3576 1
600 36 247 20 6354 1
601 5 240 10 1761 1
602 24 260 18 6009 1
603 15 239 17 2302 1
604 17 259 24 6306 1
605 22 227 14 2683 1
606 3 227 12 1970 1
607 5 227 12 1970 1
608 7 227 12 1970 1
609 21 262 17 4094 1
610 57 252 20 3907 1
611 69 256 20 5414 1
612 137 256 20 5414 1
613 205 256 20 5414 1
614 23 228 17 2702 1
615 45 228 17 2702 1
616 75 227 19 4258 1
617 14 237 12 2344 1
618 7 227 4 1035 1
619 80 242 19 3321 1
620 13 236 29 6477 1
621 4 232 10 1906 1
622 12 237 11 3466 1
623 5 263 5 1513 1
624 9 263 5 1513 1
625 29 229 20 5223 1
626 7 245 10 2515 1
627 13 245 10 2515 1
628 354 227 16 5382 1
629 80 227 30 7873 1
630 29 247 16 2520 1
631 57 247 16 2520 1
632 85 247 16 2520 1
633 113 247 16 2520 1
634 174 228 9 1855 1
635 4 245 2 554 1
636 7 245 2 554 1
637 16 263 20 6254 1
638 47 263 17 2788 1
639 25 231 4 1038 1
640 62 229 22 5286 1
641 79 250 17 3533 1
642 10 263 11 2827 1
643 48 252 9 2782 1
644 6 240 10 2515 1
645 29 261 27 7869 1
646 57 261 27 7869 1
647 29 239 15 2914 1
648 45 237 22 7163 1
649 89 237 22 7163 1
650 81 259 10 3347 1
651 6 229 5 872 1
652 32 252 14 3288 1
653 36 235 16 2779 1
654 5 247 10 2865 1
655 9 247 10 2865 1
656 36 235 21 3961 1
657 23 236 9 1314 1
658 45 236 9 1314 1
659 27 259 10 2950 1
660 30 245 7 954 1
661 36 228 8 1487 1
662 6 262 13 3483 1
663 11 262 13 3483 1
664 16 262 13 3483 1
665 8 242 10 2443 1
666 21 252 20 7135 1
667 29 259 11 3863 1
668 20 236 22 6790 1
669 39 236 22 6790 1
670 13 232 12 3098 1
671 25 232 12 3098 1
672 11 256 22 5264 1
673 26 227 13 4075 1
674 8 260 21 3239 1
675 15 260 21 3239 1
676 23 236 12 2242 1
677 21 236 14 2468 1
678 41 236 14 2468 1
679 61 236 14 2468 1
680 42 237 12 1904 1
681 83 237 12 1904 1
682 17 260 9 2596 1
683 56 261 17 2784 1
684 17 278 21 5626 1
685 33 278 21 5626 1
686 49 278 21 5626 1
687 65 278 21 5626 1
688 10 281 21 4416 1
689 19 281 21 4416 1
690 28 279 13 3876 1
691 55 279 13 3876 1
692 38 268 15 4232 1
693 3 272 11 1962 1
694 25 292 11 3013 1
695 49 292 11 3013 1
696 30 281 10 3512 1
697 59 281 10 3512 1
698 88 281 10 3512 1
699 29 292 20 7585 1
700 6 279 12 1726 1
701 42 271 18 2745 1
702 29 278 21 6207 1
703 42 280 15 4056 1
704 5 302 16 3495 1
705 6 277 26 4635 1
706 22 302 18 8081 1
707 43 302 18 8081 1
708 29 278 16 2691 1
709 25 302 15 3027 1
710 42 266 12 3964 1
711 26 279 15 2676 1
712 51 279 15 2676 1
713 76 279 15 2676 1
714 101 279 15 2676 1
715 126 279 15 2676 1
716 18 296 13 5681 1
717 24 299 23 8960 1
718 26 272 21 6894 1
719 28 281 13 5213 1
720 55 281 13 5213 1
721 2 299 17 7443 1
722 21 269 4 556 1
723 16 271 12 3433 1
724 37 277 20 3551 1
725 23 279 16 4931 1
726 45 279 16 4931 1
727 286 285 20 7919 1
728 63 296 21 3350 1
729 10 278 12 4727 1
730 24 295 22 4818 1
731 3 279 19 5805 1
732 5 279 19 5805 1
733 24 275 12 3023 1
734 16 293 21 8764 1
735 21 272 13 4253 1
736 38 270 16 3587 1
737 23 270 9 1861 1
738 45 270 9 1861 1
739 65 269 15 4154 1
740 63 277 12 3448 1
741 22 292 19 5552 1
742 6 294 19 7923 1
743 26 294 10 2397 1
744 55 285 21 7861 1
745 39 302 13 5185 1
746 3 266 19 2995 1
747 30 300 19 4704 1
748 22 272 11 3558 1
749 43 272 11 3558 1
750 12 290 18 5091 1
751 23 290 18 5091 1
752 71 301 25 4781 1
753 14 278 13 3622 1
754 27 278 13 3622 1
755 40 278 13 3622 1
756 23 277 22 5192 1
757 20 293 18 6983 1
758 39 293 18 6983 1
759 8 292 8 3458 1
760 23 295 27 10255 1
761 45 295 27 10255 1
762 15 264 15 3160 1
763 23 278 15 5320 1
764 75 266 17 2469 1
765 26 279 13 3325 1
766 4 300 16 3645 1
767 25 269 10 2229 1
768 29 300 9 1827 1
769 57 300 9 1827 1
770 85 300 9 1827 1
771 126 294 26 7138 1
772 30 302 13 4948 1
773 59 302 13 4948 1
774 25 293 21 6356 1
775 49 293 21 6356 1
776 2 267 11 2590 1
777 27 300 12 3803 1
778 53 300 12 3803 1
779 18 266 5 1870 1
780 21 279 15 3956 1
781 55 293 15 4253 1
782 4 264 16 2276 1
783 46 280 8 3322 1
784 33 277 13 3616 1
785 28 265 8 1116 1
786 75 292 15 6349 1
787 149 292 15 6349 1
788 26 292 8 2534 1
789 51 292 8 2534 1
790 76 292 8 2534 1
791 101 292 8 2534 1
792 126 292 8 2534 1
793 28 296 27 11757 1
794 55 296 27 11757 1
795 82 296 27 11757 1
796 23 281 17 3446 1
797 60 283 23 7011 1
798 6 265 28 3926 1
799 11 265 28 3926 1
800 10 276 17 3126 1
801 19 276 17 3126 1
802 7 290 19 3560 1
803 23 265 19 4897 1
804 65 296 11 2637 1
805 61 270 14 5330 1
806 121 270 14 5330 1
807 20 270 17 5861 1
808 39 270 17 5861 1
809 191 266 9 1882 1
810 2 270 14 4044 1
811 23 265 11 1791 1
812 24 280 19 3693 1
813 6 290 15 6484 1
814 66 283 20 6640 1
815 50 270 6 919 1
816 26 285 12 5068 1
817 34 285 9 2236 1
818 15 283 11 2943 1
819 29 283 11 2943 1
820 43 283 11 2943 1
821 57 283 11 2943 1
822 71 283 11 2943 1
823 85 283 11 2943 1
824 99 283 11 2943 1
825 5 295 12 4979 1
826 92 299 15 3303 1
827 20 266 14 3486 1
828 53 264 17 6028 1
829 27 271 12 4728 1
830 53 271 12 4728 1
831 23 266 11 3575 1
832 23 281 10 4148 1
833 45 281 10 4148 1
834 31 270 22 4306 1
835 61 270 22 4306 1
836 39 285 17 6204 1
837 77 285 17 6204 1
838 37 292 20 7535 1
839 5 265 14 2312 1
840 80 266 17 4969 1
841 16 266 15 5703 1
842 27 283 13 2044 1
843 24 302 16 2670 1
844 23 301 28 12628 1
845 38 269 8 1521 1
846 19 266 25 7704 1
847 37 266 25 7704 1
848 55 266 25 7704 1
849 73 266 25 7704 1
850 4 268 15 4898 1
851 68 271 7 2209 1
852 20 264 15 4493 1
853 39 264 15 4493 1
854 8 293 27 6862 1
855 19 301 15 2796 1
856 36 277 16 6326 1
857 24 283 14 2384 1
858 79 276 17 4738 1
859 3 271 18 6397 1
860 61 268 17 5381 1
861 21 265 18 5274 1
862 22 265 22 3075 1
863 15 338 26 11301 1
864 63 319 16 7366 1
865 18 323 10 2146 1
866 34 332 31 13881 1
867 73 339 10 2997 1
868 28 304 18 7851 1
869 49 319 15 6045 1
870 97 319 15 6045 1
871 22 306 20 3993 1
872 56 319 14 6230 1
873 68 316 27 9575 1
874 23 337 14 2530 1
875 78 319 10 2998 1
876 26 325 15 5418 1
877 52 306 11 1998 1
878 15 306 5 802 1
879 129 316 17 6104 1
880 28 338 16 3626 1
881 24 340 15 5271 1
882 24 325 19 3866 1
883 25 338 21 8209 1
884 2 332 17 7295 1
885 30 336 18 5038 1
886 53 325 17 7360 1
887 26 333 17 6956 1
888 34 336 9 1777 1
889 67 336 9 1777 1
890 100 336 9 1777 1
891 66 302 29 10644 1
892 131 302 29 10644 1
893 196 302 29 10644 1
894 46 325 18 7900 1
895 53 323 12 4089 1
896 105 323 12 4089 1
897 157 323 12 4089 1
898 65 302 10 2218 1
899 34 334 35 6290 1
900 26 325 15 3191 1
901 24 323 18 3006 1
902 22 337 17 4220 1
903 43 337 17 4220 1
904 27 339 17 4129 1
905 28 338 15 6806 1
906 27 304 15 4128 1
907 53 304 15 4128 1
908 26 318 19 5440 1
909 103 339 13 2781 1
910 65 331 22 10905 1
911 140 332 15 5577 1
912 23 306 32 13912 1
913 101 333 15 5538 1
914 27 325 13 4627 1
915 24 335 19 4833 1
916 66 302 16 2851 1
917 20 331 20 3643 1
918 19 336 20 7703 1
919 52 339 18 5472 1
920 103 339 18 5472 1
921 66 302 12 3075 1
922 141 316 26 6179 1
923 30 331 22 6450 1
924 15 306 9 4109 1
925 21 329 15 5122 1
926 41 329 15 5122 1
927 20 306 8 2686 1
928 23 321 12 2722 1
929 54 325 17 7624 1
930 107 325 17 7624 1
931 55 329 17 4867 1
932 22 329 24 10322 1
933 22 306 25 9915 1
934 3 338 13 6432 1
935 60 335 25 11603 1
936 64 306 14 5249 1
937 32 333 18 6841 1
938 63 333 18 6841 1
939 70 305 18 5262 1
940 15 306 22 4812 1
941 67 319 14 5676 1
942 27 319 16 3822 1
943 53 319 16 3822 1
944 53 323 17 3839 1
945 22 339 14 3446 1
946 12 332 17 4642 1
947 52 331 17 3795 1
948 69 339 23 3972 1
949 53 319 21 5520 1
950 105 319 21 5520 1
951 50 340 14 3921 1
952 66 332 12 2930 1
953 6 338 19 9107 1
954 32 348 25 10418 1
955 132 400 16 8633 1
956 67 365 29 6400 1
957 48 368 16 7433 1
958 50 366 8 2890 1
959 50 366 21 10597 1
960 84 349 10 3038 1
961 16 350 23 6538 1
962 63 366 13 4719 1
963 42 399 19 9982 1
964 29 398 23 5037 1
965 60 400 35 12782 1
966 57 367 35 16704 1
967 108 350 29 14878 1
968 64 347 24 11195 1
969 57 367 19 8033 1
970 24 367 31 16985 1
971 19 349 28 6660 1
972 46 400 30 6973 1
973 50 349 24 12444 1
974 18 366 6 1434 1
975 17 399 23 4934 1
976 78 369 13 3516 1
977 23 368 40 10637 1
978 70 364 23 7879 1
979 28 351 24 8332 1
980 45 347 26 10276 1
981 51 353 17 5772 1
982 52 351 17 7887 1
983 31 365 31 14884 1
984 30 365 16 5441 1
985 23 396 29 13119 1
986 112 351 11 2489 1
987 50 350 19 7814 1
988 48 396 19 7983 1
989 56 364 10 3554 1
990 87 399 27 6881 1
991 78 365 20 5208 1
992 120 353 17 3192 1
993 58 350 33 11414 1
994 31 369 26 8076 1
995 55 400 32 10373 1
996 54 399 29 10097 1
997 16 396 35 8888 1
998 122 398 30 12629 1
999 243 398 30 12629 1
1000 364 398 30 12629 1
1001 18 351 14 4110 1
1002 46 368 19 6989 1
1003 54 396 23 6858 1
1004 80 400 23 7043 1
1005 79 353 9 2193 1
1006 31 368 23 9943 1
1007 22 348 14 4375 1
1008 66 351 21 4021 1
1009 56 353 26 9392 1
1010 25 347 17 4702 1
1011 30 368 19 5402 1
1012 66 399 25 9050 1
1013 17 396 33 15066 1
1014 26 347 26 6282 1
1015 21 396 24 7080 1
1016 48 349 30 14956 1
1017 81 398 25 14539 1
1018 24 365 19 4598 1
1019 74 398 22 5423 1
1020 55 369 23 10130 1
1021 50 348 19 8790 1
1022 27 351 30 8249 1
1023 19 349 34 16725 1
1024 64 369 38 16998 1
1025 123 364 20 9027 1
1026 25 350 21 7034 1
1027 80 400 15 6588 1
1028 59 350 18 6765 1
1029 64 368 33 13130 1
1030 25 348 24 12096 1
1031 49 396 20 6297 1
1032 97 396 20 6297 1
1033 77 399 14 5517 1
1034 28 348 19 6674 1
1035 29 364 25 11093 1
1036 63 369 18 5806 1
1037 78 398 24 7820 1
40
235 400 530 450 480 440 440 544 580 580 580 540 600 610 575 660 450 450 375 450 450 600 600 600 400 426 500 500 500 500 500 500 600 600 600 400 400 600 425 425 