1037
1 3 157 12 1028 1
2 5 157 12 1028 1
3 21 143 12 1315 1
4 41 143 12 1315 1
5 4 134 8 967 1
6 7 134 8 967 1
7 15 120 10 1590 1
8 13 126 14 1844 1
9 9 157 3 344 1
10 2 140 26 2299 1
11 3 140 26 2299 1
12 25 170 11 1467 1
13 2 148 21 4058 1
14 8 169 13 1131 1
15 13 91 14 1592 1
16 10 87 9 736 1
17 19 87 9 736 1
18 4 144 9 1344 1
19 7 144 9 1344 1
20 11 172 11 1453 1
21 9 181 18 4235 1
22 18 116 7 1191 1
23 72 150 15 1652 1
24 7 149 19 3629 1
25 16 155 26 3335 1
26 2 191 12 2056 1
27 3 191 12 2056 1
28 8 126 18 2991 1
29 15 126 18 2991 1
30 4 162 21 2448 1
31 16 177 6 965 1
32 6 159 10 2153 1
33 69 120 15 1490 1
34 11 130 22 1935 1
35 21 130 22 1935 1
36 21 187 8 1988 1
37 41 187 8 1988 1
38 61 187 8 1988 1
39 118 172 17 2906 1
40 3 130 16 2494 1
41 14 166 20 2281 1
42 27 166 20 2281 1
43 40 166 20 2281 1
44 7 157 13 2860 1
45 15 143 19 3217 1
46 29 143 19 3217 1
47 14 126 11 1884 1
48 97 175 9 1735 1
49 4 145 23 3232 1
50 1 112 10 635 1
51 8 130 12 1131 1
52 15 130 12 1131 1
53 8 126 13 1470 1
54 15 126 13 1470 1
55 32 173 17 2996 1
56 11 143 16 1869 1
57 21 143 16 1869 1
58 3 191 19 3270 1
59 6 141 24 1825 1
60 30 116 14 2248 1
61 15 116 7 1193 1
62 29 116 7 1193 1
63 10 149 13 2660 1
64 8 130 17 2521 1
65 9 172 18 1888 1
66 9 181 24 2321 1
67 1 130 9 1650 1
68 1 130 9 1650 1
69 19 113 8 707 1
70 18 168 14 3385 1
71 9 167 20 4875 1
72 17 167 20 4875 1
73 24 137 13 1874 1
74 15 130 1 181 1
75 16 189 22 6081 1
76 5 160 17 3530 1
77 26 87 6 468 1
78 8 171 22 5592 1
79 26 140 12 2025 1
80 51 140 12 2025 1
81 20 170 4 749 1
82 19 112 12 1187 1
83 5 185 22 2130 1
84 9 185 22 2130 1
85 5 176 26 5418 1
86 9 176 26 5418 1
87 15 137 15 1505 1
88 33 172 23 5410 1
89 6 170 12 1385 1
90 32 91 4 263 1
91 7 180 12 1278 1
92 19 181 17 4414 1
93 12 174 13 3020 1
94 23 174 13 3020 1
95 34 174 13 3020 1
96 18 141 12 2127 1
97 16 159 18 2359 1
98 7 163 22 2652 1
99 13 163 22 2652 1
100 16 169 14 2833 1
101 5 183 22 3343 1
102 9 183 22 3343 1
103 26 148 8 1556 1
104 73 131 16 2950 1
105 8 150 15 2183 1
106 15 150 15 2183 1
107 15 177 14 1879 1
108 29 177 14 1879 1
109 21 130 20 3171 1
110 41 130 20 3171 1
111 4 120 10 1576 1
112 14 174 13 1824 1
113 6 182 21 4547 1
114 16 167 22 3353 1
115 15 159 11 2473 1
116 25 163 21 3029 1
117 49 163 21 3029 1
118 73 163 21 3029 1
119 3 126 16 1962 1
120 5 126 16 1962 1
121 20 170 9 1455 1
122 16 125 19 1414 1
123 31 125 19 1414 1
124 46 125 19 1414 1
125 6 147 9 894 1
126 11 147 9 894 1
127 7 122 11 1462 1
128 19 122 15 2462 1
129 37 122 15 2462 1
130 7 144 11 1823 1
131 4 147 15 1887 1
132 11 173 17 3655 1
133 26 137 19 3000 1
134 10 189 21 3331 1
135 68 178 24 4044 1
136 15 112 7 486 1
137 29 112 7 486 1
138 9 182 25 4432 1
139 16 174 20 3063 1
140 3 146 19 3521 1
141 11 157 7 1139 1
142 21 157 7 1139 1
143 31 157 7 1139 1
144 41 157 7 1139 1
145 18 159 14 3301 1
146 35 159 14 3301 1
147 12 181 15 2818 1
148 23 181 15 2818 1
149 34 181 15 2818 1
150 11 181 18 2021 1
151 24 101 12 1223 1
152 3 173 14 3391 1
153 2 112 15 1501 1
154 6 187 8 770 1
155 11 187 8 770 1
156 16 187 8 770 1
157 6 147 24 2101 1
158 12 91 12 838 1
159 6 170 12 2805 1
160 2 113 14 2089 1
161 3 113 14 2089 1
162 14 166 11 1190 1
163 27 166 11 1190 1
164 5 122 8 654 1
165 9 122 8 654 1
166 13 122 8 654 1
167 17 122 8 654 1
168 1 178 11 1676 1
169 10 149 16 1689 1
170 19 149 16 1689 1
171 4 160 18 3909 1
172 7 87 7 886 1
173 13 87 7 886 1
174 19 87 7 886 1
175 25 87 7 886 1
176 15 113 6 911 1
177 29 113 6 911 1
178 43 113 6 911 1
179 57 113 6 911 1
180 8 143 11 1969 1
181 15 143 11 1969 1
182 22 143 11 1969 1
183 29 143 11 1969 1
184 25 130 14 1336 1
185 3 187 13 1383 1
186 5 187 13 1383 1
187 39 131 20 1865 1
188 6 160 22 3030 1
189 11 160 22 3030 1
190 24 183 12 2481 1
191 47 183 12 2481 1
192 4 112 15 1924 1
193 7 112 15 1924 1
194 10 112 15 1924 1
195 13 112 15 1924 1
196 9 145 14 1481 1
197 17 145 14 1481 1
198 9 150 20 2219 1
199 95 141 11 2127 1
200 8 178 19 2633 1
201 15 178 19 2633 1
202 7 87 9 934 1
203 13 87 9 934 1
204 9 177 17 1901 1
205 17 177 17 1901 1
206 6 160 15 2188 1
207 1 182 26 4612 1
208 15 189 18 4188 1
209 5 173 18 3070 1
210 9 173 18 3070 1
211 13 173 18 3070 1
212 17 173 18 3070 1
213 3 165 17 2267 1
214 5 165 17 2267 1
215 7 165 17 2267 1
216 8 188 32 7500 1
217 15 188 32 7500 1
218 6 121 13 1537 1
219 11 121 13 1537 1
220 16 121 13 1537 1
221 21 121 13 1537 1
222 5 178 4 540 1
223 9 178 4 540 1
224 15 188 12 1437 1
225 25 185 24 5924 1
226 10 131 15 2191 1
227 7 157 19 3520 1
228 13 157 19 3520 1
229 11 182 15 3492 1
230 21 182 15 3492 1
231 14 173 22 4912 1
232 27 173 22 4912 1
233 9 167 10 1759 1
234 3 154 24 2639 1
235 5 154 24 2639 1
236 3 176 27 7026 1
237 11 159 22 2653 1
238 21 159 22 2653 1
239 6 159 10 2253 1
240 10 150 12 1393 1
241 8 168 15 3360 1
242 15 185 15 3545 1
243 11 143 14 1585 1
244 21 143 14 1585 1
245 5 171 9 1431 1
246 16 185 15 2823 1
247 13 130 11 1980 1
248 25 130 11 1980 1
249 37 130 11 1980 1
250 49 130 11 1980 1
251 2 148 13 1710 1
252 3 148 13 1710 1
253 5 120 16 1881 1
254 9 120 16 1881 1
255 13 120 16 1881 1
256 17 120 16 1881 1
257 7 144 4 464 1
258 4 154 13 1009 1
259 22 148 13 1468 1
260 43 148 13 1468 1
261 64 148 13 1468 1
262 85 148 13 1468 1
263 106 148 13 1468 1
264 4 184 16 3043 1
265 16 126 16 1034 1
266 2 160 18 3007 1
267 16 163 14 3350 1
268 11 181 33 4190 1
269 21 181 33 4190 1
270 31 181 33 4190 1
271 26 135 21 3457 1
272 20 157 14 1121 1
273 25 176 21 3530 1
274 9 155 14 2572 1
275 17 155 14 2572 1
276 25 185 17 2096 1
277 49 185 17 2096 1
278 16 112 18 2115 1
279 31 112 18 2115 1
280 5 120 14 2445 1
281 9 120 14 2445 1
282 9 154 8 1528 1
283 17 154 8 1528 1
284 25 154 8 1528 1
285 14 121 21 3323 1
286 27 121 21 3323 1
287 40 121 21 3323 1
288 53 121 21 3323 1
289 15 169 16 1627 1
290 29 169 16 1627 1
291 15 176 20 5019 1
292 15 87 14 1092 1
293 29 87 14 1092 1
294 16 137 21 4041 1
295 15 172 27 6086 1
296 2 113 14 1628 1
297 6 120 11 1324 1
298 10 130 11 1188 1
299 19 130 11 1188 1
300 28 130 11 1188 1
301 37 130 11 1188 1
302 46 130 11 1188 1
303 7 181 20 3597 1
304 13 181 20 3597 1
305 19 181 20 3597 1
306 25 181 20 3597 1
307 31 181 20 3597 1
308 37 181 20 3597 1
309 9 159 25 3111 1
310 17 159 25 3111 1
311 25 159 25 3111 1
312 13 122 11 1057 1
313 1 187 16 2143 1
314 16 172 17 2476 1
315 3 87 16 1317 1
316 5 87 16 1317 1
317 7 87 16 1317 1
318 7 135 22 3641 1
319 6 116 13 1300 1
320 11 116 13 1300 1
321 16 116 13 1300 1
322 7 172 19 1729 1
323 19 137 23 2171 1
324 37 137 23 2171 1
325 55 137 23 2171 1
326 18 180 15 1667 1
327 3 159 18 2113 1
328 5 159 18 2113 1
329 7 159 18 2113 1
330 9 159 18 2113 1
331 11 159 18 2113 1
332 17 152 15 3076 1
333 33 152 15 3076 1
334 27 112 14 1266 1
335 15 87 12 1475 1
336 1 174 23 4862 1
337 3 101 8 819 1
338 5 101 8 819 1
339 7 168 8 1672 1
340 7 184 28 5613 1
341 13 184 28 5613 1
342 15 158 4 901 1
343 16 130 6 1050 1
344 5 154 18 2279 1
345 9 154 18 2279 1
346 4 176 13 1440 1
347 15 149 9 1693 1
348 49 150 18 2918 1
349 25 178 8 985 1
350 12 113 8 1336 1
351 3 154 20 2958 1
352 1 174 5 1112 1
353 3 160 12 2536 1
354 5 160 12 2536 1
355 7 160 12 2536 1
356 11 189 8 1489 1
357 34 149 14 2731 1
358 1 112 6 477 1
359 1 112 6 477 1
360 4 183 10 1562 1
361 10 176 32 3156 1
362 11 120 4 332 1
363 21 120 4 332 1
364 31 120 4 332 1
365 41 120 4 332 1
366 51 120 4 332 1
367 10 182 19 2606 1
368 8 171 28 3030 1
369 6 113 14 2099 1
370 11 113 14 2099 1
371 16 113 14 2099 1
372 21 113 14 2099 1
373 24 149 19 3310 1
374 7 122 17 1798 1
375 13 122 17 1798 1
376 19 122 17 1798 1
377 25 122 17 1798 1
378 31 122 17 1798 1
379 19 166 26 2653 1
380 5 185 19 3531 1
381 5 176 16 1817 1
382 9 176 16 1817 1
383 29 125 17 2360 1
384 15 162 18 2669 1
385 19 182 14 1969 1
386 7 112 9 1386 1
387 13 112 9 1386 1
388 14 122 8 1051 1
389 5 182 16 1568 1
390 9 182 16 1568 1
391 13 182 16 1568 1
392 17 182 16 1568 1
393 15 145 15 2500 1
394 14 147 11 2255 1
395 14 144 14 1065 1
396 27 144 14 1065 1
397 4 141 14 1851 1
398 5 137 6 506 1
399 65 112 13 930 1
400 32 143 6 624 1
401 63 143 6 624 1
402 5 91 7 946 1
403 9 174 28 2856 1
404 18 187 10 1534 1
405 16 140 26 2984 1
406 3 168 27 5772 1
407 5 168 27 5772 1
408 8 193 12 2156 1
409 3 195 27 5085 1
410 8 195 21 6022 1
411 8 193 18 4101 1
412 8 193 26 4483 1
413 15 193 26 4483 1
414 11 193 19 5105 1
415 8 195 10 2415 1
416 9 193 23 4737 1
417 17 193 23 4737 1
418 25 193 23 4737 1
419 8 193 20 4160 1
420 9 193 12 1263 1
421 17 193 12 1263 1
422 25 193 12 1263 1
423 33 193 12 1263 1
424 41 193 12 1263 1
425 8 193 20 3906 1
426 8 195 5 646 1
427 37 195 33 4281 1
428 2 195 18 2923 1
429 8 197 28 4258 1
430 15 197 28 4258 1
431 22 197 28 4258 1
432 15 193 4 893 1
433 3 197 28 5642 1
434 9 193 17 2451 1
435 15 195 26 6742 1
436 29 195 26 6742 1
437 29 210 14 3827 1
438 25 199 13 3619 1
439 2 226 16 3593 1
440 39 211 9 967 1
441 3 202 23 5025 1
442 43 216 23 4000 1
443 12 201 12 1870 1
444 23 201 12 1870 1
445 26 226 22 3059 1
446 9 212 12 1641 1
447 31 213 16 2472 1
448 16 201 18 4785 1
449 41 213 19 5332 1
450 26 198 7 1305 1
451 7 210 6 1023 1
452 13 210 6 1023 1
453 4 208 15 3758 1
454 15 211 18 5313 1
455 15 209 9 1333 1
456 22 200 18 4618 1
457 8 199 18 3421 1
458 23 221 10 2750 1
459 32 221 13 3895 1
460 8 213 15 4605 1
461 15 213 15 4605 1
462 22 213 15 4605 1
463 51 211 27 8513 1
464 101 211 27 8513 1
465 30 217 14 4154 1
466 13 211 15 3219 1
467 8 221 12 3959 1
468 15 221 12 3959 1
469 7 220 9 1742 1
470 13 220 9 1742 1
471 19 220 9 1742 1
472 6 217 16 3092 1
473 35 221 10 1696 1
474 69 221 10 1696 1
475 4 201 12 1903 1
476 16 226 11 3030 1
477 5 202 11 1386 1
478 9 202 11 1386 1
479 10 200 9 2538 1
480 6 201 11 3043 1
481 16 208 11 1867 1
482 9 208 13 3542 1
483 3 220 17 4905 1
484 7 208 16 2303 1
485 9 216 22 2872 1
486 17 216 22 2872 1
487 25 216 22 2872 1
488 7 212 19 5170 1
489 13 212 19 5170 1
490 36 226 13 3690 1
491 15 226 17 5726 1
492 24 198 9 2031 1
493 6 212 13 2817 1
494 9 202 19 2243 1
495 15 217 5 1128 1
496 29 217 5 1128 1
497 14 217 9 1961 1
498 27 217 9 1961 1
499 63 221 22 6052 1
500 14 209 17 2941 1
501 10 200 11 2822 1
502 19 200 11 2822 1
503 28 200 11 2822 1
504 37 200 11 2822 1
505 3 200 9 1360 1
506 37 220 6 1615 1
507 32 198 14 3274 1
508 63 198 14 3274 1
509 94 198 14 3274 1
510 11 213 18 3908 1
511 21 213 18 3908 1
512 31 213 18 3908 1
513 26 213 11 3321 1
514 26 224 13 3205 1
515 2 199 18 5074 1
516 33 199 13 3486 1
517 10 198 9 1904 1
518 10 220 18 5910 1
519 19 220 18 5910 1
520 28 220 18 5910 1
521 37 220 18 5910 1
522 10 224 16 2856 1
523 12 223 16 2169 1
524 23 223 16 2169 1
525 27 221 3 969 1
526 53 221 3 969 1
527 27 210 10 2262 1
528 53 210 10 2262 1
529 3 213 14 3555 1
530 3 211 18 2140 1
531 5 211 18 2140 1
532 8 209 17 3267 1
533 49 211 8 1312 1
534 2 199 13 3337 1
535 6 222 16 5316 1
536 7 223 24 4174 1
537 16 213 17 3055 1
538 7 199 10 1017 1
539 23 209 17 4212 1
540 45 209 17 4212 1
541 67 209 17 4212 1
542 89 209 17 4212 1
543 8 226 10 1761 1
544 15 226 10 1761 1
545 6 211 7 1858 1
546 11 211 7 1858 1
547 12 217 15 3096 1
548 12 212 16 1793 1
549 27 223 13 3895 1
550 32 220 8 1580 1
551 23 201 13 2798 1
552 43 226 20 6321 1
553 27 226 8 2003 1
554 8 199 12 3178 1
555 15 199 12 3178 1
556 29 202 23 6111 1
557 15 198 9 2296 1
558 16 213 12 2408 1
559 27 224 17 3186 1
560 53 224 17 3186 1
561 29 224 21 3746 1
562 23 262 19 6470 1
563 3 245 18 3261 1
564 31 237 16 3745 1
565 37 263 6 2087 1
566 21 261 18 6717 1
567 41 261 18 6717 1
568 83 263 9 2630 1
569 29 232 13 2563 1
570 10 247 29 6742 1
571 17 237 8 2523 1
572 33 237 8 2523 1
573 49 237 8 2523 1
574 17 228 17 3704 1
575 23 229 6 1735 1
576 8 228 21 5141 1
577 23 245 17 2780 1
578 45 245 17 2780 1
579 24 227 11 3143 1
580 23 256 10 3143 1
581 45 256 10 3143 1
582 23 242 17 3439 1
583 45 242 17 3439 1
584 67 242 17 3439 1
585 31 256 16 3273 1
586 61 256 16 3273 1
587 6 256 20 3022 1
588 11 256 20 3022 1
589 53 245 16 3848 1
590 105 245 16 3848 1
591 5 235 33 4853 1
592 9 235 33 4853 1
593 14 262 17 4106 1
594 25 232 18 4747 1
595 49 232 18 4747 1
596 73 232 18 4747 1
597 23 240 11 2648 1
598 21 250 16 2474 1
599 22 232 11 1388 1
600 30 242 17 3072 1
601 29 256 8 2571 1
602 57 256 8 2571 1
603 36 236 15 2209 1
604 22 229 15 2918 1
605 60 261 9 2303 1
606 8 245 14 4373 1
607 24 261 13 3747 1
608 122 255 25 8204 1
609 30 255 10 2180 1
610 10 232 14 3008 1
611 3 240 9 1727 1
612 27 229 13 2700 1
613 53 229 13 2700 1
614 11 228 14 3555 1
615 72 247 17 3735 1
616 30 228 13 1486 1
617 20 237 15 4467 1
618 31 241 18 5265 1
619 14 247 21 6295 1
620 19 241 11 1395 1
621 37 241 11 1395 1
622 57 250 22 4665 1
623 6 262 20 6665 1
624 11 262 20 6665 1
625 16 262 20 6665 1
626 23 229 21 4013 1
627 24 242 21 6354 1
628 4 260 19 3175 1
629 7 260 19 3175 1
630 7 245 7 2506 1
631 13 245 7 2506 1
632 41 255 19 4922 1
633 81 255 19 4922 1
634 22 256 14 4333 1
635 29 237 18 3950 1
636 57 237 18 3950 1
637 85 237 18 3950 1
638 113 237 18 3950 1
639 8 245 10 3421 1
640 15 228 13 1774 1
641 30 260 27 3898 1
642 6 260 13 2087 1
643 3 240 17 5408 1
644 14 237 13 1904 1
645 68 262 5 1913 1
646 5 227 17 3205 1
647 75 231 14 3149 1
648 19 259 12 3210 1
649 37 259 12 3210 1
650 55 259 12 3210 1
651 73 259 12 3210 1
652 91 259 12 3210 1
653 24 231 9 2407 1
654 35 231 14 4529 1
655 30 240 16 4842 1
656 44 239 13 2043 1
657 87 239 13 2043 1
658 37 260 18 3679 1
659 5 240 23 3161 1
660 9 240 23 3161 1
661 27 239 21 3578 1
662 53 239 21 3578 1
663 79 239 21 3578 1
664 46 232 16 2208 1
665 18 236 22 5165 1
666 15 247 19 2954 1
667 35 260 29 7178 1
668 1 228 7 1703 1
669 7 236 13 4265 1
670 13 236 13 4265 1
671 32 236 15 3628 1
672 63 236 15 3628 1
673 37 231 17 5857 1
674 24 241 12 1558 1
675 21 247 12 2421 1
676 41 247 12 2421 1
677 61 247 12 2421 1
678 81 247 12 2421 1
679 21 255 16 5193 1
680 41 255 16 5193 1
681 37 242 13 4272 1
682 9 240 14 2457 1
683 70 261 18 3822 1
684 41 283 16 6305 1
685 45 302 16 3318 1
686 6 292 9 2869 1
687 11 292 9 2869 1
688 77 296 21 8724 1
689 24 268 11 4015 1
690 37 275 13 2846 1
691 5 278 10 2836 1
692 5 270 17 5693 1
693 9 270 17 5693 1
694 13 270 17 5693 1
695 2 272 14 5046 1
696 15 269 28 9992 1
697 38 271 13 2143 1
698 6 264 11 3337 1
699 17 272 19 4639 1
700 24 283 16 4992 1
701 28 269 12 4094 1
702 40 271 17 4483 1
703 54 278 15 3913 1
704 107 278 15 3913 1
705 160 278 15 3913 1
706 35 268 9 1678 1
707 23 281 23 9365 1
708 15 280 6 1416 1
709 4 302 18 7271 1
710 7 302 18 7271 1
711 14 295 16 2528 1
712 20 268 14 2794 1
713 24 295 17 5850 1
714 4 268 30 7633 1
715 17 280 14 3557 1
716 33 280 14 3557 1
717 49 280 14 3557 1
718 65 280 14 3557 1
719 81 280 14 3557 1
720 97 280 14 3557 1
721 24 264 13 4102 1
722 7 265 16 2423 1
723 24 266 11 1545 1
724 47 266 11 1545 1
725 13 278 12 3654 1
726 6 294 11 4638 1
727 11 294 11 4638 1
728 44 302 22 9733 1
729 57 295 16 5385 1
730 37 302 32 7983 1
731 20 292 22 3432 1
732 7 296 14 3135 1
733 4 268 23 7712 1
734 7 268 23 7712 1
735 7 265 14 3634 1
736 20 268 13 3486 1
737 39 268 13 3486 1
738 24 269 22 4678 1
739 2 299 23 3936 1
740 2 277 17 4218 1
741 3 277 17 4218 1
742 4 277 17 4218 1
743 2 285 18 7425 1
744 3 285 18 7425 1
745 73 270 17 5020 1
746 27 296 21 8857 1
747 29 296 22 8918 1
748 57 296 22 8918 1
749 4 277 8 2287 1
750 59 272 22 6300 1
751 22 279 16 4671 1
752 43 279 16 4671 1
753 6 302 17 7293 1
754 19 283 19 4375 1
755 6 270 17 2896 1
756 10 281 22 3723 1
757 15 293 13 3219 1
758 35 285 14 2004 1
759 18 299 25 9668 1
760 35 299 25 9668 1
761 15 268 17 2604 1
762 29 268 17 2604 1
763 43 268 17 2604 1
764 57 268 17 2604 1
765 71 268 17 2604 1
766 24 272 14 1907 1
767 39 296 16 3128 1
768 77 296 16 3128 1
769 23 280 13 3310 1
770 13 290 25 6669 1
771 25 290 25 6669 1
772 37 290 25 6669 1
773 39 296 18 5996 1
774 8 281 17 5173 1
775 56 296 8 2976 1
776 22 275 12 2696 1
777 40 279 21 4814 1
778 24 269 16 4898 1
779 23 270 7 1520 1
780 45 270 7 1520 1
781 67 270 7 1520 1
782 3 277 19 5071 1
783 29 300 21 3375 1
784 22 268 8 1835 1
785 43 268 8 1835 1
786 26 269 12 2735 1
787 18 293 4 752 1
788 37 267 17 2550 1
789 8 294 20 7439 1
790 24 266 18 5105 1
791 5 264 29 4292 1
792 9 264 29 4292 1
793 25 292 32 10807 1
794 16 280 18 4594 1
795 40 280 13 4236 1
796 20 285 14 2270 1
797 8 265 16 2637 1
798 14 266 8 2038 1
799 49 275 7 1383 1
800 36 275 16 6216 1
801 71 275 16 6216 1
802 106 275 16 6216 1
803 3 295 12 3012 1
804 5 295 12 3012 1
805 26 283 16 3136 1
806 41 292 15 4682 1
807 7 264 10 3354 1
808 32 278 15 2126 1
809 63 278 15 2126 1
810 94 278 15 2126 1
811 22 279 9 1270 1
812 9 268 34 10513 1
813 29 280 16 6017 1
814 22 275 23 7900 1
815 35 275 6 1526 1
816 23 270 7 2432 1
817 45 270 7 2432 1
818 20 281 18 4817 1
819 39 281 18 4817 1
820 58 281 18 4817 1
821 61 272 15 4046 1
822 24 270 13 4936 1
823 47 270 13 4936 1
824 30 278 12 2178 1
825 59 278 12 2178 1
826 22 270 11 1551 1
827 25 278 16 3694 1
828 21 267 10 2520 1
829 41 267 10 2520 1
830 78 272 26 6918 1
831 26 290 17 4980 1
832 16 269 17 2866 1
833 4 265 15 2445 1
834 20 281 12 4290 1
835 20 302 25 7309 1
836 35 268 22 8408 1
837 15 267 8 2807 1
838 22 293 16 3485 1
839 23 280 15 2336 1
840 45 280 15 2336 1
841 32 279 15 2783 1
842 63 279 15 2783 1
843 18 270 26 7477 1
844 4 279 14 3465 1
845 14 270 22 3324 1
846 27 270 22 3324 1
847 40 302 13 4811 1
848 21 271 19 4612 1
849 3 295 25 7861 1
850 7 295 26 7966 1
851 4 293 19 7923 1
852 4 265 20 5538 1
853 7 265 20 5538 1
854 10 265 20 5538 1
855 6 279 11 2237 1
856 28 279 18 7216 1
857 55 279 18 7216 1
858 82 279 18 7216 1
859 23 280 16 2275 1
860 45 294 14 4578 1
861 37 279 8 1658 1
862 25 300 26 5019 1
863 56 340 24 8023 1
864 68 331 17 7694 1
865 48 335 22 8642 1
866 95 335 22 8642 1
867 1 329 24 9239 1
868 11 333 27 11691 1
869 25 329 33 6236 1
870 49 329 33 6236 1
871 24 335 17 4257 1
872 52 321 23 4278 1
873 29 337 15 7221 1
874 57 337 19 9517 1
875 11 323 18 5327 1
876 20 337 32 15872 1
877 20 319 11 2310 1
878 39 319 11 2310 1
879 31 316 8 1407 1
880 30 332 22 8932 1
881 44 316 16 4860 1
882 25 321 12 2716 1
883 21 325 13 2249 1
884 67 305 10 2471 1
885 66 340 25 5135 1
886 22 333 28 9995 1
887 49 318 27 9823 1
888 97 318 27 9823 1
889 65 333 16 3783 1
890 139 329 19 8900 1
891 55 305 28 11334 1
892 109 305 28 11334 1
893 14 338 22 4660 1
894 27 338 22 4660 1
895 65 336 18 7831 1
896 36 302 16 3252 1
897 59 334 19 4839 1
898 23 336 11 4724 1
899 73 334 23 5534 1
900 145 334 23 5534 1
901 25 318 16 6035 1
902 65 339 14 3298 1
903 65 305 17 6261 1
904 19 336 39 7428 1
905 27 337 18 8417 1
906 2 318 24 7212 1
907 21 340 20 8260 1
908 92 316 10 2026 1
909 14 305 10 3169 1
910 27 318 26 6368 1
911 25 335 18 5724 1
912 23 321 36 11475 1
913 74 332 15 5412 1
914 36 340 19 3882 1
915 71 340 19 3882 1
916 106 340 19 3882 1
917 70 332 26 5353 1
918 48 334 15 5012 1
919 27 336 15 4208 1
920 54 339 8 2299 1
921 16 337 20 8099 1
922 27 321 18 6916 1
923 55 340 19 4019 1
924 18 305 8 2806 1
925 17 332 13 5046 1
926 21 332 9 4288 1
927 27 323 13 4499 1
928 19 318 15 3431 1
929 52 335 33 8189 1
930 207 333 12 3388 1
931 28 306 32 6016 1
932 28 332 20 8212 1
933 9 302 18 4181 1
934 17 338 24 6292 1
935 33 338 24 6292 1
936 67 325 16 6963 1
937 133 325 16 6963 1
938 27 338 13 3688 1
939 26 325 16 4795 1
940 58 334 24 5843 1
941 115 334 24 5843 1
942 39 305 21 9543 1
943 64 336 16 5800 1
944 51 336 14 2466 1
945 35 339 13 4802 1
946 69 339 13 4802 1
947 52 339 16 4471 1
948 28 335 21 6111 1
949 6 329 14 2856 1
950 24 334 16 2739 1
951 35 337 13 4045 1
952 66 332 22 8765 1
953 131 332 22 8765 1
954 23 368 31 7382 1
955 69 350 4 1172 1
956 23 368 17 9114 1
957 139 396 27 15317 1
958 65 396 25 5363 1
959 129 396 25 5363 1
960 193 396 25 5363 1
961 85 364 24 9921 1
962 79 347 5 1749 1
963 78 348 26 12955 1
964 52 350 23 7805 1
965 79 353 25 7068 1
966 78 365 18 6503 1
967 124 368 25 11600 1
968 51 364 28 9023 1
969 49 369 5 1917 1
970 50 351 33 15464 1
971 52 347 14 3311 1
972 67 398 16 7139 1
973 53 348 24 9874 1
974 20 364 23 6963 1
975 85 353 18 6291 1
976 49 369 25 6890 1
977 77 353 31 11451 1
978 30 350 15 7590 1
979 55 351 32 11602 1
980 67 368 32 11159 1
981 23 369 18 6049 1
982 18 349 20 4212 1
983 76 365 23 5534 1
984 151 365 23 5534 1
985 50 366 21 11314 1
986 55 396 34 8452 1
987 29 366 23 7872 1
988 65 369 27 13273 1
989 129 369 27 13273 1
990 49 369 14 7689 1
991 48 353 31 6341 1
992 55 368 25 12250 1
993 45 350 22 10370 1
994 24 366 13 5249 1
995 27 350 6 3029 1
996 20 348 13 4009 1
997 79 367 17 5105 1
998 88 348 19 9812 1
999 67 365 29 8086 1
1000 30 399 25 8173 1
1001 47 396 20 6573 1
1002 65 347 20 3916 1
1003 55 367 31 6445 1
1004 124 400 17 5547 1
1005 51 347 19 8061 1
1006 47 366 26 12479 1
1007 52 348 17 8456 1
1008 24 369 35 12528 1
1009 50 347 14 6340 1
1010 77 351 13 6748 1
1011 50 400 14 4964 1
1012 99 400 14 4964 1
1013 59 400 30 7944 1
1014 50 369 27 6424 1
1015 20 348 28 12718 1
1016 78 368 14 5002 1
1017 110 353 25 6806 1
1018 50 366 22 5110 1
1019 19 367 34 6602 1
1020 24 350 30 8444 1
1021 73 351 8 3563 1
1022 29 351 29 10747 1
1023 19 353 28 13239 1
1024 20 367 25 12527 1
1025 16 349 16 6240 1
1026 66 348 21 7744 1
1027 62 400 29 6668 1
1028 30 369 19 5758 1
1029 63 366 30 6281 1
1030 17 350 22 7225 1
1031 28 396 18 6346 1
1032 16 368 16 3040 1
1033 68 351 30 12324 1
1034 60 351 16 6605 1
1035 27 350 24 9455 1
1036 52 398 25 10149 1
1037 26 347 20 5788 1
40
235 400 530 450 480 440 440 544 580 580 580 540 600 610 575 660 450 450 375 450 450 600 600 600 400 426 500 500 500 500 500 500 600 600 600 400 400 600 425 425 