1037
1 14 162 12 2119 1
2 3 130 13 2297 1
3 16 149 26 4999 1
4 13 183 23 2547 1
5 10 131 16 2739 1
6 27 130 19 3667 1
7 17 176 9 2342 1
8 33 176 9 2342 1
9 20 169 26 5813 1
10 2 130 15 1800 1
11 3 130 15 1800 1
12 4 130 15 1800 1
13 5 130 15 1800 1
14 78 120 11 1755 1
15 5 174 23 2879 1
16 9 174 23 2879 1
17 13 174 23 2879 1
18 17 174 23 2879 1
19 21 174 23 2879 1
20 5 122 17 2179 1
21 21 133 12 1262 1
22 41 133 12 1262 1
23 7 148 21 2039 1
24 13 148 21 2039 1
25 19 148 21 2039 1
26 16 160 28 4870 1
27 5 125 11 1470 1
28 9 140 11 2174 1
29 17 140 11 2174 1
30 115 184 14 3673 1
31 25 167 4 673 1
32 49 167 4 673 1
33 6 184 23 3939 1
34 11 184 23 3939 1
35 12 149 21 3246 1
36 23 149 21 3246 1
37 34 149 21 3246 1
38 45 149 21 3246 1
39 56 149 21 3246 1
40 67 149 21 3246 1
41 15 137 8 564 1
42 5 171 8 1605 1
43 9 171 8 1605 1
44 10 176 22 4033 1
45 19 176 22 4033 1
46 15 185 20 3323 1
47 25 170 21 4006 1
48 21 166 18 3696 1
49 9 134 13 1679 1
50 17 134 13 1679 1
51 55 170 16 2694 1
52 14 159 12 1721 1
53 26 135 11 1176 1
54 15 154 10 1892 1
55 8 150 8 1623 1
56 7 184 19 1882 1
57 13 184 19 1882 1
58 17 87 8 893 1
59 4 187 32 3196 1
60 22 183 28 4580 1
61 9 174 26 3441 1
62 17 174 26 3441 1
63 25 174 26 3441 1
64 33 174 26 3441 1
65 41 174 26 3441 1
66 49 174 26 3441 1
67 69 187 9 2177 1
68 21 116 15 961 1
69 41 116 15 961 1
70 3 169 15 3544 1
71 3 152 11 2142 1
72 5 152 11 2142 1
73 18 155 13 2940 1
74 7 150 4 343 1
75 13 150 4 343 1
76 19 150 4 343 1
77 25 150 4 343 1
78 31 150 4 343 1
79 27 148 7 1440 1
80 5 159 15 1241 1
81 9 159 15 1241 1
82 13 159 15 1241 1
83 17 159 15 1241 1
84 21 159 15 1241 1
85 22 152 30 6295 1
86 43 152 30 6295 1
87 88 148 13 1727 1
88 2 130 4 671 1
89 15 143 6 842 1
90 9 188 18 2885 1
91 4 167 11 1198 1
92 12 113 6 1016 1
93 23 113 6 1016 1
94 34 113 6 1016 1
95 45 113 6 1016 1
96 56 113 6 1016 1
97 14 133 7 1052 1
98 15 122 8 1338 1
99 15 147 14 1202 1
100 25 170 14 2218 1
101 5 185 17 2705 1
102 9 185 17 2705 1
103 5 91 11 1036 1
104 9 163 2 229 1
105 15 173 11 2786 1
106 29 173 11 2786 1
107 17 168 17 2403 1
108 6 182 6 783 1
109 3 135 11 1989 1
110 5 135 11 1989 1
111 7 135 11 1989 1
112 9 135 11 1989 1
113 11 135 11 1989 1
114 15 130 12 1347 1
115 18 166 14 2384 1
116 15 137 13 1054 1
117 29 137 13 1054 1
118 91 87 11 1085 1
119 7 141 9 1448 1
120 13 141 9 1448 1
121 15 185 16 3710 1
122 21 101 10 1488 1
123 41 101 10 1488 1
124 20 122 12 1251 1
125 39 122 12 1251 1
126 22 159 4 529 1
127 83 143 7 1089 1
128 3 187 16 2605 1
129 5 187 16 2605 1
130 5 183 30 7602 1
131 10 167 13 1716 1
132 19 167 13 1716 1
133 9 122 5 414 1
134 12 158 8 1385 1
135 9 165 14 3416 1
136 8 178 17 2484 1
137 8 133 18 1351 1
138 15 133 18 1351 1
139 22 133 18 1351 1
140 15 191 18 2398 1
141 6 172 17 2196 1
142 11 172 17 2196 1
143 16 172 17 2196 1
144 1 150 20 3910 1
145 1 150 20 3910 1
146 5 135 13 2188 1
147 7 159 15 1998 1
148 7 184 26 5375 1
149 14 158 23 2525 1
150 27 158 23 2525 1
151 9 177 18 4499 1
152 17 177 18 4499 1
153 23 130 9 853 1
154 12 187 17 2282 1
155 16 175 4 628 1
156 8 175 18 3386 1
157 5 183 18 3486 1
158 9 183 18 3486 1
159 16 184 24 2256 1
160 33 112 14 1803 1
161 9 159 11 886 1
162 6 141 16 1296 1
163 4 183 19 4818 1
164 7 183 19 4818 1
165 65 101 8 670 1
166 3 177 27 4524 1
167 5 177 27 4524 1
168 7 177 27 4524 1
169 9 177 27 4524 1
170 11 177 27 4524 1
171 18 91 13 1453 1
172 35 91 13 1453 1
173 13 180 14 1263 1
174 5 133 19 1277 1
175 9 133 19 1277 1
176 13 133 19 1277 1
177 16 184 7 1045 1
178 16 121 9 1595 1
179 7 170 11 2334 1
180 21 113 11 758 1
181 41 113 11 758 1
182 61 113 11 758 1
183 16 144 22 2667 1
184 7 154 12 1022 1
185 13 154 12 1022 1
186 19 154 12 1022 1
187 25 154 12 1022 1
188 6 155 5 1020 1
189 11 155 5 1020 1
190 16 155 5 1020 1
191 21 155 5 1020 1
192 26 155 5 1020 1
193 14 163 9 924 1
194 27 163 9 924 1
195 6 120 8 544 1
196 11 120 8 544 1
197 16 120 8 544 1
198 21 120 8 544 1
199 15 148 15 2343 1
200 5 187 19 2752 1
201 9 187 19 2752 1
202 5 146 12 1482 1
203 9 146 12 1482 1
204 13 146 12 1482 1
205 5 176 20 1779 1
206 5 169 13 1935 1
207 9 169 13 1935 1
208 21 172 19 2950 1
209 5 189 19 1796 1
210 15 131 21 3922 1
211 10 180 15 1648 1
212 6 141 19 1953 1
213 11 141 19 1953 1
214 1 184 33 8578 1
215 6 184 4 900 1
216 11 170 18 3372 1
217 21 170 18 3372 1
218 31 170 18 3372 1
219 41 170 18 3372 1
220 11 101 14 935 1
221 4 173 18 4332 1
222 7 173 18 4332 1
223 9 125 19 3487 1
224 17 125 19 3487 1
225 25 125 19 3487 1
226 11 147 17 1937 1
227 21 147 17 1937 1
228 6 101 13 864 1
229 11 101 13 864 1
230 14 189 21 3383 1
231 7 87 7 809 1
232 13 87 7 809 1
233 19 87 7 809 1
234 16 143 23 3536 1
235 21 137 9 1275 1
236 18 141 13 2269 1
237 35 141 13 2269 1
238 12 171 14 3029 1
239 23 171 14 3029 1
240 8 144 11 1056 1
241 15 144 11 1056 1
242 4 148 32 5593 1
243 7 148 32 5593 1
244 10 148 32 5593 1
245 13 148 32 5593 1
246 15 188 15 3705 1
247 9 149 9 1062 1
248 3 173 15 1786 1
249 5 173 15 1786 1
250 7 173 15 1786 1
251 84 87 10 1273 1
252 8 166 17 2295 1
253 15 166 17 2295 1
254 16 125 23 2004 1
255 120 134 6 693 1
256 5 158 18 3926 1
257 9 158 18 3926 1
258 13 158 18 3926 1
259 79 122 14 1697 1
260 24 91 9 590 1
261 3 167 20 4867 1
262 5 167 20 4867 1
263 7 167 20 4867 1
264 7 173 17 4111 1
265 9 113 11 650 1
266 17 113 11 650 1
267 25 113 11 650 1
268 33 113 11 650 1
269 41 113 11 650 1
270 8 131 13 1896 1
271 15 131 13 1896 1
272 23 91 9 975 1
273 13 143 14 2367 1
274 1 131 19 3279 1
275 8 169 9 1571 1
276 16 87 9 1025 1
277 25 150 11 1122 1
278 49 150 11 1122 1
279 12 131 15 1697 1
280 9 158 17 3783 1
281 17 158 17 3783 1
282 25 158 17 3783 1
283 33 158 17 3783 1
284 3 150 23 2406 1
285 9 147 18 3366 1
286 17 147 18 3366 1
287 11 168 18 2760 1
288 21 168 18 2760 1
289 11 91 12 1499 1
290 16 176 18 4390 1
291 10 176 17 3421 1
292 6 134 9 1712 1
293 11 134 9 1712 1
294 18 116 16 2714 1
295 15 140 13 2069 1
296 16 188 19 2652 1
297 22 185 14 1350 1
298 49 148 14 2075 1
299 16 152 9 1328 1
300 7 184 8 785 1
301 13 184 8 785 1
302 15 157 13 2331 1
303 7 143 16 2512 1
304 13 143 16 2512 1
305 19 143 16 2512 1
306 25 143 16 2512 1
307 31 143 16 2512 1
308 10 87 8 661 1
309 19 87 8 661 1
310 28 87 8 661 1
311 37 87 8 661 1
312 15 162 13 2360 1
313 19 120 6 936 1
314 10 121 12 1685 1
315 15 159 16 1559 1
316 5 150 19 4005 1
317 9 150 19 4005 1
318 12 135 11 909 1
319 121 173 13 2619 1
320 9 160 14 3314 1
321 16 152 18 3857 1
322 15 181 21 4209 1
323 4 166 30 5969 1
324 9 166 26 3224 1
325 17 166 26 3224 1
326 10 116 10 870 1
327 3 144 10 1661 1
328 5 144 10 1661 1
329 7 144 10 1661 1
330 9 144 10 1661 1
331 11 144 10 1661 1
332 13 144 10 1661 1
333 12 120 16 1988 1
334 10 175 25 3460 1
335 19 175 25 3460 1
336 15 168 12 1191 1
337 29 168 12 1191 1
338 4 166 11 1543 1
339 7 166 11 1543 1
340 10 166 11 1543 1
341 16 165 13 1568 1
342 31 165 13 1568 1
343 10 171 14 3153 1
344 19 171 14 3153 1
345 9 141 13 924 1
346 3 174 18 4153 1
347 5 174 18 4153 1
348 9 87 8 576 1
349 17 87 8 576 1
350 25 87 8 576 1
351 21 167 16 3024 1
352 19 120 14 2424 1
353 15 165 1 246 1
354 11 163 30 2532 1
355 21 163 30 2532 1
356 13 143 15 1144 1
357 25 143 15 1144 1
358 37 143 15 1144 1
359 49 143 15 1144 1
360 61 143 15 1144 1
361 4 147 18 3066 1
362 6 165 1 99 1
363 4 158 14 2344 1
364 7 158 14 2344 1
365 5 175 18 3580 1
366 3 133 12 2369 1
367 5 133 12 2369 1
368 7 133 12 2369 1
369 11 163 14 2968 1
370 21 163 14 2968 1
371 7 137 16 3172 1
372 1 147 8 762 1
373 98 170 22 4752 1
374 11 125 16 1529 1
375 7 158 11 1031 1
376 9 178 15 1492 1
377 17 191 15 2114 1
378 14 177 11 2275 1
379 27 177 11 2275 1
380 40 177 11 2275 1
381 53 177 11 2275 1
382 66 177 11 2275 1
383 9 162 20 2330 1
384 7 181 9 2392 1
385 13 181 9 2392 1
386 7 121 11 861 1
387 13 121 11 861 1
388 4 157 19 3615 1
389 7 157 19 3615 1
390 10 157 19 3615 1
391 5 134 20 2617 1
392 9 134 20 2617 1
393 13 134 20 2617 1
394 17 171 14 3545 1
395 7 189 20 2364 1
396 13 189 20 2364 1
397 12 135 11 1474 1
398 23 150 12 1059 1
399 4 183 21 1926 1
400 6 167 12 1686 1
401 11 167 12 1686 1
402 17 143 15 2956 1
403 13 120 12 2091 1
404 2 150 20 2062 1
405 23 143 12 2181 1
406 3 191 19 2591 1
407 17 122 17 2202 1
408 8 194 16 3389 1
409 15 194 16 3389 1
410 22 194 16 3389 1
411 15 197 17 2040 1
412 29 197 17 2040 1
413 12 195 11 3124 1
414 8 195 17 4946 1
415 15 195 17 4946 1
416 9 193 21 3481 1
417 17 193 21 3481 1
418 25 193 21 3481 1
419 33 193 21 3481 1
420 41 193 21 3481 1
421 12 197 22 4062 1
422 7 197 25 4909 1
423 13 197 25 4909 1
424 19 197 25 4909 1
425 25 197 25 4909 1
426 10 196 13 3822 1
427 18 194 20 3406 1
428 2 197 4 1180 1
429 21 196 23 5022 1
430 9 197 22 4509 1
431 16 196 25 5687 1
432 31 196 25 5687 1
433 46 196 25 5687 1
434 61 196 25 5687 1
435 76 196 25 5687 1
436 8 194 14 2882 1
437 24 200 11 2285 1
438 29 199 10 1162 1
439 57 199 10 1162 1
440 85 199 10 1162 1
441 2 221 12 3951 1
442 3 209 8 2056 1
443 8 198 27 7687 1
444 6 208 12 2149 1
445 11 208 12 2149 1
446 8 210 11 2598 1
447 41 226 13 3464 1
448 15 220 15 2923 1
449 30 217 2 299 1
450 31 213 11 2073 1
451 5 200 10 1647 1
452 9 200 10 1647 1
453 8 221 7 800 1
454 15 221 7 800 1
455 7 210 15 2014 1
456 13 210 15 2014 1
457 5 224 12 3303 1
458 6 201 18 4079 1
459 41 222 17 5052 1
460 5 202 15 4321 1
461 15 221 17 4219 1
462 26 220 18 3657 1
463 34 200 9 1918 1
464 67 200 9 1918 1
465 100 200 9 1918 1
466 21 220 10 2047 1
467 11 202 13 3798 1
468 12 223 18 3558 1
469 23 223 18 3558 1
470 10 208 16 4282 1
471 7 213 21 2456 1
472 13 213 21 2456 1
473 2 210 19 3115 1
474 7 209 13 3423 1
475 33 216 9 1788 1
476 9 223 10 1479 1
477 17 223 10 1479 1
478 25 223 10 1479 1
479 46 217 15 3552 1
480 9 226 15 4809 1
481 17 226 15 4809 1
482 6 224 17 2410 1
483 11 224 17 2410 1
484 2 201 16 4434 1
485 9 211 13 2830 1
486 9 224 15 4229 1
487 17 224 15 4229 1
488 6 220 22 2443 1
489 11 220 22 2443 1
490 8 224 7 1159 1
491 10 208 12 2250 1
492 33 200 14 1754 1
493 35 201 5 1332 1
494 69 201 5 1332 1
495 27 223 14 1800 1
496 23 220 8 891 1
497 30 201 9 1228 1
498 59 201 9 1228 1
499 26 216 17 4397 1
500 47 221 13 2524 1
501 15 223 16 3855 1
502 171 220 10 1418 1
503 38 212 18 2494 1
504 44 224 20 6297 1
505 18 198 6 1251 1
506 10 217 13 1755 1
507 16 210 8 2010 1
508 2 224 8 1053 1
509 9 224 13 1761 1
510 17 224 13 1761 1
511 12 216 7 2044 1
512 6 224 18 4403 1
513 25 216 8 1568 1
514 6 199 20 4278 1
515 8 224 16 2032 1
516 15 224 16 2032 1
517 9 222 22 3897 1
518 17 222 22 3897 1
519 25 222 22 3897 1
520 15 217 23 4465 1
521 12 208 10 1167 1
522 23 208 10 1167 1
523 34 208 10 1167 1
524 48 220 14 2362 1
525 21 209 8 1251 1
526 7 216 1 256 1
527 13 216 1 256 1
528 5 201 15 2014 1
529 9 201 15 2014 1
530 13 201 15 2014 1
531 17 201 15 2014 1
532 8 216 9 1368 1
533 15 216 9 1368 1
534 22 216 9 1368 1
535 35 199 13 1679 1
536 12 212 16 3779 1
537 32 220 14 1951 1
538 6 212 11 3297 1
539 8 212 12 2211 1
540 15 212 12 2211 1
541 5 226 15 3838 1
542 9 226 15 3838 1
543 30 202 16 3083 1
544 15 213 9 1359 1
545 28 198 13 2703 1
546 15 209 24 5173 1
547 6 199 14 1495 1
548 7 211 20 4717 1
549 7 216 16 4251 1
550 15 208 8 1383 1
551 15 199 1 292 1
552 9 199 12 3580 1
553 2 223 15 4375 1
554 9 223 20 2544 1
555 17 223 20 2544 1
556 25 223 20 2544 1
557 5 211 19 4872 1
558 9 211 19 4872 1
559 24 202 18 3611 1
560 5 222 7 1959 1
561 45 223 21 5463 1
562 7 236 11 2682 1
563 9 250 15 5392 1
564 17 250 15 5392 1
565 25 250 15 5392 1
566 137 261 17 2329 1
567 18 261 23 8409 1
568 35 261 23 8409 1
569 58 241 18 3492 1
570 21 252 15 3036 1
571 22 256 14 1843 1
572 21 263 14 3242 1
573 22 237 17 3140 1
574 108 240 16 2404 1
575 41 247 15 4206 1
576 4 245 27 9285 1
577 63 260 22 8088 1
578 9 232 13 3930 1
579 5 236 10 2781 1
580 6 232 3 769 1
581 42 231 20 3670 1
582 12 241 21 6983 1
583 23 241 21 6983 1
584 6 239 16 3967 1
585 55 259 12 3070 1
586 26 242 20 3570 1
587 69 245 20 3532 1
588 137 245 20 3532 1
589 48 241 25 7732 1
590 27 237 10 1951 1
591 19 237 9 2361 1
592 37 237 9 2361 1
593 45 256 5 969 1
594 27 229 12 3385 1
595 9 241 12 2811 1
596 23 236 17 4012 1
597 45 236 17 4012 1
598 101 237 4 988 1
599 34 262 14 5366 1
600 34 237 10 1962 1
601 16 242 13 3481 1
602 26 259 26 6788 1
603 22 261 35 4860 1
604 22 231 10 2797 1
605 43 231 10 2797 1
606 19 255 29 6666 1
607 37 255 29 6666 1
608 10 232 13 1661 1
609 24 262 18 5160 1
610 8 227 20 6506 1
611 8 262 17 4190 1
612 81 255 16 5179 1
613 3 245 18 5211 1
614 62 256 15 3615 1
615 9 247 12 3246 1
616 7 237 19 6011 1
617 13 237 19 6011 1
618 4 232 27 5613 1
619 5 260 5 1782 1
620 9 260 5 1782 1
621 21 241 4 1015 1
622 4 260 18 2519 1
623 23 236 23 7014 1
624 7 239 17 5152 1
625 13 239 17 5152 1
626 19 239 17 5152 1
627 4 262 15 2822 1
628 7 262 15 2822 1
629 14 229 11 3630 1
630 22 227 25 5719 1
631 48 237 14 4830 1
632 9 235 10 3088 1
633 20 245 25 3890 1
634 17 237 11 2034 1
635 7 250 20 6447 1
636 52 255 13 3733 1
637 14 245 17 4485 1
638 33 262 19 5225 1
639 37 242 9 1344 1
640 3 259 19 2932 1
641 40 228 5 949 1
642 79 228 5 949 1
643 10 228 8 2465 1
644 19 228 8 2465 1
645 36 241 14 1793 1
646 6 229 4 1268 1
647 10 237 15 3715 1
648 19 237 15 3715 1
649 23 262 29 8867 1
650 16 256 13 2573 1
651 4 237 26 6486 1
652 71 261 25 8763 1
653 29 239 10 1875 1
654 24 242 23 7711 1
655 64 228 12 3114 1
656 33 252 42 14346 1
657 10 232 19 3045 1
658 21 261 13 2431 1
659 24 245 16 4485 1
660 37 255 16 4840 1
661 61 241 15 2999 1
662 46 250 8 2616 1
663 91 250 8 2616 1
664 60 263 16 5732 1
665 29 263 29 3969 1
666 57 263 29 3969 1
667 85 263 29 3969 1
668 26 227 4 1067 1
669 21 239 16 3392 1
670 24 250 30 9526 1
671 3 250 17 2174 1
672 69 260 19 5758 1
673 81 256 8 1469 1
674 25 262 14 5032 1
675 49 262 14 5032 1
676 26 240 16 4407 1
677 23 241 18 2466 1
678 65 227 1 313 1
679 22 239 21 4074 1
680 7 242 10 2280 1
681 2 236 26 8040 1
682 7 242 23 4320 1
683 25 235 15 3797 1
684 4 290 12 4372 1
685 29 268 10 2168 1
686 43 280 14 3781 1
687 25 268 10 1724 1
688 49 268 10 1724 1
689 3 296 20 5591 1
690 8 272 5 1899 1
691 96 301 10 1981 1
692 191 301 10 1981 1
693 52 300 9 3536 1
694 10 294 17 6440 1
695 23 264 29 9287 1
696 51 272 13 2537 1
697 6 272 15 5643 1
698 11 272 15 5643 1
699 3 272 11 2212 1
700 15 281 16 4855 1
701 76 266 24 6328 1
702 24 272 19 2938 1
703 32 281 19 3377 1
704 32 301 26 10452 1
705 26 266 20 4861 1
706 209 294 16 6217 1
707 25 265 13 2186 1
708 23 270 22 3400 1
709 17 296 25 8956 1
710 43 292 21 7668 1
711 19 275 21 8384 1
712 97 293 18 5358 1
713 15 290 14 4563 1
714 42 279 35 9431 1
715 9 301 5 2014 1
716 3 277 9 3617 1
717 5 277 9 3617 1
718 7 277 9 3617 1
719 15 266 19 7213 1
720 29 266 19 7213 1
721 8 271 15 5690 1
722 3 299 20 5421 1
723 5 299 20 5421 1
724 47 299 21 7285 1
725 26 294 15 3382 1
726 19 271 18 4388 1
727 4 280 3 1098 1
728 7 280 3 1098 1
729 4 270 12 1912 1
730 21 283 11 2505 1
731 14 270 24 7193 1
732 2 295 23 7149 1
733 3 295 23 7149 1
734 14 277 16 4697 1
735 27 277 16 4697 1
736 40 277 16 4697 1
737 28 265 8 2705 1
738 55 265 8 2705 1
739 26 264 15 2234 1
740 4 301 11 1982 1
741 24 265 10 3033 1
742 47 265 10 3033 1
743 5 276 14 4047 1
744 8 281 18 4008 1
745 14 276 10 3875 1
746 19 264 12 2595 1
747 4 268 16 3564 1
748 7 268 16 3564 1
749 10 268 16 3564 1
750 13 268 16 3564 1
751 31 279 18 3096 1
752 3 271 16 5487 1
753 6 294 18 2984 1
754 2 267 23 5263 1
755 6 264 14 2658 1
756 13 268 14 2037 1
757 49 293 25 5408 1
758 7 276 19 6878 1
759 5 264 17 2301 1
760 23 277 17 4330 1
761 4 290 25 10290 1
762 34 268 14 3782 1
763 67 268 14 3782 1
764 100 268 14 3782 1
765 23 296 13 5655 1
766 70 277 13 5092 1
767 139 277 13 5092 1
768 31 296 22 4263 1
769 28 281 16 5038 1
770 55 281 16 5038 1
771 50 302 13 5246 1
772 15 277 16 3691 1
773 24 265 27 6019 1
774 47 265 27 6019 1
775 1 285 20 8022 1
776 1 285 20 8022 1
777 41 269 21 3996 1
778 9 279 2 282 1
779 17 279 2 282 1
780 39 300 8 1580 1
781 83 296 12 4416 1
782 20 301 14 4654 1
783 41 295 18 3805 1
784 4 281 12 4367 1
785 76 270 21 5161 1
786 4 290 12 2631 1
787 5 280 10 4065 1
788 96 277 16 3737 1
789 21 267 15 3040 1
790 41 267 15 3040 1
791 37 296 16 2645 1
792 209 301 18 5117 1
793 37 268 9 3195 1
794 15 299 20 3749 1
795 29 299 20 3749 1
796 23 292 25 7825 1
797 18 294 11 2066 1
798 21 278 20 6986 1
799 41 278 20 6986 1
800 7 300 25 8233 1
801 68 264 25 7882 1
802 23 264 8 2551 1
803 81 295 8 2356 1
804 23 290 16 3241 1
805 26 266 12 2037 1
806 76 285 12 1900 1
807 30 280 19 6093 1
808 21 268 15 4532 1
809 37 268 19 3647 1
810 3 266 15 2233 1
811 5 295 23 5553 1
812 34 301 17 3326 1
813 28 293 21 7124 1
814 55 293 21 7124 1
815 82 293 21 7124 1
816 80 280 20 5142 1
817 28 293 22 8306 1
818 26 290 23 4469 1
819 51 290 23 4469 1
820 76 290 23 4469 1
821 22 278 8 1206 1
822 18 266 14 5099 1
823 26 265 13 2911 1
824 6 283 19 4157 1
825 12 280 3 982 1
826 5 302 13 4949 1
827 23 268 6 1353 1
828 1 296 11 3753 1
829 1 296 11 3753 1
830 23 279 15 2172 1
831 45 279 15 2172 1
832 26 266 13 3584 1
833 9 267 22 4489 1
834 17 267 22 4489 1
835 16 268 13 1997 1
836 31 268 13 1997 1
837 21 277 21 8165 1
838 3 292 23 8561 1
839 24 272 12 2720 1
840 47 272 12 2720 1
841 35 277 16 5202 1
842 26 302 11 2037 1
843 5 293 11 3733 1
844 59 290 7 1596 1
845 34 296 16 6074 1
846 98 269 16 4062 1
847 195 269 16 4062 1
848 23 302 8 1296 1
849 4 290 30 8999 1
850 7 290 30 8999 1
851 1 265 8 3039 1
852 7 283 22 5748 1
853 8 266 14 4949 1
854 7 268 23 3550 1
855 22 301 17 4112 1
856 20 296 19 5511 1
857 22 268 16 3142 1
858 43 268 16 3142 1
859 64 268 16 3142 1
860 85 268 16 3142 1
861 106 268 16 3142 1
862 127 268 16 3142 1
863 20 338 19 6466 1
864 39 338 19 6466 1
865 58 338 19 6466 1
866 25 335 25 8527 1
867 83 306 17 5159 1
868 22 336 19 4532 1
869 25 305 15 5989 1
870 19 305 14 6182 1
871 24 331 19 5704 1
872 24 335 17 6554 1
873 28 316 23 7937 1
874 55 316 23 7937 1
875 7 321 28 12476 1
876 28 334 14 5792 1
877 89 316 15 6761 1
878 45 340 16 3569 1
879 26 334 12 4813 1
880 72 334 26 7938 1
881 1 302 13 5529 1
882 23 319 8 1633 1
883 18 331 18 5518 1
884 70 325 14 6549 1
885 20 325 13 3142 1
886 32 319 15 4079 1
887 26 302 13 4910 1
888 27 329 18 7372 1
889 40 323 8 1922 1
890 27 335 25 9575 1
891 112 319 13 6050 1
892 26 321 18 6071 1
893 3 329 11 4126 1
894 74 332 17 7495 1
895 61 316 21 6143 1
896 27 318 10 4608 1
897 18 316 16 7296 1
898 34 319 22 8509 1
899 88 336 13 3346 1
900 235 334 34 15441 1
901 20 329 17 6218 1
902 39 329 17 6218 1
903 58 329 17 6218 1
904 52 332 26 11554 1
905 103 332 26 11554 1
906 26 329 28 5995 1
907 51 329 28 5995 1
908 28 331 15 2717 1
909 25 316 19 5613 1
910 21 304 17 4146 1
911 25 319 18 3803 1
912 26 302 38 8026 1
913 65 332 38 15348 1
914 76 340 24 10303 1
915 63 321 21 9086 1
916 26 318 23 6445 1
917 62 329 25 11715 1
918 19 331 14 3190 1
919 30 331 17 8416 1
920 59 331 17 8416 1
921 46 304 12 5060 1
922 60 329 10 3151 1
923 14 331 18 7542 1
924 27 331 18 7542 1
925 29 325 12 5057 1
926 29 331 24 5511 1
927 57 331 24 5511 1
928 65 334 19 4321 1
929 28 331 9 1599 1
930 55 331 9 1599 1
931 30 329 31 11751 1
932 59 329 31 11751 1
933 7 329 14 2672 1
934 51 337 16 4488 1
935 23 306 19 2952 1
936 68 306 17 5205 1
937 75 316 12 2280 1
938 25 302 10 3432 1
939 74 332 25 6124 1
940 66 336 12 2689 1
941 13 318 26 8986 1
942 2 325 25 8918 1
943 26 329 18 7774 1
944 25 331 11 3414 1
945 18 329 16 6153 1
946 2 332 15 5694 1
947 66 319 16 3813 1
948 52 319 19 8102 1
949 27 321 23 4024 1
950 17 319 13 2714 1
951 21 323 22 5198 1
952 70 302 16 3780 1
953 110 302 31 8155 1
954 28 400 20 11113 1
955 55 400 20 11113 1
956 17 396 16 4549 1
957 19 396 25 12537 1
958 25 368 28 6798 1
959 47 353 23 5687 1
960 51 368 11 2170 1
961 18 348 14 3202 1
962 51 396 28 11167 1
963 63 396 26 12295 1
964 123 396 24 11491 1
965 25 353 31 12178 1
966 26 350 25 8173 1
967 27 365 20 4378 1
968 29 365 23 9149 1
969 80 364 19 5302 1
970 78 366 50 19206 1
971 101 369 32 11137 1
972 55 348 20 7295 1
973 19 368 29 14988 1
974 54 398 30 17047 1
975 65 396 34 13851 1
976 47 349 36 14779 1
977 127 398 28 11200 1
978 86 398 28 16667 1
979 61 351 18 6169 1
980 52 400 28 6021 1
981 59 400 28 12363 1
982 117 400 28 12363 1
983 53 398 27 11046 1
984 63 348 21 6450 1
985 69 350 27 7731 1
986 47 351 21 9364 1
987 80 398 6 1753 1
988 62 398 18 5655 1
989 52 364 27 14006 1
990 46 365 24 6116 1
991 100 369 24 7656 1
992 28 348 25 11484 1
993 51 364 34 15718 1
994 24 353 25 7111 1
995 23 369 23 7993 1
996 47 399 29 9801 1
997 77 396 21 6417 1
998 65 396 33 6738 1
999 50 368 27 12295 1
1000 49 400 26 14039 1
1001 52 347 32 13970 1
1002 25 367 7 3080 1
1003 59 398 24 6214 1
1004 72 368 12 3119 1
1005 29 347 19 6906 1
1006 64 348 15 2793 1
1007 127 348 15 2793 1
1008 22 353 22 10124 1
1009 43 353 22 10124 1
1010 88 353 30 15462 1
1011 26 400 34 9109 1
1012 55 369 24 5878 1
1013 55 353 27 13936 1
1014 54 348 31 9950 1
1015 50 347 19 9016 1
1016 25 400 23 7912 1
1017 49 400 23 7912 1
1018 143 396 32 14102 1
1019 24 353 26 8463 1
1020 48 400 13 3329 1
1021 13 399 28 13970 1
1022 29 365 15 7323 1
1023 51 367 30 8360 1
1024 24 396 20 7862 1
1025 79 365 31 11355 1
1026 29 353 28 5854 1
1027 3 369 22 6948 1
1028 140 365 28 7203 1
1029 48 348 22 9161 1
1030 23 366 26 6916 1
1031 23 348 21 7177 1
1032 53 364 16 3485 1
1033 28 367 29 6591 1
1034 26 400 24 6313 1
1035 53 350 11 4046 1
1036 28 367 29 10501 1
1037 24 351 29 10691 1
40
235 400 530 450 480 440 440 544 580 580 580 540 600 610 575 660 450 450 375 450 450 600 600 600 400 426 500 500 500 500 500 500 600 600 600 400 400 600 425 425 