1037
1 14 169 21 4607 1
2 14 181 22 3067 1
3 27 181 22 3067 1
4 40 181 22 3067 1
5 53 181 22 3067 1
6 14 154 10 1928 1
7 16 148 10 1323 1
8 31 148 10 1323 1
9 46 148 10 1323 1
10 5 187 30 6168 1
11 26 145 20 3599 1
12 8 141 19 2458 1
13 60 184 36 4514 1
14 119 184 36 4514 1
15 104 166 22 4672 1
16 16 141 11 871 1
17 3 176 27 6062 1
18 5 176 27 6062 1
19 7 176 27 6062 1
20 59 178 32 7920 1
21 15 182 23 5413 1
22 29 182 23 5413 1
23 14 180 21 2778 1
24 27 180 21 2778 1
25 4 174 13 2111 1
26 6 172 3 665 1
27 11 172 3 665 1
28 16 172 3 665 1
29 17 120 19 1551 1
30 33 120 19 1551 1
31 47 91 6 568 1
32 15 149 16 2606 1
33 2 165 19 3634 1
34 3 165 19 3634 1
35 4 165 19 3634 1
36 5 165 19 3634 1
37 5 175 10 1119 1
38 5 143 17 3484 1
39 9 143 17 3484 1
40 13 143 17 3484 1
41 6 163 20 3281 1
42 11 163 20 3281 1
43 70 113 9 1110 1
44 22 183 25 5098 1
45 43 183 25 5098 1
46 20 188 19 2967 1
47 10 91 8 577 1
48 4 169 15 1725 1
49 7 169 15 1725 1
50 10 169 15 1725 1
51 13 169 15 1725 1
52 16 101 12 1136 1
53 31 101 12 1136 1
54 46 101 12 1136 1
55 61 101 12 1136 1
56 19 131 9 1636 1
57 10 130 12 1631 1
58 3 122 15 1799 1
59 5 122 15 1799 1
60 7 122 15 1799 1
61 15 112 11 1463 1
62 4 147 17 2432 1
63 7 147 17 2432 1
64 11 133 16 1549 1
65 6 133 16 1961 1
66 11 133 16 1961 1
67 16 133 16 1961 1
68 21 133 16 1961 1
69 8 172 14 1792 1
70 15 172 14 1792 1
71 4 184 23 4505 1
72 3 120 12 1978 1
73 18 170 18 3790 1
74 1 140 12 1514 1
75 1 140 12 1514 1
76 1 140 12 1514 1
77 1 140 12 1514 1
78 42 159 9 1263 1
79 5 152 6 1175 1
80 9 170 13 2144 1
81 17 170 13 2144 1
82 25 170 13 2144 1
83 11 165 11 1906 1
84 21 165 11 1906 1
85 31 165 11 1906 1
86 14 170 19 2472 1
87 10 159 10 2191 1
88 4 189 14 1423 1
89 7 189 14 1423 1
90 21 158 18 1709 1
91 174 162 17 2403 1
92 26 171 16 3197 1
93 51 171 16 3197 1
94 76 171 16 3197 1
95 4 169 17 1509 1
96 8 191 26 5729 1
97 15 191 26 5729 1
98 22 191 26 5729 1
99 29 191 26 5729 1
100 36 191 26 5729 1
101 6 133 5 676 1
102 11 122 7 1131 1
103 2 159 18 1731 1
104 3 159 18 1731 1
105 15 131 12 1193 1
106 14 143 13 1593 1
107 20 174 20 4179 1
108 16 126 14 1131 1
109 24 130 10 903 1
110 16 162 14 1267 1
111 9 148 27 2433 1
112 17 148 27 2433 1
113 25 148 27 2433 1
114 19 122 17 1464 1
115 16 175 18 1629 1
116 31 175 18 1629 1
117 26 183 12 1310 1
118 51 183 12 1310 1
119 11 91 6 638 1
120 14 150 11 1230 1
121 6 131 11 1118 1
122 11 131 11 1118 1
123 15 134 25 4505 1
124 8 189 9 2341 1
125 9 158 1 139 1
126 17 158 1 139 1
127 74 188 22 5876 1
128 8 169 15 2892 1
129 15 169 15 2892 1
130 22 169 15 2892 1
131 5 137 20 4094 1
132 8 162 13 2601 1
133 12 147 7 1228 1
134 5 187 23 2643 1
135 8 159 15 3575 1
136 15 159 15 3575 1
137 22 158 21 2299 1
138 3 91 7 352 1
139 6 149 9 1105 1
140 5 160 19 4499 1
141 17 167 23 3366 1
142 12 141 18 2504 1
143 23 141 18 2504 1
144 34 141 18 2504 1
145 45 141 18 2504 1
146 23 133 14 2292 1
147 9 137 11 1398 1
148 20 158 11 2317 1
149 16 174 21 4155 1
150 31 174 21 4155 1
151 23 150 10 1573 1
152 45 150 10 1573 1
153 67 150 10 1573 1
154 89 150 10 1573 1
155 16 87 10 601 1
156 6 113 12 873 1
157 14 122 12 1514 1
158 7 167 17 2709 1
159 13 167 17 2709 1
160 48 168 18 1665 1
161 13 165 9 819 1
162 25 165 9 819 1
163 37 165 9 819 1
164 49 165 9 819 1
165 5 149 20 2115 1
166 9 149 20 2115 1
167 25 183 12 1316 1
168 15 189 15 2600 1
169 27 146 9 1608 1
170 10 173 15 3531 1
171 15 167 27 6657 1
172 18 125 10 1667 1
173 35 125 10 1667 1
174 52 125 10 1667 1
175 8 191 20 1929 1
176 15 191 20 1929 1
177 15 112 6 928 1
178 15 134 12 981 1
179 16 171 16 4078 1
180 9 172 17 2999 1
181 3 191 21 4812 1
182 9 159 6 606 1
183 29 130 9 1437 1
184 10 182 20 2212 1
185 19 182 20 2212 1
186 28 182 20 2212 1
187 54 121 10 1061 1
188 6 87 5 525 1
189 8 121 12 1111 1
190 11 122 12 992 1
191 13 147 11 1843 1
192 7 175 18 1913 1
193 10 173 14 3417 1
194 25 171 13 2913 1
195 49 171 13 2913 1
196 73 171 13 2913 1
197 12 146 14 2618 1
198 13 165 23 2667 1
199 7 143 18 2310 1
200 13 143 18 2310 1
201 19 143 18 2310 1
202 15 122 2 247 1
203 6 175 17 3680 1
204 11 175 17 3680 1
205 16 175 17 3680 1
206 21 175 17 3680 1
207 5 126 14 2598 1
208 5 154 16 3405 1
209 9 154 16 3405 1
210 13 154 16 3405 1
211 22 91 6 781 1
212 1 177 9 862 1
213 4 141 17 2167 1
214 23 169 17 2653 1
215 19 167 11 1980 1
216 2 149 10 1104 1
217 23 145 16 2516 1
218 9 130 10 1648 1
219 17 130 10 1648 1
220 3 189 27 5179 1
221 15 126 9 1588 1
222 29 126 9 1588 1
223 17 174 20 4554 1
224 15 122 17 2958 1
225 9 141 17 2116 1
226 17 141 17 2116 1
227 28 150 15 2269 1
228 10 137 20 1624 1
229 19 137 20 1624 1
230 15 148 16 1447 1
231 7 150 20 3448 1
232 10 187 20 2312 1
233 6 191 7 1530 1
234 11 191 7 1530 1
235 12 173 11 2654 1
236 6 173 18 1915 1
237 6 189 23 3057 1
238 15 173 20 4878 1
239 19 162 7 1324 1
240 15 160 13 2315 1
241 61 144 11 2237 1
242 19 158 10 1210 1
243 37 158 10 1210 1
244 19 120 10 1680 1
245 128 169 2 248 1
246 5 146 18 3029 1
247 9 146 18 3029 1
248 4 191 22 6281 1
249 5 101 9 1064 1
250 3 141 20 2578 1
251 5 141 20 2578 1
252 7 141 20 2578 1
253 15 154 23 4924 1
254 18 169 6 770 1
255 3 174 23 5016 1
256 5 174 23 5016 1
257 7 174 23 5016 1
258 5 113 9 818 1
259 13 172 2 196 1
260 25 172 2 196 1
261 13 143 18 2977 1
262 25 143 18 2977 1
263 3 189 20 4060 1
264 15 101 11 1617 1
265 8 187 18 2620 1
266 7 188 16 2359 1
267 17 141 17 2072 1
268 7 148 16 1828 1
269 6 184 16 2244 1
270 4 116 11 1091 1
271 8 133 19 2631 1
272 3 191 37 5591 1
273 5 191 37 5591 1
274 7 191 37 5591 1
275 9 191 37 5591 1
276 11 191 37 5591 1
277 7 154 19 2666 1
278 13 154 19 2666 1
279 5 122 10 896 1
280 9 122 10 896 1
281 6 189 17 1997 1
282 13 159 20 3100 1
283 25 159 20 3100 1
284 15 87 9 1068 1
285 7 160 16 1420 1
286 13 135 19 3149 1
287 15 125 14 2195 1
288 10 173 18 3529 1
289 12 131 22 2633 1
290 23 131 22 2633 1
291 5 173 8 1897 1
292 9 173 8 1897 1
293 14 144 23 3735 1
294 3 169 30 5226 1
295 10 112 12 1965 1
296 9 183 19 4787 1
297 17 183 19 4787 1
298 8 134 20 1563 1
299 4 130 12 1848 1
300 7 130 12 1848 1
301 10 130 12 1848 1
302 13 130 12 1848 1
303 5 147 33 5817 1
304 9 147 33 5817 1
305 13 147 33 5817 1
306 16 143 13 2274 1
307 31 143 13 2274 1
308 15 112 20 2538 1
309 9 176 24 5423 1
310 8 149 9 769 1
311 7 172 13 2027 1
312 8 175 19 2995 1
313 15 175 19 2995 1
314 22 175 19 2995 1
315 3 125 12 934 1
316 18 184 17 1750 1
317 6 152 1 89 1
318 12 113 18 1402 1
319 9 149 20 2291 1
320 5 177 32 3667 1
321 16 171 16 2782 1
322 20 145 5 421 1
323 5 133 14 2044 1
324 9 133 14 2044 1
325 13 133 14 2044 1
326 17 133 14 2044 1
327 16 154 18 1590 1
328 9 112 12 1799 1
329 11 144 14 1567 1
330 42 175 13 2573 1
331 8 162 12 1624 1
332 8 116 8 659 1
333 9 178 11 2124 1
334 17 178 11 2124 1
335 6 185 21 4430 1
336 7 167 20 3598 1
337 13 167 20 3598 1
338 16 175 24 3883 1
339 31 175 24 3883 1
340 46 175 24 3883 1
341 20 163 13 2884 1
342 39 163 13 2884 1
343 58 163 13 2884 1
344 77 163 13 2884 1
345 10 120 5 557 1
346 19 120 5 557 1
347 28 120 5 557 1
348 22 155 20 2993 1
349 7 133 12 1475 1
350 13 133 12 1475 1
351 19 133 12 1475 1
352 5 155 19 1758 1
353 8 141 13 2066 1
354 15 141 13 2066 1
355 22 141 13 2066 1
356 29 141 13 2066 1
357 153 167 15 2384 1
358 6 155 13 1175 1
359 11 155 13 1175 1
360 18 137 7 498 1
361 4 121 14 913 1
362 10 159 26 5435 1
363 14 133 14 1102 1
364 27 133 14 1102 1
365 2 148 14 1979 1
366 3 148 14 1979 1
367 39 125 12 1574 1
368 77 125 12 1574 1
369 21 131 17 1703 1
370 4 133 15 2941 1
371 7 133 15 2941 1
372 10 133 15 2941 1
373 6 147 9 1951 1
374 11 147 9 1951 1
375 22 189 13 3092 1
376 13 150 22 3146 1
377 19 131 13 2066 1
378 37 131 13 2066 1
379 26 154 9 1187 1
380 7 112 7 758 1
381 13 112 7 758 1
382 19 112 7 758 1
383 25 112 7 758 1
384 10 101 8 1071 1
385 19 101 8 1071 1
386 4 188 30 2898 1
387 7 188 30 2898 1
388 8 159 21 1794 1
389 17 87 8 839 1
390 7 152 22 2074 1
391 13 152 22 2074 1
392 18 131 14 2023 1
393 7 135 11 778 1
394 13 135 11 778 1
395 19 135 11 778 1
396 25 135 11 778 1
397 31 135 11 778 1
398 14 157 19 3673 1
399 17 147 19 1455 1
400 7 146 20 2479 1
401 13 146 20 2479 1
402 19 146 20 2479 1
403 16 158 12 1088 1
404 5 154 22 3431 1
405 15 146 14 2391 1
406 16 152 16 3421 1
407 8 189 18 4548 1
408 2 197 20 2142 1
409 9 197 6 633 1
410 17 197 6 633 1
411 25 197 6 633 1
412 33 197 6 633 1
413 41 197 6 633 1
414 49 197 6 633 1
415 57 197 6 633 1
416 23 194 18 4053 1
417 2 195 16 4316 1
418 19 195 23 5218 1
419 31 196 14 2171 1
420 17 195 23 2853 1
421 2 196 16 3473 1
422 2 193 13 2254 1
423 3 193 13 2254 1
424 7 195 17 3963 1
425 20 193 12 3272 1
426 39 193 12 3272 1
427 22 196 12 1934 1
428 19 193 14 2999 1
429 37 193 14 2999 1
430 55 193 14 2999 1
431 8 196 15 2956 1
432 11 196 5 1365 1
433 38 195 32 3830 1
434 9 195 27 6988 1
435 9 197 19 5203 1
436 17 197 19 5203 1
437 31 202 18 2354 1
438 50 221 21 4347 1
439 30 212 12 1940 1
440 8 208 6 1466 1
441 15 208 6 1466 1
442 25 210 16 1995 1
443 27 221 11 1363 1
444 2 222 10 1929 1
445 9 200 10 2016 1
446 17 200 10 2016 1
447 50 223 22 4312 1
448 8 224 19 5157 1
449 15 224 19 5157 1
450 29 221 1 284 1
451 10 217 14 3859 1
452 9 226 12 3347 1
453 17 226 12 3347 1
454 7 222 7 1300 1
455 7 217 23 5635 1
456 13 217 23 5635 1
457 16 226 18 5077 1
458 8 211 22 5086 1
459 24 208 10 1285 1
460 8 221 12 1835 1
461 15 221 12 1835 1
462 16 212 11 2676 1
463 27 221 15 2153 1
464 23 222 11 3591 1
465 9 209 18 2891 1
466 7 211 11 1757 1
467 13 211 11 1757 1
468 22 208 15 2771 1
469 8 209 9 2303 1
470 15 209 9 2303 1
471 22 209 9 2303 1
472 29 209 9 2303 1
473 36 209 9 2303 1
474 38 213 15 2824 1
475 23 226 15 4499 1
476 8 223 7 1720 1
477 20 211 10 1074 1
478 9 220 9 1315 1
479 17 220 9 1315 1
480 25 220 9 1315 1
481 33 220 9 1315 1
482 33 210 11 3078 1
483 65 210 11 3078 1
484 97 210 11 3078 1
485 129 210 11 3078 1
486 44 222 16 3273 1
487 37 217 15 4135 1
488 25 199 18 2070 1
489 49 199 18 2070 1
490 73 199 18 2070 1
491 26 226 19 4633 1
492 8 199 15 2639 1
493 7 211 13 2748 1
494 13 211 13 2748 1
495 15 216 13 1734 1
496 33 216 12 3121 1
497 65 216 12 3121 1
498 27 208 15 3103 1
499 7 223 13 2202 1
500 13 223 13 2202 1
501 19 223 13 2202 1
502 6 213 15 3543 1
503 11 213 15 3543 1
504 16 213 15 3543 1
505 21 213 15 3543 1
506 6 220 4 641 1
507 8 216 15 4572 1
508 15 216 15 4572 1
509 22 216 15 4572 1
510 29 216 11 1270 1
511 57 216 11 1270 1
512 7 212 14 3166 1
513 13 212 14 3166 1
514 6 217 18 5405 1
515 8 224 18 4853 1
516 15 224 18 4853 1
517 11 199 20 5189 1
518 21 199 20 5189 1
519 9 216 15 1690 1
520 17 216 15 1690 1
521 7 209 21 4771 1
522 13 209 21 4771 1
523 2 213 14 1773 1
524 32 213 8 932 1
525 63 213 8 932 1
526 6 212 15 4007 1
527 11 212 15 4007 1
528 52 222 1 181 1
529 103 222 1 181 1
530 8 224 16 3133 1
531 24 199 14 3009 1
532 10 221 10 1212 1
533 10 220 16 2768 1
534 41 212 20 5827 1
535 9 208 15 3427 1
536 15 213 10 2712 1
537 15 210 10 1056 1
538 7 220 3 449 1
539 2 224 19 5231 1
540 27 224 19 2695 1
541 26 216 19 3031 1
542 11 212 4 436 1
543 28 217 22 2403 1
544 29 209 17 4464 1
545 57 209 17 4464 1
546 28 208 12 2132 1
547 26 198 13 2589 1
548 51 198 13 2589 1
549 32 224 12 1418 1
550 2 199 13 1696 1
551 8 209 13 3417 1
552 15 220 13 1821 1
553 24 209 11 3043 1
554 54 213 13 2751 1
555 7 213 14 1755 1
556 54 201 17 3997 1
557 2 212 12 1739 1
558 8 210 18 3756 1
559 22 226 17 2284 1
560 14 223 12 2851 1
561 5 201 14 3880 1
562 23 247 14 2672 1
563 25 256 15 2966 1
564 19 232 5 777 1
565 33 240 15 2085 1
566 3 241 15 3395 1
567 5 241 15 3395 1
568 25 260 23 3243 1
569 35 236 19 6526 1
570 2 255 3 1033 1
571 24 263 15 3770 1
572 47 263 15 3770 1
573 2 235 10 3443 1
574 3 235 10 3443 1
575 22 239 17 4059 1
576 20 228 13 3187 1
577 6 239 13 4429 1
578 30 241 11 2311 1
579 59 241 11 2311 1
580 23 227 18 2361 1
581 45 227 18 2361 1
582 27 235 12 2033 1
583 26 259 18 5253 1
584 27 236 20 3275 1
585 53 236 20 3275 1
586 30 237 11 2125 1
587 17 239 19 3248 1
588 47 228 11 1980 1
589 93 228 11 1980 1
590 30 262 17 4185 1
591 51 245 16 2570 1
592 30 229 11 2722 1
593 59 229 11 2722 1
594 88 229 11 2722 1
595 17 250 9 1588 1
596 28 232 6 819 1
597 52 256 20 6720 1
598 2 236 10 3482 1
599 8 229 17 5212 1
600 20 236 28 9661 1
601 39 236 28 9661 1
602 21 261 10 2117 1
603 29 250 17 3122 1
604 8 262 16 3221 1
605 9 255 6 1228 1
606 60 240 16 4508 1
607 7 255 18 6506 1
608 30 261 22 2989 1
609 4 262 24 3318 1
610 36 259 18 3167 1
611 46 259 11 4012 1
612 2 247 14 3540 1
613 8 227 6 737 1
614 6 231 11 3615 1
615 23 231 19 2233 1
616 19 227 12 2211 1
617 37 227 12 2211 1
618 55 227 12 2211 1
619 73 227 12 2211 1
620 1 229 10 3060 1
621 5 239 15 5054 1
622 4 228 12 1508 1
623 7 228 12 1508 1
624 6 262 21 6524 1
625 17 241 21 3411 1
626 29 245 9 3222 1
627 50 239 7 1061 1
628 11 263 22 7063 1
629 21 263 22 7063 1
630 32 228 18 3180 1
631 10 229 11 3506 1
632 32 241 14 1944 1
633 63 241 14 1944 1
634 36 260 8 2143 1
635 23 241 18 3223 1
636 13 232 12 3993 1
637 35 235 13 3936 1
638 15 231 17 3897 1
639 62 240 14 3774 1
640 23 252 7 1494 1
641 14 263 14 3378 1
642 56 259 15 3377 1
643 46 247 18 2277 1
644 7 261 15 5544 1
645 13 261 15 5544 1
646 36 240 11 3513 1
647 71 240 11 3513 1
648 106 240 11 3513 1
649 6 241 15 1947 1
650 6 242 11 1819 1
651 11 242 11 1819 1
652 5 263 16 6228 1
653 35 242 22 4507 1
654 30 247 18 6506 1
655 60 235 14 4603 1
656 7 240 20 5597 1
657 26 252 14 4274 1
658 29 259 25 7388 1
659 53 241 10 2188 1
660 105 241 10 2188 1
661 11 229 16 1850 1
662 21 229 16 1850 1
663 31 229 16 1850 1
664 41 229 16 1850 1
665 20 240 20 6336 1
666 24 255 1 379 1
667 29 259 14 3899 1
668 4 262 20 2807 1
669 25 228 19 5805 1
670 7 263 26 6286 1
671 13 263 26 6286 1
672 55 231 16 3968 1
673 30 229 24 4231 1
674 22 255 17 3198 1
675 24 227 11 3309 1
676 6 232 18 2150 1
677 11 232 18 2150 1
678 2 235 7 2111 1
679 18 236 17 2068 1
680 35 236 17 2068 1
681 38 260 14 3351 1
682 75 260 14 3351 1
683 22 232 12 3172 1
684 4 278 9 1551 1
685 23 292 10 2499 1
686 52 301 14 5461 1
687 24 264 13 3080 1
688 21 285 1 169 1
689 18 293 17 6857 1
690 35 293 17 6857 1
691 20 300 37 10218 1
692 16 280 16 5064 1
693 42 292 7 3065 1
694 13 293 6 2087 1
695 25 293 6 2087 1
696 39 283 21 4029 1
697 6 270 13 3328 1
698 47 276 11 4385 1
699 93 276 11 4385 1
700 27 272 20 6507 1
701 53 272 20 6507 1
702 79 272 20 6507 1
703 105 272 20 6507 1
704 1 275 12 2790 1
705 1 275 12 2790 1
706 37 299 13 4486 1
707 29 268 17 5194 1
708 57 268 17 5194 1
709 85 268 17 5194 1
710 33 293 11 4540 1
711 65 293 11 4540 1
712 97 293 11 4540 1
713 129 293 11 4540 1
714 161 293 11 4540 1
715 2 278 16 5269 1
716 63 301 15 5740 1
717 24 276 14 2684 1
718 43 279 14 3271 1
719 19 296 9 2678 1
720 20 293 27 6067 1
721 24 277 24 5013 1
722 47 277 24 5013 1
723 3 268 36 12473 1
724 5 268 36 12473 1
725 5 265 12 1693 1
726 8 270 17 4413 1
727 27 281 9 2917 1
728 27 264 18 2694 1
729 15 290 13 3553 1
730 29 290 13 3553 1
731 177 268 10 2119 1
732 25 272 10 3915 1
733 49 272 10 3915 1
734 73 272 10 3915 1
735 13 267 23 4570 1
736 69 270 16 3239 1
737 22 283 21 6715 1
738 30 295 13 3488 1
739 59 295 13 3488 1
740 24 302 16 3077 1
741 47 302 16 3077 1
742 22 294 22 5474 1
743 23 271 22 3552 1
744 6 283 16 3577 1
745 2 300 16 4817 1
746 23 272 16 4072 1
747 4 269 15 4865 1
748 28 270 27 5553 1
749 72 264 15 2028 1
750 24 285 20 3245 1
751 64 266 13 4878 1
752 4 265 16 4143 1
753 3 278 12 3780 1
754 5 278 12 3780 1
755 48 279 13 3512 1
756 23 266 17 5460 1
757 4 265 22 6671 1
758 27 283 23 6843 1
759 53 283 23 6843 1
760 58 296 15 3397 1
761 6 265 16 4801 1
762 36 271 15 2347 1
763 20 281 21 4368 1
764 40 302 12 2435 1
765 38 272 16 5869 1
766 74 264 4 623 1
767 72 267 11 3640 1
768 64 266 9 2662 1
769 64 280 22 8816 1
770 127 280 22 8816 1
771 63 269 18 5082 1
772 38 266 8 1932 1
773 21 267 25 5947 1
774 78 267 11 2491 1
775 34 276 23 7235 1
776 67 276 23 7235 1
777 42 279 20 3410 1
778 21 270 21 2996 1
779 24 268 16 5577 1
780 22 264 18 7006 1
781 11 281 19 3734 1
782 18 267 12 1945 1
783 3 281 14 5622 1
784 80 296 15 5022 1
785 14 276 17 6392 1
786 23 271 14 5594 1
787 4 293 17 6016 1
788 7 293 17 6016 1
789 10 293 17 6016 1
790 66 271 17 3516 1
791 22 294 16 5976 1
792 71 283 19 6526 1
793 30 295 14 2668 1
794 15 278 12 2869 1
795 29 278 12 2869 1
796 43 278 12 2869 1
797 57 278 12 2869 1
798 71 278 12 2869 1
799 26 277 14 4556 1
800 20 269 21 6453 1
801 39 269 21 6453 1
802 8 295 24 7676 1
803 21 265 18 7113 1
804 41 265 18 7113 1
805 77 279 14 3795 1
806 8 301 11 2667 1
807 15 301 11 2667 1
808 1 283 20 3842 1
809 25 271 7 1846 1
810 37 290 16 6741 1
811 17 293 23 8664 1
812 30 276 16 4685 1
813 23 285 2 318 1
814 75 296 13 4624 1
815 20 268 13 3796 1
816 25 271 25 9171 1
817 24 295 19 7871 1
818 47 295 19 7871 1
819 6 268 24 9379 1
820 21 285 15 2967 1
821 3 277 23 3595 1
822 39 280 8 1165 1
823 25 270 11 1708 1
824 7 269 16 2657 1
825 13 269 16 2657 1
826 24 292 21 4113 1
827 43 279 18 3734 1
828 23 270 20 5266 1
829 25 302 13 4424 1
830 5 301 14 6038 1
831 8 270 17 5057 1
832 6 283 13 3661 1
833 11 283 13 3661 1
834 16 283 13 3661 1
835 22 271 13 5261 1
836 43 271 13 5261 1
837 19 283 16 3395 1
838 2 278 14 5078 1
839 18 266 26 6529 1
840 61 283 20 7636 1
841 121 283 20 7636 1
842 181 283 20 7636 1
843 25 295 20 7825 1
844 19 290 26 10060 1
845 40 277 27 8591 1
846 6 299 23 4356 1
847 39 300 18 7171 1
848 77 300 18 7171 1
849 37 266 15 2094 1
850 22 280 22 3378 1
851 38 265 22 4802 1
852 11 285 20 5268 1
853 21 285 20 5268 1
854 31 285 20 5268 1
855 41 285 20 5268 1
856 41 264 6 1309 1
857 12 271 12 4419 1
858 23 271 12 4419 1
859 34 271 12 4419 1
860 25 296 17 7355 1
861 80 292 16 3575 1
862 24 293 8 2090 1
863 21 319 14 4481 1
864 71 323 14 6497 1
865 27 323 15 3694 1
866 26 323 18 5217 1
867 92 304 21 8418 1
868 53 337 15 5191 1
869 54 319 18 4537 1
870 57 339 13 5554 1
871 26 336 21 9087 1
872 50 333 20 7121 1
873 70 338 12 3742 1
874 15 318 25 11252 1
875 70 336 21 8893 1
876 21 334 18 5810 1
877 29 331 15 2993 1
878 8 335 15 5235 1
879 15 335 15 5235 1
880 98 323 10 2232 1
881 34 325 15 5137 1
882 55 334 9 2354 1
883 29 316 16 4573 1
884 23 305 14 3882 1
885 26 331 28 5273 1
886 100 306 14 5469 1
887 69 316 15 5068 1
888 22 335 20 5430 1
889 52 339 13 3159 1
890 69 331 23 7736 1
891 137 331 23 7736 1
892 31 321 14 2305 1
893 19 316 23 7905 1
894 47 305 19 3024 1
895 93 305 19 3024 1
896 26 336 17 3850 1
897 26 336 22 11081 1
898 36 323 25 4984 1
899 67 329 15 2474 1
900 37 338 13 5989 1
901 28 304 20 5523 1
902 73 302 14 4397 1
903 52 306 12 2188 1
904 2 302 16 3081 1
905 27 331 27 9133 1
906 25 323 14 5737 1
907 24 338 25 6181 1
908 27 340 20 7011 1
909 53 340 20 7011 1
910 70 325 9 2263 1
911 23 325 20 8879 1
912 26 321 23 9103 1
913 23 337 12 5416 1
914 71 304 8 3468 1
915 27 318 16 7305 1
916 25 329 17 6480 1
917 65 304 16 4071 1
918 129 304 16 4071 1
919 28 336 19 8954 1
920 31 316 13 4156 1
921 47 334 25 4598 1
922 27 316 10 3646 1
923 26 338 10 2985 1
924 21 336 15 2697 1
925 5 316 13 4120 1
926 113 321 12 2318 1
927 72 306 15 5262 1
928 28 329 39 18720 1
929 75 339 14 5810 1
930 29 339 16 5224 1
931 53 335 16 4735 1
932 70 339 19 5011 1
933 139 339 19 5011 1
934 61 325 13 2516 1
935 21 319 18 8234 1
936 23 323 17 2774 1
937 35 319 24 11264 1
938 25 306 20 3554 1
939 67 332 24 6920 1
940 38 305 20 8692 1
941 20 339 15 4584 1
942 70 318 13 4016 1
943 27 319 15 7022 1
944 29 316 13 6075 1
945 54 329 17 5071 1
946 17 333 15 6630 1
947 21 339 13 2263 1
948 26 335 13 6377 1
949 51 335 13 6377 1
950 108 336 16 4176 1
951 57 332 15 5854 1
952 3 321 37 10215 1
953 71 329 26 10855 1
954 23 351 11 3593 1
955 29 353 10 2285 1
956 57 353 10 2285 1
957 24 398 22 7918 1
958 55 353 23 8922 1
959 19 365 27 9049 1
960 66 369 27 7769 1
961 56 353 19 6988 1
962 84 367 26 5158 1
963 18 365 18 5775 1
964 53 347 15 7733 1
965 30 365 14 3661 1
966 64 367 25 10193 1
967 86 400 24 7867 1
968 50 347 25 12158 1
969 27 348 29 12591 1
970 89 351 46 22369 1
971 50 396 24 13662 1
972 49 368 20 6683 1
973 44 369 18 8222 1
974 47 351 24 4423 1
975 51 347 21 4957 1
976 59 350 30 11538 1
977 86 367 30 6331 1
978 24 398 20 4451 1
979 56 351 22 4983 1
980 120 396 23 5477 1
981 46 364 9 2422 1
982 91 364 9 2422 1
983 56 399 22 7806 1
984 52 353 21 8401 1
985 48 368 20 10014 1
986 77 364 23 11368 1
987 36 366 23 5675 1
988 28 366 10 5253 1
989 32 367 21 8075 1
990 28 351 33 17284 1
991 104 400 31 12597 1
992 52 368 32 16516 1
993 87 353 25 10748 1
994 22 398 22 6306 1
995 43 398 22 6306 1
996 6 364 25 13527 1
997 18 396 29 8914 1
998 113 351 26 10647 1
999 26 350 17 8677 1
1000 69 365 23 9028 1
1001 52 349 25 9832 1
1002 20 350 27 9075 1
1003 19 353 23 5106 1
1004 62 396 20 6764 1
1005 112 350 21 4251 1
1006 86 396 22 6405 1
1007 60 368 13 6503 1
1008 26 399 18 7424 1
1009 25 364 23 5012 1
1010 29 351 21 7878 1
1011 30 367 32 14154 1
1012 78 400 11 4333 1
1013 24 353 15 4586 1
1014 102 398 26 7594 1
1015 25 349 21 9122 1
1016 51 348 18 7111 1
1017 101 348 18 7111 1
1018 23 350 18 7230 1
1019 31 350 18 9441 1
1020 97 400 28 13432 1
1021 23 366 22 7412 1
1022 21 353 28 7286 1
1023 22 400 20 4708 1
1024 50 396 29 16013 1
1025 7 349 25 9305 1
1026 26 400 17 7732 1
1027 48 365 21 11362 1
1028 101 353 12 4561 1
1029 79 347 25 11705 1
1030 67 366 21 6360 1
1031 22 368 37 16405 1
1032 113 365 16 8503 1
1033 24 400 30 12094 1
1034 110 350 18 7280 1
1035 48 367 24 11221 1
1036 46 367 25 6660 1
1037 51 367 22 8142 1
40
235 400 530 450 480 440 440 544 580 580 580 540 600 610 575 660 450 450 375 450 450 600 600 600 400 426 500 500 500 500 500 500 600 600 600 400 400 600 425 425 