1037
1 10 174 7 971 1
2 25 160 19 3690 1
3 49 160 19 3690 1
4 73 160 19 3690 1
5 19 166 11 1850 1
6 37 166 11 1850 1
7 7 87 12 1171 1
8 13 87 12 1171 1
9 8 112 8 688 1
10 15 112 8 688 1
11 22 112 8 688 1
12 31 145 15 3241 1
13 30 135 2 223 1
14 3 91 11 1360 1
15 10 174 22 3844 1
16 15 145 17 3413 1
17 29 145 17 3413 1
18 43 145 17 3413 1
19 17 131 17 1916 1
20 12 165 16 2442 1
21 19 187 16 1818 1
22 5 155 18 2556 1
23 9 155 18 2556 1
24 13 155 18 2556 1
25 17 155 18 2556 1
26 14 140 18 1858 1
27 11 154 21 4165 1
28 21 154 21 4165 1
29 31 154 21 4165 1
30 41 154 21 4165 1
31 30 143 12 2408 1
32 59 143 12 2408 1
33 11 147 15 1847 1
34 21 147 15 1847 1
35 31 147 15 1847 1
36 15 177 15 2803 1
37 9 126 8 1400 1
38 17 126 8 1400 1
39 25 126 8 1400 1
40 7 143 8 1102 1
41 13 143 8 1102 1
42 19 143 8 1102 1
43 7 149 14 1360 1
44 75 167 16 3233 1
45 23 163 16 2662 1
46 16 130 4 770 1
47 6 158 10 1118 1
48 9 154 26 4353 1
49 25 133 20 2764 1
50 35 163 17 3892 1
51 62 147 18 1369 1
52 84 162 11 2398 1
53 5 112 15 1313 1
54 9 141 21 3175 1
55 23 152 17 1802 1
56 5 91 8 985 1
57 9 91 8 985 1
58 9 169 17 3028 1
59 13 172 27 2436 1
60 5 163 13 2021 1
61 25 163 24 5322 1
62 14 160 17 2292 1
63 27 160 17 2292 1
64 8 185 15 3735 1
65 15 185 15 3735 1
66 17 168 23 3231 1
67 6 178 23 4412 1
68 11 140 18 2523 1
69 21 140 18 2523 1
70 31 140 18 2523 1
71 8 159 17 1738 1
72 15 159 17 1738 1
73 22 159 17 1738 1
74 13 180 19 2915 1
75 25 180 19 2915 1
76 37 180 19 2915 1
77 11 150 24 5174 1
78 21 150 24 5174 1
79 31 150 24 5174 1
80 41 150 24 5174 1
81 51 150 24 5174 1
82 61 150 24 5174 1
83 8 168 25 4885 1
84 15 168 25 4885 1
85 22 168 25 4885 1
86 29 168 25 4885 1
87 36 168 25 4885 1
88 5 126 17 1405 1
89 15 163 21 2127 1
90 9 122 14 1933 1
91 6 133 12 2256 1
92 4 122 8 1011 1
93 7 122 8 1011 1
94 9 187 22 3292 1
95 11 187 7 799 1
96 2 120 11 1014 1
97 3 181 17 1718 1
98 5 181 17 1718 1
99 7 181 17 1718 1
100 9 181 17 1718 1
101 16 145 16 2548 1
102 31 145 16 2548 1
103 5 113 13 1411 1
104 15 141 10 1304 1
105 29 141 10 1304 1
106 6 171 19 2636 1
107 3 181 19 1977 1
108 5 181 19 1977 1
109 9 162 15 2912 1
110 17 162 15 2912 1
111 14 143 18 3681 1
112 27 143 18 3681 1
113 40 143 18 3681 1
114 2 150 20 3982 1
115 3 150 20 3982 1
116 4 150 20 3982 1
117 7 176 8 1564 1
118 13 176 8 1564 1
119 7 182 9 1165 1
120 7 112 6 345 1
121 15 133 11 1976 1
122 8 176 15 3404 1
123 7 125 15 2720 1
124 5 116 13 1758 1
125 14 140 20 2551 1
126 17 143 14 1793 1
127 3 143 16 2475 1
128 5 143 16 2475 1
129 7 143 16 2475 1
130 16 174 20 2838 1
131 15 87 12 1217 1
132 8 174 23 5655 1
133 27 171 10 1787 1
134 16 125 5 670 1
135 25 189 9 2392 1
136 16 173 9 1309 1
137 20 191 1 177 1
138 6 176 12 1668 1
139 4 167 18 2123 1
140 16 187 17 4563 1
141 15 145 12 1474 1
142 3 184 18 2703 1
143 22 170 2 313 1
144 16 174 31 7613 1
145 18 178 7 1791 1
146 35 178 7 1791 1
147 7 125 10 1690 1
148 13 125 10 1690 1
149 19 125 10 1690 1
150 25 125 10 1690 1
151 19 146 16 1425 1
152 7 116 8 1128 1
153 13 116 8 1128 1
154 19 116 8 1128 1
155 9 143 17 3580 1
156 17 143 17 3580 1
157 27 152 24 2336 1
158 17 133 21 3693 1
159 33 133 21 3693 1
160 6 183 15 2929 1
161 11 183 15 2929 1
162 7 181 19 3631 1
163 13 181 19 3631 1
164 4 133 12 849 1
165 15 122 11 723 1
166 29 122 11 723 1
167 1 141 13 2046 1
168 15 147 26 4967 1
169 11 116 8 731 1
170 16 175 22 3736 1
171 15 191 15 3210 1
172 17 169 18 2185 1
173 6 144 14 2393 1
174 1 125 15 1682 1
175 7 185 19 4800 1
176 9 87 9 1057 1
177 17 87 9 1057 1
178 30 165 19 3979 1
179 19 177 14 2825 1
180 11 121 7 1077 1
181 7 184 19 5090 1
182 13 184 19 5090 1
183 19 184 19 5090 1
184 25 184 19 5090 1
185 31 184 19 5090 1
186 37 184 19 5090 1
187 43 184 19 5090 1
188 23 170 18 1907 1
189 45 170 18 1907 1
190 8 134 4 407 1
191 15 134 4 407 1
192 22 134 4 407 1
193 22 178 16 2803 1
194 11 120 13 860 1
195 7 159 12 1302 1
196 13 159 12 1302 1
197 19 159 12 1302 1
198 25 159 12 1302 1
199 31 159 12 1302 1
200 37 159 12 1302 1
201 15 189 15 2497 1
202 6 159 14 1114 1
203 2 91 10 770 1
204 3 91 10 770 1
205 10 185 21 4982 1
206 19 185 21 4982 1
207 28 185 21 4982 1
208 5 147 20 3643 1
209 9 147 20 3643 1
210 13 147 20 3643 1
211 17 147 20 3643 1
212 5 176 18 3363 1
213 9 176 18 3363 1
214 13 176 18 3363 1
215 15 162 16 3646 1
216 29 162 16 3646 1
217 9 149 22 4071 1
218 6 113 5 643 1
219 7 171 16 3212 1
220 13 171 16 3212 1
221 19 155 22 3519 1
222 15 184 16 3337 1
223 16 177 10 902 1
224 5 181 14 2104 1
225 9 181 14 2104 1
226 6 177 9 2189 1
227 11 177 9 2189 1
228 16 177 9 2189 1
229 21 177 9 2189 1
230 26 177 9 2189 1
231 7 172 12 1791 1
232 10 101 2 109 1
233 3 177 23 5312 1
234 50 131 8 545 1
235 13 169 15 3365 1
236 10 175 10 1217 1
237 4 141 23 3539 1
238 6 159 11 2387 1
239 11 159 11 2387 1
240 13 157 25 3443 1
241 1 188 18 3450 1
242 1 188 18 3450 1
243 1 188 18 3450 1
244 1 188 18 3450 1
245 1 188 18 3450 1
246 1 188 18 3450 1
247 22 155 15 2197 1
248 43 155 15 2197 1
249 64 155 15 2197 1
250 85 155 15 2197 1
251 16 130 6 754 1
252 16 165 6 812 1
253 6 131 12 2057 1
254 7 112 9 1338 1
255 6 112 13 753 1
256 4 166 19 3686 1
257 15 144 24 4717 1
258 16 166 26 3731 1
259 67 175 20 5129 1
260 6 191 23 2965 1
261 28 182 6 586 1
262 55 182 6 586 1
263 3 134 18 1951 1
264 2 130 4 724 1
265 3 130 4 724 1
266 10 148 28 5827 1
267 19 148 28 5827 1
268 28 148 28 5827 1
269 7 147 20 2394 1
270 8 116 6 490 1
271 29 120 18 1221 1
272 57 120 18 1221 1
273 6 91 8 736 1
274 3 148 13 1908 1
275 5 148 13 1908 1
276 15 122 11 1317 1
277 8 174 29 4318 1
278 15 174 29 4318 1
279 22 174 29 4318 1
280 16 125 10 887 1
281 17 116 13 1928 1
282 33 116 13 1928 1
283 49 116 13 1928 1
284 6 181 10 2186 1
285 12 189 25 5145 1
286 9 87 10 1200 1
287 25 149 21 2624 1
288 4 172 16 3338 1
289 7 172 16 3338 1
290 11 131 15 1831 1
291 10 154 7 1374 1
292 19 154 7 1374 1
293 16 154 16 3663 1
294 9 159 15 1736 1
295 17 159 15 1736 1
296 25 159 15 1736 1
297 27 133 9 1785 1
298 38 182 17 4554 1
299 75 182 17 4554 1
300 20 113 12 1457 1
301 39 113 12 1457 1
302 58 113 12 1457 1
303 21 167 15 2045 1
304 9 183 12 2904 1
305 17 183 12 2904 1
306 6 141 16 2866 1
307 20 152 5 612 1
308 39 152 5 612 1
309 58 152 5 612 1
310 77 152 5 612 1
311 8 187 6 760 1
312 24 158 18 2323 1
313 47 158 18 2323 1
314 70 158 18 2323 1
315 15 158 13 1088 1
316 16 116 18 1117 1
317 110 144 16 2260 1
318 9 133 13 1546 1
319 17 133 13 1546 1
320 25 133 13 1546 1
321 70 112 9 1374 1
322 4 152 19 2348 1
323 7 152 19 2348 1
324 10 152 19 2348 1
325 13 152 19 2348 1
326 16 152 19 2348 1
327 19 152 19 2348 1
328 16 155 18 1839 1
329 8 189 21 5791 1
330 9 101 10 674 1
331 3 137 11 1411 1
332 11 143 8 1490 1
333 29 91 5 532 1
334 5 146 10 1932 1
335 19 187 17 2158 1
336 37 187 17 2158 1
337 15 140 14 1595 1
338 2 126 7 841 1
339 3 126 7 841 1
340 4 126 7 841 1
341 5 126 7 841 1
342 3 184 18 3698 1
343 21 177 20 2286 1
344 7 173 12 2490 1
345 13 173 12 2490 1
346 2 122 13 1398 1
347 3 122 13 1398 1
348 19 141 13 1517 1
349 37 141 13 1517 1
350 5 168 26 2532 1
351 9 168 26 2532 1
352 11 189 12 2597 1
353 5 120 10 653 1
354 9 120 10 653 1
355 13 120 10 653 1
356 17 120 10 653 1
357 21 120 10 653 1
358 25 120 10 653 1
359 29 120 10 653 1
360 33 120 10 653 1
361 15 163 15 2919 1
362 7 188 24 6234 1
363 16 189 24 4524 1
364 31 189 24 4524 1
365 7 158 15 2282 1
366 5 147 19 4072 1
367 9 147 19 4072 1
368 13 147 19 4072 1
369 15 159 5 820 1
370 16 145 14 1047 1
371 4 145 28 5995 1
372 23 183 17 4127 1
373 20 181 21 5447 1
374 7 101 8 814 1
375 15 116 2 273 1
376 7 170 14 3193 1
377 13 170 14 3193 1
378 19 170 14 3193 1
379 25 170 14 3193 1
380 22 91 4 290 1
381 24 121 6 421 1
382 11 154 12 1604 1
383 21 154 12 1604 1
384 31 154 12 1604 1
385 7 126 11 1276 1
386 7 188 10 1963 1
387 13 188 10 1963 1
388 19 188 10 1963 1
389 9 163 16 3852 1
390 15 87 14 1813 1
391 8 188 16 3910 1
392 15 188 16 3910 1
393 22 188 16 3910 1
394 7 169 21 5207 1
395 13 169 21 5207 1
396 19 169 21 5207 1
397 25 169 21 5207 1
398 31 169 21 5207 1
399 37 169 21 5207 1
400 43 169 21 5207 1
401 49 169 21 5207 1
402 55 169 21 5207 1
403 8 116 10 1694 1
404 9 125 13 1511 1
405 17 125 13 1511 1
406 25 125 13 1511 1
407 10 178 20 2957 1
408 15 197 17 3924 1
409 8 197 7 1211 1
410 8 194 21 5361 1
411 15 194 21 5361 1
412 22 194 21 5361 1
413 12 194 15 1731 1
414 23 194 15 1731 1
415 34 194 15 1731 1
416 8 196 8 825 1
417 15 196 8 825 1
418 22 196 8 825 1
419 8 197 13 1718 1
420 15 197 13 1718 1
421 22 197 13 1718 1
422 29 197 13 1718 1
423 8 194 32 8272 1
424 22 194 26 3665 1
425 8 195 29 8282 1
426 15 195 29 8282 1
427 22 195 29 8282 1
428 9 197 24 6634 1
429 16 194 12 1734 1
430 8 197 34 3521 1
431 15 197 34 3521 1
432 18 195 17 4576 1
433 35 195 17 4576 1
434 52 195 17 4576 1
435 16 194 7 1650 1
436 12 196 18 3742 1
437 51 199 16 2187 1
438 35 210 14 3113 1
439 24 208 14 3483 1
440 30 217 12 3238 1
441 28 217 11 3437 1
442 27 226 19 5785 1
443 10 224 8 1417 1
444 25 221 10 3239 1
445 6 212 11 2937 1
446 7 220 13 2335 1
447 26 210 10 1184 1
448 51 210 10 1184 1
449 76 210 10 1184 1
450 101 210 10 1184 1
451 8 202 13 1505 1
452 15 202 13 1505 1
453 6 220 14 4207 1
454 8 209 12 2549 1
455 15 212 17 5221 1
456 49 220 13 3071 1
457 9 209 12 3147 1
458 26 212 11 2190 1
459 7 200 10 2658 1
460 15 208 14 2136 1
461 16 226 8 1171 1
462 195 224 9 1800 1
463 34 198 12 2851 1
464 5 216 19 4065 1
465 7 216 19 6130 1
466 13 216 19 6130 1
467 2 199 13 2357 1
468 26 201 13 2341 1
469 62 208 23 5267 1
470 7 221 17 5312 1
471 7 199 10 1466 1
472 13 199 10 1466 1
473 19 199 10 1466 1
474 24 209 15 2871 1
475 14 210 12 3058 1
476 53 223 13 1487 1
477 7 224 9 1131 1
478 13 224 9 1131 1
479 7 226 11 2373 1
480 66 216 17 2927 1
481 10 223 16 4164 1
482 19 223 16 4164 1
483 28 223 16 4164 1
484 10 222 26 3341 1
485 16 200 17 3877 1
486 27 216 16 3729 1
487 8 213 19 4068 1
488 39 224 7 1495 1
489 77 224 7 1495 1
490 30 212 1 149 1
491 15 213 12 1450 1
492 29 212 10 1503 1
493 7 222 21 6858 1
494 45 209 8 1997 1
495 15 224 14 1599 1
496 7 216 17 2990 1
497 13 216 17 2990 1
498 3 199 11 2639 1
499 12 222 16 3206 1
500 31 210 13 2317 1
501 61 210 13 2317 1
502 8 224 11 1784 1
503 15 224 11 1784 1
504 53 216 10 2409 1
505 105 216 10 2409 1
506 9 208 7 1487 1
507 10 221 13 2005 1
508 2 209 19 4178 1
509 7 199 20 2283 1
510 15 201 6 1543 1
511 11 198 11 2324 1
512 27 222 10 3172 1
513 53 222 10 3172 1
514 24 216 19 5311 1
515 47 216 19 5311 1
516 8 224 15 2692 1
517 6 222 14 3997 1
518 31 208 17 1972 1
519 31 210 14 4016 1
520 36 223 10 2716 1
521 27 211 17 2356 1
522 33 208 11 2568 1
523 6 217 13 4196 1
524 22 209 14 2282 1
525 43 209 14 2282 1
526 7 210 11 2610 1
527 8 212 15 2350 1
528 15 212 15 2350 1
529 30 208 9 2299 1
530 9 216 14 2921 1
531 28 220 18 4060 1
532 27 224 22 4038 1
533 29 213 21 5367 1
534 12 200 12 2468 1
535 54 217 4 591 1
536 9 200 11 2354 1
537 86 199 16 3766 1
538 32 211 8 2067 1
539 31 201 18 4784 1
540 9 213 14 3416 1
541 2 213 4 552 1
542 26 226 24 5053 1
543 69 211 21 4789 1
544 9 202 11 2326 1
545 17 202 11 2326 1
546 26 220 25 4366 1
547 34 209 12 1299 1
548 27 198 13 1862 1
549 53 198 13 1862 1
550 79 198 13 1862 1
551 31 222 16 2806 1
552 45 210 26 7997 1
553 5 222 25 6808 1
554 8 212 28 7957 1
555 15 212 28 7957 1
556 22 212 28 7957 1
557 29 212 28 7957 1
558 6 223 14 4105 1
559 11 223 14 4105 1
560 25 208 16 2758 1
561 30 226 17 4405 1
562 27 263 17 3733 1
563 22 250 27 4344 1
564 43 250 27 4344 1
565 8 237 16 5138 1
566 24 250 24 3887 1
567 42 242 12 3047 1
568 31 260 20 2950 1
569 26 237 16 2306 1
570 17 252 15 5334 1
571 71 237 14 3113 1
572 30 229 17 2020 1
573 30 255 10 2831 1
574 21 241 10 2598 1
575 26 241 17 5572 1
576 51 241 17 5572 1
577 22 262 24 4940 1
578 29 255 13 2164 1
579 10 247 18 3079 1
580 25 241 13 3058 1
581 3 242 19 2899 1
582 7 261 8 1971 1
583 22 247 23 8118 1
584 43 247 23 8118 1
585 3 261 29 9807 1
586 4 235 9 1543 1
587 15 259 24 8621 1
588 5 261 16 3970 1
589 9 261 16 3970 1
590 24 237 23 5920 1
591 21 228 10 2212 1
592 41 228 10 2212 1
593 12 240 16 1974 1
594 24 228 5 1019 1
595 47 228 5 1019 1
596 57 260 17 3342 1
597 7 250 11 2438 1
598 13 250 11 2438 1
599 37 237 10 1672 1
600 36 255 17 2530 1
601 4 227 12 2239 1
602 1 231 6 1371 1
603 24 255 17 2240 1
604 47 260 15 2347 1
605 21 245 11 3504 1
606 6 252 13 3295 1
607 3 255 16 5131 1
608 5 255 16 5131 1
609 29 261 11 3830 1
610 53 262 23 6462 1
611 105 262 23 6462 1
612 157 262 23 6462 1
613 7 261 13 3643 1
614 74 241 13 4602 1
615 15 255 18 6662 1
616 28 228 12 3780 1
617 6 252 16 2139 1
618 67 259 20 6498 1
619 14 252 15 4637 1
620 19 228 11 1496 1
621 27 232 18 2873 1
622 36 259 15 2629 1
623 45 227 16 1928 1
624 3 240 24 3706 1
625 3 235 19 5398 1
626 5 235 19 5398 1
627 7 235 19 5398 1
628 5 247 21 4512 1
629 25 227 9 1396 1
630 1 259 8 3090 1
631 2 262 16 2259 1
632 11 241 24 7552 1
633 21 241 24 7552 1
634 6 240 12 2726 1
635 11 240 12 2726 1
636 15 261 15 2602 1
637 6 261 3 967 1
638 66 236 17 2555 1
639 62 242 11 1489 1
640 14 250 19 3688 1
641 27 255 5 1598 1
642 53 255 5 1598 1
643 79 255 5 1598 1
644 30 239 19 4069 1
645 23 239 13 4125 1
646 24 259 9 1817 1
647 18 236 13 4076 1
648 20 260 15 4275 1
649 39 260 15 4275 1
650 58 260 15 4275 1
651 48 259 14 5401 1
652 95 259 14 5401 1
653 26 227 11 2510 1
654 51 227 11 2510 1
655 5 250 14 2306 1
656 21 235 17 3894 1
657 14 247 14 3385 1
658 70 263 22 5054 1
659 29 262 26 6890 1
660 25 247 6 968 1
661 49 247 6 968 1
662 24 232 12 1949 1
663 14 256 8 1787 1
664 27 255 15 4631 1
665 29 259 15 2804 1
666 19 240 14 4746 1
667 7 259 13 4893 1
668 15 237 16 2260 1
669 24 232 23 3835 1
670 6 252 21 7738 1
671 23 250 18 2780 1
672 5 256 11 4222 1
673 7 252 22 4716 1
674 13 252 22 4716 1
675 19 252 22 4716 1
676 59 241 16 2955 1
677 26 263 24 9416 1
678 15 241 6 1270 1
679 43 252 20 5807 1
680 49 236 7 1511 1
681 34 261 15 5428 1
682 19 229 18 2855 1
683 37 229 18 2855 1
684 23 268 17 3386 1
685 9 278 18 4621 1
686 17 278 18 4621 1
687 25 278 18 4621 1
688 1 293 16 6656 1
689 19 294 22 5137 1
690 37 294 22 5137 1
691 55 294 22 5137 1
692 73 294 22 5137 1
693 91 294 22 5137 1
694 22 285 10 3146 1
695 64 296 11 4426 1
696 35 279 19 3618 1
697 3 295 18 6057 1
698 21 281 18 3290 1
699 43 279 14 4647 1
700 35 271 15 3385 1
701 2 293 25 4416 1
702 24 276 17 3176 1
703 6 275 12 4902 1
704 29 290 19 8206 1
705 70 269 21 7858 1
706 41 265 9 1381 1
707 14 278 12 3405 1
708 27 278 12 3405 1
709 40 278 12 3405 1
710 53 278 12 3405 1
711 66 278 12 3405 1
712 40 296 15 3246 1
713 42 293 9 2809 1
714 83 293 9 2809 1
715 23 264 15 3573 1
716 45 264 15 3573 1
717 8 267 12 2307 1
718 15 267 12 2307 1
719 55 275 16 4875 1
720 20 275 17 5849 1
721 24 281 17 5837 1
722 24 275 10 2944 1
723 24 270 13 4062 1
724 1 293 22 8885 1
725 9 272 5 1326 1
726 11 281 14 3258 1
727 21 281 14 3258 1
728 31 281 14 3258 1
729 41 281 14 3258 1
730 20 275 18 6218 1
731 41 283 17 4580 1
732 24 283 14 3529 1
733 47 283 14 3529 1
734 70 283 14 3529 1
735 5 271 18 5656 1
736 6 279 11 2515 1
737 11 279 11 2515 1
738 23 279 28 7097 1
739 90 266 12 2834 1
740 24 280 18 7134 1
741 2 277 15 5578 1
742 51 296 8 3252 1
743 71 269 22 7656 1
744 20 290 14 5779 1
745 23 292 21 4258 1
746 40 280 18 6566 1
747 31 264 9 2246 1
748 20 268 12 1676 1
749 39 268 12 1676 1
750 25 266 22 3791 1
751 62 292 22 6319 1
752 31 268 19 7261 1
753 31 276 8 2137 1
754 58 292 16 4059 1
755 115 292 16 4059 1
756 5 283 16 3788 1
757 80 264 18 3598 1
758 15 277 18 4462 1
759 29 268 14 5021 1
760 45 301 10 2221 1
761 24 270 19 4835 1
762 15 302 31 12085 1
763 72 296 9 3950 1
764 5 292 17 4994 1
765 24 269 13 2156 1
766 47 269 13 2156 1
767 70 269 13 2156 1
768 93 269 13 2156 1
769 19 267 20 3334 1
770 19 278 15 4544 1
771 8 285 14 3164 1
772 22 278 12 2246 1
773 2 281 11 2521 1
774 11 293 21 6201 1
775 21 293 21 6201 1
776 31 293 21 6201 1
777 47 276 14 3680 1
778 25 295 15 5451 1
779 13 295 13 3243 1
780 33 280 17 3665 1
781 27 264 11 2661 1
782 53 264 11 2661 1
783 79 264 11 2661 1
784 105 264 11 2661 1
785 21 277 14 3224 1
786 18 276 25 5745 1
787 35 276 25 5745 1
788 38 302 6 1625 1
789 22 272 15 3939 1
790 40 292 22 6533 1
791 4 272 17 3430 1
792 31 271 14 4020 1
793 61 271 14 4020 1
794 91 271 14 4020 1
795 1 281 18 3180 1
796 23 281 13 3261 1
797 3 276 20 6090 1
798 16 300 21 5760 1
799 13 296 11 4535 1
800 8 279 8 1983 1
801 24 300 19 8231 1
802 11 269 13 2791 1
803 21 269 13 2791 1
804 31 269 13 2791 1
805 83 283 16 2808 1
806 5 302 25 5480 1
807 14 294 29 6676 1
808 37 278 14 5646 1
809 73 278 14 5646 1
810 19 270 12 1746 1
811 20 295 21 5577 1
812 26 264 16 5502 1
813 39 295 25 5640 1
814 63 264 6 1449 1
815 125 264 6 1449 1
816 187 264 6 1449 1
817 249 264 6 1449 1
818 24 266 14 2104 1
819 47 266 14 2104 1
820 30 296 21 9271 1
821 24 276 13 5134 1
822 3 299 18 4216 1
823 18 276 10 1493 1
824 57 302 17 4661 1
825 11 302 15 5003 1
826 12 296 16 3468 1
827 23 296 16 3468 1
828 55 301 14 2824 1
829 16 267 14 2220 1
830 31 267 14 2220 1
831 46 267 14 2220 1
832 16 296 12 2617 1
833 20 292 19 3908 1
834 39 292 19 3908 1
835 74 276 18 2783 1
836 53 264 19 5331 1
837 105 264 19 5331 1
838 11 276 15 2470 1
839 33 292 5 1887 1
840 74 281 19 7829 1
841 26 271 17 5195 1
842 31 281 22 4309 1
843 20 292 19 5070 1
844 39 292 19 5070 1
845 3 299 8 1869 1
846 12 266 21 4480 1
847 62 296 14 4981 1
848 24 281 16 5352 1
849 77 296 18 7954 1
850 21 296 11 3686 1
851 25 268 12 2774 1
852 49 268 12 2774 1
853 24 279 22 5406 1
854 47 279 22 5406 1
855 24 294 16 3174 1
856 25 294 30 11251 1
857 20 272 18 3092 1
858 35 271 19 6269 1
859 5 293 3 1082 1
860 22 269 14 5594 1
861 39 300 17 2942 1
862 23 271 17 2700 1
863 71 335 16 3349 1
864 64 333 10 3741 1
865 37 316 14 5942 1
866 18 331 19 3395 1
867 35 331 19 3395 1
868 68 336 18 8441 1
869 22 323 22 9011 1
870 38 335 14 4170 1
871 75 335 14 4170 1
872 76 319 13 5825 1
873 2 325 20 5830 1
874 27 336 14 6403 1
875 18 305 24 9971 1
876 2 335 19 3756 1
877 26 321 24 6277 1
878 52 306 23 7494 1
879 22 333 17 4125 1
880 207 302 20 7584 1
881 26 339 32 15108 1
882 28 332 11 2775 1
883 37 340 36 7842 1
884 29 323 10 2937 1
885 27 334 13 3944 1
886 66 329 20 3809 1
887 27 319 10 3233 1
888 53 319 10 3233 1
889 52 335 21 10547 1
890 34 318 19 6317 1
891 71 319 14 2730 1
892 22 321 12 2223 1
893 26 318 30 10016 1
894 20 340 15 6622 1
895 63 323 14 5266 1
896 69 337 12 3914 1
897 25 319 8 3497 1
898 14 334 24 9040 1
899 27 334 24 9040 1
900 3 340 23 6292 1
901 18 336 18 8154 1
902 65 332 17 8180 1
903 27 335 21 4173 1
904 22 331 14 2461 1
905 18 336 37 12856 1
906 57 325 19 3448 1
907 50 331 13 2664 1
908 99 331 13 2664 1
909 70 302 22 7442 1
910 98 340 15 6159 1
911 28 337 11 2291 1
912 54 305 39 16910 1
913 107 305 39 16910 1
914 160 305 39 16910 1
915 50 306 17 6758 1
916 25 337 13 5833 1
917 24 331 18 3547 1
918 28 305 16 7152 1
919 55 305 16 7152 1
920 30 337 17 7821 1
921 59 337 17 7821 1
922 17 329 15 6066 1
923 68 329 20 7427 1
924 43 302 22 8254 1
925 28 318 27 7407 1
926 55 318 27 7407 1
927 23 325 18 6892 1
928 40 323 18 5351 1
929 56 337 25 11730 1
930 54 304 10 4535 1
931 67 337 17 3331 1
932 254 329 12 4014 1
933 3 323 17 3987 1
934 25 335 15 6093 1
935 108 335 18 8522 1
936 28 306 13 2419 1
937 75 316 9 2074 1
938 20 335 14 3184 1
939 56 302 11 2290 1
940 40 316 18 4620 1
941 2 340 15 2958 1
942 68 333 28 10820 1
943 22 334 21 8939 1
944 69 340 38 18615 1
945 71 335 8 3526 1
946 26 325 24 7722 1
947 62 318 13 5939 1
948 51 332 21 5351 1
949 67 329 14 5544 1
950 133 329 14 5544 1
951 25 304 12 4212 1
952 34 305 16 6932 1
953 33 319 22 4081 1
954 58 400 24 11566 1
955 24 400 11 5756 1
956 19 367 12 2261 1
957 28 369 20 8364 1
958 63 367 12 3085 1
959 98 398 14 7147 1
960 195 398 14 7147 1
961 33 368 17 7777 1
962 61 348 28 8948 1
963 51 349 25 8707 1
964 66 400 19 6706 1
965 57 399 22 9186 1
966 18 365 34 6565 1
967 87 368 20 3688 1
968 79 364 24 8855 1
969 29 364 21 3895 1
970 148 348 15 6308 1
971 80 368 22 4713 1
972 103 400 25 5006 1
973 30 365 15 7333 1
974 23 367 24 5752 1
975 23 400 36 11171 1
976 51 399 31 12952 1
977 65 364 25 10014 1
978 60 365 23 6551 1
979 27 399 20 11426 1
980 52 349 28 9582 1
981 49 348 24 10809 1
982 79 399 24 13237 1
983 54 398 32 15283 1
984 17 347 16 4522 1
985 63 398 28 11826 1
986 39 366 29 9061 1
987 59 367 20 10019 1
988 68 349 17 5470 1
989 135 349 17 5470 1
990 27 353 15 4178 1
991 22 368 36 19098 1
992 70 347 21 5122 1
993 139 347 21 5122 1
994 66 348 18 5064 1
995 106 398 33 16160 1
996 80 348 28 11268 1
997 25 351 33 10814 1
998 24 351 19 3999 1
999 57 365 22 10674 1
1000 55 398 27 13391 1
1001 110 348 14 5643 1
1002 88 364 35 9760 1
1003 11 368 22 9929 1
1004 21 368 22 9929 1
1005 31 368 22 9929 1
1006 54 367 25 7591 1
1007 107 367 25 7591 1
1008 25 347 18 3975 1
1009 49 347 18 3975 1
1010 18 366 27 14117 1
1011 61 348 2 705 1
1012 121 348 2 705 1
1013 24 396 31 12082 1
1014 47 398 26 11158 1
1015 100 349 20 4897 1
1016 47 396 41 15834 1
1017 67 396 28 6519 1
1018 55 369 29 14883 1
1019 46 347 21 4561 1
1020 76 349 35 7008 1
1021 78 400 26 7547 1
1022 56 369 20 8127 1
1023 27 364 21 5721 1
1024 56 368 29 11188 1
1025 24 349 25 8419 1
1026 46 350 27 13970 1
1027 86 368 20 5750 1
1028 50 364 22 4434 1
1029 56 347 14 3169 1
1030 54 369 15 2954 1
1031 70 351 15 4037 1
1032 23 347 20 10037 1
1033 49 400 16 9505 1
1034 19 353 30 6266 1
1035 30 396 22 6775 1
1036 59 396 22 6775 1
1037 80 399 21 10372 1
40
235 400 530 450 480 440 440 544 580 580 580 540 600 610 575 660 450 450 375 450 450 600 600 600 400 426 500 500 500 500 500 500 600 600 600 400 400 600 425 425 