1037
1 30 134 11 2120 1
2 6 163 21 4357 1
3 3 131 20 2508 1
4 5 131 20 2508 1
5 4 181 18 2762 1
6 7 181 18 2762 1
7 10 181 18 2762 1
8 4 154 19 3791 1
9 7 154 19 3791 1
10 10 154 19 3791 1
11 13 154 19 3791 1
12 16 154 19 3791 1
13 19 154 19 3791 1
14 22 154 19 3791 1
15 25 154 19 3791 1
16 19 162 11 1864 1
17 6 171 12 2247 1
18 16 185 22 5403 1
19 7 175 21 3513 1
20 14 133 15 2694 1
21 27 133 15 2694 1
22 40 133 15 2694 1
23 53 133 15 2694 1
24 5 137 9 1841 1
25 6 188 16 3177 1
26 11 188 16 3177 1
27 24 176 21 4426 1
28 11 133 17 2539 1
29 16 125 13 980 1
30 31 125 13 980 1
31 9 149 24 1823 1
32 17 149 24 1823 1
33 25 149 24 1823 1
34 5 182 23 5225 1
35 16 91 6 369 1
36 31 91 6 369 1
37 22 174 28 4151 1
38 11 146 9 836 1
39 21 146 9 836 1
40 31 146 9 836 1
41 41 146 9 836 1
42 51 146 9 836 1
43 10 185 15 2043 1
44 5 162 19 2676 1
45 9 162 19 2676 1
46 14 140 4 830 1
47 27 140 4 830 1
48 14 157 17 1954 1
49 27 157 17 1954 1
50 40 157 17 1954 1
51 53 157 17 1954 1
52 66 157 17 1954 1
53 8 130 13 1110 1
54 3 167 17 2095 1
55 20 181 7 1589 1
56 2 158 19 2944 1
57 16 101 15 2171 1
58 112 162 14 2283 1
59 22 148 7 1282 1
60 43 148 7 1282 1
61 19 175 16 3337 1
62 4 165 24 2493 1
63 15 174 8 969 1
64 29 174 8 969 1
65 4 141 12 1207 1
66 2 143 18 3412 1
67 3 143 18 3412 1
68 4 143 18 3412 1
69 10 143 5 688 1
70 18 143 7 602 1
71 20 169 13 1798 1
72 15 170 24 6044 1
73 22 184 17 3802 1
74 29 183 22 4594 1
75 42 180 31 8176 1
76 11 176 12 1908 1
77 21 176 12 1908 1
78 31 176 12 1908 1
79 12 166 20 3795 1
80 23 166 20 3795 1
81 7 165 8 1724 1
82 21 173 17 3578 1
83 5 162 14 2657 1
84 9 162 14 2657 1
85 13 162 14 2657 1
86 17 162 14 2657 1
87 25 143 11 1022 1
88 49 143 11 1022 1
89 2 120 3 480 1
90 3 120 3 480 1
91 4 120 3 480 1
92 11 170 15 3302 1
93 9 174 9 2012 1
94 7 150 12 2547 1
95 108 87 11 1360 1
96 7 176 20 2478 1
97 13 176 20 2478 1
98 19 176 20 2478 1
99 25 176 20 2478 1
100 31 176 20 2478 1
101 30 154 2 411 1
102 59 154 2 411 1
103 16 101 7 512 1
104 6 130 16 2786 1
105 11 130 16 2786 1
106 9 148 12 2228 1
107 17 148 12 2228 1
108 25 148 12 2228 1
109 33 148 12 2228 1
110 41 148 12 2228 1
111 49 148 12 2228 1
112 19 101 14 1636 1
113 9 165 22 3413 1
114 17 165 22 3413 1
115 25 165 22 3413 1
116 17 146 11 1726 1
117 10 176 12 1895 1
118 19 176 12 1895 1
119 4 135 11 2091 1
120 7 135 11 2091 1
121 10 135 11 2091 1
122 13 135 11 2091 1
123 8 165 14 2053 1
124 15 165 14 2053 1
125 8 133 15 1244 1
126 15 133 15 1244 1
127 22 133 15 1244 1
128 29 133 15 1244 1
129 36 133 15 1244 1
130 43 133 15 1244 1
131 50 133 15 1244 1
132 9 162 18 1467 1
133 66 121 18 3119 1
134 4 172 16 3974 1
135 10 155 16 2235 1
136 19 155 16 2235 1
137 28 155 16 2235 1
138 37 155 16 2235 1
139 10 173 20 2359 1
140 19 173 20 2359 1
141 28 173 20 2359 1
142 37 173 20 2359 1
143 15 149 11 825 1
144 29 149 11 825 1
145 43 149 11 825 1
146 12 165 24 4115 1
147 23 165 24 4115 1
148 8 87 12 745 1
149 12 160 30 6532 1
150 25 178 10 2631 1
151 49 178 10 2631 1
152 16 162 12 2105 1
153 7 180 11 2093 1
154 4 154 16 3346 1
155 7 154 16 3346 1
156 7 148 10 2165 1
157 8 131 14 2500 1
158 15 131 14 2500 1
159 2 154 9 1189 1
160 32 147 9 1933 1
161 15 163 16 2864 1
162 29 163 16 2864 1
163 43 163 16 2864 1
164 57 163 16 2864 1
165 4 122 13 2097 1
166 7 122 13 2097 1
167 16 121 5 817 1
168 31 121 5 817 1
169 15 184 18 2263 1
170 11 170 27 4642 1
171 21 170 27 4642 1
172 86 137 22 2838 1
173 17 177 18 3387 1
174 10 163 18 4177 1
175 17 188 20 2383 1
176 33 188 20 2383 1
177 10 120 8 1063 1
178 19 120 8 1063 1
179 28 120 8 1063 1
180 14 173 50 12900 1
181 5 131 15 2730 1
182 9 131 15 2730 1
183 13 131 15 2730 1
184 2 145 12 1001 1
185 3 145 12 1001 1
186 85 116 14 2257 1
187 5 178 7 1470 1
188 15 160 11 1388 1
189 13 140 18 1890 1
190 10 170 11 2189 1
191 19 170 11 2189 1
192 4 144 8 1382 1
193 22 122 13 1120 1
194 86 125 13 1909 1
195 3 167 6 983 1
196 4 140 11 998 1
197 10 91 8 556 1
198 19 91 8 556 1
199 28 91 8 556 1
200 37 91 8 556 1
201 17 174 17 2513 1
202 33 174 17 2513 1
203 16 154 12 2107 1
204 12 160 13 1080 1
205 23 160 13 1080 1
206 7 120 10 1517 1
207 13 120 10 1517 1
208 5 130 11 810 1
209 9 130 11 810 1
210 13 130 11 810 1
211 17 130 11 810 1
212 21 130 11 810 1
213 25 130 11 810 1
214 16 131 13 1670 1
215 16 163 11 1050 1
216 14 113 10 935 1
217 5 155 14 1282 1
218 9 155 14 1282 1
219 13 155 14 1282 1
220 17 155 14 1282 1
221 21 155 14 1282 1
222 25 155 14 1282 1
223 13 189 12 2992 1
224 25 189 12 2992 1
225 11 137 11 1696 1
226 21 162 17 2871 1
227 41 162 17 2871 1
228 61 162 17 2871 1
229 16 163 11 1257 1
230 9 120 4 492 1
231 17 120 4 492 1
232 25 120 4 492 1
233 33 120 4 492 1
234 14 157 30 4142 1
235 8 165 21 3713 1
236 15 165 21 3713 1
237 22 165 21 3713 1
238 15 87 13 653 1
239 29 87 13 653 1
240 4 171 20 3713 1
241 7 171 20 3713 1
242 15 152 10 1430 1
243 21 148 18 2967 1
244 4 170 9 1526 1
245 7 170 9 1526 1
246 10 140 11 2241 1
247 19 140 11 2241 1
248 28 140 11 2241 1
249 37 140 11 2241 1
250 140 185 13 1669 1
251 27 135 11 1186 1
252 15 126 8 1220 1
253 18 130 15 2376 1
254 8 91 8 825 1
255 15 91 8 825 1
256 22 91 8 825 1
257 11 166 30 7327 1
258 21 166 30 7327 1
259 16 167 22 3833 1
260 3 177 28 6167 1
261 9 113 11 922 1
262 3 175 9 1482 1
263 34 122 14 2172 1
264 67 122 14 2172 1
265 15 122 13 1870 1
266 29 122 13 1870 1
267 43 122 13 1870 1
268 5 144 10 1857 1
269 5 191 10 971 1
270 5 140 12 888 1
271 9 187 10 1639 1
272 29 168 16 2276 1
273 16 116 13 770 1
274 31 116 13 770 1
275 14 101 8 405 1
276 27 101 8 405 1
277 17 162 33 5287 1
278 33 162 33 5287 1
279 18 144 2 236 1
280 35 144 2 236 1
281 16 121 3 262 1
282 10 116 15 1344 1
283 19 116 15 1344 1
284 20 155 16 2579 1
285 2 101 18 1791 1
286 3 101 18 1791 1
287 4 101 18 1791 1
288 5 101 18 1791 1
289 6 91 9 786 1
290 11 91 9 786 1
291 13 122 13 2025 1
292 25 122 13 2025 1
293 7 137 17 3354 1
294 19 163 2 201 1
295 16 134 22 2257 1
296 31 134 22 2257 1
297 20 176 13 1542 1
298 22 121 9 1559 1
299 15 149 18 2503 1
300 17 120 12 1314 1
301 7 147 16 3257 1
302 13 147 16 3257 1
303 8 133 11 1170 1
304 15 155 21 2063 1
305 29 155 21 2063 1
306 43 155 21 2063 1
307 8 174 8 1457 1
308 16 143 19 2971 1
309 30 130 20 2489 1
310 4 191 24 3341 1
311 23 157 13 2309 1
312 20 144 11 919 1
313 39 144 11 919 1
314 58 144 11 919 1
315 30 181 15 3369 1
316 6 113 8 701 1
317 11 113 8 701 1
318 16 113 8 701 1
319 21 113 8 701 1
320 26 113 8 701 1
321 4 168 22 2488 1
322 7 168 22 2488 1
323 4 141 23 3017 1
324 7 141 23 3017 1
325 10 141 23 3017 1
326 13 141 23 3017 1
327 8 178 25 4339 1
328 15 178 25 4339 1
329 22 178 25 4339 1
330 11 113 10 1623 1
331 10 121 14 2441 1
332 19 121 14 2441 1
333 28 121 14 2441 1
334 37 121 14 2441 1
335 15 87 10 548 1
336 1 120 4 430 1
337 1 120 4 430 1
338 1 120 4 430 1
339 1 120 4 430 1
340 1 120 4 430 1
341 1 120 4 430 1
342 1 120 4 430 1
343 1 120 4 430 1
344 10 181 19 3176 1
345 25 171 10 1792 1
346 49 171 10 1792 1
347 73 171 10 1792 1
348 21 168 13 1865 1
349 5 112 11 1192 1
350 9 112 11 1192 1
351 13 112 11 1192 1
352 17 112 11 1192 1
353 11 159 14 1654 1
354 15 178 18 2253 1
355 17 116 1 118 1
356 15 165 17 2765 1
357 29 165 17 2765 1
358 43 165 17 2765 1
359 57 165 17 2765 1
360 16 141 5 458 1
361 11 184 27 3986 1
362 12 149 22 3116 1
363 23 87 8 963 1
364 45 87 8 963 1
365 3 157 24 5314 1
366 5 157 24 5314 1
367 7 157 24 5314 1
368 9 157 24 5314 1
369 6 175 20 3214 1
370 11 175 20 3214 1
371 16 175 20 3214 1
372 27 184 7 1557 1
373 8 159 16 3405 1
374 16 131 20 1503 1
375 4 146 15 1674 1
376 7 146 15 1674 1
377 10 146 15 1674 1
378 7 143 16 3046 1
379 15 148 14 2714 1
380 15 173 21 3783 1
381 9 126 14 2620 1
382 17 126 14 2620 1
383 25 126 14 2620 1
384 20 135 10 1788 1
385 9 191 24 2436 1
386 8 188 9 1262 1
387 6 177 16 2709 1
388 11 144 8 1164 1
389 21 144 8 1164 1
390 15 150 18 2426 1
391 11 131 13 1363 1
392 21 131 13 1363 1
393 8 122 15 1171 1
394 15 122 15 1171 1
395 22 122 15 1171 1
396 1 189 14 2863 1
397 12 157 15 2281 1
398 6 152 13 1166 1
399 23 150 14 2784 1
400 5 167 27 2823 1
401 7 135 10 1605 1
402 13 135 10 1605 1
403 19 135 10 1605 1
404 5 174 12 2012 1
405 15 170 20 4594 1
406 2 183 29 3216 1
407 3 91 6 588 1
408 9 193 5 951 1
409 2 194 16 3946 1
410 8 195 7 848 1
411 8 197 8 1643 1
412 15 197 8 1643 1
413 8 195 19 2770 1
414 2 194 15 3357 1
415 2 194 10 2492 1
416 3 194 10 2492 1
417 9 196 12 1593 1
418 15 197 13 2227 1
419 8 197 10 2036 1
420 15 197 10 2036 1
421 2 197 16 3657 1
422 8 197 15 3494 1
423 2 194 24 6977 1
424 8 195 16 1626 1
425 7 194 10 2523 1
426 7 193 15 1799 1
427 13 193 15 1799 1
428 19 193 15 1799 1
429 9 195 14 2118 1
430 9 194 27 3743 1
431 17 194 27 3743 1
432 8 197 18 1960 1
433 8 194 20 3723 1
434 15 194 20 3723 1
435 22 194 20 3723 1
436 9 193 17 2460 1
437 3 198 13 2653 1
438 31 216 14 2973 1
439 28 211 16 4312 1
440 27 221 14 3524 1
441 9 212 19 4527 1
442 31 212 13 2710 1
443 61 212 13 2710 1
444 25 209 14 1901 1
445 11 216 15 3978 1
446 7 221 16 4826 1
447 27 201 10 2163 1
448 6 216 14 3081 1
449 11 216 14 3081 1
450 16 216 14 3081 1
451 9 209 14 2759 1
452 7 198 10 2080 1
453 2 208 17 4302 1
454 8 212 4 707 1
455 26 221 14 4094 1
456 8 217 18 5684 1
457 15 217 18 5684 1
458 22 217 18 5684 1
459 29 217 18 5684 1
460 36 217 18 5684 1
461 27 221 23 3770 1
462 6 221 8 1750 1
463 11 221 8 1750 1
464 16 221 8 1750 1
465 21 221 8 1750 1
466 10 226 20 2726 1
467 9 217 23 5126 1
468 39 202 14 2214 1
469 6 202 2 495 1
470 28 202 8 1743 1
471 55 202 8 1743 1
472 37 226 25 5668 1
473 30 223 12 1497 1
474 9 211 17 4744 1
475 7 220 19 3806 1
476 13 220 19 3806 1
477 7 222 8 2218 1
478 24 220 12 2193 1
479 26 213 13 3813 1
480 8 226 18 2743 1
481 15 226 18 2743 1
482 22 226 18 2743 1
483 29 226 18 2743 1
484 10 221 19 3983 1
485 19 221 19 3983 1
486 25 221 7 883 1
487 49 221 7 883 1
488 73 221 7 883 1
489 28 198 6 1731 1
490 55 198 6 1731 1
491 38 220 8 2118 1
492 8 202 18 3316 1
493 9 209 23 3016 1
494 17 209 23 3016 1
495 33 198 10 1360 1
496 65 198 10 1360 1
497 14 223 8 1967 1
498 26 224 14 2785 1
499 26 210 17 2519 1
500 51 210 17 2519 1
501 76 210 17 2519 1
502 101 210 17 2519 1
503 7 211 10 1482 1
504 19 201 12 2078 1
505 55 224 29 4468 1
506 47 220 13 2817 1
507 9 220 9 2222 1
508 16 224 11 1835 1
509 20 209 21 3969 1
510 4 199 15 2261 1
511 25 211 15 2886 1
512 9 216 16 2483 1
513 7 217 17 2785 1
514 9 202 18 3117 1
515 7 200 10 1867 1
516 8 209 17 2788 1
517 6 221 8 2295 1
518 11 221 8 2295 1
519 8 223 13 1903 1
520 7 198 10 1096 1
521 43 216 17 5289 1
522 13 224 17 2723 1
523 5 221 13 1440 1
524 9 221 13 1440 1
525 29 209 15 1994 1
526 9 209 25 6283 1
527 8 224 19 2869 1
528 15 224 19 2869 1
529 10 200 15 3861 1
530 25 202 7 1443 1
531 9 198 17 3462 1
532 17 198 17 3462 1
533 25 198 17 3462 1
534 10 226 17 3000 1
535 19 226 17 3000 1
536 7 223 8 2014 1
537 13 223 8 2014 1
538 19 223 8 2014 1
539 9 220 11 3292 1
540 6 212 17 3570 1
541 6 199 13 2306 1
542 28 226 21 4169 1
543 63 224 25 3284 1
544 11 210 12 3034 1
545 21 210 12 3034 1
546 15 209 12 3587 1
547 9 208 23 4007 1
548 17 208 23 4007 1
549 25 208 23 4007 1
550 33 208 23 4007 1
551 15 201 10 2505 1
552 10 211 15 2900 1
553 19 211 15 2900 1
554 6 223 10 2338 1
555 2 208 11 2206 1
556 45 216 22 3269 1
557 16 210 7 773 1
558 6 211 15 3234 1
559 11 211 15 3234 1
560 25 202 14 3866 1
561 49 202 14 3866 1
562 68 263 8 1067 1
563 35 228 9 1338 1
564 79 250 14 2116 1
565 19 263 11 4315 1
566 37 263 11 4315 1
567 55 263 11 4315 1
568 25 245 17 3668 1
569 33 232 13 2066 1
570 20 242 16 5187 1
571 31 231 12 3162 1
572 66 261 15 2929 1
573 23 235 13 1696 1
574 4 231 15 4729 1
575 57 239 9 2064 1
576 23 227 11 3319 1
577 30 260 2 773 1
578 3 236 19 5059 1
579 68 229 9 1883 1
580 135 229 9 1883 1
581 202 229 9 1883 1
582 57 261 2 679 1
583 5 260 12 3208 1
584 3 241 12 3590 1
585 23 232 10 2816 1
586 23 227 17 3598 1
587 45 227 17 3598 1
588 36 252 20 5256 1
589 3 255 29 5631 1
590 24 260 30 5332 1
591 57 256 17 5077 1
592 43 228 9 1748 1
593 3 247 17 4705 1
594 22 239 15 4162 1
595 34 260 15 5250 1
596 67 260 15 5250 1
597 100 260 15 5250 1
598 24 256 9 2241 1
599 6 237 13 4434 1
600 10 227 18 3973 1
601 22 261 16 2687 1
602 37 256 15 4873 1
603 2 237 20 3525 1
604 14 227 5 1170 1
605 4 250 18 5646 1
606 5 252 12 3242 1
607 9 252 12 3242 1
608 8 227 29 8984 1
609 6 252 27 4677 1
610 57 228 34 4640 1
611 81 231 9 2495 1
612 68 261 12 1686 1
613 135 261 12 1686 1
614 202 261 12 1686 1
615 16 229 24 7698 1
616 25 236 13 3323 1
617 36 232 14 3042 1
618 37 259 21 6480 1
619 31 229 15 3974 1
620 61 229 15 3974 1
621 91 229 15 3974 1
622 121 229 15 3974 1
623 23 227 14 3809 1
624 8 242 14 3775 1
625 15 242 14 3775 1
626 44 245 8 1873 1
627 87 245 8 1873 1
628 36 247 20 7326 1
629 26 255 13 4546 1
630 5 236 15 4757 1
631 23 252 22 5142 1
632 7 228 19 2385 1
633 27 241 27 8883 1
634 29 232 16 2471 1
635 37 228 4 1124 1
636 21 255 14 4734 1
637 23 229 21 3669 1
638 30 231 17 4680 1
639 24 227 18 3949 1
640 47 227 18 3949 1
641 60 250 13 2694 1
642 8 256 22 8358 1
643 16 247 11 3366 1
644 60 252 16 2464 1
645 24 236 15 3262 1
646 13 239 10 1766 1
647 47 261 18 6817 1
648 93 261 18 6817 1
649 23 237 19 2727 1
650 45 237 19 2727 1
651 67 237 19 2727 1
652 30 237 6 1833 1
653 23 237 16 3799 1
654 1 232 15 4202 1
655 8 229 9 2819 1
656 25 262 21 7744 1
657 35 247 6 1500 1
658 69 247 6 1500 1
659 23 227 8 2474 1
660 3 242 8 2494 1
661 30 228 9 2728 1
662 20 252 8 1279 1
663 39 252 8 1279 1
664 58 252 8 1279 1
665 30 263 10 2636 1
666 24 241 9 3047 1
667 43 252 22 4943 1
668 30 250 13 4348 1
669 45 241 9 2704 1
670 21 245 24 6118 1
671 4 261 17 5892 1
672 7 261 17 5892 1
673 36 241 18 3642 1
674 22 247 21 5954 1
675 20 245 8 1912 1
676 13 263 10 1454 1
677 45 239 15 2040 1
678 21 255 16 3194 1
679 28 262 20 6037 1
680 11 242 19 4441 1
681 36 240 19 5379 1
682 71 240 19 5379 1
683 31 227 7 1336 1
684 8 300 26 8075 1
685 4 301 25 9961 1
686 145 279 11 1607 1
687 19 296 32 12324 1
688 72 299 17 3753 1
689 14 285 19 3675 1
690 16 302 24 8974 1
691 2 280 11 2345 1
692 38 290 16 5082 1
693 38 290 19 3446 1
694 36 277 17 6402 1
695 7 302 21 8260 1
696 13 302 21 8260 1
697 37 265 17 5745 1
698 32 266 21 8266 1
699 9 275 13 1945 1
700 44 275 22 8075 1
701 4 278 24 6386 1
702 7 278 24 6386 1
703 24 292 9 2562 1
704 37 294 18 5481 1
705 25 293 10 4344 1
706 43 292 13 3702 1
707 30 266 19 5387 1
708 26 294 17 3335 1
709 51 294 17 3335 1
710 70 277 20 3946 1
711 139 277 20 3946 1
712 24 285 24 4032 1
713 49 300 18 4497 1
714 41 271 17 6131 1
715 81 271 17 6131 1
716 6 285 17 4008 1
717 70 268 11 3682 1
718 67 279 11 2321 1
719 24 270 13 2578 1
720 5 270 19 7647 1
721 23 293 19 4682 1
722 8 270 14 3886 1
723 15 270 14 3886 1
724 11 293 23 9242 1
725 21 293 23 9242 1
726 31 293 23 9242 1
727 64 264 31 4264 1
728 17 275 16 6588 1
729 11 265 5 1961 1
730 21 265 5 1961 1
731 24 265 19 7214 1
732 22 283 10 2660 1
733 27 285 20 8513 1
734 53 285 20 8513 1
735 79 285 20 8513 1
736 105 285 20 8513 1
737 25 275 17 4970 1
738 24 269 14 3145 1
739 47 269 14 3145 1
740 35 268 14 5451 1
741 53 292 15 5653 1
742 31 275 20 6852 1
743 61 275 20 6852 1
744 29 266 18 4094 1
745 57 266 18 4094 1
746 85 266 18 4094 1
747 17 290 22 8570 1
748 33 290 22 8570 1
749 15 294 13 3288 1
750 29 294 13 3288 1
751 43 294 13 3288 1
752 32 296 26 5238 1
753 73 269 16 4961 1
754 33 290 18 4740 1
755 65 290 18 4740 1
756 23 267 7 1791 1
757 45 267 7 1791 1
758 28 296 21 6094 1
759 48 283 11 2030 1
760 95 283 11 2030 1
761 45 267 10 3485 1
762 89 267 10 3485 1
763 16 266 20 5167 1
764 31 266 20 5167 1
765 23 269 8 1965 1
766 36 267 15 5994 1
767 37 267 11 2612 1
768 73 267 11 2612 1
769 5 272 11 1672 1
770 74 271 12 2886 1
771 7 276 13 4239 1
772 20 285 9 2669 1
773 75 299 20 4873 1
774 149 299 20 4873 1
775 21 265 18 5584 1
776 4 264 26 5550 1
777 7 264 26 5550 1
778 23 285 24 5892 1
779 45 285 24 5892 1
780 24 294 18 3254 1
781 84 295 30 11389 1
782 62 292 9 3312 1
783 39 267 18 3157 1
784 77 267 18 3157 1
785 4 292 21 4610 1
786 7 292 21 4610 1
787 16 290 18 3966 1
788 1 299 4 1315 1
789 29 272 25 9199 1
790 24 302 11 2714 1
791 47 302 11 2714 1
792 70 302 11 2714 1
793 93 302 11 2714 1
794 81 272 20 4792 1
795 24 295 27 7587 1
796 47 295 27 7587 1
797 24 302 7 2093 1
798 47 302 7 2093 1
799 13 296 13 3978 1
800 34 302 13 4729 1
801 3 281 16 5167 1
802 5 281 16 5167 1
803 22 279 6 1917 1
804 43 279 6 1917 1
805 28 271 7 2622 1
806 55 271 7 2622 1
807 82 271 7 2622 1
808 17 275 11 3917 1
809 19 290 15 4127 1
810 37 290 15 4127 1
811 16 295 19 5856 1
812 63 299 13 4631 1
813 24 299 22 5511 1
814 53 266 20 4506 1
815 23 285 15 5891 1
816 23 293 16 3302 1
817 45 293 16 3302 1
818 24 301 6 2433 1
819 17 265 11 3701 1
820 3 275 19 7178 1
821 5 275 19 7178 1
822 31 279 16 4406 1
823 9 265 18 2877 1
824 17 265 18 2877 1
825 19 268 19 6971 1
826 26 292 16 5280 1
827 17 292 15 3254 1
828 83 301 13 4865 1
829 34 268 18 3292 1
830 21 272 9 3326 1
831 8 272 7 2714 1
832 67 270 21 3039 1
833 31 279 16 5008 1
834 61 279 16 5008 1
835 28 267 17 5780 1
836 23 292 13 2212 1
837 2 280 24 4662 1
838 26 301 15 4819 1
839 51 301 15 4819 1
840 6 266 19 4113 1
841 13 295 15 6334 1
842 75 271 17 5634 1
843 149 271 17 5634 1
844 7 277 10 3495 1
845 32 293 14 5406 1
846 63 293 14 5406 1
847 23 292 12 2906 1
848 34 275 18 7131 1
849 160 277 17 4585 1
850 150 265 6 2118 1
851 58 278 5 900 1
852 115 278 5 900 1
853 38 283 25 8088 1
854 35 265 18 6091 1
855 31 292 19 4537 1
856 21 290 22 9293 1
857 21 280 18 6685 1
858 41 280 18 6685 1
859 7 302 15 6625 1
860 82 302 25 8631 1
861 163 302 25 8631 1
862 19 264 22 5978 1
863 19 335 23 5698 1
864 7 304 16 5366 1
865 30 329 44 20190 1
866 49 334 15 6680 1
867 97 334 15 6680 1
868 30 334 14 3935 1
869 58 336 31 5256 1
870 48 304 10 1848 1
871 27 318 17 4202 1
872 51 306 20 5396 1
873 70 338 13 4182 1
874 25 335 21 5265 1
875 55 335 21 7807 1
876 67 319 22 4784 1
877 133 319 22 4784 1
878 50 340 14 6534 1
879 101 329 9 2312 1
880 52 338 15 5776 1
881 31 318 16 6782 1
882 16 329 29 8384 1
883 17 338 20 6484 1
884 33 338 20 6484 1
885 33 333 20 9255 1
886 28 332 22 5561 1
887 47 338 20 3623 1
888 93 338 20 3623 1
889 18 334 29 6267 1
890 18 316 38 13796 1
891 23 329 14 5918 1
892 20 334 27 4586 1
893 62 304 21 6484 1
894 123 304 21 6484 1
895 184 304 21 6484 1
896 29 323 15 5938 1
897 27 336 18 8246 1
898 69 338 18 3062 1
899 26 318 16 4492 1
900 28 338 16 6535 1
901 6 321 24 6183 1
902 11 321 24 6183 1
903 20 318 16 4500 1
904 39 318 16 4500 1
905 22 302 25 6706 1
906 29 321 14 6546 1
907 48 332 9 1658 1
908 95 332 9 1658 1
909 21 306 9 2506 1
910 39 304 16 3480 1
911 32 329 38 11451 1
912 73 302 22 9594 1
913 112 329 21 6996 1
914 28 340 24 11310 1
915 66 316 40 12319 1
916 57 306 9 3409 1
917 71 329 17 4268 1
918 26 340 15 5119 1
919 45 340 16 3756 1
920 49 325 11 1997 1
921 74 337 22 4459 1
922 70 336 22 5923 1
923 65 340 25 6713 1
924 28 338 11 2194 1
925 17 316 11 3516 1
926 10 302 9 2522 1
927 28 305 15 2301 1
928 48 335 24 8691 1
929 28 319 23 7149 1
930 55 319 23 7149 1
931 27 304 18 4235 1
932 73 325 10 4442 1
933 145 325 10 4442 1
934 50 332 16 6968 1
935 41 340 8 1640 1
936 20 334 25 9646 1
937 39 334 25 9646 1
938 27 316 16 6435 1
939 47 338 28 11715 1
940 27 321 21 7736 1
941 47 335 20 4359 1
942 37 340 20 4277 1
943 229 321 9 4217 1
944 28 304 11 3150 1
945 55 304 11 3150 1
946 62 318 14 3356 1
947 26 304 21 5753 1
948 26 321 31 13740 1
949 26 334 20 4438 1
950 28 340 9 3174 1
951 60 325 13 2358 1
952 28 340 24 10070 1
953 21 331 9 3320 1
954 85 398 19 10540 1
955 27 365 41 13169 1
956 46 353 29 6091 1
957 55 350 25 8930 1
958 59 348 25 7300 1
959 63 366 21 7627 1
960 26 350 22 11509 1
961 28 369 22 8942 1
962 55 369 22 8942 1
963 78 350 18 8205 1
964 51 351 25 6231 1
965 26 365 10 1976 1
966 18 367 28 9456 1
967 84 365 18 7492 1
968 167 365 18 7492 1
969 64 347 20 9388 1
970 55 400 23 6932 1
971 31 349 24 8394 1
972 61 349 24 8394 1
973 45 368 28 10531 1
974 89 368 28 10531 1
975 27 369 23 7571 1
976 89 399 22 12474 1
977 67 351 19 7281 1
978 25 367 23 6386 1
979 53 396 39 8272 1
980 94 365 16 4867 1
981 50 350 24 5135 1
982 25 396 30 10766 1
983 25 348 29 14767 1
984 54 351 9 3766 1
985 27 351 24 9315 1
986 75 367 17 6416 1
987 52 349 20 4958 1
988 29 396 24 7143 1
989 23 369 15 5932 1
990 25 369 20 7367 1
991 49 369 20 7367 1
992 64 367 17 8080 1
993 54 350 33 14241 1
994 65 366 14 7028 1
995 63 353 23 4139 1
996 60 368 25 13602 1
997 68 365 19 10141 1
998 49 348 18 6144 1
999 58 350 28 14209 1
1000 46 347 29 13830 1
1001 165 396 21 9337 1
1002 121 364 23 11515 1
1003 25 368 27 10872 1
1004 113 365 24 10048 1
1005 66 396 12 4395 1
1006 51 348 21 4851 1
1007 28 347 14 4294 1
1008 20 365 17 4544 1
1009 23 350 13 5003 1
1010 29 347 23 10491 1
1011 70 398 20 6744 1
1012 139 398 20 6744 1
1013 19 400 21 10893 1
1014 37 400 21 10893 1
1015 27 398 26 5285 1
1016 65 347 18 4638 1
1017 56 400 26 15592 1
1018 50 347 24 8552 1
1019 99 347 24 8552 1
1020 23 366 24 10577 1
1021 24 350 25 12993 1
1022 63 369 20 10951 1
1023 51 353 29 10466 1
1024 27 399 25 5311 1
1025 26 366 29 12966 1
1026 48 350 33 15931 1
1027 79 348 24 8817 1
1028 28 398 28 15173 1
1029 50 349 18 4430 1
1030 28 351 11 2074 1
1031 138 398 31 11111 1
1032 27 399 22 10778 1
1033 59 365 22 11492 1
1034 117 365 22 11492 1
1035 126 348 12 2937 1
1036 51 367 28 15160 1
1037 69 368 28 11792 1
40
235 400 530 450 480 440 440 544 580 580 580 540 600 610 575 660 450 450 375 450 450 600 600 600 400 426 500 500 500 500 500 500 600 600 600 400 400 600 425 425 