1036
1 9 125 11 1124 1
2 12 132 18 1862 1
3 7 140 11 1564 1
4 18 138 5 706 1
5 35 138 5 706 1
6 31 118 12 732 1
7 1 125 6 456 1
8 8 134 22 2408 1
9 15 134 22 2408 1
10 31 134 6 902 1
11 25 129 4 485 1
12 28 137 6 648 1
13 55 137 6 648 1
14 82 137 6 648 1
15 7 133 10 778 1
16 9 132 28 4453 1
17 22 133 3 361 1
18 9 132 26 4667 1
19 17 132 26 4667 1
20 22 134 12 1123 1
21 43 134 12 1123 1
22 64 134 12 1123 1
23 8 134 4 717 1
24 15 134 4 717 1
25 7 134 8 996 1
26 18 118 27 1956 1
27 9 137 16 1418 1
28 31 132 3 347 1
29 8 118 24 2508 1
30 14 129 12 1429 1
31 24 132 28 2119 1
32 9 137 7 803 1
33 13 129 13 1685 1
34 7 134 23 3973 1
35 13 134 23 3973 1
36 19 134 23 3973 1
37 25 134 23 3973 1
38 3 129 4 614 1
39 2 138 10 1970 1
40 29 118 11 1297 1
41 11 137 25 3535 1
42 8 132 9 1064 1
43 15 132 9 1064 1
44 22 132 9 1064 1
45 7 129 21 3322 1
46 9 118 15 1774 1
47 10 129 27 4953 1
48 32 134 3 370 1
49 7 132 6 570 1
50 13 132 6 570 1
51 19 132 6 570 1
52 25 132 6 570 1
53 9 138 10 1806 1
54 1 140 12 2111 1
55 9 134 11 1942 1
56 13 132 39 2761 1
57 7 134 8 637 1
58 3 140 10 1257 1
59 2 138 17 3296 1
60 3 138 17 3296 1
61 7 132 6 985 1
62 13 132 6 985 1
63 19 132 6 985 1
64 25 132 6 985 1
65 31 132 6 985 1
66 9 133 11 895 1
67 17 133 11 895 1
68 25 133 11 895 1
69 33 133 11 895 1
70 8 140 11 935 1
71 15 140 11 935 1
72 22 140 11 935 1
73 31 140 4 655 1
74 61 140 4 655 1
75 8 125 9 585 1
76 24 132 19 3633 1
77 8 137 16 2515 1
78 9 133 7 1360 1
79 17 133 7 1360 1
80 13 125 19 2195 1
81 25 125 19 2195 1
82 8 118 25 3184 1
83 8 118 19 2240 1
84 2 137 10 1770 1
85 10 134 4 461 1
86 8 138 9 1143 1
87 9 140 16 2698 1
88 23 138 11 1525 1
89 45 138 11 1525 1
90 24 118 9 1345 1
91 47 118 9 1345 1
92 8 134 5 834 1
93 8 125 13 1584 1
94 39 125 8 513 1
95 77 125 8 513 1
96 9 134 14 1820 1
97 15 140 4 401 1
98 8 132 28 4148 1
99 15 132 28 4148 1
100 22 132 28 4148 1
101 29 132 28 4148 1
102 341 207 27 4531 1
103 35 171 8 1533 1
104 69 171 8 1533 1
105 103 171 8 1533 1
106 13 181 9 1079 1
107 5 177 7 734 1
108 2 181 11 1095 1
109 3 181 11 1095 1
110 22 203 9 1138 1
111 16 184 5 890 1
112 5 177 15 1344 1
113 43 203 14 2854 1
114 19 177 18 2055 1
115 23 161 9 1982 1
116 30 197 14 2936 1
117 5 181 27 4509 1
118 17 194 26 4833 1
119 46 205 11 1587 1
120 45 171 23 2332 1
121 89 171 23 2332 1
122 133 171 23 2332 1
123 177 171 23 2332 1
124 44 203 16 1966 1
125 43 170 9 1580 1
126 85 170 9 1580 1
127 127 170 9 1580 1
128 169 170 9 1580 1
129 19 199 21 6250 1
130 5 149 13 2741 1
131 44 151 6 1309 1
132 23 149 8 1530 1
133 44 208 37 7147 1
134 87 208 37 7147 1
135 28 203 14 3283 1
136 17 208 41 10018 1
137 19 210 12 1467 1
138 16 170 9 1351 1
139 31 170 9 1351 1
140 46 170 9 1351 1
141 43 188 6 1163 1
142 42 151 15 1377 1
143 18 188 23 4830 1
144 35 188 23 4830 1
145 44 197 53 14393 1
146 17 161 9 1635 1
147 44 197 13 1731 1
148 87 197 13 1731 1
149 130 197 13 1731 1
150 80 161 12 1179 1
151 29 208 90 13511 1
152 44 194 9 2395 1
153 18 203 23 4626 1
154 8 199 31 6893 1
155 52 197 20 3045 1
156 19 195 17 4199 1
157 7 199 10 1985 1
158 45 210 9 1971 1
159 89 210 9 1971 1
160 133 210 9 1971 1
161 45 178 6 1229 1
162 89 178 6 1229 1
163 22 199 8 1669 1
164 23 149 33 2681 1
165 45 149 33 2681 1
166 25 203 20 2114 1
167 73 210 26 4461 1
168 16 151 11 1408 1
169 31 151 11 1408 1
170 46 151 11 1408 1
171 61 151 11 1408 1
172 43 187 7 1854 1
173 85 167 14 3143 1
174 16 184 38 5013 1
175 18 188 8 1998 1
176 57 195 19 4579 1
177 6 151 20 2740 1
178 57 202 9 1776 1
179 24 205 5 1458 1
180 47 205 5 1458 1
181 17 190 5 868 1
182 43 202 10 1600 1
183 85 202 10 1600 1
184 127 202 10 1600 1
185 169 202 10 1600 1
186 34 205 22 3207 1
187 44 194 18 2594 1
188 87 194 18 2594 1
189 44 151 5 499 1
190 7 203 17 4014 1
191 15 195 13 2920 1
192 43 197 19 2645 1
193 43 197 14 1933 1
194 85 197 14 1933 1
195 21 197 28 6148 1
196 17 161 9 1066 1
197 33 161 9 1066 1
198 43 171 27 2537 1
199 19 171 23 3962 1
200 5 210 22 2546 1
201 22 208 35 4082 1
202 42 171 16 1633 1
203 83 171 16 1633 1
204 43 202 17 3462 1
205 44 208 19 4780 1
206 87 208 19 4780 1
207 42 203 18 3399 1
208 6 187 15 3809 1
209 45 190 15 2725 1
210 44 187 7 1126 1
211 44 161 14 3318 1
212 87 161 14 3318 1
213 130 161 14 3318 1
214 42 205 13 2100 1
215 6 190 13 1852 1
216 43 204 25 3279 1
217 6 190 20 2155 1
218 11 190 20 2155 1
219 43 178 7 1716 1
220 85 178 7 1716 1
221 6 170 11 2121 1
222 18 170 10 1109 1
223 44 161 17 3960 1
224 87 161 17 3960 1
225 25 208 11 1625 1
226 49 208 11 1625 1
227 5 208 37 7608 1
228 22 195 27 7283 1
229 43 190 15 1784 1
230 276 178 43 5459 1
231 43 178 9 1307 1
232 19 181 18 2362 1
233 43 208 19 4540 1
234 85 208 19 4540 1
235 127 208 19 4540 1
236 44 208 10 1309 1
237 87 208 10 1309 1
238 160 194 18 2519 1
239 7 151 8 1508 1
240 45 190 19 3999 1
241 43 210 10 2844 1
242 43 203 5 1226 1
243 44 195 25 3502 1
244 87 195 25 3502 1
245 130 195 25 3502 1
246 45 188 14 1479 1
247 45 205 40 6605 1
248 89 205 40 6605 1
249 43 208 53 10685 1
250 85 208 53 10685 1
251 43 190 26 6257 1
252 7 202 90 22967 1
253 42 190 22 2366 1
254 83 190 22 2366 1
255 42 187 19 4521 1
256 30 225 17 1951 1
257 59 225 17 1951 1
258 60 216 11 2711 1
259 50 230 17 2163 1
260 43 220 20 4783 1
261 57 242 9 1402 1
262 4 216 15 4739 1
263 109 239 15 5218 1
264 117 222 21 5985 1
265 36 243 25 8233 1
266 42 239 15 2296 1
267 78 220 22 4534 1
268 60 222 22 4304 1
269 58 243 33 7266 1
270 38 230 14 4427 1
271 45 220 21 4396 1
272 89 220 21 4396 1
273 32 243 15 2291 1
274 43 216 18 5776 1
275 10 212 14 4060 1
276 45 244 45 13106 1
277 6 239 12 3576 1
278 11 239 12 3576 1
279 16 239 12 3576 1
280 60 222 15 3798 1
281 42 245 29 7091 1
282 44 243 12 2887 1
283 87 243 12 2887 1
284 65 225 25 6194 1
285 5 225 20 2980 1
286 9 225 20 2980 1
287 101 212 31 4428 1
288 56 230 21 6029 1
289 53 244 16 4407 1
290 31 244 8 2366 1
291 51 228 32 7679 1
292 7 216 10 2859 1
293 68 239 10 3200 1
294 14 212 13 3600 1
295 28 216 12 2116 1
296 107 243 22 6393 1
297 45 216 14 2068 1
298 30 221 19 5954 1
299 30 222 18 4144 1
300 59 222 18 4144 1
301 67 243 12 2837 1
302 5 230 17 5455 1
303 29 243 9 1802 1
304 29 228 28 8330 1
305 44 222 15 4869 1
306 58 239 12 4028 1
307 43 230 14 1968 1
308 58 237 14 1765 1
309 53 237 13 3788 1
310 30 237 18 3162 1
311 44 220 9 1336 1
312 122 245 19 2997 1
313 30 244 20 5272 1
314 44 225 9 1491 1
315 30 244 12 1912 1
316 59 244 12 1912 1
317 44 221 26 7109 1
318 42 222 12 2242 1
319 52 243 14 4540 1
320 103 243 14 4540 1
321 100 237 17 4936 1
322 43 222 9 1516 1
323 29 230 23 6207 1
324 5 212 34 9972 1
325 57 225 20 5887 1
326 57 220 18 4656 1
327 93 225 28 5807 1
328 43 216 41 7805 1
329 29 222 10 2012 1
330 30 230 20 4246 1
331 59 230 20 4246 1
332 54 228 37 10882 1
333 103 220 16 4572 1
334 20 239 44 13525 1
335 39 239 44 13525 1
336 43 228 22 4427 1
337 109 245 36 8919 1
338 217 245 36 8919 1
339 57 212 10 2826 1
340 57 243 19 3535 1
341 31 242 47 12293 1
342 9 228 27 9173 1
343 115 242 12 3978 1
344 15 230 40 8080 1
345 30 243 15 4004 1
346 40 222 53 8725 1
347 79 222 53 8725 1
348 49 242 27 5116 1
349 20 230 22 6049 1
350 109 222 19 6111 1
351 57 239 12 3158 1
352 113 239 12 3158 1
353 31 245 21 3292 1
354 43 237 19 2554 1
355 5 230 19 3955 1
356 29 242 34 11027 1
357 37 228 20 2395 1
358 7 221 17 3525 1
359 112 243 17 4637 1
360 56 222 39 9362 1
361 43 220 14 2858 1
362 39 239 19 3581 1
363 77 239 19 3581 1
364 57 221 19 4616 1
365 13 239 8 1366 1
366 44 228 17 4973 1
367 28 243 15 4093 1
368 30 225 35 7952 1
369 59 225 35 7952 1
370 56 243 16 3369 1
371 47 230 9 1692 1
372 31 239 25 3530 1
373 30 237 45 15239 1
374 102 212 21 2757 1
375 23 230 16 3263 1
376 58 243 15 4172 1
377 35 221 14 3012 1
378 44 216 25 4824 1
379 37 222 37 11438 1
380 58 230 11 3413 1
381 58 243 21 6577 1
382 23 221 31 9387 1
383 10 225 38 7214 1
384 19 225 38 7214 1
385 69 237 15 4523 1
386 56 222 19 4987 1
387 44 245 24 6569 1
388 38 245 20 3684 1
389 44 243 25 4509 1
390 10 245 31 6508 1
391 19 245 31 6508 1
392 22 216 18 2382 1
393 44 216 23 6122 1
394 31 239 46 13920 1
395 32 225 21 3394 1
396 63 225 21 3394 1
397 56 243 20 4690 1
398 125 242 37 7504 1
399 41 243 18 3034 1
400 81 243 18 3034 1
401 51 239 27 3771 1
402 55 222 27 5597 1
403 109 222 27 5597 1
404 3 228 6 1206 1
405 44 245 17 5609 1
406 32 239 20 7135 1
407 30 275 25 4976 1
408 51 277 21 5019 1
409 100 262 15 3484 1
410 29 258 15 4122 1
411 17 273 5 759 1
412 58 262 12 1991 1
413 30 268 13 3665 1
414 30 264 28 11044 1
415 24 259 15 2851 1
416 62 262 10 2467 1
417 123 262 10 2467 1
418 37 270 12 4187 1
419 21 260 30 6617 1
420 41 260 30 6617 1
421 36 255 17 4092 1
422 70 246 6 1304 1
423 36 255 10 1454 1
424 47 264 13 2101 1
425 93 264 13 2101 1
426 139 264 13 2101 1
427 43 276 3 1206 1
428 35 262 14 4504 1
429 30 260 15 4005 1
430 29 246 21 3954 1
431 57 246 21 3954 1
432 98 268 17 3366 1
433 43 259 22 6722 1
434 85 259 22 6722 1
435 15 246 16 5855 1
436 29 246 16 5855 1
437 102 267 20 5215 1
438 30 261 9 2391 1
439 51 277 11 2634 1
440 39 277 8 2802 1
441 103 265 16 2516 1
442 30 246 18 6066 1
443 59 246 18 6066 1
444 88 246 18 6066 1
445 58 246 22 4046 1
446 44 255 20 4205 1
447 37 270 7 1204 1
448 43 276 12 4327 1
449 29 276 18 2603 1
450 54 262 19 2825 1
451 30 260 18 6830 1
452 50 257 29 7177 1
453 23 267 6 1082 1
454 21 262 19 4773 1
455 34 276 11 1706 1
456 67 276 11 1706 1
457 100 276 11 1706 1
458 37 277 14 3530 1
459 98 262 19 6704 1
460 37 258 16 3513 1
461 29 262 14 1904 1
462 30 260 16 5073 1
463 51 264 16 2845 1
464 29 264 18 2587 1
465 59 260 19 4643 1
466 49 265 3 1039 1
467 50 270 16 3589 1
468 51 273 13 3439 1
469 51 246 8 1482 1
470 49 267 15 3235 1
471 86 261 10 2343 1
472 30 275 11 3222 1
473 59 275 11 3222 1
474 86 261 32 7019 1
475 44 268 15 2245 1
476 100 255 12 4168 1
477 199 255 12 4168 1
478 43 255 36 9825 1
479 58 267 11 3976 1
480 43 257 12 2346 1
481 29 259 23 7335 1
482 50 257 16 3515 1
483 96 262 23 8007 1
484 15 268 19 2629 1
485 15 270 5 1660 1
486 52 246 13 2264 1
487 36 257 28 5902 1
488 16 276 9 2298 1
489 31 276 9 2298 1
490 58 259 9 2498 1
491 55 246 16 4734 1
492 109 246 16 4734 1
493 109 246 27 6858 1
494 48 257 22 8466 1
495 98 255 10 3555 1
496 57 265 7 1946 1
497 44 255 17 3762 1
498 50 276 22 4543 1
499 30 261 11 3596 1
500 15 259 25 6783 1
501 29 259 25 6783 1
502 50 246 15 4574 1
503 43 261 19 6772 1
504 50 274 19 4151 1
505 99 274 19 4151 1
506 98 257 11 4006 1
507 30 264 19 7105 1
508 89 267 14 2999 1
509 36 246 24 5495 1
510 50 258 22 6453 1
511 29 274 27 9487 1
512 58 257 19 3418 1
513 16 257 15 5255 1
514 23 277 8 1645 1
515 44 261 16 2832 1
516 87 261 16 2832 1
517 97 267 16 3008 1
518 29 261 17 2477 1
519 36 268 15 2450 1
520 71 268 15 2450 1
521 45 259 19 3717 1
522 35 265 9 1344 1
523 69 265 9 1344 1
524 34 246 12 3786 1
525 101 268 20 6202 1
526 36 273 8 1632 1
527 123 260 11 3561 1
528 30 274 15 5257 1
529 51 267 16 4597 1
530 37 275 13 2530 1
531 36 255 12 2602 1
532 15 260 23 5518 1
533 99 259 19 4571 1
534 50 268 18 5041 1
535 98 270 17 3201 1
536 44 259 11 2774 1
537 30 257 21 4161 1
538 38 246 11 1981 1
539 58 262 25 5652 1
540 29 260 19 4065 1
541 109 255 19 5344 1
542 217 255 19 5344 1
543 57 261 14 3931 1
544 101 255 14 2138 1
545 50 264 16 2749 1
546 99 264 16 2749 1
547 56 268 13 2276 1
548 12 264 1 387 1
549 183 255 14 2662 1
550 85 255 23 5763 1
551 48 268 18 2897 1
552 37 277 20 5910 1
553 73 277 20 5910 1
554 58 276 19 5443 1
555 14 264 11 2404 1
556 16 267 27 8989 1
557 14 270 4 591 1
558 40 267 15 5205 1
559 107 273 10 3029 1
560 29 262 12 2013 1
561 30 262 15 2733 1
562 89 274 8 2251 1
563 58 262 19 2864 1
564 30 268 9 2426 1
565 28 265 26 9980 1
566 45 261 18 2774 1
567 17 260 6 1935 1
568 44 259 23 6168 1
569 96 260 14 4789 1
570 19 277 13 5388 1
571 107 262 7 1059 1
572 54 267 25 8975 1
573 95 273 32 8368 1
574 43 267 14 3603 1
575 29 264 22 8330 1
576 93 265 14 5544 1
577 44 259 17 3987 1
578 87 259 17 3987 1
579 28 267 11 2534 1
580 50 255 14 5309 1
581 43 276 9 1738 1
582 44 274 17 5064 1
583 41 277 25 5069 1
584 44 267 20 4979 1
585 16 259 10 2734 1
586 57 257 13 4771 1
587 57 273 28 4617 1
588 113 273 28 4617 1
589 56 278 29 7284 1
590 111 278 29 7284 1
591 58 300 20 4692 1
592 38 293 17 4066 1
593 10 281 7 1064 1
594 19 281 7 1064 1
595 57 285 23 4508 1
596 45 279 14 2806 1
597 58 292 9 1548 1
598 58 281 40 7654 1
599 92 278 13 1972 1
600 183 278 13 1972 1
601 59 291 9 3259 1
602 117 291 9 3259 1
603 28 279 8 2622 1
604 55 279 8 2622 1
605 29 294 18 4059 1
606 58 300 29 9688 1
607 97 285 16 2283 1
608 88 293 20 3767 1
609 95 294 29 12350 1
610 29 286 11 4191 1
611 25 286 23 4005 1
612 98 286 16 5773 1
613 65 279 22 7070 1
614 59 285 20 6205 1
615 58 292 18 3262 1
616 153 279 13 2982 1
617 30 285 20 3297 1
618 28 291 17 4965 1
619 65 278 31 11181 1
620 32 285 21 3108 1
621 29 279 14 2867 1
622 29 300 16 5050 1
623 37 300 12 3662 1
624 28 279 13 3677 1
625 29 292 22 3260 1
626 44 285 14 4627 1
627 29 300 15 4376 1
628 57 293 12 3629 1
629 44 294 9 3420 1
630 29 300 21 5281 1
631 57 300 21 5281 1
632 57 294 17 6216 1
633 57 294 11 3432 1
634 37 284 18 4284 1
635 43 286 8 3362 1
636 42 278 16 2910 1
637 58 300 12 5255 1
638 28 291 8 1707 1
639 28 294 16 4125 1
640 168 279 12 2456 1
641 28 292 16 4106 1
642 58 284 6 1934 1
643 217 286 9 2156 1
644 58 282 29 5532 1
645 115 282 29 5532 1
646 56 291 11 4078 1
647 26 291 20 7841 1
648 58 299 25 5838 1
649 18 282 19 7484 1
650 35 282 19 7484 1
651 60 294 15 5799 1
652 90 292 11 4251 1
653 57 278 21 6331 1
654 59 286 22 4372 1
655 117 286 22 4372 1
656 92 285 14 2768 1
657 29 300 13 4027 1
658 58 294 11 3106 1
659 115 294 11 3106 1
660 29 285 15 2987 1
661 56 286 13 3123 1
662 113 300 10 1914 1
663 80 286 25 7613 1
664 57 299 22 6239 1
665 44 279 15 2742 1
666 46 279 14 2059 1
667 89 294 43 11658 1
668 57 286 8 1696 1
669 30 279 11 3591 1
670 31 278 21 6138 1
671 56 278 19 5041 1
672 43 286 8 2741 1
673 102 281 11 2858 1
674 203 281 11 2858 1
675 56 291 14 6109 1
676 74 300 16 3520 1
677 28 286 22 6060 1
678 58 294 27 8047 1
679 58 293 9 2683 1
680 42 285 16 5622 1
681 101 294 9 1516 1
682 57 291 28 12069 1
683 23 286 24 4145 1
684 57 282 19 7442 1
685 61 279 25 5917 1
686 57 279 11 2330 1
687 113 279 11 2330 1
688 169 279 11 2330 1
689 30 278 11 4269 1
690 58 291 17 3492 1
691 26 292 10 3680 1
692 31 300 25 8462 1
693 61 300 25 8462 1
694 91 300 25 8462 1
695 140 291 23 3454 1
696 56 281 14 2260 1
697 59 291 10 1857 1
698 98 293 16 4977 1
699 16 292 13 3215 1
700 96 293 28 9935 1
701 30 286 14 3499 1
702 29 299 28 6920 1
703 57 299 28 6920 1
704 85 299 28 6920 1
705 113 299 28 6920 1
706 33 284 12 3560 1
707 89 285 41 12966 1
708 57 281 18 6742 1
709 58 293 19 7432 1
710 29 293 21 8588 1
711 30 291 10 3824 1
712 59 291 10 3824 1
713 30 299 51 15177 1
714 158 286 21 4008 1
715 59 286 15 2810 1
716 97 291 21 5158 1
717 57 299 12 2152 1
718 28 279 10 2213 1
719 160 285 13 3930 1
720 29 284 18 5665 1
721 57 284 18 5665 1
722 31 284 16 3477 1
723 58 293 13 2124 1
724 93 282 15 5502 1
725 31 284 21 4966 1
726 100 278 12 2637 1
727 199 278 12 2637 1
728 37 284 28 6144 1
729 57 282 13 3384 1
730 44 292 17 5940 1
731 17 292 11 1660 1
732 35 292 19 5741 1
733 28 281 12 4235 1
734 55 281 12 4235 1
735 44 294 16 6901 1
736 58 279 12 3821 1
737 115 279 12 3821 1
738 25 284 8 3277 1
739 44 281 7 1686 1
740 87 281 7 1686 1
741 58 299 45 17726 1
742 115 299 45 17726 1
743 172 299 45 17726 1
744 42 300 19 7108 1
745 60 293 16 3303 1
746 57 294 20 3576 1
747 113 294 20 3576 1
748 58 294 20 5354 1
749 58 291 12 4983 1
750 10 335 15 2993 1
751 79 337 17 7076 1
752 157 337 17 7076 1
753 16 363 52 19560 1
754 57 332 40 11155 1
755 32 364 36 9953 1
756 51 316 15 6105 1
757 79 332 23 10882 1
758 36 337 19 4529 1
759 56 363 30 13137 1
760 50 368 21 4680 1
761 50 332 48 12017 1
762 96 316 26 5125 1
763 191 316 26 5125 1
764 14 335 26 12487 1
765 73 368 27 13617 1
766 78 363 26 12591 1
767 16 323 20 3277 1
768 51 332 13 5505 1
769 50 305 11 3942 1
770 112 324 19 8315 1
771 73 366 22 8447 1
772 80 316 24 7060 1
773 57 336 17 3333 1
774 37 337 24 11367 1
775 79 333 15 7476 1
776 57 363 39 17489 1
777 19 331 38 9984 1
778 57 363 12 6534 1
779 113 363 12 6534 1
780 169 363 12 6534 1
781 225 363 12 6534 1
782 57 335 26 10376 1
783 218 338 57 16841 1
784 78 323 13 5382 1
785 26 303 14 5380 1
786 16 337 13 4535 1
787 77 331 24 6517 1
788 78 364 33 17465 1
789 14 365 44 17960 1
790 17 336 26 10083 1
791 58 334 14 4376 1
792 73 363 19 9346 1
793 114 363 23 9289 1
794 58 337 24 10651 1
795 75 324 22 5454 1
796 84 316 10 3664 1
797 58 364 14 6870 1
798 50 316 13 6157 1
799 91 316 19 6415 1
800 181 316 19 6415 1
801 36 368 25 6668 1
802 14 365 25 11817 1
803 58 337 32 13265 1
804 115 337 32 13265 1
805 51 349 35 6905 1
806 16 323 31 8181 1
807 85 318 33 8142 1
808 51 368 33 11709 1
809 15 338 16 7127 1
810 80 305 27 8656 1
811 108 349 38 10880 1
812 58 332 20 4857 1
813 51 318 16 7265 1
814 57 363 16 6860 1
815 37 337 14 6075 1
816 63 365 21 7846 1
817 117 349 29 10550 1
818 78 366 23 9103 1
819 37 324 13 3489 1
820 79 305 38 16745 1
821 78 368 21 8400 1
822 15 336 40 11008 1
823 57 349 20 5887 1
824 51 316 12 4862 1
825 74 303 17 2754 1
826 37 349 21 7764 1
827 14 349 10 3579 1
828 14 304 12 5048 1
829 78 334 7 2912 1
830 155 334 7 2912 1
831 232 334 7 2912 1
832 37 365 41 10022 1
833 58 332 32 14637 1
834 124 366 19 6530 1
835 78 323 25 4433 1
836 107 368 22 12085 1
837 36 332 22 4013 1
838 79 349 18 3165 1
839 59 338 24 4918 1
840 59 318 29 8715 1
841 50 366 22 5315 1
842 78 305 16 5997 1
843 51 303 24 5464 1
844 78 331 14 2591 1
845 57 318 19 5799 1
846 74 364 34 7091 1
847 13 323 26 7110 1
848 25 323 26 7110 1
849 76 324 38 8000 1
850 64 334 10 4370 1
851 88 337 14 4803 1
852 76 337 14 3256 1
853 36 324 18 7600 1
854 51 368 19 9355 1
855 15 349 46 10542 1
856 57 334 17 4601 1
857 57 318 31 7221 1
858 50 338 21 9694 1
859 78 366 37 8734 1
860 36 304 10 1553 1
861 50 324 41 7833 1
862 53 304 21 5312 1
863 78 305 21 4557 1
864 50 305 44 11786 1
865 58 366 18 3570 1
866 51 318 20 7280 1
867 79 305 20 8360 1
868 91 366 14 4389 1
869 75 349 21 8881 1
870 93 324 33 13017 1
871 27 349 16 4895 1
872 79 332 70 26802 1
873 114 363 38 7735 1
874 114 366 53 22208 1
875 78 364 7 3756 1
876 12 364 12 3437 1
877 80 323 23 5787 1
878 93 335 13 2339 1
879 51 331 16 5424 1
880 91 363 29 12707 1
881 16 366 37 18898 1
882 15 331 32 10899 1
883 79 333 28 12279 1
884 128 323 18 4790 1
885 71 363 33 8977 1
886 58 366 15 8205 1
887 85 324 20 8519 1
888 58 333 35 6382 1
889 58 335 13 4571 1
890 125 338 11 4503 1
891 78 331 19 6610 1
892 91 336 20 3909 1
893 79 316 31 10652 1
894 157 316 31 10652 1
895 13 324 27 7204 1
896 36 318 20 7275 1
897 57 332 38 9141 1
898 16 318 18 7197 1
899 79 332 17 4607 1
900 73 305 17 5637 1
901 33 364 41 8988 1
902 15 368 25 4924 1
903 37 323 17 7149 1
904 78 318 23 10009 1
905 78 305 14 4293 1
906 58 331 18 8702 1
907 50 368 14 5398 1
908 78 368 19 9571 1
909 79 316 23 6033 1
910 78 332 54 23910 1
911 78 349 25 8621 1
912 15 335 56 20845 1
913 14 334 18 8488 1
914 58 333 9 1987 1
915 125 324 21 3964 1
916 115 323 11 2673 1
917 57 304 22 8754 1
918 118 304 14 3861 1
919 235 304 14 3861 1
920 352 304 14 3861 1
921 35 363 32 16404 1
922 73 365 17 8667 1
923 51 305 11 3088 1
924 101 305 11 3088 1
925 51 338 18 5283 1
926 37 303 26 9255 1
927 79 324 19 8698 1
928 79 335 20 7746 1
929 157 335 20 7746 1
930 57 323 25 8992 1
931 59 334 20 6100 1
932 37 316 13 4761 1
933 14 349 41 9995 1
934 79 336 24 7565 1
935 75 318 21 4141 1
936 12 334 68 25942 1
937 37 323 11 4461 1
938 14 318 32 8905 1
939 109 366 12 5726 1
940 217 366 12 5726 1
941 106 363 30 8938 1
942 211 324 44 15110 1
943 58 364 14 6530 1
944 14 335 9 1801 1
945 89 304 22 6215 1
946 79 368 24 4942 1
947 69 349 22 4606 1
948 85 363 15 7054 1
949 56 303 19 8436 1
950 78 335 27 10252 1
951 51 364 11 4312 1
952 78 335 23 10726 1
953 78 336 29 6148 1
954 86 338 16 2905 1
955 58 332 20 5315 1
956 115 332 20 5315 1
957 62 331 25 12372 1
958 16 363 20 6804 1
959 78 323 24 5041 1
960 57 323 46 10849 1
961 119 364 43 12488 1
962 14 332 29 8068 1
963 71 324 27 6250 1
964 50 363 27 6817 1
965 37 332 37 12173 1
966 76 324 43 15357 1
967 151 324 43 15357 1
968 49 337 16 6302 1
969 97 337 16 6302 1
970 57 368 24 13092 1
971 35 363 20 7531 1
972 72 304 16 4673 1
973 71 366 10 3707 1
974 79 337 21 4955 1
975 13 366 22 9325 1
976 50 303 25 8335 1
977 16 333 31 15181 1
978 73 364 20 7512 1
979 51 305 36 11443 1
980 78 364 16 3143 1
981 78 363 30 7689 1
982 58 334 33 6746 1
983 61 304 15 2638 1
984 38 324 29 7605 1
985 51 364 21 7510 1
986 90 335 14 4462 1
987 72 336 14 4652 1
988 143 336 14 4652 1
989 78 316 23 5794 1
990 84 399 19 6314 1
991 74 396 22 10837 1
992 12 399 42 22175 1
993 78 395 21 7494 1
994 79 398 27 5647 1
995 85 396 64 24137 1
996 169 396 64 24137 1
997 143 397 38 19233 1
998 75 395 23 5923 1
999 79 397 20 6630 1
1000 72 398 22 8475 1
1001 90 398 23 11386 1
1002 79 397 44 12759 1
1003 144 398 32 7820 1
1004 74 397 29 5867 1
1005 79 398 23 11930 1
1006 79 396 32 13241 1
1007 78 398 34 17639 1
1008 80 396 29 9813 1
1009 159 396 29 9813 1
1010 89 398 23 9501 1
1011 77 398 31 9632 1
1012 110 399 35 16809 1
1013 78 399 29 6236 1
1014 155 399 29 6236 1
1015 76 399 22 11132 1
1016 72 399 28 13272 1
1017 86 398 37 7517 1
1018 88 399 35 17356 1
1019 78 398 33 14199 1
1020 180 396 25 10118 1
1021 95 398 33 12662 1
1022 78 395 41 12019 1
1023 85 397 38 18289 1
1024 90 399 21 4827 1
1025 116 396 24 12461 1
1026 79 395 43 23272 1
1027 157 395 43 23272 1
1028 235 395 43 23272 1
1029 74 395 18 4389 1
1030 85 398 28 10046 1
1031 90 397 22 6497 1
1032 72 398 32 6785 1
1033 93 398 23 9749 1
1034 79 396 38 21675 1
1035 89 398 19 7977 1
1036 78 395 37 8654 1
14
503 620 807 620 700 205 255 700 700 700 700 700 200 460 