1036
1 28 137 28 4647 1
2 8 138 13 1421 1
3 15 138 13 1421 1
4 196 125 12 2129 1
5 18 125 15 2732 1
6 7 129 29 3190 1
7 13 129 29 3190 1
8 19 129 29 3190 1
9 25 129 29 3190 1
10 9 137 23 3319 1
11 17 137 23 3319 1
12 25 137 23 3319 1
13 8 138 13 1844 1
14 8 140 20 3084 1
15 8 132 14 1037 1
16 12 132 16 3098 1
17 23 132 16 3098 1
18 34 132 16 3098 1
19 12 133 9 668 1
20 35 134 15 1421 1
21 20 125 15 2684 1
22 39 125 15 2684 1
23 9 133 7 481 1
24 9 132 19 1507 1
25 29 132 4 352 1
26 7 137 7 795 1
27 13 137 7 795 1
28 19 137 7 795 1
29 25 137 7 795 1
30 31 137 7 795 1
31 37 137 7 795 1
32 9 132 13 1582 1
33 7 118 8 1213 1
34 13 118 8 1213 1
35 20 125 16 2620 1
36 8 138 8 1068 1
37 2 125 25 2765 1
38 8 125 19 3222 1
39 15 125 19 3222 1
40 8 140 39 2795 1
41 15 140 39 2795 1
42 22 140 39 2795 1
43 29 140 39 2795 1
44 15 129 16 1973 1
45 14 140 7 578 1
46 9 132 57 7687 1
47 2 118 26 3338 1
48 3 118 26 3338 1
49 8 138 10 1141 1
50 7 140 32 5215 1
51 9 140 6 856 1
52 92 132 14 2672 1
53 25 137 18 3198 1
54 3 134 10 1557 1
55 10 140 9 1259 1
56 19 140 9 1259 1
57 28 140 9 1259 1
58 14 132 10 807 1
59 20 137 11 1942 1
60 8 125 17 2437 1
61 8 133 26 3354 1
62 15 133 26 3354 1
63 8 129 14 1735 1
64 15 129 14 1735 1
65 22 129 14 1735 1
66 26 134 20 2832 1
67 14 118 8 675 1
68 8 129 16 2465 1
69 32 133 14 1696 1
70 63 133 14 1696 1
71 94 133 14 1696 1
72 9 137 7 1190 1
73 15 129 19 2245 1
74 30 118 13 1086 1
75 59 118 13 1086 1
76 7 140 19 3495 1
77 13 140 19 3495 1
78 3 118 7 1146 1
79 27 129 10 1361 1
80 9 132 14 1201 1
81 17 132 14 1201 1
82 25 132 14 1201 1
83 36 137 11 1079 1
84 71 137 11 1079 1
85 106 137 11 1079 1
86 9 132 22 4244 1
87 20 118 5 680 1
88 39 118 5 680 1
89 8 133 15 1152 1
90 15 133 15 1152 1
91 22 133 15 1152 1
92 29 133 15 1152 1
93 2 132 58 5837 1
94 15 118 16 1961 1
95 9 133 21 1540 1
96 17 133 21 1540 1
97 8 140 9 1496 1
98 15 140 9 1496 1
99 22 140 9 1496 1
100 29 140 9 1496 1
101 36 140 9 1496 1
102 15 202 25 5968 1
103 36 202 19 2721 1
104 65 203 16 2980 1
105 45 161 8 1013 1
106 28 197 16 2831 1
107 42 208 17 1988 1
108 18 181 6 1324 1
109 44 202 36 5581 1
110 45 195 30 4971 1
111 44 178 4 468 1
112 44 208 13 3532 1
113 87 204 12 2115 1
114 173 204 12 2115 1
115 43 203 28 8230 1
116 85 203 28 8230 1
117 127 203 28 8230 1
118 43 199 27 4292 1
119 35 178 14 1756 1
120 43 207 36 5926 1
121 23 170 9 2119 1
122 44 187 14 1689 1
123 43 181 7 1848 1
124 85 181 7 1848 1
125 44 149 29 5283 1
126 43 205 56 11875 1
127 44 190 13 1377 1
128 87 190 13 1377 1
129 130 190 13 1377 1
130 173 190 13 1377 1
131 43 205 13 3490 1
132 42 208 14 4328 1
133 62 195 18 2514 1
134 19 184 16 2717 1
135 37 184 16 2717 1
136 55 184 16 2717 1
137 17 161 11 1144 1
138 19 171 42 8437 1
139 43 177 7 1078 1
140 14 205 28 5558 1
141 43 207 26 5914 1
142 85 207 26 5914 1
143 44 190 14 1952 1
144 17 205 21 5570 1
145 43 151 14 1935 1
146 85 151 14 1935 1
147 127 151 14 1935 1
148 18 207 33 5520 1
149 6 194 19 5267 1
150 43 177 29 4338 1
151 44 207 5 781 1
152 7 205 20 4157 1
153 43 194 27 5200 1
154 44 194 9 1465 1
155 87 194 9 1465 1
156 17 171 17 3921 1
157 25 167 17 4127 1
158 44 194 24 4662 1
159 45 203 13 3033 1
160 89 203 13 3033 1
161 133 203 13 3033 1
162 17 199 39 9626 1
163 33 199 39 9626 1
164 44 190 14 3160 1
165 87 190 14 3160 1
166 130 190 14 3160 1
167 173 190 14 3160 1
168 216 190 14 3160 1
169 259 190 14 3160 1
170 302 190 14 3160 1
171 345 190 14 3160 1
172 43 210 10 2386 1
173 44 204 16 3434 1
174 44 207 11 2838 1
175 43 188 9 901 1
176 44 202 14 2810 1
177 15 151 9 984 1
178 23 170 7 1581 1
179 43 202 19 2120 1
180 44 149 5 380 1
181 43 170 7 636 1
182 22 202 17 4113 1
183 16 149 15 2067 1
184 42 190 12 3126 1
185 44 184 37 7351 1
186 22 167 7 1712 1
187 21 205 27 7588 1
188 52 194 23 3384 1
189 41 181 8 872 1
190 81 181 8 872 1
191 43 187 15 1431 1
192 85 187 15 1431 1
193 19 204 39 6865 1
194 43 202 12 1274 1
195 44 197 11 1843 1
196 42 208 63 7658 1
197 14 184 15 2858 1
198 24 167 14 2054 1
199 17 184 23 4470 1
200 58 190 21 5543 1
201 115 190 21 5543 1
202 20 188 28 7715 1
203 43 202 26 5460 1
204 15 205 15 1691 1
205 18 181 18 1771 1
206 35 181 18 1771 1
207 24 167 8 1790 1
208 11 207 14 2786 1
209 7 187 12 1848 1
210 23 177 13 1801 1
211 53 194 26 3888 1
212 105 194 26 3888 1
213 157 194 26 3888 1
214 43 187 20 3443 1
215 6 204 9 2378 1
216 7 170 51 7461 1
217 43 171 11 2746 1
218 6 203 19 4076 1
219 11 203 19 4076 1
220 16 177 8 1807 1
221 5 194 14 3769 1
222 42 207 26 7379 1
223 24 210 15 2219 1
224 3 202 20 2131 1
225 15 205 39 5195 1
226 43 207 37 10204 1
227 44 177 15 2530 1
228 87 177 15 2530 1
229 43 197 13 2028 1
230 44 184 18 3987 1
231 47 205 26 7349 1
232 93 205 26 7349 1
233 15 204 29 5150 1
234 61 167 8 1101 1
235 121 167 8 1101 1
236 7 194 24 3728 1
237 18 197 16 2752 1
238 35 197 16 2752 1
239 6 190 27 5144 1
240 13 202 9 2126 1
241 212 205 12 2644 1
242 18 203 17 3952 1
243 35 203 17 3952 1
244 8 149 12 1112 1
245 34 171 13 1572 1
246 44 208 14 1875 1
247 43 167 31 4656 1
248 85 167 31 4656 1
249 127 167 31 4656 1
250 169 167 31 4656 1
251 211 167 31 4656 1
252 198 204 30 6021 1
253 66 197 8 2184 1
254 23 199 20 5289 1
255 40 199 13 3811 1
256 57 244 40 11113 1
257 29 239 17 5974 1
258 51 220 13 4149 1
259 47 242 17 5013 1
260 30 239 3 361 1
261 59 239 3 361 1
262 58 245 30 6960 1
263 44 239 18 3663 1
264 80 221 41 11344 1
265 60 220 20 5773 1
266 57 242 6 1197 1
267 37 245 15 4942 1
268 7 245 21 5041 1
269 13 239 22 3833 1
270 43 221 11 1964 1
271 15 222 28 5358 1
272 31 220 17 2459 1
273 61 220 17 2459 1
274 69 242 16 5349 1
275 96 221 14 2244 1
276 48 212 22 5258 1
277 95 212 22 5258 1
278 30 212 15 1709 1
279 63 237 13 4545 1
280 45 225 10 2365 1
281 29 216 10 2848 1
282 54 222 14 4035 1
283 29 230 36 10412 1
284 58 222 8 1308 1
285 32 212 13 3392 1
286 106 243 13 2204 1
287 28 228 14 1971 1
288 88 230 23 3308 1
289 50 242 18 5536 1
290 113 222 17 2529 1
291 225 222 17 2529 1
292 337 222 17 2529 1
293 44 220 40 11818 1
294 37 212 13 3089 1
295 45 221 12 3288 1
296 38 237 18 5876 1
297 29 225 9 2483 1
298 37 222 27 4235 1
299 30 242 23 8304 1
300 59 242 23 8304 1
301 88 242 23 8304 1
302 29 220 12 2728 1
303 50 237 16 4387 1
304 57 239 18 3991 1
305 43 244 11 2556 1
306 30 216 17 4725 1
307 50 243 19 3688 1
308 43 245 14 2259 1
309 3 225 32 5189 1
310 55 222 14 2199 1
311 109 222 14 2199 1
312 31 220 15 3264 1
313 44 221 29 6104 1
314 87 221 29 6104 1
315 44 225 14 4148 1
316 44 220 11 3242 1
317 14 228 13 2236 1
318 59 221 33 7236 1
319 102 243 45 10711 1
320 44 237 23 3818 1
321 87 237 23 3818 1
322 62 225 15 2281 1
323 37 242 23 7957 1
324 56 228 14 3221 1
325 44 216 21 3629 1
326 87 216 21 3629 1
327 44 230 14 2022 1
328 44 243 16 3659 1
329 30 225 7 1486 1
330 29 244 12 3134 1
331 57 244 12 3134 1
332 37 221 15 3373 1
333 18 225 21 3240 1
334 22 239 23 5371 1
335 47 243 6 870 1
336 93 243 6 870 1
337 30 221 15 1847 1
338 21 245 43 7896 1
339 19 222 42 8191 1
340 56 222 11 2666 1
341 37 242 19 2594 1
342 43 216 8 2504 1
343 57 237 17 5308 1
344 113 237 17 5308 1
345 35 245 37 6448 1
346 31 220 15 3373 1
347 61 220 15 3373 1
348 76 222 12 2027 1
349 44 244 36 6753 1
350 87 244 36 6753 1
351 29 243 11 3082 1
352 58 222 38 11739 1
353 44 222 15 1711 1
354 55 212 14 2490 1
355 44 221 16 4200 1
356 87 221 16 4200 1
357 100 225 14 2785 1
358 49 222 14 4365 1
359 44 221 19 3763 1
360 87 221 19 3763 1
361 130 221 19 3763 1
362 44 237 14 2157 1
363 87 237 14 2157 1
364 29 222 14 4084 1
365 28 239 18 4958 1
366 42 245 26 7193 1
367 83 245 26 7193 1
368 104 244 23 7374 1
369 47 212 18 5122 1
370 44 230 34 5662 1
371 8 212 31 4679 1
372 43 243 15 3013 1
373 50 245 46 13575 1
374 64 243 25 7435 1
375 45 245 32 5085 1
376 54 221 11 1859 1
377 30 239 13 2456 1
378 101 212 19 5769 1
379 106 221 17 3742 1
380 45 216 17 3730 1
381 57 242 20 4794 1
382 30 237 26 9145 1
383 31 212 14 1550 1
384 28 239 22 7833 1
385 110 242 33 6372 1
386 12 212 10 1942 1
387 49 237 11 3180 1
388 15 220 8 2399 1
389 10 245 13 4350 1
390 58 228 27 4277 1
391 115 228 27 4277 1
392 16 243 14 5006 1
393 11 228 18 4860 1
394 42 245 13 3391 1
395 83 245 13 3391 1
396 57 239 16 5260 1
397 120 216 17 3582 1
398 92 239 15 5139 1
399 45 225 28 6024 1
400 54 230 15 2166 1
401 55 220 10 3183 1
402 109 220 10 3183 1
403 42 242 20 4308 1
404 107 221 21 4559 1
405 52 237 23 4445 1
406 103 237 23 4445 1
407 27 261 16 2547 1
408 48 261 17 4087 1
409 95 261 17 4087 1
410 30 246 12 3924 1
411 37 257 10 1803 1
412 94 261 24 5192 1
413 51 270 23 4607 1
414 50 277 18 3717 1
415 37 267 17 4071 1
416 55 275 10 3870 1
417 52 260 21 3192 1
418 37 260 10 2755 1
419 73 260 10 2755 1
420 109 260 10 2755 1
421 94 264 13 2611 1
422 187 264 13 2611 1
423 52 262 33 12530 1
424 28 268 17 5714 1
425 55 268 17 5714 1
426 51 268 17 6503 1
427 101 259 21 6681 1
428 110 260 18 3840 1
429 38 261 6 1434 1
430 96 275 10 2094 1
431 16 255 18 5328 1
432 95 277 11 4054 1
433 57 276 16 6220 1
434 36 273 10 3362 1
435 43 258 19 5141 1
436 57 258 19 3793 1
437 30 262 20 2809 1
438 36 265 11 3726 1
439 43 255 6 1683 1
440 29 265 12 2607 1
441 30 258 16 3953 1
442 15 273 1 172 1
443 44 246 18 2885 1
444 30 260 18 6598 1
445 44 260 13 4461 1
446 122 267 15 4946 1
447 51 259 24 5454 1
448 49 273 9 1836 1
449 57 270 19 4589 1
450 113 270 19 4589 1
451 43 276 24 6696 1
452 44 258 14 1857 1
453 43 262 3 778 1
454 44 246 21 6454 1
455 24 259 13 2430 1
456 29 264 21 7297 1
457 44 261 8 2102 1
458 173 259 19 5952 1
459 103 255 12 2755 1
460 205 255 12 2755 1
461 307 255 12 2755 1
462 409 255 12 2755 1
463 29 264 19 5377 1
464 57 264 19 5377 1
465 105 255 10 1931 1
466 29 276 24 5719 1
467 57 276 24 5719 1
468 30 274 16 6274 1
469 13 258 16 6066 1
470 92 268 17 2734 1
471 19 260 19 5085 1
472 36 265 11 1775 1
473 57 273 19 5599 1
474 29 246 17 5344 1
475 92 277 10 1586 1
476 43 273 20 3475 1
477 36 273 14 5189 1
478 20 261 22 4066 1
479 51 255 21 3083 1
480 49 268 16 6376 1
481 97 268 16 6376 1
482 44 270 8 2152 1
483 58 270 19 6285 1
484 36 258 18 6603 1
485 30 258 15 3853 1
486 30 267 15 4620 1
487 59 267 15 4620 1
488 36 270 13 3200 1
489 43 260 16 3478 1
490 29 273 25 8154 1
491 31 274 15 5692 1
492 29 275 12 2298 1
493 57 275 12 2298 1
494 36 268 25 5812 1
495 71 268 25 5812 1
496 57 273 27 4601 1
497 16 274 15 4059 1
498 30 276 24 7955 1
499 37 258 17 4229 1
500 29 260 20 7226 1
501 29 276 4 897 1
502 42 276 14 3678 1
503 58 277 20 3045 1
504 115 277 20 3045 1
505 25 270 17 5331 1
506 29 262 10 2070 1
507 43 267 10 1676 1
508 37 258 6 1894 1
509 42 270 18 2528 1
510 26 261 12 2574 1
511 58 264 14 3026 1
512 46 273 11 2826 1
513 57 246 13 2041 1
514 113 246 13 2041 1
515 21 274 15 2883 1
516 30 275 19 5511 1
517 51 259 13 3595 1
518 95 274 9 2167 1
519 189 274 9 2167 1
520 51 275 25 5892 1
521 15 255 11 2576 1
522 44 268 8 2127 1
523 37 277 22 6807 1
524 35 275 19 6732 1
525 30 257 25 4128 1
526 59 257 25 4128 1
527 88 257 25 4128 1
528 29 262 8 2875 1
529 48 246 25 6944 1
530 10 259 21 7723 1
531 13 246 20 6537 1
532 44 255 13 2428 1
533 36 274 27 8756 1
534 58 264 17 5577 1
535 30 273 18 7281 1
536 97 276 22 4899 1
537 51 275 23 9485 1
538 37 270 18 7022 1
539 35 265 21 3060 1
540 69 265 21 3060 1
541 58 275 16 3758 1
542 44 267 2 580 1
543 30 260 25 7174 1
544 59 260 25 7174 1
545 24 246 4 1189 1
546 47 246 4 1189 1
547 70 246 4 1189 1
548 93 246 4 1189 1
549 88 277 13 5359 1
550 57 270 15 4355 1
551 16 267 18 5902 1
552 45 267 16 6302 1
553 29 260 13 2084 1
554 37 274 5 2054 1
555 58 259 19 6359 1
556 51 270 16 2240 1
557 16 257 23 5180 1
558 55 257 2 630 1
559 55 270 24 4078 1
560 109 270 24 4078 1
561 56 275 19 4961 1
562 97 259 19 3617 1
563 35 246 11 3261 1
564 42 275 22 5071 1
565 83 275 22 5071 1
566 124 275 22 5071 1
567 29 275 20 5934 1
568 30 275 15 5869 1
569 98 274 36 9249 1
570 44 262 15 2834 1
571 50 273 12 1893 1
572 36 274 13 3094 1
573 71 274 13 3094 1
574 29 264 10 3830 1
575 51 257 21 6172 1
576 101 257 21 6172 1
577 36 277 10 2444 1
578 71 277 10 2444 1
579 36 273 25 8192 1
580 51 275 16 4488 1
581 30 268 4 1039 1
582 87 259 19 6215 1
583 173 259 19 6215 1
584 38 261 18 4949 1
585 86 276 1 400 1
586 30 255 16 4919 1
587 94 257 17 5755 1
588 98 260 21 5294 1
589 57 279 9 2282 1
590 113 279 9 2282 1
591 28 300 21 7180 1
592 55 300 21 7180 1
593 61 291 15 2971 1
594 59 286 14 5708 1
595 58 278 23 9547 1
596 59 292 14 4769 1
597 29 286 14 2376 1
598 43 292 31 5633 1
599 12 282 9 1393 1
600 16 285 8 2178 1
601 60 282 10 3313 1
602 28 286 11 1984 1
603 28 284 19 3205 1
604 42 291 10 2404 1
605 27 285 26 7730 1
606 57 291 27 6205 1
607 113 291 27 6205 1
608 169 291 27 6205 1
609 104 286 21 4074 1
610 57 279 24 6166 1
611 52 286 18 7240 1
612 58 286 23 6473 1
613 115 286 23 6473 1
614 38 281 24 4964 1
615 26 293 12 4174 1
616 58 286 18 7486 1
617 115 286 18 7486 1
618 57 282 24 5168 1
619 113 282 24 5168 1
620 169 282 24 5168 1
621 59 279 23 5869 1
622 58 299 18 3839 1
623 68 292 24 4473 1
624 44 300 28 8270 1
625 57 291 13 2386 1
626 146 291 17 4976 1
627 58 281 9 2555 1
628 115 281 9 2555 1
629 164 299 29 5887 1
630 61 279 26 8521 1
631 30 291 16 2583 1
632 122 281 30 6063 1
633 42 284 9 3148 1
634 43 279 10 1630 1
635 22 285 19 5180 1
636 57 285 23 6292 1
637 30 286 21 5520 1
638 29 293 12 2914 1
639 28 285 22 7832 1
640 57 278 30 9221 1
641 28 284 19 3566 1
642 29 284 20 6968 1
643 59 284 14 5573 1
644 117 284 14 5573 1
645 42 279 20 7823 1
646 57 293 29 12729 1
647 29 281 10 2913 1
648 28 285 10 3019 1
649 55 285 10 3019 1
650 63 291 17 7229 1
651 58 285 24 4878 1
652 41 278 12 1985 1
653 30 291 25 8083 1
654 29 291 19 8155 1
655 42 286 12 3159 1
656 44 281 18 2580 1
657 28 282 10 3015 1
658 59 286 11 2039 1
659 28 282 11 3835 1
660 43 291 14 3147 1
661 29 284 26 10393 1
662 58 278 13 4229 1
663 125 291 24 8899 1
664 59 299 14 5475 1
665 117 299 14 5475 1
666 114 294 21 7137 1
667 92 300 16 6112 1
668 29 294 12 4671 1
669 66 292 12 3308 1
670 60 291 19 4706 1
671 58 281 12 3041 1
672 115 281 12 3041 1
673 93 292 20 8560 1
674 57 300 13 5390 1
675 46 293 12 1999 1
676 25 294 11 4808 1
677 57 279 37 5226 1
678 113 279 37 5226 1
679 45 300 33 5646 1
680 57 282 21 5185 1
681 44 294 11 3140 1
682 87 294 11 3140 1
683 29 278 14 3454 1
684 34 282 14 4745 1
685 66 300 9 1505 1
686 63 291 28 4516 1
687 29 282 27 10293 1
688 19 286 21 3923 1
689 60 299 21 4989 1
690 31 285 30 12485 1
691 29 278 15 4807 1
692 221 282 15 5462 1
693 57 299 12 2246 1
694 152 293 12 5080 1
695 29 281 8 2191 1
696 57 292 22 6080 1
697 113 292 22 6080 1
698 13 284 22 8167 1
699 58 278 11 3483 1
700 115 278 11 3483 1
701 172 278 11 3483 1
702 109 294 19 5509 1
703 58 293 17 6086 1
704 115 293 17 6086 1
705 172 293 17 6086 1
706 54 293 14 2519 1
707 102 282 12 2057 1
708 37 294 15 4724 1
709 44 286 53 16034 1
710 87 286 53 16034 1
711 57 281 14 2603 1
712 57 299 12 1886 1
713 57 279 11 2394 1
714 58 300 41 8459 1
715 64 299 31 4960 1
716 29 281 16 6213 1
717 16 285 25 8846 1
718 58 282 10 2648 1
719 115 282 10 2648 1
720 172 282 10 2648 1
721 62 293 15 4722 1
722 57 292 10 2566 1
723 113 292 10 2566 1
724 71 285 5 1770 1
725 29 294 43 7563 1
726 190 294 23 4298 1
727 28 279 20 7528 1
728 58 279 21 8075 1
729 115 279 21 8075 1
730 167 291 12 2969 1
731 28 291 15 5936 1
732 58 291 16 2957 1
733 24 282 10 2788 1
734 27 293 18 4761 1
735 44 286 20 4383 1
736 59 294 18 7827 1
737 117 294 18 7827 1
738 175 294 18 7827 1
739 57 285 14 5549 1
740 113 285 14 5549 1
741 169 285 14 5549 1
742 62 300 19 5334 1
743 29 300 14 2225 1
744 57 294 13 3111 1
745 58 279 16 2848 1
746 42 286 16 6657 1
747 14 278 18 2750 1
748 31 286 10 2482 1
749 28 292 14 4664 1
750 109 363 17 7856 1
751 36 368 31 14663 1
752 78 366 25 10944 1
753 51 323 21 7349 1
754 88 366 29 12967 1
755 37 323 37 10039 1
756 52 363 18 8421 1
757 70 318 39 7480 1
758 78 338 20 7159 1
759 74 305 16 5305 1
760 79 364 23 11531 1
761 72 334 56 12023 1
762 114 364 50 13595 1
763 69 364 51 21815 1
764 120 336 16 7550 1
765 57 349 15 2979 1
766 80 337 14 2874 1
767 17 331 13 5140 1
768 75 363 28 14151 1
769 149 363 28 14151 1
770 50 338 17 5591 1
771 69 336 18 3958 1
772 14 316 12 3146 1
773 107 335 10 2860 1
774 14 333 51 23994 1
775 16 333 8 1456 1
776 123 323 25 11113 1
777 15 318 27 9155 1
778 37 332 20 6326 1
779 36 303 16 5290 1
780 36 349 17 5315 1
781 57 331 12 5808 1
782 77 363 17 9010 1
783 91 304 29 7498 1
784 72 303 36 9409 1
785 15 333 37 7994 1
786 58 363 40 12672 1
787 16 316 26 7215 1
788 109 333 21 6206 1
789 50 368 7 3307 1
790 15 324 11 3116 1
791 79 335 28 12268 1
792 157 335 28 12268 1
793 15 334 29 6094 1
794 58 304 10 2376 1
795 78 324 40 14148 1
796 78 338 19 4490 1
797 105 324 35 9162 1
798 79 324 14 6245 1
799 75 305 23 5642 1
800 77 338 23 11583 1
801 56 331 25 8223 1
802 111 331 25 8223 1
803 57 332 17 7742 1
804 69 323 31 7987 1
805 127 305 18 3721 1
806 253 305 18 3721 1
807 13 338 18 4781 1
808 35 304 14 2923 1
809 51 318 16 7314 1
810 78 337 33 14159 1
811 155 337 33 14159 1
812 57 365 40 13907 1
813 78 331 16 2868 1
814 78 303 26 7390 1
815 78 364 8 2821 1
816 51 365 26 6146 1
817 78 338 24 6657 1
818 155 338 24 6657 1
819 35 324 16 3424 1
820 51 324 11 2662 1
821 13 368 28 5866 1
822 13 316 13 3604 1
823 50 337 9 1844 1
824 99 337 9 1844 1
825 78 316 21 9276 1
826 155 316 21 9276 1
827 232 316 21 9276 1
828 50 333 16 7435 1
829 14 334 30 12418 1
830 50 335 19 7432 1
831 58 365 19 8989 1
832 80 364 31 6909 1
833 159 364 31 6909 1
834 238 364 31 6909 1
835 14 331 24 5082 1
836 14 335 22 7312 1
837 13 349 16 7462 1
838 50 335 21 8446 1
839 78 338 17 6989 1
840 112 332 11 2897 1
841 72 334 31 9779 1
842 37 349 23 10613 1
843 78 365 27 7650 1
844 36 366 16 6193 1
845 79 332 28 13269 1
846 58 324 10 3304 1
847 107 338 99 32406 1
848 109 365 31 14751 1
849 217 365 31 14751 1
850 56 335 12 4935 1
851 14 323 36 9746 1
852 27 323 36 9746 1
853 114 331 19 5038 1
854 73 332 11 4232 1
855 79 318 13 4001 1
856 157 318 13 4001 1
857 36 368 11 3911 1
858 35 368 23 9651 1
859 57 332 22 4237 1
860 51 304 10 2503 1
861 58 305 29 12204 1
862 78 368 20 8118 1
863 87 365 22 7126 1
864 71 366 21 11259 1
865 78 338 18 7601 1
866 17 337 14 6347 1
867 17 334 37 14620 1
868 74 304 12 4152 1
869 147 304 12 4152 1
870 58 338 31 14932 1
871 115 338 31 14932 1
872 35 316 48 19048 1
873 77 316 10 2679 1
874 58 335 34 14497 1
875 115 335 34 14497 1
876 80 338 26 11619 1
877 49 368 34 15866 1
878 59 335 19 4697 1
879 37 303 14 4841 1
880 78 335 14 2996 1
881 78 303 12 1882 1
882 84 363 36 19413 1
883 57 337 27 13638 1
884 73 304 9 3750 1
885 60 334 26 7431 1
886 37 335 42 16063 1
887 59 363 16 3737 1
888 50 349 22 11183 1
889 59 303 23 10417 1
890 79 324 16 6903 1
891 57 334 23 6535 1
892 79 323 42 12315 1
893 85 336 16 6504 1
894 78 324 10 3935 1
895 78 332 29 11189 1
896 116 316 17 5679 1
897 51 334 27 5839 1
898 58 364 24 5537 1
899 78 365 14 6499 1
900 106 305 9 1800 1
901 211 305 9 1800 1
902 119 331 17 7978 1
903 37 304 14 3317 1
904 120 337 11 3194 1
905 239 337 11 3194 1
906 79 349 18 8553 1
907 52 318 9 2521 1
908 79 305 50 19595 1
909 115 349 22 4780 1
910 37 363 33 15737 1
911 14 365 52 27080 1
912 14 368 17 8164 1
913 57 337 16 6026 1
914 57 332 28 11764 1
915 80 364 17 6837 1
916 15 366 30 15314 1
917 36 365 41 12708 1
918 37 316 7 2511 1
919 78 364 31 7517 1
920 78 349 42 12459 1
921 37 318 21 6540 1
922 78 336 21 8522 1
923 50 366 9 3523 1
924 114 323 26 10501 1
925 78 337 25 10864 1
926 79 364 17 8037 1
927 59 304 31 11002 1
928 79 323 13 5448 1
929 157 323 13 5448 1
930 78 316 28 12736 1
931 109 337 15 3365 1
932 12 323 43 14615 1
933 23 323 43 14615 1
934 15 368 20 10737 1
935 85 349 11 2386 1
936 16 331 15 5716 1
937 76 304 11 4002 1
938 83 363 34 12806 1
939 72 363 15 4262 1
940 57 324 17 3212 1
941 50 338 42 13890 1
942 74 318 13 3766 1
943 79 338 28 9969 1
944 157 338 28 9969 1
945 16 324 29 5122 1
946 79 366 25 13506 1
947 51 368 19 3772 1
948 58 304 13 3449 1
949 115 304 13 3449 1
950 114 316 30 7571 1
951 84 366 22 10358 1
952 37 324 19 8632 1
953 16 336 10 3554 1
954 62 318 38 6754 1
955 61 366 32 6951 1
956 75 336 57 13661 1
957 189 316 46 11804 1
958 99 365 20 7880 1
959 124 316 40 15114 1
960 5 332 34 15386 1
961 9 332 34 15386 1
962 37 303 19 6586 1
963 80 304 19 6031 1
964 58 336 27 9023 1
965 78 365 50 24369 1
966 79 364 49 23999 1
967 57 332 37 11876 1
968 113 332 37 11876 1
969 15 324 33 10824 1
970 58 303 45 10126 1
971 115 303 45 10126 1
972 15 366 36 6668 1
973 37 334 11 4371 1
974 114 334 18 7478 1
975 227 334 18 7478 1
976 51 316 28 11908 1
977 79 366 19 6162 1
978 78 316 11 4138 1
979 14 335 25 5800 1
980 37 303 47 12926 1
981 59 336 12 2773 1
982 117 336 12 2773 1
983 57 331 29 9911 1
984 113 331 29 9911 1
985 57 363 23 8091 1
986 70 334 15 4946 1
987 50 336 34 14444 1
988 37 363 15 4327 1
989 122 349 19 8464 1
990 79 398 26 11321 1
991 157 398 26 11321 1
992 86 396 43 19318 1
993 79 395 59 17992 1
994 78 398 31 9984 1
995 79 398 43 13731 1
996 107 396 26 11171 1
997 85 396 28 13930 1
998 111 399 46 27438 1
999 79 397 28 6210 1
1000 94 395 30 11981 1
1001 87 398 35 9093 1
1002 95 395 18 6935 1
1003 72 396 21 6000 1
1004 79 397 22 12118 1
1005 15 398 50 11800 1
1006 85 398 35 18137 1
1007 73 395 35 20320 1
1008 87 397 31 9202 1
1009 173 397 31 9202 1
1010 79 398 25 14836 1
1011 92 397 35 17924 1
1012 79 396 27 12324 1
1013 111 395 41 17328 1
1014 79 397 45 17832 1
1015 157 397 45 17832 1
1016 93 399 36 18861 1
1017 77 396 28 14298 1
1018 10 397 23 8077 1
1019 19 397 23 8077 1
1020 87 395 32 15185 1
1021 148 398 15 7661 1
1022 87 395 22 9102 1
1023 173 395 22 9102 1
1024 95 399 25 11002 1
1025 80 398 27 10598 1
1026 85 397 20 5243 1
1027 90 396 25 11071 1
1028 87 395 23 10362 1
1029 173 395 23 10362 1
1030 259 395 23 10362 1
1031 11 397 23 11481 1
1032 86 396 31 9321 1
1033 89 397 42 19419 1
1034 177 397 42 19419 1
1035 72 399 42 18394 1
1036 86 396 36 7573 1
14
503 620 807 620 700 205 255 700 700 700 700 700 200 460 