1036
1 7 138 11 938 1
2 13 138 11 938 1
3 8 133 13 1520 1
4 26 137 11 1693 1
5 51 137 11 1693 1
6 76 137 11 1693 1
7 9 134 30 5266 1
8 33 118 6 901 1
9 7 134 48 9240 1
10 3 133 6 609 1
11 20 133 9 1243 1
12 7 129 15 2621 1
13 13 129 15 2621 1
14 3 138 16 3039 1
15 13 137 11 2216 1
16 8 138 16 2701 1
17 8 137 12 1962 1
18 15 137 12 1962 1
19 9 129 28 2748 1
20 9 125 25 3529 1
21 17 125 25 3529 1
22 2 118 9 599 1
23 3 118 9 599 1
24 4 118 9 599 1
25 5 118 9 599 1
26 6 118 9 599 1
27 7 118 9 599 1
28 27 129 8 1401 1
29 7 125 10 1005 1
30 13 125 10 1005 1
31 19 125 10 1005 1
32 25 125 10 1005 1
33 31 125 10 1005 1
34 11 138 14 1499 1
35 16 134 6 839 1
36 10 129 8 779 1
37 21 137 6 748 1
38 2 140 8 1236 1
39 13 125 5 714 1
40 8 138 5 931 1
41 14 133 15 1412 1
42 23 134 9 1802 1
43 45 134 9 1802 1
44 9 132 10 1201 1
45 18 138 38 3057 1
46 13 125 28 4710 1
47 25 125 28 4710 1
48 37 125 28 4710 1
49 49 125 28 4710 1
50 9 140 25 2579 1
51 17 140 25 2579 1
52 3 134 12 904 1
53 19 134 24 2202 1
54 8 134 58 10884 1
55 15 134 58 10884 1
56 18 140 12 2404 1
57 35 140 12 2404 1
58 7 125 10 1595 1
59 68 118 6 734 1
60 22 133 26 2187 1
61 22 129 9 897 1
62 11 140 35 6840 1
63 8 137 9 914 1
64 14 137 18 1955 1
65 9 140 10 2071 1
66 12 133 6 791 1
67 22 129 8 952 1
68 43 129 8 952 1
69 8 125 15 2350 1
70 15 125 15 2350 1
71 22 125 15 2350 1
72 29 125 15 2350 1
73 2 137 6 940 1
74 8 140 10 806 1
75 3 125 17 1146 1
76 2 129 45 4687 1
77 26 125 10 958 1
78 25 134 8 1156 1
79 24 134 51 7966 1
80 47 134 51 7966 1
81 70 134 51 7966 1
82 2 140 13 2382 1
83 2 133 14 2175 1
84 14 129 8 727 1
85 4 133 5 872 1
86 7 140 3 505 1
87 9 132 3 397 1
88 8 118 34 5718 1
89 27 134 18 1395 1
90 53 134 18 1395 1
91 7 133 15 1945 1
92 20 129 5 557 1
93 8 140 3 458 1
94 15 140 3 458 1
95 23 133 12 1725 1
96 45 133 12 1725 1
97 67 133 12 1725 1
98 8 137 21 4035 1
99 10 132 6 1077 1
100 7 134 20 1389 1
101 30 133 23 2626 1
102 21 151 15 2049 1
103 41 151 15 2049 1
104 61 151 15 2049 1
105 44 204 9 1992 1
106 87 204 9 1992 1
107 41 181 13 3442 1
108 67 190 16 3742 1
109 61 197 13 3137 1
110 121 197 13 3137 1
111 17 151 6 1153 1
112 44 203 57 8205 1
113 76 184 20 4399 1
114 44 178 7 1139 1
115 87 178 7 1139 1
116 8 204 12 3589 1
117 6 210 17 3259 1
118 5 199 25 7393 1
119 44 190 26 5072 1
120 87 190 26 5072 1
121 130 190 26 5072 1
122 44 197 20 4954 1
123 87 197 20 4954 1
124 44 195 21 5583 1
125 87 195 21 5583 1
126 20 202 10 2871 1
127 24 199 26 7745 1
128 139 195 5 1310 1
129 17 203 6 1792 1
130 5 181 9 2238 1
131 5 161 12 1570 1
132 9 161 12 1570 1
133 5 210 40 6542 1
134 9 210 40 6542 1
135 44 207 12 2484 1
136 24 202 11 2783 1
137 32 170 17 1584 1
138 380 170 13 2024 1
139 39 187 22 3890 1
140 44 203 21 5093 1
141 5 181 5 667 1
142 5 170 21 4906 1
143 67 177 8 1147 1
144 44 197 26 4983 1
145 43 161 9 1384 1
146 85 161 9 1384 1
147 44 177 10 2201 1
148 65 149 17 2705 1
149 43 177 20 2447 1
150 85 177 20 2447 1
151 18 208 15 3530 1
152 54 210 29 4751 1
153 46 177 22 4062 1
154 42 199 10 2881 1
155 44 199 15 3459 1
156 16 149 11 1335 1
157 207 178 11 2566 1
158 43 171 24 4631 1
159 6 178 21 5081 1
160 45 181 42 6636 1
161 18 187 9 1863 1
162 35 187 9 1863 1
163 6 207 15 3778 1
164 45 151 13 2096 1
165 26 161 16 2306 1
166 51 161 16 2306 1
167 93 149 17 2131 1
168 6 167 18 3045 1
169 6 195 16 2879 1
170 11 195 16 2879 1
171 43 167 4 428 1
172 44 151 14 2445 1
173 16 204 18 3301 1
174 31 204 18 3301 1
175 350 205 12 2593 1
176 44 204 10 1830 1
177 18 207 12 3290 1
178 43 208 18 2402 1
179 85 208 18 2402 1
180 127 208 18 2402 1
181 15 161 16 1594 1
182 14 195 11 2486 1
183 17 190 15 1533 1
184 1 195 9 1097 1
185 36 149 16 2657 1
186 6 171 17 3604 1
187 20 171 6 1282 1
188 40 204 19 4852 1
189 6 187 9 1389 1
190 39 149 3 488 1
191 18 187 20 3643 1
192 43 202 9 1175 1
193 44 194 12 2358 1
194 87 194 12 2358 1
195 37 151 11 1978 1
196 16 190 18 1842 1
197 18 203 35 8519 1
198 20 202 6 1543 1
199 44 187 16 2303 1
200 87 187 16 2303 1
201 130 187 16 2303 1
202 42 167 11 2090 1
203 83 167 11 2090 1
204 124 167 11 2090 1
205 44 190 7 1771 1
206 43 177 28 7078 1
207 3 149 20 4009 1
208 44 184 14 2938 1
209 87 184 14 2938 1
210 8 184 31 3102 1
211 18 199 10 1174 1
212 44 195 22 5291 1
213 183 202 25 4666 1
214 44 208 17 4673 1
215 87 208 17 4673 1
216 44 208 13 3703 1
217 87 208 13 3703 1
218 130 208 13 3703 1
219 44 151 9 1131 1
220 87 151 9 1131 1
221 130 151 9 1131 1
222 173 151 9 1131 1
223 44 208 32 8434 1
224 87 208 32 8434 1
225 130 208 32 8434 1
226 173 208 32 8434 1
227 216 208 32 8434 1
228 259 208 32 8434 1
229 302 208 32 8434 1
230 345 208 32 8434 1
231 5 205 83 8740 1
232 43 188 13 2435 1
233 44 188 10 1344 1
234 43 149 7 737 1
235 44 207 5 1140 1
236 87 207 5 1140 1
237 14 178 8 1590 1
238 42 188 19 4255 1
239 72 187 8 1783 1
240 44 190 6 1347 1
241 87 190 6 1347 1
242 22 210 8 1473 1
243 19 178 15 1849 1
244 15 197 29 4516 1
245 22 149 21 4217 1
246 2 204 8 2130 1
247 44 205 7 1371 1
248 6 177 25 5078 1
249 16 205 18 3142 1
250 44 171 10 1772 1
251 42 194 13 1440 1
252 83 194 13 1440 1
253 6 203 12 1958 1
254 43 202 14 1607 1
255 42 151 17 1290 1
256 57 244 11 2748 1
257 77 216 30 8653 1
258 5 222 17 4726 1
259 100 222 19 5107 1
260 69 228 12 2851 1
261 59 244 18 2830 1
262 28 243 22 6543 1
263 103 228 27 5961 1
264 84 244 28 8307 1
265 56 212 14 2554 1
266 110 225 48 8457 1
267 11 244 35 8559 1
268 90 225 21 2929 1
269 30 222 20 4642 1
270 44 245 22 3455 1
271 100 239 43 5596 1
272 51 212 46 12692 1
273 43 244 14 4260 1
274 28 242 74 26857 1
275 55 242 74 26857 1
276 44 212 11 1729 1
277 8 221 24 6589 1
278 29 230 24 2816 1
279 44 222 7 2224 1
280 60 228 34 7023 1
281 30 242 22 5201 1
282 59 221 14 2451 1
283 44 230 27 8718 1
284 48 212 14 2718 1
285 33 222 29 5847 1
286 47 222 11 2111 1
287 37 212 16 1926 1
288 51 245 15 2289 1
289 44 216 17 5373 1
290 56 245 10 2049 1
291 56 239 34 9164 1
292 43 243 18 2621 1
293 57 221 17 3085 1
294 66 239 24 8564 1
295 10 243 10 2544 1
296 45 216 22 2762 1
297 58 222 9 1033 1
298 115 222 9 1033 1
299 27 245 21 2751 1
300 15 220 11 1855 1
301 42 243 30 9334 1
302 58 221 11 2804 1
303 11 216 25 4605 1
304 29 237 8 2461 1
305 42 244 11 3107 1
306 99 244 56 8640 1
307 44 220 10 2211 1
308 37 222 27 4133 1
309 55 228 23 4382 1
310 30 212 30 3657 1
311 45 243 16 3015 1
312 89 243 16 3015 1
313 12 242 20 3537 1
314 29 242 10 1269 1
315 57 242 10 1269 1
316 85 242 10 1269 1
317 44 239 17 2882 1
318 31 212 32 9171 1
319 57 239 28 3486 1
320 43 228 12 2524 1
321 85 228 12 2524 1
322 92 242 13 3050 1
323 55 243 13 2894 1
324 109 243 13 2894 1
325 19 222 15 2197 1
326 29 237 17 5292 1
327 8 239 19 5238 1
328 31 242 16 3069 1
329 43 244 16 3201 1
330 55 244 17 3535 1
331 30 221 14 1741 1
332 59 221 14 1741 1
333 58 225 14 3730 1
334 56 244 9 1990 1
335 31 221 26 8531 1
336 61 221 26 8531 1
337 91 221 26 8531 1
338 57 221 17 2649 1
339 113 221 17 2649 1
340 169 221 17 2649 1
341 41 239 21 2856 1
342 30 216 17 3380 1
343 59 244 19 3345 1
344 44 237 17 4895 1
345 96 221 12 3740 1
346 54 243 29 5986 1
347 107 243 29 5986 1
348 36 212 16 4162 1
349 33 245 14 2403 1
350 20 225 10 2935 1
351 107 245 12 1641 1
352 29 220 7 932 1
353 47 244 10 1377 1
354 29 225 24 6285 1
355 57 225 24 6285 1
356 30 237 12 3383 1
357 57 243 12 3701 1
358 44 245 11 3098 1
359 83 239 21 4023 1
360 99 225 15 1979 1
361 40 220 9 1434 1
362 29 221 21 2480 1
363 57 221 21 2480 1
364 31 239 15 3376 1
365 94 225 17 2027 1
366 40 225 39 7436 1
367 57 221 9 1744 1
368 35 222 8 1573 1
369 43 244 5 1526 1
370 43 237 17 4185 1
371 29 225 25 5491 1
372 104 244 16 4610 1
373 27 225 15 3050 1
374 53 225 15 3050 1
375 79 225 15 3050 1
376 13 230 11 1584 1
377 25 230 11 1584 1
378 37 230 11 1584 1
379 47 245 27 4165 1
380 49 212 18 4206 1
381 52 239 55 14002 1
382 58 220 18 3952 1
383 54 243 12 1895 1
384 30 228 26 7010 1
385 59 228 26 7010 1
386 59 245 18 6436 1
387 45 243 20 5090 1
388 31 220 16 3119 1
389 16 225 23 3744 1
390 40 212 44 13622 1
391 37 228 8 1750 1
392 30 237 18 2802 1
393 59 237 18 2802 1
394 54 222 12 1728 1
395 58 237 39 5780 1
396 57 221 9 2332 1
397 15 220 35 10769 1
398 56 212 9 2741 1
399 57 239 21 3916 1
400 113 239 21 3916 1
401 44 243 19 4342 1
402 30 239 12 3078 1
403 43 244 24 7669 1
404 37 225 18 4922 1
405 31 244 12 3855 1
406 61 244 12 3855 1
407 58 270 28 7789 1
408 51 267 23 4127 1
409 36 259 8 2783 1
410 71 259 8 2783 1
411 37 258 9 2775 1
412 73 258 9 2775 1
413 109 258 9 2775 1
414 19 261 11 4102 1
415 94 264 23 6716 1
416 44 264 18 4684 1
417 44 277 18 6564 1
418 51 260 12 2819 1
419 35 270 13 4059 1
420 69 270 13 4059 1
421 45 274 25 8948 1
422 30 277 15 4651 1
423 57 277 26 10212 1
424 36 257 8 2969 1
425 49 259 18 4906 1
426 42 257 16 4252 1
427 44 260 2 710 1
428 30 267 7 2230 1
429 28 262 8 1302 1
430 55 262 8 1302 1
431 40 262 6 1134 1
432 29 267 3 752 1
433 57 268 38 9462 1
434 43 274 14 3568 1
435 29 276 24 6655 1
436 50 265 5 1713 1
437 99 265 5 1713 1
438 43 264 17 3723 1
439 41 257 5 1066 1
440 27 276 22 5507 1
441 94 255 9 1608 1
442 15 276 26 8887 1
443 45 273 11 1617 1
444 16 255 9 2575 1
445 15 267 16 5185 1
446 37 277 1 366 1
447 44 276 12 2410 1
448 50 246 10 2108 1
449 57 273 14 2431 1
450 43 264 20 7157 1
451 29 258 20 7155 1
452 29 261 12 4122 1
453 98 273 23 7166 1
454 38 267 20 7192 1
455 43 267 16 3492 1
456 9 262 4 1032 1
457 17 262 4 1032 1
458 25 262 4 1032 1
459 57 262 20 5715 1
460 97 258 12 3108 1
461 58 258 15 2097 1
462 43 257 8 2199 1
463 36 257 18 5014 1
464 29 277 14 5530 1
465 36 274 14 4568 1
466 93 246 8 2695 1
467 29 275 13 3991 1
468 57 275 13 3991 1
469 57 264 8 1810 1
470 97 259 10 2604 1
471 29 267 20 5860 1
472 90 259 2 565 1
473 51 264 5 1977 1
474 37 264 11 1861 1
475 33 264 10 3125 1
476 65 264 10 3125 1
477 97 264 10 3125 1
478 43 265 9 3348 1
479 85 265 9 3348 1
480 30 257 10 2982 1
481 29 255 11 3287 1
482 57 255 11 3287 1
483 58 258 23 7785 1
484 43 259 9 1861 1
485 85 259 9 1861 1
486 51 259 5 705 1
487 97 274 22 5789 1
488 28 264 26 6940 1
489 97 277 15 2936 1
490 30 265 14 2242 1
491 99 257 1 173 1
492 30 275 6 1274 1
493 49 246 17 3244 1
494 97 246 17 3244 1
495 55 257 15 5692 1
496 46 260 12 2388 1
497 56 270 14 4114 1
498 15 255 15 3992 1
499 50 265 14 3841 1
500 97 274 40 11640 1
501 15 264 20 2742 1
502 49 273 11 2457 1
503 97 273 11 2457 1
504 50 277 15 4545 1
505 42 257 13 4665 1
506 83 257 13 4665 1
507 42 268 12 3615 1
508 57 262 21 6794 1
509 89 270 18 7125 1
510 37 262 14 3717 1
511 57 258 17 2301 1
512 56 265 23 8963 1
513 28 274 24 6228 1
514 15 275 26 5187 1
515 29 275 26 5187 1
516 24 270 11 2897 1
517 97 246 14 2826 1
518 35 275 24 6123 1
519 58 259 14 4837 1
520 95 270 22 7679 1
521 44 267 14 3982 1
522 87 267 14 3982 1
523 37 265 12 3705 1
524 44 274 16 2395 1
525 49 265 19 2609 1
526 51 273 20 3045 1
527 15 259 16 2964 1
528 30 260 13 3082 1
529 52 276 13 4412 1
530 15 275 17 4548 1
531 37 259 16 3493 1
532 36 268 16 3451 1
533 39 275 25 4053 1
534 37 257 13 4464 1
535 75 258 25 3302 1
536 57 267 16 5697 1
537 113 267 16 5697 1
538 37 268 16 3027 1
539 73 268 16 3027 1
540 109 268 16 3027 1
541 28 274 13 3859 1
542 55 274 13 3859 1
543 23 265 22 3225 1
544 51 274 17 5738 1
545 31 275 16 5460 1
546 29 262 24 5785 1
547 57 262 24 5785 1
548 38 267 12 2352 1
549 75 267 12 2352 1
550 42 274 19 7075 1
551 51 273 20 7698 1
552 30 265 9 2446 1
553 30 274 18 6411 1
554 36 258 24 5991 1
555 37 276 17 5879 1
556 29 246 12 3835 1
557 57 246 12 3835 1
558 29 259 15 5734 1
559 147 265 6 1848 1
560 37 265 24 3439 1
561 43 257 17 4844 1
562 102 262 32 4292 1
563 23 262 18 6051 1
564 21 261 10 2478 1
565 41 261 10 2478 1
566 98 257 14 3240 1
567 51 258 7 2304 1
568 29 276 6 2330 1
569 88 276 26 6677 1
570 28 274 14 3341 1
571 57 261 24 3556 1
572 226 261 19 4855 1
573 29 273 17 6937 1
574 29 277 12 2012 1
575 52 246 12 2405 1
576 175 260 16 3488 1
577 47 255 3 915 1
578 37 258 19 4250 1
579 31 275 20 4342 1
580 61 275 20 4342 1
581 35 276 26 8427 1
582 89 255 20 2582 1
583 21 277 25 9201 1
584 43 246 17 2590 1
585 50 265 11 1791 1
586 37 276 23 7060 1
587 56 258 25 4075 1
588 51 268 23 5871 1
589 35 284 12 3848 1
590 88 300 7 1981 1
591 58 300 38 16101 1
592 32 284 24 8316 1
593 63 284 24 8316 1
594 97 291 9 1518 1
595 58 300 11 3822 1
596 57 286 13 4011 1
597 29 292 16 6169 1
598 28 281 22 6340 1
599 50 284 28 10204 1
600 57 286 27 7879 1
601 37 292 28 4865 1
602 57 282 12 4083 1
603 29 284 11 2225 1
604 44 291 19 5851 1
605 58 299 21 7325 1
606 58 284 11 3410 1
607 44 293 13 3572 1
608 31 282 15 3055 1
609 31 279 10 1908 1
610 115 284 17 5417 1
611 30 293 9 2624 1
612 28 300 14 6006 1
613 55 300 14 6006 1
614 57 300 47 8377 1
615 29 299 24 6152 1
616 57 299 24 6152 1
617 30 282 20 6238 1
618 29 300 19 2960 1
619 57 300 19 2960 1
620 43 279 19 6635 1
621 57 300 16 6367 1
622 57 278 24 4868 1
623 31 292 45 16401 1
624 58 293 15 3033 1
625 34 294 18 2943 1
626 30 282 17 4036 1
627 58 285 22 4004 1
628 31 279 14 2161 1
629 44 285 29 4910 1
630 56 294 13 3094 1
631 58 292 11 2293 1
632 57 278 14 3489 1
633 29 294 16 3700 1
634 58 278 8 1691 1
635 45 279 16 5199 1
636 58 279 14 2138 1
637 42 279 19 7546 1
638 49 279 11 2819 1
639 29 281 14 5566 1
640 57 281 14 5566 1
641 42 300 33 7946 1
642 32 294 22 6366 1
643 56 299 22 6003 1
644 111 299 22 6003 1
645 42 293 10 1550 1
646 29 292 23 7423 1
647 255 286 22 3937 1
648 32 299 18 6943 1
649 28 282 16 3685 1
650 43 300 17 4199 1
651 85 300 17 4199 1
652 58 300 4 1236 1
653 44 285 18 4010 1
654 88 281 23 5527 1
655 175 281 23 5527 1
656 43 293 19 6589 1
657 100 291 15 5781 1
658 55 300 13 5063 1
659 57 284 27 7280 1
660 74 294 16 5776 1
661 42 286 18 2617 1
662 44 299 10 1646 1
663 56 299 18 4169 1
664 43 279 12 3331 1
665 31 293 21 5301 1
666 29 291 13 2993 1
667 60 300 11 3680 1
668 58 300 29 9508 1
669 45 285 11 3898 1
670 31 299 11 2599 1
671 107 278 13 2378 1
672 38 284 16 4637 1
673 189 281 12 1868 1
674 58 299 11 4280 1
675 58 286 19 5690 1
676 58 294 14 4479 1
677 21 284 7 2690 1
678 32 278 12 2426 1
679 177 294 16 5875 1
680 30 294 16 3866 1
681 31 300 4 1173 1
682 268 279 12 3219 1
683 28 300 23 7551 1
684 55 300 23 7551 1
685 57 294 12 1766 1
686 23 278 8 2065 1
687 57 282 13 4890 1
688 113 282 13 4890 1
689 57 292 13 5011 1
690 43 285 17 3752 1
691 85 285 17 3752 1
692 114 285 16 6748 1
693 61 291 7 1819 1
694 45 282 21 8531 1
695 36 281 12 4488 1
696 56 292 11 4451 1
697 58 285 24 8003 1
698 57 294 9 2794 1
699 171 281 18 7451 1
700 205 278 23 6310 1
701 58 282 16 6199 1
702 58 279 18 5079 1
703 59 286 21 7604 1
704 117 286 21 7604 1
705 65 286 16 4913 1
706 57 293 14 3585 1
707 43 292 17 5305 1
708 29 278 25 5119 1
709 57 278 25 5119 1
710 30 294 24 8341 1
711 59 294 24 8341 1
712 29 281 23 6807 1
713 60 291 7 1164 1
714 29 279 11 2192 1
715 58 299 8 2307 1
716 73 279 16 5757 1
717 30 281 18 4157 1
718 28 284 11 3305 1
719 57 285 19 5405 1
720 113 285 19 5405 1
721 63 279 19 5086 1
722 94 291 14 3966 1
723 58 281 23 4033 1
724 115 281 23 4033 1
725 19 300 18 6711 1
726 26 294 25 4431 1
727 24 291 23 7640 1
728 30 291 11 4694 1
729 96 281 18 3803 1
730 191 281 18 3803 1
731 29 279 25 4125 1
732 90 281 10 4148 1
733 107 279 16 5023 1
734 31 299 23 7061 1
735 87 279 15 6229 1
736 36 284 19 6450 1
737 29 279 10 3038 1
738 57 285 14 4343 1
739 31 293 16 6056 1
740 57 300 27 6575 1
741 113 300 27 6575 1
742 29 279 24 9403 1
743 59 300 8 1975 1
744 29 293 8 2740 1
745 57 293 8 2740 1
746 58 292 8 3094 1
747 57 294 7 1296 1
748 44 300 25 10330 1
749 27 293 11 2992 1
750 162 332 26 10423 1
751 50 318 19 4618 1
752 78 305 11 4957 1
753 15 323 13 5730 1
754 59 316 17 3946 1
755 84 335 20 5585 1
756 57 316 10 3895 1
757 50 331 24 10154 1
758 50 303 11 2964 1
759 92 335 18 6150 1
760 50 305 36 10090 1
761 77 349 13 3690 1
762 13 333 23 5962 1
763 117 368 22 4828 1
764 233 368 22 4828 1
765 80 335 18 7245 1
766 82 316 38 7330 1
767 119 333 21 6512 1
768 58 318 25 4917 1
769 36 305 14 4432 1
770 58 368 25 7881 1
771 108 336 16 4348 1
772 14 324 14 3801 1
773 57 363 19 7098 1
774 37 323 21 7558 1
775 73 323 21 7558 1
776 57 318 32 14281 1
777 57 305 21 3817 1
778 76 333 19 7318 1
779 57 336 45 18459 1
780 14 335 31 14560 1
781 115 338 8 2210 1
782 36 334 54 19518 1
783 36 364 22 10894 1
784 51 334 11 5100 1
785 72 332 17 5798 1
786 36 368 32 17158 1
787 71 368 32 17158 1
788 58 338 38 18874 1
789 50 366 21 7483 1
790 36 331 12 4306 1
791 78 318 21 5272 1
792 78 331 12 4870 1
793 92 316 19 8642 1
794 36 364 17 8338 1
795 78 316 29 13524 1
796 72 303 19 3416 1
797 143 303 19 3416 1
798 117 332 26 7538 1
799 89 323 13 3499 1
800 109 303 31 5516 1
801 58 336 19 5321 1
802 16 318 14 3650 1
803 75 368 31 10943 1
804 16 324 25 9482 1
805 35 334 25 7172 1
806 14 349 14 3925 1
807 115 365 27 7715 1
808 57 334 29 9937 1
809 57 305 20 8651 1
810 76 303 19 7156 1
811 56 304 16 5406 1
812 78 364 21 9186 1
813 15 324 31 13787 1
814 89 364 16 8074 1
815 76 324 35 8673 1
816 78 349 28 11556 1
817 72 366 25 8436 1
818 109 331 22 8837 1
819 14 304 25 7156 1
820 27 304 25 7156 1
821 40 304 25 7156 1
822 53 304 25 7156 1
823 37 331 35 10262 1
824 15 365 21 10482 1
825 73 336 16 5028 1
826 51 365 16 6548 1
827 76 335 16 5301 1
828 74 363 7 1279 1
829 113 333 11 1919 1
830 59 366 13 5004 1
831 57 365 16 4209 1
832 80 368 27 8131 1
833 77 323 26 7519 1
834 20 305 31 11092 1
835 51 364 32 8734 1
836 36 318 27 10953 1
837 119 333 16 7042 1
838 79 366 14 6759 1
839 78 318 22 10095 1
840 112 363 22 5862 1
841 94 333 8 1646 1
842 57 334 17 6821 1
843 57 365 22 9735 1
844 113 365 22 9735 1
845 72 337 28 13617 1
846 73 334 11 4585 1
847 103 323 19 6923 1
848 58 335 36 6484 1
849 14 366 14 7535 1
850 78 304 17 7399 1
851 106 332 23 6238 1
852 57 332 15 4290 1
853 78 323 23 9462 1
854 37 304 21 9167 1
855 73 365 26 5840 1
856 145 365 26 5840 1
857 51 337 20 9259 1
858 14 305 22 8148 1
859 113 364 29 6686 1
860 50 363 20 4648 1
861 75 331 39 14294 1
862 16 303 15 5653 1
863 93 366 21 6183 1
864 185 366 21 6183 1
865 58 366 15 3535 1
866 115 366 15 3535 1
867 12 336 29 13764 1
868 51 338 21 5373 1
869 58 323 51 17118 1
870 58 368 60 15043 1
871 115 368 60 15043 1
872 79 337 20 4961 1
873 83 333 36 13568 1
874 14 349 12 6205 1
875 57 334 13 3436 1
876 37 368 30 11232 1
877 109 331 8 3799 1
878 111 335 12 5673 1
879 58 333 13 2575 1
880 72 305 21 8137 1
881 37 323 34 14771 1
882 56 333 29 8458 1
883 57 334 18 4719 1
884 122 338 22 5071 1
885 74 323 21 9977 1
886 51 338 20 3517 1
887 86 318 36 9578 1
888 110 366 12 6066 1
889 71 304 48 9566 1
890 14 338 21 6508 1
891 56 316 12 3004 1
892 58 336 29 8353 1
893 115 336 29 8353 1
894 172 336 29 8353 1
895 71 337 11 4182 1
896 58 363 33 8390 1
897 20 363 18 7836 1
898 73 316 39 17897 1
899 57 331 44 12366 1
900 51 335 34 10798 1
901 58 336 23 11580 1
902 73 324 23 6784 1
903 15 304 13 5842 1
904 79 365 20 8798 1
905 57 349 33 8200 1
906 18 365 30 6571 1
907 58 349 24 7879 1
908 79 366 65 32078 1
909 51 303 27 8613 1
910 37 349 31 9314 1
911 37 333 65 14523 1
912 37 366 16 7355 1
913 63 365 39 15734 1
914 78 331 33 14862 1
915 36 333 17 7129 1
916 51 336 11 2373 1
917 57 333 18 7008 1
918 113 333 18 7008 1
919 75 324 20 5622 1
920 149 324 20 5622 1
921 115 338 30 12446 1
922 87 366 34 14601 1
923 58 335 19 6596 1
924 88 331 20 8630 1
925 57 364 25 5042 1
926 113 364 25 5042 1
927 51 318 41 8208 1
928 58 305 22 5616 1
929 115 305 22 5616 1
930 36 304 11 3865 1
931 79 333 19 8378 1
932 157 333 19 8378 1
933 78 303 10 2258 1
934 88 337 22 6843 1
935 79 334 32 8534 1
936 157 334 32 8534 1
937 51 363 31 11081 1
938 101 363 31 11081 1
939 151 363 31 11081 1
940 37 338 19 4892 1
941 114 318 11 2968 1
942 37 349 35 13049 1
943 57 368 26 9448 1
944 77 349 32 11741 1
945 50 366 19 8379 1
946 79 332 31 12753 1
947 78 337 19 8755 1
948 78 333 24 4043 1
949 85 336 21 8630 1
950 119 335 16 5780 1
951 78 316 18 7670 1
952 155 316 18 7670 1
953 51 363 47 13381 1
954 58 323 21 8053 1
955 57 303 19 4123 1
956 118 304 36 15671 1
957 120 331 16 4335 1
958 57 303 26 10176 1
959 114 338 10 3347 1
960 78 303 30 8837 1
961 121 333 10 2149 1
962 79 303 19 6956 1
963 51 335 18 4817 1
964 15 323 29 5591 1
965 127 364 19 10104 1
966 119 324 34 15989 1
967 237 324 34 15989 1
968 16 338 26 8323 1
969 58 333 18 7412 1
970 13 334 23 8098 1
971 117 363 21 8108 1
972 50 332 10 3709 1
973 58 336 45 22312 1
974 53 324 15 5762 1
975 51 334 32 15912 1
976 58 316 19 5650 1
977 51 349 13 2499 1
978 101 349 13 2499 1
979 57 305 19 5413 1
980 57 338 20 9501 1
981 113 338 20 9501 1
982 80 303 27 6237 1
983 36 349 29 12737 1
984 51 316 10 3999 1
985 56 349 13 3293 1
986 58 304 13 3253 1
987 76 318 18 5945 1
988 151 318 18 5945 1
989 116 333 19 6570 1
990 186 397 18 4945 1
991 79 398 25 9529 1
992 157 398 25 9529 1
993 14 398 28 12837 1
994 70 398 19 7775 1
995 79 399 45 20768 1
996 183 396 33 18653 1
997 78 397 19 6060 1
998 105 396 20 8773 1
999 85 395 22 7093 1
1000 152 395 33 7353 1
1001 79 395 47 12589 1
1002 86 397 24 9587 1
1003 73 398 34 12194 1
1004 88 398 32 8919 1
1005 79 398 32 18820 1
1006 89 399 27 5478 1
1007 177 399 27 5478 1
1008 70 396 26 14135 1
1009 86 399 54 11098 1
1010 90 397 52 23980 1
1011 92 396 42 10253 1
1012 152 395 67 34094 1
1013 73 398 27 13268 1
1014 95 396 38 21407 1
1015 78 395 19 4473 1
1016 88 399 29 15230 1
1017 15 397 39 11229 1
1018 79 398 22 11261 1
1019 79 396 38 19796 1
1020 157 396 38 19796 1
1021 78 395 28 6034 1
1022 88 395 28 12975 1
1023 157 397 17 6106 1
1024 90 398 31 16713 1
1025 85 396 30 15618 1
1026 78 398 27 13005 1
1027 88 396 24 13088 1
1028 78 398 21 6579 1
1029 186 397 31 16083 1
1030 87 398 28 9918 1
1031 86 396 30 12494 1
1032 78 397 51 10856 1
1033 84 395 31 18321 1
1034 84 395 28 10810 1
1035 77 399 57 12660 1
1036 86 396 49 26201 1
14
503 620 807 620 700 205 255 700 700 700 700 700 200 460 