1036
1 3 125 34 2870 1
2 11 138 23 1866 1
3 8 138 10 1990 1
4 9 125 44 5883 1
5 17 125 44 5883 1
6 25 125 44 5883 1
7 2 129 11 922 1
8 223 125 8 1244 1
9 2 118 5 722 1
10 24 134 20 2430 1
11 8 132 20 3328 1
12 23 129 12 1972 1
13 45 129 12 1972 1
14 28 137 7 1116 1
15 7 134 16 1230 1
16 10 118 5 829 1
17 3 118 11 1770 1
18 5 118 11 1770 1
19 1 134 18 2766 1
20 3 118 22 1768 1
21 5 118 22 1768 1
22 8 118 16 1892 1
23 17 140 7 1428 1
24 2 118 12 1921 1
25 31 129 4 419 1
26 61 129 4 419 1
27 91 129 4 419 1
28 2 138 10 1801 1
29 21 138 22 4418 1
30 13 132 11 745 1
31 25 132 11 745 1
32 2 132 9 1116 1
33 3 132 9 1116 1
34 21 125 12 1308 1
35 8 137 26 1986 1
36 15 137 26 1986 1
37 20 129 20 2772 1
38 14 133 39 4399 1
39 32 134 8 603 1
40 63 134 8 603 1
41 94 134 8 603 1
42 125 134 8 603 1
43 7 133 4 439 1
44 8 129 9 1295 1
45 15 129 9 1295 1
46 22 129 9 1295 1
47 6 118 10 1317 1
48 7 125 20 3490 1
49 13 125 20 3490 1
50 7 140 13 1559 1
51 13 140 13 1559 1
52 2 125 12 1744 1
53 23 133 10 1563 1
54 2 138 17 2160 1
55 9 132 11 1723 1
56 1 132 10 1245 1
57 21 140 19 3468 1
58 41 140 19 3468 1
59 61 140 19 3468 1
60 20 138 23 4201 1
61 39 138 23 4201 1
62 58 138 23 4201 1
63 77 138 23 4201 1
64 28 140 15 2265 1
65 55 140 15 2265 1
66 25 137 11 1112 1
67 49 137 11 1112 1
68 9 138 9 1259 1
69 17 138 9 1259 1
70 10 140 21 3410 1
71 3 134 23 1944 1
72 181 129 7 1240 1
73 12 134 8 1171 1
74 18 125 29 3064 1
75 29 133 4 596 1
76 57 133 4 596 1
77 85 133 4 596 1
78 25 137 39 4866 1
79 8 133 9 1501 1
80 10 125 6 988 1
81 19 125 6 988 1
82 6 125 27 2567 1
83 3 132 32 5403 1
84 30 129 3 348 1
85 24 138 18 2321 1
86 27 137 22 3897 1
87 33 140 10 870 1
88 65 140 10 870 1
89 97 140 10 870 1
90 8 138 6 601 1
91 15 138 6 601 1
92 8 138 17 2664 1
93 1 125 6 782 1
94 20 140 11 813 1
95 39 140 11 813 1
96 58 140 11 813 1
97 10 125 12 2066 1
98 19 125 12 2066 1
99 3 137 19 2220 1
100 34 133 6 784 1
101 67 133 6 784 1
102 44 204 10 1421 1
103 43 151 9 1109 1
104 85 151 9 1109 1
105 127 151 9 1109 1
106 169 151 9 1109 1
107 211 151 9 1109 1
108 253 151 9 1109 1
109 21 187 8 1420 1
110 11 184 18 4594 1
111 43 181 12 2933 1
112 85 181 12 2933 1
113 20 151 24 2550 1
114 47 149 15 2069 1
115 6 149 5 1055 1
116 11 149 5 1055 1
117 334 197 7 1031 1
118 29 149 4 385 1
119 55 177 7 734 1
120 21 202 7 1145 1
121 43 204 19 2409 1
122 63 207 10 1468 1
123 44 199 19 3478 1
124 45 202 16 3159 1
125 43 207 19 4719 1
126 295 171 15 2655 1
127 13 190 25 6448 1
128 30 205 11 3297 1
129 34 149 34 5916 1
130 6 187 21 4715 1
131 260 203 20 4122 1
132 16 207 26 7100 1
133 31 207 26 7100 1
134 46 207 26 7100 1
135 224 149 13 1646 1
136 36 204 33 9382 1
137 44 202 30 5545 1
138 43 195 15 3747 1
139 85 195 15 3747 1
140 18 187 38 9641 1
141 35 187 38 9641 1
142 44 181 13 2636 1
143 43 202 10 1186 1
144 22 203 12 2638 1
145 17 208 21 5659 1
146 71 208 13 2614 1
147 31 184 13 1961 1
148 61 184 13 1961 1
149 91 184 13 1961 1
150 121 184 13 1961 1
151 19 199 14 2483 1
152 43 208 9 1351 1
153 85 208 9 1351 1
154 16 151 24 2953 1
155 78 149 3 298 1
156 20 199 15 2032 1
157 8 184 11 1767 1
158 6 181 16 2912 1
159 16 205 10 2351 1
160 23 204 11 1653 1
161 43 177 18 4503 1
162 85 177 18 4503 1
163 63 194 19 2724 1
164 8 167 21 2334 1
165 15 167 21 2334 1
166 22 167 21 2334 1
167 6 188 26 6079 1
168 11 188 26 6079 1
169 14 202 30 5105 1
170 63 210 14 2623 1
171 17 190 31 3719 1
172 366 181 32 7594 1
173 15 190 10 1274 1
174 44 210 9 2696 1
175 87 210 9 2696 1
176 130 210 9 2696 1
177 20 170 13 1635 1
178 37 197 19 2172 1
179 42 161 17 3054 1
180 44 178 23 5268 1
181 44 171 17 2235 1
182 87 171 17 2235 1
183 44 208 9 2704 1
184 87 208 9 2704 1
185 17 188 9 1429 1
186 43 203 18 2642 1
187 85 203 18 2642 1
188 16 199 29 4857 1
189 31 199 29 4857 1
190 16 178 21 4945 1
191 44 171 19 4107 1
192 30 208 10 1428 1
193 43 181 8 2062 1
194 16 195 17 4503 1
195 22 197 9 1709 1
196 309 184 32 8336 1
197 44 149 24 5160 1
198 43 205 34 9406 1
199 14 202 37 3867 1
200 44 149 27 4439 1
201 27 177 5 769 1
202 21 149 30 6583 1
203 43 204 14 2166 1
204 9 197 29 5893 1
205 42 210 11 1893 1
206 44 178 11 2573 1
207 6 187 27 3364 1
208 44 207 9 1537 1
209 87 207 9 1537 1
210 130 207 9 1537 1
211 85 207 14 4040 1
212 22 167 18 2290 1
213 42 203 17 2070 1
214 83 203 17 2070 1
215 124 203 17 2070 1
216 55 208 15 1832 1
217 109 208 15 1832 1
218 163 208 15 1832 1
219 240 208 21 4540 1
220 7 151 13 1459 1
221 43 184 18 2881 1
222 85 184 18 2881 1
223 44 149 7 1336 1
224 87 149 7 1336 1
225 44 194 22 5867 1
226 23 188 38 5435 1
227 43 181 22 5183 1
228 44 204 15 3490 1
229 87 204 15 3490 1
230 38 194 11 2105 1
231 75 194 11 2105 1
232 45 184 12 2330 1
233 89 184 12 2330 1
234 133 184 12 2330 1
235 25 205 32 4310 1
236 43 151 3 637 1
237 23 177 17 2218 1
238 24 188 13 3150 1
239 44 205 10 1248 1
240 87 205 10 1248 1
241 44 203 11 1533 1
242 86 149 14 1456 1
243 45 204 11 3355 1
244 89 204 11 3355 1
245 15 178 29 6276 1
246 43 207 18 2633 1
247 85 207 18 2633 1
248 44 167 18 2216 1
249 23 149 9 1553 1
250 6 171 13 2897 1
251 21 204 7 937 1
252 42 197 11 1372 1
253 83 197 11 1372 1
254 25 151 15 2948 1
255 8 170 12 2726 1
256 50 230 28 4453 1
257 113 228 8 2333 1
258 43 222 10 2460 1
259 56 242 28 8450 1
260 111 242 28 8450 1
261 166 242 28 8450 1
262 221 242 28 8450 1
263 13 221 43 4975 1
264 8 221 9 1225 1
265 50 245 36 6060 1
266 99 245 36 6060 1
267 148 245 36 6060 1
268 53 242 11 1803 1
269 43 230 20 2989 1
270 30 221 8 950 1
271 59 221 8 950 1
272 99 216 9 1235 1
273 43 243 8 2622 1
274 28 222 28 4406 1
275 29 221 25 3104 1
276 30 243 26 4962 1
277 30 212 26 6006 1
278 16 228 10 2503 1
279 28 220 20 4026 1
280 6 216 10 2426 1
281 11 216 10 2426 1
282 52 216 17 4521 1
283 103 216 17 4521 1
284 58 243 15 3718 1
285 58 239 24 8006 1
286 28 216 17 2033 1
287 43 244 24 3034 1
288 85 244 24 3034 1
289 44 221 14 1929 1
290 17 230 12 3370 1
291 44 216 13 2801 1
292 100 222 14 3024 1
293 29 221 10 1333 1
294 11 220 20 4899 1
295 44 225 25 5315 1
296 31 221 13 2977 1
297 96 244 30 10027 1
298 14 228 22 3764 1
299 44 245 36 11140 1
300 87 245 36 11140 1
301 45 244 14 2410 1
302 29 244 10 1611 1
303 28 221 24 7162 1
304 55 221 24 7162 1
305 53 243 12 1569 1
306 57 243 22 3207 1
307 113 243 22 3207 1
308 88 228 43 5912 1
309 56 225 7 2100 1
310 37 239 21 4318 1
311 29 212 13 3312 1
312 10 220 13 3078 1
313 28 220 14 1811 1
314 29 225 23 2953 1
315 57 225 23 2953 1
316 85 225 23 2953 1
317 113 225 23 2953 1
318 12 243 12 2754 1
319 7 228 23 7301 1
320 42 239 6 2128 1
321 42 230 7 1444 1
322 58 216 33 9169 1
323 36 225 13 3638 1
324 43 225 21 6000 1
325 85 225 21 6000 1
326 43 212 15 2849 1
327 85 212 15 2849 1
328 99 239 12 2345 1
329 31 243 15 5171 1
330 54 222 15 3486 1
331 59 228 22 7294 1
332 30 239 28 8791 1
333 54 228 38 7968 1
334 21 245 29 6556 1
335 41 245 29 6556 1
336 43 220 15 3065 1
337 85 220 15 3065 1
338 30 242 29 6335 1
339 60 220 13 1624 1
340 57 220 26 8495 1
341 44 225 46 12775 1
342 58 244 17 4065 1
343 53 239 38 4928 1
344 46 220 12 2053 1
345 91 220 12 2053 1
346 31 222 14 4564 1
347 28 228 21 4437 1
348 18 242 22 4469 1
349 35 242 22 4469 1
350 50 225 12 3253 1
351 10 212 5 1544 1
352 57 220 9 2489 1
353 52 239 14 3750 1
354 77 212 40 11019 1
355 54 244 18 5020 1
356 89 228 19 5388 1
357 177 228 19 5388 1
358 44 239 11 2612 1
359 127 220 8 2236 1
360 58 216 29 6799 1
361 43 216 15 3477 1
362 32 245 21 6485 1
363 57 237 29 5487 1
364 10 221 19 2869 1
365 107 239 34 9862 1
366 213 239 34 9862 1
367 48 228 28 6924 1
368 114 244 17 5064 1
369 43 220 15 1932 1
370 44 216 17 3483 1
371 31 225 30 4793 1
372 29 239 15 2995 1
373 17 222 29 7247 1
374 33 222 29 7247 1
375 15 212 16 3511 1
376 29 212 27 3987 1
377 37 216 15 3815 1
378 43 245 19 6764 1
379 99 230 14 1664 1
380 45 242 26 5806 1
381 82 220 18 2350 1
382 56 243 20 3181 1
383 111 243 20 3181 1
384 80 237 6 977 1
385 104 244 10 1274 1
386 86 216 19 4641 1
387 38 225 12 3157 1
388 129 242 22 5445 1
389 30 239 29 6655 1
390 59 239 29 6655 1
391 60 230 16 4463 1
392 58 225 8 1576 1
393 31 212 52 16531 1
394 2 212 7 2225 1
395 29 245 28 8368 1
396 31 220 8 2520 1
397 44 225 8 1976 1
398 119 243 20 7083 1
399 122 237 49 9401 1
400 111 244 23 8404 1
401 43 245 17 3007 1
402 57 244 27 8723 1
403 113 244 27 8723 1
404 169 244 27 8723 1
405 57 230 13 4341 1
406 23 212 27 5269 1
407 29 273 21 8200 1
408 29 255 13 2168 1
409 101 267 4 1413 1
410 30 255 20 2964 1
411 29 255 19 4636 1
412 24 262 5 1911 1
413 25 274 12 2273 1
414 49 274 12 2273 1
415 36 274 15 4636 1
416 71 274 15 4636 1
417 43 268 22 6643 1
418 50 259 11 2276 1
419 37 246 15 3542 1
420 43 268 20 5361 1
421 39 255 14 3839 1
422 34 255 15 2065 1
423 57 261 7 2674 1
424 97 257 2 261 1
425 193 257 2 261 1
426 50 265 40 9566 1
427 50 257 16 4702 1
428 99 257 16 4702 1
429 36 275 15 3540 1
430 43 274 19 3575 1
431 15 257 16 3721 1
432 36 255 18 5257 1
433 30 259 12 3962 1
434 99 258 14 4493 1
435 16 277 20 8037 1
436 57 261 9 1291 1
437 42 267 11 3723 1
438 83 267 11 3723 1
439 124 267 11 3723 1
440 165 267 11 3723 1
441 29 267 10 1424 1
442 43 275 26 6894 1
443 102 275 21 4743 1
444 91 246 6 1556 1
445 14 265 17 2609 1
446 43 255 27 4531 1
447 51 276 18 3732 1
448 41 277 15 3711 1
449 24 259 15 3488 1
450 57 259 14 4064 1
451 32 258 9 1847 1
452 36 265 11 1977 1
453 30 267 20 3871 1
454 36 264 12 1720 1
455 30 246 14 3829 1
456 59 246 14 3829 1
457 54 257 10 3817 1
458 107 257 10 3817 1
459 90 277 11 2059 1
460 50 270 18 2907 1
461 36 262 21 3092 1
462 94 270 14 4444 1
463 23 246 16 2704 1
464 50 260 8 1950 1
465 30 274 20 4322 1
466 57 246 16 3074 1
467 44 259 12 1992 1
468 30 262 14 3755 1
469 59 262 14 3755 1
470 30 259 24 3838 1
471 96 262 20 5765 1
472 87 261 9 3235 1
473 58 273 20 5556 1
474 15 261 16 4639 1
475 96 262 6 1999 1
476 30 268 16 3801 1
477 59 268 16 3801 1
478 29 255 7 1579 1
479 36 276 21 6066 1
480 51 273 25 10094 1
481 47 270 17 5787 1
482 93 270 17 5787 1
483 53 259 16 4154 1
484 44 265 4 1066 1
485 36 265 22 4454 1
486 36 255 12 3646 1
487 71 255 12 3646 1
488 29 258 15 4248 1
489 58 275 21 4317 1
490 31 277 5 1172 1
491 51 265 20 5796 1
492 83 270 14 3991 1
493 89 275 9 2936 1
494 50 277 27 5109 1
495 30 259 30 8641 1
496 54 265 19 5408 1
497 24 264 13 4617 1
498 36 264 2 295 1
499 44 265 18 4481 1
500 57 273 9 1257 1
501 90 267 13 3583 1
502 47 255 12 4429 1
503 96 277 19 6450 1
504 30 246 9 2970 1
505 30 276 23 9497 1
506 15 260 29 5094 1
507 99 259 19 2824 1
508 30 257 22 7197 1
509 58 268 20 7173 1
510 30 261 18 5619 1
511 30 273 18 3788 1
512 44 275 14 4240 1
513 50 257 16 2829 1
514 36 265 8 2937 1
515 31 264 4 1189 1
516 29 257 14 2474 1
517 89 270 8 3076 1
518 177 270 8 3076 1
519 265 270 8 3076 1
520 51 267 16 3802 1
521 39 267 12 2345 1
522 53 262 22 5725 1
523 29 265 9 1775 1
524 102 264 33 7791 1
525 14 267 22 7862 1
526 58 277 23 8155 1
527 34 273 15 5031 1
528 30 260 25 3441 1
529 27 255 16 4691 1
530 53 255 16 4691 1
531 56 264 18 4306 1
532 29 274 20 6928 1
533 50 274 5 757 1
534 51 270 14 3798 1
535 51 257 13 3413 1
536 50 275 10 2853 1
537 108 270 25 8982 1
538 215 270 25 8982 1
539 36 277 20 4428 1
540 29 259 10 2417 1
541 23 258 4 1189 1
542 30 255 12 2416 1
543 88 257 18 4281 1
544 38 267 21 6958 1
545 44 274 32 9724 1
546 87 274 32 9724 1
547 36 273 10 1928 1
548 39 273 12 3239 1
549 99 277 21 8114 1
550 15 261 17 6430 1
551 50 257 18 5708 1
552 15 270 12 3381 1
553 36 270 29 7555 1
554 46 261 15 4049 1
555 66 246 17 3340 1
556 31 267 13 3332 1
557 44 261 18 4101 1
558 44 259 16 5969 1
559 16 267 19 4833 1
560 31 267 19 4833 1
561 90 261 17 6350 1
562 29 268 5 1888 1
563 100 276 21 6325 1
564 199 276 21 6325 1
565 103 246 26 7930 1
566 30 276 30 7371 1
567 52 258 16 3856 1
568 43 262 16 3483 1
569 52 259 26 9436 1
570 43 265 13 3942 1
571 37 276 17 6831 1
572 145 261 19 4954 1
573 50 270 26 5867 1
574 103 273 9 2792 1
575 57 270 27 4447 1
576 91 255 14 4192 1
577 101 260 20 6040 1
578 58 267 14 5440 1
579 29 270 15 3176 1
580 30 261 19 6195 1
581 50 274 18 4454 1
582 45 276 9 3212 1
583 29 274 19 4930 1
584 37 267 16 4798 1
585 50 257 12 2540 1
586 71 246 20 4317 1
587 30 261 13 2203 1
588 30 273 13 2625 1
589 58 300 15 5580 1
590 59 282 15 4059 1
591 43 281 12 2306 1
592 57 292 15 2619 1
593 28 291 20 8701 1
594 43 278 14 3697 1
595 85 278 14 3697 1
596 94 294 20 6890 1
597 165 281 9 1408 1
598 58 300 34 15208 1
599 43 291 31 11250 1
600 13 279 13 2990 1
601 31 284 10 3313 1
602 164 286 18 4009 1
603 57 282 10 2584 1
604 95 284 8 1937 1
605 57 279 26 7358 1
606 113 279 26 7358 1
607 106 291 10 3837 1
608 29 292 17 6472 1
609 57 292 17 6472 1
610 85 292 17 6472 1
611 20 300 29 7018 1
612 28 300 22 4356 1
613 55 300 22 4356 1
614 57 281 17 3348 1
615 32 282 10 2302 1
616 73 281 19 3462 1
617 16 282 16 2901 1
618 28 284 21 8486 1
619 57 286 9 3626 1
620 106 285 14 5101 1
621 62 281 21 3367 1
622 57 292 12 4310 1
623 30 299 12 3358 1
624 36 286 14 4636 1
625 28 285 23 3964 1
626 59 286 8 1647 1
627 117 286 8 1647 1
628 58 299 13 3715 1
629 115 299 13 3715 1
630 172 299 13 3715 1
631 58 299 17 2552 1
632 115 299 17 2552 1
633 30 279 8 2863 1
634 28 286 34 14485 1
635 29 278 17 5062 1
636 43 300 28 5402 1
637 31 278 26 10499 1
638 36 278 14 2389 1
639 31 292 23 6726 1
640 56 300 14 5907 1
641 28 292 13 3798 1
642 42 284 17 2955 1
643 59 281 27 9731 1
644 57 294 14 4839 1
645 21 279 17 7041 1
646 44 278 17 6695 1
647 108 281 19 3452 1
648 28 291 39 10405 1
649 36 291 13 5560 1
650 38 285 16 2877 1
651 59 282 10 2287 1
652 57 284 22 3291 1
653 58 299 13 5236 1
654 29 284 13 5318 1
655 56 291 14 5375 1
656 57 279 8 2829 1
657 113 279 8 2829 1
658 57 300 12 4972 1
659 57 291 12 4937 1
660 104 278 9 2885 1
661 36 292 19 7293 1
662 29 285 16 2756 1
663 32 293 10 3530 1
664 57 299 14 2726 1
665 24 294 15 2865 1
666 28 292 12 2178 1
667 44 282 14 4423 1
668 38 281 16 6095 1
669 30 282 9 1379 1
670 59 282 9 1379 1
671 31 278 13 4984 1
672 56 292 20 3866 1
673 111 292 20 3866 1
674 58 294 21 4677 1
675 57 282 14 2284 1
676 113 282 14 2284 1
677 43 300 9 1867 1
678 85 300 9 1867 1
679 127 300 9 1867 1
680 169 300 9 1867 1
681 211 300 9 1867 1
682 93 292 9 3667 1
683 59 300 18 7070 1
684 94 300 20 3017 1
685 57 285 12 2235 1
686 171 292 18 4887 1
687 64 300 32 9862 1
688 27 286 9 3642 1
689 36 282 21 7522 1
690 43 299 11 4639 1
691 43 279 19 2941 1
692 56 294 14 4726 1
693 93 282 8 2971 1
694 29 278 15 2104 1
695 43 278 16 5452 1
696 30 285 17 3967 1
697 57 282 13 4855 1
698 113 282 13 4855 1
699 28 279 5 1080 1
700 44 284 16 2876 1
701 92 294 10 4133 1
702 57 286 26 5240 1
703 113 286 26 5240 1
704 43 284 9 3470 1
705 30 278 14 3432 1
706 43 286 40 15189 1
707 85 286 40 15189 1
708 22 300 20 3085 1
709 43 300 20 3085 1
710 58 278 10 3330 1
711 29 282 18 3959 1
712 94 285 15 4264 1
713 15 299 10 3426 1
714 29 299 10 3426 1
715 58 286 27 11552 1
716 29 286 12 2430 1
717 33 299 10 3172 1
718 58 293 39 9723 1
719 115 293 39 9723 1
720 57 286 29 6619 1
721 58 284 18 7223 1
722 115 284 18 7223 1
723 28 294 11 4653 1
724 60 299 12 4146 1
725 22 294 14 5732 1
726 30 292 10 2190 1
727 57 294 18 6426 1
728 58 284 22 4786 1
729 115 284 22 4786 1
730 58 292 5 895 1
731 58 285 17 4026 1
732 58 281 12 3751 1
733 115 281 12 3751 1
734 57 300 16 4915 1
735 113 300 16 4915 1
736 29 282 17 3498 1
737 102 281 15 4770 1
738 95 284 19 3066 1
739 55 291 20 5524 1
740 109 291 20 5524 1
741 30 286 8 1933 1
742 29 286 8 2254 1
743 57 286 8 2254 1
744 68 278 7 1198 1
745 28 286 9 1373 1
746 25 278 11 1877 1
747 30 291 12 2072 1
748 57 300 10 4160 1
749 57 292 17 5845 1
750 79 349 21 6307 1
751 112 333 17 3979 1
752 118 363 34 17394 1
753 59 335 39 10316 1
754 36 305 15 6725 1
755 14 303 35 7797 1
756 79 364 31 11954 1
757 89 316 20 5884 1
758 79 349 50 11573 1
759 36 304 36 7857 1
760 84 368 27 7774 1
761 51 323 21 8246 1
762 37 363 13 2444 1
763 78 349 25 10229 1
764 15 331 16 3198 1
765 17 334 33 15187 1
766 50 335 21 10088 1
767 79 318 20 6615 1
768 79 323 12 2515 1
769 57 335 29 7947 1
770 109 363 21 7689 1
771 57 336 29 10595 1
772 58 323 14 2685 1
773 115 323 14 2685 1
774 78 338 19 7905 1
775 37 368 31 14006 1
776 88 366 14 4666 1
777 59 338 19 9419 1
778 78 336 20 9820 1
779 78 332 19 9050 1
780 155 332 19 9050 1
781 232 332 19 9050 1
782 79 323 17 4027 1
783 76 366 23 11517 1
784 57 333 15 6488 1
785 123 331 22 8648 1
786 36 305 13 3843 1
787 79 333 19 4886 1
788 157 333 19 4886 1
789 235 333 19 4886 1
790 57 338 18 7332 1
791 17 333 19 6149 1
792 73 304 24 3984 1
793 78 303 21 6862 1
794 13 365 27 13763 1
795 49 366 35 13615 1
796 50 349 23 10459 1
797 57 304 11 3092 1
798 76 331 9 3200 1
799 37 331 33 11210 1
800 51 332 25 9096 1
801 38 334 27 9422 1
802 79 303 53 9773 1
803 57 337 17 3018 1
804 76 323 21 9474 1
805 85 323 22 6424 1
806 51 338 32 7948 1
807 57 337 23 11409 1
808 79 349 19 9689 1
809 79 365 47 10038 1
810 57 334 33 10123 1
811 78 318 17 2857 1
812 15 334 22 8878 1
813 51 331 32 5761 1
814 125 365 26 6466 1
815 51 305 30 5355 1
816 50 324 11 3412 1
817 75 338 20 3923 1
818 58 338 19 8802 1
819 115 338 19 8802 1
820 56 305 9 1585 1
821 58 366 20 9875 1
822 58 366 32 16984 1
823 115 366 32 16984 1
824 79 304 19 7115 1
825 72 366 41 14054 1
826 71 334 37 8350 1
827 15 304 19 7606 1
828 69 334 6 2543 1
829 51 337 20 6303 1
830 71 338 15 6167 1
831 57 318 14 5261 1
832 57 366 22 7992 1
833 51 305 25 5001 1
834 127 363 38 12136 1
835 58 323 41 8463 1
836 116 318 13 2340 1
837 74 337 24 8169 1
838 50 304 34 5708 1
839 49 324 9 2593 1
840 76 305 11 2530 1
841 78 364 21 8359 1
842 155 364 21 8359 1
843 232 364 21 8359 1
844 57 323 43 18525 1
845 80 338 17 2884 1
846 57 332 19 7630 1
847 113 332 19 7630 1
848 57 304 11 2474 1
849 50 337 42 10195 1
850 78 366 16 6209 1
851 78 318 23 6078 1
852 88 324 31 7626 1
853 58 335 53 17213 1
854 62 368 35 11019 1
855 36 363 48 20506 1
856 62 335 23 7357 1
857 12 303 25 4557 1
858 95 365 53 12368 1
859 57 318 13 5148 1
860 116 364 28 10780 1
861 231 364 28 10780 1
862 15 304 23 5395 1
863 29 304 23 5395 1
864 43 304 23 5395 1
865 57 304 23 5395 1
866 104 335 53 13206 1
867 72 364 33 9983 1
868 57 336 40 11296 1
869 113 336 40 11296 1
870 169 336 40 11296 1
871 18 303 20 7500 1
872 36 368 31 14633 1
873 51 304 62 16858 1
874 79 316 16 4410 1
875 79 363 28 6930 1
876 78 333 14 2477 1
877 155 333 14 2477 1
878 37 318 18 3179 1
879 103 305 21 8794 1
880 72 336 25 8568 1
881 92 336 19 6880 1
882 55 349 29 8172 1
883 79 365 34 11782 1
884 16 364 38 16860 1
885 15 365 19 5944 1
886 16 363 21 10238 1
887 58 366 30 14498 1
888 59 337 35 11254 1
889 85 363 23 5687 1
890 49 336 28 11926 1
891 57 366 17 7542 1
892 113 366 17 7542 1
893 54 365 22 4060 1
894 57 363 15 7669 1
895 52 363 49 10720 1
896 14 316 17 7260 1
897 76 331 39 14509 1
898 151 331 39 14509 1
899 15 349 52 14507 1
900 15 316 8 3046 1
901 37 335 24 9060 1
902 57 368 21 11066 1
903 79 305 22 4839 1
904 157 305 22 4839 1
905 14 331 14 4450 1
906 79 366 40 15479 1
907 37 337 14 3374 1
908 52 338 41 9585 1
909 14 336 23 4052 1
910 61 333 34 13090 1
911 13 303 12 4330 1
912 72 364 17 8503 1
913 93 349 12 2628 1
914 77 364 35 13381 1
915 70 304 18 6599 1
916 58 336 13 4842 1
917 37 324 23 8940 1
918 117 338 24 6115 1
919 15 331 30 9926 1
920 58 305 12 4266 1
921 71 349 20 10289 1
922 57 349 17 7239 1
923 78 304 14 6290 1
924 155 304 14 6290 1
925 59 335 16 2987 1
926 76 334 17 3841 1
927 105 332 31 6779 1
928 75 337 21 9090 1
929 14 363 25 10480 1
930 80 364 22 8135 1
931 79 349 13 5459 1
932 85 333 28 7843 1
933 50 368 16 3281 1
934 78 364 33 8900 1
935 81 304 21 5971 1
936 75 332 13 5690 1
937 149 332 13 5690 1
938 50 363 12 4355 1
939 14 331 18 5534 1
940 79 334 30 14402 1
941 15 368 10 2718 1
942 50 368 22 11293 1
943 51 332 22 8234 1
944 15 368 50 20489 1
945 27 332 19 6892 1
946 75 349 16 5432 1
947 90 337 21 5400 1
948 179 337 21 5400 1
949 11 336 34 9799 1
950 79 333 12 5507 1
951 57 366 20 6559 1
952 58 368 23 11144 1
953 115 368 23 11144 1
954 78 333 22 6381 1
955 57 332 23 6636 1
956 113 332 23 6636 1
957 50 366 25 12912 1
958 99 366 25 12912 1
959 36 364 24 8934 1
960 50 305 37 7382 1
961 51 333 20 3634 1
962 57 335 33 7326 1
963 96 349 18 9409 1
964 16 337 27 8621 1
965 13 323 31 14004 1
966 13 338 20 6202 1
967 79 365 45 14474 1
968 78 338 38 8199 1
969 155 338 38 8199 1
970 58 349 19 8093 1
971 37 349 32 14996 1
972 50 364 30 14100 1
973 58 305 18 4479 1
974 13 303 13 5672 1
975 63 323 10 3586 1
976 97 335 40 9649 1
977 15 337 23 11570 1
978 29 337 23 11570 1
979 15 363 20 10135 1
980 113 364 21 6105 1
981 53 364 17 3204 1
982 73 366 15 4364 1
983 58 316 35 5952 1
984 97 349 29 9579 1
985 57 316 15 2937 1
986 16 349 44 10977 1
987 51 337 8 2012 1
988 36 368 18 8352 1
989 50 364 77 17745 1
990 152 397 33 16036 1
991 95 398 34 7634 1
992 84 395 64 33222 1
993 89 395 43 11928 1
994 87 395 28 8971 1
995 110 398 30 7610 1
996 83 398 28 15005 1
997 16 396 25 8004 1
998 79 399 62 24234 1
999 79 395 29 12973 1
1000 72 398 38 7745 1
1001 96 399 38 15694 1
1002 79 398 22 6510 1
1003 79 398 19 8387 1
1004 157 398 19 8387 1
1005 74 395 37 14641 1
1006 147 397 29 14314 1
1007 94 396 40 22436 1
1008 79 397 39 16228 1
1009 91 397 24 8049 1
1010 15 399 37 12378 1
1011 108 399 51 17856 1
1012 106 399 29 9129 1
1013 78 395 46 18257 1
1014 72 395 17 5620 1
1015 14 395 27 7549 1
1016 87 396 37 17129 1
1017 108 398 27 9295 1
1018 86 399 23 8779 1
1019 171 399 23 8779 1
1020 170 399 47 11765 1
1021 73 399 33 8247 1
1022 90 395 43 10091 1
1023 178 395 38 21768 1
1024 93 397 30 9091 1
1025 93 396 43 12555 1
1026 88 395 31 15283 1
1027 70 398 37 11264 1
1028 139 398 37 11264 1
1029 88 396 43 15812 1
1030 72 399 31 16189 1
1031 88 399 29 13985 1
1032 85 397 34 11691 1
1033 94 396 20 4160 1
1034 85 397 38 16413 1
1035 78 398 24 8584 1
1036 165 395 26 10441 1
14
503 620 807 620 700 205 255 700 700 700 700 700 200 460 