1036
1 8 125 2 312 1
2 15 125 2 312 1
3 7 129 13 1984 1
4 13 129 13 1984 1
5 19 129 13 1984 1
6 9 129 9 759 1
7 8 125 16 1630 1
8 15 125 16 1630 1
9 22 125 16 1630 1
10 8 133 16 2300 1
11 9 137 6 616 1
12 17 137 6 616 1
13 8 138 17 2110 1
14 15 138 17 2110 1
15 3 134 22 2621 1
16 13 132 11 920 1
17 25 132 11 920 1
18 37 132 11 920 1
19 23 140 50 5698 1
20 28 133 13 1222 1
21 8 140 4 680 1
22 11 137 36 5707 1
23 16 129 11 1398 1
24 8 140 23 2255 1
25 8 134 4 479 1
26 15 134 4 479 1
27 8 132 10 1813 1
28 15 132 10 1813 1
29 22 132 10 1813 1
30 29 132 10 1813 1
31 9 125 2 327 1
32 14 129 11 925 1
33 1 132 17 1134 1
34 8 140 21 2456 1
35 15 140 21 2456 1
36 22 140 21 2456 1
37 7 129 15 2582 1
38 8 129 16 1958 1
39 15 129 16 1958 1
40 22 129 16 1958 1
41 16 138 13 2175 1
42 8 132 9 1700 1
43 25 132 7 818 1
44 8 133 21 2371 1
45 13 134 10 1033 1
46 7 133 15 2674 1
47 26 129 14 1189 1
48 3 134 12 1561 1
49 17 137 7 979 1
50 33 137 7 979 1
51 36 134 18 1428 1
52 71 134 18 1428 1
53 8 140 18 2868 1
54 15 140 18 2868 1
55 22 140 18 2868 1
56 29 140 18 2868 1
57 36 140 18 2868 1
58 18 125 5 833 1
59 35 125 5 833 1
60 52 125 5 833 1
61 69 125 5 833 1
62 24 118 4 464 1
63 21 138 25 4753 1
64 41 138 25 4753 1
65 13 125 7 1258 1
66 24 134 30 2712 1
67 47 134 30 2712 1
68 3 138 4 358 1
69 11 138 23 3740 1
70 22 140 14 1483 1
71 43 140 14 1483 1
72 9 140 7 958 1
73 26 137 11 1334 1
74 51 137 11 1334 1
75 8 118 14 1410 1
76 15 118 14 1410 1
77 22 118 14 1410 1
78 29 118 14 1410 1
79 36 118 14 1410 1
80 8 138 5 750 1
81 15 138 5 750 1
82 22 138 5 750 1
83 29 138 5 750 1
84 36 138 5 750 1
85 43 138 5 750 1
86 50 138 5 750 1
87 8 132 9 1091 1
88 7 137 7 759 1
89 10 118 20 3207 1
90 8 134 4 791 1
91 15 134 4 791 1
92 16 129 6 652 1
93 28 137 7 687 1
94 9 140 7 848 1
95 17 140 7 848 1
96 25 140 7 848 1
97 33 140 7 848 1
98 3 118 15 1322 1
99 8 132 11 2047 1
100 26 134 12 989 1
101 30 133 5 437 1
102 17 161 6 1272 1
103 296 197 28 7479 1
104 20 181 11 2244 1
105 17 195 19 3797 1
106 24 208 10 2657 1
107 43 161 13 2707 1
108 85 161 13 2707 1
109 44 207 14 3174 1
110 44 177 10 2324 1
111 87 177 10 2324 1
112 130 177 10 2324 1
113 43 184 9 1986 1
114 85 184 9 1986 1
115 127 184 9 1986 1
116 42 178 14 3296 1
117 21 171 20 4616 1
118 45 170 12 2080 1
119 89 170 12 2080 1
120 44 184 18 3142 1
121 87 184 18 3142 1
122 130 184 18 3142 1
123 43 195 13 2851 1
124 85 195 13 2851 1
125 21 181 5 624 1
126 7 207 15 2599 1
127 13 207 15 2599 1
128 44 208 35 7301 1
129 42 190 10 1155 1
130 83 190 10 1155 1
131 19 205 31 4076 1
132 26 204 9 1317 1
133 51 204 9 1317 1
134 176 177 24 3625 1
135 44 161 9 2097 1
136 8 195 24 6660 1
137 45 199 15 2301 1
138 89 199 15 2301 1
139 28 149 15 2850 1
140 17 151 12 2144 1
141 44 187 19 4147 1
142 87 187 19 4147 1
143 130 187 19 4147 1
144 173 187 19 4147 1
145 19 184 8 1576 1
146 43 202 23 4643 1
147 43 170 12 2178 1
148 20 190 34 9478 1
149 19 177 13 3014 1
150 43 167 13 1532 1
151 54 194 4 905 1
152 42 210 31 8927 1
153 83 210 31 8927 1
154 124 210 31 8927 1
155 165 210 31 8927 1
156 206 210 31 8927 1
157 247 210 31 8927 1
158 22 199 11 1927 1
159 43 181 19 2581 1
160 58 210 14 3423 1
161 115 210 14 3423 1
162 21 203 44 11344 1
163 44 204 19 4245 1
164 87 204 19 4245 1
165 16 170 13 3169 1
166 31 170 13 3169 1
167 46 170 13 3169 1
168 61 170 13 3169 1
169 43 199 7 1058 1
170 85 199 7 1058 1
171 17 207 8 2432 1
172 14 207 8 960 1
173 21 210 25 3732 1
174 58 151 8 882 1
175 16 194 13 3747 1
176 16 205 18 2290 1
177 51 151 14 2113 1
178 7 187 10 942 1
179 47 171 28 4488 1
180 44 199 5 667 1
181 43 149 9 1216 1
182 6 199 8 1259 1
183 45 190 27 5895 1
184 44 208 12 2043 1
185 43 202 12 2412 1
186 85 202 12 2412 1
187 45 181 9 1769 1
188 15 199 7 1603 1
189 44 195 16 2081 1
190 87 195 16 2081 1
191 44 210 12 3765 1
192 19 203 10 1034 1
193 37 203 10 1034 1
194 45 151 10 1810 1
195 89 151 10 1810 1
196 43 187 12 3317 1
197 43 171 40 9998 1
198 43 194 15 2458 1
199 43 194 35 4614 1
200 85 194 35 4614 1
201 44 190 9 957 1
202 87 190 9 957 1
203 5 188 13 2140 1
204 9 188 13 2140 1
205 13 188 13 2140 1
206 5 188 12 2233 1
207 42 195 19 3156 1
208 83 195 19 3156 1
209 44 149 5 511 1
210 7 195 9 2078 1
211 13 195 9 2078 1
212 24 202 9 2440 1
213 44 195 11 2179 1
214 119 202 21 5683 1
215 7 195 10 2510 1
216 42 210 21 4839 1
217 83 210 21 4839 1
218 16 195 17 4105 1
219 44 210 10 2156 1
220 6 190 9 2289 1
221 5 178 9 1895 1
222 8 151 7 579 1
223 16 187 23 4212 1
224 6 199 14 3505 1
225 29 181 12 3243 1
226 7 178 10 1932 1
227 7 170 11 1953 1
228 43 190 7 1158 1
229 85 190 7 1158 1
230 43 177 12 2855 1
231 85 177 12 2855 1
232 127 177 12 2855 1
233 44 187 19 4433 1
234 44 205 17 4062 1
235 87 205 17 4062 1
236 44 195 47 8293 1
237 59 167 26 5718 1
238 6 197 8 946 1
239 44 177 4 820 1
240 2 171 20 4509 1
241 8 161 19 1650 1
242 15 161 19 1650 1
243 22 161 19 1650 1
244 42 190 4 957 1
245 44 210 38 10032 1
246 87 210 38 10032 1
247 130 210 38 10032 1
248 6 195 6 704 1
249 55 199 14 4001 1
250 109 199 14 4001 1
251 5 167 18 1687 1
252 42 171 9 818 1
253 83 171 9 818 1
254 5 184 11 1594 1
255 7 204 9 2400 1
256 30 237 24 5734 1
257 28 212 20 5502 1
258 47 212 18 2883 1
259 30 216 22 3998 1
260 30 220 9 1252 1
261 59 220 9 1252 1
262 56 228 31 7970 1
263 56 222 22 4736 1
264 8 220 24 7915 1
265 5 222 21 4512 1
266 31 230 14 2659 1
267 87 237 8 1042 1
268 173 237 8 1042 1
269 42 212 16 3927 1
270 60 242 25 4662 1
271 67 220 10 3025 1
272 133 220 10 3025 1
273 47 216 25 6673 1
274 29 225 19 5097 1
275 116 221 18 2428 1
276 36 230 18 2310 1
277 13 242 12 3564 1
278 54 228 13 2207 1
279 31 216 15 2378 1
280 52 225 12 3411 1
281 44 225 13 3238 1
282 40 237 18 4375 1
283 79 237 18 4375 1
284 30 245 16 3736 1
285 12 225 10 2832 1
286 48 221 24 2840 1
287 44 237 16 5495 1
288 87 237 16 5495 1
289 91 221 20 2741 1
290 53 228 8 1130 1
291 54 244 12 3603 1
292 54 244 12 3466 1
293 32 216 52 7470 1
294 30 221 22 5983 1
295 45 237 15 4143 1
296 56 242 23 8319 1
297 111 242 23 8319 1
298 69 243 37 5113 1
299 29 220 18 2392 1
300 29 242 27 4441 1
301 57 242 27 4441 1
302 51 245 26 4616 1
303 66 225 33 10933 1
304 29 245 26 5674 1
305 31 225 17 4154 1
306 51 244 15 4162 1
307 34 222 17 5631 1
308 103 221 25 6489 1
309 56 243 14 3569 1
310 27 225 25 3994 1
311 53 225 25 3994 1
312 57 244 29 10336 1
313 113 244 29 10336 1
314 7 222 26 5690 1
315 6 225 7 1027 1
316 8 221 17 3635 1
317 15 221 17 3635 1
318 55 221 16 2009 1
319 29 228 23 5433 1
320 53 216 14 1914 1
321 105 216 14 1914 1
322 13 212 20 2503 1
323 48 245 23 4879 1
324 95 245 23 4879 1
325 38 244 14 3850 1
326 97 230 37 4430 1
327 193 230 37 4430 1
328 28 230 16 2099 1
329 36 244 12 2558 1
330 14 228 15 2995 1
331 70 242 14 4541 1
332 10 237 13 4108 1
333 12 216 33 4712 1
334 8 220 21 5644 1
335 30 212 15 4631 1
336 59 212 15 4631 1
337 60 225 26 6658 1
338 42 212 12 2700 1
339 44 220 9 1628 1
340 87 220 9 1628 1
341 31 245 16 5532 1
342 27 230 32 7796 1
343 43 228 15 3135 1
344 41 245 12 1620 1
345 81 245 12 1620 1
346 43 225 23 5525 1
347 30 216 24 2654 1
348 30 242 22 7563 1
349 52 237 11 3518 1
350 103 237 11 3518 1
351 51 237 18 2604 1
352 56 216 18 5744 1
353 31 222 6 733 1
354 61 222 6 733 1
355 31 228 8 1281 1
356 57 244 18 4277 1
357 56 242 26 6003 1
358 59 244 12 3430 1
359 117 244 12 3430 1
360 129 220 50 6942 1
361 60 242 11 1956 1
362 29 220 7 1782 1
363 46 244 26 7382 1
364 110 220 7 2239 1
365 30 225 13 4162 1
366 54 225 27 5176 1
367 57 216 17 3008 1
368 30 237 35 4827 1
369 31 239 26 4122 1
370 29 222 21 3867 1
371 53 243 8 2280 1
372 105 243 8 2280 1
373 44 228 14 2303 1
374 56 222 14 1680 1
375 7 221 17 2310 1
376 36 239 20 3127 1
377 10 245 11 1825 1
378 57 220 23 6938 1
379 113 220 23 6938 1
380 17 230 17 2041 1
381 96 220 14 3667 1
382 32 239 23 2948 1
383 57 230 23 7221 1
384 44 212 18 2452 1
385 43 245 34 10495 1
386 15 239 20 5924 1
387 43 221 28 5193 1
388 43 244 10 2275 1
389 56 237 17 5329 1
390 10 237 8 2479 1
391 105 245 11 2407 1
392 58 228 13 2726 1
393 17 221 17 5192 1
394 43 244 19 6383 1
395 59 212 20 3180 1
396 56 245 10 1262 1
397 111 245 10 1262 1
398 166 245 10 1262 1
399 221 245 10 1262 1
400 104 225 13 4340 1
401 56 228 13 4308 1
402 7 228 9 2321 1
403 13 228 9 2321 1
404 54 244 14 3676 1
405 37 243 8 2018 1
406 31 244 12 3672 1
407 26 258 2 564 1
408 51 258 2 564 1
409 36 261 21 4383 1
410 58 275 9 3477 1
411 44 264 8 1573 1
412 29 277 25 5343 1
413 30 277 21 5326 1
414 59 277 21 5326 1
415 30 258 13 4636 1
416 43 264 9 3523 1
417 29 275 1 203 1
418 37 275 15 5705 1
419 146 260 16 3357 1
420 29 264 23 4469 1
421 96 270 24 6420 1
422 33 255 28 7409 1
423 20 277 17 3614 1
424 35 277 11 1619 1
425 17 277 15 5016 1
426 44 255 30 7821 1
427 57 276 17 6332 1
428 113 276 17 6332 1
429 27 274 19 5124 1
430 53 274 19 5124 1
431 98 262 7 1794 1
432 43 268 16 6222 1
433 36 265 12 2619 1
434 71 265 12 2619 1
435 106 265 12 2619 1
436 36 273 9 3172 1
437 51 260 20 7080 1
438 44 262 9 2803 1
439 23 259 12 3134 1
440 25 276 14 5088 1
441 22 265 11 3589 1
442 43 265 11 3589 1
443 28 264 22 7852 1
444 30 257 21 7770 1
445 99 261 22 5475 1
446 106 277 11 2527 1
447 45 267 29 7017 1
448 89 267 29 7017 1
449 36 255 16 3226 1
450 44 275 17 2632 1
451 87 275 17 2632 1
452 30 274 17 6201 1
453 15 275 16 3175 1
454 30 268 17 6666 1
455 90 255 12 2986 1
456 29 255 21 7489 1
457 44 265 26 9002 1
458 43 276 19 5411 1
459 89 270 10 2248 1
460 177 270 10 2248 1
461 30 270 17 6414 1
462 44 259 14 4135 1
463 40 275 14 2581 1
464 43 261 12 2456 1
465 43 273 17 6306 1
466 100 255 21 4425 1
467 37 267 10 1932 1
468 36 259 10 1526 1
469 98 274 26 6030 1
470 195 274 26 6030 1
471 30 260 15 5370 1
472 94 246 17 3278 1
473 51 260 19 2477 1
474 50 265 14 3856 1
475 30 257 15 5164 1
476 51 273 12 2283 1
477 90 268 10 1578 1
478 30 268 22 7225 1
479 51 262 21 3787 1
480 51 268 13 3898 1
481 30 255 6 1766 1
482 48 265 13 4938 1
483 36 274 15 2416 1
484 50 257 12 3803 1
485 37 255 20 6928 1
486 24 273 23 8724 1
487 37 268 9 2860 1
488 73 268 9 2860 1
489 91 262 18 4485 1
490 84 255 12 3508 1
491 167 255 12 3508 1
492 30 265 14 5112 1
493 59 265 14 5112 1
494 28 261 1 334 1
495 34 246 23 7402 1
496 53 273 8 3225 1
497 105 273 8 3225 1
498 157 273 8 3225 1
499 30 265 21 6730 1
500 43 259 19 4765 1
501 26 261 1 138 1
502 44 257 14 3204 1
503 50 264 21 7707 1
504 19 259 20 6512 1
505 43 277 9 2550 1
506 66 273 12 4909 1
507 58 273 20 4009 1
508 51 270 24 7366 1
509 50 276 16 5555 1
510 93 265 28 8213 1
511 185 265 28 8213 1
512 37 273 17 3064 1
513 36 259 22 4610 1
514 93 262 14 4514 1
515 52 262 13 3690 1
516 30 262 12 4067 1
517 50 267 10 2737 1
518 30 262 15 3673 1
519 58 276 20 4865 1
520 49 260 13 4379 1
521 97 260 13 4379 1
522 44 260 12 2198 1
523 14 276 24 7051 1
524 43 260 7 1745 1
525 58 246 25 9028 1
526 50 268 11 4187 1
527 51 257 18 2407 1
528 101 257 18 2407 1
529 36 259 3 1157 1
530 30 277 20 7286 1
531 36 257 14 3287 1
532 29 268 20 5942 1
533 57 268 20 5942 1
534 85 268 20 5942 1
535 102 273 19 7431 1
536 30 258 16 3268 1
537 59 258 16 3268 1
538 26 274 11 2242 1
539 37 257 32 11660 1
540 30 259 19 3001 1
541 59 259 19 3001 1
542 77 258 13 2048 1
543 29 275 11 2238 1
544 7 276 11 3561 1
545 44 255 14 4705 1
546 43 261 16 4537 1
547 36 259 19 6539 1
548 71 259 19 6539 1
549 38 275 9 3534 1
550 29 261 13 1772 1
551 85 265 16 2573 1
552 16 267 22 4861 1
553 48 262 16 5738 1
554 95 262 16 5738 1
555 44 262 30 9485 1
556 29 262 23 5000 1
557 51 270 20 3154 1
558 33 261 23 6906 1
559 51 246 16 3019 1
560 102 273 23 6653 1
561 34 262 9 3212 1
562 67 262 9 3212 1
563 30 274 33 5722 1
564 36 276 7 1071 1
565 29 260 4 604 1
566 38 246 18 4305 1
567 37 258 5 778 1
568 94 267 21 2842 1
569 187 267 21 2842 1
570 29 275 7 1132 1
571 30 276 20 3078 1
572 58 260 17 3182 1
573 35 273 9 3622 1
574 19 255 24 8866 1
575 106 267 20 6746 1
576 85 276 20 3212 1
577 18 274 22 8923 1
578 29 267 27 10127 1
579 57 276 22 3917 1
580 98 276 17 2350 1
581 57 262 22 7633 1
582 20 260 16 2331 1
583 30 258 12 3098 1
584 37 264 20 4421 1
585 82 277 15 3024 1
586 34 273 13 2100 1
587 67 273 13 2100 1
588 44 274 27 8943 1
589 62 300 27 5956 1
590 36 294 30 5765 1
591 29 291 23 9115 1
592 31 278 12 2002 1
593 38 285 19 5416 1
594 58 278 17 3998 1
595 27 300 15 5572 1
596 53 300 15 5572 1
597 155 282 12 5076 1
598 34 284 16 6662 1
599 57 286 9 3820 1
600 57 300 16 2483 1
601 113 300 16 2483 1
602 12 299 16 3998 1
603 32 279 22 8234 1
604 44 279 10 3922 1
605 56 278 19 3455 1
606 111 278 19 3455 1
607 56 286 17 3794 1
608 111 286 17 3794 1
609 57 294 11 3712 1
610 58 279 21 5740 1
611 30 281 19 5163 1
612 53 300 35 11144 1
613 58 293 8 3466 1
614 115 293 8 3466 1
615 56 285 9 2786 1
616 42 286 21 3390 1
617 31 294 11 3418 1
618 30 291 27 7580 1
619 59 291 27 7580 1
620 88 291 27 7580 1
621 43 299 11 1737 1
622 205 281 21 3373 1
623 30 284 17 4950 1
624 59 284 17 4950 1
625 96 291 20 7076 1
626 191 291 20 7076 1
627 45 293 16 6769 1
628 29 284 20 7674 1
629 57 284 20 7674 1
630 85 284 20 7674 1
631 34 291 19 6720 1
632 67 291 19 6720 1
633 45 291 10 2488 1
634 73 279 20 4319 1
635 34 292 11 1796 1
636 30 278 11 3842 1
637 57 286 7 1568 1
638 113 286 7 1568 1
639 112 299 21 7044 1
640 121 285 16 5683 1
641 18 281 12 2377 1
642 96 300 11 2489 1
643 191 300 11 2489 1
644 286 300 11 2489 1
645 31 284 12 2226 1
646 8 286 26 10238 1
647 43 284 17 5983 1
648 58 284 9 2595 1
649 57 284 10 1991 1
650 58 292 23 5812 1
651 115 292 23 5812 1
652 37 292 11 3288 1
653 29 279 11 1920 1
654 57 279 11 1920 1
655 28 293 14 3278 1
656 55 293 14 3278 1
657 58 285 7 1261 1
658 115 285 7 1261 1
659 103 285 21 6407 1
660 43 299 14 2654 1
661 57 279 19 5215 1
662 58 285 7 2695 1
663 56 285 14 5969 1
664 165 292 10 2202 1
665 44 286 17 4573 1
666 29 294 13 2600 1
667 58 291 12 4923 1
668 66 284 13 1927 1
669 57 278 16 2944 1
670 57 285 28 8730 1
671 113 285 28 8730 1
672 44 294 10 3624 1
673 14 291 33 6146 1
674 58 292 7 2253 1
675 29 281 8 1249 1
676 58 281 9 1740 1
677 57 284 17 5377 1
678 56 284 11 2189 1
679 57 291 9 3003 1
680 43 291 40 11315 1
681 37 279 18 7051 1
682 42 286 9 1333 1
683 59 291 13 2975 1
684 57 284 22 8122 1
685 58 279 11 2947 1
686 58 292 14 5281 1
687 57 293 10 2062 1
688 57 300 18 6751 1
689 58 291 22 8183 1
690 53 284 22 9115 1
691 34 299 25 6053 1
692 58 291 20 2958 1
693 57 286 27 7796 1
694 113 286 27 7796 1
695 29 300 14 2872 1
696 94 282 34 9439 1
697 29 300 31 9093 1
698 154 282 20 7172 1
699 56 282 17 3991 1
700 111 282 17 3991 1
701 29 286 28 6747 1
702 220 300 16 4915 1
703 9 291 16 5934 1
704 44 279 14 2898 1
705 59 285 13 4257 1
706 23 278 19 5022 1
707 45 278 19 5022 1
708 95 278 7 2020 1
709 58 278 14 5512 1
710 68 294 18 4535 1
711 58 281 24 8058 1
712 28 279 9 2220 1
713 59 279 16 5092 1
714 94 286 13 4846 1
715 37 294 46 9533 1
716 73 294 46 9533 1
717 57 292 24 3651 1
718 113 292 24 3651 1
719 53 293 18 6472 1
720 29 278 12 3754 1
721 38 285 24 9070 1
722 57 292 13 3809 1
723 118 294 19 3870 1
724 67 291 21 5790 1
725 30 281 11 3306 1
726 10 291 7 2874 1
727 28 285 9 2694 1
728 43 278 8 1813 1
729 85 279 16 2511 1
730 15 291 10 3032 1
731 29 291 10 3032 1
732 43 291 10 3032 1
733 154 299 14 3742 1
734 30 285 13 4436 1
735 99 278 16 5889 1
736 57 300 18 7876 1
737 59 278 15 3467 1
738 65 281 17 5716 1
739 43 278 12 2598 1
740 37 282 23 7637 1
741 43 278 14 2796 1
742 85 278 14 2796 1
743 32 286 15 5370 1
744 63 286 15 5370 1
745 85 284 12 3446 1
746 29 281 12 4297 1
747 30 292 20 7919 1
748 58 284 17 5017 1
749 115 284 17 5017 1
750 50 303 14 4988 1
751 37 335 14 6512 1
752 123 304 8 1504 1
753 52 336 23 6753 1
754 37 336 11 2504 1
755 50 363 20 10242 1
756 115 366 18 4018 1
757 36 365 33 10294 1
758 54 363 16 7578 1
759 16 331 11 5122 1
760 94 368 14 6654 1
761 50 303 16 5438 1
762 88 318 27 9205 1
763 57 337 24 5403 1
764 50 335 14 6625 1
765 14 304 25 10049 1
766 84 368 36 17570 1
767 16 365 12 3158 1
768 14 363 32 11073 1
769 57 366 58 18673 1
770 58 331 14 3172 1
771 13 335 28 5186 1
772 15 336 19 6830 1
773 56 305 26 7694 1
774 57 324 17 4040 1
775 113 324 17 4040 1
776 169 324 17 4040 1
777 57 338 34 12830 1
778 56 366 76 40120 1
779 88 316 26 8305 1
780 15 336 14 2926 1
781 114 334 17 5697 1
782 92 304 13 3737 1
783 56 335 28 5826 1
784 79 332 25 11668 1
785 57 337 18 7227 1
786 126 323 18 7722 1
787 16 349 32 15748 1
788 78 349 27 13655 1
789 16 316 28 4518 1
790 78 332 20 6838 1
791 155 332 20 6838 1
792 232 332 20 6838 1
793 309 332 20 6838 1
794 78 334 14 7010 1
795 155 334 14 7010 1
796 36 305 16 4064 1
797 58 303 15 5730 1
798 56 337 21 7261 1
799 74 332 46 12675 1
800 14 323 35 15401 1
801 27 323 35 15401 1
802 78 364 29 5921 1
803 13 364 21 10682 1
804 58 303 20 7608 1
805 57 332 26 4893 1
806 113 332 26 4893 1
807 79 334 21 5175 1
808 50 338 35 9792 1
809 99 338 35 9792 1
810 78 335 28 4883 1
811 69 305 18 5995 1
812 13 324 16 6469 1
813 15 368 23 11339 1
814 51 349 9 4577 1
815 15 316 24 6711 1
816 73 363 28 10998 1
817 78 324 27 11152 1
818 73 365 11 4222 1
819 50 349 38 11906 1
820 71 318 54 22245 1
821 58 303 14 4760 1
822 115 303 14 4760 1
823 51 333 30 11851 1
824 101 333 30 11851 1
825 151 333 30 11851 1
826 201 333 30 11851 1
827 58 337 19 3677 1
828 74 334 24 7584 1
829 17 323 13 5030 1
830 115 323 26 10939 1
831 77 338 20 8926 1
832 50 338 29 5201 1
833 114 336 22 9064 1
834 111 304 17 3726 1
835 80 349 23 8784 1
836 15 349 23 5461 1
837 109 333 13 4521 1
838 62 331 35 7634 1
839 58 332 25 4769 1
840 73 336 21 6202 1
841 94 366 24 5801 1
842 73 332 29 8910 1
843 56 332 24 8999 1
844 106 349 21 10915 1
845 88 334 29 5182 1
846 79 304 23 4086 1
847 79 334 12 5594 1
848 157 334 12 5594 1
849 57 366 27 13455 1
850 57 338 30 5986 1
851 113 338 30 5986 1
852 116 331 15 3611 1
853 50 366 32 15031 1
854 129 332 10 1733 1
855 15 338 26 12465 1
856 60 331 19 5290 1
857 50 331 23 4643 1
858 73 365 12 2566 1
859 51 303 28 7478 1
860 101 303 28 7478 1
861 36 304 25 8441 1
862 87 336 12 4080 1
863 56 324 17 5944 1
864 72 338 22 8018 1
865 79 338 26 7901 1
866 57 368 24 10285 1
867 79 316 24 5336 1
868 77 304 16 6799 1
869 37 364 16 5059 1
870 57 365 27 8121 1
871 119 363 23 10455 1
872 105 338 25 11934 1
873 35 349 48 23952 1
874 51 303 25 6983 1
875 79 365 52 18460 1
876 58 316 18 4149 1
877 50 368 24 5914 1
878 58 335 25 8869 1
879 73 333 26 9544 1
880 78 332 25 8171 1
881 95 318 18 3828 1
882 36 332 13 2908 1
883 24 331 36 11654 1
884 90 363 14 2926 1
885 14 303 17 3262 1
886 117 363 21 11208 1
887 233 363 21 11208 1
888 349 363 21 11208 1
889 88 303 29 13056 1
890 60 316 32 9988 1
891 14 337 24 10433 1
892 36 305 12 2959 1
893 80 365 22 4636 1
894 13 332 19 7823 1
895 111 334 26 7067 1
896 74 334 21 6986 1
897 117 337 19 8169 1
898 78 336 27 6165 1
899 58 337 24 10215 1
900 51 349 21 6861 1
901 58 349 53 12037 1
902 93 349 38 9200 1
903 123 364 44 15179 1
904 74 316 31 8133 1
905 58 316 20 4658 1
906 14 366 43 18981 1
907 58 316 15 5412 1
908 79 368 18 4331 1
909 58 305 32 8490 1
910 115 305 32 8490 1
911 76 333 16 5093 1
912 37 335 25 9751 1
913 51 368 48 19454 1
914 78 303 34 7629 1
915 121 334 12 5179 1
916 79 335 18 6815 1
917 74 338 35 12361 1
918 78 337 40 10445 1
919 16 337 24 5013 1
920 31 337 24 5013 1
921 14 364 22 7410 1
922 51 331 12 3614 1
923 75 318 8 1619 1
924 107 335 14 6553 1
925 50 368 27 8152 1
926 79 336 18 8278 1
927 57 364 40 11075 1
928 78 305 25 11330 1
929 50 349 13 3205 1
930 16 368 23 5302 1
931 16 303 24 4532 1
932 36 365 9 2662 1
933 97 366 38 8419 1
934 58 365 41 9973 1
935 51 318 21 3947 1
936 76 337 23 7682 1
937 79 324 31 12513 1
938 157 324 31 12513 1
939 79 304 33 11712 1
940 61 349 23 5393 1
941 75 323 16 5494 1
942 79 337 21 5801 1
943 16 305 15 6328 1
944 58 331 43 13933 1
945 126 305 26 8031 1
946 15 332 19 5283 1
947 29 332 19 5283 1
948 118 303 8 3560 1
949 78 364 21 8545 1
950 114 364 22 6650 1
951 71 334 70 24330 1
952 78 364 28 10893 1
953 71 364 32 6384 1
954 78 368 26 6889 1
955 90 349 12 2935 1
956 50 335 13 5438 1
957 37 323 26 7900 1
958 79 338 21 6617 1
959 15 305 28 5310 1
960 93 316 14 5484 1
961 57 337 31 8862 1
962 113 337 31 8862 1
963 79 366 10 3638 1
964 51 331 14 4675 1
965 78 368 25 7438 1
966 58 334 20 7505 1
967 61 303 23 9015 1
968 58 305 27 8671 1
969 56 349 27 14096 1
970 34 332 13 4757 1
971 79 366 19 9864 1
972 57 334 21 4656 1
973 79 318 19 6236 1
974 38 332 42 16581 1
975 57 331 28 10275 1
976 50 316 21 4759 1
977 71 332 15 6247 1
978 78 334 25 7757 1
979 120 368 36 19820 1
980 239 368 36 19820 1
981 27 338 15 4864 1
982 83 332 31 13284 1
983 75 303 25 5239 1
984 14 335 21 7061 1
985 57 337 31 8798 1
986 79 318 37 7577 1
987 112 303 17 3030 1
988 57 333 15 5810 1
989 36 331 31 6211 1
990 79 396 39 10956 1
991 180 395 35 19072 1
992 79 396 25 13769 1
993 85 395 18 7821 1
994 104 398 29 7148 1
995 77 397 19 8153 1
996 87 399 35 20329 1
997 173 399 35 20329 1
998 259 399 35 20329 1
999 88 397 20 8571 1
1000 79 397 23 12320 1
1001 9 397 16 4100 1
1002 17 397 16 4100 1
1003 13 399 29 6000 1
1004 155 396 50 17595 1
1005 79 399 60 35210 1
1006 93 396 42 23760 1
1007 89 398 26 8155 1
1008 86 396 26 12280 1
1009 171 396 26 12280 1
1010 85 396 33 14993 1
1011 169 396 33 14993 1
1012 77 398 23 10939 1
1013 91 396 23 11928 1
1014 76 399 43 12419 1
1015 151 399 43 12419 1
1016 72 396 27 14798 1
1017 86 396 25 10507 1
1018 78 395 17 6125 1
1019 75 395 28 10117 1
1020 149 395 28 10117 1
1021 112 399 51 18223 1
1022 18 397 27 10776 1
1023 86 395 24 12934 1
1024 73 397 31 10343 1
1025 79 398 24 10953 1
1026 94 396 26 14251 1
1027 77 396 26 14465 1
1028 86 399 32 11378 1
1029 87 395 33 14314 1
1030 173 395 33 14314 1
1031 73 399 20 9334 1
1032 87 397 19 9730 1
1033 86 396 21 11230 1
1034 75 397 39 15914 1
1035 79 397 21 9653 1
1036 157 397 21 9653 1
14
503 620 807 620 700 205 255 700 700 700 700 700 200 460 