1036
1 10 129 20 2905 1
2 9 140 11 1066 1
3 7 132 28 3667 1
4 8 137 20 1718 1
5 9 125 5 660 1
6 17 125 5 660 1
7 23 125 30 3035 1
8 13 132 25 4442 1
9 21 129 15 1901 1
10 13 134 25 4034 1
11 22 132 24 4372 1
12 9 140 24 2899 1
13 8 137 12 1139 1
14 8 132 20 3352 1
15 15 132 20 3352 1
16 11 133 26 4858 1
17 21 133 26 4858 1
18 31 133 26 4858 1
19 29 118 11 1884 1
20 11 118 8 1005 1
21 34 129 6 1014 1
22 25 132 21 1826 1
23 3 132 4 764 1
24 9 134 19 3169 1
25 2 138 21 2769 1
26 2 138 9 1063 1
27 9 132 9 1720 1
28 20 133 11 1165 1
29 21 140 37 5981 1
30 2 132 27 2035 1
31 3 140 7 617 1
32 2 129 9 1450 1
33 10 134 14 2223 1
34 29 133 9 633 1
35 57 133 9 633 1
36 85 133 9 633 1
37 113 133 9 633 1
38 27 118 4 677 1
39 53 118 4 677 1
40 8 118 19 1564 1
41 7 134 11 1417 1
42 16 137 71 4986 1
43 8 138 8 725 1
44 19 133 13 1586 1
45 8 132 16 2450 1
46 15 132 16 2450 1
47 7 118 14 2399 1
48 15 137 11 1185 1
49 29 137 11 1185 1
50 43 137 11 1185 1
51 57 137 11 1185 1
52 71 137 11 1185 1
53 85 137 11 1185 1
54 7 134 19 3488 1
55 18 138 7 622 1
56 22 132 19 3356 1
57 43 132 19 3356 1
58 8 125 9 1618 1
59 18 138 5 503 1
60 9 137 8 624 1
61 17 137 8 624 1
62 8 140 8 1166 1
63 15 140 8 1166 1
64 22 140 8 1166 1
65 29 140 8 1166 1
66 36 140 8 1166 1
67 43 140 8 1166 1
68 50 140 8 1166 1
69 15 133 10 1931 1
70 13 118 6 652 1
71 30 132 18 2207 1
72 9 134 13 1002 1
73 23 125 45 5603 1
74 45 125 45 5603 1
75 67 125 45 5603 1
76 17 137 3 293 1
77 12 134 4 703 1
78 8 118 12 927 1
79 15 118 12 927 1
80 7 125 11 749 1
81 9 132 11 1530 1
82 17 132 11 1530 1
83 22 140 17 2354 1
84 16 129 6 567 1
85 31 129 6 567 1
86 46 129 6 567 1
87 12 137 16 1326 1
88 33 134 20 1655 1
89 21 133 17 2607 1
90 8 133 3 572 1
91 8 132 16 2118 1
92 28 133 9 802 1
93 2 125 8 517 1
94 8 125 21 3477 1
95 9 129 29 2903 1
96 2 125 9 930 1
97 9 140 3 535 1
98 57 138 10 1824 1
99 9 133 13 2382 1
100 8 137 5 935 1
101 8 140 11 1828 1
102 44 207 4 454 1
103 19 178 14 3249 1
104 23 210 28 4271 1
105 45 203 15 4188 1
106 44 207 15 2326 1
107 87 207 15 2326 1
108 130 207 15 2326 1
109 43 204 15 2891 1
110 85 204 15 2891 1
111 43 204 16 4836 1
112 19 170 5 733 1
113 7 188 12 1542 1
114 38 171 10 1432 1
115 18 210 21 2435 1
116 5 194 25 3851 1
117 9 194 25 3851 1
118 16 184 26 3307 1
119 25 188 7 749 1
120 39 188 29 8152 1
121 25 203 19 1966 1
122 43 184 18 2982 1
123 85 184 18 2982 1
124 24 190 23 3529 1
125 47 190 23 3529 1
126 44 149 7 1285 1
127 43 184 9 1993 1
128 5 167 7 1157 1
129 6 171 4 819 1
130 44 195 27 4001 1
131 87 195 27 4001 1
132 130 195 27 4001 1
133 173 195 27 4001 1
134 43 167 43 7953 1
135 251 161 8 1653 1
136 6 199 10 2308 1
137 6 197 17 3960 1
138 43 195 16 1730 1
139 19 171 17 2116 1
140 20 202 11 2959 1
141 39 202 11 2959 1
142 16 161 6 996 1
143 31 161 6 996 1
144 46 161 6 996 1
145 21 208 11 3365 1
146 45 151 19 1684 1
147 43 184 17 3985 1
148 85 184 17 3985 1
149 127 184 17 3985 1
150 15 151 18 2140 1
151 251 161 6 988 1
152 133 187 49 5357 1
153 44 187 19 3328 1
154 87 187 19 3328 1
155 21 171 22 2173 1
156 43 171 6 1364 1
157 85 171 6 1364 1
158 19 194 17 1653 1
159 44 190 25 4366 1
160 15 178 9 1046 1
161 45 184 24 4981 1
162 89 184 24 4981 1
163 16 188 25 5334 1
164 14 202 15 3350 1
165 27 202 15 3350 1
166 56 167 10 1414 1
167 43 177 6 923 1
168 85 177 6 923 1
169 43 178 6 1201 1
170 44 202 32 8746 1
171 87 202 32 8746 1
172 43 161 9 886 1
173 16 184 3 381 1
174 43 194 14 3648 1
175 18 208 11 1537 1
176 42 199 23 3195 1
177 44 177 3 295 1
178 43 199 19 5141 1
179 43 194 29 4233 1
180 31 203 12 2722 1
181 61 203 12 2722 1
182 15 188 6 813 1
183 18 205 46 5732 1
184 15 177 24 3896 1
185 29 177 24 3896 1
186 28 181 22 4904 1
187 14 202 11 2463 1
188 27 202 11 2463 1
189 40 202 11 2463 1
190 46 170 9 963 1
191 3 177 22 5323 1
192 5 177 22 5323 1
193 7 178 20 4989 1
194 44 204 5 1285 1
195 18 204 16 4602 1
196 35 204 16 4602 1
197 22 207 26 5916 1
198 44 199 65 11777 1
199 7 151 5 869 1
200 44 170 9 1231 1
201 44 149 13 2670 1
202 44 151 23 4205 1
203 87 151 23 4205 1
204 130 151 23 4205 1
205 173 151 23 4205 1
206 18 208 29 5179 1
207 37 187 21 2326 1
208 73 187 21 2326 1
209 109 187 21 2326 1
210 21 205 16 4531 1
211 27 194 11 1335 1
212 17 199 10 2000 1
213 44 170 18 4358 1
214 87 170 18 4358 1
215 19 149 15 1656 1
216 44 151 12 2167 1
217 87 151 12 2167 1
218 43 195 16 2039 1
219 6 178 11 1916 1
220 43 151 6 1103 1
221 85 151 6 1103 1
222 127 151 6 1103 1
223 169 151 6 1103 1
224 44 204 29 4008 1
225 87 204 29 4008 1
226 43 190 24 5629 1
227 43 208 10 1224 1
228 85 208 10 1224 1
229 7 194 13 2578 1
230 13 194 13 2578 1
231 18 151 72 12345 1
232 45 151 14 3043 1
233 18 171 10 2384 1
234 43 194 17 3839 1
235 85 194 17 3839 1
236 43 210 16 2404 1
237 22 177 13 3274 1
238 19 205 19 1993 1
239 37 205 19 1993 1
240 17 204 26 6989 1
241 43 195 17 4236 1
242 21 171 13 2866 1
243 17 149 14 1411 1
244 14 167 19 2624 1
245 46 171 15 2086 1
246 16 149 13 1733 1
247 42 203 12 1299 1
248 5 181 23 2487 1
249 45 195 11 1595 1
250 43 197 9 2115 1
251 85 197 9 2115 1
252 127 197 9 2115 1
253 169 197 9 2115 1
254 211 197 9 2115 1
255 185 187 14 3766 1
256 45 220 33 8742 1
257 56 220 17 2010 1
258 27 221 23 4781 1
259 52 212 34 5585 1
260 29 228 12 2885 1
261 55 222 22 5936 1
262 109 222 22 5936 1
263 14 239 15 4173 1
264 44 244 20 5298 1
265 44 237 36 4362 1
266 28 243 11 2745 1
267 27 244 18 5166 1
268 53 244 18 5166 1
269 90 245 25 7507 1
270 58 239 12 3218 1
271 58 237 14 2948 1
272 59 244 39 10785 1
273 110 225 42 10916 1
274 49 242 24 4392 1
275 97 242 24 4392 1
276 145 242 24 4392 1
277 34 242 17 3431 1
278 56 221 15 4840 1
279 7 221 14 3950 1
280 13 222 5 659 1
281 43 216 19 2383 1
282 85 216 19 2383 1
283 43 243 15 4217 1
284 11 212 19 2254 1
285 56 228 10 1148 1
286 95 230 13 1711 1
287 12 225 35 9433 1
288 46 244 5 1625 1
289 36 225 14 4135 1
290 36 216 32 3859 1
291 28 222 16 4245 1
292 56 245 20 7346 1
293 57 239 20 6925 1
294 28 212 24 2970 1
295 29 230 11 2059 1
296 97 225 18 4524 1
297 31 220 27 7552 1
298 40 228 18 3023 1
299 30 220 38 6002 1
300 59 220 38 6002 1
301 88 220 38 6002 1
302 59 244 13 4555 1
303 31 244 18 2983 1
304 61 244 18 2983 1
305 31 220 9 1532 1
306 54 212 20 3766 1
307 57 225 19 5407 1
308 9 237 22 4507 1
309 44 237 47 9909 1
310 87 237 47 9909 1
311 8 243 17 4911 1
312 42 237 20 6076 1
313 63 242 24 7567 1
314 52 216 18 4160 1
315 31 216 37 11254 1
316 45 212 19 4999 1
317 60 245 39 11318 1
318 20 245 36 7427 1
319 67 222 55 6744 1
320 29 239 38 11447 1
321 57 239 38 11447 1
322 94 228 11 2948 1
323 187 228 11 2948 1
324 108 239 18 3500 1
325 29 244 12 3139 1
326 44 212 7 2003 1
327 44 230 11 1655 1
328 20 239 13 2690 1
329 51 212 10 1710 1
330 101 212 10 1710 1
331 56 237 16 5377 1
332 111 237 16 5377 1
333 28 212 14 3890 1
334 55 212 14 3890 1
335 14 244 24 7597 1
336 63 244 16 4929 1
337 43 220 20 3886 1
338 44 222 22 5795 1
339 87 222 22 5795 1
340 130 222 22 5795 1
341 79 212 13 2673 1
342 43 237 11 2986 1
343 101 212 26 2972 1
344 44 245 20 5270 1
345 48 220 13 2670 1
346 95 220 13 2670 1
347 142 220 13 2670 1
348 44 237 19 5919 1
349 32 228 10 1973 1
350 9 244 22 3617 1
351 44 239 35 10556 1
352 43 228 10 1759 1
353 33 212 15 1993 1
354 65 212 15 1993 1
355 43 220 27 6397 1
356 97 243 22 6831 1
357 50 220 14 4396 1
358 13 212 14 3254 1
359 29 244 30 7386 1
360 100 230 13 3619 1
361 82 245 17 4809 1
362 163 245 17 4809 1
363 244 245 17 4809 1
364 12 245 18 5433 1
365 28 245 10 1810 1
366 55 245 10 1810 1
367 93 222 28 7767 1
368 48 244 17 4531 1
369 95 244 17 4531 1
370 54 220 26 6078 1
371 99 243 28 9279 1
372 18 212 19 4856 1
373 52 239 16 2645 1
374 30 242 10 1543 1
375 59 242 10 1543 1
376 88 242 10 1543 1
377 43 245 8 1339 1
378 52 244 11 1539 1
379 58 239 12 1879 1
380 115 239 12 1879 1
381 43 221 18 3025 1
382 61 225 9 3031 1
383 54 222 25 4777 1
384 107 222 25 4777 1
385 160 222 25 4777 1
386 114 242 5 1436 1
387 29 220 35 10164 1
388 47 228 25 2905 1
389 93 228 25 2905 1
390 139 228 25 2905 1
391 48 239 18 2821 1
392 30 230 8 2707 1
393 59 230 8 2707 1
394 57 242 27 3569 1
395 43 221 18 3582 1
396 32 212 10 1357 1
397 45 242 31 10504 1
398 89 242 31 10504 1
399 30 242 31 5953 1
400 59 242 31 5953 1
401 69 244 46 7487 1
402 53 220 10 1711 1
403 13 230 22 2859 1
404 21 242 14 4240 1
405 105 239 19 3129 1
406 92 225 28 9212 1
407 50 276 15 3878 1
408 100 277 5 884 1
409 29 270 10 1505 1
410 29 255 18 4633 1
411 57 255 18 4633 1
412 58 259 14 3493 1
413 15 267 10 3118 1
414 51 264 14 3729 1
415 37 270 20 6844 1
416 30 277 18 6430 1
417 30 277 19 4893 1
418 55 258 14 1893 1
419 94 275 13 4759 1
420 108 276 11 4091 1
421 52 265 5 1771 1
422 23 259 17 3668 1
423 43 270 19 7366 1
424 85 270 19 7366 1
425 29 264 14 3157 1
426 20 255 10 1498 1
427 39 255 10 1498 1
428 44 261 16 5686 1
429 55 264 18 5480 1
430 109 264 18 5480 1
431 46 273 12 2698 1
432 51 257 16 2663 1
433 30 274 2 494 1
434 29 268 8 1153 1
435 31 274 20 5524 1
436 13 273 17 6577 1
437 58 270 13 3063 1
438 37 264 8 3146 1
439 51 259 26 9431 1
440 50 270 22 8546 1
441 99 270 22 8546 1
442 29 246 10 1592 1
443 85 264 16 5872 1
444 51 273 20 5021 1
445 51 277 22 6694 1
446 30 264 13 4794 1
447 59 264 13 4794 1
448 5 270 13 3530 1
449 15 275 3 465 1
450 14 277 16 2682 1
451 30 277 18 2851 1
452 29 259 20 5328 1
453 43 259 15 3084 1
454 93 262 22 3501 1
455 31 262 29 7937 1
456 16 268 12 3761 1
457 37 267 10 2901 1
458 73 267 10 2901 1
459 50 257 14 2252 1
460 30 258 5 1650 1
461 59 258 5 1650 1
462 38 261 13 4874 1
463 75 261 13 4874 1
464 109 275 5 1961 1
465 102 267 29 9301 1
466 203 267 29 9301 1
467 304 267 29 9301 1
468 100 262 12 2018 1
469 36 267 12 1953 1
470 36 274 2 293 1
471 71 274 2 293 1
472 16 273 23 7938 1
473 43 276 22 7954 1
474 38 265 15 2844 1
475 44 276 18 5213 1
476 36 255 16 5943 1
477 43 262 23 7739 1
478 44 276 18 3348 1
479 37 268 27 7481 1
480 22 274 19 7681 1
481 43 274 19 7681 1
482 50 277 11 2250 1
483 36 265 21 6838 1
484 29 267 18 5119 1
485 30 264 16 4650 1
486 57 258 24 5441 1
487 36 270 24 7482 1
488 16 265 5 1887 1
489 37 276 25 6395 1
490 44 267 9 3434 1
491 87 267 9 3434 1
492 36 262 15 3904 1
493 13 276 31 6775 1
494 25 265 12 1773 1
495 30 258 21 3533 1
496 103 258 20 7591 1
497 85 255 21 4822 1
498 50 262 16 5833 1
499 27 274 15 4732 1
500 106 264 20 5805 1
501 36 274 22 4935 1
502 30 277 26 6348 1
503 15 270 19 4194 1
504 43 275 17 4782 1
505 99 246 22 3273 1
506 58 277 24 9580 1
507 40 255 20 6405 1
508 35 275 24 6035 1
509 38 264 18 4352 1
510 37 261 13 2952 1
511 51 265 17 2602 1
512 28 274 32 9273 1
513 52 257 20 5133 1
514 36 275 15 3132 1
515 71 275 15 3132 1
516 25 265 14 3280 1
517 49 265 14 3280 1
518 70 246 17 2376 1
519 90 260 6 2064 1
520 51 277 39 16014 1
521 44 275 7 2436 1
522 97 277 11 4041 1
523 57 274 25 7773 1
524 59 270 13 2837 1
525 117 270 13 2837 1
526 30 273 13 1999 1
527 56 267 32 11013 1
528 44 276 22 3839 1
529 36 246 17 3059 1
530 29 258 12 3958 1
531 36 255 19 2683 1
532 43 259 23 4088 1
533 164 276 27 8857 1
534 44 246 23 7265 1
535 97 268 6 1928 1
536 57 257 10 1355 1
537 58 277 12 2005 1
538 50 275 16 6486 1
539 41 264 4 1383 1
540 60 260 5 1142 1
541 31 276 49 13778 1
542 37 275 21 7833 1
543 37 264 28 4847 1
544 87 270 31 7801 1
545 30 276 9 2003 1
546 30 276 19 7446 1
547 97 262 14 2920 1
548 193 262 14 2920 1
549 108 268 21 5348 1
550 60 262 9 1740 1
551 24 265 10 2219 1
552 94 268 20 3585 1
553 44 255 17 2329 1
554 35 277 36 9734 1
555 36 276 12 3691 1
556 35 265 16 2583 1
557 69 265 16 2583 1
558 51 277 21 8558 1
559 34 275 25 8599 1
560 87 275 6 1507 1
561 51 270 21 8151 1
562 50 277 10 1638 1
563 67 268 26 8943 1
564 11 273 22 8570 1
565 13 277 26 5499 1
566 50 265 11 3751 1
567 44 277 14 4519 1
568 43 273 13 2853 1
569 51 268 10 3910 1
570 52 257 13 2144 1
571 95 246 12 3462 1
572 57 268 23 4084 1
573 44 258 17 3936 1
574 87 258 17 3936 1
575 54 270 17 5997 1
576 36 268 7 1853 1
577 30 262 17 3519 1
578 43 270 20 4285 1
579 14 246 26 5454 1
580 27 246 26 5454 1
581 40 246 26 5454 1
582 44 259 20 5311 1
583 88 276 8 1381 1
584 53 275 14 3151 1
585 105 275 14 3151 1
586 29 276 11 4322 1
587 50 277 8 2111 1
588 15 264 22 4951 1
589 58 294 10 3134 1
590 115 294 10 3134 1
591 58 278 23 3316 1
592 30 286 32 5862 1
593 29 278 19 6305 1
594 28 299 10 3795 1
595 30 285 16 4865 1
596 58 293 15 4905 1
597 57 293 22 5323 1
598 113 293 22 5323 1
599 26 293 10 2424 1
600 98 291 17 3045 1
601 28 279 17 3509 1
602 55 279 17 3509 1
603 58 285 19 7638 1
604 21 286 17 3650 1
605 41 286 17 3650 1
606 59 278 29 6369 1
607 56 291 11 2557 1
608 57 292 18 4657 1
609 113 292 18 4657 1
610 169 292 18 4657 1
611 139 292 8 2046 1
612 15 281 28 11207 1
613 60 300 11 2743 1
614 29 299 15 6516 1
615 59 281 9 1287 1
616 60 292 10 1522 1
617 57 294 15 5884 1
618 113 294 15 5884 1
619 58 279 21 7666 1
620 57 292 14 3730 1
621 113 292 14 3730 1
622 169 292 14 3730 1
623 42 291 21 3935 1
624 29 299 23 5813 1
625 43 293 15 6300 1
626 85 293 15 6300 1
627 103 299 12 2623 1
628 28 292 6 1932 1
629 57 291 25 8518 1
630 113 279 21 4979 1
631 56 291 18 5185 1
632 57 300 15 2463 1
633 3 282 15 3702 1
634 28 284 11 1603 1
635 81 278 15 3615 1
636 28 282 21 7068 1
637 43 282 23 6916 1
638 31 300 15 4632 1
639 20 286 27 9302 1
640 29 282 15 2250 1
641 57 279 20 3123 1
642 113 279 20 3123 1
643 59 286 20 6319 1
644 117 286 20 6319 1
645 175 286 20 6319 1
646 233 286 20 6319 1
647 291 286 20 6319 1
648 105 286 15 2325 1
649 106 285 10 1628 1
650 56 281 15 3928 1
651 111 281 15 3928 1
652 18 299 23 6091 1
653 30 293 15 3458 1
654 29 292 10 2208 1
655 212 294 17 4071 1
656 56 281 33 12077 1
657 15 279 10 2481 1
658 58 299 13 2532 1
659 115 299 13 2532 1
660 172 299 13 2532 1
661 58 294 17 5577 1
662 59 299 21 9094 1
663 58 292 17 3418 1
664 41 294 11 1696 1
665 56 282 17 5515 1
666 44 292 14 2254 1
667 58 285 10 3814 1
668 115 285 10 3814 1
669 172 285 10 3814 1
670 229 285 10 3814 1
671 30 278 15 4667 1
672 29 282 16 4519 1
673 105 292 16 5475 1
674 44 285 16 3862 1
675 18 286 12 2180 1
676 84 281 18 6939 1
677 56 286 13 4222 1
678 111 286 13 4222 1
679 43 286 15 2507 1
680 91 281 17 5062 1
681 49 294 15 4384 1
682 31 284 11 2093 1
683 24 292 10 1954 1
684 30 294 13 3837 1
685 29 299 8 2273 1
686 98 299 12 4743 1
687 29 293 24 5611 1
688 58 285 16 4413 1
689 43 278 7 1246 1
690 57 278 10 2046 1
691 113 278 10 2046 1
692 58 284 22 8836 1
693 59 294 30 10589 1
694 57 293 16 3336 1
695 31 293 25 9331 1
696 56 294 8 2771 1
697 32 291 10 3455 1
698 55 292 18 3802 1
699 109 292 18 3802 1
700 29 286 9 3581 1
701 57 286 9 3581 1
702 56 299 24 3739 1
703 57 291 16 3207 1
704 29 294 15 2715 1
705 57 294 15 2715 1
706 58 284 19 2866 1
707 57 294 26 7820 1
708 113 294 26 7820 1
709 169 294 26 7820 1
710 62 299 19 8232 1
711 123 299 19 8232 1
712 59 278 16 6050 1
713 56 299 31 9207 1
714 28 300 17 4536 1
715 55 300 17 4536 1
716 58 299 22 6099 1
717 115 299 22 6099 1
718 137 284 13 4260 1
719 31 293 17 6441 1
720 83 285 26 8167 1
721 64 279 15 6125 1
722 127 279 15 6125 1
723 37 279 16 3738 1
724 73 279 16 3738 1
725 98 284 12 2716 1
726 58 286 13 2129 1
727 77 286 64 23280 1
728 28 285 15 3138 1
729 57 294 49 20775 1
730 14 285 36 5943 1
731 29 300 10 3709 1
732 56 293 15 3814 1
733 111 293 15 3814 1
734 166 293 15 3814 1
735 69 285 10 3125 1
736 55 293 53 15239 1
737 29 278 25 6555 1
738 28 293 25 6890 1
739 29 300 11 2063 1
740 67 291 6 1916 1
741 133 291 6 1916 1
742 3 284 7 1640 1
743 56 281 16 6073 1
744 111 281 16 6073 1
745 39 291 23 5777 1
746 30 278 17 4589 1
747 59 278 17 4589 1
748 30 278 18 6228 1
749 59 278 18 6228 1
750 73 305 32 13434 1
751 113 332 27 10195 1
752 16 318 23 8521 1
753 58 331 20 8782 1
754 57 366 12 3231 1
755 36 304 17 2606 1
756 79 337 32 11915 1
757 157 337 32 11915 1
758 79 316 16 3224 1
759 37 305 24 5222 1
760 57 318 9 1849 1
761 113 318 9 1849 1
762 37 318 22 8111 1
763 73 318 22 8111 1
764 15 368 30 15275 1
765 58 338 35 8592 1
766 36 323 26 9801 1
767 78 365 28 5806 1
768 49 364 54 21011 1
769 57 318 25 10112 1
770 120 304 17 3375 1
771 79 336 33 5706 1
772 50 334 44 10837 1
773 58 303 23 5441 1
774 115 303 23 5441 1
775 78 332 29 13864 1
776 76 368 27 7916 1
777 61 338 30 6671 1
778 36 332 7 2546 1
779 71 332 7 2546 1
780 57 335 26 9217 1
781 71 349 21 10124 1
782 141 349 21 10124 1
783 74 363 40 8689 1
784 15 366 33 6141 1
785 76 333 22 7072 1
786 151 333 22 7072 1
787 37 337 25 6095 1
788 115 304 29 7813 1
789 75 304 22 8671 1
790 37 303 27 5960 1
791 58 335 21 5155 1
792 86 349 21 9164 1
793 57 363 12 2497 1
794 79 324 33 15188 1
795 57 363 26 9956 1
796 95 332 17 7351 1
797 51 338 67 18813 1
798 101 338 67 18813 1
799 79 337 21 6473 1
800 13 318 20 8789 1
801 78 368 21 4071 1
802 155 368 21 4071 1
803 78 337 13 5431 1
804 112 368 23 9810 1
805 80 349 41 20592 1
806 57 318 36 8164 1
807 79 332 33 13972 1
808 78 336 48 12453 1
809 15 335 41 16228 1
810 78 368 25 12710 1
811 78 303 20 3925 1
812 155 303 20 3925 1
813 232 303 20 3925 1
814 112 368 46 20142 1
815 223 368 46 20142 1
816 76 332 14 4281 1
817 58 331 14 2737 1
818 78 364 38 13621 1
819 37 336 15 3628 1
820 78 333 25 5182 1
821 79 337 20 4522 1
822 17 324 9 1839 1
823 50 334 25 10602 1
824 89 364 11 3037 1
825 36 365 23 6008 1
826 111 323 54 19910 1
827 90 368 18 8761 1
828 38 331 20 5859 1
829 79 332 35 7762 1
830 30 303 19 7535 1
831 85 316 9 3501 1
832 58 318 15 3752 1
833 113 333 19 5295 1
834 35 304 27 7984 1
835 69 304 27 7984 1
836 16 305 48 19462 1
837 36 333 27 4869 1
838 57 333 10 3580 1
839 113 333 10 3580 1
840 57 337 22 8088 1
841 57 304 18 4238 1
842 113 304 18 4238 1
843 37 368 24 4544 1
844 125 318 18 3539 1
845 38 331 16 6571 1
846 57 324 26 4801 1
847 113 365 16 3779 1
848 74 331 23 10095 1
849 36 304 28 6480 1
850 78 323 15 6158 1
851 75 349 27 12937 1
852 57 338 21 9397 1
853 113 338 21 9397 1
854 105 338 19 3465 1
855 73 331 16 4747 1
856 73 349 44 9803 1
857 51 336 24 10300 1
858 83 316 21 6091 1
859 80 368 27 9381 1
860 79 316 18 4635 1
861 51 336 38 16817 1
862 112 366 16 6058 1
863 79 303 12 2134 1
864 36 364 16 8548 1
865 72 366 61 30876 1
866 79 334 19 5544 1
867 120 368 30 15808 1
868 15 338 19 6812 1
869 29 338 19 6812 1
870 13 334 18 6143 1
871 79 364 11 5981 1
872 117 364 23 7789 1
873 233 364 23 7789 1
874 51 364 21 4362 1
875 108 364 29 11568 1
876 51 303 27 5648 1
877 101 303 27 5648 1
878 35 366 42 17129 1
879 59 368 24 9822 1
880 78 363 22 8246 1
881 75 305 36 14695 1
882 79 303 31 8455 1
883 15 363 15 5140 1
884 57 368 77 14772 1
885 78 336 28 6729 1
886 78 316 31 8180 1
887 15 366 32 16142 1
888 58 349 26 12637 1
889 15 304 19 5237 1
890 68 366 18 7998 1
891 78 332 20 3418 1
892 51 334 35 13348 1
893 51 331 25 7829 1
894 37 337 24 12038 1
895 79 368 23 7571 1
896 58 335 17 8293 1
897 79 365 15 3774 1
898 123 337 25 10035 1
899 58 336 19 6854 1
900 79 318 20 6985 1
901 50 364 19 4709 1
902 58 331 24 6308 1
903 79 365 23 9740 1
904 59 316 23 9741 1
905 57 336 38 11749 1
906 87 334 22 8395 1
907 79 332 33 6522 1
908 74 338 11 5401 1
909 147 338 11 5401 1
910 17 368 18 7503 1
911 108 336 17 8282 1
912 50 333 17 4135 1
913 58 316 23 5742 1
914 74 337 28 6762 1
915 75 324 23 3836 1
916 79 303 14 3086 1
917 57 364 38 17649 1
918 77 331 22 4592 1
919 50 338 26 6939 1
920 78 305 31 10668 1
921 155 305 31 10668 1
922 78 331 22 10240 1
923 85 335 21 4127 1
924 50 304 20 7497 1
925 78 337 20 3424 1
926 15 338 13 5874 1
927 106 305 10 4023 1
928 211 305 10 4023 1
929 56 337 21 5915 1
930 60 334 10 2220 1
931 92 316 18 5314 1
932 16 365 16 3267 1
933 79 316 28 6627 1
934 157 316 28 6627 1
935 235 316 28 6627 1
936 76 305 27 5253 1
937 13 363 10 2646 1
938 25 363 10 2646 1
939 37 363 10 2646 1
940 58 349 39 6839 1
941 57 323 19 8567 1
942 78 318 21 8662 1
943 13 338 20 6292 1
944 52 334 9 3061 1
945 72 334 23 6652 1
946 58 368 27 14012 1
947 78 335 34 7627 1
948 79 365 21 10527 1
949 36 316 21 8308 1
950 56 336 22 5119 1
951 111 336 22 5119 1
952 93 323 20 8404 1
953 204 335 21 6262 1
954 35 349 18 9240 1
955 77 336 17 7119 1
956 82 366 26 11369 1
957 94 304 39 9283 1
958 187 304 39 9283 1
959 51 364 43 22121 1
960 13 365 24 9308 1
961 78 303 14 2291 1
962 78 338 19 5669 1
963 51 364 32 12201 1
964 102 335 21 8846 1
965 57 368 32 12787 1
966 77 331 22 6539 1
967 16 324 32 10120 1
968 57 349 11 2113 1
969 36 336 32 14235 1
970 17 337 40 11131 1
971 33 337 40 11131 1
972 36 337 12 3856 1
973 71 337 12 3856 1
974 73 349 26 11062 1
975 53 324 18 8648 1
976 14 324 31 12647 1
977 7 366 39 18670 1
978 71 334 35 6461 1
979 107 337 23 11506 1
980 50 324 23 5473 1
981 57 331 21 8184 1
982 36 333 24 4950 1
983 89 364 18 6130 1
984 13 333 33 14876 1
985 25 333 33 14876 1
986 78 331 9 2409 1
987 79 323 18 3603 1
988 157 323 18 3603 1
989 79 332 16 4774 1
990 80 397 48 18429 1
991 159 397 48 18429 1
992 147 396 22 5738 1
993 90 396 30 13457 1
994 110 395 46 23469 1
995 90 399 28 7383 1
996 149 399 44 23414 1
997 297 399 44 23414 1
998 86 395 35 19176 1
999 79 399 31 15595 1
1000 86 395 27 8802 1
1001 171 395 27 8802 1
1002 93 397 36 15403 1
1003 79 395 45 10916 1
1004 90 399 34 12379 1
1005 85 396 26 13583 1
1006 94 399 36 16010 1
1007 88 395 26 12543 1
1008 79 396 42 10446 1
1009 78 398 27 11815 1
1010 79 397 53 23151 1
1011 87 395 43 22523 1
1012 173 395 43 22523 1
1013 183 395 50 14547 1
1014 76 396 35 17473 1
1015 151 396 35 17473 1
1016 79 397 37 8192 1
1017 157 397 37 8192 1
1018 80 398 16 5338 1
1019 159 398 16 5338 1
1020 80 395 43 24335 1
1021 78 396 52 23749 1
1022 178 396 18 8975 1
1023 85 396 21 11988 1
1024 169 396 21 11988 1
1025 87 399 34 10306 1
1026 94 395 20 9526 1
1027 79 399 24 5764 1
1028 110 399 46 14155 1
1029 80 399 26 9631 1
1030 79 395 41 22173 1
1031 78 398 23 4733 1
1032 155 398 23 4733 1
1033 232 398 23 4733 1
1034 309 398 23 4733 1
1035 386 398 23 4733 1
1036 85 397 24 6797 1
14
503 620 807 620 700 205 255 700 700 700 700 700 200 460 