1036
1 26 129 8 569 1
2 22 137 16 1116 1
3 2 132 9 1061 1
4 8 133 9 1558 1
5 23 125 89 13908 1
6 24 118 28 4499 1
7 47 118 28 4499 1
8 12 118 11 1063 1
9 21 129 24 3533 1
10 41 129 24 3533 1
11 22 137 10 924 1
12 43 137 10 924 1
13 64 137 10 924 1
14 85 137 10 924 1
15 106 137 10 924 1
16 12 134 15 2520 1
17 8 118 20 2506 1
18 23 132 7 922 1
19 9 118 8 1159 1
20 17 118 8 1159 1
21 25 118 8 1159 1
22 14 132 4 706 1
23 27 132 4 706 1
24 40 132 4 706 1
25 12 132 31 2366 1
26 9 133 14 1883 1
27 20 134 9 992 1
28 6 132 7 1232 1
29 11 132 7 1232 1
30 28 140 17 3182 1
31 28 140 6 500 1
32 55 140 6 500 1
33 82 140 6 500 1
34 109 140 6 500 1
35 136 140 6 500 1
36 8 133 7 1393 1
37 12 129 4 419 1
38 14 134 11 2026 1
39 10 133 5 702 1
40 2 132 8 1288 1
41 9 118 23 3018 1
42 21 134 6 680 1
43 19 129 24 1869 1
44 13 125 9 1030 1
45 23 125 14 1615 1
46 26 132 8 561 1
47 51 132 8 561 1
48 16 140 9 931 1
49 13 125 10 1194 1
50 2 137 12 2195 1
51 3 133 14 1766 1
52 27 140 3 217 1
53 7 125 6 748 1
54 10 140 10 2070 1
55 19 140 10 2070 1
56 28 140 10 2070 1
57 9 140 7 637 1
58 27 138 4 661 1
59 9 138 18 1699 1
60 15 138 11 2097 1
61 13 140 6 828 1
62 15 129 9 702 1
63 19 125 19 2072 1
64 8 137 34 3048 1
65 8 138 29 3740 1
66 28 138 11 1499 1
67 2 132 6 533 1
68 9 132 8 577 1
69 25 129 17 1414 1
70 19 138 40 5328 1
71 37 138 40 5328 1
72 55 138 40 5328 1
73 73 138 40 5328 1
74 91 138 40 5328 1
75 28 118 22 3230 1
76 55 118 22 3230 1
77 82 118 22 3230 1
78 109 118 22 3230 1
79 136 118 22 3230 1
80 163 118 22 3230 1
81 31 132 24 3495 1
82 61 132 24 3495 1
83 9 118 5 813 1
84 17 125 28 3942 1
85 6 125 15 2669 1
86 11 125 15 2669 1
87 11 118 21 2208 1
88 9 140 3 623 1
89 17 140 3 623 1
90 8 118 6 643 1
91 13 138 10 1124 1
92 30 134 21 3280 1
93 8 137 4 684 1
94 8 138 15 2121 1
95 28 140 5 461 1
96 10 134 28 1945 1
97 10 134 13 1756 1
98 19 134 13 1756 1
99 9 140 14 1928 1
100 17 140 14 1928 1
101 5 129 22 2268 1
102 43 204 14 2492 1
103 44 167 8 1025 1
104 87 167 8 1025 1
105 7 177 6 1587 1
106 45 170 17 4145 1
107 44 171 8 1928 1
108 14 161 5 1042 1
109 27 161 5 1042 1
110 22 167 14 3263 1
111 45 203 6 1279 1
112 44 171 5 453 1
113 44 167 5 531 1
114 43 204 18 4669 1
115 40 171 7 822 1
116 42 177 28 7245 1
117 43 181 23 5680 1
118 85 181 23 5680 1
119 127 181 23 5680 1
120 41 177 27 3111 1
121 2 170 11 2503 1
122 18 205 18 3342 1
123 28 208 11 1573 1
124 23 195 30 6174 1
125 42 187 10 2010 1
126 21 199 32 6145 1
127 43 207 16 1867 1
128 85 207 16 1867 1
129 16 197 7 963 1
130 31 197 7 963 1
131 6 178 13 2430 1
132 45 207 19 3002 1
133 89 207 19 3002 1
134 43 207 24 3900 1
135 85 207 24 3900 1
136 44 167 14 3397 1
137 43 203 19 2513 1
138 85 203 19 2513 1
139 127 203 19 2513 1
140 44 190 20 3375 1
141 44 190 7 748 1
142 14 149 27 4460 1
143 27 149 27 4460 1
144 43 204 5 1388 1
145 85 204 5 1388 1
146 127 204 5 1388 1
147 43 202 28 6505 1
148 21 202 23 3608 1
149 41 202 23 3608 1
150 44 203 25 4454 1
151 21 161 24 3074 1
152 20 203 17 2465 1
153 19 161 11 2617 1
154 45 208 9 1155 1
155 89 208 9 1155 1
156 16 184 19 5224 1
157 14 161 13 3059 1
158 43 199 36 7374 1
159 44 195 9 2400 1
160 87 195 9 2400 1
161 130 195 9 2400 1
162 44 170 23 4532 1
163 43 171 13 1902 1
164 42 203 25 5596 1
165 83 203 25 5596 1
166 5 177 10 1778 1
167 22 199 8 1029 1
168 43 199 8 1029 1
169 42 188 10 2610 1
170 15 199 13 2779 1
171 29 199 13 2779 1
172 44 178 10 1288 1
173 87 178 10 1288 1
174 130 178 10 1288 1
175 173 178 10 1288 1
176 216 178 10 1288 1
177 15 171 29 5021 1
178 42 210 13 3709 1
179 43 195 27 7665 1
180 133 178 43 9131 1
181 20 184 21 3992 1
182 39 184 21 3992 1
183 58 184 21 3992 1
184 28 199 14 3352 1
185 18 197 22 3966 1
186 44 188 16 3368 1
187 18 190 28 4588 1
188 35 190 28 4588 1
189 52 190 28 4588 1
190 16 199 18 4701 1
191 293 204 7 1246 1
192 18 203 8 1198 1
193 6 178 36 7881 1
194 44 205 27 4982 1
195 87 205 27 4982 1
196 76 149 14 2166 1
197 33 184 37 6303 1
198 44 203 25 5645 1
199 19 178 11 2525 1
200 18 199 12 1835 1
201 7 177 7 1627 1
202 13 177 7 1627 1
203 44 199 9 1224 1
204 18 177 45 6567 1
205 43 187 16 4471 1
206 6 207 31 4347 1
207 43 188 22 4253 1
208 38 170 7 961 1
209 5 194 10 1395 1
210 15 167 9 1514 1
211 29 167 9 1514 1
212 63 197 19 3787 1
213 44 177 16 1706 1
214 43 197 16 2320 1
215 45 203 7 1039 1
216 44 171 18 2190 1
217 87 171 18 2190 1
218 130 171 18 2190 1
219 44 202 12 1589 1
220 17 178 14 1707 1
221 42 199 17 3888 1
222 8 181 20 4540 1
223 18 207 16 4377 1
224 35 207 16 4377 1
225 44 207 13 1398 1
226 44 181 27 4088 1
227 87 181 27 4088 1
228 21 177 16 3222 1
229 43 181 13 3377 1
230 18 188 23 5452 1
231 44 161 6 657 1
232 18 187 12 2296 1
233 35 187 12 2296 1
234 52 187 12 2296 1
235 18 208 37 8240 1
236 20 210 16 2939 1
237 39 210 16 2939 1
238 58 210 16 2939 1
239 33 207 32 4112 1
240 7 207 39 5151 1
241 62 207 25 5210 1
242 44 149 12 2055 1
243 87 149 12 2055 1
244 23 208 67 15497 1
245 43 184 13 2514 1
246 85 184 13 2514 1
247 44 190 15 3108 1
248 24 205 24 3898 1
249 47 205 24 3898 1
250 45 167 10 985 1
251 43 167 18 2242 1
252 44 210 45 11329 1
253 87 210 45 11329 1
254 43 204 4 751 1
255 43 202 22 6321 1
256 32 239 42 14236 1
257 61 228 18 4391 1
258 29 220 7 2056 1
259 44 228 18 5286 1
260 105 242 27 4481 1
261 43 237 6 2013 1
262 7 212 17 2005 1
263 55 242 7 2242 1
264 47 244 15 2364 1
265 93 244 15 2364 1
266 52 243 25 6362 1
267 58 220 12 2563 1
268 88 230 5 939 1
269 46 228 19 5970 1
270 59 222 15 2644 1
271 29 225 15 4464 1
272 53 220 9 1271 1
273 105 220 9 1271 1
274 58 237 23 2796 1
275 8 221 15 4770 1
276 59 242 33 5128 1
277 55 222 38 7784 1
278 99 230 17 4253 1
279 35 222 40 4802 1
280 30 222 10 2030 1
281 37 242 10 1532 1
282 49 242 18 3716 1
283 97 242 18 3716 1
284 42 239 19 3320 1
285 35 239 46 11162 1
286 29 222 33 10780 1
287 43 220 26 6911 1
288 85 220 26 6911 1
289 96 225 8 2502 1
290 55 216 8 1255 1
291 75 225 12 2762 1
292 30 212 8 1205 1
293 42 245 14 1959 1
294 46 212 15 3483 1
295 54 243 21 6239 1
296 107 243 21 6239 1
297 160 243 21 6239 1
298 43 222 30 3366 1
299 9 221 21 2972 1
300 113 220 16 3086 1
301 47 239 26 4095 1
302 58 245 19 4691 1
303 29 242 29 8868 1
304 57 242 29 8868 1
305 85 242 29 8868 1
306 113 242 29 8868 1
307 46 230 10 1533 1
308 29 245 10 3612 1
309 65 245 18 2688 1
310 129 245 18 2688 1
311 53 239 12 1996 1
312 105 239 12 1996 1
313 157 239 12 1996 1
314 109 212 16 2075 1
315 62 220 43 9221 1
316 58 216 13 3279 1
317 13 212 9 992 1
318 54 228 26 3619 1
319 43 221 8 1873 1
320 29 228 14 2321 1
321 29 220 12 3392 1
322 61 220 14 2203 1
323 56 243 20 7097 1
324 59 221 27 5368 1
325 31 239 42 5767 1
326 61 239 42 5767 1
327 44 225 10 1874 1
328 57 222 31 10004 1
329 51 225 18 5523 1
330 43 225 15 1927 1
331 50 244 20 6849 1
332 58 242 8 1628 1
333 58 220 15 2438 1
334 43 243 10 1997 1
335 43 237 22 3539 1
336 44 239 37 10266 1
337 87 239 37 10266 1
338 130 239 37 10266 1
339 42 228 70 17033 1
340 59 216 25 3271 1
341 60 228 23 4281 1
342 85 243 18 6379 1
343 95 230 11 1974 1
344 44 245 18 5547 1
345 36 225 26 4004 1
346 44 216 11 2944 1
347 44 242 10 1443 1
348 87 242 10 1443 1
349 41 239 13 2399 1
350 81 239 13 2399 1
351 29 237 23 6823 1
352 57 237 23 6823 1
353 85 237 23 6823 1
354 100 239 39 8459 1
355 199 239 39 8459 1
356 23 221 14 4167 1
357 36 237 15 3328 1
358 37 230 14 3283 1
359 102 222 10 2031 1
360 45 243 16 3497 1
361 30 212 19 4126 1
362 46 244 37 7688 1
363 92 239 27 5833 1
364 31 239 13 3661 1
365 59 221 24 4030 1
366 43 221 13 2653 1
367 85 221 13 2653 1
368 50 222 8 2239 1
369 29 242 13 4671 1
370 57 242 13 4671 1
371 51 243 13 2337 1
372 101 243 13 2337 1
373 46 230 20 5936 1
374 91 230 20 5936 1
375 136 230 20 5936 1
376 181 230 20 5936 1
377 105 228 46 10481 1
378 30 220 27 6426 1
379 51 216 17 4906 1
380 50 244 15 5459 1
381 99 244 15 5459 1
382 148 244 15 5459 1
383 31 222 10 2607 1
384 61 222 10 2607 1
385 91 222 10 2607 1
386 121 222 10 2607 1
387 6 230 8 1879 1
388 12 221 19 3011 1
389 6 225 14 3412 1
390 93 242 10 3322 1
391 44 243 19 5337 1
392 31 245 22 5551 1
393 30 242 15 5292 1
394 60 243 13 4491 1
395 119 243 13 4491 1
396 45 239 15 2297 1
397 59 242 12 2890 1
398 59 244 14 4983 1
399 101 230 16 5197 1
400 27 212 6 1276 1
401 44 221 14 4511 1
402 87 221 14 4511 1
403 37 228 20 4995 1
404 43 237 12 1922 1
405 57 237 21 3876 1
406 113 237 21 3876 1
407 29 274 29 7522 1
408 54 260 14 2306 1
409 30 268 22 4215 1
410 90 255 13 4480 1
411 50 246 15 4858 1
412 37 257 2 337 1
413 30 275 10 4022 1
414 59 275 10 4022 1
415 11 265 10 3884 1
416 35 268 19 7269 1
417 69 268 19 7269 1
418 50 260 15 2730 1
419 99 260 15 2730 1
420 100 264 17 4230 1
421 30 270 13 4207 1
422 59 270 13 4207 1
423 88 270 13 4207 1
424 46 264 24 4999 1
425 91 264 24 4999 1
426 43 274 8 1802 1
427 24 270 19 6268 1
428 50 275 14 4174 1
429 36 264 17 2330 1
430 166 246 22 6050 1
431 16 257 23 8726 1
432 65 276 13 2869 1
433 97 270 28 9773 1
434 193 270 28 9773 1
435 289 270 28 9773 1
436 50 258 24 9271 1
437 47 277 16 4286 1
438 30 268 21 5834 1
439 59 268 21 5834 1
440 90 264 12 3124 1
441 179 264 12 3124 1
442 101 258 18 5212 1
443 30 274 32 5205 1
444 91 274 23 7789 1
445 15 259 2 515 1
446 33 275 19 7616 1
447 43 274 15 3796 1
448 44 262 24 8316 1
449 30 255 11 2246 1
450 96 261 19 5662 1
451 191 261 19 5662 1
452 286 261 19 5662 1
453 381 261 19 5662 1
454 476 261 19 5662 1
455 88 261 27 4416 1
456 51 261 12 1938 1
457 99 268 14 5272 1
458 37 274 19 5360 1
459 73 274 19 5360 1
460 37 246 12 2504 1
461 30 257 9 3152 1
462 93 276 17 4403 1
463 43 262 17 2755 1
464 85 262 17 2755 1
465 58 258 12 2415 1
466 42 264 17 5202 1
467 29 276 25 6032 1
468 98 261 7 2203 1
469 91 270 16 4218 1
470 57 274 18 6016 1
471 43 268 23 5381 1
472 37 267 22 5060 1
473 99 264 10 1627 1
474 30 275 17 6282 1
475 59 275 17 6282 1
476 58 259 13 1873 1
477 15 270 11 1666 1
478 37 275 17 4268 1
479 30 255 19 7083 1
480 52 268 7 2291 1
481 85 260 15 4536 1
482 93 274 20 3658 1
483 29 258 14 2145 1
484 43 246 27 6420 1
485 30 265 4 1458 1
486 59 265 4 1458 1
487 29 265 11 1924 1
488 57 265 11 1924 1
489 85 265 11 1924 1
490 38 277 17 6544 1
491 57 264 15 3950 1
492 57 275 30 7307 1
493 193 261 10 2201 1
494 35 257 19 6801 1
495 56 275 16 2889 1
496 29 259 23 7499 1
497 15 270 19 3862 1
498 57 274 22 3851 1
499 37 274 14 3938 1
500 73 274 14 3938 1
501 109 274 14 3938 1
502 29 259 15 5314 1
503 47 261 19 4404 1
504 63 260 7 2637 1
505 52 257 24 6777 1
506 85 265 14 4498 1
507 44 246 19 3908 1
508 58 258 8 3012 1
509 56 260 18 6244 1
510 111 260 18 6244 1
511 29 268 9 2634 1
512 43 260 7 1939 1
513 70 265 14 3434 1
514 16 265 15 4581 1
515 102 258 5 794 1
516 203 258 5 794 1
517 30 275 32 9978 1
518 59 275 32 9978 1
519 30 258 17 2930 1
520 47 246 10 2293 1
521 37 257 17 2243 1
522 44 259 5 1314 1
523 57 276 16 2904 1
524 87 273 15 3906 1
525 37 273 21 5541 1
526 73 273 21 5541 1
527 109 273 21 5541 1
528 17 259 16 5979 1
529 41 265 17 2361 1
530 37 259 22 3218 1
531 23 264 13 4422 1
532 29 267 12 1905 1
533 50 264 17 4869 1
534 29 275 14 4479 1
535 30 259 21 7294 1
536 49 246 13 4171 1
537 30 260 19 2480 1
538 103 258 35 5288 1
539 31 268 6 1578 1
540 61 268 6 1578 1
541 23 262 25 8959 1
542 109 260 12 2856 1
543 16 277 36 11126 1
544 40 259 19 2657 1
545 92 264 6 965 1
546 30 265 18 6739 1
547 44 276 15 4395 1
548 43 276 14 4216 1
549 28 259 18 4891 1
550 30 255 10 3232 1
551 59 255 10 3232 1
552 43 260 22 8552 1
553 87 262 13 2743 1
554 104 255 22 3910 1
555 207 255 22 3910 1
556 30 262 15 3935 1
557 93 264 15 4212 1
558 36 265 12 1859 1
559 94 259 15 5381 1
560 58 260 23 8543 1
561 15 274 14 3253 1
562 103 261 21 3292 1
563 16 274 8 2941 1
564 36 273 8 1278 1
565 44 275 20 6797 1
566 29 274 8 1839 1
567 96 268 8 2282 1
568 29 264 8 1314 1
569 82 258 10 2816 1
570 50 260 21 5658 1
571 29 260 15 3095 1
572 92 273 19 4592 1
573 37 265 17 3627 1
574 45 262 17 4933 1
575 95 260 16 5264 1
576 98 264 22 3437 1
577 52 265 11 3621 1
578 51 270 16 6017 1
579 29 264 19 6802 1
580 57 264 19 6802 1
581 30 268 14 3771 1
582 15 275 23 8661 1
583 57 277 24 8488 1
584 113 277 24 8488 1
585 169 277 24 8488 1
586 225 277 24 8488 1
587 281 277 24 8488 1
588 51 273 14 3814 1
589 31 293 14 2281 1
590 17 278 17 6954 1
591 58 291 24 10101 1
592 58 286 14 4075 1
593 31 291 24 6192 1
594 30 300 13 5169 1
595 30 286 18 3567 1
596 57 292 12 5016 1
597 113 292 12 5016 1
598 28 279 14 4180 1
599 58 299 27 5896 1
600 29 299 15 3403 1
601 58 284 16 5523 1
602 29 300 13 2265 1
603 97 281 7 1868 1
604 43 281 24 6453 1
605 61 294 19 6411 1
606 43 300 11 4265 1
607 29 279 13 3282 1
608 31 292 18 5809 1
609 69 294 63 18025 1
610 11 285 20 5878 1
611 9 286 19 3340 1
612 17 286 19 3340 1
613 43 294 9 1826 1
614 85 294 9 1826 1
615 60 285 8 2504 1
616 31 300 13 2886 1
617 43 292 18 3891 1
618 36 293 37 8894 1
619 59 299 19 7745 1
620 88 281 19 3191 1
621 29 294 14 2420 1
622 57 291 22 4644 1
623 133 293 13 3242 1
624 58 300 16 7097 1
625 39 279 14 4541 1
626 44 284 17 3132 1
627 29 292 18 4664 1
628 28 281 24 4491 1
629 56 292 11 2370 1
630 111 292 11 2370 1
631 61 299 13 5478 1
632 44 293 30 4473 1
633 58 282 8 1356 1
634 58 292 23 3742 1
635 45 285 12 3461 1
636 41 284 5 1376 1
637 58 284 26 8616 1
638 42 291 7 2173 1
639 58 285 10 4133 1
640 115 285 10 4133 1
641 89 286 17 3591 1
642 58 285 17 6043 1
643 115 285 17 6043 1
644 29 293 26 10863 1
645 21 299 21 6863 1
646 14 293 9 2414 1
647 27 293 9 2414 1
648 29 284 16 4979 1
649 57 284 16 4979 1
650 32 281 19 3578 1
651 57 299 9 2086 1
652 104 281 14 5485 1
653 86 278 12 3902 1
654 208 286 14 4625 1
655 87 278 9 1455 1
656 30 293 17 6253 1
657 175 300 10 4192 1
658 29 292 13 4885 1
659 43 285 14 2234 1
660 57 300 18 7420 1
661 113 300 18 7420 1
662 44 281 17 4320 1
663 30 285 13 3578 1
664 77 285 20 3420 1
665 29 292 18 4467 1
666 57 292 18 4467 1
667 85 292 18 4467 1
668 56 299 21 8059 1
669 56 282 16 5271 1
670 30 281 13 2737 1
671 56 294 8 1276 1
672 56 278 6 1149 1
673 111 278 6 1149 1
674 31 291 10 3799 1
675 31 282 12 3717 1
676 44 279 10 3453 1
677 58 291 7 1204 1
678 115 291 7 1204 1
679 58 281 13 4999 1
680 36 292 27 10442 1
681 42 292 24 10490 1
682 58 293 16 3269 1
683 58 281 21 3461 1
684 115 281 21 3461 1
685 43 291 27 6233 1
686 57 292 19 8240 1
687 53 285 16 5499 1
688 29 293 23 4745 1
689 58 279 17 5712 1
690 60 279 19 2724 1
691 10 279 14 5213 1
692 29 279 10 1998 1
693 44 293 21 4466 1
694 87 293 21 4466 1
695 102 286 21 4953 1
696 57 292 5 1037 1
697 113 292 5 1037 1
698 43 284 9 3705 1
699 59 299 12 1892 1
700 59 293 15 3858 1
701 58 282 13 2156 1
702 65 294 31 12790 1
703 28 279 13 2580 1
704 39 299 14 3623 1
705 15 299 25 6856 1
706 29 299 25 6856 1
707 27 286 8 2532 1
708 53 286 8 2532 1
709 44 279 17 5436 1
710 43 294 20 4319 1
711 85 294 20 4319 1
712 60 285 14 5487 1
713 28 285 13 4422 1
714 57 285 11 4352 1
715 113 285 11 4352 1
716 58 299 14 3379 1
717 56 292 18 2892 1
718 111 292 18 2892 1
719 57 278 7 2833 1
720 43 292 31 7885 1
721 38 291 20 4469 1
722 43 284 14 3763 1
723 29 291 21 8591 1
724 58 285 19 7446 1
725 63 281 13 4926 1
726 60 279 16 2376 1
727 100 293 21 4601 1
728 199 293 21 4601 1
729 29 300 6 2499 1
730 36 294 41 7762 1
731 58 278 14 4930 1
732 29 284 18 7212 1
733 60 299 23 9132 1
734 196 282 9 1660 1
735 44 294 10 4189 1
736 56 292 13 5113 1
737 30 282 6 2312 1
738 16 293 18 7185 1
739 31 293 18 7185 1
740 194 278 25 3995 1
741 44 285 11 3627 1
742 57 286 16 4084 1
743 58 284 11 3790 1
744 115 284 11 3790 1
745 29 284 21 5985 1
746 29 286 12 5124 1
747 43 282 11 4590 1
748 30 282 20 7019 1
749 44 281 10 2415 1
750 78 316 27 12285 1
751 76 364 25 7105 1
752 151 364 25 7105 1
753 57 332 64 16106 1
754 79 324 18 6469 1
755 35 335 20 4115 1
756 51 349 27 12342 1
757 51 335 15 4020 1
758 51 333 51 23544 1
759 50 303 21 3567 1
760 79 305 15 5884 1
761 72 332 30 14670 1
762 143 332 30 14670 1
763 93 323 16 2620 1
764 89 363 22 4116 1
765 177 363 22 4116 1
766 37 303 12 4187 1
767 58 335 21 3798 1
768 78 336 13 2616 1
769 155 336 13 2616 1
770 56 349 13 5306 1
771 14 333 21 9459 1
772 57 324 16 4644 1
773 109 316 18 6947 1
774 59 318 14 5995 1
775 112 368 30 13121 1
776 51 323 28 8960 1
777 101 323 28 8960 1
778 151 323 28 8960 1
779 58 337 24 7377 1
780 115 337 24 7377 1
781 87 323 25 11699 1
782 85 304 12 3485 1
783 57 366 16 6559 1
784 73 323 9 3161 1
785 79 335 65 13486 1
786 57 337 24 7670 1
787 51 304 10 1833 1
788 108 334 16 5379 1
789 104 349 33 6552 1
790 52 349 19 4254 1
791 58 331 40 14549 1
792 117 318 34 8257 1
793 15 318 24 9397 1
794 50 338 38 14051 1
795 74 334 19 5412 1
796 55 304 7 1827 1
797 14 368 16 7502 1
798 59 337 17 6911 1
799 14 338 33 5818 1
800 115 332 29 4908 1
801 78 334 17 5105 1
802 76 336 23 9041 1
803 87 364 16 6949 1
804 55 366 42 18353 1
805 58 335 52 24563 1
806 51 364 14 6098 1
807 78 305 27 8187 1
808 80 335 49 13346 1
809 36 334 20 5228 1
810 15 318 54 19358 1
811 58 349 23 8688 1
812 72 349 27 9244 1
813 38 324 18 7471 1
814 75 324 18 7471 1
815 86 303 22 6999 1
816 171 303 22 6999 1
817 58 365 21 10637 1
818 92 364 20 6232 1
819 57 335 18 5927 1
820 14 333 20 7230 1
821 73 303 16 7025 1
822 15 304 25 6125 1
823 94 335 25 4845 1
824 61 304 16 5237 1
825 123 331 36 16419 1
826 51 304 12 4814 1
827 101 304 12 4814 1
828 14 323 18 3508 1
829 78 349 17 5845 1
830 155 349 17 5845 1
831 85 363 18 3768 1
832 78 349 16 8093 1
833 74 323 11 2057 1
834 36 316 11 2972 1
835 58 366 54 15990 1
836 115 366 54 15990 1
837 69 305 17 4136 1
838 56 304 15 3136 1
839 18 318 22 6737 1
840 78 303 9 3448 1
841 50 333 48 9904 1
842 86 323 21 5207 1
843 37 337 23 6471 1
844 50 334 13 3387 1
845 57 331 56 10415 1
846 113 331 56 10415 1
847 79 368 18 9894 1
848 112 323 16 3177 1
849 76 318 31 14025 1
850 15 318 28 12438 1
851 125 324 11 3815 1
852 71 366 33 15202 1
853 16 336 42 7537 1
854 79 316 16 3538 1
855 76 365 59 15850 1
856 14 363 20 7100 1
857 50 365 23 8732 1
858 58 336 32 8748 1
859 58 363 17 4075 1
860 115 363 17 4075 1
861 58 368 23 5446 1
862 14 366 28 15036 1
863 78 323 50 18793 1
864 155 323 50 18793 1
865 13 338 29 8776 1
866 111 305 17 6635 1
867 57 337 54 21280 1
868 37 368 24 8643 1
869 15 332 18 6431 1
870 51 305 16 6754 1
871 79 335 15 3251 1
872 157 335 15 3251 1
873 79 304 28 11948 1
874 57 323 24 5058 1
875 50 363 25 12032 1
876 15 337 12 4015 1
877 29 337 12 4015 1
878 17 324 21 10023 1
879 56 363 35 12701 1
880 111 363 35 12701 1
881 77 337 26 10608 1
882 153 337 26 10608 1
883 51 363 12 3399 1
884 58 366 24 10731 1
885 115 366 24 10731 1
886 50 316 24 10537 1
887 50 304 20 7057 1
888 99 304 20 7057 1
889 148 304 20 7057 1
890 114 331 12 5677 1
891 118 368 18 6114 1
892 50 366 44 13404 1
893 79 349 10 4219 1
894 36 305 18 5198 1
895 54 349 11 1959 1
896 14 334 40 7367 1
897 37 316 14 6543 1
898 50 316 14 3994 1
899 77 316 9 3717 1
900 101 336 21 3596 1
901 201 336 21 3596 1
902 49 318 13 2316 1
903 37 365 13 6843 1
904 58 333 15 3294 1
905 115 333 15 3294 1
906 54 366 14 4454 1
907 37 336 14 5616 1
908 115 363 17 8390 1
909 107 318 44 8457 1
910 52 335 15 3748 1
911 17 333 21 3977 1
912 79 335 16 7053 1
913 86 305 20 8475 1
914 171 305 20 8475 1
915 15 365 17 5907 1
916 36 334 19 3499 1
917 108 303 26 5428 1
918 57 364 25 12240 1
919 113 364 25 12240 1
920 14 332 36 7443 1
921 80 335 35 13697 1
922 159 335 35 13697 1
923 91 349 30 12520 1
924 74 364 27 12837 1
925 50 349 18 3186 1
926 51 368 17 7717 1
927 101 368 17 7717 1
928 71 335 16 6322 1
929 16 363 33 11489 1
930 14 364 24 5307 1
931 50 305 23 6294 1
932 13 349 35 11687 1
933 37 363 15 4366 1
934 52 334 27 9176 1
935 123 323 28 8301 1
936 13 349 23 11601 1
937 58 332 20 5952 1
938 115 332 20 5952 1
939 37 368 24 10619 1
940 79 349 16 4652 1
941 87 323 16 4863 1
942 74 316 20 4827 1
943 147 316 20 4827 1
944 220 316 20 4827 1
945 58 338 25 10945 1
946 115 338 25 10945 1
947 79 337 35 17620 1
948 157 337 35 17620 1
949 235 337 35 17620 1
950 79 336 29 11567 1
951 15 333 45 19875 1
952 78 303 20 4887 1
953 155 303 20 4887 1
954 78 316 22 8235 1
955 88 303 19 5392 1
956 50 303 35 7184 1
957 51 337 34 12316 1
958 101 337 34 12316 1
959 51 324 34 9018 1
960 69 335 37 15113 1
961 79 364 15 7355 1
962 52 331 15 5765 1
963 16 363 22 4847 1
964 15 334 41 19264 1
965 57 364 24 6046 1
966 108 332 40 13130 1
967 57 304 21 6691 1
968 78 323 29 13357 1
969 50 365 57 27233 1
970 28 336 14 4538 1
971 72 318 10 2087 1
972 57 363 25 6234 1
973 51 331 19 9372 1
974 36 336 9 4348 1
975 57 324 16 3929 1
976 50 318 10 3225 1
977 57 338 18 7134 1
978 49 304 12 5170 1
979 78 324 14 5200 1
980 155 324 14 5200 1
981 36 304 19 7997 1
982 57 336 20 8318 1
983 79 334 16 3917 1
984 50 324 10 3966 1
985 51 363 24 9922 1
986 36 336 37 10045 1
987 58 334 11 2715 1
988 106 303 23 8611 1
989 56 318 14 4134 1
990 86 399 30 17050 1
991 171 399 30 17050 1
992 256 399 30 17050 1
993 87 397 30 9524 1
994 17 395 41 15871 1
995 90 398 34 11919 1
996 151 399 46 22664 1
997 78 397 42 18514 1
998 84 395 21 4631 1
999 87 399 44 13606 1
1000 79 395 26 15335 1
1001 157 395 26 15335 1
1002 7 398 25 6853 1
1003 72 395 31 12320 1
1004 143 395 31 12320 1
1005 88 398 42 19088 1
1006 76 397 45 15717 1
1007 79 399 35 14384 1
1008 166 397 31 10231 1
1009 79 397 30 7588 1
1010 157 397 30 7588 1
1011 235 397 30 7588 1
1012 77 399 27 9195 1
1013 89 397 20 6405 1
1014 79 398 31 14525 1
1015 79 397 29 16333 1
1016 80 398 36 17171 1
1017 78 397 40 12631 1
1018 89 395 26 6388 1
1019 90 396 20 5170 1
1020 179 396 20 5170 1
1021 83 395 36 7343 1
1022 94 397 24 8771 1
1023 87 397 40 14327 1
1024 173 397 40 14327 1
1025 79 396 34 16868 1
1026 80 398 22 9059 1
1027 107 398 48 10892 1
1028 79 398 46 25478 1
1029 78 395 36 18085 1
1030 89 398 60 18790 1
1031 79 396 21 9791 1
1032 176 396 29 9102 1
1033 78 398 30 10167 1
1034 154 395 27 8141 1
1035 111 398 19 4592 1
1036 79 399 19 6147 1
14
503 620 807 620 700 205 255 700 700 700 700 700 200 460 