1036
1 19 134 13 1161 1
2 8 138 14 1174 1
3 3 134 10 1943 1
4 20 125 4 400 1
5 39 125 4 400 1
6 58 125 4 400 1
7 77 125 4 400 1
8 303 137 9 1502 1
9 8 140 12 2208 1
10 15 140 12 2208 1
11 2 132 17 1710 1
12 3 132 17 1710 1
13 20 134 14 1438 1
14 18 129 6 796 1
15 35 129 6 796 1
16 24 138 12 2379 1
17 47 138 12 2379 1
18 20 132 37 6602 1
19 31 133 11 992 1
20 27 132 18 1320 1
21 13 125 9 880 1
22 25 125 9 880 1
23 13 134 13 2453 1
24 9 134 4 649 1
25 7 118 24 3162 1
26 21 129 10 1044 1
27 16 138 4 566 1
28 9 137 2 243 1
29 8 137 4 584 1
30 9 138 20 4051 1
31 31 133 13 1580 1
32 18 134 16 2213 1
33 35 134 16 2213 1
34 33 118 16 2401 1
35 8 134 15 1544 1
36 8 132 8 965 1
37 9 132 15 2676 1
38 17 132 15 2676 1
39 12 137 21 4250 1
40 7 132 10 1624 1
41 13 132 10 1624 1
42 32 129 11 1956 1
43 63 129 11 1956 1
44 30 138 9 1347 1
45 9 129 8 1000 1
46 17 129 8 1000 1
47 25 129 8 1000 1
48 15 118 6 883 1
49 29 118 6 883 1
50 43 118 6 883 1
51 57 118 6 883 1
52 71 118 6 883 1
53 85 118 6 883 1
54 11 125 8 1149 1
55 13 125 9 922 1
56 25 125 9 922 1
57 8 138 10 1487 1
58 15 138 10 1487 1
59 22 134 19 2810 1
60 43 134 19 2810 1
61 14 132 15 1108 1
62 27 132 15 1108 1
63 9 133 9 972 1
64 19 138 25 4677 1
65 37 138 25 4677 1
66 8 129 8 1472 1
67 8 134 11 883 1
68 7 133 11 1479 1
69 18 125 13 2384 1
70 9 140 9 753 1
71 17 140 9 753 1
72 11 129 16 2687 1
73 8 133 26 3816 1
74 8 132 11 1481 1
75 15 132 11 1481 1
76 22 132 11 1481 1
77 8 133 12 813 1
78 7 138 12 1215 1
79 13 138 12 1215 1
80 19 138 12 1215 1
81 9 134 12 1075 1
82 17 134 12 1075 1
83 25 134 12 1075 1
84 33 134 12 1075 1
85 41 134 12 1075 1
86 2 129 10 1685 1
87 14 140 25 4559 1
88 7 118 11 1557 1
89 3 137 19 2442 1
90 9 125 11 1228 1
91 22 138 12 964 1
92 22 138 3 235 1
93 8 133 9 1635 1
94 18 134 4 764 1
95 3 134 7 827 1
96 25 138 16 2457 1
97 20 133 5 843 1
98 10 132 24 2547 1
99 8 132 7 1228 1
100 2 137 5 959 1
101 27 125 18 2133 1
102 42 204 12 3321 1
103 28 204 8 2048 1
104 259 210 21 4720 1
105 45 205 13 1813 1
106 55 210 14 4045 1
107 44 199 24 5176 1
108 87 199 24 5176 1
109 6 210 17 4843 1
110 11 210 17 4843 1
111 5 197 17 2525 1
112 7 181 7 1068 1
113 43 184 10 1030 1
114 85 184 10 1030 1
115 7 170 8 1319 1
116 44 195 34 5684 1
117 22 207 17 3095 1
118 22 170 12 2345 1
119 22 197 10 2315 1
120 48 210 12 2188 1
121 95 210 12 2188 1
122 44 208 13 3805 1
123 35 170 14 2401 1
124 6 187 11 2393 1
125 23 177 15 2894 1
126 43 190 26 4088 1
127 5 202 17 1795 1
128 65 167 13 2417 1
129 23 149 20 1771 1
130 43 151 17 2028 1
131 85 151 17 2028 1
132 30 178 10 1595 1
133 59 178 10 1595 1
134 88 178 10 1595 1
135 57 203 14 2109 1
136 113 203 14 2109 1
137 44 197 17 4308 1
138 45 177 28 5440 1
139 89 177 28 5440 1
140 5 171 37 9478 1
141 7 205 12 2717 1
142 23 207 8 2468 1
143 76 207 10 2804 1
144 43 195 14 3728 1
145 74 205 8 964 1
146 147 205 8 964 1
147 220 205 8 964 1
148 44 194 16 2535 1
149 74 194 13 1962 1
150 22 187 12 2697 1
151 5 178 26 3624 1
152 9 178 26 3624 1
153 44 171 7 949 1
154 44 199 16 2439 1
155 6 161 11 1371 1
156 7 170 9 815 1
157 43 184 11 2162 1
158 19 177 6 1490 1
159 37 177 6 1490 1
160 6 207 19 5397 1
161 45 171 14 3381 1
162 44 202 18 5214 1
163 87 202 18 5214 1
164 43 204 32 6936 1
165 85 204 32 6936 1
166 286 167 10 1357 1
167 8 204 19 5006 1
168 37 207 40 10984 1
169 16 171 21 2759 1
170 66 171 5 826 1
171 44 190 19 5349 1
172 16 197 7 699 1
173 31 197 7 699 1
174 46 197 7 699 1
175 15 171 23 5034 1
176 6 204 18 3875 1
177 11 204 18 3875 1
178 17 205 15 2842 1
179 32 149 7 1114 1
180 63 149 7 1114 1
181 43 188 7 1289 1
182 85 188 7 1289 1
183 127 188 7 1289 1
184 45 203 22 6483 1
185 6 149 17 2433 1
186 6 205 12 1726 1
187 6 181 15 3244 1
188 43 207 25 5207 1
189 85 207 25 5207 1
190 127 207 25 5207 1
191 5 178 48 7528 1
192 44 197 19 3001 1
193 87 197 19 3001 1
194 130 197 19 3001 1
195 173 197 19 3001 1
196 216 197 19 3001 1
197 43 181 45 4503 1
198 7 170 10 1720 1
199 43 161 17 2801 1
200 18 167 32 4232 1
201 54 161 5 621 1
202 15 170 11 2251 1
203 17 208 21 4160 1
204 17 178 18 1776 1
205 19 184 6 1072 1
206 22 184 16 1821 1
207 71 208 9 2553 1
208 44 151 8 770 1
209 87 151 8 770 1
210 42 171 28 4440 1
211 83 171 28 4440 1
212 124 171 28 4440 1
213 165 171 28 4440 1
214 56 178 28 5011 1
215 53 199 24 6047 1
216 43 181 11 2496 1
217 85 181 11 2496 1
218 127 181 11 2496 1
219 45 197 10 2519 1
220 89 197 10 2519 1
221 133 197 10 2519 1
222 177 197 10 2519 1
223 16 210 32 9723 1
224 74 149 29 5990 1
225 147 149 29 5990 1
226 220 149 29 5990 1
227 22 181 34 3267 1
228 225 177 47 11201 1
229 6 199 27 2814 1
230 44 202 16 4826 1
231 37 202 11 3063 1
232 16 204 17 4513 1
233 44 202 13 1867 1
234 87 202 13 1867 1
235 53 210 10 3060 1
236 39 207 11 2726 1
237 74 171 10 1188 1
238 50 151 27 4886 1
239 20 205 20 2574 1
240 20 167 27 3165 1
241 19 199 18 1973 1
242 140 151 20 4255 1
243 31 177 29 3788 1
244 61 177 29 3788 1
245 29 167 20 3076 1
246 43 171 28 5894 1
247 44 210 30 4344 1
248 71 170 11 2367 1
249 71 170 6 1061 1
250 43 205 19 3180 1
251 43 167 22 5107 1
252 23 203 16 4044 1
253 15 149 15 1879 1
254 29 149 15 1879 1
255 44 181 14 3770 1
256 56 230 18 2996 1
257 3 216 11 3465 1
258 44 237 18 3381 1
259 58 228 25 7597 1
260 31 216 12 3125 1
261 8 222 45 5257 1
262 30 230 18 4069 1
263 32 245 12 1917 1
264 63 245 12 1917 1
265 93 237 17 2608 1
266 44 216 10 2265 1
267 87 216 10 2265 1
268 130 216 10 2265 1
269 8 216 14 3487 1
270 31 244 28 9442 1
271 36 212 20 4866 1
272 32 220 15 3634 1
273 43 244 15 4555 1
274 43 230 21 3638 1
275 85 230 21 3638 1
276 52 237 10 3131 1
277 61 222 20 3229 1
278 59 228 12 3388 1
279 70 237 13 2305 1
280 37 216 65 19402 1
281 57 243 18 4568 1
282 89 228 11 2832 1
283 27 230 6 952 1
284 10 243 16 5206 1
285 30 216 7 1012 1
286 53 216 14 1556 1
287 105 216 14 1556 1
288 157 216 14 1556 1
289 58 220 47 6506 1
290 8 230 10 1967 1
291 36 230 9 3018 1
292 47 245 24 3245 1
293 31 222 21 2910 1
294 50 228 19 6101 1
295 29 245 22 5361 1
296 38 237 24 8179 1
297 75 237 24 8179 1
298 12 245 16 3637 1
299 57 228 14 2556 1
300 29 212 16 3976 1
301 8 230 19 6229 1
302 15 230 19 6229 1
303 49 221 14 1904 1
304 46 237 17 4778 1
305 29 239 12 3949 1
306 31 228 16 1863 1
307 37 225 9 1482 1
308 43 222 42 5852 1
309 28 230 15 4414 1
310 95 245 18 3587 1
311 58 222 15 2594 1
312 18 216 37 11710 1
313 82 245 10 3291 1
314 52 244 37 9472 1
315 57 230 29 5264 1
316 28 216 33 7884 1
317 3 230 22 4405 1
318 19 212 34 4885 1
319 29 243 13 3835 1
320 59 220 7 1373 1
321 58 220 14 2122 1
322 31 242 16 4421 1
323 89 220 16 2386 1
324 53 245 26 7292 1
325 30 239 18 2263 1
326 57 244 20 4574 1
327 113 244 20 4574 1
328 45 244 15 4105 1
329 44 216 18 5339 1
330 31 216 12 2156 1
331 28 243 37 13212 1
332 2 230 13 3383 1
333 48 239 37 12322 1
334 13 244 24 3054 1
335 50 239 43 13350 1
336 37 216 10 1937 1
337 30 228 17 4076 1
338 58 212 11 2347 1
339 115 212 11 2347 1
340 14 242 18 4005 1
341 28 242 17 5053 1
342 60 228 16 2180 1
343 86 242 21 4614 1
344 28 244 7 1791 1
345 94 243 22 7590 1
346 29 225 18 5607 1
347 39 242 10 2704 1
348 31 225 16 4743 1
349 55 243 45 10300 1
350 84 222 9 1377 1
351 63 212 9 2270 1
352 125 212 9 2270 1
353 51 212 29 7649 1
354 7 245 26 6258 1
355 57 228 14 3207 1
356 63 243 40 12793 1
357 43 244 10 1366 1
358 74 245 17 5146 1
359 30 221 12 3923 1
360 59 221 12 3923 1
361 110 245 13 2354 1
362 18 242 18 4733 1
363 44 212 14 4437 1
364 58 230 16 2041 1
365 49 212 18 2247 1
366 58 220 14 2556 1
367 86 222 20 5863 1
368 57 239 23 5743 1
369 113 239 23 5743 1
370 44 228 26 3585 1
371 44 228 22 3193 1
372 58 225 21 5079 1
373 31 237 15 4987 1
374 61 237 15 4987 1
375 31 243 26 5008 1
376 55 225 14 3872 1
377 29 221 22 4360 1
378 57 221 22 4360 1
379 44 225 13 3864 1
380 40 245 22 5738 1
381 79 245 22 5738 1
382 118 245 22 5738 1
383 57 242 17 3978 1
384 30 242 19 5822 1
385 44 242 27 3478 1
386 87 242 27 3478 1
387 45 245 16 5813 1
388 42 222 12 3151 1
389 48 237 15 1781 1
390 29 230 13 3714 1
391 31 220 17 5487 1
392 38 212 36 5264 1
393 46 243 23 4386 1
394 62 230 25 7930 1
395 42 245 28 4265 1
396 37 212 16 3975 1
397 43 216 19 5510 1
398 91 237 9 2089 1
399 62 225 32 7357 1
400 31 216 8 2026 1
401 61 216 8 2026 1
402 113 212 39 9894 1
403 36 230 32 5518 1
404 50 225 9 2410 1
405 29 220 20 2228 1
406 31 225 12 2177 1
407 30 267 15 2874 1
408 40 273 23 6580 1
409 43 246 14 4994 1
410 36 265 12 4058 1
411 71 265 12 4058 1
412 106 265 12 4058 1
413 47 259 14 3306 1
414 58 277 26 10473 1
415 87 257 19 7247 1
416 43 246 12 2710 1
417 33 246 22 3831 1
418 29 261 10 1508 1
419 94 264 19 7265 1
420 43 265 14 2914 1
421 57 246 26 8948 1
422 26 264 16 5677 1
423 58 265 19 6473 1
424 15 257 3 993 1
425 43 258 30 6994 1
426 188 258 16 3896 1
427 40 264 15 4536 1
428 79 264 15 4536 1
429 36 276 12 3399 1
430 14 260 10 3107 1
431 48 270 11 2004 1
432 57 258 12 3605 1
433 49 260 14 4134 1
434 30 246 25 6321 1
435 44 275 20 3574 1
436 94 261 15 2447 1
437 187 261 15 2447 1
438 280 261 15 2447 1
439 115 261 11 1650 1
440 104 262 14 4407 1
441 85 274 20 4663 1
442 29 274 17 5118 1
443 57 274 17 5118 1
444 85 274 17 5118 1
445 44 264 23 7026 1
446 30 270 21 7647 1
447 36 262 23 4800 1
448 52 261 14 4032 1
449 36 255 29 8088 1
450 44 255 13 4765 1
451 30 275 23 8870 1
452 51 276 16 2975 1
453 33 255 16 3235 1
454 22 275 4 744 1
455 15 274 19 4670 1
456 37 273 4 1246 1
457 73 273 4 1246 1
458 95 259 7 1652 1
459 42 275 4 1650 1
460 97 259 29 4585 1
461 37 273 21 5344 1
462 92 255 12 2618 1
463 39 259 22 7396 1
464 77 259 22 7396 1
465 30 255 18 3498 1
466 57 270 20 7445 1
467 57 265 33 4435 1
468 101 261 14 5094 1
469 43 274 19 3460 1
470 36 260 16 4636 1
471 36 268 12 3084 1
472 42 265 10 2177 1
473 83 265 10 2177 1
474 97 257 23 4285 1
475 52 275 13 3755 1
476 10 265 26 5107 1
477 40 246 15 2919 1
478 79 246 15 2919 1
479 30 260 16 4659 1
480 36 259 20 6202 1
481 36 264 15 2406 1
482 93 274 16 6197 1
483 43 259 12 1565 1
484 57 260 12 2139 1
485 22 264 12 4041 1
486 43 264 12 4041 1
487 42 265 18 4651 1
488 44 270 15 3032 1
489 103 277 28 6609 1
490 30 265 10 1329 1
491 57 246 17 4382 1
492 110 270 16 5262 1
493 44 270 20 6738 1
494 14 260 10 1809 1
495 56 265 18 4066 1
496 12 277 6 1348 1
497 94 277 12 3044 1
498 187 277 12 3044 1
499 29 276 14 2936 1
500 57 276 14 2936 1
501 85 276 14 2936 1
502 30 262 27 5460 1
503 59 262 27 5460 1
504 25 270 12 4011 1
505 49 270 12 4011 1
506 62 270 3 644 1
507 28 277 18 5875 1
508 44 246 7 1727 1
509 31 261 25 7699 1
510 89 257 12 3721 1
511 52 258 13 3721 1
512 103 258 13 3721 1
513 107 267 19 4434 1
514 31 257 17 2989 1
515 29 270 18 6589 1
516 57 270 18 6589 1
517 19 275 21 5066 1
518 36 268 17 2944 1
519 71 268 17 2944 1
520 37 246 19 6227 1
521 14 277 23 6746 1
522 58 265 8 1923 1
523 93 273 24 5586 1
524 107 270 16 2246 1
525 213 270 16 2246 1
526 29 270 9 2137 1
527 57 270 9 2137 1
528 81 268 7 2811 1
529 161 268 7 2811 1
530 96 273 21 5332 1
531 43 259 17 2610 1
532 39 277 17 5096 1
533 51 274 13 4610 1
534 29 267 27 9689 1
535 59 270 20 3396 1
536 45 267 21 6356 1
537 29 265 6 2235 1
538 89 258 12 2603 1
539 89 274 17 4458 1
540 56 265 20 6699 1
541 111 265 20 6699 1
542 166 265 20 6699 1
543 36 268 13 4665 1
544 37 265 24 8891 1
545 57 264 7 2424 1
546 181 274 31 4975 1
547 36 273 10 2735 1
548 71 273 10 2735 1
549 40 274 13 3161 1
550 79 274 13 3161 1
551 36 262 17 5361 1
552 44 255 14 2559 1
553 49 257 16 5401 1
554 88 270 27 6087 1
555 36 276 14 5049 1
556 71 276 14 5049 1
557 50 257 15 3473 1
558 30 273 12 4483 1
559 36 261 18 3875 1
560 51 258 22 8207 1
561 15 275 6 1228 1
562 29 259 14 3492 1
563 36 267 23 3950 1
564 71 267 23 3950 1
565 106 267 23 3950 1
566 141 267 23 3950 1
567 31 268 22 3963 1
568 103 276 15 4563 1
569 59 277 14 5023 1
570 60 257 16 6010 1
571 43 267 14 5347 1
572 85 267 14 5347 1
573 37 268 16 4737 1
574 44 264 14 5235 1
575 35 257 8 2493 1
576 30 267 16 4819 1
577 59 267 16 4819 1
578 56 275 26 4213 1
579 50 274 12 3245 1
580 37 261 14 2193 1
581 43 268 16 4166 1
582 45 276 9 2996 1
583 18 259 20 6244 1
584 30 276 8 1330 1
585 51 276 14 4795 1
586 36 260 16 6201 1
587 193 264 12 3371 1
588 16 261 23 6779 1
589 42 281 17 2398 1
590 79 286 30 8953 1
591 44 292 20 3041 1
592 87 292 20 3041 1
593 41 300 23 9272 1
594 56 279 28 8487 1
595 111 279 28 8487 1
596 41 294 15 6035 1
597 29 300 25 6853 1
598 57 300 25 6853 1
599 59 284 12 4997 1
600 117 284 12 4997 1
601 175 284 12 4997 1
602 233 284 12 4997 1
603 291 284 12 4997 1
604 29 286 13 4526 1
605 31 286 15 3792 1
606 29 299 23 7574 1
607 57 291 12 4878 1
608 59 286 16 4664 1
609 59 292 17 4856 1
610 30 300 12 2117 1
611 35 292 32 7229 1
612 56 281 8 2586 1
613 111 281 8 2586 1
614 31 282 17 3924 1
615 30 300 28 9109 1
616 44 279 16 6327 1
617 43 286 11 2250 1
618 141 299 9 3745 1
619 56 300 13 5717 1
620 44 281 27 4041 1
621 58 293 16 2901 1
622 44 292 8 2124 1
623 37 278 9 3204 1
624 159 281 14 5327 1
625 317 281 14 5327 1
626 58 294 8 2895 1
627 43 282 14 2136 1
628 65 294 10 4219 1
629 102 300 19 7430 1
630 58 284 16 4625 1
631 115 284 16 4625 1
632 30 279 13 4110 1
633 43 279 18 7151 1
634 57 284 8 2446 1
635 113 284 8 2446 1
636 57 281 18 3453 1
637 57 284 11 2340 1
638 113 284 11 2340 1
639 58 282 12 4403 1
640 57 300 5 2131 1
641 56 286 27 7203 1
642 57 293 9 2434 1
643 106 282 20 2978 1
644 211 282 20 2978 1
645 58 284 15 3974 1
646 57 284 14 2522 1
647 58 278 27 4922 1
648 28 279 15 2724 1
649 29 292 20 2967 1
650 43 291 15 2928 1
651 56 293 30 8180 1
652 29 300 19 6926 1
653 31 299 12 2374 1
654 57 292 12 3360 1
655 113 292 12 3360 1
656 31 284 8 1685 1
657 58 282 12 2977 1
658 115 282 12 2977 1
659 44 284 21 4726 1
660 58 278 13 5419 1
661 64 282 10 4189 1
662 57 279 9 2902 1
663 59 285 36 10646 1
664 27 299 22 6837 1
665 59 293 10 2180 1
666 44 294 10 2621 1
667 42 294 17 3199 1
668 98 299 19 7347 1
669 28 281 26 5610 1
670 28 285 19 4483 1
671 138 299 15 6173 1
672 29 284 7 2532 1
673 42 291 12 4539 1
674 111 278 19 3818 1
675 43 293 16 6485 1
676 59 299 19 7521 1
677 29 285 15 4684 1
678 57 285 15 4684 1
679 29 294 31 9406 1
680 47 291 17 3350 1
681 37 284 8 3132 1
682 29 281 20 3998 1
683 58 300 11 3482 1
684 115 300 11 3482 1
685 118 300 24 8699 1
686 105 294 20 6100 1
687 61 285 13 3997 1
688 148 299 14 4554 1
689 3 291 29 7596 1
690 29 291 10 1649 1
691 30 300 11 4072 1
692 58 282 27 6359 1
693 115 282 27 6359 1
694 58 278 16 2875 1
695 44 293 20 3210 1
696 28 292 21 8260 1
697 59 286 30 8620 1
698 31 286 18 2891 1
699 29 293 25 6955 1
700 57 293 25 6955 1
701 43 294 13 3531 1
702 59 293 18 4405 1
703 58 278 19 6031 1
704 58 281 32 5834 1
705 35 294 38 6278 1
706 69 294 38 6278 1
707 85 284 14 2561 1
708 169 284 14 2561 1
709 98 299 21 6693 1
710 57 279 20 4187 1
711 31 299 15 3590 1
712 30 285 15 5537 1
713 57 294 12 4852 1
714 30 293 10 3666 1
715 57 285 17 4867 1
716 58 293 12 3566 1
717 106 294 12 3947 1
718 44 282 16 3708 1
719 92 286 33 10370 1
720 38 292 10 4161 1
721 98 285 10 2149 1
722 28 294 27 9373 1
723 55 294 27 9373 1
724 59 279 11 2567 1
725 117 279 11 2567 1
726 61 278 16 6573 1
727 56 299 8 2238 1
728 111 299 8 2238 1
729 48 291 10 1804 1
730 31 300 16 3140 1
731 29 282 17 4732 1
732 59 282 11 4425 1
733 57 300 17 6957 1
734 47 293 16 2762 1
735 147 286 21 5849 1
736 293 286 21 5849 1
737 200 293 21 6405 1
738 55 278 7 2755 1
739 30 282 9 2395 1
740 29 279 18 2583 1
741 161 299 26 6081 1
742 30 292 26 3995 1
743 31 286 39 12872 1
744 57 299 23 7009 1
745 91 294 21 8267 1
746 36 285 25 6721 1
747 31 291 13 3574 1
748 58 285 15 3101 1
749 31 293 16 6602 1
750 75 336 21 4320 1
751 17 349 21 5709 1
752 115 333 12 4254 1
753 78 368 36 10418 1
754 51 316 28 11118 1
755 58 324 18 3879 1
756 50 305 36 14316 1
757 13 337 32 6236 1
758 78 324 28 12654 1
759 155 324 28 12654 1
760 78 368 24 11998 1
761 16 316 20 4169 1
762 51 305 14 5309 1
763 101 305 14 5309 1
764 110 337 36 6067 1
765 57 368 30 5930 1
766 113 368 30 5930 1
767 57 324 14 4088 1
768 75 316 43 11800 1
769 10 335 15 5168 1
770 50 338 54 19174 1
771 57 349 31 9656 1
772 118 324 9 3333 1
773 235 324 9 3333 1
774 15 304 33 14551 1
775 50 324 21 9648 1
776 37 323 15 3520 1
777 16 364 30 8500 1
778 58 366 16 6626 1
779 76 304 21 4143 1
780 75 349 33 11513 1
781 78 333 29 11656 1
782 50 338 16 5491 1
783 37 363 10 2083 1
784 79 331 21 4407 1
785 157 331 21 4407 1
786 58 316 37 12844 1
787 118 324 23 11077 1
788 109 363 30 9622 1
789 15 363 10 2614 1
790 57 365 14 7452 1
791 57 303 7 2520 1
792 37 316 89 38309 1
793 50 323 11 4499 1
794 78 304 18 7785 1
795 155 304 18 7785 1
796 52 331 11 4552 1
797 56 335 18 7686 1
798 78 332 25 10006 1
799 52 332 27 6671 1
800 104 303 31 12358 1
801 51 333 24 4767 1
802 79 364 52 23784 1
803 58 303 22 9447 1
804 79 305 25 4787 1
805 157 305 25 4787 1
806 78 336 24 9612 1
807 50 334 26 10070 1
808 16 316 6 2454 1
809 115 316 9 2871 1
810 50 335 23 11198 1
811 79 364 16 3941 1
812 57 316 20 8576 1
813 57 368 29 12736 1
814 89 349 16 5103 1
815 37 337 16 8064 1
816 58 333 32 12825 1
817 106 332 15 3798 1
818 79 366 22 7573 1
819 15 303 18 4491 1
820 73 366 31 7790 1
821 16 331 21 8754 1
822 79 337 33 15079 1
823 101 336 37 14945 1
824 15 349 19 7057 1
825 79 364 17 6486 1
826 73 303 18 5340 1
827 79 323 19 5848 1
828 43 363 10 2878 1
829 37 305 20 5068 1
830 58 337 24 7470 1
831 79 323 29 11197 1
832 157 323 29 11197 1
833 84 365 23 7315 1
834 78 349 20 10294 1
835 85 323 20 6078 1
836 79 366 26 9414 1
837 58 337 18 5296 1
838 15 338 18 7396 1
839 16 332 27 7799 1
840 31 332 27 7799 1
841 79 324 12 3130 1
842 72 363 20 5424 1
843 79 337 21 6006 1
844 56 305 22 4493 1
845 79 304 19 6491 1
846 15 331 25 6920 1
847 79 349 7 1627 1
848 57 318 13 2161 1
849 80 366 15 7724 1
850 106 305 14 3657 1
851 37 303 27 4919 1
852 14 334 22 5458 1
853 87 303 25 7662 1
854 50 305 21 6503 1
855 104 363 10 4679 1
856 56 368 30 9275 1
857 78 304 13 3780 1
858 78 318 12 4781 1
859 78 366 16 7529 1
860 118 305 19 5428 1
861 51 332 12 3380 1
862 101 332 12 3380 1
863 151 332 12 3380 1
864 54 316 18 3585 1
865 79 364 18 6829 1
866 157 364 18 6829 1
867 235 364 18 6829 1
868 51 335 19 3213 1
869 101 335 19 3213 1
870 92 324 24 5271 1
871 50 334 14 6490 1
872 37 304 26 9059 1
873 51 363 25 9818 1
874 101 363 25 9818 1
875 36 331 5 2286 1
876 78 304 13 4288 1
877 15 368 22 4746 1
878 79 334 16 3614 1
879 174 364 42 12029 1
880 73 333 17 6224 1
881 100 324 16 3452 1
882 37 338 28 7420 1
883 75 366 36 14510 1
884 58 324 15 6751 1
885 16 332 16 3828 1
886 76 305 22 6547 1
887 151 305 22 6547 1
888 36 364 39 7486 1
889 79 335 22 4628 1
890 115 364 23 11506 1
891 229 364 23 11506 1
892 75 364 46 17001 1
893 149 364 46 17001 1
894 14 304 9 2512 1
895 75 331 17 5595 1
896 191 368 35 18710 1
897 72 305 28 7498 1
898 58 332 35 14422 1
899 14 303 13 4820 1
900 58 332 19 5255 1
901 79 338 14 6456 1
902 37 305 15 4103 1
903 79 323 10 2350 1
904 157 323 10 2350 1
905 98 316 23 6535 1
906 36 364 22 7317 1
907 14 316 20 3599 1
908 78 316 29 7239 1
909 79 368 10 2742 1
910 78 366 54 26341 1
911 74 338 19 7553 1
912 147 338 19 7553 1
913 78 324 16 3361 1
914 155 324 16 3361 1
915 109 324 17 8033 1
916 27 331 30 10107 1
917 115 324 15 5204 1
918 57 363 44 12088 1
919 74 305 20 6712 1
920 79 368 14 6242 1
921 36 338 21 6034 1
922 57 333 23 4753 1
923 57 305 17 6969 1
924 36 363 23 10625 1
925 60 337 19 6735 1
926 50 331 30 14221 1
927 79 303 19 7025 1
928 14 338 21 7984 1
929 27 338 21 7984 1
930 40 338 21 7984 1
931 110 332 28 7351 1
932 14 323 30 10488 1
933 57 368 24 13017 1
934 50 366 39 15964 1
935 54 365 32 11454 1
936 74 363 17 7219 1
937 74 305 14 5021 1
938 38 303 17 4374 1
939 79 363 12 4956 1
940 57 334 25 12400 1
941 108 332 20 6293 1
942 37 364 27 9203 1
943 81 333 33 14151 1
944 88 336 51 10834 1
945 57 305 20 5466 1
946 17 331 17 5370 1
947 85 305 43 15745 1
948 59 364 33 10560 1
949 35 364 23 11965 1
950 34 336 22 4123 1
951 67 336 22 4123 1
952 86 366 11 3759 1
953 58 364 42 17868 1
954 79 366 33 14537 1
955 157 366 33 14537 1
956 58 331 35 12664 1
957 109 366 21 7582 1
958 58 364 13 4989 1
959 57 303 21 4646 1
960 58 316 16 3413 1
961 14 368 46 21636 1
962 78 364 49 25236 1
963 79 324 28 5799 1
964 157 324 28 5799 1
965 80 316 33 7018 1
966 112 335 18 8190 1
967 57 335 21 4508 1
968 51 335 41 17650 1
969 57 365 18 5555 1
970 72 336 41 12532 1
971 50 336 17 8469 1
972 37 364 62 13524 1
973 73 364 62 13524 1
974 16 334 11 5406 1
975 59 366 35 17272 1
976 56 305 18 2949 1
977 41 336 23 10425 1
978 57 332 17 5235 1
979 13 316 35 7062 1
980 25 316 35 7062 1
981 108 303 21 7000 1
982 215 303 21 7000 1
983 74 349 22 8668 1
984 122 333 18 5619 1
985 84 303 19 6189 1
986 58 337 24 10655 1
987 85 363 39 10437 1
988 79 318 22 7341 1
989 34 363 12 3782 1
990 149 398 15 5127 1
991 297 398 15 5127 1
992 74 395 25 14544 1
993 84 397 34 14988 1
994 167 397 34 14988 1
995 89 396 32 13108 1
996 85 397 27 6691 1
997 175 396 34 11121 1
998 110 398 39 19609 1
999 87 397 28 11754 1
1000 111 398 35 7201 1
1001 81 397 46 24072 1
1002 161 397 46 24072 1
1003 87 399 38 16008 1
1004 72 398 39 9123 1
1005 178 397 32 12362 1
1006 79 398 23 7964 1
1007 15 396 17 8653 1
1008 78 396 34 10613 1
1009 13 396 47 17076 1
1010 78 396 36 19850 1
1011 85 396 29 15660 1
1012 74 396 23 7262 1
1013 14 398 35 9590 1
1014 173 396 31 16908 1
1015 79 397 31 6287 1
1016 18 398 23 7989 1
1017 90 397 34 13204 1
1018 84 395 36 12693 1
1019 14 395 37 11023 1
1020 27 395 37 11023 1
1021 77 396 37 16993 1
1022 88 397 26 9292 1
1023 76 398 13 4646 1
1024 156 396 19 7307 1
1025 90 399 42 16644 1
1026 11 395 16 3644 1
1027 84 398 28 9555 1
1028 179 398 27 14657 1
1029 94 398 31 14587 1
1030 77 398 22 4738 1
1031 107 399 32 8135 1
1032 85 395 36 17196 1
1033 78 399 34 12289 1
1034 83 396 21 9393 1
1035 155 399 29 7050 1
1036 85 399 22 12240 1
14
503 620 807 620 700 205 255 700 700 700 700 700 200 460 