1036
1 9 125 12 1875 1
2 29 133 14 1127 1
3 57 133 14 1127 1
4 8 125 16 1064 1
5 15 125 16 1064 1
6 3 125 3 405 1
7 8 132 8 1516 1
8 15 132 8 1516 1
9 22 132 8 1516 1
10 14 140 4 285 1
11 27 137 21 3442 1
12 53 137 21 3442 1
13 21 133 7 1276 1
14 10 140 16 1355 1
15 19 140 16 1355 1
16 12 118 38 3314 1
17 1 118 12 1069 1
18 1 118 12 1069 1
19 10 129 5 843 1
20 18 125 13 1861 1
21 35 125 13 1861 1
22 52 125 13 1861 1
23 8 133 13 2378 1
24 15 133 13 2378 1
25 3 118 7 735 1
26 8 134 4 533 1
27 18 140 8 839 1
28 35 140 8 839 1
29 8 134 4 356 1
30 15 134 4 356 1
31 22 134 4 356 1
32 29 134 4 356 1
33 36 134 4 356 1
34 43 134 4 356 1
35 50 134 4 356 1
36 8 125 10 1510 1
37 1 118 12 1720 1
38 10 129 6 1038 1
39 16 125 18 1508 1
40 18 138 9 1793 1
41 35 138 9 1793 1
42 8 125 6 607 1
43 9 129 11 2021 1
44 17 129 11 2021 1
45 9 140 5 761 1
46 17 140 5 761 1
47 2 129 20 3396 1
48 14 134 40 4599 1
49 7 129 7 893 1
50 7 132 7 503 1
51 13 132 7 503 1
52 18 140 9 1610 1
53 35 140 9 1610 1
54 52 140 9 1610 1
55 8 132 5 692 1
56 8 138 12 1201 1
57 15 138 12 1201 1
58 4 132 3 590 1
59 7 132 3 590 1
60 38 137 13 2362 1
61 75 137 13 2362 1
62 15 133 12 1140 1
63 10 138 9 1829 1
64 15 138 9 1114 1
65 20 137 8 1304 1
66 13 118 14 2250 1
67 8 129 20 2092 1
68 2 118 6 951 1
69 22 138 6 996 1
70 43 138 6 996 1
71 31 132 15 1780 1
72 22 132 5 669 1
73 8 140 15 1167 1
74 15 140 15 1167 1
75 13 125 12 960 1
76 9 140 19 2811 1
77 9 133 7 1313 1
78 17 133 7 1313 1
79 27 125 9 1304 1
80 53 125 9 1304 1
81 7 140 4 377 1
82 13 140 4 377 1
83 9 125 9 1166 1
84 21 137 12 1674 1
85 41 137 12 1674 1
86 8 134 10 926 1
87 11 137 7 1052 1
88 12 129 18 1185 1
89 14 138 5 763 1
90 8 132 9 1081 1
91 15 132 9 1081 1
92 22 132 9 1081 1
93 29 132 9 1081 1
94 8 134 24 2176 1
95 17 129 8 540 1
96 33 129 8 540 1
97 17 118 13 1614 1
98 33 118 13 1614 1
99 26 129 5 752 1
100 51 129 5 752 1
101 9 125 15 1017 1
102 18 188 10 2471 1
103 17 181 14 2976 1
104 37 161 17 2075 1
105 43 199 14 2008 1
106 17 184 15 2293 1
107 16 184 8 1926 1
108 42 171 15 2392 1
109 35 199 23 6384 1
110 43 197 20 2649 1
111 85 197 20 2649 1
112 43 177 16 4070 1
113 6 190 12 3104 1
114 18 195 21 2926 1
115 14 199 9 1352 1
116 27 199 9 1352 1
117 17 167 12 1191 1
118 43 161 17 3195 1
119 85 161 17 3195 1
120 127 161 17 3195 1
121 43 204 10 1728 1
122 8 207 30 7133 1
123 44 149 13 2376 1
124 87 149 13 2376 1
125 130 149 13 2376 1
126 173 149 13 2376 1
127 43 170 11 2183 1
128 43 181 11 2121 1
129 85 181 11 2121 1
130 127 181 11 2121 1
131 42 170 9 2256 1
132 43 197 19 2142 1
133 16 178 15 1858 1
134 44 161 42 7046 1
135 43 195 13 1425 1
136 21 205 21 4661 1
137 22 204 11 1690 1
138 44 151 4 549 1
139 87 151 4 549 1
140 130 151 4 549 1
141 70 195 15 1903 1
142 22 199 33 6542 1
143 14 171 14 2937 1
144 21 177 11 1387 1
145 45 210 15 2765 1
146 44 151 14 2180 1
147 48 177 17 4182 1
148 42 161 21 4345 1
149 44 203 18 5353 1
150 87 203 18 5353 1
151 32 149 17 3348 1
152 63 149 17 3348 1
153 17 167 21 3787 1
154 7 149 13 1298 1
155 18 177 15 3912 1
156 16 149 13 991 1
157 43 197 28 6294 1
158 42 187 27 2925 1
159 378 199 9 2228 1
160 16 194 11 2575 1
161 25 188 14 2336 1
162 39 199 27 4584 1
163 80 194 6 850 1
164 159 194 6 850 1
165 38 204 23 3356 1
166 43 199 11 2939 1
167 21 204 15 3932 1
168 5 203 7 1830 1
169 45 202 23 2845 1
170 46 161 13 1247 1
171 7 181 15 3229 1
172 16 210 7 1597 1
173 23 167 29 7096 1
174 59 202 12 1710 1
175 15 203 12 1625 1
176 43 194 26 5134 1
177 20 181 16 2245 1
178 44 149 25 5033 1
179 43 188 11 1693 1
180 59 194 6 1396 1
181 37 167 16 2845 1
182 44 208 26 3689 1
183 87 208 26 3689 1
184 210 188 41 5014 1
185 17 205 9 983 1
186 48 151 9 1590 1
187 16 204 25 5299 1
188 31 204 25 5299 1
189 43 170 12 2190 1
190 22 187 17 1895 1
191 19 171 30 3482 1
192 6 199 13 3381 1
193 6 210 24 5748 1
194 49 167 6 1418 1
195 80 181 9 885 1
196 21 197 8 2082 1
197 17 178 23 3857 1
198 42 190 29 4692 1
199 83 190 29 4692 1
200 124 190 29 4692 1
201 165 190 29 4692 1
202 39 197 13 2052 1
203 44 151 9 789 1
204 87 151 9 789 1
205 17 197 7 2002 1
206 65 197 29 5447 1
207 203 167 23 2602 1
208 44 208 35 8464 1
209 87 208 35 8464 1
210 6 190 9 2484 1
211 44 167 7 1640 1
212 87 167 7 1640 1
213 17 202 7 781 1
214 42 199 16 4712 1
215 44 188 24 6227 1
216 87 188 24 6227 1
217 130 188 24 6227 1
218 393 188 18 2641 1
219 18 202 23 6145 1
220 46 171 21 2478 1
221 91 171 21 2478 1
222 65 181 25 5773 1
223 44 177 13 2393 1
224 87 177 13 2393 1
225 58 171 14 2726 1
226 115 171 14 2726 1
227 172 171 14 2726 1
228 6 170 9 1192 1
229 11 170 9 1192 1
230 24 203 30 8317 1
231 6 151 9 2038 1
232 15 161 11 1920 1
233 16 208 17 4795 1
234 31 208 17 4795 1
235 55 203 9 2432 1
236 132 203 10 2237 1
237 45 195 26 3068 1
238 89 195 26 3068 1
239 21 204 21 5127 1
240 18 208 34 6226 1
241 207 190 10 1314 1
242 45 203 27 6685 1
243 17 190 11 2500 1
244 20 190 11 1835 1
245 6 197 34 8116 1
246 30 202 8 2175 1
247 44 188 11 3011 1
248 43 167 26 6281 1
249 24 195 20 4500 1
250 47 195 20 4500 1
251 6 203 30 3756 1
252 13 177 22 4391 1
253 52 149 14 1161 1
254 191 167 8 1540 1
255 381 167 8 1540 1
256 30 242 13 2170 1
257 36 242 14 4213 1
258 44 244 10 2593 1
259 1 243 45 9324 1
260 37 243 19 4495 1
261 44 237 10 1243 1
262 35 245 9 2132 1
263 116 216 13 4142 1
264 44 230 14 2714 1
265 53 245 31 6843 1
266 46 220 10 1419 1
267 44 221 17 2185 1
268 129 222 28 8794 1
269 58 225 22 3833 1
270 44 242 18 3305 1
271 32 237 11 2117 1
272 63 237 11 2117 1
273 88 212 11 1987 1
274 29 220 11 3599 1
275 43 237 7 1348 1
276 34 221 19 5056 1
277 57 230 52 15825 1
278 44 220 8 1968 1
279 52 216 23 4154 1
280 103 216 23 4154 1
281 44 244 17 5684 1
282 87 244 17 5684 1
283 43 228 22 2915 1
284 58 222 16 2417 1
285 28 220 17 4410 1
286 112 239 11 2587 1
287 39 220 40 6903 1
288 44 220 50 15061 1
289 43 242 20 2435 1
290 30 245 19 5455 1
291 56 225 17 4989 1
292 30 244 15 2650 1
293 43 221 13 4048 1
294 58 225 14 3827 1
295 31 243 31 4561 1
296 61 243 31 4561 1
297 58 245 20 5689 1
298 14 212 12 2124 1
299 45 216 21 6789 1
300 47 243 30 7575 1
301 93 243 30 7575 1
302 51 225 17 3603 1
303 57 230 21 5184 1
304 31 244 14 2687 1
305 29 230 15 3126 1
306 22 221 21 3060 1
307 27 242 11 3751 1
308 61 243 14 3184 1
309 43 212 11 2171 1
310 66 228 19 6079 1
311 39 212 24 6896 1
312 77 212 24 6896 1
313 44 228 24 7137 1
314 29 242 22 5090 1
315 44 216 26 6636 1
316 30 245 14 2281 1
317 45 237 20 4981 1
318 79 228 21 4359 1
319 37 244 20 4156 1
320 102 243 18 2893 1
321 203 243 18 2893 1
322 43 245 15 2992 1
323 44 242 14 4019 1
324 30 245 13 2270 1
325 13 221 11 2481 1
326 16 220 24 3112 1
327 42 244 19 4245 1
328 10 237 23 5399 1
329 30 230 16 5411 1
330 59 230 16 5411 1
331 42 244 10 1602 1
332 29 225 7 1623 1
333 43 222 31 9434 1
334 98 216 12 2842 1
335 195 216 12 2842 1
336 56 237 20 4973 1
337 44 220 18 2310 1
338 55 245 20 2519 1
339 31 242 82 26425 1
340 58 212 36 10523 1
341 31 230 14 2541 1
342 56 222 14 3881 1
343 115 216 18 3847 1
344 96 237 18 4344 1
345 38 245 18 6353 1
346 8 220 16 3070 1
347 63 222 10 2759 1
348 31 212 11 2944 1
349 31 244 22 7459 1
350 61 244 22 7459 1
351 56 237 11 2691 1
352 82 212 21 3407 1
353 12 230 26 8696 1
354 57 216 15 3623 1
355 113 216 15 3623 1
356 72 228 31 6773 1
357 52 230 28 7983 1
358 59 222 20 2308 1
359 51 237 17 2500 1
360 99 243 21 6612 1
361 44 222 22 4460 1
362 29 244 18 6429 1
363 57 244 18 6429 1
364 56 239 31 6561 1
365 80 244 20 6180 1
366 11 239 15 4434 1
367 30 244 18 5726 1
368 36 237 26 3729 1
369 92 228 31 4040 1
370 31 244 27 5446 1
371 44 245 28 8840 1
372 83 228 21 6075 1
373 104 244 26 8644 1
374 100 242 11 2641 1
375 30 228 11 3180 1
376 47 244 20 3988 1
377 93 244 20 3988 1
378 46 221 14 2311 1
379 31 220 12 3725 1
380 50 242 17 2680 1
381 58 230 20 3108 1
382 59 220 7 1370 1
383 70 245 27 9904 1
384 58 230 17 4438 1
385 30 221 16 2744 1
386 90 220 10 2666 1
387 43 239 44 12873 1
388 30 244 26 4099 1
389 31 220 12 3715 1
390 28 243 9 2567 1
391 43 222 18 5052 1
392 45 237 57 8399 1
393 19 237 27 3756 1
394 44 230 11 2619 1
395 87 230 11 2619 1
396 51 230 10 3269 1
397 5 220 16 2713 1
398 30 212 34 10504 1
399 50 222 20 4034 1
400 99 222 20 4034 1
401 36 244 10 2348 1
402 71 244 10 2348 1
403 41 225 16 2756 1
404 94 239 8 2190 1
405 15 225 38 6340 1
406 44 222 9 1682 1
407 16 258 18 5404 1
408 57 262 19 5626 1
409 36 265 13 2262 1
410 71 265 13 2262 1
411 29 265 15 5274 1
412 28 275 15 3260 1
413 36 260 5 1741 1
414 31 246 20 5047 1
415 42 276 16 3041 1
416 43 274 13 3419 1
417 50 265 22 7831 1
418 37 274 12 2171 1
419 57 273 19 6828 1
420 224 268 27 8298 1
421 48 257 6 823 1
422 95 257 6 823 1
423 30 265 31 5942 1
424 182 268 23 7570 1
425 30 274 17 4607 1
426 59 274 17 4607 1
427 107 246 20 5763 1
428 35 276 20 5732 1
429 96 275 20 3933 1
430 94 262 3 489 1
431 187 262 3 489 1
432 30 264 23 7024 1
433 59 264 23 7024 1
434 58 275 22 5183 1
435 26 261 21 3020 1
436 51 261 21 3020 1
437 35 264 16 5428 1
438 50 273 19 6914 1
439 36 274 27 5225 1
440 30 277 20 4395 1
441 59 277 20 4395 1
442 88 277 20 4395 1
443 57 265 20 7290 1
444 30 274 20 3651 1
445 92 270 9 1405 1
446 100 255 20 5308 1
447 37 277 13 4897 1
448 43 264 15 4277 1
449 7 259 21 6647 1
450 30 267 9 2133 1
451 38 276 16 4309 1
452 103 270 17 3468 1
453 58 275 10 2818 1
454 115 275 10 2818 1
455 37 270 17 3968 1
456 43 261 17 4346 1
457 57 246 10 2929 1
458 93 275 11 3575 1
459 50 261 15 2609 1
460 54 265 16 3258 1
461 51 267 12 2006 1
462 48 274 22 7490 1
463 95 274 22 7490 1
464 40 270 11 3798 1
465 29 265 10 2688 1
466 29 265 19 7245 1
467 51 275 21 8550 1
468 30 257 13 4177 1
469 15 270 7 1118 1
470 50 255 7 1480 1
471 37 257 10 1316 1
472 29 276 23 8322 1
473 91 257 12 2068 1
474 37 261 15 5770 1
475 15 262 6 1471 1
476 36 260 13 3827 1
477 55 262 17 6202 1
478 16 265 25 8397 1
479 36 277 18 3058 1
480 37 267 11 2011 1
481 44 257 7 2382 1
482 29 255 19 6499 1
483 57 255 19 6499 1
484 37 261 18 3913 1
485 35 258 12 2597 1
486 29 261 15 5822 1
487 49 275 21 7384 1
488 26 276 11 4490 1
489 51 276 11 4490 1
490 104 259 4 1366 1
491 44 275 14 2862 1
492 37 268 20 3748 1
493 16 274 13 4824 1
494 158 277 20 5233 1
495 30 276 23 3818 1
496 59 276 23 3818 1
497 17 246 12 2235 1
498 30 257 18 3919 1
499 98 274 16 2745 1
500 195 274 16 2745 1
501 37 258 24 5322 1
502 44 258 10 3427 1
503 36 258 15 4211 1
504 93 275 15 2321 1
505 38 276 26 4555 1
506 36 262 13 3341 1
507 50 265 7 1109 1
508 57 276 1 340 1
509 51 255 22 7439 1
510 101 255 22 7439 1
511 151 255 22 7439 1
512 14 270 19 5214 1
513 29 277 22 6675 1
514 43 264 23 5872 1
515 85 264 23 5872 1
516 115 261 18 2960 1
517 37 273 18 3207 1
518 72 264 23 6987 1
519 31 276 13 2049 1
520 37 265 24 3744 1
521 37 268 24 4374 1
522 37 276 14 5408 1
523 37 260 25 8509 1
524 73 260 25 8509 1
525 57 277 20 6691 1
526 96 259 21 6320 1
527 30 264 16 5463 1
528 69 258 16 5117 1
529 108 268 10 2573 1
530 30 246 5 876 1
531 59 246 5 876 1
532 37 255 20 5337 1
533 58 258 16 6029 1
534 50 267 17 5469 1
535 30 270 15 3181 1
536 58 246 10 2200 1
537 29 258 12 4162 1
538 37 277 13 4782 1
539 30 273 14 2450 1
540 95 268 16 3980 1
541 93 246 15 5306 1
542 29 270 9 3427 1
543 50 257 16 4506 1
544 57 274 25 10261 1
545 36 276 21 8270 1
546 71 276 21 8270 1
547 36 264 10 1497 1
548 71 264 10 1497 1
549 101 268 17 6186 1
550 25 257 35 9971 1
551 43 246 19 4945 1
552 34 261 22 8531 1
553 30 260 5 738 1
554 44 246 12 3770 1
555 13 276 24 7865 1
556 37 267 20 7115 1
557 28 273 11 2854 1
558 37 261 20 2894 1
559 36 246 16 2728 1
560 57 268 10 3495 1
561 50 276 9 3404 1
562 37 257 19 4329 1
563 29 268 35 8430 1
564 36 273 18 2545 1
565 30 274 19 2893 1
566 43 257 26 5464 1
567 16 276 28 4636 1
568 43 264 19 3939 1
569 49 255 20 4847 1
570 37 261 18 3492 1
571 95 268 14 3246 1
572 189 268 14 3246 1
573 58 274 12 1657 1
574 57 277 14 4176 1
575 31 264 31 7963 1
576 44 258 12 2832 1
577 43 264 17 2659 1
578 51 270 21 6966 1
579 36 277 17 4621 1
580 37 262 11 3685 1
581 16 264 13 4158 1
582 36 274 14 5447 1
583 57 259 10 1432 1
584 30 255 30 5312 1
585 59 255 30 5312 1
586 43 274 17 3229 1
587 38 264 13 3803 1
588 55 270 6 2257 1
589 56 279 17 3584 1
590 45 299 15 2340 1
591 28 299 13 2155 1
592 65 284 12 3911 1
593 57 281 20 3341 1
594 58 285 22 9228 1
595 34 291 19 4414 1
596 57 293 35 7356 1
597 4 294 17 7028 1
598 21 278 20 7931 1
599 30 293 12 2265 1
600 29 279 7 2722 1
601 43 284 8 2211 1
602 57 293 19 4003 1
603 58 293 14 5713 1
604 115 293 14 5713 1
605 29 281 12 4144 1
606 57 281 12 4144 1
607 122 293 29 7837 1
608 43 291 6 1592 1
609 31 299 11 4098 1
610 57 292 22 7780 1
611 57 284 11 4211 1
612 113 284 11 4211 1
613 59 282 15 3435 1
614 117 282 15 3435 1
615 23 281 10 4161 1
616 30 279 32 8726 1
617 57 292 14 3252 1
618 25 291 37 9649 1
619 12 278 12 4729 1
620 112 300 17 4502 1
621 57 282 23 4196 1
622 131 286 19 5375 1
623 56 299 10 2674 1
624 28 282 13 5170 1
625 43 293 12 2240 1
626 85 293 12 2240 1
627 27 279 20 5975 1
628 58 291 11 4372 1
629 68 279 19 4432 1
630 107 292 18 7081 1
631 32 278 21 4280 1
632 56 284 16 5182 1
633 45 293 19 6588 1
634 60 281 21 8765 1
635 45 292 14 2627 1
636 59 281 9 3171 1
637 170 285 13 2407 1
638 339 285 13 2407 1
639 58 300 31 8789 1
640 30 282 12 4521 1
641 36 293 32 6045 1
642 29 292 23 7880 1
643 111 286 18 4149 1
644 44 300 13 2484 1
645 57 281 28 8412 1
646 95 300 9 3177 1
647 44 282 25 9427 1
648 28 293 17 3846 1
649 28 284 18 6119 1
650 55 284 18 6119 1
651 29 284 12 3928 1
652 28 281 13 2526 1
653 56 293 17 3857 1
654 29 278 15 2429 1
655 59 299 27 7087 1
656 28 291 24 4652 1
657 30 281 30 7186 1
658 216 282 12 3041 1
659 59 284 11 4520 1
660 7 292 8 2146 1
661 6 293 17 6133 1
662 56 279 29 8996 1
663 111 279 29 8996 1
664 166 279 29 8996 1
665 60 299 53 11267 1
666 28 299 17 5364 1
667 64 300 15 5492 1
668 57 291 5 1859 1
669 30 300 12 4110 1
670 30 291 21 8449 1
671 58 279 9 3083 1
672 57 285 30 12575 1
673 43 292 22 5346 1
674 57 281 18 6655 1
675 21 286 8 1745 1
676 71 286 8 1472 1
677 30 285 9 2720 1
678 59 285 9 2720 1
679 88 285 9 2720 1
680 117 285 9 2720 1
681 36 285 11 3522 1
682 69 278 20 7318 1
683 30 292 13 2622 1
684 29 300 12 2008 1
685 24 284 15 3857 1
686 65 292 14 6007 1
687 58 278 29 9775 1
688 70 278 13 2998 1
689 5 282 16 2505 1
690 30 294 13 2116 1
691 31 300 16 5691 1
692 61 300 16 5691 1
693 29 299 8 1611 1
694 56 292 21 8817 1
695 19 279 14 5474 1
696 30 278 19 4446 1
697 59 278 19 4446 1
698 45 284 13 3167 1
699 58 293 21 6616 1
700 8 293 36 6345 1
701 58 299 23 9585 1
702 115 299 23 9585 1
703 56 294 17 6847 1
704 42 282 12 2910 1
705 59 299 17 5531 1
706 41 300 13 2243 1
707 58 300 21 9373 1
708 59 282 7 2736 1
709 29 284 11 4263 1
710 205 294 19 3257 1
711 42 279 22 7191 1
712 58 282 20 6695 1
713 115 282 20 6695 1
714 57 294 7 1100 1
715 24 300 17 6903 1
716 31 279 13 1917 1
717 29 284 24 8123 1
718 44 279 25 4376 1
719 58 282 15 2687 1
720 115 282 15 2687 1
721 29 286 32 8665 1
722 60 294 10 3458 1
723 91 294 7 2231 1
724 29 279 7 2231 1
725 43 292 32 13574 1
726 57 286 18 5515 1
727 41 292 22 8517 1
728 94 286 9 3660 1
729 30 291 20 7916 1
730 58 281 20 4887 1
731 30 282 23 4670 1
732 59 282 23 4670 1
733 88 282 23 4670 1
734 28 286 24 8248 1
735 57 282 23 7353 1
736 55 286 16 5699 1
737 29 285 20 7687 1
738 59 299 12 2716 1
739 117 299 12 2716 1
740 43 278 16 5981 1
741 58 278 10 1915 1
742 31 278 15 4941 1
743 58 299 12 5028 1
744 115 299 12 5028 1
745 59 281 9 2528 1
746 38 291 12 4970 1
747 101 293 19 4280 1
748 29 299 32 9240 1
749 58 299 13 3021 1
750 78 303 11 3153 1
751 108 336 22 10530 1
752 78 318 42 17573 1
753 86 331 10 2883 1
754 38 333 29 10941 1
755 77 333 21 5257 1
756 77 303 22 3856 1
757 78 332 36 10639 1
758 155 332 36 10639 1
759 52 304 29 5515 1
760 79 323 12 4933 1
761 58 333 27 6587 1
762 94 316 24 9204 1
763 80 324 11 4464 1
764 36 337 22 5549 1
765 117 336 25 11148 1
766 95 331 35 13495 1
767 59 349 19 8151 1
768 57 364 42 16205 1
769 15 364 30 5736 1
770 14 305 19 7537 1
771 14 334 8 3346 1
772 51 363 43 16292 1
773 79 334 16 5651 1
774 157 334 16 5651 1
775 235 334 16 5651 1
776 117 305 32 11332 1
777 35 364 29 9738 1
778 50 366 17 7429 1
779 38 337 15 3102 1
780 79 323 21 4466 1
781 157 323 21 4466 1
782 14 363 59 25492 1
783 51 365 36 16535 1
784 59 323 24 5758 1
785 56 364 23 6651 1
786 111 364 23 6651 1
787 78 334 46 19298 1
788 36 331 38 7874 1
789 51 366 23 11107 1
790 101 366 23 11107 1
791 123 365 29 7261 1
792 51 305 20 4926 1
793 50 333 39 17465 1
794 59 318 39 14967 1
795 58 303 17 6218 1
796 88 338 15 7420 1
797 16 323 50 17375 1
798 86 366 22 4193 1
799 57 364 27 7007 1
800 51 363 9 3301 1
801 79 334 14 6396 1
802 109 334 9 2681 1
803 15 365 30 15768 1
804 59 323 16 4274 1
805 79 363 13 5619 1
806 79 364 18 8696 1
807 50 349 16 3077 1
808 57 368 11 4789 1
809 79 304 16 3365 1
810 50 336 30 13755 1
811 36 336 28 8382 1
812 27 349 27 6632 1
813 73 368 10 4004 1
814 35 332 19 3487 1
815 50 316 22 3730 1
816 37 368 30 16177 1
817 49 336 35 7754 1
818 15 324 10 4038 1
819 61 324 15 2754 1
820 36 324 9 2486 1
821 58 337 19 8201 1
822 106 334 27 9489 1
823 79 366 29 13171 1
824 35 337 29 8505 1
825 73 323 13 4901 1
826 57 334 12 4543 1
827 56 324 40 11265 1
828 92 335 18 3892 1
829 90 331 15 6468 1
830 74 365 30 10503 1
831 78 366 13 6047 1
832 77 368 15 6542 1
833 16 318 27 9749 1
834 31 318 27 9749 1
835 41 368 11 3088 1
836 57 324 32 11667 1
837 113 324 32 11667 1
838 169 324 32 11667 1
839 78 324 48 11227 1
840 87 323 19 5263 1
841 95 365 61 31896 1
842 57 333 21 8517 1
843 75 333 12 5054 1
844 149 333 12 5054 1
845 69 318 10 2742 1
846 87 316 35 10094 1
847 16 349 11 2399 1
848 75 366 11 3560 1
849 149 366 11 3560 1
850 126 333 16 6816 1
851 51 364 14 3553 1
852 56 366 27 9754 1
853 72 332 48 21873 1
854 14 349 35 13237 1
855 58 338 35 17349 1
856 115 338 35 17349 1
857 78 349 39 17075 1
858 52 323 32 12368 1
859 50 303 27 11580 1
860 37 335 41 13096 1
861 73 334 22 9948 1
862 85 366 26 8624 1
863 56 338 26 10179 1
864 79 331 24 5780 1
865 15 324 15 5847 1
866 79 336 25 9701 1
867 77 333 26 12456 1
868 79 335 15 2842 1
869 57 323 23 3802 1
870 113 323 23 3802 1
871 61 349 29 14006 1
872 15 334 14 3970 1
873 79 316 13 3910 1
874 157 316 13 3910 1
875 79 349 54 12825 1
876 116 305 14 3129 1
877 78 336 18 3848 1
878 79 333 28 10364 1
879 157 333 28 10364 1
880 83 303 33 6093 1
881 56 331 21 3898 1
882 57 336 13 2517 1
883 51 368 12 5552 1
884 50 365 17 4847 1
885 99 365 17 4847 1
886 78 333 18 3940 1
887 79 318 22 10376 1
888 12 338 38 14078 1
889 23 338 38 14078 1
890 53 323 37 17371 1
891 72 366 20 8692 1
892 74 323 14 5686 1
893 16 363 28 8073 1
894 79 304 21 4189 1
895 157 304 21 4189 1
896 78 363 16 3570 1
897 51 364 40 15452 1
898 59 304 61 9474 1
899 120 338 25 4421 1
900 14 368 34 16242 1
901 57 331 12 3437 1
902 113 331 12 3437 1
903 58 337 22 8737 1
904 37 337 17 7788 1
905 57 318 8 3419 1
906 101 318 24 6763 1
907 201 318 24 6763 1
908 77 334 18 6176 1
909 153 334 18 6176 1
910 110 334 10 4038 1
911 78 349 18 6866 1
912 57 304 22 5784 1
913 58 365 53 28763 1
914 23 368 26 5995 1
915 35 318 19 5357 1
916 36 334 26 12485 1
917 58 364 47 20746 1
918 115 364 47 20746 1
919 78 318 22 5867 1
920 36 331 19 7956 1
921 57 337 29 13410 1
922 36 338 13 2198 1
923 14 304 17 3240 1
924 57 305 33 5711 1
925 56 365 21 11146 1
926 120 363 47 22105 1
927 58 333 25 11809 1
928 36 364 17 4612 1
929 57 318 37 14974 1
930 113 318 37 14974 1
931 169 318 37 14974 1
932 36 337 38 8105 1
933 78 365 24 5431 1
934 72 334 11 3939 1
935 57 316 12 2649 1
936 80 366 16 6709 1
937 109 364 18 3938 1
938 217 364 18 3938 1
939 58 336 14 5238 1
940 56 332 18 7467 1
941 79 335 11 5099 1
942 78 366 23 6207 1
943 155 366 23 6207 1
944 78 305 15 2579 1
945 155 305 15 2579 1
946 79 332 13 6052 1
947 78 366 30 15522 1
948 58 365 31 6342 1
949 115 365 31 6342 1
950 172 365 31 6342 1
951 51 368 17 4482 1
952 79 332 19 7988 1
953 157 332 19 7988 1
954 79 366 20 9679 1
955 73 335 16 2974 1
956 77 332 15 6785 1
957 71 368 29 6912 1
958 95 318 25 9609 1
959 77 332 34 13078 1
960 58 324 19 9030 1
961 115 324 19 9030 1
962 80 318 22 4514 1
963 73 332 57 25271 1
964 57 363 18 7534 1
965 113 363 18 7534 1
966 15 363 25 13349 1
967 57 305 13 5221 1
968 113 305 13 5221 1
969 79 365 13 6542 1
970 79 334 20 5707 1
971 73 333 19 7043 1
972 36 324 14 3875 1
973 88 365 26 10755 1
974 57 363 33 16853 1
975 112 336 30 12958 1
976 37 364 40 13461 1
977 36 333 20 8399 1
978 72 365 20 4082 1
979 87 363 20 10266 1
980 147 368 20 9890 1
981 59 331 40 19526 1
982 50 349 25 12846 1
983 99 349 25 12846 1
984 52 333 24 9763 1
985 50 366 30 16426 1
986 116 365 23 5772 1
987 50 364 20 8801 1
988 79 316 16 7298 1
989 157 316 16 7298 1
990 85 398 46 18813 1
991 169 398 46 18813 1
992 111 397 42 18243 1
993 79 395 30 7414 1
994 12 395 39 20650 1
995 73 399 19 6172 1
996 88 399 40 17495 1
997 87 396 21 5578 1
998 88 395 33 13604 1
999 175 395 33 13604 1
1000 80 398 38 21965 1
1001 79 397 25 5996 1
1002 74 399 34 9401 1
1003 80 396 30 8074 1
1004 12 397 16 9067 1
1005 72 397 38 14703 1
1006 183 396 23 7417 1
1007 78 398 22 5931 1
1008 76 396 34 17710 1
1009 185 395 40 16622 1
1010 78 399 20 4046 1
1011 154 398 23 12704 1
1012 79 398 41 21932 1
1013 79 396 30 7412 1
1014 81 399 38 8953 1
1015 161 399 38 8953 1
1016 87 398 41 21057 1
1017 109 396 27 11775 1
1018 74 397 31 17773 1
1019 73 396 33 10174 1
1020 83 398 40 10744 1
1021 83 395 31 15185 1
1022 80 397 29 12495 1
1023 94 399 52 11795 1
1024 12 396 30 10259 1
1025 10 395 34 9180 1
1026 89 396 23 10817 1
1027 177 396 23 10817 1
1028 265 396 23 10817 1
1029 353 396 23 10817 1
1030 17 395 33 17650 1
1031 86 396 37 20087 1
1032 74 397 23 8860 1
1033 106 395 21 4728 1
1034 74 397 57 22427 1
1035 78 397 37 14649 1
1036 78 398 28 15835 1
14
503 620 807 620 700 205 255 700 700 700 700 700 200 460 