1036
1 9 140 11 907 1
2 17 140 11 907 1
3 25 140 11 907 1
4 2 125 5 655 1
5 9 134 23 2401 1
6 17 134 23 2401 1
7 25 134 23 2401 1
8 33 134 23 2401 1
9 12 140 46 8100 1
10 23 140 46 8100 1
11 34 140 46 8100 1
12 23 118 8 1311 1
13 9 137 6 982 1
14 17 137 6 982 1
15 25 137 6 982 1
16 33 137 6 982 1
17 34 125 19 2868 1
18 2 134 9 899 1
19 3 134 9 899 1
20 19 118 11 771 1
21 37 118 11 771 1
22 24 140 11 2174 1
23 47 140 11 2174 1
24 70 140 11 2174 1
25 23 118 5 528 1
26 45 118 5 528 1
27 23 118 14 1849 1
28 23 132 13 2502 1
29 15 133 8 1358 1
30 29 133 8 1358 1
31 12 129 16 2025 1
32 23 129 16 2025 1
33 34 129 16 2025 1
34 7 129 12 2281 1
35 7 118 10 794 1
36 30 138 45 3821 1
37 29 129 5 681 1
38 57 129 5 681 1
39 85 129 5 681 1
40 11 140 8 610 1
41 20 129 17 2589 1
42 8 129 34 4026 1
43 1 132 17 2021 1
44 11 129 13 2257 1
45 6 129 13 1906 1
46 11 129 13 1906 1
47 16 129 13 1906 1
48 21 129 13 1906 1
49 8 140 10 1087 1
50 15 140 10 1087 1
51 14 138 7 1039 1
52 2 125 26 3189 1
53 8 129 7 1294 1
54 25 133 7 505 1
55 9 118 11 705 1
56 17 118 11 705 1
57 25 118 11 705 1
58 33 118 11 705 1
59 16 132 23 3990 1
60 9 133 17 1433 1
61 10 125 13 1733 1
62 11 125 12 865 1
63 2 132 39 6057 1
64 20 133 33 3165 1
65 3 138 12 1708 1
66 8 134 16 1817 1
67 15 134 16 1817 1
68 22 134 16 1817 1
69 29 134 16 1817 1
70 36 134 16 1817 1
71 43 134 16 1817 1
72 16 133 7 1081 1
73 227 140 14 1976 1
74 3 138 8 1325 1
75 24 118 4 328 1
76 3 138 6 1183 1
77 13 133 16 3047 1
78 2 138 20 1389 1
79 3 138 20 1389 1
80 2 138 39 6132 1
81 27 129 6 924 1
82 22 134 31 5446 1
83 43 134 31 5446 1
84 9 132 33 6204 1
85 17 132 33 6204 1
86 25 132 33 6204 1
87 7 129 24 1954 1
88 21 138 29 3967 1
89 18 140 6 1068 1
90 35 140 6 1068 1
91 22 125 6 1084 1
92 43 125 6 1084 1
93 1 137 12 961 1
94 14 129 26 3831 1
95 8 137 31 5591 1
96 15 137 31 5591 1
97 7 134 20 3765 1
98 13 134 20 3765 1
99 19 134 20 3765 1
100 25 134 20 3765 1
101 31 134 20 3765 1
102 6 197 10 2225 1
103 43 181 9 1548 1
104 17 205 9 2200 1
105 17 205 26 7960 1
106 65 202 17 2393 1
107 129 202 17 2393 1
108 23 194 8 791 1
109 43 203 19 2817 1
110 7 190 16 2129 1
111 44 187 20 5507 1
112 87 187 20 5507 1
113 130 187 20 5507 1
114 35 207 15 1783 1
115 3 203 17 4127 1
116 5 203 17 4127 1
117 5 197 7 1516 1
118 44 203 8 1873 1
119 43 202 16 3280 1
120 45 167 8 1667 1
121 89 167 8 1667 1
122 61 167 11 2234 1
123 16 194 6 819 1
124 31 194 6 819 1
125 14 170 25 6138 1
126 23 178 41 5063 1
127 45 178 41 5063 1
128 67 178 41 5063 1
129 18 149 6 508 1
130 45 151 13 1427 1
131 44 167 7 1572 1
132 87 167 7 1572 1
133 130 167 7 1572 1
134 173 167 7 1572 1
135 18 190 7 1990 1
136 42 208 11 2659 1
137 83 208 11 2659 1
138 45 199 28 7183 1
139 89 199 28 7183 1
140 32 208 5 523 1
141 45 195 15 3299 1
142 43 208 19 2205 1
143 23 203 9 1255 1
144 21 181 6 986 1
145 16 202 18 4688 1
146 31 202 18 4688 1
147 44 208 44 5309 1
148 44 161 11 2395 1
149 87 161 11 2395 1
150 43 210 38 9832 1
151 5 184 28 6615 1
152 44 197 10 1225 1
153 87 197 10 1225 1
154 130 197 10 1225 1
155 17 187 10 1627 1
156 33 187 10 1627 1
157 22 194 26 7416 1
158 43 202 17 2548 1
159 6 187 10 1734 1
160 5 205 27 7233 1
161 66 178 35 3414 1
162 45 190 27 4385 1
163 5 208 32 6132 1
164 18 187 16 2101 1
165 35 187 16 2101 1
166 43 204 39 6385 1
167 85 204 39 6385 1
168 127 204 39 6385 1
169 169 204 39 6385 1
170 211 204 39 6385 1
171 80 197 9 1533 1
172 44 204 13 1863 1
173 87 204 13 1863 1
174 130 204 13 1863 1
175 173 204 13 1863 1
176 10 199 24 6046 1
177 14 204 12 1978 1
178 27 204 12 1978 1
179 15 177 26 3841 1
180 43 204 17 2858 1
181 46 167 14 2223 1
182 91 167 14 2223 1
183 136 167 14 2223 1
184 6 188 8 1081 1
185 12 187 8 1732 1
186 45 184 17 1792 1
187 6 187 6 1592 1
188 16 167 15 3270 1
189 6 202 18 2826 1
190 42 181 9 1382 1
191 23 181 13 2344 1
192 45 181 13 2344 1
193 21 202 24 4548 1
194 273 195 14 2196 1
195 44 161 18 2887 1
196 17 207 8 2127 1
197 33 207 8 2127 1
198 18 199 16 4094 1
199 39 204 23 3733 1
200 42 149 15 3060 1
201 83 149 15 3060 1
202 5 210 17 3594 1
203 43 170 13 2286 1
204 85 170 13 2286 1
205 127 170 13 2286 1
206 42 190 14 2465 1
207 18 181 11 2505 1
208 28 167 7 724 1
209 45 178 5 998 1
210 89 178 5 998 1
211 44 202 8 2022 1
212 36 195 17 2192 1
213 44 178 11 2488 1
214 87 178 11 2488 1
215 21 203 15 2660 1
216 43 199 26 6851 1
217 7 210 12 2704 1
218 43 190 20 3264 1
219 305 171 14 1569 1
220 384 178 10 2152 1
221 175 149 8 1450 1
222 17 204 13 3941 1
223 21 204 12 2217 1
224 44 181 36 3471 1
225 87 181 36 3471 1
226 130 181 36 3471 1
227 173 181 36 3471 1
228 216 181 36 3471 1
229 7 151 24 2563 1
230 44 190 13 3204 1
231 87 190 13 3204 1
232 130 190 13 3204 1
233 43 177 14 1560 1
234 44 149 14 1244 1
235 57 178 25 5714 1
236 17 187 15 4085 1
237 44 184 5 1054 1
238 44 195 18 3902 1
239 21 151 16 3364 1
240 18 194 10 996 1
241 3 204 16 3048 1
242 5 181 20 2588 1
243 7 170 26 5411 1
244 20 178 22 5028 1
245 23 210 13 3908 1
246 44 194 21 2881 1
247 87 194 21 2881 1
248 43 171 7 1119 1
249 63 197 14 3000 1
250 16 203 21 2154 1
251 255 188 16 1726 1
252 51 210 30 4827 1
253 101 210 30 4827 1
254 43 178 13 2807 1
255 5 203 9 2460 1
256 57 237 19 5339 1
257 28 212 28 7583 1
258 93 221 23 7511 1
259 185 221 23 7511 1
260 28 222 16 3848 1
261 47 242 14 3459 1
262 30 242 19 5280 1
263 31 230 12 1874 1
264 50 220 17 3537 1
265 59 243 11 3654 1
266 44 243 25 6303 1
267 43 244 11 3018 1
268 85 244 11 3018 1
269 42 239 15 4373 1
270 83 239 15 4373 1
271 82 239 18 6169 1
272 44 242 52 12345 1
273 30 225 13 4305 1
274 58 222 17 3107 1
275 37 243 11 1580 1
276 57 239 23 3890 1
277 43 225 20 5584 1
278 85 225 20 5584 1
279 57 216 18 2768 1
280 52 237 25 5551 1
281 103 237 25 5551 1
282 44 237 14 4464 1
283 51 216 13 2525 1
284 101 216 13 2525 1
285 30 220 17 1897 1
286 32 221 12 2848 1
287 48 216 15 4234 1
288 2 220 29 4337 1
289 91 230 24 5609 1
290 44 222 17 5557 1
291 43 237 19 6344 1
292 54 228 22 3902 1
293 114 220 32 7417 1
294 45 216 15 2695 1
295 38 242 15 4795 1
296 61 228 20 5756 1
297 57 239 77 10498 1
298 92 216 23 6262 1
299 65 242 11 3334 1
300 129 242 11 3334 1
301 115 242 7 1382 1
302 80 225 12 2103 1
303 43 225 15 4310 1
304 58 221 10 2113 1
305 44 245 31 4012 1
306 100 242 29 7550 1
307 7 212 12 1913 1
308 5 244 38 8576 1
309 20 222 17 2655 1
310 43 221 14 1584 1
311 59 228 15 3924 1
312 117 228 15 3924 1
313 32 222 13 4000 1
314 13 242 23 5765 1
315 17 212 27 3217 1
316 43 216 13 2945 1
317 13 245 22 5334 1
318 25 245 22 5334 1
319 105 212 31 5112 1
320 57 222 28 6282 1
321 29 221 12 3081 1
322 56 230 18 6096 1
323 111 230 18 6096 1
324 166 230 18 6096 1
325 51 230 12 1658 1
326 101 230 12 1658 1
327 43 220 26 5318 1
328 44 243 38 7141 1
329 87 243 38 7141 1
330 57 242 12 1999 1
331 112 216 15 2494 1
332 105 216 14 2030 1
333 43 237 12 1831 1
334 85 237 12 1831 1
335 55 212 15 2846 1
336 48 212 17 2254 1
337 108 239 20 5241 1
338 57 239 31 10206 1
339 30 243 17 5854 1
340 44 230 8 1014 1
341 29 230 16 4743 1
342 57 230 16 4743 1
343 85 230 16 4743 1
344 55 216 11 1967 1
345 49 244 28 5428 1
346 13 237 13 3342 1
347 25 237 13 3342 1
348 101 230 10 2444 1
349 46 244 27 5701 1
350 27 225 9 1389 1
351 53 225 9 1389 1
352 79 225 9 1389 1
353 105 225 9 1389 1
354 31 216 13 2829 1
355 43 243 15 4495 1
356 3 230 4 599 1
357 38 216 31 6820 1
358 60 245 20 5844 1
359 30 220 11 1924 1
360 43 230 14 4657 1
361 29 228 11 2923 1
362 27 245 17 5868 1
363 46 212 12 2553 1
364 86 237 25 2971 1
365 171 237 25 2971 1
366 29 230 21 6383 1
367 51 237 21 5495 1
368 44 222 6 1211 1
369 43 222 11 1975 1
370 58 222 14 2870 1
371 42 225 26 7859 1
372 29 242 8 2660 1
373 47 239 33 5261 1
374 37 220 33 7448 1
375 32 222 11 1604 1
376 29 230 14 4173 1
377 104 228 22 3091 1
378 59 244 25 5616 1
379 58 245 11 2751 1
380 59 220 20 4423 1
381 51 212 18 5350 1
382 64 245 27 5811 1
383 58 212 15 1688 1
384 45 243 21 2761 1
385 30 242 8 1412 1
386 30 228 10 3206 1
387 44 244 15 4995 1
388 5 239 36 10667 1
389 30 245 35 7240 1
390 18 245 7 2216 1
391 57 239 15 2837 1
392 34 225 28 3617 1
393 29 222 29 9163 1
394 57 222 29 9163 1
395 93 239 14 2050 1
396 31 242 22 3237 1
397 57 239 16 5531 1
398 30 222 17 2667 1
399 59 222 17 2667 1
400 88 222 17 2667 1
401 29 239 12 2881 1
402 45 221 18 4478 1
403 89 221 18 4478 1
404 57 230 5 744 1
405 113 230 5 744 1
406 43 244 29 7249 1
407 43 268 16 3417 1
408 30 270 7 1830 1
409 59 270 7 1830 1
410 88 270 7 1830 1
411 31 265 26 3725 1
412 35 255 31 9555 1
413 69 255 31 9555 1
414 25 264 19 4081 1
415 30 277 15 3049 1
416 37 246 14 2543 1
417 73 246 14 2543 1
418 109 246 14 2543 1
419 15 264 19 7022 1
420 100 270 11 3721 1
421 15 255 10 3342 1
422 29 259 20 7293 1
423 45 276 13 1895 1
424 24 274 20 6195 1
425 30 267 5 1302 1
426 100 259 28 9707 1
427 100 276 6 1972 1
428 43 257 16 4165 1
429 85 257 16 4165 1
430 28 246 10 3540 1
431 55 246 10 3540 1
432 82 246 10 3540 1
433 50 267 33 9382 1
434 54 277 21 5814 1
435 29 262 30 6475 1
436 52 268 28 7434 1
437 112 259 12 1737 1
438 36 275 24 6129 1
439 63 265 7 2045 1
440 31 257 24 7702 1
441 61 257 24 7702 1
442 90 259 13 2609 1
443 42 267 15 3857 1
444 49 277 16 5357 1
445 36 270 24 3471 1
446 42 275 20 6055 1
447 37 265 14 4984 1
448 57 276 11 3329 1
449 14 261 20 7205 1
450 36 257 16 5859 1
451 65 273 10 2720 1
452 35 258 15 3893 1
453 69 258 15 3893 1
454 103 258 15 3893 1
455 33 267 13 4614 1
456 65 267 13 4614 1
457 97 267 13 4614 1
458 129 267 13 4614 1
459 28 268 7 1849 1
460 51 257 18 3325 1
461 29 267 34 12901 1
462 37 274 18 5615 1
463 36 257 17 4599 1
464 31 260 8 2411 1
465 61 260 8 2411 1
466 91 260 8 2411 1
467 36 257 21 5346 1
468 25 275 17 4939 1
469 49 275 17 4939 1
470 25 277 10 1401 1
471 30 273 15 4539 1
472 103 274 32 9147 1
473 205 274 32 9147 1
474 307 274 32 9147 1
475 102 255 23 6044 1
476 36 276 12 4606 1
477 17 260 13 3346 1
478 63 258 23 6937 1
479 30 261 20 5425 1
480 43 261 15 5050 1
481 85 261 15 5050 1
482 15 260 8 2415 1
483 30 255 18 5255 1
484 216 261 17 5797 1
485 431 261 17 5797 1
486 36 270 20 5729 1
487 57 261 9 3215 1
488 113 261 9 3215 1
489 33 267 14 2578 1
490 57 270 24 7117 1
491 37 257 18 4791 1
492 37 260 12 3320 1
493 29 275 11 3604 1
494 44 265 20 7520 1
495 54 260 10 1794 1
496 35 273 21 4555 1
497 69 273 21 4555 1
498 103 273 21 4555 1
499 30 273 12 1762 1
500 97 259 21 6066 1
501 51 261 22 7890 1
502 101 261 22 7890 1
503 50 258 5 1522 1
504 29 273 17 4001 1
505 57 273 17 4001 1
506 30 268 18 3139 1
507 59 268 18 3139 1
508 50 275 16 3634 1
509 84 277 21 4356 1
510 101 262 9 2056 1
511 15 262 19 5878 1
512 37 275 20 4864 1
513 37 275 24 7951 1
514 49 268 10 3546 1
515 56 260 18 3906 1
516 30 264 26 8087 1
517 37 276 26 8624 1
518 30 264 19 7453 1
519 16 261 29 5434 1
520 98 262 17 4553 1
521 44 276 8 2929 1
522 44 257 11 2877 1
523 29 276 21 8282 1
524 57 276 21 8282 1
525 36 259 11 4106 1
526 3 273 25 3565 1
527 5 273 25 3565 1
528 7 273 25 3565 1
529 47 264 19 3041 1
530 93 261 5 741 1
531 102 258 17 3549 1
532 44 255 13 4687 1
533 30 274 18 6136 1
534 36 277 23 8780 1
535 31 270 10 3177 1
536 46 267 8 1893 1
537 37 261 28 8121 1
538 17 255 27 9499 1
539 37 270 22 7087 1
540 7 274 27 7847 1
541 37 277 15 2864 1
542 57 265 19 7527 1
543 36 258 26 7301 1
544 29 246 15 3228 1
545 57 246 15 3228 1
546 29 246 12 3816 1
547 57 246 12 3816 1
548 85 246 12 3816 1
549 16 258 28 5850 1
550 31 258 28 5850 1
551 43 258 29 6006 1
552 85 258 29 6006 1
553 47 273 20 5870 1
554 18 270 18 4796 1
555 25 275 22 7042 1
556 142 274 21 5495 1
557 15 262 13 4622 1
558 51 267 10 1420 1
559 30 255 16 3750 1
560 57 273 12 1911 1
561 37 267 15 2047 1
562 73 267 15 2047 1
563 37 261 9 2826 1
564 14 260 12 2384 1
565 88 277 19 4787 1
566 50 258 15 4889 1
567 29 275 17 5448 1
568 58 262 23 6215 1
569 22 255 12 2488 1
570 37 264 1 383 1
571 30 260 25 3817 1
572 48 255 16 5351 1
573 95 255 16 5351 1
574 98 270 21 8341 1
575 30 258 14 2032 1
576 29 275 22 4709 1
577 57 275 22 4709 1
578 42 257 16 6025 1
579 83 257 16 6025 1
580 124 257 16 6025 1
581 91 267 9 1367 1
582 59 264 15 5515 1
583 51 270 24 8275 1
584 8 246 13 1864 1
585 15 246 13 1864 1
586 22 246 13 1864 1
587 43 276 13 4006 1
588 29 255 18 4270 1
589 58 292 12 3190 1
590 115 292 12 3190 1
591 172 292 12 3190 1
592 229 292 12 3190 1
593 2 300 9 1734 1
594 57 299 29 5739 1
595 31 285 24 8469 1
596 57 286 19 8064 1
597 113 286 19 8064 1
598 29 285 19 5654 1
599 57 286 15 2322 1
600 93 292 23 4496 1
601 41 279 13 2230 1
602 81 279 13 2230 1
603 58 286 9 3455 1
604 23 282 14 5417 1
605 59 284 13 2791 1
606 55 300 21 4684 1
607 186 285 18 5920 1
608 96 281 14 3307 1
609 46 278 22 4110 1
610 29 285 22 6814 1
611 58 282 18 5429 1
612 115 282 18 5429 1
613 172 282 18 5429 1
614 18 284 12 3651 1
615 44 293 20 7782 1
616 37 299 16 6597 1
617 44 300 18 4450 1
618 43 300 11 2372 1
619 44 291 22 8477 1
620 160 293 44 17495 1
621 319 293 44 17495 1
622 36 286 18 6279 1
623 58 291 15 5252 1
624 31 279 22 6051 1
625 61 279 22 6051 1
626 58 278 5 1865 1
627 93 278 16 4860 1
628 22 286 17 6472 1
629 29 291 18 4773 1
630 57 291 18 4773 1
631 58 278 29 7293 1
632 56 279 9 1807 1
633 111 279 9 1807 1
634 166 279 9 1807 1
635 57 282 16 3256 1
636 113 282 16 3256 1
637 169 282 16 3256 1
638 225 282 16 3256 1
639 28 285 15 3532 1
640 44 291 11 4538 1
641 32 300 5 1925 1
642 58 293 16 3159 1
643 13 286 14 4811 1
644 29 282 17 4586 1
645 58 292 16 3913 1
646 58 300 15 6454 1
647 57 286 14 4159 1
648 29 292 14 2401 1
649 30 285 11 1599 1
650 88 278 10 3261 1
651 59 294 10 1689 1
652 57 285 27 9111 1
653 58 292 11 4531 1
654 44 292 17 4256 1
655 87 292 17 4256 1
656 29 292 9 3577 1
657 90 286 17 6743 1
658 31 291 19 6012 1
659 28 285 26 4476 1
660 95 299 26 5904 1
661 121 292 20 6888 1
662 43 293 8 1311 1
663 57 281 26 7414 1
664 58 294 22 5861 1
665 115 294 22 5861 1
666 172 294 22 5861 1
667 57 294 13 5360 1
668 44 285 11 4246 1
669 29 282 13 3348 1
670 88 278 23 3242 1
671 175 278 23 3242 1
672 58 286 15 3895 1
673 29 300 9 3633 1
674 162 299 7 2742 1
675 163 286 9 2334 1
676 57 281 16 6642 1
677 32 279 22 8034 1
678 30 282 12 4191 1
679 29 286 20 3085 1
680 38 291 49 16227 1
681 58 285 11 2516 1
682 31 294 11 2268 1
683 28 286 27 8920 1
684 57 300 22 5528 1
685 113 300 22 5528 1
686 169 300 22 5528 1
687 44 282 26 9451 1
688 56 279 14 4551 1
689 44 292 25 6200 1
690 98 294 22 7214 1
691 195 294 22 7214 1
692 57 300 27 7047 1
693 64 293 17 2962 1
694 54 291 13 2449 1
695 58 294 7 1871 1
696 115 294 7 1871 1
697 28 292 27 7590 1
698 63 293 67 28988 1
699 58 293 10 1731 1
700 43 293 13 4957 1
701 85 293 13 4957 1
702 28 292 17 5515 1
703 30 299 9 2130 1
704 57 291 15 6390 1
705 113 291 15 6390 1
706 28 286 13 3476 1
707 58 281 11 2497 1
708 115 281 11 2497 1
709 93 281 16 2325 1
710 58 291 23 4680 1
711 36 284 13 3871 1
712 59 279 19 6179 1
713 117 279 19 6179 1
714 175 279 19 6179 1
715 45 281 21 5172 1
716 58 291 10 3295 1
717 12 278 30 11999 1
718 65 291 9 2444 1
719 31 299 11 4395 1
720 37 285 25 4187 1
721 106 292 48 17674 1
722 30 281 13 5014 1
723 83 300 24 7045 1
724 43 282 25 7913 1
725 44 282 20 3913 1
726 265 300 14 3179 1
727 27 278 13 4641 1
728 29 292 15 3433 1
729 57 299 24 4924 1
730 113 299 24 4924 1
731 164 278 19 6037 1
732 29 286 7 1984 1
733 57 286 7 1984 1
734 90 299 30 6732 1
735 56 284 23 8991 1
736 30 278 11 4563 1
737 58 291 30 8144 1
738 29 291 16 3973 1
739 64 284 19 5133 1
740 36 291 17 6734 1
741 30 294 21 8771 1
742 28 278 15 3344 1
743 57 278 13 4130 1
744 56 286 24 6134 1
745 111 286 24 6134 1
746 29 285 21 8481 1
747 30 286 26 6850 1
748 44 294 8 1840 1
749 31 300 17 4395 1
750 78 323 38 16046 1
751 79 368 11 2783 1
752 79 331 18 6450 1
753 65 304 18 5741 1
754 118 305 12 3979 1
755 115 331 19 4930 1
756 78 334 15 5908 1
757 51 316 20 4772 1
758 74 335 28 10248 1
759 116 331 12 3694 1
760 57 305 35 9018 1
761 113 305 35 9018 1
762 116 333 26 5674 1
763 58 368 21 9723 1
764 77 324 33 14250 1
765 153 324 33 14250 1
766 78 364 28 13986 1
767 57 366 20 7857 1
768 79 366 22 5770 1
769 157 366 22 5770 1
770 235 366 22 5770 1
771 14 338 23 7388 1
772 13 338 11 2263 1
773 13 324 13 4779 1
774 37 331 25 5185 1
775 57 335 21 5428 1
776 78 363 10 5336 1
777 155 363 10 5336 1
778 232 363 10 5336 1
779 110 332 26 9860 1
780 51 303 24 6206 1
781 57 364 30 10964 1
782 58 368 25 8002 1
783 51 332 22 7134 1
784 57 333 42 18611 1
785 58 304 34 5595 1
786 37 338 19 6957 1
787 75 304 16 4619 1
788 149 304 16 4619 1
789 35 305 14 4403 1
790 79 337 13 4051 1
791 36 363 16 4232 1
792 15 316 6 970 1
793 88 334 23 10769 1
794 53 363 33 7068 1
795 37 336 26 6410 1
796 78 364 58 17582 1
797 17 336 23 9693 1
798 78 336 26 9568 1
799 37 303 14 5653 1
800 117 368 25 6108 1
801 58 316 14 5177 1
802 51 304 14 3730 1
803 101 304 14 3730 1
804 78 364 22 7527 1
805 118 368 31 9737 1
806 235 368 31 9737 1
807 58 366 27 5553 1
808 111 365 41 19396 1
809 37 323 27 9407 1
810 36 332 17 7788 1
811 115 364 76 16150 1
812 115 366 14 3082 1
813 58 304 31 12149 1
814 77 363 26 12511 1
815 72 335 14 4188 1
816 79 316 36 14071 1
817 89 304 36 14565 1
818 93 366 28 15197 1
819 89 334 18 5347 1
820 85 365 11 5376 1
821 15 332 23 10896 1
822 13 316 23 8547 1
823 25 316 23 8547 1
824 79 364 21 9975 1
825 75 363 32 15587 1
826 50 323 36 6535 1
827 15 331 20 5814 1
828 61 303 33 8172 1
829 56 303 6 2450 1
830 78 324 24 4426 1
831 58 305 14 3775 1
832 72 349 45 18737 1
833 58 324 36 10165 1
834 57 332 29 7672 1
835 37 349 36 16087 1
836 57 338 11 5457 1
837 78 337 14 2553 1
838 51 324 18 8379 1
839 89 365 52 10359 1
840 78 364 21 10845 1
841 78 335 15 3438 1
842 51 338 23 4380 1
843 114 335 22 5932 1
844 227 335 22 5932 1
845 58 368 40 15269 1
846 58 338 35 12339 1
847 51 324 14 3988 1
848 59 318 15 4047 1
849 116 304 36 13410 1
850 14 368 8 4085 1
851 13 304 21 3961 1
852 75 323 17 4774 1
853 79 336 34 10004 1
854 79 338 42 11075 1
855 157 338 42 11075 1
856 35 366 15 5176 1
857 53 364 19 6904 1
858 79 337 32 9803 1
859 57 324 44 8357 1
860 13 333 22 10106 1
861 78 368 22 8784 1
862 14 337 45 9208 1
863 87 336 54 23522 1
864 58 364 22 7472 1
865 14 323 20 8511 1
866 14 338 21 3784 1
867 78 364 36 17711 1
868 155 364 36 17711 1
869 113 316 22 10105 1
870 61 304 27 5987 1
871 45 324 11 2872 1
872 81 333 14 3989 1
873 36 304 20 4413 1
874 58 303 14 3786 1
875 79 368 27 12668 1
876 35 305 28 11137 1
877 71 349 32 8020 1
878 79 337 31 6725 1
879 15 336 20 8352 1
880 124 365 21 10067 1
881 79 316 15 6083 1
882 45 316 24 8843 1
883 50 349 17 8841 1
884 51 331 34 16040 1
885 51 363 33 17507 1
886 51 335 28 13891 1
887 105 331 23 3816 1
888 78 332 35 6048 1
889 57 303 20 5286 1
890 36 323 20 9005 1
891 58 332 41 14605 1
892 57 365 16 4598 1
893 51 323 47 16252 1
894 13 363 13 3480 1
895 50 368 36 16426 1
896 36 323 15 6284 1
897 57 365 98 41794 1
898 16 316 40 15962 1
899 123 303 19 5722 1
900 245 303 19 5722 1
901 57 365 29 6602 1
902 62 331 17 4556 1
903 17 303 85 21186 1
904 85 304 14 5099 1
905 16 337 8 1941 1
906 31 337 8 1941 1
907 79 318 14 3395 1
908 52 305 21 9110 1
909 36 333 33 15404 1
910 15 363 24 8585 1
911 78 364 19 5343 1
912 51 366 33 11514 1
913 78 334 25 11814 1
914 155 334 25 11814 1
915 58 363 16 5555 1
916 59 337 33 7775 1
917 78 303 18 7474 1
918 36 303 9 1879 1
919 13 334 51 17471 1
920 32 323 30 9539 1
921 125 368 32 16291 1
922 78 363 16 8627 1
923 52 304 21 7284 1
924 103 304 21 7284 1
925 78 338 18 5758 1
926 78 365 27 11442 1
927 73 323 18 7319 1
928 78 363 26 7863 1
929 14 334 13 4753 1
930 78 363 28 5320 1
931 155 363 28 5320 1
932 14 335 34 7203 1
933 83 332 22 5112 1
934 58 324 15 2515 1
935 115 324 15 2515 1
936 100 335 14 3486 1
937 97 338 31 5614 1
938 36 303 19 3729 1
939 15 333 33 14818 1
940 51 365 13 5702 1
941 51 368 26 11681 1
942 101 368 26 11681 1
943 57 332 25 4578 1
944 61 304 34 9725 1
945 58 305 15 6394 1
946 115 305 15 6394 1
947 53 335 21 6483 1
948 55 366 21 7773 1
949 56 323 30 13934 1
950 111 323 30 13934 1
951 78 303 8 2045 1
952 58 332 39 9741 1
953 57 333 26 12406 1
954 71 324 19 3243 1
955 89 349 12 4112 1
956 58 304 13 3594 1
957 75 349 17 2998 1
958 57 365 26 6792 1
959 113 365 26 6792 1
960 74 364 27 9370 1
961 14 324 23 7049 1
962 59 333 24 11371 1
963 57 365 33 12301 1
964 14 336 29 8311 1
965 28 331 17 7556 1
966 122 368 46 15159 1
967 15 368 15 3693 1
968 79 349 21 7862 1
969 51 337 51 23453 1
970 89 333 24 11008 1
971 16 366 23 7023 1
972 15 323 16 5338 1
973 14 364 15 7766 1
974 49 318 14 5624 1
975 82 324 27 9186 1
976 79 349 41 16625 1
977 15 363 12 5309 1
978 51 336 24 10033 1
979 79 337 27 8696 1
980 56 337 41 19083 1
981 79 365 18 6603 1
982 16 338 28 9513 1
983 59 364 19 5496 1
984 117 364 19 5496 1
985 14 365 14 2935 1
986 73 318 19 4022 1
987 58 318 28 9451 1
988 115 318 28 9451 1
989 172 318 28 9451 1
990 93 397 42 13135 1
991 90 396 54 23627 1
992 77 396 30 16577 1
993 153 396 30 16577 1
994 96 395 30 13057 1
995 111 398 26 5993 1
996 90 396 34 16339 1
997 152 398 29 6837 1
998 91 395 32 15203 1
999 80 395 26 8665 1
1000 79 398 26 12969 1
1001 79 396 28 12278 1
1002 87 397 20 5032 1
1003 173 397 20 5032 1
1004 90 397 21 7804 1
1005 179 397 21 7804 1
1006 90 398 32 10465 1
1007 76 398 47 22070 1
1008 77 397 34 10714 1
1009 107 397 39 8959 1
1010 12 396 35 20539 1
1011 90 398 32 13402 1
1012 90 395 48 16114 1
1013 179 395 48 16114 1
1014 12 397 26 10796 1
1015 109 396 33 11156 1
1016 164 399 51 14740 1
1017 79 398 18 3886 1
1018 95 399 21 7739 1
1019 89 397 38 13575 1
1020 177 397 38 13575 1
1021 84 395 25 6618 1
1022 188 396 23 6727 1
1023 81 396 22 11915 1
1024 85 399 31 10576 1
1025 78 397 22 6286 1
1026 75 395 29 13965 1
1027 16 395 35 13186 1
1028 79 395 37 8443 1
1029 94 399 53 30710 1
1030 146 399 30 6253 1
1031 164 398 39 14090 1
1032 79 398 22 8514 1
1033 88 397 23 9026 1
1034 149 397 15 3011 1
1035 79 398 36 21119 1
1036 76 396 24 12878 1
14
503 620 807 620 700 205 255 700 700 700 700 700 200 460 