1036
1 24 137 47 4273 1
2 8 138 8 584 1
3 21 118 7 458 1
4 20 140 33 4183 1
5 27 132 6 461 1
6 13 140 11 1668 1
7 17 132 5 561 1
8 33 132 5 561 1
9 20 118 8 1024 1
10 13 129 9 1681 1
11 9 118 6 549 1
12 17 118 6 549 1
13 40 133 21 2746 1
14 79 133 21 2746 1
15 118 133 21 2746 1
16 157 133 21 2746 1
17 9 140 53 7798 1
18 21 125 6 987 1
19 15 138 6 771 1
20 22 134 10 824 1
21 9 129 6 498 1
22 17 129 6 498 1
23 17 140 6 578 1
24 2 125 6 774 1
25 16 133 4 765 1
26 14 140 9 668 1
27 26 129 14 1141 1
28 51 129 14 1141 1
29 24 134 13 2452 1
30 7 138 18 2305 1
31 13 138 18 2305 1
32 29 125 14 2545 1
33 25 125 16 2361 1
34 9 129 29 4367 1
35 17 129 29 4367 1
36 25 129 29 4367 1
37 16 132 14 2204 1
38 9 138 4 366 1
39 14 138 13 2386 1
40 9 134 24 3652 1
41 9 138 16 1529 1
42 17 138 16 1529 1
43 25 138 16 1529 1
44 33 138 16 1529 1
45 41 138 16 1529 1
46 7 133 7 892 1
47 13 133 7 892 1
48 19 133 7 892 1
49 25 133 7 892 1
50 15 134 9 1563 1
51 9 134 5 938 1
52 17 134 5 938 1
53 25 134 5 938 1
54 29 138 11 1929 1
55 8 133 22 3363 1
56 10 118 15 2616 1
57 19 118 15 2616 1
58 2 125 12 863 1
59 14 133 9 1636 1
60 27 133 9 1636 1
61 40 133 9 1636 1
62 53 133 9 1636 1
63 66 133 9 1636 1
64 9 134 12 1169 1
65 7 134 19 2781 1
66 13 134 19 2781 1
67 19 134 19 2781 1
68 25 134 19 2781 1
69 31 134 19 2781 1
70 37 134 19 2781 1
71 43 134 19 2781 1
72 11 132 6 753 1
73 11 140 8 772 1
74 2 132 8 572 1
75 17 137 29 5158 1
76 8 125 32 4318 1
77 32 125 8 1394 1
78 63 125 8 1394 1
79 24 129 10 669 1
80 36 134 12 1058 1
81 71 134 12 1058 1
82 8 140 35 5250 1
83 8 134 26 3948 1
84 8 118 7 1108 1
85 15 118 7 1108 1
86 9 140 35 7198 1
87 9 138 16 3125 1
88 17 138 16 3125 1
89 25 138 16 3125 1
90 8 140 24 2060 1
91 7 140 6 1017 1
92 13 140 6 1017 1
93 9 134 9 1540 1
94 8 118 12 1863 1
95 15 118 12 1863 1
96 22 118 12 1863 1
97 29 118 12 1863 1
98 27 132 14 2577 1
99 3 138 5 888 1
100 9 134 4 492 1
101 9 138 8 1313 1
102 32 171 11 2359 1
103 23 178 15 3763 1
104 43 188 8 796 1
105 45 195 15 4242 1
106 43 190 10 2400 1
107 44 197 47 10567 1
108 43 199 15 1771 1
109 85 199 15 1771 1
110 127 199 15 1771 1
111 42 177 9 1128 1
112 83 177 9 1128 1
113 124 177 9 1128 1
114 165 177 9 1128 1
115 206 177 9 1128 1
116 6 194 12 2238 1
117 11 194 12 2238 1
118 43 208 12 1657 1
119 85 208 12 1657 1
120 44 161 16 1661 1
121 43 149 24 2978 1
122 85 149 24 2978 1
123 127 149 24 2978 1
124 43 204 11 3150 1
125 44 207 35 7646 1
126 42 195 20 2865 1
127 83 195 20 2865 1
128 124 195 20 2865 1
129 165 195 20 2865 1
130 43 188 9 860 1
131 85 188 9 860 1
132 43 170 17 2763 1
133 43 190 9 1703 1
134 85 190 9 1703 1
135 127 190 9 1703 1
136 169 190 9 1703 1
137 6 204 24 5880 1
138 44 204 11 2719 1
139 87 204 11 2719 1
140 130 204 11 2719 1
141 173 204 11 2719 1
142 216 204 11 2719 1
143 259 204 11 2719 1
144 6 151 11 2090 1
145 50 170 35 3102 1
146 99 170 35 3102 1
147 148 170 35 3102 1
148 83 181 17 4262 1
149 165 181 17 4262 1
150 247 181 17 4262 1
151 23 167 41 7584 1
152 44 184 13 3433 1
153 18 204 11 2674 1
154 41 188 17 4295 1
155 19 170 19 4139 1
156 42 184 8 789 1
157 35 171 15 2598 1
158 23 170 20 3645 1
159 43 151 5 870 1
160 43 202 6 872 1
161 22 171 13 3078 1
162 43 167 19 4116 1
163 85 167 19 4116 1
164 42 184 14 3610 1
165 6 203 29 2982 1
166 8 205 16 4235 1
167 23 197 21 2801 1
168 48 178 10 1717 1
169 43 171 14 2076 1
170 85 171 14 2076 1
171 127 171 14 2076 1
172 30 151 18 2106 1
173 59 151 18 2106 1
174 44 151 15 2149 1
175 87 151 15 2149 1
176 15 181 5 865 1
177 63 151 7 1190 1
178 23 194 7 1687 1
179 29 187 21 2062 1
180 81 187 9 1706 1
181 161 187 9 1706 1
182 6 190 18 2249 1
183 5 167 10 1496 1
184 9 167 10 1496 1
185 41 188 31 7694 1
186 44 151 14 2540 1
187 87 151 14 2540 1
188 130 151 14 2540 1
189 23 204 15 4271 1
190 15 208 10 1231 1
191 5 181 14 2850 1
192 43 161 21 4559 1
193 85 161 21 4559 1
194 44 177 7 1720 1
195 44 149 10 2020 1
196 87 149 10 2020 1
197 6 190 10 2452 1
198 5 170 19 1730 1
199 25 195 12 2302 1
200 6 167 8 1701 1
201 45 167 14 3167 1
202 44 149 11 865 1
203 44 178 21 3892 1
204 87 178 21 3892 1
205 130 178 21 3892 1
206 42 204 6 1474 1
207 19 190 9 1379 1
208 7 204 13 3945 1
209 18 161 11 2418 1
210 35 199 33 8606 1
211 44 194 22 4750 1
212 87 194 22 4750 1
213 7 184 7 1367 1
214 5 187 16 2187 1
215 42 205 14 2397 1
216 83 205 14 2397 1
217 124 205 14 2397 1
218 165 205 14 2397 1
219 206 205 14 2397 1
220 44 181 13 3220 1
221 23 177 38 9358 1
222 45 177 38 9358 1
223 45 210 25 6863 1
224 42 194 10 2619 1
225 83 194 10 2619 1
226 9 161 8 1637 1
227 19 207 16 2064 1
228 37 207 16 2064 1
229 13 203 15 4502 1
230 72 199 13 3297 1
231 143 199 13 3297 1
232 214 199 13 3297 1
233 285 199 13 3297 1
234 48 149 15 2559 1
235 95 149 15 2559 1
236 142 149 15 2559 1
237 53 188 31 8190 1
238 7 161 10 1668 1
239 63 207 23 3184 1
240 43 178 20 5143 1
241 44 181 12 3195 1
242 43 167 54 12777 1
243 17 151 11 2120 1
244 18 151 7 850 1
245 42 190 19 4094 1
246 83 190 19 4094 1
247 43 167 7 1459 1
248 21 178 15 3920 1
249 23 171 16 4030 1
250 44 199 19 2832 1
251 16 199 9 2224 1
252 44 208 13 1780 1
253 19 208 24 3399 1
254 44 203 8 2259 1
255 87 203 8 2259 1
256 53 244 16 5789 1
257 5 242 16 5688 1
258 37 212 24 5960 1
259 73 212 24 5960 1
260 35 222 25 5219 1
261 61 242 17 5797 1
262 121 242 17 5797 1
263 29 222 22 7241 1
264 55 245 18 2975 1
265 27 212 23 5480 1
266 29 245 28 4316 1
267 53 230 7 2010 1
268 30 221 15 3908 1
269 56 242 17 4574 1
270 37 242 11 3146 1
271 73 242 11 3146 1
272 44 222 12 2809 1
273 11 242 16 5182 1
274 49 225 12 3964 1
275 50 222 19 6237 1
276 90 221 38 4201 1
277 28 216 21 6599 1
278 31 216 29 8067 1
279 61 216 29 8067 1
280 91 216 29 8067 1
281 121 216 29 8067 1
282 52 220 13 3956 1
283 37 221 31 10188 1
284 31 221 24 6222 1
285 39 243 19 6283 1
286 77 243 19 6283 1
287 46 212 18 2780 1
288 98 222 25 5531 1
289 28 222 20 2988 1
290 55 222 20 2988 1
291 12 237 25 8567 1
292 42 228 10 3082 1
293 30 222 20 3754 1
294 37 222 22 4819 1
295 58 242 37 8638 1
296 5 237 17 4293 1
297 85 221 15 2004 1
298 169 221 15 2004 1
299 253 221 15 2004 1
300 16 221 27 8673 1
301 44 216 18 4931 1
302 32 212 7 2032 1
303 55 244 22 4757 1
304 109 244 22 4757 1
305 6 212 24 6533 1
306 43 237 10 2210 1
307 94 220 24 4079 1
308 187 220 24 4079 1
309 280 220 24 4079 1
310 60 222 16 4908 1
311 29 222 12 2399 1
312 62 230 12 1384 1
313 35 221 13 2715 1
314 42 228 18 3015 1
315 56 244 18 4368 1
316 43 242 15 2767 1
317 85 242 15 2767 1
318 56 243 16 3657 1
319 29 245 38 6141 1
320 18 242 22 6954 1
321 44 225 8 2316 1
322 58 216 26 5179 1
323 27 242 18 6347 1
324 69 228 24 4142 1
325 47 225 27 4060 1
326 29 239 29 8649 1
327 43 244 34 12274 1
328 44 245 40 5774 1
329 36 230 20 6554 1
330 9 228 16 3565 1
331 17 228 16 3565 1
332 27 243 10 3118 1
333 44 221 10 1342 1
334 30 237 12 2694 1
335 29 244 26 6105 1
336 30 228 20 3194 1
337 59 228 20 3194 1
338 30 212 27 5718 1
339 59 212 27 5718 1
340 31 244 11 2820 1
341 57 237 22 7333 1
342 43 212 14 2078 1
343 86 216 18 4463 1
344 44 225 20 4654 1
345 43 220 15 2271 1
346 65 220 10 1113 1
347 129 220 10 1113 1
348 193 220 10 1113 1
349 31 216 14 1556 1
350 61 216 14 1556 1
351 44 221 19 3913 1
352 59 225 11 1999 1
353 44 242 13 2897 1
354 95 230 21 3327 1
355 73 228 30 3742 1
356 59 225 16 4320 1
357 45 237 10 1726 1
358 31 228 18 2132 1
359 30 245 12 2447 1
360 5 242 28 3790 1
361 98 245 21 4907 1
362 195 245 21 4907 1
363 12 212 23 6640 1
364 122 212 16 5060 1
365 47 244 13 3300 1
366 15 237 11 3206 1
367 43 222 14 2258 1
368 21 239 17 3177 1
369 29 228 44 10738 1
370 55 242 20 2435 1
371 49 242 23 7313 1
372 97 242 23 7313 1
373 43 216 16 3676 1
374 18 220 10 1921 1
375 31 244 26 4005 1
376 56 230 9 2079 1
377 111 230 9 2079 1
378 27 212 12 3400 1
379 30 237 16 3900 1
380 43 245 29 4371 1
381 85 245 29 4371 1
382 43 212 15 1980 1
383 10 242 11 2192 1
384 28 243 11 1436 1
385 29 245 21 3821 1
386 43 230 28 3622 1
387 35 216 20 4232 1
388 43 243 16 3328 1
389 56 230 27 5817 1
390 45 228 19 6332 1
391 89 228 19 6332 1
392 133 228 19 6332 1
393 177 228 19 6332 1
394 43 216 12 1969 1
395 37 237 14 4856 1
396 10 212 16 4013 1
397 8 245 21 3810 1
398 38 221 11 2885 1
399 55 244 19 6565 1
400 101 230 19 2601 1
401 28 237 26 8147 1
402 43 230 15 3845 1
403 16 245 26 9111 1
404 13 245 35 8059 1
405 103 221 20 3526 1
406 83 221 35 7496 1
407 85 274 8 1139 1
408 57 260 18 3721 1
409 43 267 24 5904 1
410 57 268 18 6291 1
411 97 259 15 2468 1
412 30 255 17 5141 1
413 50 276 12 2148 1
414 99 276 12 2148 1
415 46 267 13 3679 1
416 58 264 8 3013 1
417 57 268 7 2438 1
418 16 259 22 4194 1
419 31 259 22 4194 1
420 36 255 14 2969 1
421 44 264 18 5961 1
422 44 260 5 1181 1
423 140 261 23 6595 1
424 50 267 7 2601 1
425 88 260 17 4223 1
426 97 267 10 2114 1
427 30 267 17 4486 1
428 89 255 19 4668 1
429 95 258 7 1939 1
430 43 260 21 8043 1
431 36 261 28 10131 1
432 79 275 17 5623 1
433 40 274 16 5883 1
434 57 261 15 2034 1
435 37 262 12 1895 1
436 31 268 25 6012 1
437 16 262 19 2612 1
438 113 268 15 3662 1
439 14 265 15 2216 1
440 50 257 22 4768 1
441 37 259 20 6504 1
442 73 259 20 6504 1
443 57 260 24 8107 1
444 44 264 14 2717 1
445 56 275 15 3676 1
446 43 255 12 1985 1
447 97 276 17 5534 1
448 29 262 23 6583 1
449 30 246 15 5425 1
450 59 246 15 5425 1
451 88 246 15 5425 1
452 37 262 19 3738 1
453 37 246 25 6060 1
454 73 246 25 6060 1
455 109 246 25 6060 1
456 100 255 16 2444 1
457 42 258 15 3027 1
458 51 265 29 10429 1
459 29 259 28 5645 1
460 96 270 22 8755 1
461 14 246 13 4575 1
462 50 268 24 5385 1
463 43 275 21 8350 1
464 44 267 22 3839 1
465 29 255 15 4099 1
466 93 277 14 3382 1
467 29 275 25 9971 1
468 57 275 25 9971 1
469 36 255 16 2442 1
470 31 268 19 4965 1
471 14 261 19 5914 1
472 49 270 24 4690 1
473 29 246 19 6194 1
474 42 259 15 4815 1
475 30 261 19 6998 1
476 36 261 12 3851 1
477 105 260 10 2481 1
478 29 246 18 3341 1
479 57 246 18 3341 1
480 44 277 7 1871 1
481 16 262 17 6134 1
482 44 255 25 3718 1
483 44 246 17 4259 1
484 58 258 18 5457 1
485 97 259 16 3510 1
486 193 259 16 3510 1
487 58 246 33 10098 1
488 44 268 18 4543 1
489 57 274 16 2923 1
490 30 246 18 2262 1
491 29 246 10 1901 1
492 23 262 22 6290 1
493 42 255 16 4340 1
494 83 255 16 4340 1
495 36 267 9 1284 1
496 71 267 9 1284 1
497 86 246 15 5403 1
498 52 277 17 5071 1
499 33 265 7 1549 1
500 51 255 23 5978 1
501 30 261 12 3113 1
502 43 260 21 6415 1
503 29 262 24 7175 1
504 43 270 9 2335 1
505 85 270 9 2335 1
506 92 262 11 1735 1
507 14 260 9 2504 1
508 30 268 29 5080 1
509 38 262 13 4358 1
510 67 275 24 5683 1
511 133 275 24 5683 1
512 16 277 13 2728 1
513 60 246 7 1927 1
514 44 274 27 4013 1
515 84 270 12 2803 1
516 30 277 6 1352 1
517 29 268 10 2363 1
518 103 268 11 1481 1
519 51 257 13 3826 1
520 14 260 16 3477 1
521 27 260 16 3477 1
522 108 277 3 796 1
523 105 265 12 3920 1
524 50 276 15 5576 1
525 98 273 12 2619 1
526 31 268 18 7055 1
527 30 257 11 2739 1
528 36 259 14 3456 1
529 29 257 10 1992 1
530 36 265 28 6898 1
531 50 273 13 1884 1
532 30 267 22 7612 1
533 59 267 22 7612 1
534 84 275 15 6034 1
535 30 257 18 5438 1
536 44 274 9 1309 1
537 51 270 21 5656 1
538 46 270 13 1946 1
539 91 270 13 1946 1
540 40 257 4 1393 1
541 89 246 6 822 1
542 30 262 8 2000 1
543 37 265 16 2157 1
544 57 273 16 4855 1
545 33 261 16 5458 1
546 30 275 12 3176 1
547 34 246 27 8525 1
548 28 259 28 7249 1
549 43 246 18 4008 1
550 58 268 17 6205 1
551 49 275 33 5370 1
552 54 277 26 7417 1
553 50 275 13 5246 1
554 36 262 18 6982 1
555 100 267 27 8840 1
556 38 274 14 1928 1
557 52 276 12 3245 1
558 103 276 12 3245 1
559 56 257 17 3313 1
560 37 277 19 3933 1
561 73 277 19 3933 1
562 101 276 27 8988 1
563 42 274 17 3700 1
564 37 276 18 3444 1
565 43 275 11 4251 1
566 58 273 10 1520 1
567 34 276 14 3082 1
568 29 265 12 2001 1
569 37 260 5 1025 1
570 29 260 10 3160 1
571 37 258 8 2289 1
572 88 270 13 1898 1
573 44 246 11 2228 1
574 87 246 11 2228 1
575 28 259 19 3766 1
576 51 261 18 3785 1
577 51 259 19 6033 1
578 109 257 8 2659 1
579 217 257 8 2659 1
580 30 275 13 4195 1
581 43 246 13 3411 1
582 83 260 4 1143 1
583 51 268 15 5397 1
584 29 276 21 8102 1
585 43 268 24 3513 1
586 85 268 24 3513 1
587 29 258 12 1644 1
588 58 261 8 1716 1
589 58 282 9 3097 1
590 101 286 15 5642 1
591 58 284 13 4923 1
592 28 284 31 6041 1
593 30 299 12 2373 1
594 58 294 14 5387 1
595 115 294 14 5387 1
596 28 291 14 4619 1
597 59 282 30 6150 1
598 117 282 30 6150 1
599 29 292 9 1497 1
600 27 285 17 4710 1
601 29 284 8 2114 1
602 30 294 13 2717 1
603 58 285 26 8357 1
604 31 279 22 5522 1
605 59 293 31 13551 1
606 32 300 25 10938 1
607 31 285 11 4343 1
608 58 300 12 4355 1
609 29 286 18 4526 1
610 43 292 24 6097 1
611 50 300 39 15656 1
612 43 300 9 3476 1
613 44 281 12 2285 1
614 87 281 12 2285 1
615 45 293 30 11330 1
616 89 293 30 11330 1
617 42 286 14 3073 1
618 28 286 11 3090 1
619 31 300 12 4102 1
620 29 284 17 6628 1
621 62 293 11 3731 1
622 55 278 28 4139 1
623 30 299 18 4952 1
624 43 292 20 4493 1
625 85 292 20 4493 1
626 57 281 13 2233 1
627 113 281 13 2233 1
628 58 292 12 4298 1
629 30 278 13 5162 1
630 29 294 16 6148 1
631 29 284 32 7262 1
632 57 284 10 4039 1
633 113 284 10 4039 1
634 57 285 16 2691 1
635 113 285 16 2691 1
636 169 285 16 2691 1
637 52 284 10 2872 1
638 44 282 11 3445 1
639 37 279 24 8400 1
640 29 281 15 3362 1
641 99 282 19 4791 1
642 29 285 19 6935 1
643 57 285 19 6935 1
644 59 293 34 7649 1
645 93 299 19 5667 1
646 57 294 17 5492 1
647 56 293 13 5686 1
648 36 278 23 7085 1
649 58 285 7 1317 1
650 57 299 15 6285 1
651 113 299 15 6285 1
652 24 281 21 3863 1
653 38 291 25 5555 1
654 30 278 12 2653 1
655 57 282 11 2634 1
656 58 285 10 3407 1
657 115 285 10 3407 1
658 172 285 10 3407 1
659 28 286 13 2452 1
660 56 286 14 2377 1
661 111 286 14 2377 1
662 43 292 20 6045 1
663 36 292 18 4581 1
664 20 282 17 6744 1
665 29 293 8 2699 1
666 61 285 14 4196 1
667 27 282 17 3549 1
668 57 292 24 4549 1
669 31 278 19 3039 1
670 30 300 11 4788 1
671 36 282 23 8945 1
672 17 282 18 5827 1
673 36 285 10 3241 1
674 26 282 20 4712 1
675 81 282 18 4576 1
676 29 286 23 9531 1
677 57 286 23 9531 1
678 29 285 12 4359 1
679 69 292 10 3908 1
680 21 292 10 1813 1
681 43 299 23 9397 1
682 57 278 15 3529 1
683 113 278 15 3529 1
684 43 286 22 5803 1
685 58 299 20 8925 1
686 67 294 5 1051 1
687 93 293 13 3324 1
688 59 293 13 3761 1
689 32 284 12 4076 1
690 30 299 12 2980 1
691 23 279 22 7860 1
692 29 284 6 1851 1
693 29 279 16 6572 1
694 57 292 11 3980 1
695 93 285 19 4787 1
696 31 300 15 3643 1
697 61 300 14 2291 1
698 57 294 13 3966 1
699 15 299 15 6111 1
700 57 279 13 2131 1
701 113 279 13 2131 1
702 169 279 13 2131 1
703 101 293 12 5202 1
704 58 279 16 4982 1
705 29 286 7 1825 1
706 57 292 10 3017 1
707 31 292 14 2178 1
708 7 279 29 10856 1
709 37 299 24 3683 1
710 31 278 21 3553 1
711 3 282 16 6628 1
712 31 299 29 6176 1
713 28 294 11 3526 1
714 66 285 22 5048 1
715 56 281 14 2454 1
716 28 282 37 12580 1
717 131 286 16 4577 1
718 57 292 13 4724 1
719 59 285 13 3685 1
720 117 285 13 3685 1
721 58 292 9 3073 1
722 31 285 19 6064 1
723 58 292 16 5590 1
724 58 281 7 1034 1
725 58 278 22 8616 1
726 115 278 22 8616 1
727 172 278 22 8616 1
728 58 278 20 5516 1
729 30 291 26 9921 1
730 59 294 21 6549 1
731 36 284 36 9501 1
732 101 282 13 2019 1
733 44 300 13 2239 1
734 87 300 13 2239 1
735 57 294 9 2468 1
736 58 284 18 4042 1
737 59 293 12 3383 1
738 117 293 12 3383 1
739 175 293 12 3383 1
740 29 292 12 4090 1
741 38 286 19 3646 1
742 58 294 12 3402 1
743 30 294 12 2566 1
744 67 293 13 3749 1
745 30 291 25 5553 1
746 56 286 19 4682 1
747 58 282 8 3002 1
748 29 300 13 3558 1
749 30 279 13 4893 1
750 49 323 23 5666 1
751 97 323 23 5666 1
752 79 332 30 11166 1
753 157 332 30 11166 1
754 235 332 30 11166 1
755 37 364 16 7493 1
756 73 364 16 7493 1
757 109 364 16 7493 1
758 58 331 17 7034 1
759 51 366 42 22663 1
760 54 336 29 11534 1
761 15 336 58 15161 1
762 29 336 58 15161 1
763 43 336 58 15161 1
764 74 364 20 4966 1
765 58 334 35 15133 1
766 121 324 35 11725 1
767 57 304 20 7170 1
768 74 318 18 6869 1
769 13 318 19 7954 1
770 50 363 16 3840 1
771 99 363 16 3840 1
772 57 316 12 3391 1
773 15 331 12 2782 1
774 29 331 12 2782 1
775 15 337 11 2380 1
776 38 303 19 2936 1
777 74 338 24 9145 1
778 71 333 15 3604 1
779 58 318 27 12701 1
780 115 318 27 12701 1
781 172 318 27 12701 1
782 87 364 28 11618 1
783 57 318 17 3503 1
784 36 366 17 8420 1
785 78 336 37 17349 1
786 36 338 11 3056 1
787 37 338 17 4283 1
788 36 368 27 8607 1
789 15 364 13 2990 1
790 15 334 18 5760 1
791 78 318 29 9084 1
792 16 337 27 8688 1
793 36 365 11 3382 1
794 29 332 21 9779 1
795 92 338 22 6368 1
796 117 323 21 5354 1
797 118 338 30 9885 1
798 51 366 28 11173 1
799 52 332 31 8793 1
800 117 303 12 3196 1
801 57 303 28 7244 1
802 112 318 15 6279 1
803 57 331 18 6224 1
804 111 324 14 6011 1
805 83 304 30 6057 1
806 165 304 30 6057 1
807 14 333 14 4587 1
808 53 337 24 11941 1
809 15 364 32 6271 1
810 29 364 32 6271 1
811 37 364 50 22776 1
812 58 365 41 16368 1
813 18 365 37 7431 1
814 120 323 41 19546 1
815 78 365 20 4240 1
816 155 365 20 4240 1
817 117 364 8 3540 1
818 51 331 33 16356 1
819 78 305 17 5453 1
820 50 324 16 7080 1
821 50 323 21 4288 1
822 99 323 21 4288 1
823 148 323 21 4288 1
824 78 324 19 5346 1
825 85 368 17 5727 1
826 51 324 14 6318 1
827 101 324 14 6318 1
828 36 364 33 9493 1
829 79 305 18 5734 1
830 57 338 22 7159 1
831 79 349 20 10439 1
832 57 368 12 5378 1
833 50 333 18 3778 1
834 99 333 18 3778 1
835 78 334 28 6037 1
836 73 333 7 2482 1
837 58 331 13 2703 1
838 72 365 25 8971 1
839 57 303 11 3984 1
840 79 333 20 5106 1
841 59 318 15 6241 1
842 79 336 14 6050 1
843 14 368 57 19239 1
844 78 331 22 9045 1
845 59 303 31 5549 1
846 51 303 20 6981 1
847 78 366 31 15768 1
848 79 305 22 6888 1
849 36 349 28 12304 1
850 58 338 16 6137 1
851 115 338 16 6137 1
852 50 349 35 18302 1
853 57 331 40 10070 1
854 57 366 16 6076 1
855 79 363 32 13169 1
856 109 303 18 5820 1
857 74 324 36 13297 1
858 58 334 24 11330 1
859 116 368 34 11267 1
860 52 304 11 4098 1
861 51 303 13 2248 1
862 78 338 28 8941 1
863 15 324 29 8282 1
864 79 368 24 7234 1
865 112 331 13 3577 1
866 223 331 13 3577 1
867 58 304 24 7244 1
868 51 336 12 2625 1
869 85 332 31 9832 1
870 50 305 58 14877 1
871 58 334 19 6337 1
872 78 333 14 3008 1
873 155 333 14 3008 1
874 232 333 14 3008 1
875 51 303 13 4871 1
876 57 316 15 4442 1
877 57 334 38 6475 1
878 58 333 14 5633 1
879 14 305 18 5518 1
880 50 338 25 9280 1
881 58 366 13 6868 1
882 119 324 35 11429 1
883 237 324 35 11429 1
884 96 338 19 8448 1
885 14 304 22 6605 1
886 78 349 30 7358 1
887 59 323 26 7822 1
888 51 318 20 5423 1
889 14 303 43 19265 1
890 36 316 36 8694 1
891 76 323 21 5845 1
892 36 364 17 7738 1
893 37 365 28 14228 1
894 73 323 17 4715 1
895 58 349 14 5253 1
896 115 349 14 5253 1
897 84 336 19 3283 1
898 78 365 47 13764 1
899 79 333 11 2840 1
900 35 332 13 2176 1
901 75 333 31 13987 1
902 37 366 13 6484 1
903 78 331 21 5922 1
904 155 331 21 5922 1
905 232 331 21 5922 1
906 71 316 37 7644 1
907 141 316 37 7644 1
908 211 316 37 7644 1
909 36 337 16 6349 1
910 14 316 14 4662 1
911 57 323 27 4545 1
912 113 323 27 4545 1
913 78 363 17 8846 1
914 51 336 29 9840 1
915 123 349 16 5686 1
916 79 366 29 15507 1
917 50 364 19 6537 1
918 78 332 22 10576 1
919 155 332 22 10576 1
920 96 364 21 6185 1
921 35 332 15 5205 1
922 57 363 11 5198 1
923 75 303 25 7575 1
924 51 333 21 8260 1
925 49 366 20 10480 1
926 78 365 31 8007 1
927 107 363 26 6630 1
928 78 364 17 6971 1
929 51 324 12 5638 1
930 57 335 24 8920 1
931 79 331 34 5660 1
932 114 331 31 6112 1
933 58 335 41 13914 1
934 14 318 29 12337 1
935 91 338 29 14006 1
936 60 304 58 15657 1
937 78 368 30 10990 1
938 155 368 30 10990 1
939 79 316 20 4816 1
940 57 316 21 6836 1
941 58 368 33 7675 1
942 36 331 16 5111 1
943 15 336 28 12964 1
944 36 303 15 5894 1
945 37 324 12 4090 1
946 57 332 18 4098 1
947 16 316 49 17628 1
948 78 334 23 10822 1
949 108 349 24 7595 1
950 215 349 24 7595 1
951 78 338 27 6569 1
952 37 324 22 5024 1
953 77 318 27 6186 1
954 153 318 27 6186 1
955 63 323 14 2945 1
956 36 366 24 10847 1
957 74 349 46 19762 1
958 94 368 13 6725 1
959 58 334 24 4751 1
960 50 335 10 2452 1
961 99 335 10 2452 1
962 110 368 23 6354 1
963 14 303 7 2195 1
964 58 316 24 11085 1
965 13 349 30 15229 1
966 57 337 13 6093 1
967 14 364 22 8605 1
968 93 323 35 8083 1
969 90 305 13 2294 1
970 179 305 13 2294 1
971 268 305 13 2294 1
972 58 324 28 12540 1
973 58 364 25 6404 1
974 79 335 11 3401 1
975 71 305 18 7707 1
976 36 335 16 8023 1
977 76 318 19 4149 1
978 89 334 23 10898 1
979 37 349 20 3867 1
980 79 323 28 6291 1
981 49 316 8 3641 1
982 15 331 26 11004 1
983 70 324 23 8578 1
984 139 324 23 8578 1
985 16 349 11 5533 1
986 31 349 11 5533 1
987 58 368 29 13060 1
988 57 303 27 7547 1
989 51 365 14 6772 1
990 89 396 41 12837 1
991 177 396 41 12837 1
992 179 396 39 15347 1
993 75 395 49 18416 1
994 79 399 31 16468 1
995 157 399 31 16468 1
996 91 399 17 5616 1
997 79 396 26 7854 1
998 91 397 36 20888 1
999 77 396 41 13436 1
1000 153 396 41 13436 1
1001 12 395 41 11435 1
1002 86 397 18 8169 1
1003 89 396 43 20607 1
1004 154 395 32 10734 1
1005 91 398 22 12420 1
1006 88 399 31 14102 1
1007 73 395 30 17672 1
1008 75 399 34 8887 1
1009 78 396 30 6289 1
1010 85 395 31 16290 1
1011 77 399 33 17107 1
1012 80 398 29 10591 1
1013 90 397 24 4894 1
1014 79 399 30 10052 1
1015 77 395 28 8476 1
1016 76 399 25 6396 1
1017 111 397 27 6342 1
1018 10 395 36 8687 1
1019 77 396 35 20049 1
1020 79 397 32 17581 1
1021 89 399 26 11532 1
1022 76 398 29 13549 1
1023 151 398 29 13549 1
1024 156 397 27 9235 1
1025 79 396 29 13358 1
1026 80 397 22 5748 1
1027 159 397 22 5748 1
1028 80 399 27 15732 1
1029 159 399 27 15732 1
1030 76 395 29 8684 1
1031 79 395 21 11557 1
1032 157 395 21 11557 1
1033 14 396 44 15033 1
1034 78 396 42 14489 1
1035 177 397 48 16298 1
1036 94 396 35 19894 1
14
503 620 807 620 700 205 255 700 700 700 700 700 200 460 