1036
1 184 134 26 4979 1
2 39 133 6 987 1
3 10 138 21 2379 1
4 15 118 12 850 1
5 7 134 9 720 1
6 25 132 20 1740 1
7 49 132 20 1740 1
8 19 137 30 2207 1
9 37 137 30 2207 1
10 7 132 14 2516 1
11 19 132 10 839 1
12 37 132 10 839 1
13 12 132 16 2882 1
14 21 140 26 2227 1
15 2 118 5 358 1
16 3 125 7 1131 1
17 21 137 29 2549 1
18 20 129 26 2546 1
19 6 140 14 2657 1
20 6 133 16 1708 1
21 11 133 16 1708 1
22 22 129 9 1664 1
23 8 125 5 631 1
24 15 125 5 631 1
25 9 129 12 2309 1
26 12 125 6 695 1
27 18 134 4 269 1
28 35 134 4 269 1
29 8 125 4 718 1
30 15 125 4 718 1
31 10 118 6 641 1
32 2 129 16 1334 1
33 1 133 13 1638 1
34 34 133 26 3798 1
35 67 133 26 3798 1
36 2 133 9 1567 1
37 3 132 33 2859 1
38 8 129 25 3973 1
39 8 134 7 934 1
40 12 129 51 9242 1
41 27 129 30 3997 1
42 8 134 14 2263 1
43 26 129 9 608 1
44 18 118 17 1055 1
45 2 132 15 1573 1
46 20 118 17 2788 1
47 39 118 17 2788 1
48 8 138 8 1176 1
49 8 137 18 2273 1
50 2 137 4 767 1
51 9 140 27 2893 1
52 25 133 12 1548 1
53 8 140 13 2172 1
54 15 140 13 2172 1
55 22 140 13 2172 1
56 29 140 13 2172 1
57 36 140 13 2172 1
58 19 125 5 672 1
59 37 125 5 672 1
60 7 132 12 1084 1
61 13 132 12 1084 1
62 19 132 12 1084 1
63 25 132 12 1084 1
64 27 134 31 5015 1
65 2 133 15 2952 1
66 9 125 8 632 1
67 17 125 8 632 1
68 25 125 8 632 1
69 33 125 8 632 1
70 20 134 18 2803 1
71 39 134 18 2803 1
72 58 134 18 2803 1
73 77 134 18 2803 1
74 96 134 18 2803 1
75 3 133 7 1292 1
76 5 133 7 1292 1
77 19 138 8 1139 1
78 37 138 8 1139 1
79 1 133 4 588 1
80 35 133 11 1399 1
81 69 133 11 1399 1
82 103 133 11 1399 1
83 137 133 11 1399 1
84 24 138 5 956 1
85 10 137 11 924 1
86 19 137 11 924 1
87 14 140 28 4004 1
88 191 140 7 1094 1
89 26 125 4 433 1
90 25 137 12 1487 1
91 29 129 18 2208 1
92 12 118 10 1411 1
93 8 132 10 1603 1
94 2 133 11 1383 1
95 2 129 13 2398 1
96 3 129 13 2398 1
97 8 138 9 1519 1
98 15 138 9 1519 1
99 7 133 17 3295 1
100 25 118 8 1291 1
101 2 118 13 1665 1
102 44 149 13 2614 1
103 87 149 13 2614 1
104 44 184 14 3347 1
105 43 204 16 1797 1
106 85 204 16 1797 1
107 127 204 16 1797 1
108 45 177 14 1501 1
109 44 199 24 5854 1
110 87 199 24 5854 1
111 130 199 24 5854 1
112 173 199 24 5854 1
113 6 151 12 2155 1
114 42 187 18 4084 1
115 16 149 11 1945 1
116 18 188 7 930 1
117 26 205 17 1893 1
118 32 178 18 3511 1
119 48 177 20 2814 1
120 95 177 20 2814 1
121 45 204 14 4099 1
122 89 204 14 4099 1
123 133 204 14 4099 1
124 177 204 14 4099 1
125 221 204 14 4099 1
126 20 205 7 1179 1
127 19 197 18 5295 1
128 18 194 15 1891 1
129 44 151 19 3551 1
130 42 178 14 1451 1
131 83 178 14 1451 1
132 124 178 14 1451 1
133 165 178 14 1451 1
134 7 161 15 2282 1
135 54 194 9 1344 1
136 45 188 20 3192 1
137 89 188 20 3192 1
138 7 210 19 2958 1
139 79 161 12 2636 1
140 14 202 17 3196 1
141 6 167 14 2327 1
142 22 167 14 3182 1
143 53 177 4 750 1
144 6 181 19 2884 1
145 23 194 8 1556 1
146 19 149 14 1393 1
147 44 184 14 3777 1
148 44 177 32 2861 1
149 43 188 14 3297 1
150 85 188 14 3297 1
151 127 188 14 3297 1
152 169 188 14 3297 1
153 43 190 11 1363 1
154 85 190 11 1363 1
155 45 184 25 3728 1
156 89 184 25 3728 1
157 15 149 18 3578 1
158 29 149 18 3578 1
159 24 203 22 2396 1
160 75 178 5 1231 1
161 13 205 17 2776 1
162 25 205 17 2776 1
163 42 210 10 2363 1
164 44 167 21 4727 1
165 33 207 25 7382 1
166 64 204 38 7028 1
167 11 151 14 2950 1
168 43 151 26 2608 1
169 43 210 26 5338 1
170 85 210 26 5338 1
171 127 210 26 5338 1
172 46 177 16 1969 1
173 18 208 16 3968 1
174 21 151 27 4200 1
175 44 151 17 2610 1
176 56 178 21 4292 1
177 5 208 11 3116 1
178 7 167 16 3572 1
179 44 171 15 3350 1
180 87 171 15 3350 1
181 29 203 70 18837 1
182 45 195 42 7795 1
183 44 188 20 5179 1
184 71 204 27 6857 1
185 22 205 31 8198 1
186 7 204 10 2382 1
187 43 190 19 2893 1
188 85 190 19 2893 1
189 43 195 11 2008 1
190 17 205 9 2519 1
191 260 161 12 2262 1
192 21 202 24 4832 1
193 24 167 6 613 1
194 47 167 6 613 1
195 70 167 6 613 1
196 93 167 6 613 1
197 116 167 6 613 1
198 45 149 6 604 1
199 57 203 8 1514 1
200 43 190 23 4134 1
201 85 190 23 4134 1
202 127 190 23 4134 1
203 44 188 18 3987 1
204 87 188 18 3987 1
205 130 188 18 3987 1
206 7 170 33 4512 1
207 24 161 14 1216 1
208 47 161 14 1216 1
209 43 197 10 1423 1
210 44 194 23 4049 1
211 87 194 23 4049 1
212 82 195 15 2657 1
213 44 149 18 2768 1
214 53 187 10 1176 1
215 16 197 18 3605 1
216 7 202 16 2825 1
217 83 203 18 4087 1
218 19 181 43 6649 1
219 7 181 12 1799 1
220 44 161 9 1382 1
221 17 161 28 5849 1
222 17 190 10 1607 1
223 63 194 13 1959 1
224 125 194 13 1959 1
225 16 167 20 3546 1
226 6 197 11 2859 1
227 8 190 29 7281 1
228 34 177 41 9617 1
229 44 202 8 2303 1
230 87 202 8 2303 1
231 130 202 8 2303 1
232 5 161 21 1995 1
233 9 161 21 1995 1
234 52 167 24 2180 1
235 45 184 12 2192 1
236 38 207 8 2185 1
237 17 170 11 1110 1
238 33 170 11 1110 1
239 17 177 40 10403 1
240 33 177 40 10403 1
241 42 205 31 3757 1
242 21 171 26 3281 1
243 43 210 24 6553 1
244 45 207 12 1463 1
245 22 188 26 6219 1
246 43 188 26 6219 1
247 6 184 16 3945 1
248 8 170 17 1589 1
249 43 178 12 2164 1
250 46 170 10 1348 1
251 91 170 10 1348 1
252 19 161 12 1995 1
253 92 171 12 2174 1
254 183 171 12 2174 1
255 27 202 17 3470 1
256 29 245 35 6840 1
257 44 220 12 2319 1
258 45 222 9 1741 1
259 20 216 7 1272 1
260 57 230 17 4154 1
261 58 243 30 8346 1
262 15 216 21 5575 1
263 44 222 19 4725 1
264 87 222 19 4725 1
265 130 222 19 4725 1
266 43 225 24 4397 1
267 43 216 14 4238 1
268 46 212 20 4699 1
269 12 228 16 4103 1
270 51 222 11 1349 1
271 17 220 13 3540 1
272 57 230 28 9536 1
273 38 212 16 3480 1
274 99 239 23 5088 1
275 42 244 41 14936 1
276 83 244 41 14936 1
277 44 228 16 2367 1
278 75 220 28 6093 1
279 99 225 10 2510 1
280 21 243 18 6103 1
281 44 212 14 3988 1
282 16 221 10 2470 1
283 55 222 13 3314 1
284 36 221 22 5510 1
285 43 243 18 4816 1
286 31 212 12 1374 1
287 61 212 12 1374 1
288 16 222 13 3675 1
289 31 228 5 645 1
290 46 239 21 2672 1
291 44 244 17 4182 1
292 44 220 13 3606 1
293 64 220 10 1291 1
294 31 222 10 2812 1
295 54 225 17 4520 1
296 31 228 18 2668 1
297 54 239 9 1628 1
298 30 245 15 3468 1
299 43 212 12 3553 1
300 85 212 12 3553 1
301 127 212 12 3553 1
302 43 242 33 4193 1
303 43 222 11 1754 1
304 29 243 13 4481 1
305 56 239 23 6847 1
306 111 239 23 6847 1
307 50 228 19 3450 1
308 46 228 19 2313 1
309 18 216 11 1792 1
310 28 237 17 3350 1
311 55 237 17 3350 1
312 95 225 16 3242 1
313 189 225 16 3242 1
314 56 221 23 3231 1
315 9 239 17 3077 1
316 45 239 12 1750 1
317 89 239 12 1750 1
318 5 212 14 3276 1
319 9 212 14 3276 1
320 57 222 13 3622 1
321 46 221 15 1801 1
322 52 243 13 2671 1
323 57 220 23 6267 1
324 43 212 16 3374 1
325 43 225 12 3789 1
326 43 245 17 3332 1
327 37 228 20 2395 1
328 57 237 9 1185 1
329 113 237 9 1185 1
330 58 244 20 6056 1
331 78 242 30 6614 1
332 30 244 12 2456 1
333 31 237 25 4250 1
334 49 216 20 5426 1
335 44 225 27 6717 1
336 28 242 7 1840 1
337 55 242 7 1840 1
338 59 216 29 3957 1
339 104 230 15 1755 1
340 44 242 16 4175 1
341 31 222 33 4447 1
342 97 216 21 6516 1
343 42 225 26 5374 1
344 55 220 11 2151 1
345 32 230 35 9996 1
346 36 230 20 4486 1
347 38 244 7 2189 1
348 29 228 9 1048 1
349 44 212 15 2069 1
350 36 245 22 3238 1
351 61 221 11 3026 1
352 29 242 22 3511 1
353 31 243 19 6803 1
354 61 243 19 6803 1
355 101 216 21 4920 1
356 91 242 17 2788 1
357 106 230 31 8924 1
358 53 220 8 2137 1
359 88 228 15 3822 1
360 61 221 20 2969 1
361 77 244 21 5819 1
362 43 220 12 2315 1
363 37 221 10 1191 1
364 44 220 33 3640 1
365 31 245 14 3409 1
366 43 220 18 2474 1
367 49 230 35 9040 1
368 94 228 19 4536 1
369 6 243 26 6241 1
370 81 221 21 3457 1
371 44 242 27 5256 1
372 45 245 11 3905 1
373 89 245 11 3905 1
374 35 242 34 9547 1
375 43 245 15 2909 1
376 44 228 18 5097 1
377 44 222 9 2182 1
378 8 244 29 9576 1
379 38 225 12 2232 1
380 63 230 10 2606 1
381 30 225 14 2422 1
382 91 239 24 6386 1
383 130 216 12 1693 1
384 36 216 18 4697 1
385 17 242 11 1334 1
386 54 221 15 2927 1
387 87 242 36 9500 1
388 49 244 21 3038 1
389 68 212 19 5499 1
390 36 239 17 2799 1
391 99 243 18 5294 1
392 31 237 46 15280 1
393 30 245 22 6263 1
394 58 222 14 3230 1
395 29 243 30 7958 1
396 88 228 21 3960 1
397 55 239 25 4704 1
398 44 225 33 6271 1
399 96 237 10 3056 1
400 31 243 27 8818 1
401 28 237 15 3723 1
402 37 222 34 5071 1
403 44 216 10 1578 1
404 28 245 43 14461 1
405 43 228 35 9354 1
406 43 230 13 3864 1
407 5 270 13 3090 1
408 51 267 18 6099 1
409 43 259 11 2350 1
410 36 274 7 2294 1
411 29 260 11 1467 1
412 37 270 20 5057 1
413 44 260 13 4415 1
414 15 259 12 3760 1
415 43 259 11 1927 1
416 29 255 20 6719 1
417 58 275 21 8608 1
418 97 265 20 7225 1
419 106 259 19 3815 1
420 211 259 19 3815 1
421 14 257 17 6463 1
422 27 257 17 6463 1
423 53 261 10 1365 1
424 105 261 10 1365 1
425 49 260 23 4923 1
426 33 268 13 2645 1
427 65 268 13 2645 1
428 57 273 24 5060 1
429 113 273 24 5060 1
430 15 260 4 1399 1
431 37 262 2 712 1
432 43 274 12 4695 1
433 18 264 18 5889 1
434 104 259 4 1340 1
435 11 270 16 4636 1
436 103 274 5 760 1
437 58 259 18 2933 1
438 29 274 17 3555 1
439 37 276 16 4727 1
440 31 259 19 5605 1
441 51 260 21 7994 1
442 100 260 3 1125 1
443 101 270 23 3252 1
444 201 270 23 3252 1
445 30 276 21 3708 1
446 50 255 9 2607 1
447 37 261 10 1968 1
448 34 262 32 12351 1
449 67 262 32 12351 1
450 100 262 32 12351 1
451 25 259 10 3290 1
452 49 259 10 3290 1
453 73 259 10 3290 1
454 97 259 10 3290 1
455 59 265 19 6692 1
456 16 255 7 2662 1
457 98 261 25 9764 1
458 43 261 8 2777 1
459 54 255 19 7005 1
460 44 274 20 5598 1
461 44 276 13 3348 1
462 37 268 14 3625 1
463 51 257 10 3664 1
464 52 255 16 3730 1
465 98 274 18 4062 1
466 195 274 18 4062 1
467 292 274 18 4062 1
468 30 277 15 3116 1
469 50 276 27 7244 1
470 44 262 24 3807 1
471 31 275 33 8745 1
472 29 246 20 3630 1
473 29 262 14 2277 1
474 37 261 11 1733 1
475 44 258 16 3606 1
476 87 258 16 3606 1
477 30 264 7 1028 1
478 37 258 19 2502 1
479 29 260 23 4343 1
480 30 274 15 4414 1
481 39 246 14 2000 1
482 77 246 14 2000 1
483 29 257 17 4137 1
484 53 276 39 6902 1
485 87 277 16 4665 1
486 45 261 16 2099 1
487 89 261 16 2099 1
488 15 262 21 3753 1
489 30 265 19 7414 1
490 58 275 16 3492 1
491 94 273 14 3428 1
492 44 262 3 492 1
493 44 246 21 3860 1
494 25 264 9 3104 1
495 37 270 23 4591 1
496 43 261 11 3162 1
497 85 261 11 3162 1
498 40 274 19 6875 1
499 44 260 16 4685 1
500 30 255 15 2925 1
501 43 264 16 2554 1
502 34 260 14 4108 1
503 36 276 15 2194 1
504 30 275 9 2658 1
505 87 261 8 2172 1
506 43 268 24 8528 1
507 55 264 5 1004 1
508 109 264 5 1004 1
509 104 246 19 2458 1
510 103 274 14 5245 1
511 205 274 14 5245 1
512 37 260 14 2211 1
513 51 260 3 660 1
514 43 264 5 924 1
515 58 261 16 2999 1
516 90 276 14 5040 1
517 27 258 21 5420 1
518 53 258 21 5420 1
519 51 275 13 3159 1
520 29 262 12 2930 1
521 30 277 17 5237 1
522 36 275 16 4552 1
523 27 273 12 1714 1
524 43 267 3 806 1
525 114 260 15 5306 1
526 37 273 12 3719 1
527 50 246 15 4853 1
528 12 274 19 7275 1
529 57 264 10 2878 1
530 113 264 10 2878 1
531 91 264 19 5110 1
532 37 261 13 3246 1
533 31 267 17 2358 1
534 44 264 6 1642 1
535 50 274 17 3331 1
536 86 246 14 2223 1
537 171 246 14 2223 1
538 43 276 7 2878 1
539 31 246 25 8445 1
540 37 273 23 6565 1
541 60 259 15 3876 1
542 47 268 25 6497 1
543 50 260 24 4551 1
544 33 255 18 2369 1
545 103 276 20 8087 1
546 49 258 15 3366 1
547 24 257 3 866 1
548 30 270 16 5461 1
549 57 260 7 1499 1
550 30 259 24 3830 1
551 59 259 24 3830 1
552 88 259 24 3830 1
553 33 246 12 1848 1
554 50 257 20 5517 1
555 30 259 16 4259 1
556 43 270 19 6955 1
557 32 270 7 2735 1
558 15 275 17 4946 1
559 58 268 15 2561 1
560 21 259 5 744 1
561 179 261 20 6808 1
562 105 255 19 3360 1
563 22 260 10 1831 1
564 51 246 12 3428 1
565 36 259 5 875 1
566 29 274 24 7708 1
567 58 268 11 3463 1
568 36 259 13 2688 1
569 50 264 11 3333 1
570 30 264 20 7876 1
571 57 267 20 4042 1
572 29 270 20 3421 1
573 30 276 27 8875 1
574 91 259 15 5153 1
575 36 258 16 2070 1
576 29 260 14 5018 1
577 29 257 18 6781 1
578 35 262 13 2152 1
579 44 260 16 5514 1
580 51 258 14 2830 1
581 25 265 14 2217 1
582 36 259 16 3927 1
583 42 275 13 2036 1
584 103 273 19 3541 1
585 37 265 13 3286 1
586 28 261 17 3563 1
587 55 261 17 3563 1
588 36 270 15 5244 1
589 58 294 15 4835 1
590 66 286 11 4683 1
591 57 278 26 9310 1
592 30 293 16 6926 1
593 30 293 22 7844 1
594 63 300 29 8884 1
595 29 292 16 6061 1
596 25 278 16 6665 1
597 57 300 20 6560 1
598 113 300 20 6560 1
599 169 300 20 6560 1
600 225 300 20 6560 1
601 90 292 17 2652 1
602 44 282 17 4243 1
603 58 279 22 7917 1
604 25 293 13 2511 1
605 49 293 13 2511 1
606 56 291 24 8219 1
607 111 291 24 8219 1
608 45 282 35 10561 1
609 43 285 10 3531 1
610 63 293 17 4952 1
611 58 284 15 4855 1
612 30 294 27 7590 1
613 82 299 7 3016 1
614 69 279 7 1176 1
615 29 279 13 3496 1
616 31 291 20 8055 1
617 42 293 11 3527 1
618 28 292 30 13104 1
619 59 293 22 8962 1
620 62 292 11 3727 1
621 25 299 16 5028 1
622 62 291 16 3005 1
623 57 285 18 2748 1
624 30 293 22 4107 1
625 29 293 19 3053 1
626 58 293 14 4033 1
627 57 294 19 3098 1
628 58 294 37 9900 1
629 156 299 12 3880 1
630 31 278 14 4336 1
631 29 300 8 1386 1
632 56 279 10 2868 1
633 12 292 15 3925 1
634 28 300 14 4978 1
635 29 293 14 6091 1
636 57 293 14 6091 1
637 44 300 11 2303 1
638 56 281 15 4140 1
639 80 285 17 6306 1
640 79 294 12 1840 1
641 64 282 14 5304 1
642 83 282 13 3448 1
643 43 278 17 6435 1
644 71 292 16 2397 1
645 57 284 11 2736 1
646 113 284 11 2736 1
647 30 284 15 2419 1
648 59 284 15 2419 1
649 58 300 18 7900 1
650 58 299 36 9938 1
651 40 279 13 2833 1
652 28 279 15 2610 1
653 55 279 15 2610 1
654 107 293 18 3837 1
655 37 286 10 3514 1
656 65 282 7 1247 1
657 56 292 10 3867 1
658 58 291 15 5508 1
659 115 291 15 5508 1
660 58 292 10 3841 1
661 30 299 6 1303 1
662 21 291 13 3787 1
663 31 291 41 15594 1
664 77 294 16 6530 1
665 58 300 18 3845 1
666 28 291 9 2845 1
667 59 291 11 4503 1
668 117 291 11 4503 1
669 175 291 11 4503 1
670 56 292 11 4524 1
671 111 292 11 4524 1
672 166 292 11 4524 1
673 42 300 18 4282 1
674 59 285 16 3035 1
675 57 293 14 2624 1
676 58 292 10 3079 1
677 115 292 10 3079 1
678 93 282 17 2633 1
679 29 291 18 3649 1
680 28 291 38 12243 1
681 29 291 25 7534 1
682 58 278 10 1799 1
683 58 279 26 4754 1
684 65 281 24 4133 1
685 28 291 12 2441 1
686 30 285 20 7048 1
687 31 279 11 4436 1
688 61 279 11 4436 1
689 31 293 37 7453 1
690 57 279 11 3251 1
691 57 293 22 4851 1
692 113 293 22 4851 1
693 56 284 13 3993 1
694 29 281 13 3449 1
695 29 285 17 4048 1
696 58 279 13 3131 1
697 115 279 13 3131 1
698 45 299 12 2147 1
699 89 299 12 2147 1
700 58 292 27 11068 1
701 219 285 19 5847 1
702 45 300 13 3748 1
703 28 294 17 6282 1
704 34 281 20 6382 1
705 35 282 6 925 1
706 59 292 6 1754 1
707 30 293 20 7350 1
708 59 293 20 7350 1
709 29 285 12 4214 1
710 57 285 12 4214 1
711 191 291 8 1867 1
712 61 300 21 4266 1
713 41 299 10 2043 1
714 44 300 11 2561 1
715 22 278 14 4001 1
716 42 299 14 3528 1
717 83 299 14 3528 1
718 30 285 18 5362 1
719 227 279 42 11034 1
720 31 291 33 11438 1
721 68 292 12 2669 1
722 135 292 12 2669 1
723 32 299 20 8031 1
724 29 293 16 3183 1
725 57 293 16 3183 1
726 21 281 21 7084 1
727 83 281 9 1811 1
728 43 285 23 7634 1
729 58 292 14 5009 1
730 58 299 35 14273 1
731 29 281 13 2078 1
732 31 285 12 2671 1
733 45 294 13 3199 1
734 56 279 10 3903 1
735 57 293 27 7198 1
736 58 292 12 4062 1
737 115 292 12 4062 1
738 28 299 11 4073 1
739 59 278 13 5213 1
740 117 278 13 5213 1
741 57 286 10 2403 1
742 57 281 24 6337 1
743 27 281 15 5151 1
744 39 282 17 4645 1
745 43 300 8 1757 1
746 28 299 16 6743 1
747 55 299 16 6743 1
748 57 291 20 7047 1
749 113 291 20 7047 1
750 50 318 31 8197 1
751 16 324 13 3291 1
752 184 368 47 25029 1
753 42 331 24 6603 1
754 109 337 28 6698 1
755 76 318 36 12303 1
756 59 316 14 2939 1
757 79 303 22 4112 1
758 157 303 22 4112 1
759 235 303 22 4112 1
760 58 364 38 17543 1
761 115 364 38 17543 1
762 172 364 38 17543 1
763 121 336 30 5247 1
764 93 334 18 6803 1
765 113 365 15 5367 1
766 36 365 19 9651 1
767 116 303 21 9318 1
768 37 332 28 11818 1
769 73 332 28 11818 1
770 50 324 16 3300 1
771 78 304 29 10817 1
772 155 304 29 10817 1
773 232 304 29 10817 1
774 309 304 29 10817 1
775 79 305 11 3305 1
776 119 338 24 4604 1
777 58 363 30 16181 1
778 79 349 29 13044 1
779 15 318 22 6302 1
780 120 305 16 6205 1
781 239 305 16 6205 1
782 78 335 11 3522 1
783 36 365 7 2595 1
784 51 337 45 22652 1
785 78 332 17 6138 1
786 12 364 32 8843 1
787 50 335 14 5885 1
788 57 336 13 6080 1
789 61 364 19 8386 1
790 78 334 22 5939 1
791 74 305 30 11622 1
792 17 336 13 2501 1
793 15 336 33 15679 1
794 15 364 27 12814 1
795 97 335 23 6126 1
796 36 303 35 14950 1
797 57 318 12 5354 1
798 22 323 27 5478 1
799 16 338 21 10317 1
800 51 334 23 8705 1
801 78 364 18 5236 1
802 155 364 18 5236 1
803 73 333 27 5200 1
804 77 363 26 10764 1
805 51 364 13 5758 1
806 18 303 16 3273 1
807 36 363 19 7689 1
808 70 334 22 7639 1
809 139 334 22 7639 1
810 75 316 12 4761 1
811 78 304 16 5938 1
812 107 335 18 7442 1
813 25 337 20 4337 1
814 79 363 16 4187 1
815 157 363 16 4187 1
816 235 363 16 4187 1
817 79 363 18 4439 1
818 157 363 18 4439 1
819 235 363 18 4439 1
820 78 366 42 7877 1
821 36 303 21 6800 1
822 113 318 27 8853 1
823 50 366 22 10183 1
824 77 305 29 10050 1
825 50 323 23 10987 1
826 58 304 12 2953 1
827 115 304 12 2953 1
828 57 332 27 9071 1
829 90 331 13 3856 1
830 50 335 27 11419 1
831 16 368 26 9094 1
832 14 349 22 7120 1
833 37 318 40 10340 1
834 37 337 27 6370 1
835 50 318 16 6346 1
836 57 337 17 4251 1
837 13 365 43 12053 1
838 76 323 19 5834 1
839 58 336 13 6359 1
840 115 336 13 6359 1
841 76 303 20 3313 1
842 99 364 33 8962 1
843 197 364 33 8962 1
844 38 349 33 8253 1
845 90 318 11 5176 1
846 78 365 15 7929 1
847 58 336 15 5355 1
848 115 336 15 5355 1
849 57 349 17 3432 1
850 113 349 17 3432 1
851 169 349 17 3432 1
852 58 335 33 14554 1
853 78 305 12 3093 1
854 155 305 12 3093 1
855 232 305 12 3093 1
856 119 337 14 6508 1
857 57 364 45 15525 1
858 78 305 10 1968 1
859 37 318 20 4313 1
860 94 363 15 7869 1
861 79 363 12 4596 1
862 51 335 28 13119 1
863 78 323 17 5696 1
864 155 323 17 5696 1
865 232 323 17 5696 1
866 309 323 17 5696 1
867 75 368 16 6619 1
868 78 338 24 10208 1
869 56 336 19 3243 1
870 111 336 19 3243 1
871 57 365 17 7932 1
872 113 365 17 7932 1
873 86 349 22 6463 1
874 119 338 48 12096 1
875 80 364 13 5833 1
876 80 332 43 10055 1
877 113 363 15 3878 1
878 64 338 11 4577 1
879 53 318 16 5062 1
880 57 316 12 1900 1
881 50 368 31 5831 1
882 83 368 22 8051 1
883 74 332 18 3460 1
884 50 337 15 6262 1
885 50 336 15 7348 1
886 15 331 20 7766 1
887 113 349 32 14059 1
888 57 337 8 2854 1
889 88 337 22 8957 1
890 50 368 32 7431 1
891 51 364 16 4258 1
892 126 337 11 3438 1
893 38 364 21 5413 1
894 75 364 21 5413 1
895 90 337 16 6423 1
896 73 324 26 10117 1
897 50 366 11 3065 1
898 28 318 42 19745 1
899 71 349 24 9999 1
900 87 337 18 6051 1
901 89 332 17 7600 1
902 56 316 22 5363 1
903 57 338 20 3988 1
904 113 338 20 3988 1
905 78 304 15 4886 1
906 155 304 15 4886 1
907 57 363 20 9097 1
908 113 363 20 9097 1
909 57 324 24 11067 1
910 37 335 13 2754 1
911 75 365 22 8013 1
912 90 349 38 12016 1
913 79 335 31 9450 1
914 125 368 22 8026 1
915 77 305 19 6223 1
916 57 332 26 10747 1
917 113 332 26 10747 1
918 169 332 26 10747 1
919 90 368 24 7647 1
920 36 334 8 2269 1
921 78 318 25 6760 1
922 56 364 29 14384 1
923 86 363 20 6859 1
924 57 337 15 4782 1
925 74 366 18 3506 1
926 57 332 21 5266 1
927 113 332 21 5266 1
928 80 336 18 4371 1
929 58 324 24 8715 1
930 58 337 26 10102 1
931 63 333 26 8084 1
932 79 323 32 8329 1
933 37 304 33 13920 1
934 58 323 15 6637 1
935 36 336 16 7161 1
936 15 366 18 6966 1
937 34 316 20 7894 1
938 51 332 19 4450 1
939 36 303 9 3793 1
940 88 323 8 2865 1
941 51 363 48 16444 1
942 101 363 48 16444 1
943 151 363 48 16444 1
944 79 305 17 4397 1
945 119 349 31 13346 1
946 16 304 26 5273 1
947 58 366 32 14792 1
948 74 334 24 5955 1
949 16 337 20 3705 1
950 123 365 21 7188 1
951 51 335 10 1727 1
952 61 332 51 20388 1
953 50 365 41 11579 1
954 76 335 24 9091 1
955 79 304 15 3193 1
956 157 304 15 3193 1
957 57 333 29 7346 1
958 82 323 13 4718 1
959 58 304 30 12751 1
960 115 304 30 12751 1
961 87 368 17 6260 1
962 57 337 13 4731 1
963 14 323 21 8062 1
964 116 304 20 4064 1
965 77 336 16 3392 1
966 153 336 16 3392 1
967 57 335 28 12643 1
968 76 334 39 9934 1
969 36 366 26 12294 1
970 50 366 61 16215 1
971 79 365 22 7241 1
972 50 337 30 13417 1
973 15 368 25 13304 1
974 87 349 23 7375 1
975 78 365 22 9763 1
976 24 324 27 4498 1
977 16 304 28 9243 1
978 31 304 28 9243 1
979 57 304 21 9167 1
980 111 318 16 4012 1
981 57 368 21 5237 1
982 58 332 14 6201 1
983 57 336 20 8662 1
984 78 365 31 5684 1
985 50 364 26 4908 1
986 99 364 26 4908 1
987 37 316 16 5358 1
988 57 364 24 6938 1
989 70 365 24 12532 1
990 79 396 31 17968 1
991 72 397 39 21200 1
992 72 395 30 16932 1
993 143 395 30 16932 1
994 73 395 35 13560 1
995 110 395 29 10331 1
996 84 399 32 9826 1
997 79 397 29 13118 1
998 79 398 28 5606 1
999 88 398 60 29138 1
1000 175 398 60 29138 1
1001 85 398 31 14121 1
1002 107 399 36 16096 1
1003 111 397 26 7998 1
1004 7 396 37 10171 1
1005 79 397 28 10447 1
1006 93 395 36 18993 1
1007 185 395 36 18993 1
1008 78 395 25 13365 1
1009 91 395 27 13754 1
1010 75 398 36 7839 1
1011 180 395 53 27736 1
1012 110 398 20 9886 1
1013 80 399 46 21899 1
1014 89 396 26 14862 1
1015 83 398 31 12156 1
1016 153 398 41 20756 1
1017 12 395 30 6365 1
1018 90 395 16 7637 1
1019 16 399 44 19807 1
1020 183 399 18 8681 1
1021 73 397 29 12185 1
1022 77 398 38 16878 1
1023 72 397 23 8067 1
1024 86 397 32 16125 1
1025 89 395 20 7225 1
1026 80 396 44 21255 1
1027 85 399 35 14547 1
1028 71 398 28 12540 1
1029 90 399 59 26093 1
1030 145 397 43 12552 1
1031 78 396 28 10279 1
1032 76 398 21 4732 1
1033 86 399 38 20762 1
1034 80 396 67 35791 1
1035 79 398 27 7584 1
1036 15 395 20 9442 1
14
503 620 807 620 700 205 255 700 700 700 700 700 200 460 