1036
1 2 125 15 991 1
2 14 133 22 3345 1
3 20 138 14 1542 1
4 252 129 15 2135 1
5 13 138 14 2051 1
6 8 134 5 882 1
7 15 134 5 882 1
8 22 133 14 1695 1
9 43 133 14 1695 1
10 8 138 6 536 1
11 12 132 20 2311 1
12 21 118 6 525 1
13 41 118 6 525 1
14 8 132 14 2315 1
15 126 125 7 668 1
16 25 132 13 1179 1
17 8 137 3 565 1
18 15 137 3 565 1
19 35 137 6 595 1
20 2 133 18 1798 1
21 7 132 8 597 1
22 13 132 8 597 1
23 19 132 8 597 1
24 25 132 8 597 1
25 9 132 18 3495 1
26 24 138 9 622 1
27 47 138 9 622 1
28 7 132 21 2196 1
29 8 134 6 404 1
30 9 118 15 2271 1
31 8 138 19 2091 1
32 15 138 19 2091 1
33 19 129 9 1025 1
34 37 129 9 1025 1
35 26 125 4 571 1
36 51 125 4 571 1
37 7 134 20 3247 1
38 20 129 18 3255 1
39 39 129 18 3255 1
40 2 134 7 1293 1
41 15 125 12 921 1
42 27 129 7 1019 1
43 17 118 29 3362 1
44 3 132 15 2409 1
45 25 118 9 1337 1
46 4 118 11 1581 1
47 7 118 11 1581 1
48 10 118 11 1581 1
49 11 133 10 1116 1
50 11 134 8 1027 1
51 8 137 35 2521 1
52 15 137 35 2521 1
53 2 133 6 996 1
54 14 125 6 875 1
55 152 137 15 1659 1
56 9 140 10 2033 1
57 17 140 10 2033 1
58 20 132 7 1054 1
59 9 134 15 2679 1
60 17 134 15 2679 1
61 25 134 15 2679 1
62 33 134 15 2679 1
63 7 134 20 3481 1
64 13 125 11 1149 1
65 28 125 14 1442 1
66 55 125 14 1442 1
67 8 134 23 4573 1
68 9 140 13 936 1
69 8 132 5 879 1
70 2 137 3 418 1
71 8 138 15 1131 1
72 15 138 15 1131 1
73 33 125 39 4720 1
74 32 140 9 1063 1
75 63 140 9 1063 1
76 7 138 12 2240 1
77 8 137 13 994 1
78 2 140 8 1137 1
79 24 138 11 1773 1
80 9 118 11 1811 1
81 9 125 6 823 1
82 17 125 6 823 1
83 25 125 6 823 1
84 18 125 4 565 1
85 35 125 4 565 1
86 8 134 16 1924 1
87 35 134 10 726 1
88 7 132 16 3006 1
89 13 132 16 3006 1
90 19 132 16 3006 1
91 25 132 16 3006 1
92 31 132 16 3006 1
93 37 132 16 3006 1
94 43 132 16 3006 1
95 8 137 19 2943 1
96 11 132 21 1821 1
97 32 140 14 2570 1
98 63 140 14 2570 1
99 16 133 14 1922 1
100 25 132 9 1203 1
101 49 132 9 1203 1
102 21 208 36 10210 1
103 6 178 19 1959 1
104 44 161 9 1976 1
105 87 161 9 1976 1
106 6 199 10 1220 1
107 43 181 26 2461 1
108 45 171 27 6378 1
109 44 210 10 1883 1
110 87 210 10 1883 1
111 19 203 19 3362 1
112 5 178 10 1135 1
113 24 149 8 726 1
114 42 171 9 785 1
115 83 171 9 785 1
116 124 171 9 785 1
117 165 171 9 785 1
118 7 187 16 1689 1
119 45 187 17 2816 1
120 89 187 17 2816 1
121 7 181 23 4340 1
122 16 177 21 4192 1
123 31 177 21 4192 1
124 12 210 13 2691 1
125 24 171 24 4916 1
126 43 190 34 5053 1
127 44 203 21 3452 1
128 43 151 13 1383 1
129 24 197 20 4418 1
130 14 170 15 1373 1
131 27 170 15 1373 1
132 40 170 15 1373 1
133 53 170 15 1373 1
134 66 170 15 1373 1
135 17 210 13 2166 1
136 33 210 13 2166 1
137 23 208 12 3282 1
138 8 203 25 4761 1
139 22 187 10 2446 1
140 43 204 39 10602 1
141 6 177 38 6500 1
142 42 149 10 945 1
143 17 184 16 2809 1
144 28 188 15 1671 1
145 6 199 12 2123 1
146 6 203 50 6309 1
147 38 151 9 1432 1
148 18 208 28 8041 1
149 35 208 28 8041 1
150 52 208 28 8041 1
151 26 187 11 2979 1
152 18 195 17 3119 1
153 7 205 10 1687 1
154 45 177 10 2013 1
155 89 177 10 2013 1
156 45 199 4 816 1
157 44 149 25 2478 1
158 30 195 15 4276 1
159 6 202 28 6875 1
160 44 167 9 1741 1
161 22 190 46 6943 1
162 17 188 37 8104 1
163 43 204 19 3822 1
164 85 204 19 3822 1
165 127 204 19 3822 1
166 297 195 8 902 1
167 44 202 12 3220 1
168 87 202 12 3220 1
169 18 187 19 3927 1
170 7 210 16 3542 1
171 13 210 16 3542 1
172 24 203 14 2081 1
173 43 149 13 1646 1
174 85 149 13 1646 1
175 127 149 13 1646 1
176 69 205 32 5579 1
177 5 178 14 1768 1
178 299 197 17 4496 1
179 6 202 55 8255 1
180 53 151 7 1299 1
181 105 151 7 1299 1
182 157 151 7 1299 1
183 43 161 15 2546 1
184 54 195 16 3998 1
185 44 205 36 4381 1
186 44 184 11 2581 1
187 44 195 24 5422 1
188 453 202 25 5458 1
189 44 197 19 5426 1
190 44 149 13 2442 1
191 43 210 21 5442 1
192 44 205 38 8791 1
193 44 195 21 5376 1
194 87 195 21 5376 1
195 130 195 21 5376 1
196 17 199 19 4059 1
197 6 194 9 2429 1
198 44 184 11 1352 1
199 87 184 11 1352 1
200 44 194 13 2131 1
201 87 194 13 2131 1
202 44 205 61 12240 1
203 18 194 18 4258 1
204 35 194 18 4258 1
205 26 194 28 4719 1
206 20 181 23 2529 1
207 43 210 16 2815 1
208 6 181 10 1058 1
209 11 181 10 1058 1
210 28 184 19 2606 1
211 44 190 20 2707 1
212 44 195 10 2602 1
213 44 194 34 8521 1
214 24 178 8 1795 1
215 28 199 19 5134 1
216 43 204 21 4426 1
217 21 181 12 1657 1
218 43 210 12 2485 1
219 85 210 12 2485 1
220 43 208 10 2597 1
221 85 208 10 2597 1
222 127 208 10 2597 1
223 169 208 10 2597 1
224 5 167 17 1846 1
225 9 167 17 1846 1
226 44 184 22 5784 1
227 23 167 14 3391 1
228 56 177 17 3814 1
229 111 177 17 3814 1
230 166 177 17 3814 1
231 221 177 17 3814 1
232 17 170 12 2768 1
233 23 149 20 2923 1
234 45 149 20 2923 1
235 39 190 21 2058 1
236 77 190 21 2058 1
237 44 205 15 1934 1
238 87 205 15 1934 1
239 44 177 8 1593 1
240 87 177 8 1593 1
241 130 177 8 1593 1
242 43 171 16 2988 1
243 262 187 10 2327 1
244 6 151 9 1282 1
245 43 203 9 1947 1
246 7 204 14 4053 1
247 14 202 5 591 1
248 54 161 29 6379 1
249 43 151 16 1845 1
250 85 151 16 1845 1
251 127 151 16 1845 1
252 45 177 15 2315 1
253 50 171 15 2876 1
254 43 161 41 6497 1
255 42 149 19 2233 1
256 31 230 23 7895 1
257 57 212 10 2718 1
258 113 212 10 2718 1
259 169 212 10 2718 1
260 36 212 34 6272 1
261 71 212 34 6272 1
262 32 245 42 12931 1
263 45 221 41 9287 1
264 37 243 32 6519 1
265 30 212 12 2864 1
266 59 212 12 2864 1
267 58 242 19 6206 1
268 115 242 19 6206 1
269 56 220 16 4399 1
270 40 243 31 4228 1
271 53 244 10 2723 1
272 36 230 34 7896 1
273 71 230 34 7896 1
274 49 228 25 6755 1
275 4 228 28 4362 1
276 38 212 12 3492 1
277 129 222 19 2232 1
278 52 228 26 5549 1
279 103 228 26 5549 1
280 154 228 26 5549 1
281 28 228 22 7307 1
282 54 220 23 3453 1
283 29 242 17 4390 1
284 57 242 17 4390 1
285 85 242 17 4390 1
286 29 212 9 2605 1
287 57 212 9 2605 1
288 97 244 36 6051 1
289 53 228 14 2784 1
290 36 228 21 2446 1
291 11 212 21 4021 1
292 42 212 13 3708 1
293 20 244 18 4592 1
294 63 237 19 3601 1
295 13 225 13 2933 1
296 25 225 13 2933 1
297 39 222 19 3631 1
298 114 225 32 8245 1
299 227 225 32 8245 1
300 35 221 20 2428 1
301 42 239 14 1719 1
302 83 239 14 1719 1
303 124 239 14 1719 1
304 28 243 14 4468 1
305 92 239 11 3738 1
306 31 216 8 2009 1
307 43 243 19 3565 1
308 85 243 19 3565 1
309 12 244 18 5620 1
310 37 216 33 5659 1
311 16 243 17 3653 1
312 49 222 13 4294 1
313 97 222 13 4294 1
314 57 245 36 5347 1
315 59 239 10 2268 1
316 49 225 32 4269 1
317 97 225 32 4269 1
318 43 239 17 4364 1
319 57 230 13 3854 1
320 57 244 21 2863 1
321 28 222 23 6726 1
322 30 228 28 5673 1
323 32 225 17 4750 1
324 8 242 20 4001 1
325 6 220 19 3952 1
326 15 230 79 22194 1
327 19 243 19 4090 1
328 37 243 19 4090 1
329 44 239 29 7108 1
330 37 244 9 2565 1
331 73 244 9 2565 1
332 59 225 9 2488 1
333 43 239 23 4175 1
334 44 212 16 3986 1
335 28 212 11 1239 1
336 87 220 8 2486 1
337 144 225 25 4812 1
338 55 242 13 3504 1
339 109 242 13 3504 1
340 163 242 13 3504 1
341 29 216 18 3297 1
342 58 244 20 3912 1
343 45 243 18 2637 1
344 43 225 22 2640 1
345 85 225 22 2640 1
346 127 225 22 2640 1
347 30 225 22 2838 1
348 59 225 22 2838 1
349 29 216 14 3851 1
350 57 216 14 3851 1
351 97 245 17 2087 1
352 193 245 17 2087 1
353 28 243 30 6516 1
354 37 244 20 4461 1
355 30 244 23 5406 1
356 31 228 27 6342 1
357 61 228 27 6342 1
358 86 243 32 4694 1
359 57 243 20 6421 1
360 58 216 19 2069 1
361 115 216 19 2069 1
362 57 212 11 2851 1
363 44 222 8 1641 1
364 56 243 27 3443 1
365 111 243 27 3443 1
366 62 243 8 2825 1
367 55 228 36 9477 1
368 118 222 9 2949 1
369 99 220 12 2061 1
370 43 230 21 6386 1
371 56 230 19 4686 1
372 15 222 26 6241 1
373 105 239 14 4911 1
374 58 237 10 2326 1
375 7 230 13 1547 1
376 63 228 19 5826 1
377 50 222 16 2392 1
378 30 230 16 5257 1
379 42 244 18 6187 1
380 59 220 36 7583 1
381 50 242 7 1260 1
382 111 216 13 2132 1
383 10 220 19 3357 1
384 30 245 14 3337 1
385 44 228 10 1444 1
386 7 239 11 2097 1
387 30 216 14 4195 1
388 43 221 8 1034 1
389 43 245 12 4110 1
390 43 243 26 6368 1
391 43 244 28 6742 1
392 57 242 30 3823 1
393 116 220 43 7824 1
394 28 242 34 8972 1
395 36 212 20 6295 1
396 57 220 18 4284 1
397 42 225 14 2303 1
398 43 221 13 3320 1
399 29 221 15 3931 1
400 57 221 15 3931 1
401 54 216 20 4561 1
402 43 216 18 3448 1
403 105 228 21 5454 1
404 52 230 12 2342 1
405 30 244 20 5276 1
406 65 244 19 6414 1
407 106 267 23 3643 1
408 37 257 17 4666 1
409 35 258 16 2411 1
410 69 258 16 2411 1
411 51 260 17 6176 1
412 16 262 1 217 1
413 72 246 13 4151 1
414 143 246 13 4151 1
415 60 262 9 1766 1
416 58 264 26 8660 1
417 110 274 8 1646 1
418 15 257 8 2839 1
419 31 257 18 2759 1
420 61 257 18 2759 1
421 31 267 27 7612 1
422 57 262 24 7313 1
423 29 259 9 1749 1
424 30 275 28 11397 1
425 90 270 16 4994 1
426 49 260 12 1641 1
427 29 255 12 4301 1
428 57 255 12 4301 1
429 13 258 16 3694 1
430 87 274 14 4496 1
431 29 258 6 1890 1
432 36 262 12 2215 1
433 25 276 5 1374 1
434 49 276 5 1374 1
435 30 259 11 2322 1
436 29 273 21 3777 1
437 30 261 11 4129 1
438 14 265 16 4551 1
439 12 246 22 6603 1
440 35 255 14 2478 1
441 14 274 17 4619 1
442 104 259 18 3627 1
443 57 258 23 5807 1
444 91 265 16 2364 1
445 15 261 17 6010 1
446 50 270 15 3023 1
447 95 277 21 7484 1
448 88 275 19 5448 1
449 30 259 11 1770 1
450 59 259 11 1770 1
451 36 258 15 5239 1
452 29 246 14 4545 1
453 44 255 10 2276 1
454 96 273 27 6254 1
455 191 273 27 6254 1
456 43 265 4 1178 1
457 85 265 4 1178 1
458 57 246 18 5196 1
459 49 276 28 5731 1
460 36 261 21 2829 1
461 105 273 18 5924 1
462 209 273 18 5924 1
463 106 259 10 2525 1
464 29 275 18 4662 1
465 92 277 13 2110 1
466 36 262 1 237 1
467 108 277 29 5344 1
468 47 255 17 6023 1
469 51 268 16 4352 1
470 58 246 17 4078 1
471 115 246 17 4078 1
472 64 258 22 5560 1
473 43 275 15 4034 1
474 49 275 13 3908 1
475 93 258 13 3117 1
476 22 246 10 3372 1
477 57 274 42 15934 1
478 29 267 8 2525 1
479 44 257 18 4238 1
480 14 273 5 1631 1
481 30 264 11 3998 1
482 98 258 21 4874 1
483 14 275 11 3880 1
484 58 276 4 1458 1
485 115 276 4 1458 1
486 57 265 29 4273 1
487 7 257 11 3584 1
488 94 265 15 5232 1
489 90 261 10 3818 1
490 58 277 5 933 1
491 99 259 16 6144 1
492 96 273 16 4727 1
493 79 257 10 2786 1
494 157 257 10 2786 1
495 235 257 10 2786 1
496 29 267 14 4157 1
497 36 261 30 7177 1
498 55 259 17 3965 1
499 37 255 14 3387 1
500 73 255 14 3387 1
501 43 274 16 4788 1
502 85 274 16 4788 1
503 36 276 24 4960 1
504 28 268 21 3203 1
505 50 277 19 4920 1
506 58 259 17 3319 1
507 28 258 9 3464 1
508 36 274 15 2513 1
509 35 264 8 2292 1
510 43 270 19 5796 1
511 54 264 5 1581 1
512 36 257 15 5434 1
513 95 262 17 5263 1
514 50 259 11 4250 1
515 64 257 29 8910 1
516 15 276 19 4088 1
517 31 273 22 8091 1
518 30 273 17 3162 1
519 43 255 16 4801 1
520 36 265 22 7369 1
521 51 246 21 3572 1
522 30 277 7 2129 1
523 89 260 5 847 1
524 57 264 23 4370 1
525 93 277 13 4221 1
526 49 273 9 2307 1
527 19 274 13 5234 1
528 193 246 16 4286 1
529 50 265 23 7977 1
530 36 258 19 3050 1
531 36 275 20 3572 1
532 71 275 20 3572 1
533 2 274 9 2486 1
534 3 274 9 2486 1
535 4 274 9 2486 1
536 5 274 9 2486 1
537 28 265 10 1395 1
538 15 259 12 2025 1
539 50 261 8 1335 1
540 51 275 15 2784 1
541 50 257 18 3351 1
542 97 261 21 7911 1
543 44 255 18 4413 1
544 50 267 12 3580 1
545 43 262 8 1488 1
546 48 268 22 7063 1
547 16 267 19 7078 1
548 43 275 24 8351 1
549 103 257 17 3673 1
550 43 273 23 5221 1
551 98 262 12 3624 1
552 30 268 21 7077 1
553 52 264 22 4603 1
554 30 275 16 5661 1
555 50 262 12 2801 1
556 51 260 8 2780 1
557 29 246 11 1790 1
558 44 257 11 2817 1
559 29 258 17 4451 1
560 112 267 15 4626 1
561 50 260 19 6916 1
562 44 270 20 6932 1
563 37 255 17 4914 1
564 43 262 20 5569 1
565 30 264 32 10431 1
566 24 261 13 2810 1
567 51 275 18 4555 1
568 43 255 23 4490 1
569 57 246 20 7178 1
570 51 258 7 1400 1
571 52 246 22 5011 1
572 16 276 23 7143 1
573 52 268 19 2654 1
574 30 268 7 1282 1
575 43 276 15 6092 1
576 25 264 13 1903 1
577 89 270 13 3681 1
578 36 258 13 3994 1
579 37 258 12 3793 1
580 44 260 4 1307 1
581 37 258 18 3357 1
582 73 258 18 3357 1
583 52 246 10 2713 1
584 30 262 15 3185 1
585 50 276 9 2944 1
586 36 277 8 2617 1
587 102 265 9 2113 1
588 103 277 11 2532 1
589 56 281 20 3769 1
590 111 281 20 3769 1
591 166 281 20 3769 1
592 221 281 20 3769 1
593 30 300 37 12307 1
594 32 299 19 7106 1
595 37 300 14 2664 1
596 56 284 15 4181 1
597 111 284 15 4181 1
598 56 286 16 3942 1
599 56 300 18 5392 1
600 111 300 18 5392 1
601 30 284 21 7981 1
602 59 281 12 2933 1
603 57 284 21 8195 1
604 37 282 16 3193 1
605 96 291 11 4066 1
606 59 284 43 16339 1
607 117 284 43 16339 1
608 58 278 9 2227 1
609 34 286 11 2199 1
610 36 293 19 7710 1
611 58 299 10 2781 1
612 57 294 11 2159 1
613 39 282 12 2424 1
614 85 300 11 3214 1
615 29 285 17 6500 1
616 103 284 40 12602 1
617 28 285 21 8582 1
618 55 285 21 8582 1
619 57 300 21 4324 1
620 113 300 21 4324 1
621 29 284 6 975 1
622 101 285 17 2898 1
623 28 292 23 8603 1
624 55 292 23 8603 1
625 29 281 17 5223 1
626 31 291 22 4699 1
627 59 293 23 6024 1
628 43 286 29 8792 1
629 29 285 8 2636 1
630 43 282 26 6422 1
631 29 286 15 2161 1
632 58 279 13 3302 1
633 29 281 6 1987 1
634 33 285 12 3020 1
635 29 291 20 4591 1
636 58 284 16 4144 1
637 115 284 16 4144 1
638 172 284 16 4144 1
639 96 281 17 3078 1
640 30 300 18 5660 1
641 59 282 17 4221 1
642 29 294 29 10905 1
643 43 299 22 8533 1
644 27 278 15 6229 1
645 57 281 25 8221 1
646 113 281 25 8221 1
647 42 294 16 7048 1
648 57 278 23 6366 1
649 113 278 23 6366 1
650 43 278 13 2743 1
651 85 278 13 2743 1
652 57 299 31 9894 1
653 93 286 7 1016 1
654 44 299 15 3424 1
655 43 292 22 7971 1
656 29 279 16 3078 1
657 31 294 11 4323 1
658 42 284 10 3268 1
659 31 281 16 5986 1
660 61 281 16 5986 1
661 43 279 18 6587 1
662 176 300 22 3515 1
663 93 286 11 4512 1
664 58 281 17 3951 1
665 44 293 19 3647 1
666 44 293 15 6552 1
667 46 286 7 1065 1
668 30 293 19 2947 1
669 44 278 14 4207 1
670 30 294 12 3715 1
671 57 293 15 2265 1
672 54 278 18 3739 1
673 94 293 14 2305 1
674 30 291 13 4187 1
675 28 292 9 2494 1
676 55 292 9 2494 1
677 82 292 9 2494 1
678 109 292 9 2494 1
679 28 299 16 6907 1
680 59 291 28 10769 1
681 95 278 16 6543 1
682 43 284 28 9710 1
683 29 291 22 6657 1
684 66 279 22 3642 1
685 57 294 34 10254 1
686 59 294 10 3674 1
687 117 294 10 3674 1
688 175 294 10 3674 1
689 29 294 10 1873 1
690 57 294 10 1873 1
691 63 294 11 2762 1
692 45 292 18 5294 1
693 31 291 24 5709 1
694 57 284 16 2298 1
695 56 293 11 3465 1
696 111 293 11 3465 1
697 43 278 8 1269 1
698 58 285 15 3078 1
699 29 279 8 2823 1
700 57 279 8 2823 1
701 30 292 11 3587 1
702 54 300 13 5226 1
703 57 300 9 2489 1
704 113 300 9 2489 1
705 169 300 9 2489 1
706 225 300 9 2489 1
707 44 279 10 3235 1
708 57 294 9 2665 1
709 58 291 23 5816 1
710 40 279 17 3813 1
711 79 279 17 3813 1
712 76 300 14 5630 1
713 57 299 17 4656 1
714 30 284 10 4097 1
715 37 299 7 3130 1
716 45 285 15 3901 1
717 58 294 27 10538 1
718 58 285 16 6278 1
719 57 286 7 1258 1
720 113 286 7 1258 1
721 43 286 16 4618 1
722 31 299 17 4592 1
723 59 285 20 4886 1
724 57 294 10 2936 1
725 57 293 12 4275 1
726 58 281 12 2457 1
727 43 286 42 13254 1
728 30 299 21 7485 1
729 29 284 10 4096 1
730 28 293 15 3119 1
731 57 278 12 4958 1
732 31 278 17 5271 1
733 167 279 9 2439 1
734 58 284 16 4464 1
735 115 284 16 4464 1
736 172 284 16 4464 1
737 57 285 12 3046 1
738 57 281 13 3106 1
739 113 281 13 3106 1
740 169 281 13 3106 1
741 225 281 13 3106 1
742 43 281 11 2150 1
743 57 293 6 2068 1
744 94 286 17 4734 1
745 58 281 16 5401 1
746 115 281 16 5401 1
747 30 279 29 5958 1
748 29 299 15 4895 1
749 29 284 9 1624 1
750 56 336 29 6653 1
751 78 335 11 2261 1
752 223 304 16 6491 1
753 36 349 25 6300 1
754 58 364 27 11215 1
755 43 337 15 4292 1
756 14 316 34 12373 1
757 51 368 16 6601 1
758 85 368 32 9555 1
759 127 331 32 12195 1
760 253 331 32 12195 1
761 79 323 20 8899 1
762 112 365 14 2845 1
763 223 365 14 2845 1
764 76 318 25 9831 1
765 58 318 18 4619 1
766 78 333 28 7558 1
767 82 304 25 11313 1
768 78 366 43 19785 1
769 70 334 26 5574 1
770 51 338 25 11668 1
771 13 318 16 2787 1
772 14 349 21 4480 1
773 27 349 21 4480 1
774 78 316 23 10139 1
775 57 323 41 6855 1
776 58 363 42 10520 1
777 50 331 14 3923 1
778 76 349 12 3401 1
779 57 324 23 4391 1
780 113 324 23 4391 1
781 117 304 36 10327 1
782 75 318 26 11534 1
783 57 368 21 5213 1
784 90 323 15 3875 1
785 79 335 10 2597 1
786 58 365 15 3928 1
787 74 323 22 6302 1
788 73 365 11 3252 1
789 14 305 41 9706 1
790 78 324 33 15515 1
791 71 335 14 3499 1
792 51 336 21 5660 1
793 79 364 24 11690 1
794 49 324 24 11514 1
795 77 336 17 5520 1
796 36 366 22 6649 1
797 56 337 12 3749 1
798 78 366 15 2865 1
799 73 318 30 8947 1
800 15 365 32 12564 1
801 119 331 52 18260 1
802 14 336 46 22098 1
803 58 368 24 12321 1
804 54 338 23 10044 1
805 78 305 27 12073 1
806 64 304 32 7361 1
807 57 364 8 2851 1
808 79 334 24 11651 1
809 57 331 23 10983 1
810 79 364 22 4961 1
811 34 337 42 9272 1
812 58 318 28 4921 1
813 79 333 36 10309 1
814 57 334 14 6084 1
815 51 363 43 10694 1
816 36 331 16 5547 1
817 50 365 20 5464 1
818 58 303 21 8244 1
819 16 333 17 3775 1
820 58 334 36 6885 1
821 115 334 36 6885 1
822 80 335 37 10765 1
823 159 335 37 10765 1
824 16 337 11 3766 1
825 51 332 37 18290 1
826 72 363 20 5621 1
827 57 318 23 4925 1
828 50 318 33 7091 1
829 55 305 39 17499 1
830 57 303 45 17924 1
831 58 303 20 4759 1
832 115 303 20 4759 1
833 172 303 20 4759 1
834 57 318 31 8455 1
835 113 318 31 8455 1
836 169 318 31 8455 1
837 57 323 17 7203 1
838 15 303 15 4405 1
839 50 305 24 4064 1
840 97 318 19 4236 1
841 15 318 28 10317 1
842 78 318 8 3418 1
843 89 324 19 8480 1
844 50 335 18 3017 1
845 20 318 47 14289 1
846 75 363 28 8297 1
847 14 318 22 9042 1
848 57 337 41 12650 1
849 113 337 41 12650 1
850 57 335 35 13615 1
851 73 338 18 4832 1
852 127 365 38 12147 1
853 76 333 29 6577 1
854 15 323 6 1467 1
855 29 323 6 1467 1
856 43 323 6 1467 1
857 118 365 11 4075 1
858 51 335 12 4214 1
859 14 331 13 6138 1
860 51 304 22 8021 1
861 15 336 27 7840 1
862 57 338 21 10315 1
863 13 324 22 3808 1
864 106 305 16 5466 1
865 74 323 16 4707 1
866 58 337 31 15188 1
867 58 338 17 3162 1
868 13 324 44 18619 1
869 25 324 44 18619 1
870 59 304 23 4121 1
871 16 332 43 7896 1
872 17 349 11 3514 1
873 96 337 28 14007 1
874 113 338 23 7297 1
875 117 335 35 7779 1
876 233 335 35 7779 1
877 37 305 34 10079 1
878 88 363 24 6589 1
879 5 333 13 3422 1
880 50 333 25 7992 1
881 28 365 28 10979 1
882 57 324 6 1119 1
883 58 335 25 12323 1
884 36 331 19 3953 1
885 78 366 20 8077 1
886 57 366 21 7528 1
887 56 365 26 10137 1
888 111 365 26 10137 1
889 37 304 35 9123 1
890 57 365 27 5675 1
891 58 331 20 9443 1
892 57 333 29 10670 1
893 58 318 31 13232 1
894 57 303 23 10290 1
895 37 365 32 8669 1
896 36 304 15 3927 1
897 79 304 17 4028 1
898 157 304 17 4028 1
899 58 333 16 3595 1
900 115 333 16 3595 1
901 57 331 25 4702 1
902 78 331 31 12410 1
903 57 334 37 13919 1
904 89 324 16 3494 1
905 79 334 11 3366 1
906 36 324 41 19475 1
907 79 336 26 4945 1
908 25 304 27 5606 1
909 57 368 25 4707 1
910 92 368 25 9871 1
911 57 365 45 22726 1
912 113 365 45 22726 1
913 51 366 14 3178 1
914 78 333 21 6594 1
915 78 304 22 9864 1
916 57 338 28 10391 1
917 113 338 28 10391 1
918 56 363 34 14094 1
919 37 324 16 3775 1
920 51 305 14 3037 1
921 56 338 39 8796 1
922 111 338 39 8796 1
923 51 364 15 5668 1
924 79 364 20 8325 1
925 57 366 57 24656 1
926 101 333 48 8426 1
927 87 324 16 2631 1
928 79 366 22 5429 1
929 53 316 25 7210 1
930 114 366 12 4315 1
931 57 363 18 7612 1
932 79 303 20 6295 1
933 15 331 33 12698 1
934 15 331 19 3746 1
935 16 337 30 10109 1
936 79 331 9 1711 1
937 57 365 35 7545 1
938 113 365 35 7545 1
939 169 365 35 7545 1
940 37 336 23 8884 1
941 72 338 22 4958 1
942 51 366 22 6735 1
943 36 323 19 6646 1
944 79 366 30 7827 1
945 50 366 14 7022 1
946 50 363 28 9694 1
947 73 349 23 7198 1
948 80 332 27 12853 1
949 120 323 23 7001 1
950 51 304 13 5860 1
951 57 305 19 4081 1
952 74 368 24 9703 1
953 120 332 26 8237 1
954 113 363 40 12397 1
955 78 336 16 7595 1
956 78 337 16 6203 1
957 115 316 15 7094 1
958 84 323 23 4517 1
959 114 349 17 6357 1
960 51 323 22 9113 1
961 109 305 17 6373 1
962 217 305 17 6373 1
963 110 338 33 9813 1
964 57 331 24 8489 1
965 57 366 19 9877 1
966 51 316 12 3434 1
967 78 324 22 3958 1
968 58 337 16 5334 1
969 114 316 11 5009 1
970 58 303 11 3225 1
971 60 363 19 5734 1
972 74 304 15 6574 1
973 114 365 33 14640 1
974 78 304 26 8459 1
975 155 304 26 8459 1
976 88 349 36 14265 1
977 52 365 19 4711 1
978 87 324 17 7583 1
979 92 336 52 18829 1
980 35 323 22 7448 1
981 69 323 22 7448 1
982 78 324 37 16175 1
983 155 324 37 16175 1
984 38 334 25 9796 1
985 36 323 18 3276 1
986 37 368 23 6101 1
987 57 364 21 11303 1
988 113 364 21 11303 1
989 57 365 53 14144 1
990 83 396 36 14478 1
991 11 395 32 13133 1
992 88 396 45 21076 1
993 80 397 34 8091 1
994 13 399 43 23462 1
995 181 398 31 16412 1
996 79 399 33 12961 1
997 156 395 46 20863 1
998 79 395 35 12754 1
999 160 398 43 11297 1
1000 79 395 22 11455 1
1001 87 399 32 14747 1
1002 94 397 32 13235 1
1003 148 397 19 8022 1
1004 76 396 31 15040 1
1005 78 398 33 10203 1
1006 155 398 33 10203 1
1007 73 397 26 6225 1
1008 96 399 41 15697 1
1009 78 399 44 26072 1
1010 14 397 34 16398 1
1011 79 395 29 12381 1
1012 90 396 21 9477 1
1013 93 399 26 5857 1
1014 87 395 23 10341 1
1015 80 395 17 9059 1
1016 80 396 25 4977 1
1017 12 395 47 18027 1
1018 79 399 30 14988 1
1019 79 395 28 15522 1
1020 89 397 26 12113 1
1021 80 396 35 15826 1
1022 159 396 35 15826 1
1023 78 399 31 17159 1
1024 79 395 29 15473 1
1025 74 397 27 14915 1
1026 86 398 35 13402 1
1027 171 398 35 13402 1
1028 78 397 34 18499 1
1029 155 397 34 18499 1
1030 89 397 30 14780 1
1031 177 397 30 14780 1
1032 265 397 30 14780 1
1033 353 397 30 14780 1
1034 90 396 37 11827 1
1035 179 396 37 11827 1
1036 268 396 37 11827 1
14
503 620 807 620 700 205 255 700 700 700 700 700 200 460 