1036
1 3 137 6 1232 1
2 8 137 26 3140 1
3 15 137 26 3140 1
4 7 129 54 4256 1
5 7 125 15 1054 1
6 13 125 15 1054 1
7 9 129 21 1727 1
8 34 138 11 1117 1
9 67 138 11 1117 1
10 19 125 18 1535 1
11 37 125 18 1535 1
12 13 129 7 1189 1
13 8 133 28 2805 1
14 15 133 28 2805 1
15 22 133 28 2805 1
16 29 133 28 2805 1
17 30 133 16 1221 1
18 59 133 16 1221 1
19 88 133 16 1221 1
20 117 133 16 1221 1
21 28 138 22 3835 1
22 22 129 5 481 1
23 43 129 5 481 1
24 64 129 5 481 1
25 3 133 15 2199 1
26 3 134 3 419 1
27 23 137 14 2338 1
28 45 137 14 2338 1
29 67 137 14 2338 1
30 8 125 17 1728 1
31 15 125 17 1728 1
32 7 140 9 1296 1
33 6 118 9 854 1
34 11 118 9 854 1
35 8 133 11 1965 1
36 15 133 11 1965 1
37 32 140 8 1117 1
38 25 138 36 5076 1
39 49 138 36 5076 1
40 9 132 23 1742 1
41 9 129 10 887 1
42 17 129 10 887 1
43 9 134 30 2232 1
44 8 118 17 2774 1
45 12 129 13 1685 1
46 6 134 5 347 1
47 19 133 12 2236 1
48 2 118 19 3327 1
49 24 134 64 4692 1
50 11 138 9 1361 1
51 26 140 14 2343 1
52 51 140 14 2343 1
53 19 132 20 3046 1
54 37 132 20 3046 1
55 55 132 20 3046 1
56 73 132 20 3046 1
57 15 138 15 2777 1
58 29 138 15 2777 1
59 43 118 16 2662 1
60 7 129 24 3819 1
61 3 134 11 1930 1
62 8 140 17 1979 1
63 15 140 17 1979 1
64 2 125 18 1723 1
65 25 132 7 1028 1
66 9 138 6 1150 1
67 10 132 7 1044 1
68 19 132 7 1044 1
69 8 125 21 1851 1
70 15 125 21 1851 1
71 16 137 9 1568 1
72 12 129 8 1398 1
73 19 134 15 2142 1
74 9 140 30 3864 1
75 8 129 22 1542 1
76 26 134 19 1710 1
77 7 118 6 792 1
78 13 118 6 792 1
79 3 118 6 807 1
80 2 137 10 931 1
81 9 129 10 647 1
82 17 129 10 647 1
83 25 129 10 647 1
84 8 118 11 1841 1
85 15 118 11 1841 1
86 22 118 11 1841 1
87 29 118 11 1841 1
88 2 129 10 1873 1
89 28 125 5 776 1
90 55 125 5 776 1
91 15 133 35 3603 1
92 12 132 3 229 1
93 13 140 12 1001 1
94 23 132 15 1861 1
95 8 129 7 819 1
96 2 138 33 4381 1
97 21 138 5 597 1
98 41 138 5 597 1
99 8 125 25 3611 1
100 30 140 21 2104 1
101 19 125 6 638 1
102 28 188 29 5219 1
103 7 195 11 2248 1
104 53 207 30 5410 1
105 44 207 20 4919 1
106 87 207 20 4919 1
107 130 207 20 4919 1
108 43 195 14 1787 1
109 45 170 13 1295 1
110 43 197 14 1534 1
111 85 197 14 1534 1
112 44 204 20 2900 1
113 87 204 20 2900 1
114 45 177 33 6660 1
115 89 177 33 6660 1
116 15 170 22 4513 1
117 43 207 16 3269 1
118 85 207 16 3269 1
119 18 167 3 282 1
120 35 167 3 282 1
121 43 210 13 2419 1
122 17 205 28 5914 1
123 44 161 9 1219 1
124 44 202 39 10961 1
125 15 187 11 2870 1
126 46 204 20 2937 1
127 44 208 17 4684 1
128 27 199 23 6471 1
129 8 178 5 471 1
130 43 197 12 2088 1
131 85 197 12 2088 1
132 44 167 6 1333 1
133 38 202 27 5314 1
134 75 202 27 5314 1
135 65 151 23 4865 1
136 5 178 5 716 1
137 9 178 5 716 1
138 44 197 10 2736 1
139 43 204 9 2321 1
140 62 171 36 7060 1
141 44 171 49 6974 1
142 42 184 5 1171 1
143 23 170 6 702 1
144 43 178 10 1068 1
145 43 194 11 1263 1
146 44 197 26 7061 1
147 30 149 15 2643 1
148 22 197 26 5128 1
149 43 204 18 4852 1
150 85 204 18 4852 1
151 44 194 8 1063 1
152 6 204 20 3051 1
153 43 204 25 2988 1
154 6 188 15 3847 1
155 50 207 11 1997 1
156 43 171 18 3671 1
157 43 199 17 4050 1
158 44 210 16 4591 1
159 87 210 16 4591 1
160 130 210 16 4591 1
161 6 194 26 6639 1
162 11 194 26 6639 1
163 18 161 21 4782 1
164 43 204 8 1884 1
165 85 204 8 1884 1
166 127 204 8 1884 1
167 39 199 24 2788 1
168 15 181 41 10544 1
169 6 188 45 10699 1
170 43 207 10 1749 1
171 85 207 10 1749 1
172 17 149 6 840 1
173 44 190 19 4992 1
174 87 190 19 4992 1
175 42 187 13 2773 1
176 83 187 13 2773 1
177 6 167 6 1186 1
178 6 199 29 7305 1
179 17 194 8 2084 1
180 45 199 13 1374 1
181 5 190 13 2432 1
182 28 202 11 3038 1
183 44 195 14 1661 1
184 87 210 14 2758 1
185 21 194 10 2536 1
186 22 190 20 2827 1
187 33 199 18 3643 1
188 55 195 11 2644 1
189 109 195 11 2644 1
190 163 195 11 2644 1
191 45 203 49 5439 1
192 44 199 17 2647 1
193 87 199 17 2647 1
194 130 199 17 2647 1
195 173 199 17 2647 1
196 216 199 17 2647 1
197 259 199 17 2647 1
198 22 177 12 1143 1
199 18 178 12 2296 1
200 35 178 12 2296 1
201 52 178 12 2296 1
202 14 205 13 3171 1
203 27 205 13 3171 1
204 16 202 32 5167 1
205 43 207 15 2710 1
206 85 207 15 2710 1
207 127 207 15 2710 1
208 169 207 15 2710 1
209 211 207 15 2710 1
210 253 207 15 2710 1
211 295 207 15 2710 1
212 43 151 9 994 1
213 85 151 9 994 1
214 22 190 20 2470 1
215 43 207 7 1579 1
216 16 177 24 5268 1
217 44 195 17 1987 1
218 7 202 22 4777 1
219 43 184 6 1123 1
220 85 184 6 1123 1
221 43 203 35 10614 1
222 42 195 20 3803 1
223 83 195 20 3803 1
224 124 195 20 3803 1
225 45 190 6 1594 1
226 19 207 20 4187 1
227 15 197 12 3398 1
228 39 171 19 1900 1
229 18 151 10 1734 1
230 6 203 15 1657 1
231 11 203 15 1657 1
232 44 210 48 9373 1
233 19 187 25 5111 1
234 37 187 25 5111 1
235 43 207 11 2825 1
236 85 207 11 2825 1
237 43 178 6 1588 1
238 85 178 6 1588 1
239 25 149 13 1348 1
240 41 184 5 612 1
241 6 178 6 1343 1
242 16 188 13 3092 1
243 43 178 19 2223 1
244 15 195 19 4671 1
245 22 181 23 2390 1
246 42 208 25 4680 1
247 83 208 25 4680 1
248 124 208 25 4680 1
249 165 208 25 4680 1
250 206 208 25 4680 1
251 55 161 13 2960 1
252 23 151 17 1779 1
253 44 203 16 4080 1
254 37 177 35 5782 1
255 71 194 18 2283 1
256 57 243 23 3124 1
257 44 222 10 3066 1
258 12 221 23 6201 1
259 46 228 40 9784 1
260 91 228 40 9784 1
261 136 228 40 9784 1
262 28 216 12 1816 1
263 36 237 20 4455 1
264 58 225 8 1582 1
265 12 243 40 10167 1
266 8 245 23 7293 1
267 103 221 23 2601 1
268 29 228 16 3094 1
269 57 228 16 3094 1
270 12 242 19 6431 1
271 62 221 15 3055 1
272 85 212 17 3054 1
273 7 230 20 3236 1
274 45 243 17 5005 1
275 44 242 29 7209 1
276 43 230 13 2226 1
277 43 245 33 11935 1
278 58 225 11 1443 1
279 115 225 11 1443 1
280 57 222 25 3739 1
281 44 242 19 2455 1
282 58 220 69 9480 1
283 48 230 11 1558 1
284 28 222 9 2348 1
285 55 222 9 2348 1
286 82 222 9 2348 1
287 109 222 9 2348 1
288 90 216 9 2135 1
289 56 220 21 6929 1
290 29 212 12 2291 1
291 27 216 11 3415 1
292 57 220 32 4668 1
293 29 220 34 5470 1
294 48 239 18 4286 1
295 108 245 13 2034 1
296 43 244 14 2501 1
297 58 216 31 9969 1
298 30 220 19 4274 1
299 87 225 17 3973 1
300 108 220 13 2332 1
301 30 228 26 5391 1
302 46 228 9 2675 1
303 52 243 22 4282 1
304 103 243 22 4282 1
305 55 228 76 18562 1
306 109 228 76 18562 1
307 31 244 29 9685 1
308 35 239 15 3815 1
309 42 221 9 2754 1
310 83 221 9 2754 1
311 124 221 9 2754 1
312 31 239 23 6579 1
313 29 244 47 14648 1
314 53 222 13 3168 1
315 50 225 14 3504 1
316 44 242 8 1170 1
317 32 220 26 7445 1
318 95 242 18 4813 1
319 56 221 19 3017 1
320 45 245 25 7890 1
321 58 216 14 3720 1
322 59 239 15 3296 1
323 117 239 15 3296 1
324 57 222 8 2138 1
325 47 239 17 5713 1
326 108 228 19 5301 1
327 215 228 19 5301 1
328 29 239 25 4056 1
329 56 221 10 2665 1
330 30 239 24 6095 1
331 43 237 27 3364 1
332 45 237 25 7622 1
333 7 242 23 6830 1
334 30 212 13 2809 1
335 5 230 27 8447 1
336 58 221 9 2265 1
337 58 225 20 3213 1
338 115 225 20 3213 1
339 54 242 16 3255 1
340 59 212 8 1945 1
341 30 244 13 2960 1
342 59 244 13 2960 1
343 56 216 20 2516 1
344 16 245 15 2012 1
345 44 212 10 1897 1
346 32 243 19 2833 1
347 63 243 19 2833 1
348 58 245 31 5515 1
349 115 245 31 5515 1
350 38 222 21 6797 1
351 60 212 14 2770 1
352 56 243 21 3441 1
353 57 212 16 4758 1
354 36 222 27 5266 1
355 7 230 13 2657 1
356 30 212 17 3135 1
357 29 244 54 8837 1
358 95 212 26 7429 1
359 30 244 27 7459 1
360 59 244 27 7459 1
361 37 245 7 985 1
362 56 216 17 1957 1
363 100 216 14 4117 1
364 199 216 14 4117 1
365 48 244 16 2757 1
366 39 228 26 8253 1
367 77 228 26 8253 1
368 56 237 20 4842 1
369 29 216 8 2298 1
370 57 216 8 2298 1
371 85 216 8 2298 1
372 9 239 19 3346 1
373 59 221 12 3331 1
374 17 245 30 7405 1
375 57 243 15 5301 1
376 43 221 20 2466 1
377 43 212 23 5531 1
378 30 216 9 2628 1
379 30 225 18 3301 1
380 50 244 16 4099 1
381 107 221 35 5144 1
382 50 230 14 3037 1
383 99 230 14 3037 1
384 28 216 10 2322 1
385 95 244 22 3978 1
386 47 230 27 4659 1
387 9 239 18 2771 1
388 43 225 11 2022 1
389 44 237 15 2114 1
390 36 244 24 7252 1
391 71 244 24 7252 1
392 58 220 12 1818 1
393 119 228 8 2278 1
394 10 228 16 4450 1
395 13 244 11 2888 1
396 2 230 11 1713 1
397 56 245 17 3642 1
398 43 216 9 1189 1
399 58 230 24 5415 1
400 43 230 16 3337 1
401 85 230 16 3337 1
402 75 216 40 7086 1
403 103 222 11 2388 1
404 50 222 8 1009 1
405 85 244 12 2691 1
406 57 237 11 3011 1
407 43 264 23 7523 1
408 98 261 21 6096 1
409 50 270 20 3892 1
410 94 277 21 5399 1
411 187 277 21 5399 1
412 90 264 13 2005 1
413 30 276 13 2024 1
414 50 276 16 2969 1
415 88 260 13 2142 1
416 29 268 6 1693 1
417 57 268 6 1693 1
418 14 259 18 4946 1
419 44 273 17 2972 1
420 37 277 22 8301 1
421 37 273 2 369 1
422 27 274 14 3961 1
423 30 261 15 3904 1
424 59 261 15 3904 1
425 43 259 10 1385 1
426 88 276 19 3641 1
427 30 265 14 2240 1
428 30 275 17 5690 1
429 54 260 11 1907 1
430 28 246 18 4032 1
431 90 264 11 1562 1
432 12 246 21 3562 1
433 29 265 20 6237 1
434 29 246 12 2585 1
435 57 260 3 844 1
436 35 265 20 5106 1
437 48 260 23 5309 1
438 95 260 23 5309 1
439 29 273 13 1979 1
440 51 267 13 4852 1
441 80 270 14 4922 1
442 51 267 25 9255 1
443 36 259 23 5254 1
444 43 265 25 7948 1
445 37 246 24 3596 1
446 27 264 20 4907 1
447 17 260 19 3275 1
448 37 260 13 3319 1
449 15 255 19 4126 1
450 29 255 24 4045 1
451 43 267 18 5534 1
452 31 273 15 4521 1
453 48 268 15 4322 1
454 43 276 14 3801 1
455 85 276 14 3801 1
456 51 270 14 2669 1
457 44 276 14 4908 1
458 43 267 15 4637 1
459 36 261 25 6640 1
460 15 262 20 7649 1
461 37 275 23 4938 1
462 57 258 15 4894 1
463 113 258 15 4894 1
464 18 260 13 2448 1
465 30 262 7 2090 1
466 16 259 19 4557 1
467 44 270 20 3196 1
468 29 268 21 7419 1
469 97 276 15 3230 1
470 50 267 19 2868 1
471 50 264 11 1711 1
472 44 257 14 4347 1
473 15 257 4 651 1
474 57 264 5 753 1
475 35 270 21 4811 1
476 69 270 21 4811 1
477 29 261 12 2867 1
478 34 274 19 5065 1
479 104 276 15 6081 1
480 51 262 18 6343 1
481 101 262 18 6343 1
482 43 277 19 4787 1
483 27 275 19 7828 1
484 44 273 16 4304 1
485 42 277 31 12560 1
486 83 277 31 12560 1
487 43 270 15 3378 1
488 58 276 14 4743 1
489 36 273 17 3710 1
490 43 262 19 4027 1
491 30 274 12 4556 1
492 29 258 21 4794 1
493 16 261 21 6108 1
494 90 246 27 4070 1
495 16 273 10 2106 1
496 30 261 16 3575 1
497 99 268 24 7261 1
498 57 255 14 4735 1
499 113 255 14 4735 1
500 54 265 25 4784 1
501 43 260 16 2222 1
502 89 273 29 5593 1
503 177 273 29 5593 1
504 29 275 13 2237 1
505 44 267 14 2123 1
506 15 259 6 1149 1
507 31 258 11 3487 1
508 36 273 19 4626 1
509 36 264 12 2500 1
510 20 257 15 2872 1
511 30 246 14 3335 1
512 15 273 18 5559 1
513 43 264 26 9429 1
514 37 275 17 4586 1
515 50 274 28 7296 1
516 99 274 28 7296 1
517 30 265 13 3483 1
518 59 265 13 3483 1
519 58 264 11 3908 1
520 39 264 5 1004 1
521 30 273 21 6967 1
522 42 261 29 5161 1
523 29 260 21 3722 1
524 17 267 10 2163 1
525 50 267 25 5629 1
526 102 264 28 9886 1
527 50 275 14 3416 1
528 36 267 12 3626 1
529 17 264 15 5907 1
530 30 264 24 3826 1
531 59 264 24 3826 1
532 14 270 20 4011 1
533 20 274 13 3923 1
534 39 274 13 3923 1
535 58 274 13 3923 1
536 30 276 8 1459 1
537 24 267 13 4965 1
538 47 267 13 4965 1
539 16 257 29 8659 1
540 99 267 33 5051 1
541 104 255 13 1733 1
542 36 275 18 4092 1
543 71 275 18 4092 1
544 22 257 9 1554 1
545 16 274 20 7685 1
546 30 274 24 6368 1
547 51 264 29 8301 1
548 101 264 29 8301 1
549 151 264 29 8301 1
550 201 264 29 8301 1
551 99 258 19 4148 1
552 197 258 19 4148 1
553 35 270 6 1420 1
554 69 270 6 1420 1
555 30 261 24 6663 1
556 37 264 15 2768 1
557 43 264 14 2817 1
558 91 257 16 2995 1
559 30 277 11 3991 1
560 59 277 11 3991 1
561 88 277 11 3991 1
562 52 257 18 3832 1
563 103 257 18 3832 1
564 58 246 14 1977 1
565 44 277 31 6205 1
566 29 277 14 5504 1
567 57 265 11 4126 1
568 58 267 20 4782 1
569 101 260 21 3719 1
570 30 268 17 6254 1
571 49 264 9 1815 1
572 37 259 15 3147 1
573 30 260 17 6358 1
574 31 276 18 3560 1
575 32 260 21 6008 1
576 23 259 19 6511 1
577 58 258 11 2032 1
578 90 274 18 3402 1
579 37 246 9 2132 1
580 108 275 15 4065 1
581 30 255 23 6654 1
582 30 260 23 5128 1
583 44 270 15 2562 1
584 18 255 24 6356 1
585 1 261 11 3952 1
586 30 246 17 5502 1
587 25 273 9 3267 1
588 49 273 9 3267 1
589 59 293 21 9085 1
590 117 293 21 9085 1
591 59 282 8 2858 1
592 41 299 15 5912 1
593 57 291 7 2414 1
594 113 291 7 2414 1
595 38 299 23 7881 1
596 86 293 12 4141 1
597 29 279 10 1646 1
598 57 279 10 1646 1
599 44 278 14 4312 1
600 38 299 12 3959 1
601 100 292 12 4172 1
602 66 285 26 6805 1
603 30 291 21 4046 1
604 56 292 19 3551 1
605 111 292 19 3551 1
606 30 299 12 4388 1
607 43 300 18 7303 1
608 58 291 13 5323 1
609 54 300 16 4350 1
610 6 279 15 3396 1
611 12 299 15 6342 1
612 29 291 25 10372 1
613 29 300 12 2605 1
614 57 300 12 2605 1
615 28 291 14 3051 1
616 28 286 19 2849 1
617 45 294 7 1876 1
618 96 278 9 2379 1
619 191 278 9 2379 1
620 57 294 17 5385 1
621 113 294 17 5385 1
622 30 291 19 6769 1
623 57 282 17 5566 1
624 43 292 10 1471 1
625 175 299 14 3032 1
626 57 285 9 1980 1
627 72 292 28 4956 1
628 29 293 24 10232 1
629 57 292 16 6834 1
630 59 284 16 2491 1
631 57 286 13 4608 1
632 57 284 14 4257 1
633 57 300 27 6649 1
634 113 300 27 6649 1
635 58 291 28 6218 1
636 21 292 25 5726 1
637 87 278 12 3780 1
638 57 300 40 8168 1
639 30 300 29 12340 1
640 59 284 11 3532 1
641 42 278 14 2985 1
642 110 300 26 6536 1
643 57 279 11 3043 1
644 30 291 20 8591 1
645 63 294 23 5175 1
646 29 282 13 3804 1
647 58 281 19 3606 1
648 78 282 15 5557 1
649 57 291 9 2058 1
650 28 293 9 1693 1
651 58 278 15 2624 1
652 54 279 9 2712 1
653 45 286 9 3301 1
654 57 299 11 2360 1
655 110 281 16 5541 1
656 42 300 17 5626 1
657 96 281 9 1808 1
658 65 282 20 4024 1
659 29 285 14 2791 1
660 57 279 31 6523 1
661 58 293 8 2928 1
662 99 286 22 8774 1
663 43 293 12 2163 1
664 58 281 11 2062 1
665 44 279 13 2331 1
666 60 281 30 5290 1
667 64 285 20 4284 1
668 44 281 6 1418 1
669 33 282 28 11753 1
670 60 284 11 2335 1
671 29 299 17 5438 1
672 57 299 17 5438 1
673 58 291 16 2372 1
674 57 278 15 4049 1
675 29 281 8 1210 1
676 10 279 12 3427 1
677 84 284 14 2333 1
678 102 291 18 6686 1
679 29 279 16 5743 1
680 56 286 11 2855 1
681 194 284 25 10077 1
682 60 291 35 14374 1
683 27 284 13 3978 1
684 57 294 25 6459 1
685 58 285 20 8201 1
686 115 285 20 8201 1
687 29 284 22 3202 1
688 47 279 29 5912 1
689 93 279 20 3162 1
690 11 286 16 3067 1
691 29 299 23 4500 1
692 56 278 31 6734 1
693 57 279 44 15245 1
694 113 279 44 15245 1
695 119 285 28 8057 1
696 58 292 8 2525 1
697 115 292 8 2525 1
698 44 299 30 10455 1
699 86 300 12 2427 1
700 58 279 10 3625 1
701 29 278 15 5305 1
702 58 281 16 2909 1
703 65 285 11 4514 1
704 58 279 21 4824 1
705 115 279 21 4824 1
706 89 279 13 2057 1
707 179 284 11 2956 1
708 58 299 9 3264 1
709 38 278 13 3615 1
710 58 293 30 12388 1
711 115 293 30 12388 1
712 172 293 30 12388 1
713 229 293 30 12388 1
714 286 293 30 12388 1
715 343 293 30 12388 1
716 400 293 30 12388 1
717 457 293 30 12388 1
718 30 279 33 8538 1
719 133 281 17 4089 1
720 265 281 17 4089 1
721 56 300 16 5719 1
722 37 285 18 5712 1
723 31 299 8 3538 1
724 91 284 9 3254 1
725 100 299 10 1543 1
726 65 285 9 2447 1
727 43 300 13 4125 1
728 29 285 16 2336 1
729 43 282 14 5782 1
730 43 286 11 2943 1
731 85 286 11 2943 1
732 39 281 12 2869 1
733 38 299 10 2483 1
734 58 278 16 6023 1
735 57 284 21 6783 1
736 113 284 21 6783 1
737 169 284 21 6783 1
738 30 300 11 3021 1
739 43 294 18 6963 1
740 44 286 16 5000 1
741 58 291 17 5675 1
742 115 291 17 5675 1
743 106 285 15 4309 1
744 57 291 15 6484 1
745 31 300 16 5360 1
746 44 300 11 3856 1
747 59 300 16 6334 1
748 30 300 16 6300 1
749 106 281 9 1560 1
750 79 363 38 10223 1
751 79 349 38 9078 1
752 50 331 19 4209 1
753 99 331 19 4209 1
754 55 366 23 10545 1
755 79 323 27 8339 1
756 35 323 34 12441 1
757 73 316 14 3459 1
758 51 303 38 11878 1
759 126 365 37 18365 1
760 35 316 10 1640 1
761 114 318 25 5938 1
762 78 318 18 4901 1
763 155 318 18 4901 1
764 14 365 27 10404 1
765 68 318 26 11092 1
766 78 323 18 4633 1
767 52 335 18 5398 1
768 58 305 20 6572 1
769 16 334 12 4365 1
770 31 334 12 4365 1
771 46 334 12 4365 1
772 37 304 9 3871 1
773 79 305 10 3368 1
774 78 349 27 14078 1
775 79 304 33 5838 1
776 91 335 51 10575 1
777 107 337 41 12107 1
778 58 364 19 9218 1
779 58 304 32 9242 1
780 79 349 55 27806 1
781 85 323 12 3958 1
782 14 368 17 9102 1
783 57 335 31 7430 1
784 78 336 29 8121 1
785 78 305 15 3295 1
786 58 323 40 7521 1
787 115 323 40 7521 1
788 37 324 18 6046 1
789 78 324 11 5222 1
790 79 338 16 8100 1
791 37 368 15 7535 1
792 74 334 26 10110 1
793 79 335 15 3582 1
794 79 338 31 13319 1
795 38 323 16 5113 1
796 58 349 13 3806 1
797 36 349 33 9217 1
798 79 304 15 3532 1
799 53 334 18 5901 1
800 79 364 36 19064 1
801 115 333 30 6085 1
802 78 305 17 2861 1
803 78 365 17 6078 1
804 58 364 27 7945 1
805 57 305 11 2268 1
806 50 366 41 10740 1
807 50 334 35 11930 1
808 99 334 35 11930 1
809 79 331 18 5717 1
810 157 331 18 5717 1
811 37 304 21 5902 1
812 36 349 10 2244 1
813 79 305 29 6081 1
814 157 305 29 6081 1
815 106 349 16 4697 1
816 78 336 20 4929 1
817 79 363 25 12641 1
818 55 364 35 11083 1
819 37 304 26 10709 1
820 15 363 23 9177 1
821 36 324 36 5945 1
822 71 324 36 5945 1
823 35 363 28 7487 1
824 58 337 16 8044 1
825 36 368 19 8446 1
826 71 368 19 8446 1
827 90 364 19 4576 1
828 57 337 17 4608 1
829 56 303 20 5166 1
830 36 324 14 3432 1
831 59 318 26 10924 1
832 76 318 16 2645 1
833 100 304 12 5198 1
834 51 303 15 3913 1
835 108 303 26 8529 1
836 60 331 17 7441 1
837 57 332 35 6149 1
838 58 318 21 3343 1
839 115 318 21 3343 1
840 78 365 14 6805 1
841 197 324 18 3190 1
842 111 363 40 18143 1
843 36 364 11 5422 1
844 57 336 17 7801 1
845 113 336 17 7801 1
846 79 336 7 1698 1
847 157 336 7 1698 1
848 107 338 17 4207 1
849 15 324 32 13344 1
850 15 336 19 5669 1
851 51 332 32 13900 1
852 78 318 18 8350 1
853 75 323 17 7449 1
854 91 333 15 5354 1
855 57 303 16 4950 1
856 78 303 23 7211 1
857 113 335 27 11875 1
858 37 303 16 2815 1
859 58 324 42 18464 1
860 92 333 23 4923 1
861 57 335 29 8257 1
862 80 305 37 16560 1
863 159 305 37 16560 1
864 238 305 37 16560 1
865 199 366 42 8554 1
866 88 333 31 13911 1
867 125 323 14 5927 1
868 249 323 14 5927 1
869 37 333 25 7883 1
870 59 363 29 11144 1
871 15 318 12 2209 1
872 115 366 34 14342 1
873 117 323 12 3742 1
874 51 363 31 9088 1
875 58 318 24 8291 1
876 79 338 16 4770 1
877 102 363 40 8159 1
878 50 349 33 17255 1
879 78 303 18 4287 1
880 50 303 20 3661 1
881 16 337 19 7902 1
882 15 365 15 7276 1
883 114 366 26 7348 1
884 227 366 26 7348 1
885 87 364 19 10230 1
886 59 318 18 3900 1
887 79 338 50 11665 1
888 195 332 16 6509 1
889 58 338 35 7442 1
890 37 366 12 6115 1
891 35 349 24 10563 1
892 69 349 24 10563 1
893 76 349 24 8232 1
894 57 338 26 6685 1
895 123 332 47 9151 1
896 37 305 24 7455 1
897 2 337 28 13777 1
898 111 349 16 4908 1
899 85 318 32 7986 1
900 36 368 26 13343 1
901 13 364 23 9934 1
902 79 304 21 9513 1
903 35 303 35 12669 1
904 57 303 14 2257 1
905 78 363 21 6754 1
906 77 366 10 2153 1
907 76 365 27 7842 1
908 13 331 29 13383 1
909 90 364 27 7176 1
910 79 318 28 9743 1
911 14 324 10 4414 1
912 27 324 10 4414 1
913 73 305 17 7006 1
914 51 337 20 7642 1
915 51 337 29 13687 1
916 51 335 11 2631 1
917 79 366 18 6500 1
918 50 368 45 18716 1
919 37 349 27 12952 1
920 38 349 44 8172 1
921 59 334 18 8254 1
922 107 316 35 6332 1
923 78 364 35 9076 1
924 37 368 11 3777 1
925 50 333 20 5099 1
926 58 335 14 4987 1
927 17 318 23 7203 1
928 57 332 26 6614 1
929 35 324 9 2883 1
930 78 336 16 6516 1
931 94 338 16 3348 1
932 80 364 26 6788 1
933 57 323 12 4613 1
934 38 337 17 4311 1
935 114 338 32 9968 1
936 57 316 22 10207 1
937 79 334 20 3411 1
938 58 338 16 7769 1
939 58 331 67 15609 1
940 57 349 48 18325 1
941 51 338 30 5460 1
942 50 337 18 8018 1
943 76 323 31 12923 1
944 61 323 22 3693 1
945 73 368 13 6161 1
946 77 324 17 3032 1
947 51 304 24 6069 1
948 101 304 24 6069 1
949 50 331 28 8552 1
950 54 324 35 10030 1
951 104 332 16 3670 1
952 101 364 50 9324 1
953 37 323 20 8172 1
954 78 365 21 5547 1
955 89 323 17 4763 1
956 58 336 21 9449 1
957 115 336 21 9449 1
958 172 336 21 9449 1
959 113 333 17 6573 1
960 15 316 20 8314 1
961 90 323 11 2001 1
962 56 368 44 21513 1
963 78 349 32 10282 1
964 117 335 28 6528 1
965 79 349 25 6915 1
966 72 318 10 2551 1
967 74 338 22 10550 1
968 85 335 18 5105 1
969 92 333 18 7904 1
970 50 366 28 7960 1
971 46 337 26 7828 1
972 50 335 43 19766 1
973 92 338 30 7344 1
974 190 363 12 4907 1
975 93 324 41 15204 1
976 57 332 17 6810 1
977 17 324 40 13454 1
978 57 305 23 5410 1
979 74 324 15 6379 1
980 58 324 23 6030 1
981 36 332 30 12061 1
982 59 349 23 9829 1
983 36 336 24 5789 1
984 90 338 29 5668 1
985 58 324 21 7753 1
986 79 363 49 10357 1
987 78 337 12 3445 1
988 57 336 19 5462 1
989 37 331 14 5664 1
990 153 396 21 4213 1
991 108 398 38 19431 1
992 79 398 17 7328 1
993 157 398 17 7328 1
994 14 399 25 10447 1
995 27 399 25 10447 1
996 15 399 38 19061 1
997 86 397 32 17713 1
998 89 396 23 12873 1
999 177 396 23 12873 1
1000 265 396 23 12873 1
1001 353 396 23 12873 1
1002 12 395 30 8587 1
1003 77 399 36 17570 1
1004 111 395 31 10924 1
1005 88 399 48 18315 1
1006 175 399 48 18315 1
1007 78 399 29 14539 1
1008 155 399 29 14539 1
1009 80 395 26 15261 1
1010 159 395 26 15261 1
1011 238 395 26 15261 1
1012 90 398 31 10767 1
1013 109 398 27 9687 1
1014 217 398 27 9687 1
1015 82 398 23 10780 1
1016 163 398 23 10780 1
1017 86 397 42 22944 1
1018 171 397 42 22944 1
1019 256 397 42 22944 1
1020 86 398 42 19778 1
1021 79 397 51 17041 1
1022 85 397 38 19180 1
1023 169 397 38 19180 1
1024 253 397 38 19180 1
1025 87 397 31 7073 1
1026 85 399 50 10286 1
1027 169 399 50 10286 1
1028 87 397 23 13472 1
1029 92 397 37 8294 1
1030 190 398 36 20160 1
1031 73 395 23 13417 1
1032 90 397 32 10181 1
1033 111 395 27 11020 1
1034 14 398 17 9554 1
1035 94 396 38 9345 1
1036 77 399 39 10323 1
14
503 620 807 620 700 205 255 700 700 700 700 700 200 460 