1036
1 14 118 6 887 1
2 12 140 8 1268 1
3 22 134 17 1326 1
4 13 129 6 706 1
5 29 132 12 866 1
6 57 132 12 866 1
7 85 132 12 866 1
8 113 132 12 866 1
9 8 129 12 1618 1
10 3 140 38 3142 1
11 10 134 31 4490 1
12 7 125 8 1092 1
13 8 138 4 335 1
14 11 133 19 2638 1
15 2 134 22 3713 1
16 12 118 11 1065 1
17 16 140 48 3964 1
18 31 140 48 3964 1
19 13 132 19 3336 1
20 26 137 12 1777 1
21 3 138 29 2796 1
22 5 138 29 2796 1
23 10 133 26 4579 1
24 13 140 15 1341 1
25 7 132 8 1191 1
26 24 138 9 964 1
27 47 138 9 964 1
28 70 138 9 964 1
29 8 137 18 1602 1
30 19 133 7 729 1
31 37 133 7 729 1
32 55 133 7 729 1
33 8 138 6 431 1
34 19 140 28 2643 1
35 17 125 6 632 1
36 8 137 19 2868 1
37 11 137 13 1623 1
38 21 137 13 1623 1
39 27 138 12 1109 1
40 53 138 12 1109 1
41 8 133 14 2703 1
42 9 133 12 1496 1
43 17 133 12 1496 1
44 8 133 16 2241 1
45 7 133 4 286 1
46 19 133 10 821 1
47 37 133 10 821 1
48 55 133 10 821 1
49 73 133 10 821 1
50 91 133 10 821 1
51 109 133 10 821 1
52 8 137 7 642 1
53 73 140 18 2163 1
54 21 118 29 1927 1
55 3 134 17 1798 1
56 8 133 31 3290 1
57 2 133 6 687 1
58 8 137 22 2240 1
59 3 137 7 1075 1
60 9 138 11 1428 1
61 13 138 8 1475 1
62 9 118 11 1016 1
63 17 118 11 1016 1
64 25 118 11 1016 1
65 33 118 11 1016 1
66 8 138 17 1272 1
67 15 138 17 1272 1
68 8 137 15 2713 1
69 8 137 12 2088 1
70 10 140 15 2514 1
71 19 140 15 2514 1
72 10 137 21 2286 1
73 19 137 21 2286 1
74 9 129 9 1288 1
75 17 129 9 1288 1
76 8 132 11 1572 1
77 15 132 11 1572 1
78 22 132 11 1572 1
79 27 133 5 760 1
80 26 118 5 825 1
81 8 118 11 733 1
82 15 118 11 733 1
83 6 133 34 6263 1
84 11 133 34 6263 1
85 16 133 34 6263 1
86 14 132 5 349 1
87 9 138 16 1918 1
88 17 138 16 1918 1
89 25 138 16 1918 1
90 13 133 6 1145 1
91 25 133 6 1145 1
92 23 134 12 1662 1
93 9 129 9 1707 1
94 24 134 10 1108 1
95 26 125 24 3986 1
96 51 125 24 3986 1
97 9 133 11 2155 1
98 17 133 11 2155 1
99 13 125 21 3330 1
100 25 125 9 1244 1
101 8 138 32 3525 1
102 44 190 15 2244 1
103 43 199 11 1864 1
104 85 199 11 1864 1
105 127 199 11 1864 1
106 43 208 9 1718 1
107 58 187 9 1068 1
108 52 208 9 1368 1
109 20 149 15 3052 1
110 18 177 29 5894 1
111 35 177 29 5894 1
112 102 187 42 10120 1
113 23 199 22 3018 1
114 43 181 18 1959 1
115 85 181 18 1959 1
116 79 178 9 844 1
117 44 178 17 4261 1
118 87 178 17 4261 1
119 44 188 5 814 1
120 87 188 5 814 1
121 130 188 5 814 1
122 173 188 5 814 1
123 43 181 11 1761 1
124 85 181 11 1761 1
125 127 181 11 1761 1
126 7 149 10 2096 1
127 19 194 41 4771 1
128 43 208 16 2950 1
129 16 207 14 1697 1
130 71 177 7 922 1
131 42 149 16 1648 1
132 5 188 17 1902 1
133 9 188 17 1902 1
134 43 178 18 3757 1
135 43 204 7 2124 1
136 44 167 31 7173 1
137 43 205 5 804 1
138 85 205 5 804 1
139 23 207 6 1127 1
140 43 151 18 1896 1
141 16 181 12 3016 1
142 31 181 12 3016 1
143 43 187 28 3815 1
144 5 202 8 1447 1
145 38 170 36 7384 1
146 75 170 36 7384 1
147 19 199 14 2695 1
148 43 197 17 3231 1
149 22 181 23 5036 1
150 6 199 50 5925 1
151 57 171 14 2583 1
152 113 171 14 2583 1
153 38 197 16 2081 1
154 23 181 14 1728 1
155 22 210 14 2951 1
156 43 210 14 2951 1
157 92 178 20 2802 1
158 20 184 11 1573 1
159 81 205 9 2492 1
160 30 161 32 4907 1
161 59 161 32 4907 1
162 44 205 21 5762 1
163 15 210 18 3300 1
164 18 171 11 1374 1
165 35 171 11 1374 1
166 16 195 15 2218 1
167 43 208 13 3448 1
168 43 205 10 1911 1
169 85 205 10 1911 1
170 59 151 16 2681 1
171 45 167 7 1485 1
172 6 197 21 3912 1
173 16 167 11 1040 1
174 45 170 24 5242 1
175 89 170 24 5242 1
176 450 199 10 1899 1
177 45 202 13 3282 1
178 44 178 13 1304 1
179 87 178 13 1304 1
180 17 151 6 863 1
181 13 197 25 5956 1
182 44 203 14 4038 1
183 87 203 14 4038 1
184 45 208 18 5094 1
185 89 208 18 5094 1
186 19 203 11 2746 1
187 43 151 10 1517 1
188 85 151 10 1517 1
189 14 194 19 3252 1
190 19 202 10 1426 1
191 19 190 22 2281 1
192 6 203 18 3435 1
193 43 202 14 1427 1
194 44 151 9 907 1
195 87 151 9 907 1
196 6 149 9 1886 1
197 45 195 10 1159 1
198 17 203 11 1734 1
199 14 149 9 755 1
200 27 149 9 755 1
201 17 161 33 3631 1
202 33 161 33 3631 1
203 44 167 20 4958 1
204 87 167 20 4958 1
205 130 167 20 4958 1
206 173 167 20 4958 1
207 44 149 20 1529 1
208 42 197 26 4156 1
209 83 197 26 4156 1
210 33 208 24 3275 1
211 65 208 24 3275 1
212 44 204 20 2424 1
213 87 204 20 2424 1
214 130 204 20 2424 1
215 43 203 32 9331 1
216 85 203 32 9331 1
217 17 190 6 770 1
218 42 205 10 3009 1
219 83 205 10 3009 1
220 7 149 12 1300 1
221 44 161 26 4136 1
222 87 161 26 4136 1
223 130 161 26 4136 1
224 173 161 26 4136 1
225 216 161 26 4136 1
226 6 195 28 3619 1
227 43 199 44 8195 1
228 19 208 12 2234 1
229 44 187 7 1949 1
230 22 178 16 2763 1
231 27 199 11 3257 1
232 53 199 11 3257 1
233 78 178 8 2134 1
234 90 195 16 4226 1
235 47 149 8 1392 1
236 93 149 8 1392 1
237 21 167 24 3432 1
238 23 207 29 7044 1
239 7 181 10 1640 1
240 22 194 30 6760 1
241 42 188 10 961 1
242 44 199 17 1914 1
243 5 181 19 2943 1
244 27 204 12 3642 1
245 23 149 14 1853 1
246 45 149 14 1853 1
247 44 170 10 1397 1
248 43 207 24 3981 1
249 43 202 13 3351 1
250 85 202 13 3351 1
251 127 202 13 3351 1
252 169 202 13 3351 1
253 211 202 13 3351 1
254 42 177 27 4571 1
255 43 177 15 3841 1
256 45 222 8 2476 1
257 44 225 28 4056 1
258 54 242 7 2322 1
259 43 225 13 4076 1
260 38 225 19 2936 1
261 50 245 26 6807 1
262 99 245 26 6807 1
263 19 230 20 3583 1
264 104 239 20 4476 1
265 56 237 18 3946 1
266 28 221 49 13978 1
267 11 244 34 4684 1
268 58 230 27 9020 1
269 29 230 21 5280 1
270 105 244 11 1596 1
271 92 242 8 978 1
272 28 225 12 1459 1
273 63 221 16 3869 1
274 29 244 13 1588 1
275 50 228 9 2001 1
276 31 212 16 2206 1
277 43 228 23 4349 1
278 85 228 23 4349 1
279 35 245 19 4409 1
280 100 225 35 10364 1
281 46 228 46 5585 1
282 91 228 46 5585 1
283 45 242 32 5316 1
284 29 216 11 3469 1
285 29 239 27 7473 1
286 38 222 10 2064 1
287 30 239 18 2335 1
288 44 244 14 2515 1
289 52 221 10 1271 1
290 12 222 15 2848 1
291 32 245 19 5893 1
292 59 242 12 3178 1
293 97 216 12 2059 1
294 13 220 17 4829 1
295 7 244 21 6544 1
296 13 244 21 6544 1
297 19 244 21 6544 1
298 13 244 16 5159 1
299 31 225 16 4273 1
300 61 225 16 4273 1
301 58 216 14 4485 1
302 13 222 22 2813 1
303 73 212 9 2381 1
304 58 220 20 5802 1
305 46 230 7 1464 1
306 91 230 7 1464 1
307 136 230 7 1464 1
308 181 230 7 1464 1
309 226 230 7 1464 1
310 59 212 13 2793 1
311 29 225 17 3071 1
312 16 222 24 6665 1
313 44 244 15 4565 1
314 48 221 26 3596 1
315 43 244 14 1729 1
316 18 242 16 3846 1
317 88 225 15 1981 1
318 59 245 27 6512 1
319 117 245 27 6512 1
320 175 245 27 6512 1
321 91 237 16 4970 1
322 87 243 16 4283 1
323 43 242 26 4364 1
324 90 225 11 1371 1
325 42 216 43 11190 1
326 101 237 25 3710 1
327 47 244 8 2455 1
328 29 230 20 2658 1
329 31 245 15 3407 1
330 38 242 29 10121 1
331 43 244 38 7365 1
332 62 242 32 7649 1
333 123 242 32 7649 1
334 15 242 21 4378 1
335 44 242 19 6864 1
336 7 242 42 14830 1
337 84 212 25 5814 1
338 30 237 23 3011 1
339 59 237 23 3011 1
340 68 243 36 4644 1
341 44 220 30 5389 1
342 107 212 25 6028 1
343 43 216 12 1679 1
344 32 239 18 2744 1
345 15 220 34 8140 1
346 58 221 13 3231 1
347 51 244 16 2076 1
348 80 212 15 4742 1
349 30 212 19 2739 1
350 36 242 18 5146 1
351 14 244 11 2431 1
352 43 225 17 4987 1
353 85 225 17 4987 1
354 36 242 13 3488 1
355 30 228 29 9858 1
356 115 237 14 4457 1
357 48 228 13 1729 1
358 95 228 13 1729 1
359 57 244 24 6244 1
360 14 222 12 2591 1
361 42 220 31 10096 1
362 54 230 19 2343 1
363 107 230 19 2343 1
364 160 230 19 2343 1
365 54 237 15 4711 1
366 32 244 9 1261 1
367 63 244 9 1261 1
368 56 221 18 4044 1
369 45 230 16 3151 1
370 30 239 19 4269 1
371 61 245 24 8415 1
372 30 244 8 2663 1
373 60 228 13 2311 1
374 29 212 11 1473 1
375 53 245 16 3411 1
376 28 216 16 2702 1
377 29 244 25 6635 1
378 57 244 25 6635 1
379 43 222 22 5063 1
380 31 228 17 2412 1
381 44 221 6 668 1
382 30 220 8 2173 1
383 39 239 46 13756 1
384 58 222 19 3477 1
385 108 243 24 7781 1
386 38 216 29 6249 1
387 53 244 39 7026 1
388 105 244 39 7026 1
389 57 239 16 1980 1
390 102 221 25 6698 1
391 62 216 19 3471 1
392 29 237 11 3702 1
393 57 237 11 3702 1
394 85 237 11 3702 1
395 30 228 17 4368 1
396 59 228 17 4368 1
397 120 221 16 2948 1
398 42 220 19 5182 1
399 29 239 16 5184 1
400 57 239 16 5184 1
401 85 239 16 5184 1
402 30 239 9 1169 1
403 113 212 9 994 1
404 59 239 11 2196 1
405 95 222 31 6177 1
406 59 221 10 1974 1
407 57 259 6 1875 1
408 98 255 10 2717 1
409 15 268 13 3482 1
410 56 255 8 2464 1
411 36 262 15 5811 1
412 187 261 7 1992 1
413 29 268 23 7042 1
414 51 268 10 2136 1
415 148 259 35 7592 1
416 29 264 13 2090 1
417 57 264 13 2090 1
418 15 259 20 5605 1
419 95 246 21 5609 1
420 29 265 14 2866 1
421 51 258 26 7643 1
422 29 246 21 2957 1
423 100 275 9 2424 1
424 51 267 7 1005 1
425 36 267 14 4711 1
426 22 261 23 4284 1
427 43 261 23 4284 1
428 64 261 23 4284 1
429 93 246 2 556 1
430 51 257 9 2138 1
431 45 265 13 3180 1
432 44 265 16 4572 1
433 44 275 20 4144 1
434 30 259 17 3584 1
435 50 267 19 4804 1
436 22 270 21 5762 1
437 50 262 18 2981 1
438 45 261 1 365 1
439 105 276 14 3462 1
440 44 258 15 3963 1
441 44 257 19 5208 1
442 38 260 14 3473 1
443 16 246 18 4924 1
444 100 268 21 3056 1
445 57 257 12 4113 1
446 58 274 15 5619 1
447 43 277 8 1454 1
448 58 265 15 2861 1
449 101 255 18 4892 1
450 29 259 19 4065 1
451 57 259 19 4065 1
452 43 262 12 3325 1
453 80 275 13 2364 1
454 98 246 17 2312 1
455 195 246 17 2312 1
456 29 276 14 5766 1
457 57 276 14 5766 1
458 85 276 14 5766 1
459 36 273 10 3690 1
460 15 260 21 2923 1
461 36 275 13 1979 1
462 97 265 16 5800 1
463 15 257 5 1342 1
464 43 267 22 6116 1
465 85 267 22 6116 1
466 30 267 11 1957 1
467 7 265 15 2248 1
468 41 264 10 3586 1
469 81 259 30 6439 1
470 46 246 17 5316 1
471 34 277 6 972 1
472 37 275 19 4798 1
473 55 277 17 6900 1
474 29 261 30 7863 1
475 34 276 13 2167 1
476 56 277 8 3114 1
477 29 276 22 4309 1
478 29 270 19 4406 1
479 38 276 24 6154 1
480 30 275 19 6875 1
481 43 273 18 4963 1
482 29 246 27 5523 1
483 37 257 10 2073 1
484 73 257 10 2073 1
485 87 275 11 2949 1
486 51 262 22 7291 1
487 29 260 8 2690 1
488 58 277 29 7197 1
489 31 270 6 1803 1
490 61 270 6 1803 1
491 85 261 15 2980 1
492 169 261 15 2980 1
493 19 270 11 1979 1
494 57 270 13 3413 1
495 15 258 27 8120 1
496 36 276 14 3452 1
497 40 275 26 5534 1
498 79 275 26 5534 1
499 43 277 23 7196 1
500 35 246 1 244 1
501 18 262 8 1051 1
502 36 268 12 3808 1
503 37 275 16 5419 1
504 29 275 22 6539 1
505 51 265 6 1950 1
506 93 273 17 3120 1
507 36 275 27 5649 1
508 59 265 13 2602 1
509 117 265 13 2602 1
510 175 265 13 2602 1
511 44 274 24 5795 1
512 35 264 11 2574 1
513 29 273 9 2785 1
514 24 260 5 1767 1
515 47 260 5 1767 1
516 44 246 10 3004 1
517 35 264 21 5568 1
518 37 264 15 3059 1
519 28 275 16 6352 1
520 55 275 16 6352 1
521 29 259 16 3680 1
522 30 264 10 1967 1
523 29 258 15 4428 1
524 29 258 21 7082 1
525 106 273 11 4226 1
526 95 276 21 4147 1
527 58 261 4 1503 1
528 29 246 7 2154 1
529 49 262 10 3124 1
530 24 275 17 5583 1
531 105 273 9 3671 1
532 15 277 12 3317 1
533 37 265 16 4209 1
534 60 265 25 7220 1
535 95 259 15 3638 1
536 39 274 8 2548 1
537 42 274 24 8898 1
538 58 255 15 4140 1
539 50 268 20 4992 1
540 99 268 20 4992 1
541 95 274 39 10577 1
542 189 274 39 10577 1
543 90 260 14 2532 1
544 97 259 12 4457 1
545 193 259 12 4457 1
546 37 267 20 7504 1
547 100 275 3 705 1
548 57 270 19 3906 1
549 113 270 19 3906 1
550 98 262 24 8436 1
551 44 259 28 7852 1
552 98 264 17 4549 1
553 49 267 22 5396 1
554 58 274 12 3998 1
555 58 277 15 2557 1
556 51 257 14 3726 1
557 54 270 25 3516 1
558 43 246 19 4282 1
559 58 257 10 2924 1
560 14 267 18 3860 1
561 27 267 18 3860 1
562 30 259 45 15015 1
563 15 276 19 5399 1
564 58 270 16 3414 1
565 89 258 12 2377 1
566 37 268 17 3576 1
567 30 268 18 2949 1
568 36 268 17 2697 1
569 31 260 23 4294 1
570 39 277 20 3872 1
571 29 246 19 4793 1
572 29 277 32 6709 1
573 57 277 32 6709 1
574 222 275 19 3227 1
575 15 246 21 7707 1
576 43 275 31 6919 1
577 31 276 27 5890 1
578 61 276 27 5890 1
579 29 264 18 2791 1
580 29 275 19 3688 1
581 31 270 17 2518 1
582 42 260 11 2842 1
583 35 260 12 3619 1
584 36 274 19 7406 1
585 71 274 19 7406 1
586 106 274 19 7406 1
587 141 274 19 7406 1
588 44 265 29 4363 1
589 37 300 17 3746 1
590 29 279 15 2230 1
591 31 286 16 6054 1
592 57 282 22 3572 1
593 156 286 17 4980 1
594 58 286 10 2421 1
595 115 286 10 2421 1
596 56 292 12 2266 1
597 43 300 20 4520 1
598 85 300 20 4520 1
599 31 291 28 11016 1
600 31 282 12 2720 1
601 56 300 21 5669 1
602 60 284 13 3458 1
603 36 299 13 4700 1
604 96 278 12 4525 1
605 69 285 14 5444 1
606 29 284 11 3667 1
607 28 281 11 2562 1
608 57 281 20 7214 1
609 85 281 17 3987 1
610 59 279 13 5014 1
611 43 300 33 14453 1
612 155 278 24 4364 1
613 182 291 14 2373 1
614 23 284 18 7478 1
615 45 284 18 7478 1
616 43 293 14 2365 1
617 57 291 41 13462 1
618 57 285 11 2425 1
619 58 284 13 3352 1
620 203 294 14 5445 1
621 101 300 14 5911 1
622 201 300 14 5911 1
623 37 278 16 3074 1
624 92 293 10 4232 1
625 58 293 20 4288 1
626 115 293 20 4288 1
627 172 293 20 4288 1
628 28 291 15 4110 1
629 28 285 19 6494 1
630 42 299 9 3572 1
631 102 282 20 6396 1
632 107 281 13 4805 1
633 31 285 16 6692 1
634 58 285 12 4583 1
635 115 285 12 4583 1
636 36 281 7 1236 1
637 43 291 20 3186 1
638 30 299 19 7763 1
639 42 284 15 2152 1
640 58 299 20 6844 1
641 96 299 25 6058 1
642 22 281 14 4622 1
643 156 286 19 5337 1
644 29 284 16 5040 1
645 37 281 33 10263 1
646 29 282 21 3592 1
647 44 278 13 3226 1
648 57 278 24 7722 1
649 88 299 23 4510 1
650 43 278 15 5413 1
651 56 300 16 3249 1
652 29 299 18 5336 1
653 57 278 12 3485 1
654 29 284 18 2587 1
655 61 291 10 4278 1
656 121 291 10 4278 1
657 181 291 10 4278 1
658 30 291 17 3015 1
659 45 291 10 3620 1
660 89 291 10 3620 1
661 133 291 10 3620 1
662 57 299 17 6889 1
663 206 281 10 1908 1
664 31 285 20 7351 1
665 49 294 25 9554 1
666 45 284 15 4177 1
667 57 291 15 2645 1
668 113 291 15 2645 1
669 169 291 15 2645 1
670 225 291 15 2645 1
671 42 281 16 4961 1
672 56 300 9 1849 1
673 57 300 11 1899 1
674 30 293 12 2103 1
675 109 282 17 3390 1
676 217 282 17 3390 1
677 57 299 12 3026 1
678 113 299 12 3026 1
679 169 299 12 3026 1
680 58 282 22 3448 1
681 44 291 8 3302 1
682 137 285 18 5287 1
683 31 282 15 4232 1
684 45 281 13 2753 1
685 89 281 13 2753 1
686 133 281 13 2753 1
687 58 282 16 2994 1
688 115 282 16 2994 1
689 30 285 11 4501 1
690 43 278 18 2816 1
691 59 299 33 9125 1
692 117 299 33 9125 1
693 43 279 15 4275 1
694 41 284 15 2615 1
695 81 284 15 2615 1
696 29 282 10 3566 1
697 44 278 14 3245 1
698 17 291 17 3755 1
699 44 299 20 7585 1
700 59 292 17 6195 1
701 62 279 13 2152 1
702 31 299 21 5189 1
703 57 286 12 2623 1
704 28 281 9 2999 1
705 56 293 17 3651 1
706 49 299 29 10722 1
707 32 281 16 6475 1
708 40 279 17 6526 1
709 57 300 12 1894 1
710 30 284 10 2290 1
711 30 285 16 6503 1
712 26 292 7 1588 1
713 67 284 13 4953 1
714 42 278 13 2168 1
715 30 294 20 6831 1
716 30 293 48 19925 1
717 61 286 15 5892 1
718 86 282 8 3327 1
719 30 281 17 2774 1
720 68 300 18 3300 1
721 19 282 15 3646 1
722 24 278 26 9996 1
723 100 285 18 3758 1
724 57 279 14 3269 1
725 96 285 8 2552 1
726 107 299 27 7681 1
727 29 279 15 3510 1
728 57 286 29 9043 1
729 29 282 19 3957 1
730 59 293 20 5769 1
731 104 281 16 4662 1
732 57 285 28 9797 1
733 28 279 13 4218 1
734 57 278 13 2246 1
735 30 284 17 6349 1
736 57 291 13 2305 1
737 44 285 14 4030 1
738 58 279 17 5073 1
739 29 294 12 2289 1
740 29 285 11 3648 1
741 56 279 19 6156 1
742 29 300 31 5963 1
743 57 300 31 5963 1
744 57 299 13 3675 1
745 29 293 7 1056 1
746 97 278 22 8583 1
747 31 286 10 2429 1
748 58 279 16 2287 1
749 115 279 16 2287 1
750 58 332 43 17251 1
751 51 336 42 10718 1
752 73 335 11 2200 1
753 145 335 11 2200 1
754 51 349 33 6054 1
755 37 332 23 7557 1
756 78 303 18 5628 1
757 155 303 18 5628 1
758 36 316 24 8179 1
759 87 304 35 8358 1
760 173 304 35 8358 1
761 77 333 33 12706 1
762 88 349 21 8646 1
763 50 336 72 14332 1
764 89 366 16 4199 1
765 3 331 13 6340 1
766 14 364 34 8492 1
767 70 368 17 8819 1
768 50 368 21 7500 1
769 79 337 41 14881 1
770 70 364 44 22476 1
771 79 324 16 3839 1
772 73 333 18 7778 1
773 57 305 28 7711 1
774 113 305 28 7711 1
775 15 334 21 5918 1
776 29 334 21 5918 1
777 36 303 22 6953 1
778 112 305 23 3725 1
779 57 303 36 12062 1
780 55 337 22 4094 1
781 79 365 34 12793 1
782 78 334 12 3698 1
783 84 368 21 10798 1
784 10 316 7 1465 1
785 114 364 17 7383 1
786 36 304 12 5385 1
787 71 304 12 5385 1
788 106 304 12 5385 1
789 79 334 14 3081 1
790 157 334 14 3081 1
791 57 316 16 6609 1
792 16 316 23 4654 1
793 79 333 26 12335 1
794 157 333 26 12335 1
795 235 333 26 12335 1
796 79 324 16 6875 1
797 79 331 25 4352 1
798 74 337 16 5409 1
799 60 303 12 3000 1
800 78 305 28 7077 1
801 155 305 28 7077 1
802 91 304 19 7409 1
803 57 304 13 5135 1
804 113 304 13 5135 1
805 93 304 18 6601 1
806 77 305 18 3801 1
807 153 305 18 3801 1
808 23 365 29 9098 1
809 45 365 29 9098 1
810 87 318 25 4915 1
811 15 324 27 9339 1
812 15 318 13 6090 1
813 29 318 13 6090 1
814 116 304 12 5457 1
815 79 333 30 11578 1
816 52 331 28 12088 1
817 69 366 23 12005 1
818 13 331 57 10301 1
819 25 331 57 10301 1
820 37 331 57 10301 1
821 58 349 38 11333 1
822 51 364 32 17137 1
823 79 349 18 3398 1
824 157 349 18 3398 1
825 116 365 22 10993 1
826 13 337 15 4496 1
827 89 364 24 6110 1
828 16 368 61 13917 1
829 78 331 16 7913 1
830 52 324 20 5989 1
831 77 365 33 17161 1
832 110 316 24 5247 1
833 78 332 18 6009 1
834 16 333 38 8183 1
835 78 304 28 11086 1
836 52 363 29 14005 1
837 57 335 29 8981 1
838 79 349 31 10127 1
839 16 335 8 3382 1
840 85 364 20 10456 1
841 83 316 22 9370 1
842 79 364 21 9892 1
843 15 335 15 3510 1
844 108 305 21 7950 1
845 36 323 22 3985 1
846 79 364 25 7557 1
847 58 305 14 5627 1
848 26 334 26 7025 1
849 13 368 23 4996 1
850 122 337 46 17408 1
851 60 304 33 13184 1
852 57 338 10 2163 1
853 58 334 14 5609 1
854 115 334 14 5609 1
855 16 365 20 4474 1
856 31 365 20 4474 1
857 36 364 27 14453 1
858 90 349 18 9078 1
859 79 324 29 11614 1
860 57 303 30 9862 1
861 50 365 10 4581 1
862 37 335 10 4177 1
863 57 304 28 7393 1
864 79 349 16 8047 1
865 58 332 26 6164 1
866 79 303 16 6733 1
867 15 349 14 7212 1
868 29 349 14 7212 1
869 59 333 8 3949 1
870 78 364 25 8191 1
871 155 364 25 8191 1
872 78 316 25 4957 1
873 15 323 13 5687 1
874 61 335 25 5439 1
875 91 335 13 3364 1
876 50 335 15 4300 1
877 99 335 15 4300 1
878 58 323 12 4373 1
879 115 323 12 4373 1
880 51 364 34 16054 1
881 100 363 15 7850 1
882 73 337 25 8429 1
883 58 366 18 4410 1
884 115 366 18 4410 1
885 172 366 18 4410 1
886 51 336 27 12432 1
887 76 333 15 4804 1
888 94 366 39 13631 1
889 36 363 30 12732 1
890 51 363 13 4895 1
891 50 304 37 12904 1
892 89 305 14 4325 1
893 126 365 23 9783 1
894 16 331 50 11490 1
895 58 303 38 8952 1
896 78 305 18 3207 1
897 155 305 18 3207 1
898 80 335 45 9608 1
899 36 364 13 4288 1
900 50 338 9 2204 1
901 79 323 16 6919 1
902 157 323 16 6919 1
903 90 318 19 3824 1
904 37 364 16 7100 1
905 109 363 61 26359 1
906 36 324 57 16510 1
907 56 305 14 2298 1
908 78 368 55 12007 1
909 57 304 23 10010 1
910 113 304 23 10010 1
911 169 304 23 10010 1
912 76 318 7 2052 1
913 102 303 25 4082 1
914 52 316 10 1714 1
915 86 333 11 5195 1
916 57 333 22 9078 1
917 109 323 36 9235 1
918 36 323 53 13904 1
919 119 338 37 6398 1
920 76 324 29 8739 1
921 36 303 17 3888 1
922 114 333 14 6868 1
923 60 363 50 19738 1
924 58 365 26 10560 1
925 51 336 39 15276 1
926 87 363 20 7588 1
927 74 334 34 7014 1
928 51 364 27 10291 1
929 14 316 7 2829 1
930 16 332 36 10117 1
931 86 316 13 3005 1
932 171 316 13 3005 1
933 79 305 18 4990 1
934 57 337 22 5108 1
935 76 324 31 11536 1
936 36 364 11 5393 1
937 71 364 11 5393 1
938 73 368 17 9241 1
939 15 316 14 4483 1
940 78 323 19 3944 1
941 103 304 18 7392 1
942 56 363 26 6832 1
943 50 303 18 7747 1
944 58 333 15 5915 1
945 115 333 15 5915 1
946 51 304 18 7080 1
947 51 303 15 2475 1
948 109 337 9 4173 1
949 36 318 22 9990 1
950 71 318 22 9990 1
951 58 333 19 7472 1
952 15 364 19 7582 1
953 75 305 13 4755 1
954 36 334 21 3788 1
955 58 337 26 12647 1
956 14 335 9 3658 1
957 27 335 9 3658 1
958 37 323 11 3638 1
959 79 337 32 12866 1
960 51 364 23 7878 1
961 59 332 24 9364 1
962 117 332 24 9364 1
963 175 332 24 9364 1
964 78 323 13 2214 1
965 35 337 14 5627 1
966 57 336 15 6832 1
967 76 363 27 11528 1
968 49 349 23 9235 1
969 3 318 16 5345 1
970 79 336 17 4020 1
971 15 336 25 9254 1
972 115 368 36 7072 1
973 229 368 36 7072 1
974 78 332 23 8453 1
975 107 331 23 10835 1
976 86 304 28 9568 1
977 50 318 25 6365 1
978 100 316 7 1235 1
979 78 363 22 9787 1
980 129 335 25 10930 1
981 51 364 48 23193 1
982 91 338 15 5794 1
983 79 363 22 10072 1
984 59 331 38 10033 1
985 117 331 38 10033 1
986 50 365 17 9191 1
987 36 338 23 6140 1
988 78 336 10 4346 1
989 14 363 25 11334 1
990 73 399 26 6883 1
991 112 396 33 9067 1
992 157 396 41 10149 1
993 313 396 41 10149 1
994 86 396 46 13315 1
995 9 399 32 14979 1
996 156 398 22 6719 1
997 10 397 39 8512 1
998 88 399 45 18794 1
999 107 399 29 12859 1
1000 13 398 25 8499 1
1001 79 399 44 9642 1
1002 149 397 30 8511 1
1003 72 399 22 6900 1
1004 78 397 28 9529 1
1005 115 399 35 17218 1
1006 229 399 35 17218 1
1007 149 398 39 11869 1
1008 76 397 22 4740 1
1009 85 396 42 18879 1
1010 75 399 23 5767 1
1011 84 398 26 5668 1
1012 80 399 31 10260 1
1013 158 395 31 7425 1
1014 315 395 31 7425 1
1015 140 397 42 15007 1
1016 74 396 35 18204 1
1017 94 395 44 10645 1
1018 73 397 43 10477 1
1019 77 397 34 17816 1
1020 88 396 24 8712 1
1021 87 397 33 10109 1
1022 79 398 33 10503 1
1023 90 399 39 23008 1
1024 79 398 32 15863 1
1025 78 399 30 12446 1
1026 79 396 55 24460 1
1027 72 395 17 9311 1
1028 141 395 34 15013 1
1029 94 396 19 7955 1
1030 88 396 19 3822 1
1031 85 399 37 17011 1
1032 79 399 35 16372 1
1033 79 395 44 19369 1
1034 81 399 47 11657 1
1035 79 395 32 15386 1
1036 90 397 26 7661 1
14
503 620 807 620 700 205 255 700 700 700 700 700 200 460 