1036
1 9 133 4 454 1
2 17 133 4 454 1
3 25 133 4 454 1
4 33 133 4 454 1
5 9 118 4 381 1
6 4 132 22 2938 1
7 11 125 5 424 1
8 2 138 21 3076 1
9 3 138 21 3076 1
10 7 133 22 3615 1
11 2 138 20 4039 1
12 8 129 25 4244 1
13 7 140 18 2258 1
14 18 133 11 1050 1
15 35 133 11 1050 1
16 52 133 11 1050 1
17 69 133 11 1050 1
18 12 140 3 411 1
19 14 125 12 1577 1
20 7 134 8 918 1
21 29 125 12 1599 1
22 57 125 12 1599 1
23 85 125 12 1599 1
24 113 125 12 1599 1
25 141 125 12 1599 1
26 169 125 12 1599 1
27 197 125 12 1599 1
28 21 133 56 9748 1
29 41 133 56 9748 1
30 61 133 56 9748 1
31 81 133 56 9748 1
32 3 125 6 579 1
33 5 125 6 579 1
34 3 138 7 867 1
35 5 138 7 867 1
36 9 125 10 967 1
37 16 118 11 1751 1
38 31 118 11 1751 1
39 33 138 15 1133 1
40 27 125 24 3157 1
41 15 125 11 1758 1
42 19 133 17 1597 1
43 9 133 9 905 1
44 16 133 8 1203 1
45 31 133 8 1203 1
46 46 133 8 1203 1
47 8 140 32 3673 1
48 15 140 32 3673 1
49 22 140 32 3673 1
50 29 140 32 3673 1
51 36 140 32 3673 1
52 43 140 32 3673 1
53 3 118 7 706 1
54 7 125 11 911 1
55 3 132 6 688 1
56 17 132 9 1537 1
57 33 132 9 1537 1
58 15 125 23 1648 1
59 31 133 11 1209 1
60 2 134 9 619 1
61 25 132 16 1439 1
62 17 133 9 1383 1
63 8 133 19 1891 1
64 15 133 19 1891 1
65 9 133 34 3889 1
66 17 133 34 3889 1
67 25 133 34 3889 1
68 11 133 12 1275 1
69 21 133 12 1275 1
70 31 133 7 1345 1
71 11 140 10 2092 1
72 3 138 8 1030 1
73 12 133 6 563 1
74 11 138 6 769 1
75 14 133 23 4376 1
76 7 125 25 3488 1
77 13 125 25 3488 1
78 2 133 13 2410 1
79 3 133 13 2410 1
80 2 134 27 2763 1
81 7 132 80 6528 1
82 15 138 5 884 1
83 10 133 9 1450 1
84 19 133 9 1450 1
85 28 133 9 1450 1
86 9 118 18 2147 1
87 17 118 18 2147 1
88 2 132 11 1445 1
89 3 132 11 1445 1
90 7 137 6 795 1
91 13 137 6 795 1
92 19 137 6 795 1
93 10 140 10 1163 1
94 19 140 10 1163 1
95 2 133 47 4053 1
96 3 133 47 4053 1
97 20 134 18 3427 1
98 39 134 18 3427 1
99 58 134 18 3427 1
100 77 134 18 3427 1
101 8 125 19 2180 1
102 17 210 4 1065 1
103 43 197 12 1646 1
104 85 197 12 1646 1
105 35 149 20 4176 1
106 69 149 20 4176 1
107 6 184 18 2123 1
108 43 184 24 2879 1
109 7 188 11 1975 1
110 14 199 17 2420 1
111 15 190 26 5955 1
112 44 184 14 2292 1
113 12 181 6 1175 1
114 6 205 10 2362 1
115 11 205 10 2362 1
116 49 178 11 2918 1
117 44 194 12 1282 1
118 87 194 12 1282 1
119 7 194 22 3730 1
120 43 188 4 632 1
121 43 203 19 2300 1
122 43 204 33 8899 1
123 43 210 37 8528 1
124 85 210 37 8528 1
125 43 204 16 3802 1
126 72 188 11 3042 1
127 43 171 6 1404 1
128 66 204 12 2075 1
129 45 204 10 2100 1
130 89 204 10 2100 1
131 45 187 8 1730 1
132 43 177 8 1781 1
133 85 177 8 1781 1
134 44 194 5 1192 1
135 87 194 5 1192 1
136 130 194 5 1192 1
137 65 203 15 2291 1
138 129 203 15 2291 1
139 21 187 20 4885 1
140 43 170 26 4375 1
141 18 149 14 1881 1
142 44 184 9 923 1
143 23 199 17 2979 1
144 18 178 14 1363 1
145 19 204 9 1696 1
146 44 208 23 3204 1
147 87 208 23 3204 1
148 130 208 23 3204 1
149 5 190 21 3861 1
150 23 190 11 1518 1
151 17 188 18 3994 1
152 23 205 12 2148 1
153 43 205 12 2010 1
154 85 205 12 2010 1
155 45 181 10 2399 1
156 21 167 15 1715 1
157 44 178 12 1705 1
158 261 178 6 910 1
159 38 149 6 751 1
160 19 181 46 11338 1
161 43 181 10 987 1
162 85 181 10 987 1
163 17 202 39 8732 1
164 44 204 16 2087 1
165 87 204 16 2087 1
166 130 204 16 2087 1
167 41 170 12 2433 1
168 81 170 12 2433 1
169 44 195 11 3179 1
170 43 177 19 3656 1
171 43 194 24 5601 1
172 51 161 6 538 1
173 101 161 6 538 1
174 151 161 6 538 1
175 201 161 6 538 1
176 44 149 35 6143 1
177 23 151 9 1800 1
178 43 203 10 2775 1
179 69 171 11 1491 1
180 30 203 13 1530 1
181 59 203 13 1530 1
182 44 187 21 5631 1
183 87 187 21 5631 1
184 44 203 9 2670 1
185 20 161 23 2547 1
186 39 161 23 2547 1
187 43 170 13 2194 1
188 10 171 10 1660 1
189 40 184 16 3454 1
190 79 184 16 3454 1
191 51 161 31 5151 1
192 17 207 16 2913 1
193 58 204 9 2694 1
194 115 204 9 2694 1
195 23 210 10 2339 1
196 44 151 5 446 1
197 44 195 33 7925 1
198 87 195 33 7925 1
199 130 195 33 7925 1
200 20 204 25 6052 1
201 11 205 70 15073 1
202 16 181 17 2454 1
203 34 190 24 4112 1
204 16 210 10 2657 1
205 44 202 16 2785 1
206 87 202 16 2785 1
207 34 190 20 3422 1
208 243 208 18 3755 1
209 19 167 24 5076 1
210 37 167 24 5076 1
211 23 199 21 3470 1
212 45 199 21 3470 1
213 20 199 21 4109 1
214 6 187 27 3986 1
215 22 151 16 3278 1
216 59 178 6 598 1
217 43 194 19 2380 1
218 85 194 19 2380 1
219 43 204 8 2042 1
220 67 170 13 2619 1
221 7 210 27 5981 1
222 44 161 11 1005 1
223 43 199 22 4439 1
224 85 199 22 4439 1
225 69 207 24 6080 1
226 21 184 8 1558 1
227 41 184 8 1558 1
228 49 171 12 2049 1
229 45 203 11 2824 1
230 89 203 11 2824 1
231 8 194 12 2270 1
232 19 195 8 866 1
233 37 195 8 866 1
234 44 187 15 3028 1
235 43 207 10 1040 1
236 45 170 5 917 1
237 41 194 11 1070 1
238 6 208 12 1880 1
239 16 207 24 6158 1
240 44 197 11 3069 1
241 87 197 11 3069 1
242 87 194 8 948 1
243 44 177 18 4192 1
244 44 202 6 672 1
245 17 151 7 631 1
246 61 184 15 2594 1
247 121 184 15 2594 1
248 44 161 30 6103 1
249 87 161 30 6103 1
250 19 197 18 2981 1
251 43 202 6 1302 1
252 85 202 6 1302 1
253 23 184 10 1223 1
254 92 207 18 2621 1
255 3 187 19 2599 1
256 58 212 8 897 1
257 47 216 10 2712 1
258 93 216 10 2712 1
259 59 225 47 12662 1
260 28 221 27 4735 1
261 55 221 27 4735 1
262 101 228 15 3806 1
263 201 228 15 3806 1
264 101 245 9 1174 1
265 37 237 25 8244 1
266 30 221 63 13660 1
267 59 221 63 13660 1
268 58 225 20 5575 1
269 43 245 28 4129 1
270 85 245 28 4129 1
271 127 245 28 4129 1
272 30 228 32 6039 1
273 43 216 19 5938 1
274 85 216 19 5938 1
275 127 216 19 5938 1
276 56 225 12 1481 1
277 56 216 40 8134 1
278 13 216 18 3202 1
279 80 242 16 4108 1
280 30 245 30 4534 1
281 57 244 11 3644 1
282 56 212 14 3373 1
283 30 222 13 4176 1
284 29 222 12 3587 1
285 57 222 12 3587 1
286 27 220 30 4660 1
287 49 225 14 2648 1
288 63 242 19 5338 1
289 125 242 19 5338 1
290 58 212 11 3065 1
291 29 243 29 7091 1
292 57 243 29 7091 1
293 85 243 29 7091 1
294 111 221 19 3332 1
295 84 245 19 2467 1
296 31 243 34 9311 1
297 12 230 9 2167 1
298 23 230 9 2167 1
299 50 239 23 8205 1
300 30 220 11 2244 1
301 32 220 28 7100 1
302 38 239 31 5249 1
303 57 230 20 4580 1
304 81 230 25 3064 1
305 53 242 18 3216 1
306 31 244 12 2542 1
307 58 242 26 5643 1
308 43 225 16 4637 1
309 43 230 15 2231 1
310 55 222 22 6762 1
311 36 225 16 1912 1
312 98 212 18 2736 1
313 43 245 14 4904 1
314 51 242 22 6957 1
315 31 222 14 3208 1
316 61 222 14 3208 1
317 43 239 19 2741 1
318 85 239 19 2741 1
319 95 230 20 2768 1
320 30 244 26 8541 1
321 7 243 10 2275 1
322 36 244 16 3383 1
323 43 243 24 6919 1
324 28 221 29 6335 1
325 112 221 7 1253 1
326 58 245 19 6593 1
327 44 242 27 9011 1
328 87 242 27 9011 1
329 12 237 17 3603 1
330 30 212 35 4516 1
331 44 237 20 7056 1
332 55 242 27 9760 1
333 113 237 8 1204 1
334 64 243 30 8766 1
335 30 221 15 3632 1
336 84 243 35 6196 1
337 43 244 21 3585 1
338 34 222 37 11517 1
339 43 230 27 4454 1
340 31 242 25 3714 1
341 61 242 25 3714 1
342 101 237 18 5754 1
343 9 228 21 5885 1
344 53 243 10 2387 1
345 37 243 79 11015 1
346 58 228 21 4475 1
347 109 228 33 10478 1
348 31 222 13 2097 1
349 29 244 8 2110 1
350 57 244 8 2623 1
351 113 244 8 2623 1
352 169 244 8 2623 1
353 28 212 21 3588 1
354 51 237 19 2358 1
355 62 216 35 8410 1
356 123 216 35 8410 1
357 2 245 14 2902 1
358 28 239 16 3682 1
359 18 216 43 10449 1
360 57 212 27 7065 1
361 30 243 14 2257 1
362 58 225 28 5844 1
363 29 230 21 5081 1
364 43 245 23 3899 1
365 29 216 14 3287 1
366 58 216 13 2514 1
367 115 216 13 2514 1
368 31 222 16 2818 1
369 31 221 27 4000 1
370 61 221 27 4000 1
371 29 245 14 3086 1
372 53 237 7 1595 1
373 105 237 7 1595 1
374 58 230 18 3973 1
375 43 230 14 2019 1
376 53 242 27 8763 1
377 53 220 11 1387 1
378 19 243 23 4693 1
379 53 212 14 3301 1
380 30 212 12 3160 1
381 58 220 9 2144 1
382 59 225 39 12953 1
383 56 242 11 3421 1
384 28 230 17 2651 1
385 104 245 12 2491 1
386 62 245 30 9181 1
387 123 245 30 9181 1
388 58 243 12 3554 1
389 13 243 25 6350 1
390 25 243 25 6350 1
391 56 245 7 1139 1
392 43 221 26 8342 1
393 31 242 13 2380 1
394 46 242 8 1667 1
395 57 237 10 2800 1
396 36 216 17 4659 1
397 16 221 23 6437 1
398 31 221 23 6437 1
399 46 221 23 6437 1
400 61 221 23 6437 1
401 31 221 12 3754 1
402 58 245 10 1961 1
403 43 245 14 4308 1
404 9 221 12 1355 1
405 31 216 13 3510 1
406 42 212 14 3569 1
407 44 270 15 5028 1
408 87 270 15 5028 1
409 97 265 5 887 1
410 37 277 24 9883 1
411 73 277 24 9883 1
412 36 265 18 4968 1
413 110 273 18 4128 1
414 42 273 18 5739 1
415 44 277 36 10895 1
416 29 246 12 3076 1
417 30 262 21 4902 1
418 50 267 17 4269 1
419 48 275 18 6977 1
420 30 258 27 5949 1
421 30 277 21 4003 1
422 100 270 31 11329 1
423 151 275 22 8023 1
424 103 261 13 4685 1
425 44 255 14 3041 1
426 44 270 11 2463 1
427 43 262 24 5475 1
428 51 255 15 5469 1
429 38 265 2 720 1
430 88 275 21 4651 1
431 98 275 2 701 1
432 43 259 14 2465 1
433 37 258 16 3331 1
434 30 259 10 3497 1
435 48 246 13 4753 1
436 30 270 10 2891 1
437 31 273 8 1773 1
438 103 264 22 6651 1
439 57 258 17 5041 1
440 30 267 18 3001 1
441 45 257 16 2306 1
442 36 273 11 3156 1
443 58 275 6 1995 1
444 36 258 14 3571 1
445 99 257 12 2590 1
446 36 270 21 6001 1
447 31 275 15 5682 1
448 61 275 15 5682 1
449 37 270 20 6156 1
450 37 258 9 3433 1
451 55 268 16 5169 1
452 92 246 8 2501 1
453 31 274 23 7334 1
454 30 276 12 3114 1
455 36 264 17 6036 1
456 71 264 17 6036 1
457 106 264 17 6036 1
458 28 265 18 6534 1
459 55 265 18 6534 1
460 58 259 16 5293 1
461 89 268 7 1646 1
462 51 262 12 2199 1
463 51 255 21 4963 1
464 37 255 15 3037 1
465 52 277 19 5673 1
466 99 275 8 2891 1
467 30 268 11 2690 1
468 102 246 13 3176 1
469 30 246 12 4019 1
470 59 246 12 4019 1
471 33 246 11 1962 1
472 65 246 11 1962 1
473 29 261 20 3191 1
474 94 259 18 5883 1
475 44 264 16 5478 1
476 86 276 22 4269 1
477 29 265 8 2325 1
478 100 265 7 1951 1
479 58 268 23 6580 1
480 45 276 4 1202 1
481 50 275 19 3766 1
482 177 259 23 8324 1
483 43 277 13 4948 1
484 31 260 5 1019 1
485 14 262 27 7330 1
486 16 276 7 1184 1
487 28 265 13 4141 1
488 37 255 7 2068 1
489 36 262 12 4692 1
490 51 274 19 6842 1
491 105 273 6 1240 1
492 58 261 11 2080 1
493 35 277 13 2781 1
494 30 273 22 3853 1
495 31 261 9 2301 1
496 33 255 15 3863 1
497 65 255 15 3863 1
498 51 267 23 6989 1
499 44 246 17 5428 1
500 87 246 17 5428 1
501 34 257 18 2707 1
502 67 257 18 2707 1
503 29 275 10 1458 1
504 43 246 18 3555 1
505 37 265 8 1383 1
506 14 276 11 1793 1
507 45 275 14 2169 1
508 87 267 24 9303 1
509 30 270 13 4921 1
510 59 270 13 4921 1
511 88 270 13 4921 1
512 58 267 23 5923 1
513 97 270 10 3093 1
514 7 265 21 7062 1
515 32 255 9 2057 1
516 89 275 10 1655 1
517 101 273 16 5176 1
518 45 265 38 10354 1
519 39 260 23 5677 1
520 96 267 14 3205 1
521 191 267 14 3205 1
522 286 267 14 3205 1
523 36 277 25 6386 1
524 52 267 16 4774 1
525 23 255 16 2182 1
526 30 276 12 2140 1
527 37 258 19 4031 1
528 73 258 19 4031 1
529 109 258 19 4031 1
530 30 255 20 4010 1
531 39 246 3 800 1
532 37 267 19 4108 1
533 32 246 11 2917 1
534 44 274 10 2987 1
535 47 274 9 2551 1
536 93 274 9 2551 1
537 31 275 14 5350 1
538 29 260 11 2373 1
539 30 258 16 5977 1
540 57 275 14 2273 1
541 44 264 19 7346 1
542 37 258 13 3999 1
543 44 274 12 2444 1
544 29 261 15 3968 1
545 57 261 15 3968 1
546 51 262 12 2435 1
547 43 262 22 4707 1
548 29 267 17 2308 1
549 36 276 20 7301 1
550 50 259 14 2256 1
551 36 258 26 7667 1
552 36 246 13 1926 1
553 58 260 13 2090 1
554 57 260 35 10210 1
555 50 270 6 1007 1
556 58 261 9 3056 1
557 93 277 30 7900 1
558 51 259 16 2465 1
559 48 259 10 1322 1
560 37 265 25 4570 1
561 14 260 19 4124 1
562 85 259 18 2346 1
563 30 268 21 3409 1
564 25 270 24 8173 1
565 49 270 24 8173 1
566 37 277 14 2019 1
567 51 276 22 7945 1
568 20 262 11 2555 1
569 102 246 16 2641 1
570 181 259 17 3622 1
571 51 274 18 4860 1
572 29 267 4 910 1
573 30 264 14 1907 1
574 36 246 15 5074 1
575 36 264 17 4690 1
576 51 277 16 4182 1
577 43 273 15 3219 1
578 110 261 18 6555 1
579 44 257 15 2628 1
580 89 255 13 3842 1
581 36 275 11 3071 1
582 15 273 14 4273 1
583 29 273 14 4273 1
584 15 274 6 1693 1
585 99 246 2 293 1
586 58 275 22 6338 1
587 43 276 8 1711 1
588 57 268 11 1634 1
589 29 285 14 4793 1
590 30 300 14 5359 1
591 31 278 7 2186 1
592 54 293 25 10358 1
593 57 284 7 1559 1
594 57 284 9 3046 1
595 21 300 14 2276 1
596 45 293 16 2521 1
597 28 293 13 3551 1
598 58 300 8 1654 1
599 95 286 21 5971 1
600 31 293 14 4595 1
601 61 293 14 4595 1
602 96 279 23 4908 1
603 57 293 9 1337 1
604 127 281 11 4503 1
605 28 292 29 6151 1
606 55 292 29 6151 1
607 82 292 29 6151 1
608 58 292 23 4852 1
609 115 292 23 4852 1
610 8 286 20 5085 1
611 36 286 19 5678 1
612 41 281 13 3291 1
613 58 293 15 2508 1
614 115 293 15 2508 1
615 43 281 10 1849 1
616 30 282 9 3807 1
617 37 285 27 4830 1
618 37 279 32 6592 1
619 44 279 8 1365 1
620 60 278 20 4051 1
621 58 286 11 3989 1
622 115 286 11 3989 1
623 172 286 11 3989 1
624 29 292 17 5056 1
625 89 300 14 5954 1
626 30 286 25 6272 1
627 66 299 11 3039 1
628 29 294 19 6951 1
629 29 285 14 5145 1
630 98 299 28 10508 1
631 58 286 20 2983 1
632 65 282 21 6750 1
633 37 293 11 2410 1
634 84 292 14 5795 1
635 29 293 19 5838 1
636 56 282 23 4492 1
637 58 291 12 2686 1
638 29 281 14 5820 1
639 44 293 20 4091 1
640 30 281 13 5153 1
641 31 291 14 3477 1
642 29 294 12 3918 1
643 57 294 12 3918 1
644 20 282 10 4074 1
645 39 282 10 4074 1
646 28 294 23 4031 1
647 55 294 23 4031 1
648 45 292 31 8889 1
649 41 284 14 3984 1
650 58 284 14 5212 1
651 115 284 14 5212 1
652 23 286 18 5332 1
653 43 293 9 2108 1
654 99 282 16 2501 1
655 29 286 23 9799 1
656 43 285 33 11334 1
657 28 282 13 4153 1
658 55 282 13 4153 1
659 28 279 9 3474 1
660 55 279 9 3474 1
661 57 278 28 4366 1
662 57 284 26 8621 1
663 61 294 19 7266 1
664 44 278 17 6439 1
665 87 278 17 6439 1
666 105 284 16 6321 1
667 28 293 15 4672 1
668 29 284 12 4657 1
669 64 279 16 4574 1
670 28 292 8 1548 1
671 90 281 8 2691 1
672 67 300 20 5475 1
673 29 286 17 5764 1
674 28 284 14 4623 1
675 57 279 14 4577 1
676 43 293 11 4198 1
677 36 294 24 5690 1
678 113 278 8 1158 1
679 225 278 8 1158 1
680 59 278 16 5838 1
681 58 281 15 2862 1
682 115 281 15 2862 1
683 42 281 7 2477 1
684 29 278 11 2762 1
685 57 278 11 2762 1
686 63 281 16 3766 1
687 32 285 11 2474 1
688 29 300 18 7573 1
689 30 282 18 3082 1
690 29 300 10 2057 1
691 29 294 13 3569 1
692 29 299 16 7134 1
693 36 279 16 4642 1
694 43 293 16 3852 1
695 161 299 10 2865 1
696 36 299 19 3234 1
697 58 278 27 11135 1
698 30 286 25 5183 1
699 28 284 9 3467 1
700 23 285 32 13286 1
701 45 285 32 13286 1
702 67 285 32 13286 1
703 59 285 16 6382 1
704 38 291 23 4273 1
705 61 300 13 5472 1
706 78 299 15 5012 1
707 104 294 16 4505 1
708 30 285 10 2640 1
709 29 300 17 7035 1
710 57 300 17 7035 1
711 85 300 17 7035 1
712 43 299 22 3332 1
713 107 294 13 4458 1
714 56 294 21 4660 1
715 29 281 13 4678 1
716 56 292 10 4208 1
717 111 292 10 4208 1
718 31 282 8 2046 1
719 57 292 18 5341 1
720 113 292 18 5341 1
721 169 292 18 5341 1
722 31 299 16 3516 1
723 28 291 18 4334 1
724 45 299 18 6779 1
725 30 278 39 13597 1
726 43 285 28 8064 1
727 29 299 11 3901 1
728 60 279 29 10160 1
729 87 284 11 3143 1
730 58 281 23 3478 1
731 57 285 24 7516 1
732 43 282 18 3747 1
733 58 284 47 16610 1
734 29 300 27 7914 1
735 56 281 15 2386 1
736 58 279 20 7581 1
737 58 279 15 5832 1
738 43 284 37 9073 1
739 28 292 15 4857 1
740 29 286 11 4401 1
741 201 284 20 7954 1
742 30 278 21 5128 1
743 57 294 17 3098 1
744 113 294 17 3098 1
745 57 291 35 8203 1
746 29 281 16 5739 1
747 29 293 14 5178 1
748 44 285 11 2513 1
749 87 285 11 2513 1
750 50 337 35 7376 1
751 78 368 42 22888 1
752 16 334 37 10391 1
753 58 336 29 11840 1
754 115 336 29 11840 1
755 172 336 29 11840 1
756 87 335 26 12281 1
757 75 303 13 5780 1
758 57 303 39 14070 1
759 37 338 11 3552 1
760 36 323 21 6455 1
761 14 323 37 6210 1
762 27 323 37 6210 1
763 79 324 20 5321 1
764 57 324 21 3810 1
765 16 338 11 5044 1
766 31 338 11 5044 1
767 46 338 11 5044 1
768 79 332 33 15612 1
769 50 333 13 3702 1
770 77 333 12 5777 1
771 79 323 22 8104 1
772 157 323 22 8104 1
773 79 368 56 29955 1
774 15 364 29 12317 1
775 57 363 22 6332 1
776 78 366 15 5472 1
777 88 324 22 6219 1
778 56 318 37 9026 1
779 78 368 23 7501 1
780 78 304 19 6316 1
781 83 334 25 8783 1
782 56 364 19 9290 1
783 29 332 24 5077 1
784 17 303 34 12726 1
785 112 338 20 4544 1
786 51 316 18 8425 1
787 87 365 36 18740 1
788 173 365 36 18740 1
789 114 365 57 14544 1
790 37 323 40 19185 1
791 51 318 17 6004 1
792 58 333 37 17342 1
793 14 337 40 15277 1
794 27 337 40 15277 1
795 92 331 19 7512 1
796 51 304 18 5201 1
797 102 365 12 6067 1
798 51 337 37 18643 1
799 57 333 10 1676 1
800 113 333 10 1676 1
801 50 304 33 12845 1
802 75 364 49 24756 1
803 59 331 21 5014 1
804 117 331 21 5014 1
805 72 333 24 8005 1
806 79 366 22 7632 1
807 81 366 32 15230 1
808 72 335 12 3472 1
809 75 363 19 7500 1
810 57 332 30 9408 1
811 57 366 26 7119 1
812 85 336 19 8179 1
813 52 365 12 2459 1
814 37 318 22 6181 1
815 89 337 26 8510 1
816 12 363 19 6937 1
817 35 335 11 4074 1
818 79 305 27 9575 1
819 14 364 46 22127 1
820 57 332 10 2007 1
821 51 338 48 22608 1
822 78 332 15 5571 1
823 155 332 15 5571 1
824 37 365 24 6611 1
825 36 366 35 16472 1
826 37 333 6 2499 1
827 35 335 27 11535 1
828 78 323 13 5395 1
829 155 323 13 5395 1
830 95 337 20 8180 1
831 75 304 13 2366 1
832 36 349 11 5368 1
833 57 366 33 14168 1
834 16 305 18 6945 1
835 51 303 26 6362 1
836 76 304 12 3041 1
837 78 324 33 6989 1
838 57 304 44 17782 1
839 90 366 25 4582 1
840 71 337 8 1658 1
841 57 305 12 3783 1
842 113 305 12 3783 1
843 169 305 12 3783 1
844 79 334 19 7353 1
845 36 304 15 6721 1
846 59 368 21 10241 1
847 36 304 25 9835 1
848 60 363 32 5850 1
849 78 334 17 3633 1
850 76 333 31 7408 1
851 117 363 33 13604 1
852 37 318 14 2868 1
853 99 323 29 7627 1
854 18 304 11 4120 1
855 37 336 26 5868 1
856 17 305 19 7718 1
857 33 305 19 7718 1
858 107 324 21 6064 1
859 72 333 21 6437 1
860 143 333 21 6437 1
861 107 338 31 11738 1
862 17 335 25 9343 1
863 57 332 28 5994 1
864 36 318 17 3525 1
865 57 324 26 5227 1
866 117 338 24 11455 1
867 11 349 25 8724 1
868 15 303 18 7013 1
869 29 303 18 7013 1
870 58 335 32 11223 1
871 58 331 49 14061 1
872 115 331 49 14061 1
873 172 331 49 14061 1
874 82 364 28 6851 1
875 78 338 20 6857 1
876 78 349 14 5720 1
877 13 304 14 2386 1
878 25 304 14 2386 1
879 37 304 14 2386 1
880 26 323 20 4862 1
881 78 364 18 5623 1
882 79 364 29 5385 1
883 78 365 9 2803 1
884 104 323 37 6664 1
885 80 338 30 10204 1
886 15 368 25 7645 1
887 57 349 20 5761 1
888 15 335 40 12364 1
889 60 336 26 12843 1
890 79 323 25 7552 1
891 157 323 25 7552 1
892 78 305 15 4085 1
893 78 304 10 4004 1
894 77 336 16 7513 1
895 199 335 12 2059 1
896 57 318 17 5595 1
897 36 323 39 13477 1
898 51 337 20 4197 1
899 101 337 20 4197 1
900 73 304 21 7302 1
901 79 324 10 1700 1
902 79 323 17 3936 1
903 59 333 16 7967 1
904 56 334 17 7890 1
905 111 334 17 7890 1
906 58 333 53 13444 1
907 78 338 24 6911 1
908 15 324 21 3737 1
909 79 316 47 8678 1
910 15 323 18 5650 1
911 37 305 50 20410 1
912 58 305 8 2442 1
913 15 323 19 3538 1
914 58 333 25 10400 1
915 57 304 15 2627 1
916 117 349 32 12036 1
917 79 316 19 8087 1
918 82 331 20 5186 1
919 50 333 27 6632 1
920 99 333 27 6632 1
921 92 335 22 4724 1
922 78 334 18 6207 1
923 57 333 23 5899 1
924 50 318 22 8374 1
925 99 318 22 8374 1
926 79 338 20 4911 1
927 51 304 22 6930 1
928 101 304 22 6930 1
929 51 366 15 6128 1
930 101 366 15 6128 1
931 15 366 30 9413 1
932 29 366 30 9413 1
933 73 324 8 3339 1
934 121 337 37 16086 1
935 51 333 25 10880 1
936 108 303 17 4653 1
937 50 336 17 8521 1
938 78 318 30 7236 1
939 76 331 13 3480 1
940 78 366 19 9515 1
941 78 349 20 7072 1
942 106 336 23 9426 1
943 36 366 19 9968 1
944 15 304 16 6075 1
945 57 333 35 13009 1
946 74 349 15 7650 1
947 51 303 19 7860 1
948 73 337 17 5905 1
949 13 333 28 10565 1
950 72 303 16 3695 1
951 13 316 15 6229 1
952 50 305 16 4922 1
953 99 305 16 4922 1
954 79 363 38 11409 1
955 74 368 37 19357 1
956 78 303 38 16586 1
957 78 304 19 6079 1
958 52 366 19 5563 1
959 78 316 13 5739 1
960 78 323 11 4905 1
961 37 368 56 25235 1
962 57 336 13 5062 1
963 14 365 11 2387 1
964 93 304 19 5270 1
965 89 337 21 6908 1
966 56 323 9 2333 1
967 79 338 38 16425 1
968 157 338 38 16425 1
969 75 305 29 9181 1
970 171 303 8 1886 1
971 15 304 23 4927 1
972 29 304 23 4927 1
973 36 318 14 3933 1
974 58 366 48 9987 1
975 57 364 26 11357 1
976 113 364 26 11357 1
977 62 333 15 6284 1
978 79 366 52 16618 1
979 157 366 52 16618 1
980 57 337 37 16049 1
981 75 304 18 5666 1
982 72 323 13 2217 1
983 79 333 25 10384 1
984 157 333 25 10384 1
985 118 368 21 9586 1
986 78 366 31 12122 1
987 37 364 15 4783 1
988 14 316 25 5020 1
989 58 304 23 9968 1
990 142 395 24 5291 1
991 283 395 24 5291 1
992 89 397 23 9665 1
993 83 397 73 30560 1
994 12 398 51 22896 1
995 87 398 32 15175 1
996 173 398 32 15175 1
997 259 398 32 15175 1
998 156 395 33 15624 1
999 79 397 48 19340 1
1000 157 397 48 19340 1
1001 91 396 45 17841 1
1002 78 395 21 6872 1
1003 79 396 22 6644 1
1004 74 397 16 5197 1
1005 146 395 81 16253 1
1006 87 399 30 17900 1
1007 91 398 20 10450 1
1008 80 398 30 17845 1
1009 71 399 19 10306 1
1010 141 399 19 10306 1
1011 153 399 34 10152 1
1012 80 399 32 11500 1
1013 73 395 44 20794 1
1014 181 398 32 8310 1
1015 90 397 18 10709 1
1016 79 395 30 6974 1
1017 77 397 30 10328 1
1018 90 395 28 8866 1
1019 80 396 15 4834 1
1020 159 396 15 4834 1
1021 238 396 15 4834 1
1022 108 399 26 9255 1
1023 79 396 66 16916 1
1024 86 396 43 14354 1
1025 77 398 42 24239 1
1026 153 398 42 24239 1
1027 76 398 31 11903 1
1028 151 398 31 11903 1
1029 79 396 43 16113 1
1030 108 397 31 7925 1
1031 89 395 29 15928 1
1032 177 395 29 15928 1
1033 79 398 21 10186 1
1034 85 395 29 12043 1
1035 149 398 45 22825 1
1036 73 397 21 10321 1
14
503 620 807 620 700 205 255 700 700 700 700 700 200 460 