1036
1 8 140 6 453 1
2 15 140 6 453 1
3 9 118 8 513 1
4 8 129 7 958 1
5 1 132 19 2755 1
6 3 125 12 1790 1
7 2 140 24 4489 1
8 8 118 11 1853 1
9 23 133 24 1782 1
10 45 133 24 1782 1
11 5 132 14 2154 1
12 2 134 5 727 1
13 25 132 39 6283 1
14 13 140 16 2654 1
15 17 118 5 698 1
16 2 137 17 3420 1
17 16 137 15 2678 1
18 31 137 15 2678 1
19 46 137 15 2678 1
20 61 137 15 2678 1
21 11 132 19 3084 1
22 34 140 5 574 1
23 8 138 16 1524 1
24 2 140 10 927 1
25 2 118 11 1806 1
26 16 129 21 3445 1
27 9 132 18 2843 1
28 24 129 28 4643 1
29 47 129 28 4643 1
30 2 125 8 1024 1
31 3 138 52 7348 1
32 30 140 10 1990 1
33 33 118 6 599 1
34 65 118 6 599 1
35 25 134 16 3124 1
36 49 134 16 3124 1
37 8 125 20 2652 1
38 15 125 20 2652 1
39 3 129 7 1314 1
40 8 129 12 1537 1
41 35 134 13 1400 1
42 69 134 13 1400 1
43 103 134 13 1400 1
44 27 125 11 2056 1
45 53 125 11 2056 1
46 3 138 12 1850 1
47 14 134 3 332 1
48 27 134 3 332 1
49 21 129 9 1032 1
50 41 129 9 1032 1
51 25 140 12 1543 1
52 49 140 12 1543 1
53 25 133 54 4051 1
54 21 140 6 797 1
55 41 140 6 797 1
56 9 118 10 684 1
57 8 134 31 4597 1
58 24 129 9 589 1
59 47 129 9 589 1
60 13 118 6 637 1
61 20 134 4 669 1
62 39 134 4 669 1
63 58 134 4 669 1
64 3 125 10 1767 1
65 20 125 11 938 1
66 39 125 11 938 1
67 58 125 11 938 1
68 2 129 26 3399 1
69 2 133 23 3334 1
70 3 133 23 3334 1
71 4 133 23 3334 1
72 7 137 20 2013 1
73 9 132 11 1226 1
74 2 133 6 951 1
75 10 132 2 348 1
76 9 137 22 4195 1
77 41 137 6 419 1
78 8 118 13 1043 1
79 15 118 13 1043 1
80 22 118 13 1043 1
81 8 125 7 778 1
82 21 118 11 1341 1
83 41 118 11 1341 1
84 8 118 4 609 1
85 21 133 4 401 1
86 18 132 7 685 1
87 20 133 24 1602 1
88 39 133 24 1602 1
89 42 140 8 714 1
90 83 140 8 714 1
91 23 138 14 2346 1
92 45 138 14 2346 1
93 67 138 14 2346 1
94 89 138 14 2346 1
95 13 129 15 1589 1
96 7 129 5 881 1
97 13 129 5 881 1
98 19 129 5 881 1
99 39 129 10 1866 1
100 7 140 5 472 1
101 9 137 9 1564 1
102 20 161 16 2160 1
103 73 171 17 1801 1
104 145 171 17 1801 1
105 6 210 11 1488 1
106 11 210 11 1488 1
107 16 210 11 1488 1
108 8 190 15 3772 1
109 44 208 18 2020 1
110 87 208 18 2020 1
111 16 194 45 4400 1
112 31 194 45 4400 1
113 39 190 13 2355 1
114 5 187 17 4066 1
115 6 167 13 3136 1
116 22 199 20 4050 1
117 43 197 18 4436 1
118 6 203 42 12501 1
119 11 203 42 12501 1
120 21 210 11 2268 1
121 61 184 42 9436 1
122 44 197 41 11434 1
123 87 197 41 11434 1
124 130 197 41 11434 1
125 44 188 17 2447 1
126 60 149 9 2009 1
127 119 149 9 2009 1
128 178 149 9 2009 1
129 44 210 14 2302 1
130 45 149 6 563 1
131 89 149 6 563 1
132 133 149 6 563 1
133 43 149 14 2846 1
134 43 202 23 6206 1
135 85 202 23 6206 1
136 14 171 29 4525 1
137 45 187 22 4013 1
138 43 181 16 3805 1
139 85 181 16 3805 1
140 127 181 16 3805 1
141 44 210 12 2286 1
142 43 188 19 4644 1
143 85 188 19 4644 1
144 127 188 19 4644 1
145 169 188 19 4644 1
146 211 188 19 4644 1
147 30 181 25 5568 1
148 43 207 12 2698 1
149 43 202 12 3537 1
150 13 210 27 3862 1
151 20 188 18 3875 1
152 44 203 22 6625 1
153 87 203 22 6625 1
154 130 203 22 6625 1
155 173 203 22 6625 1
156 216 203 22 6625 1
157 259 203 22 6625 1
158 302 203 22 6625 1
159 345 203 22 6625 1
160 47 210 9 2570 1
161 31 210 13 2991 1
162 40 204 13 2371 1
163 43 190 16 1979 1
164 8 151 9 1040 1
165 15 151 9 1040 1
166 48 197 21 2795 1
167 44 197 24 5992 1
168 16 178 24 5108 1
169 44 195 19 2921 1
170 87 195 19 2921 1
171 130 195 19 2921 1
172 44 210 19 3891 1
173 51 161 11 1593 1
174 44 194 6 896 1
175 42 208 29 8663 1
176 83 208 29 8663 1
177 44 149 8 1305 1
178 48 151 15 1819 1
179 43 187 8 2199 1
180 85 187 8 2199 1
181 44 205 7 1149 1
182 13 197 14 3994 1
183 15 184 19 5108 1
184 44 149 25 3683 1
185 87 149 25 3683 1
186 21 210 12 2849 1
187 24 202 26 5096 1
188 43 184 25 2787 1
189 19 170 9 966 1
190 5 151 8 922 1
191 44 199 18 2518 1
192 8 190 11 1356 1
193 152 171 28 6709 1
194 6 210 11 1335 1
195 7 197 35 5913 1
196 45 195 21 5613 1
197 43 171 15 2148 1
198 7 205 14 3284 1
199 21 167 16 1650 1
200 63 171 26 2349 1
201 125 171 26 2349 1
202 44 204 20 3398 1
203 87 204 20 3398 1
204 130 204 20 3398 1
205 173 204 20 3398 1
206 216 204 20 3398 1
207 30 177 7 1290 1
208 59 177 7 1290 1
209 88 177 7 1290 1
210 117 177 7 1290 1
211 139 210 31 5701 1
212 43 194 11 1203 1
213 44 203 13 2075 1
214 87 203 13 2075 1
215 43 188 9 2189 1
216 85 188 9 2189 1
217 45 181 19 4108 1
218 89 181 19 4108 1
219 44 149 7 730 1
220 87 149 7 730 1
221 130 149 7 730 1
222 173 149 7 730 1
223 216 149 7 730 1
224 259 149 7 730 1
225 302 149 7 730 1
226 21 149 14 1181 1
227 21 197 13 2125 1
228 21 190 13 3084 1
229 6 161 15 2970 1
230 11 161 15 2970 1
231 14 167 40 6870 1
232 43 207 22 6471 1
233 42 197 17 1768 1
234 83 197 17 1768 1
235 124 197 17 1768 1
236 22 188 13 2434 1
237 247 207 27 6131 1
238 19 205 24 4231 1
239 17 149 33 6631 1
240 30 195 6 1548 1
241 19 171 7 1585 1
242 37 171 7 1585 1
243 43 177 13 1209 1
244 85 177 13 1209 1
245 127 177 13 1209 1
246 43 210 18 4249 1
247 85 210 18 4249 1
248 16 167 7 1352 1
249 44 208 5 1421 1
250 43 190 25 6574 1
251 5 203 20 5063 1
252 16 204 26 7059 1
253 44 210 47 5562 1
254 44 195 7 1462 1
255 14 188 53 6918 1
256 40 243 44 12977 1
257 57 220 16 2983 1
258 85 242 32 7815 1
259 29 221 11 1738 1
260 93 239 17 4279 1
261 29 222 10 1275 1
262 58 228 23 7673 1
263 48 221 15 2602 1
264 14 244 14 3708 1
265 58 245 10 3598 1
266 28 212 15 1700 1
267 55 212 15 1700 1
268 38 244 15 3967 1
269 36 221 13 2364 1
270 58 244 10 2150 1
271 67 230 16 3809 1
272 55 222 26 8566 1
273 109 222 26 8566 1
274 56 239 20 4196 1
275 10 222 27 5457 1
276 44 230 33 11066 1
277 45 237 19 2991 1
278 134 220 12 3293 1
279 83 230 14 4753 1
280 71 222 25 4917 1
281 57 221 13 3523 1
282 28 212 23 5070 1
283 31 242 24 4645 1
284 20 243 30 4530 1
285 41 237 14 3466 1
286 81 237 14 3466 1
287 43 222 32 5407 1
288 43 228 13 2598 1
289 27 222 19 3086 1
290 57 216 9 1745 1
291 61 243 18 2903 1
292 121 243 18 2903 1
293 29 242 36 8581 1
294 51 221 26 5746 1
295 101 221 26 5746 1
296 141 244 10 2344 1
297 58 237 13 3404 1
298 49 221 16 4468 1
299 47 212 14 4084 1
300 93 212 14 4084 1
301 30 245 12 3742 1
302 111 244 12 1880 1
303 45 216 31 8761 1
304 57 237 26 3847 1
305 113 237 26 3847 1
306 56 220 18 3788 1
307 111 220 18 3788 1
308 55 216 12 2154 1
309 56 220 41 12503 1
310 119 221 20 4128 1
311 37 225 21 3392 1
312 43 239 32 7315 1
313 85 239 32 7315 1
314 45 239 18 6023 1
315 29 239 45 12204 1
316 57 239 45 12204 1
317 85 239 45 12204 1
318 29 237 24 3018 1
319 117 242 19 3241 1
320 29 244 29 6479 1
321 57 228 16 2856 1
322 36 228 11 1949 1
323 44 237 29 6227 1
324 92 245 21 3206 1
325 29 230 7 1170 1
326 43 222 9 2111 1
327 44 216 19 6085 1
328 56 228 19 5196 1
329 58 230 25 5564 1
330 47 230 21 2933 1
331 36 220 11 2046 1
332 94 239 19 3471 1
333 106 239 37 9220 1
334 211 239 37 9220 1
335 31 230 14 4493 1
336 32 225 8 1551 1
337 97 216 18 3207 1
338 9 230 30 8633 1
339 43 239 19 4365 1
340 85 239 19 4365 1
341 28 228 15 3991 1
342 60 228 12 2385 1
343 57 216 11 2421 1
344 113 216 11 2421 1
345 55 228 14 4246 1
346 108 212 20 2168 1
347 44 237 10 3032 1
348 24 220 13 2971 1
349 59 220 20 5664 1
350 97 245 16 3052 1
351 193 245 16 3052 1
352 55 225 19 4847 1
353 51 212 18 3156 1
354 29 244 12 1811 1
355 57 244 12 1811 1
356 56 242 23 5517 1
357 31 237 6 1061 1
358 61 237 6 1061 1
359 43 222 23 4042 1
360 44 212 7 800 1
361 13 220 17 2088 1
362 25 220 17 2088 1
363 32 237 22 5875 1
364 29 237 19 3284 1
365 111 230 5 1627 1
366 31 244 9 2115 1
367 16 220 10 1326 1
368 30 237 13 1816 1
369 59 237 13 1816 1
370 45 220 15 1819 1
371 89 220 15 1819 1
372 37 212 26 7417 1
373 45 216 34 6612 1
374 53 212 10 3028 1
375 89 244 24 5024 1
376 43 221 24 6213 1
377 69 230 17 5812 1
378 44 225 13 2627 1
379 31 243 28 7897 1
380 61 243 28 7897 1
381 91 243 28 7897 1
382 54 216 12 1614 1
383 107 216 12 1614 1
384 40 245 9 1268 1
385 57 230 9 2547 1
386 60 222 10 2651 1
387 4 245 15 2269 1
388 31 216 15 1843 1
389 61 216 15 1843 1
390 91 216 15 1843 1
391 56 222 14 4592 1
392 47 244 30 7155 1
393 42 216 7 1119 1
394 83 216 7 1119 1
395 124 216 7 1119 1
396 29 228 13 2436 1
397 47 243 8 2384 1
398 52 230 26 6525 1
399 28 243 33 9909 1
400 42 230 19 2561 1
401 62 225 27 7498 1
402 64 221 20 4359 1
403 127 221 20 4359 1
404 44 245 33 11889 1
405 59 237 11 2422 1
406 9 230 36 10911 1
407 44 260 11 4155 1
408 24 277 32 4489 1
409 101 255 20 5311 1
410 31 262 36 5627 1
411 29 270 20 3876 1
412 57 270 20 3876 1
413 44 265 15 5938 1
414 37 261 6 1616 1
415 58 270 9 2520 1
416 44 262 14 5471 1
417 92 260 26 6636 1
418 45 258 19 7035 1
419 79 261 29 6674 1
420 36 255 25 8164 1
421 36 259 17 2575 1
422 63 277 28 6285 1
423 30 268 28 5717 1
424 31 264 17 3998 1
425 93 257 16 4173 1
426 29 267 4 1298 1
427 50 262 20 3795 1
428 99 262 20 3795 1
429 43 267 13 2284 1
430 29 257 17 6103 1
431 37 268 26 4360 1
432 73 268 26 4360 1
433 37 274 20 6046 1
434 43 273 10 3392 1
435 107 268 16 2951 1
436 16 275 9 3530 1
437 37 275 17 6639 1
438 29 259 9 2225 1
439 49 262 11 2587 1
440 29 273 15 3833 1
441 45 255 18 5188 1
442 36 276 21 6329 1
443 15 276 20 3278 1
444 30 277 14 2364 1
445 29 255 16 4559 1
446 12 277 22 8052 1
447 49 268 20 2684 1
448 51 275 14 2176 1
449 101 275 14 2176 1
450 30 275 18 5878 1
451 29 258 20 2649 1
452 15 270 21 6176 1
453 42 274 24 3308 1
454 36 264 15 2491 1
455 90 274 11 3676 1
456 30 261 22 6353 1
457 59 261 22 6353 1
458 40 277 24 4521 1
459 79 277 24 4521 1
460 102 275 18 3932 1
461 30 270 11 4367 1
462 36 260 14 4753 1
463 36 268 18 6534 1
464 31 259 17 4630 1
465 35 260 19 3841 1
466 69 260 19 3841 1
467 29 276 17 3371 1
468 45 273 21 5809 1
469 16 267 21 4516 1
470 43 270 17 6608 1
471 58 262 15 4221 1
472 44 258 30 5190 1
473 29 277 17 5900 1
474 30 261 28 8216 1
475 36 270 26 3875 1
476 108 267 20 7395 1
477 57 259 15 3189 1
478 44 276 33 7079 1
479 29 260 14 2534 1
480 57 260 14 2534 1
481 47 275 16 3169 1
482 93 275 16 3169 1
483 139 275 16 3169 1
484 58 273 20 7881 1
485 31 261 28 10183 1
486 61 261 28 10183 1
487 91 261 28 10183 1
488 36 261 10 3246 1
489 36 276 35 13646 1
490 14 262 16 2624 1
491 36 258 15 3251 1
492 71 258 15 3251 1
493 50 246 18 4755 1
494 30 246 14 4000 1
495 86 276 11 4026 1
496 51 270 14 4091 1
497 92 273 18 5530 1
498 58 264 16 4749 1
499 34 273 19 6341 1
500 31 275 29 3992 1
501 90 264 24 6803 1
502 36 255 6 1318 1
503 30 273 16 4363 1
504 58 274 17 6094 1
505 43 265 17 3895 1
506 85 265 17 3895 1
507 37 275 9 1408 1
508 30 260 23 4087 1
509 37 246 22 4163 1
510 102 258 28 4848 1
511 72 258 3 488 1
512 22 273 13 4949 1
513 41 246 13 3514 1
514 29 265 9 2662 1
515 29 265 8 2717 1
516 37 270 22 5750 1
517 104 274 14 3903 1
518 96 270 15 5657 1
519 182 268 19 2588 1
520 29 258 30 10029 1
521 107 267 9 3215 1
522 27 268 17 2629 1
523 39 270 14 2954 1
524 51 265 15 5448 1
525 28 273 15 4765 1
526 22 246 13 2291 1
527 43 258 10 3614 1
528 21 276 27 3842 1
529 30 262 21 3039 1
530 30 273 20 7237 1
531 37 274 13 4745 1
532 13 258 16 5096 1
533 52 273 18 5266 1
534 29 273 22 4838 1
535 19 265 13 3816 1
536 107 257 19 5221 1
537 23 274 13 2129 1
538 45 274 13 2129 1
539 30 265 21 6279 1
540 37 259 24 4023 1
541 73 259 24 4023 1
542 109 259 24 4023 1
543 54 257 14 4790 1
544 31 267 12 4703 1
545 37 259 9 1745 1
546 73 259 9 1745 1
547 41 276 13 2397 1
548 30 258 9 2546 1
549 36 261 26 3598 1
550 43 268 25 3764 1
551 43 261 12 3600 1
552 29 259 18 4477 1
553 57 259 18 4477 1
554 43 270 27 8149 1
555 92 274 5 1211 1
556 43 258 19 6694 1
557 85 258 19 6694 1
558 31 270 22 5847 1
559 44 273 18 3791 1
560 111 275 30 7729 1
561 15 275 20 7516 1
562 40 259 6 1689 1
563 79 259 6 1689 1
564 50 276 18 6442 1
565 59 273 17 4452 1
566 29 246 15 3528 1
567 30 265 24 4033 1
568 92 257 16 5560 1
569 46 258 23 4649 1
570 31 265 16 4330 1
571 31 275 21 7027 1
572 30 268 31 11724 1
573 96 277 14 4515 1
574 50 275 19 7732 1
575 49 257 23 5116 1
576 97 257 23 5116 1
577 22 258 17 5223 1
578 208 270 33 9984 1
579 36 268 11 2456 1
580 16 267 21 4478 1
581 44 276 21 3363 1
582 92 276 18 5474 1
583 50 276 13 3977 1
584 50 255 29 11013 1
585 58 276 2 399 1
586 38 246 15 5236 1
587 93 262 21 4012 1
588 32 270 12 4339 1
589 54 278 6 1259 1
590 29 281 24 6458 1
591 58 293 17 2951 1
592 115 293 17 2951 1
593 172 293 17 2951 1
594 229 293 17 2951 1
595 30 299 21 5696 1
596 58 294 28 11233 1
597 115 294 28 11233 1
598 39 293 15 3776 1
599 37 292 22 5432 1
600 62 282 20 5798 1
601 56 286 22 4537 1
602 29 293 9 3211 1
603 28 278 23 4810 1
604 55 278 23 4810 1
605 29 300 10 1954 1
606 93 284 7 1470 1
607 57 293 14 5228 1
608 42 291 10 1795 1
609 33 286 12 4818 1
610 30 279 21 8582 1
611 43 293 9 3408 1
612 106 278 29 4363 1
613 43 286 13 4176 1
614 57 282 18 3299 1
615 113 282 18 3299 1
616 56 294 18 7082 1
617 59 278 13 4111 1
618 56 300 34 13995 1
619 111 300 34 13995 1
620 166 300 34 13995 1
621 221 300 34 13995 1
622 276 300 34 13995 1
623 43 278 16 6346 1
624 13 294 18 4139 1
625 29 279 9 2382 1
626 57 286 23 8393 1
627 12 294 25 7610 1
628 30 293 29 12474 1
629 29 292 6 2393 1
630 18 282 23 6494 1
631 92 279 11 2828 1
632 82 281 26 9754 1
633 31 294 17 5735 1
634 56 299 17 7549 1
635 58 294 14 4835 1
636 115 294 14 4835 1
637 56 293 14 5564 1
638 111 293 14 5564 1
639 166 293 14 5564 1
640 141 281 13 4887 1
641 30 291 20 3715 1
642 57 293 19 3971 1
643 57 279 17 2674 1
644 29 299 13 5768 1
645 57 299 13 5768 1
646 65 291 10 3914 1
647 57 286 23 7057 1
648 58 284 20 7510 1
649 59 286 19 5162 1
650 27 293 22 6334 1
651 28 299 7 2173 1
652 55 299 7 2173 1
653 82 299 7 2173 1
654 109 299 7 2173 1
655 46 284 16 5596 1
656 32 282 13 3047 1
657 30 284 15 6177 1
658 28 278 18 6442 1
659 58 291 8 1832 1
660 1 292 17 5173 1
661 59 292 6 2160 1
662 117 292 6 2160 1
663 62 285 23 5046 1
664 58 285 7 2195 1
665 115 285 7 2195 1
666 31 278 41 13160 1
667 32 278 24 4389 1
668 83 294 19 5412 1
669 58 299 19 4740 1
670 130 300 18 5906 1
671 178 291 15 4657 1
672 43 292 26 9822 1
673 27 299 16 4619 1
674 57 278 13 3908 1
675 43 278 16 6360 1
676 57 282 23 7564 1
677 27 286 17 4128 1
678 28 279 22 9114 1
679 30 281 32 6448 1
680 29 285 8 3233 1
681 9 279 16 3627 1
682 36 278 25 9971 1
683 43 292 24 4102 1
684 107 299 8 3460 1
685 56 278 19 5815 1
686 56 286 24 4336 1
687 29 286 6 1311 1
688 57 286 6 1311 1
689 142 284 8 1800 1
690 62 300 11 2419 1
691 123 300 11 2419 1
692 29 282 19 6031 1
693 57 282 19 6031 1
694 57 284 10 2809 1
695 44 300 14 2404 1
696 57 284 11 2663 1
697 103 281 11 2640 1
698 65 286 22 5573 1
699 43 281 31 10146 1
700 51 286 13 1880 1
701 92 293 15 5199 1
702 5 279 15 3685 1
703 82 292 38 6089 1
704 56 281 21 3149 1
705 28 291 22 9020 1
706 31 299 13 3940 1
707 59 286 10 2635 1
708 35 278 20 3293 1
709 14 284 14 2960 1
710 35 286 16 3718 1
711 44 281 14 3255 1
712 87 281 14 3255 1
713 37 284 17 3018 1
714 93 281 15 3403 1
715 30 281 20 4590 1
716 43 300 23 10233 1
717 60 285 12 4016 1
718 145 299 11 2573 1
719 57 293 10 1667 1
720 58 294 11 3163 1
721 115 294 11 3163 1
722 29 278 17 5603 1
723 57 285 20 3989 1
724 56 279 23 8989 1
725 56 285 12 3849 1
726 43 299 13 5670 1
727 58 282 18 4505 1
728 56 284 16 6762 1
729 74 292 16 5976 1
730 50 299 21 7814 1
731 36 291 12 3038 1
732 43 291 34 6629 1
733 167 281 16 5724 1
734 57 286 12 3158 1
735 57 293 16 3673 1
736 113 293 16 3673 1
737 56 282 20 3298 1
738 58 282 8 3208 1
739 30 278 7 2885 1
740 58 294 4 855 1
741 115 294 4 855 1
742 28 284 10 2368 1
743 163 300 11 2654 1
744 58 292 19 5863 1
745 37 293 25 10624 1
746 29 285 7 2610 1
747 37 284 10 3014 1
748 58 294 28 7252 1
749 115 294 28 7252 1
750 13 364 24 4971 1
751 50 334 25 12009 1
752 79 365 15 7318 1
753 78 363 22 4865 1
754 79 364 26 10294 1
755 157 364 26 10294 1
756 58 331 22 9704 1
757 50 335 16 6474 1
758 13 304 27 9391 1
759 68 334 18 5017 1
760 97 316 24 6631 1
761 193 316 24 6631 1
762 15 304 16 5542 1
763 78 305 15 4649 1
764 155 305 15 4649 1
765 232 305 15 4649 1
766 14 332 22 7896 1
767 27 332 22 7896 1
768 125 365 18 4814 1
769 110 331 16 5860 1
770 76 334 29 11982 1
771 151 334 29 11982 1
772 74 366 23 5903 1
773 23 368 23 10690 1
774 50 335 20 4076 1
775 99 335 20 4076 1
776 148 335 20 4076 1
777 82 316 19 4277 1
778 163 316 19 4277 1
779 13 323 91 22829 1
780 58 337 19 6199 1
781 116 336 14 4601 1
782 36 338 38 12148 1
783 51 337 23 10189 1
784 83 338 11 4499 1
785 165 338 11 4499 1
786 247 338 11 4499 1
787 89 336 18 3047 1
788 57 338 22 3720 1
789 56 305 13 2749 1
790 76 323 26 10597 1
791 58 363 15 4443 1
792 79 366 16 7759 1
793 157 366 16 7759 1
794 57 365 35 10955 1
795 108 316 12 4748 1
796 78 323 49 16967 1
797 35 363 32 9768 1
798 14 363 19 3527 1
799 14 363 27 10115 1
800 73 323 13 2940 1
801 50 331 28 12874 1
802 198 333 17 5906 1
803 79 365 37 9383 1
804 62 323 26 5953 1
805 79 349 16 5750 1
806 157 349 16 5750 1
807 12 364 20 7370 1
808 14 304 22 8435 1
809 85 331 11 4080 1
810 169 331 11 4080 1
811 57 323 25 6079 1
812 63 316 19 5829 1
813 57 333 28 6842 1
814 113 333 28 6842 1
815 57 303 24 10316 1
816 106 303 48 14573 1
817 79 303 17 4922 1
818 71 304 22 4251 1
819 57 365 12 4009 1
820 113 365 12 4009 1
821 37 334 22 4197 1
822 12 323 38 17651 1
823 15 304 30 6847 1
824 58 366 55 21623 1
825 36 304 21 5791 1
826 71 304 21 5791 1
827 77 318 19 7055 1
828 36 363 57 16725 1
829 78 331 17 4484 1
830 155 331 17 4484 1
831 13 334 24 4479 1
832 57 305 12 4666 1
833 79 323 24 9633 1
834 56 334 9 2549 1
835 78 304 17 2847 1
836 120 364 14 3402 1
837 118 364 15 7663 1
838 235 364 15 7663 1
839 73 334 20 3858 1
840 23 324 28 10597 1
841 15 333 13 6412 1
842 29 333 13 6412 1
843 15 366 54 22484 1
844 88 349 22 11356 1
845 117 318 29 8536 1
846 93 337 28 10476 1
847 14 349 14 5797 1
848 58 333 14 2925 1
849 57 364 23 12113 1
850 15 334 29 6561 1
851 71 323 29 12020 1
852 79 364 20 4694 1
853 43 349 24 11704 1
854 74 364 8 3780 1
855 14 324 33 9346 1
856 78 366 22 5173 1
857 12 338 17 7933 1
858 23 338 17 7933 1
859 57 334 47 16449 1
860 78 324 38 18354 1
861 155 324 38 18354 1
862 36 337 19 4254 1
863 79 368 20 10562 1
864 157 368 20 10562 1
865 15 338 68 30229 1
866 72 365 13 3256 1
867 109 366 35 11375 1
868 84 368 19 5816 1
869 14 335 24 6246 1
870 51 331 19 9385 1
871 58 334 13 5105 1
872 79 335 14 6047 1
873 58 323 30 13042 1
874 115 323 30 13042 1
875 16 334 17 4809 1
876 87 338 29 6026 1
877 78 368 28 9124 1
878 50 332 70 24657 1
879 50 304 24 4186 1
880 116 334 22 7597 1
881 50 336 8 1801 1
882 51 332 27 10385 1
883 57 338 14 6403 1
884 78 336 34 12521 1
885 14 333 16 7489 1
886 38 318 37 16309 1
887 53 334 10 3022 1
888 57 366 28 6418 1
889 57 318 30 13018 1
890 113 318 30 13018 1
891 111 333 17 4893 1
892 221 333 17 4893 1
893 127 324 27 8797 1
894 26 304 29 12162 1
895 63 336 32 8356 1
896 80 364 22 5188 1
897 58 338 44 9045 1
898 16 304 15 6801 1
899 58 366 21 9493 1
900 74 365 15 5192 1
901 57 318 15 5745 1
902 24 305 17 3689 1
903 57 316 16 7435 1
904 50 335 15 5436 1
905 35 333 30 6368 1
906 87 335 26 12495 1
907 79 331 17 4082 1
908 15 368 27 8041 1
909 57 316 16 6666 1
910 113 316 16 6666 1
911 111 323 10 2444 1
912 51 331 25 9723 1
913 109 364 25 11803 1
914 112 337 36 6390 1
915 91 324 16 6224 1
916 15 338 7 2618 1
917 73 324 22 10359 1
918 71 304 13 2475 1
919 17 332 10 2926 1
920 33 332 10 2926 1
921 58 333 41 14677 1
922 115 333 41 14677 1
923 172 333 41 14677 1
924 229 333 41 14677 1
925 78 338 16 7086 1
926 58 331 18 5018 1
927 50 304 23 3677 1
928 36 303 40 13474 1
929 71 303 40 13474 1
930 78 335 19 7789 1
931 58 365 24 7760 1
932 50 335 18 6551 1
933 57 335 40 13088 1
934 113 335 40 13088 1
935 37 335 10 2316 1
936 57 333 25 12354 1
937 113 333 25 12354 1
938 115 366 21 8148 1
939 73 337 26 9602 1
940 104 364 33 11026 1
941 87 318 59 25089 1
942 115 303 13 2889 1
943 126 323 11 2616 1
944 50 368 27 10234 1
945 51 305 38 15127 1
946 51 338 23 11030 1
947 78 368 30 14146 1
948 72 366 20 10267 1
949 51 305 13 3565 1
950 78 364 18 3780 1
951 36 368 11 5350 1
952 15 305 14 4089 1
953 78 368 10 3288 1
954 57 323 20 8497 1
955 79 334 11 3454 1
956 78 368 27 8304 1
957 155 368 27 8304 1
958 232 368 27 8304 1
959 37 332 25 7668 1
960 78 363 28 11038 1
961 56 331 32 14939 1
962 13 303 65 16746 1
963 73 349 29 14705 1
964 56 366 12 4681 1
965 78 363 30 7588 1
966 79 332 13 4268 1
967 157 332 13 4268 1
968 15 363 23 10556 1
969 29 363 23 10556 1
970 58 332 20 6404 1
971 115 332 20 6404 1
972 79 335 22 4349 1
973 157 335 22 4349 1
974 79 323 18 7151 1
975 36 333 23 8593 1
976 51 349 15 7181 1
977 101 349 15 7181 1
978 58 363 19 7141 1
979 79 305 18 4218 1
980 35 368 20 7407 1
981 77 316 16 5540 1
982 57 334 21 9664 1
983 79 349 19 3974 1
984 117 332 25 4398 1
985 58 316 13 3570 1
986 111 304 15 3476 1
987 57 336 25 10412 1
988 113 336 25 10412 1
989 57 323 20 9690 1
990 79 397 33 17582 1
991 87 395 23 5261 1
992 173 395 23 5261 1
993 259 395 23 5261 1
994 86 398 28 9868 1
995 79 395 25 13814 1
996 77 395 27 6612 1
997 79 397 36 7148 1
998 163 397 26 8407 1
999 72 398 37 19416 1
1000 111 396 34 9122 1
1001 76 398 22 10345 1
1002 79 397 30 8513 1
1003 92 399 32 14795 1
1004 77 398 48 22132 1
1005 153 398 48 22132 1
1006 87 397 26 8800 1
1007 173 397 26 8800 1
1008 259 397 26 8800 1
1009 91 396 20 5002 1
1010 88 395 34 11469 1
1011 175 395 34 11469 1
1012 78 399 35 19942 1
1013 155 399 35 19942 1
1014 79 395 23 12639 1
1015 157 395 23 12639 1
1016 112 397 35 20290 1
1017 86 397 37 8027 1
1018 171 397 37 8027 1
1019 115 396 30 7231 1
1020 78 395 32 12703 1
1021 87 398 39 10722 1
1022 91 396 30 12448 1
1023 80 395 35 13062 1
1024 159 395 35 13062 1
1025 79 395 37 17002 1
1026 77 395 40 19299 1
1027 75 397 34 15944 1
1028 88 395 40 11641 1
1029 175 395 40 11641 1
1030 78 397 45 9758 1
1031 179 396 34 18701 1
1032 78 397 38 15261 1
1033 90 399 33 8968 1
1034 77 395 40 8525 1
1035 175 395 32 9349 1
1036 72 395 36 7751 1
14
503 620 807 620 700 205 255 700 700 700 700 700 200 460 