1036
1 16 133 8 1023 1
2 1 133 28 4497 1
3 9 132 7 950 1
4 43 138 22 2179 1
5 8 138 21 2638 1
6 9 140 8 903 1
7 17 140 8 903 1
8 19 140 9 1069 1
9 37 140 9 1069 1
10 4 118 25 4107 1
11 8 133 11 1501 1
12 15 133 11 1501 1
13 8 134 86 6554 1
14 15 134 86 6554 1
15 22 134 86 6554 1
16 9 138 8 1461 1
17 12 134 6 712 1
18 24 140 18 2167 1
19 47 140 18 2167 1
20 70 140 18 2167 1
21 93 140 18 2167 1
22 9 133 9 676 1
23 15 134 22 3667 1
24 8 134 16 2473 1
25 15 134 16 2473 1
26 17 138 19 3354 1
27 33 138 19 3354 1
28 49 138 19 3354 1
29 11 134 24 4652 1
30 21 134 24 4652 1
31 9 134 10 1608 1
32 20 125 8 779 1
33 20 129 27 3746 1
34 7 133 35 5182 1
35 13 133 35 5182 1
36 19 133 35 5182 1
37 8 137 32 3969 1
38 15 137 32 3969 1
39 2 132 18 3278 1
40 3 129 92 11700 1
41 5 129 92 11700 1
42 31 138 14 2253 1
43 12 140 7 1310 1
44 8 137 10 943 1
45 15 137 10 943 1
46 18 125 8 1284 1
47 3 132 5 508 1
48 9 125 4 374 1
49 15 132 12 1665 1
50 8 125 9 1433 1
51 2 133 6 507 1
52 8 132 10 866 1
53 9 140 17 2688 1
54 17 140 17 2688 1
55 30 138 19 2529 1
56 59 138 19 2529 1
57 9 125 9 1469 1
58 2 129 18 1188 1
59 9 132 9 1613 1
60 17 132 9 1613 1
61 25 132 9 1613 1
62 33 132 9 1613 1
63 41 132 9 1613 1
64 8 133 18 1264 1
65 15 133 18 1264 1
66 22 133 18 1264 1
67 23 129 14 2431 1
68 9 137 4 335 1
69 16 134 14 1872 1
70 31 134 14 1872 1
71 8 138 8 831 1
72 15 138 8 831 1
73 22 138 8 831 1
74 24 134 22 1611 1
75 7 133 14 1176 1
76 2 125 21 1773 1
77 2 118 16 2159 1
78 3 118 16 2159 1
79 17 140 24 4970 1
80 33 140 24 4970 1
81 49 140 24 4970 1
82 159 125 7 600 1
83 8 129 14 1033 1
84 15 129 14 1033 1
85 12 133 46 5003 1
86 23 133 46 5003 1
87 34 133 46 5003 1
88 30 132 18 2307 1
89 9 137 5 477 1
90 17 137 5 477 1
91 14 125 33 5843 1
92 16 134 17 1955 1
93 5 138 53 5721 1
94 9 138 53 5721 1
95 13 138 53 5721 1
96 24 134 8 1059 1
97 7 138 24 4672 1
98 29 137 14 1138 1
99 8 140 15 2066 1
100 17 138 45 4963 1
101 17 140 10 826 1
102 43 207 47 9971 1
103 44 208 17 3460 1
104 87 208 17 3460 1
105 130 208 17 3460 1
106 14 167 25 5570 1
107 22 181 8 1349 1
108 175 149 11 2371 1
109 6 197 21 2217 1
110 3 202 12 3602 1
111 43 205 11 1277 1
112 85 205 11 1277 1
113 127 205 11 1277 1
114 169 205 11 1277 1
115 44 178 15 2705 1
116 87 178 15 2705 1
117 44 210 20 2432 1
118 18 197 8 1065 1
119 35 197 8 1065 1
120 44 161 8 1469 1
121 57 208 9 1986 1
122 29 207 11 3336 1
123 23 195 32 3692 1
124 43 151 5 1076 1
125 85 151 5 1076 1
126 7 170 8 1320 1
127 23 207 24 2666 1
128 43 202 17 4527 1
129 43 204 19 3261 1
130 23 184 23 2384 1
131 7 210 16 3285 1
132 27 203 16 3954 1
133 53 203 16 3954 1
134 79 203 16 3954 1
135 105 203 16 3954 1
136 7 210 15 3869 1
137 259 149 13 2367 1
138 17 199 9 1725 1
139 16 149 10 2123 1
140 23 195 47 9532 1
141 43 151 20 1817 1
142 54 188 8 1468 1
143 24 204 14 2027 1
144 18 178 15 3149 1
145 22 170 20 3425 1
146 43 170 20 3425 1
147 44 210 13 2008 1
148 87 210 13 2008 1
149 7 184 23 5086 1
150 23 202 20 2656 1
151 44 194 6 1524 1
152 87 194 6 1524 1
153 44 151 10 809 1
154 87 151 10 809 1
155 130 151 10 809 1
156 13 199 8 1183 1
157 42 184 19 3957 1
158 83 184 19 3957 1
159 55 167 12 1248 1
160 22 190 8 1054 1
161 45 167 7 1590 1
162 44 178 23 4900 1
163 87 178 23 4900 1
164 13 203 15 2141 1
165 44 190 27 7672 1
166 209 207 9 2376 1
167 16 171 15 2447 1
168 31 171 15 2447 1
169 45 204 16 4509 1
170 20 194 12 2241 1
171 39 194 12 2241 1
172 8 210 11 3187 1
173 44 207 7 2159 1
174 87 207 7 2159 1
175 34 195 33 3893 1
176 45 208 22 3384 1
177 44 181 18 4698 1
178 16 195 8 1323 1
179 43 187 19 2533 1
180 46 195 10 1464 1
181 91 195 10 1464 1
182 136 195 10 1464 1
183 16 167 16 1938 1
184 12 151 9 1090 1
185 27 202 14 4094 1
186 45 204 16 4591 1
187 89 204 16 4591 1
188 17 195 14 3400 1
189 45 188 8 983 1
190 89 188 8 983 1
191 133 188 8 983 1
192 44 149 23 4229 1
193 42 178 40 4639 1
194 20 195 14 2336 1
195 24 177 10 1103 1
196 7 181 12 1765 1
197 16 190 11 2440 1
198 18 161 7 1090 1
199 6 161 5 1112 1
200 45 161 8 1749 1
201 42 170 17 1514 1
202 28 202 14 3807 1
203 43 149 15 1192 1
204 43 177 12 2529 1
205 43 167 14 1244 1
206 85 167 14 1244 1
207 11 205 15 3049 1
208 43 204 10 1501 1
209 42 207 21 3329 1
210 25 194 8 1503 1
211 44 171 7 1725 1
212 87 171 7 1725 1
213 130 171 7 1725 1
214 173 171 7 1725 1
215 44 203 15 3724 1
216 17 188 17 4299 1
217 18 177 19 2862 1
218 24 170 25 5469 1
219 47 170 25 5469 1
220 70 170 25 5469 1
221 44 202 33 4347 1
222 6 199 24 4311 1
223 24 177 7 1192 1
224 23 171 12 2350 1
225 45 171 12 2350 1
226 7 171 17 3404 1
227 38 184 11 2039 1
228 75 184 11 2039 1
229 27 197 11 1139 1
230 42 203 13 2080 1
231 43 170 16 3269 1
232 85 170 16 3269 1
233 15 151 20 4193 1
234 43 177 11 1325 1
235 42 210 18 5533 1
236 4 203 28 3532 1
237 43 181 11 2434 1
238 85 181 11 2434 1
239 44 208 33 8137 1
240 87 208 33 8137 1
241 130 208 33 8137 1
242 27 181 9 2235 1
243 21 190 20 4756 1
244 22 170 16 3407 1
245 45 167 5 646 1
246 89 167 5 646 1
247 45 178 13 3317 1
248 43 205 12 1957 1
249 85 205 12 1957 1
250 30 197 20 5671 1
251 6 210 21 5628 1
252 43 197 11 2190 1
253 44 202 18 4895 1
254 44 184 14 3132 1
255 44 161 18 3257 1
256 44 222 17 4592 1
257 87 222 17 4592 1
258 42 244 17 2576 1
259 55 245 17 6203 1
260 59 221 26 5628 1
261 31 230 37 11850 1
262 31 242 27 4872 1
263 44 221 14 2524 1
264 10 228 12 2818 1
265 59 237 30 7839 1
266 32 222 13 1606 1
267 58 216 9 1906 1
268 44 212 18 3592 1
269 31 242 9 2543 1
270 58 230 15 2673 1
271 116 242 17 4110 1
272 14 230 15 2950 1
273 15 242 20 6652 1
274 43 228 39 12456 1
275 85 228 39 12456 1
276 93 228 26 3048 1
277 30 212 13 2524 1
278 42 239 19 6792 1
279 42 237 30 9901 1
280 30 220 17 4564 1
281 50 220 18 5454 1
282 99 220 18 5454 1
283 120 237 9 1414 1
284 44 222 15 1740 1
285 28 225 19 5792 1
286 56 216 16 2756 1
287 30 245 19 6203 1
288 31 220 11 2112 1
289 37 230 12 3538 1
290 43 244 16 4580 1
291 43 242 9 1442 1
292 31 245 21 5130 1
293 6 245 20 4676 1
294 98 221 35 5320 1
295 28 212 12 2773 1
296 14 244 18 5897 1
297 44 239 17 5537 1
298 15 245 10 1913 1
299 48 212 10 1343 1
300 95 212 10 1343 1
301 14 222 17 5322 1
302 64 228 27 5154 1
303 127 228 27 5154 1
304 45 230 36 8799 1
305 32 245 9 2596 1
306 42 220 6 1003 1
307 28 212 12 2765 1
308 55 212 12 2765 1
309 30 220 13 2838 1
310 44 242 58 18194 1
311 87 242 58 18194 1
312 86 222 28 6905 1
313 32 243 23 7166 1
314 37 212 10 2251 1
315 106 222 36 5145 1
316 28 244 13 2230 1
317 110 237 40 9912 1
318 51 216 7 2187 1
319 101 216 7 2187 1
320 151 216 7 2187 1
321 51 216 26 6149 1
322 101 216 26 6149 1
323 57 225 10 2197 1
324 49 242 15 2731 1
325 72 221 12 1873 1
326 51 242 15 5155 1
327 29 222 19 4012 1
328 58 216 16 2505 1
329 36 212 10 1801 1
330 44 230 28 8488 1
331 12 216 10 2542 1
332 37 243 30 5150 1
333 50 220 15 2234 1
334 29 242 32 4476 1
335 65 230 10 1476 1
336 9 216 20 3933 1
337 43 222 23 6057 1
338 29 245 9 1478 1
339 45 237 33 4122 1
340 89 237 33 4122 1
341 58 225 13 3226 1
342 29 221 20 3280 1
343 57 221 20 3280 1
344 62 239 24 3600 1
345 123 239 24 3600 1
346 29 242 23 5317 1
347 62 242 42 6025 1
348 123 242 42 6025 1
349 56 228 18 5194 1
350 43 242 10 1538 1
351 52 239 29 8378 1
352 32 216 14 4487 1
353 43 216 24 4710 1
354 57 237 19 4281 1
355 6 222 24 6636 1
356 30 222 22 2488 1
357 43 239 29 4683 1
358 58 220 15 4198 1
359 104 225 20 3243 1
360 11 228 7 1206 1
361 43 222 13 2528 1
362 14 242 11 2592 1
363 27 242 11 2592 1
364 28 239 17 3112 1
365 55 239 17 3112 1
366 31 220 12 2325 1
367 28 245 42 11342 1
368 55 245 42 11342 1
369 27 230 44 6835 1
370 117 220 19 3413 1
371 38 245 29 3650 1
372 60 221 16 4249 1
373 64 239 14 2194 1
374 16 239 12 2377 1
375 29 243 13 2452 1
376 43 220 12 2418 1
377 31 220 31 5408 1
378 94 228 19 2445 1
379 30 212 6 1651 1
380 59 212 6 1651 1
381 69 212 12 2913 1
382 30 225 22 5550 1
383 59 225 22 5550 1
384 115 221 9 2027 1
385 93 222 9 1660 1
386 57 239 12 1778 1
387 44 225 14 4264 1
388 43 237 12 4237 1
389 61 220 10 1751 1
390 30 245 12 1747 1
391 28 245 32 10475 1
392 94 245 20 4584 1
393 91 216 15 2255 1
394 57 212 9 1071 1
395 10 244 21 7421 1
396 43 225 24 4915 1
397 30 239 22 3139 1
398 115 212 20 2222 1
399 43 212 29 6348 1
400 57 230 11 2329 1
401 113 230 11 2329 1
402 16 245 27 4330 1
403 43 222 8 2018 1
404 31 220 13 2224 1
405 61 220 13 2224 1
406 87 239 10 1586 1
407 41 265 17 2540 1
408 54 273 13 3448 1
409 57 268 20 4609 1
410 113 268 20 4609 1
411 29 261 19 6141 1
412 13 274 13 5134 1
413 30 277 24 6621 1
414 44 260 30 7393 1
415 16 273 24 6172 1
416 44 267 9 1836 1
417 87 267 9 1836 1
418 57 258 1 309 1
419 89 276 9 3378 1
420 99 262 25 8370 1
421 30 265 16 4498 1
422 33 275 20 4836 1
423 16 255 16 4955 1
424 30 255 15 2989 1
425 51 259 16 4892 1
426 101 273 13 2552 1
427 14 246 19 4225 1
428 50 274 16 3035 1
429 97 273 14 1969 1
430 50 258 13 2883 1
431 51 258 14 3203 1
432 37 255 20 4198 1
433 37 277 16 4228 1
434 14 262 13 3349 1
435 30 276 29 4449 1
436 37 265 21 4690 1
437 30 257 12 1719 1
438 23 274 22 3171 1
439 50 265 17 3058 1
440 57 257 16 4258 1
441 36 273 8 1334 1
442 51 265 22 6713 1
443 155 264 45 13149 1
444 31 255 15 2215 1
445 61 255 15 2215 1
446 24 257 24 8452 1
447 31 274 18 6741 1
448 61 274 18 6741 1
449 91 274 18 6741 1
450 30 264 9 3051 1
451 36 273 20 3104 1
452 71 273 20 3104 1
453 30 257 18 4128 1
454 29 273 15 2346 1
455 57 255 16 4369 1
456 29 261 14 2757 1
457 57 261 14 2757 1
458 44 273 23 3247 1
459 43 260 17 2716 1
460 43 267 13 2231 1
461 29 274 10 3539 1
462 37 264 18 5162 1
463 32 255 25 7482 1
464 109 276 16 2448 1
465 37 265 13 4910 1
466 36 264 16 2604 1
467 51 246 18 2994 1
468 44 260 17 6229 1
469 30 277 21 7432 1
470 99 268 16 3445 1
471 58 258 16 5773 1
472 41 260 11 3082 1
473 81 260 11 3082 1
474 121 260 11 3082 1
475 15 262 11 3242 1
476 35 275 4 1008 1
477 69 275 4 1008 1
478 195 262 9 1668 1
479 29 255 17 4810 1
480 30 268 7 1784 1
481 85 246 8 1946 1
482 43 257 4 1079 1
483 15 274 14 2174 1
484 37 264 21 6993 1
485 20 267 11 3141 1
486 106 264 26 5888 1
487 211 264 26 5888 1
488 36 255 12 1971 1
489 36 270 17 5810 1
490 51 275 8 2038 1
491 21 264 14 4252 1
492 57 270 17 4747 1
493 42 260 13 4964 1
494 33 255 15 4559 1
495 101 246 10 2167 1
496 30 273 17 2932 1
497 58 257 10 2188 1
498 30 265 15 2546 1
499 59 265 15 2546 1
500 57 265 12 4054 1
501 36 257 20 2928 1
502 92 259 12 2104 1
503 50 258 18 5562 1
504 17 260 36 5787 1
505 14 270 6 2427 1
506 50 260 18 3516 1
507 99 260 18 3516 1
508 148 260 18 3516 1
509 93 264 23 7345 1
510 30 264 15 4873 1
511 30 267 18 5723 1
512 36 268 13 3629 1
513 30 261 25 9698 1
514 30 265 13 4798 1
515 45 261 3 1068 1
516 89 261 3 1068 1
517 93 267 19 5608 1
518 57 270 6 1589 1
519 22 261 11 3712 1
520 45 255 14 2828 1
521 23 258 12 2531 1
522 19 259 19 4294 1
523 30 258 19 3684 1
524 52 262 18 5567 1
525 30 255 12 4290 1
526 93 246 18 3980 1
527 16 270 7 2203 1
528 36 259 14 3917 1
529 44 261 16 5631 1
530 44 261 15 4342 1
531 87 261 15 4342 1
532 16 277 22 6187 1
533 31 277 22 6187 1
534 43 264 10 2998 1
535 85 264 10 2998 1
536 31 265 4 975 1
537 61 265 4 975 1
538 29 246 2 663 1
539 44 265 19 4024 1
540 95 265 6 900 1
541 45 265 14 5216 1
542 99 277 12 1985 1
543 197 277 12 1985 1
544 29 270 9 2609 1
545 38 258 20 7117 1
546 15 268 15 3961 1
547 43 265 8 3032 1
548 51 276 16 6135 1
549 51 261 15 3200 1
550 30 264 10 2045 1
551 64 258 13 3848 1
552 30 246 18 4518 1
553 59 246 18 4518 1
554 5 265 18 6626 1
555 30 273 17 4280 1
556 98 268 24 8552 1
557 51 270 7 1102 1
558 91 265 14 3192 1
559 37 255 8 2335 1
560 43 267 12 3375 1
561 57 257 8 3083 1
562 98 273 16 3904 1
563 195 273 16 3904 1
564 51 274 15 2568 1
565 13 276 11 2704 1
566 50 262 7 1661 1
567 29 257 17 4398 1
568 44 273 11 2689 1
569 91 264 21 4648 1
570 48 259 19 4609 1
571 57 268 12 4406 1
572 92 275 14 5448 1
573 101 258 7 909 1
574 44 262 24 6189 1
575 30 265 17 2837 1
576 36 264 20 5096 1
577 64 277 21 5291 1
578 46 268 23 7288 1
579 105 257 15 2100 1
580 209 257 15 2100 1
581 98 257 16 3647 1
582 52 270 12 4173 1
583 103 270 12 4173 1
584 21 262 21 5805 1
585 14 261 9 1421 1
586 44 276 13 3447 1
587 43 262 19 7056 1
588 97 276 14 3085 1
589 43 286 9 2821 1
590 58 281 21 3867 1
591 115 281 21 3867 1
592 172 281 21 3867 1
593 229 281 21 3867 1
594 91 284 22 7744 1
595 59 284 12 3240 1
596 117 284 12 3240 1
597 175 284 12 3240 1
598 31 285 17 6726 1
599 29 282 12 2903 1
600 29 300 13 2917 1
601 57 300 15 2748 1
602 56 285 12 3519 1
603 58 292 11 2154 1
604 115 292 11 2154 1
605 31 293 14 3504 1
606 24 300 10 3879 1
607 47 300 10 3879 1
608 164 285 17 2906 1
609 175 300 18 3785 1
610 349 300 18 3785 1
611 38 299 15 2720 1
612 44 286 9 1421 1
613 87 286 9 1421 1
614 55 299 19 4715 1
615 109 299 19 4715 1
616 56 281 60 9223 1
617 62 278 21 5950 1
618 57 278 9 1634 1
619 40 278 17 7038 1
620 43 284 8 1347 1
621 77 284 13 3654 1
622 44 300 19 5956 1
623 58 293 13 2350 1
624 81 286 14 5518 1
625 3 293 31 8983 1
626 30 291 14 3220 1
627 156 292 25 6106 1
628 43 284 28 5974 1
629 100 278 19 3232 1
630 199 278 19 3232 1
631 58 293 10 2621 1
632 58 284 12 3025 1
633 115 284 12 3025 1
634 148 291 17 4977 1
635 58 284 9 3131 1
636 83 294 14 4844 1
637 43 300 11 2316 1
638 85 300 11 2316 1
639 29 292 23 9784 1
640 58 299 23 6057 1
641 34 300 22 6349 1
642 59 291 12 4328 1
643 117 291 12 4328 1
644 175 291 12 4328 1
645 25 299 15 4857 1
646 37 282 9 2700 1
647 57 278 18 5624 1
648 29 291 11 4398 1
649 60 299 22 7864 1
650 229 291 17 6504 1
651 43 284 19 5185 1
652 156 292 11 2917 1
653 311 292 11 2917 1
654 44 291 11 4469 1
655 56 299 8 3450 1
656 28 293 10 3265 1
657 31 281 17 3063 1
658 29 299 15 5978 1
659 63 286 28 9030 1
660 58 285 22 8550 1
661 58 292 14 6063 1
662 31 293 6 1559 1
663 173 292 17 2813 1
664 58 300 21 6639 1
665 115 300 21 6639 1
666 96 281 18 6539 1
667 57 300 14 3873 1
668 39 282 17 3188 1
669 31 282 13 4180 1
670 58 281 30 9743 1
671 115 281 30 9743 1
672 172 281 30 9743 1
673 30 291 25 7052 1
674 26 284 11 3297 1
675 57 282 11 2071 1
676 31 282 19 4726 1
677 266 299 10 3176 1
678 69 279 20 4046 1
679 137 279 20 4046 1
680 44 281 29 9197 1
681 57 285 9 2713 1
682 3 282 16 2942 1
683 43 279 35 14335 1
684 57 278 7 2161 1
685 113 278 7 2161 1
686 169 278 7 2161 1
687 81 278 8 2609 1
688 22 293 29 12362 1
689 56 292 20 3433 1
690 99 299 15 6491 1
691 29 282 28 5187 1
692 56 300 33 10038 1
693 29 284 33 9003 1
694 29 300 18 7472 1
695 59 282 11 3285 1
696 117 282 11 3285 1
697 28 282 14 4806 1
698 29 279 16 5552 1
699 50 286 15 4312 1
700 29 291 17 5620 1
701 56 286 12 4761 1
702 29 293 19 4026 1
703 45 294 21 5585 1
704 66 294 21 9044 1
705 58 281 11 3525 1
706 75 294 18 5619 1
707 46 281 22 6642 1
708 44 299 14 6088 1
709 87 299 14 6088 1
710 90 291 19 5995 1
711 28 293 13 2055 1
712 65 293 32 13699 1
713 56 300 23 7514 1
714 166 300 12 4506 1
715 57 300 10 4492 1
716 28 300 20 4232 1
717 28 299 16 6397 1
718 57 294 13 3105 1
719 29 285 15 5067 1
720 57 285 15 5067 1
721 28 294 22 9590 1
722 58 291 12 3966 1
723 35 294 15 3018 1
724 37 281 19 2897 1
725 59 293 16 4762 1
726 57 279 13 1823 1
727 29 278 24 4280 1
728 57 293 10 3739 1
729 57 279 14 3385 1
730 113 279 14 3385 1
731 26 278 16 6137 1
732 278 300 10 2071 1
733 13 284 18 3854 1
734 58 294 29 8087 1
735 42 284 13 4537 1
736 43 282 14 3291 1
737 85 282 14 3291 1
738 29 299 19 4498 1
739 30 299 26 5004 1
740 156 278 13 2092 1
741 15 285 31 4446 1
742 59 293 9 3802 1
743 117 293 9 3802 1
744 175 293 9 3802 1
745 59 292 9 3280 1
746 117 292 9 3280 1
747 29 285 33 11866 1
748 28 291 16 3076 1
749 89 292 28 7687 1
750 51 303 16 3532 1
751 77 335 37 15545 1
752 79 363 51 19566 1
753 15 303 24 10282 1
754 51 305 46 21035 1
755 51 324 11 3382 1
756 212 349 37 17413 1
757 57 331 22 7394 1
758 113 331 22 7394 1
759 169 331 22 7394 1
760 59 303 35 14065 1
761 118 364 12 2435 1
762 57 316 33 15617 1
763 121 336 19 3494 1
764 74 368 19 9648 1
765 51 318 17 3406 1
766 79 363 38 14850 1
767 77 333 29 8776 1
768 35 334 13 2241 1
769 51 333 29 6453 1
770 183 318 19 3580 1
771 57 331 35 14048 1
772 15 366 35 17874 1
773 72 318 27 9887 1
774 51 337 26 12082 1
775 72 318 44 9139 1
776 143 318 44 9139 1
777 58 335 32 10680 1
778 77 365 41 22305 1
779 153 365 41 22305 1
780 35 337 13 4773 1
781 59 318 12 4568 1
782 51 316 18 8098 1
783 73 334 15 5628 1
784 108 336 22 5207 1
785 105 368 68 13251 1
786 37 333 26 12457 1
787 36 304 25 4385 1
788 57 364 76 23710 1
789 14 316 23 7393 1
790 17 349 19 8180 1
791 78 335 42 13663 1
792 57 305 17 7314 1
793 57 338 19 7140 1
794 74 338 17 5837 1
795 116 316 38 14171 1
796 57 316 29 9266 1
797 113 316 29 9266 1
798 15 305 32 7901 1
799 117 323 29 9849 1
800 79 305 15 5956 1
801 36 331 18 6651 1
802 120 304 15 3224 1
803 51 305 11 4294 1
804 57 349 41 20168 1
805 73 364 33 15751 1
806 118 324 7 2195 1
807 235 324 7 2195 1
808 51 337 11 4726 1
809 76 305 29 12947 1
810 79 335 30 11114 1
811 78 324 29 5574 1
812 49 363 22 11275 1
813 62 333 13 2420 1
814 37 363 19 9270 1
815 37 366 22 10151 1
816 35 366 36 13655 1
817 57 305 11 2417 1
818 59 333 21 6191 1
819 58 316 49 12459 1
820 115 316 49 12459 1
821 58 316 29 8514 1
822 36 305 25 4952 1
823 57 336 21 4029 1
824 89 333 33 9182 1
825 7 349 13 4174 1
826 50 365 26 11388 1
827 92 316 11 3989 1
828 14 318 20 5401 1
829 57 318 21 5629 1
830 113 318 21 5629 1
831 58 336 31 9682 1
832 51 366 13 2501 1
833 58 303 15 6329 1
834 59 333 18 4163 1
835 80 324 16 4229 1
836 56 331 38 18143 1
837 14 338 28 6323 1
838 58 331 25 7892 1
839 57 334 37 12810 1
840 79 303 21 8307 1
841 90 349 47 9067 1
842 34 332 9 2334 1
843 50 366 23 4387 1
844 114 331 26 5545 1
845 227 331 26 5545 1
846 58 323 17 8066 1
847 14 333 12 4906 1
848 107 366 19 8000 1
849 213 366 19 8000 1
850 76 305 25 6786 1
851 79 336 19 5463 1
852 78 363 57 26457 1
853 88 305 8 1235 1
854 79 324 54 17523 1
855 58 332 14 4902 1
856 115 332 14 4902 1
857 79 318 22 6149 1
858 79 349 19 4152 1
859 78 332 24 11216 1
860 155 332 24 11216 1
861 12 335 10 2802 1
862 58 368 25 10788 1
863 112 363 41 17903 1
864 110 363 17 8640 1
865 37 365 24 10234 1
866 57 364 22 8144 1
867 57 303 18 7734 1
868 57 305 37 8776 1
869 14 305 15 4521 1
870 58 368 28 7426 1
871 16 368 11 3542 1
872 57 333 31 12341 1
873 57 316 16 5112 1
874 113 316 16 5112 1
875 195 305 26 6015 1
876 58 334 28 4847 1
877 57 333 28 12996 1
878 36 364 18 6414 1
879 57 349 39 15632 1
880 13 332 10 4619 1
881 58 304 7 2849 1
882 116 318 9 1856 1
883 118 368 44 11392 1
884 235 368 44 11392 1
885 58 366 14 6406 1
886 15 331 21 9485 1
887 79 363 26 5562 1
888 69 365 13 3993 1
889 78 324 22 6097 1
890 14 318 23 8474 1
891 27 318 23 8474 1
892 51 333 27 13433 1
893 16 316 19 8959 1
894 79 303 53 20177 1
895 157 303 53 20177 1
896 80 363 11 2942 1
897 63 364 40 7705 1
898 36 364 15 5753 1
899 79 332 24 11102 1
900 16 335 22 6146 1
901 93 333 35 15741 1
902 109 304 13 5119 1
903 78 337 41 9383 1
904 50 366 52 15559 1
905 99 366 52 15559 1
906 148 366 52 15559 1
907 72 333 19 7908 1
908 72 349 19 4833 1
909 78 324 15 5208 1
910 155 324 15 5208 1
911 73 333 32 6984 1
912 77 316 20 6903 1
913 153 316 20 6903 1
914 113 335 12 2655 1
915 51 338 32 5505 1
916 92 363 16 3355 1
917 57 336 17 8460 1
918 108 368 16 3204 1
919 113 324 19 7312 1
920 71 305 29 4535 1
921 37 338 37 14224 1
922 58 335 28 10087 1
923 16 316 49 18121 1
924 221 338 30 9107 1
925 52 318 31 13099 1
926 103 318 31 13099 1
927 95 305 18 7846 1
928 59 316 23 9130 1
929 36 323 22 6498 1
930 36 334 32 15346 1
931 71 334 32 15346 1
932 106 334 32 15346 1
933 62 332 25 8652 1
934 38 334 25 12145 1
935 57 336 12 2931 1
936 16 324 33 12965 1
937 57 324 29 12659 1
938 14 366 14 3958 1
939 59 336 14 2708 1
940 117 336 14 2708 1
941 13 363 37 9187 1
942 58 363 14 2657 1
943 51 336 20 5724 1
944 78 349 30 13959 1
945 58 304 12 5292 1
946 14 334 41 16841 1
947 14 303 12 2576 1
948 78 323 21 3606 1
949 50 365 35 7589 1
950 79 349 18 7570 1
951 58 337 16 4286 1
952 78 324 24 9393 1
953 13 365 18 5205 1
954 37 363 24 4460 1
955 78 332 30 10376 1
956 34 335 19 9348 1
957 61 335 15 7033 1
958 80 336 17 6034 1
959 78 365 18 5157 1
960 155 365 18 5157 1
961 232 365 18 5157 1
962 309 365 18 5157 1
963 79 304 25 10858 1
964 109 335 17 4352 1
965 75 336 29 10583 1
966 58 323 19 8173 1
967 14 349 15 6950 1
968 59 363 32 14825 1
969 36 334 9 3612 1
970 79 324 26 8518 1
971 157 324 26 8518 1
972 57 304 37 9000 1
973 113 304 37 9000 1
974 89 336 17 3859 1
975 51 316 19 5936 1
976 36 364 15 6132 1
977 52 349 24 11856 1
978 79 333 17 7108 1
979 157 333 17 7108 1
980 57 324 59 19633 1
981 57 336 18 5559 1
982 72 305 33 12026 1
983 88 365 17 7013 1
984 86 334 28 11159 1
985 78 324 22 10218 1
986 37 349 26 12944 1
987 37 336 12 4547 1
988 15 332 10 4420 1
989 74 349 21 6747 1
990 176 395 18 9263 1
991 79 396 37 11933 1
992 157 396 37 11933 1
993 115 395 22 5276 1
994 88 399 27 7918 1
995 175 399 27 7918 1
996 262 399 27 7918 1
997 88 396 24 6328 1
998 188 396 31 16575 1
999 85 397 28 15119 1
1000 148 398 32 10124 1
1001 84 396 32 11837 1
1002 167 396 32 11837 1
1003 250 396 32 11837 1
1004 72 395 34 19220 1
1005 72 396 27 6197 1
1006 176 399 33 14604 1
1007 79 396 31 16127 1
1008 86 398 29 8101 1
1009 93 399 32 8949 1
1010 93 397 35 8954 1
1011 88 395 37 13396 1
1012 80 399 26 9964 1
1013 78 397 29 14042 1
1014 111 399 26 8381 1
1015 74 397 47 18661 1
1016 147 397 47 18661 1
1017 220 397 47 18661 1
1018 86 396 31 15544 1
1019 79 399 34 7823 1
1020 78 395 40 19269 1
1021 77 395 30 11843 1
1022 12 397 25 13851 1
1023 79 396 29 11323 1
1024 80 395 38 15297 1
1025 159 395 38 15297 1
1026 83 399 40 8112 1
1027 165 399 40 8112 1
1028 79 396 25 13153 1
1029 157 396 25 13153 1
1030 235 396 25 13153 1
1031 79 399 32 13020 1
1032 95 399 19 4254 1
1033 12 395 13 5192 1
1034 95 398 39 8998 1
1035 78 395 26 10760 1
1036 78 396 27 6065 1
14
503 620 807 620 700 205 255 700 700 700 700 700 200 460 