1036
1 12 132 26 2391 1
2 12 118 7 590 1
3 23 118 7 590 1
4 1 134 20 3875 1
5 14 138 26 5179 1
6 8 140 14 2651 1
7 15 140 14 2651 1
8 8 137 12 1513 1
9 25 134 7 865 1
10 49 134 7 865 1
11 73 134 7 865 1
12 97 134 7 865 1
13 21 138 8 1236 1
14 41 138 8 1236 1
15 61 138 8 1236 1
16 81 138 8 1236 1
17 8 137 11 888 1
18 33 138 6 1189 1
19 65 138 6 1189 1
20 97 138 6 1189 1
21 8 138 6 527 1
22 15 133 13 1584 1
23 29 133 13 1584 1
24 43 133 13 1584 1
25 3 129 10 1474 1
26 8 138 7 767 1
27 8 125 10 1488 1
28 29 133 26 5095 1
29 7 132 19 2091 1
30 13 132 19 2091 1
31 19 132 19 2091 1
32 25 132 19 2091 1
33 8 140 6 1204 1
34 31 138 22 3266 1
35 26 118 15 1237 1
36 51 118 15 1237 1
37 76 118 15 1237 1
38 9 140 7 1107 1
39 8 118 13 1397 1
40 12 125 11 1878 1
41 30 137 11 1527 1
42 59 137 11 1527 1
43 12 118 23 3695 1
44 23 118 23 3695 1
45 34 118 23 3695 1
46 7 125 21 2455 1
47 13 125 21 2455 1
48 19 125 21 2455 1
49 8 133 11 2130 1
50 15 133 11 2130 1
51 22 133 11 2130 1
52 29 133 11 2130 1
53 19 133 14 1422 1
54 9 129 15 2458 1
55 12 138 20 4116 1
56 19 133 7 1298 1
57 9 132 11 1497 1
58 7 132 11 1534 1
59 17 133 7 634 1
60 33 133 7 634 1
61 2 118 16 2104 1
62 9 118 3 442 1
63 8 132 6 769 1
64 15 132 6 769 1
65 8 137 30 3646 1
66 9 125 17 1628 1
67 8 133 7 996 1
68 70 132 18 3502 1
69 12 133 17 1981 1
70 106 133 40 6188 1
71 10 118 13 1249 1
72 24 132 12 1628 1
73 15 133 14 1595 1
74 2 125 13 1809 1
75 3 125 13 1809 1
76 8 137 17 2475 1
77 19 125 14 2393 1
78 37 125 14 2393 1
79 55 125 14 2393 1
80 26 129 6 803 1
81 8 125 13 1645 1
82 15 138 14 1350 1
83 29 138 14 1350 1
84 2 133 6 929 1
85 26 129 9 1479 1
86 32 133 6 488 1
87 63 133 6 488 1
88 184 133 2 274 1
89 9 129 8 848 1
90 9 138 13 1857 1
91 8 132 6 1009 1
92 24 140 8 1657 1
93 10 129 67 5138 1
94 19 129 67 5138 1
95 25 129 11 2109 1
96 7 134 12 2221 1
97 11 138 8 557 1
98 9 118 12 1740 1
99 7 132 7 880 1
100 24 138 15 2591 1
101 47 138 15 2591 1
102 6 194 12 2881 1
103 16 208 13 3140 1
104 20 203 23 3578 1
105 43 195 26 7347 1
106 44 170 47 8506 1
107 5 194 54 11633 1
108 44 202 7 1871 1
109 87 202 7 1871 1
110 130 202 7 1871 1
111 173 202 7 1871 1
112 45 167 8 699 1
113 89 167 8 699 1
114 133 167 8 699 1
115 177 167 8 699 1
116 61 171 21 3324 1
117 45 184 52 5284 1
118 40 167 22 2527 1
119 45 171 9 1675 1
120 89 171 9 1675 1
121 133 171 9 1675 1
122 47 161 17 3282 1
123 44 207 10 3009 1
124 43 171 23 4740 1
125 85 171 23 4740 1
126 127 171 23 4740 1
127 169 171 23 4740 1
128 211 171 23 4740 1
129 27 151 19 2527 1
130 45 194 17 2335 1
131 15 171 14 2381 1
132 29 171 14 2381 1
133 43 171 14 2381 1
134 57 171 14 2381 1
135 46 208 13 2600 1
136 40 190 17 2178 1
137 44 178 27 2731 1
138 2 151 19 3365 1
139 45 197 29 8322 1
140 19 177 31 6589 1
141 43 195 16 3791 1
142 85 195 16 3791 1
143 6 184 16 1605 1
144 11 184 16 1605 1
145 81 204 26 7375 1
146 44 161 10 2020 1
147 17 204 7 1998 1
148 33 204 7 1998 1
149 43 167 8 1796 1
150 85 167 8 1796 1
151 127 167 8 1796 1
152 169 167 8 1796 1
153 16 204 11 1887 1
154 22 197 20 3340 1
155 21 204 24 4844 1
156 20 184 9 959 1
157 15 199 27 6224 1
158 29 199 27 6224 1
159 43 199 27 6224 1
160 15 210 19 4842 1
161 43 167 9 1552 1
162 17 178 8 837 1
163 18 177 19 3663 1
164 16 195 29 5985 1
165 31 195 29 5985 1
166 7 203 29 8697 1
167 13 203 29 8697 1
168 14 204 12 2919 1
169 7 171 10 1054 1
170 49 194 22 4193 1
171 23 151 13 1274 1
172 7 210 81 19659 1
173 13 210 81 19659 1
174 44 161 4 837 1
175 41 167 8 1906 1
176 81 167 8 1906 1
177 121 167 8 1906 1
178 44 181 19 4211 1
179 87 181 19 4211 1
180 130 181 19 4211 1
181 44 149 10 1520 1
182 43 199 34 7375 1
183 23 171 19 1642 1
184 19 210 9 1290 1
185 5 195 33 8248 1
186 7 188 16 1763 1
187 44 151 8 888 1
188 70 194 19 4169 1
189 24 207 15 1716 1
190 44 178 11 2520 1
191 87 178 11 2520 1
192 43 205 35 5468 1
193 6 199 28 5058 1
194 43 178 12 2953 1
195 85 178 12 2953 1
196 44 197 32 5028 1
197 7 194 13 1351 1
198 16 204 28 5524 1
199 43 184 21 2607 1
200 16 204 21 4583 1
201 44 199 32 7596 1
202 44 207 12 2698 1
203 45 151 18 3854 1
204 89 151 18 3854 1
205 133 151 18 3854 1
206 177 151 18 3854 1
207 221 151 18 3854 1
208 61 171 17 2444 1
209 43 170 38 4040 1
210 44 202 27 7180 1
211 44 188 16 2837 1
212 43 194 11 3054 1
213 17 204 20 2438 1
214 24 202 39 8480 1
215 36 195 18 4512 1
216 43 184 15 2749 1
217 85 184 15 2749 1
218 74 170 15 1746 1
219 43 207 41 9316 1
220 22 197 12 2559 1
221 44 178 10 2301 1
222 43 184 34 5105 1
223 85 184 34 5105 1
224 205 187 14 2143 1
225 5 188 14 1817 1
226 7 199 25 7439 1
227 19 204 7 1151 1
228 37 204 7 1151 1
229 43 184 7 698 1
230 85 184 7 698 1
231 23 178 39 5625 1
232 38 188 12 2214 1
233 43 171 6 1302 1
234 24 190 19 4323 1
235 51 178 23 2830 1
236 101 178 23 2830 1
237 45 194 23 3627 1
238 19 207 38 11741 1
239 22 181 23 5217 1
240 44 187 27 6108 1
241 87 187 27 6108 1
242 17 208 52 15885 1
243 54 210 18 3777 1
244 46 177 24 4917 1
245 16 171 17 2477 1
246 31 171 17 2477 1
247 43 178 4 596 1
248 85 178 4 596 1
249 127 178 4 596 1
250 169 178 4 596 1
251 211 178 4 596 1
252 253 178 4 596 1
253 295 178 4 596 1
254 9 177 24 3841 1
255 43 181 50 12655 1
256 94 244 12 4215 1
257 30 212 19 4170 1
258 53 239 9 1878 1
259 43 212 18 1963 1
260 85 212 18 1963 1
261 9 244 8 1022 1
262 17 244 8 1022 1
263 7 220 34 10590 1
264 27 242 27 9278 1
265 30 242 25 6483 1
266 30 222 16 4085 1
267 71 242 14 3552 1
268 57 220 6 1142 1
269 18 245 46 14479 1
270 101 239 11 2176 1
271 32 225 17 2330 1
272 9 220 25 6973 1
273 57 228 8 1169 1
274 113 228 8 1169 1
275 169 228 8 1169 1
276 58 230 22 5509 1
277 57 245 15 3621 1
278 38 228 25 6184 1
279 62 230 13 4165 1
280 31 242 32 6770 1
281 61 242 32 6770 1
282 45 242 35 12587 1
283 89 242 35 12587 1
284 45 242 19 2435 1
285 42 230 24 7824 1
286 30 228 11 2173 1
287 59 228 11 2173 1
288 50 245 14 2557 1
289 38 239 21 2934 1
290 50 239 19 5139 1
291 99 239 19 5139 1
292 148 239 19 5139 1
293 197 239 19 5139 1
294 8 221 13 3793 1
295 58 216 25 4851 1
296 31 245 29 10339 1
297 55 230 16 3741 1
298 109 230 16 3741 1
299 163 230 16 3741 1
300 40 212 13 1707 1
301 44 244 10 2425 1
302 57 220 28 5211 1
303 58 228 11 1694 1
304 115 228 11 1694 1
305 78 237 23 3859 1
306 51 230 17 5632 1
307 28 245 18 6017 1
308 29 225 20 4624 1
309 29 243 29 6169 1
310 57 243 29 6169 1
311 52 228 20 4484 1
312 103 228 20 4484 1
313 51 222 42 9082 1
314 44 212 13 1618 1
315 43 216 17 5189 1
316 77 237 14 4865 1
317 59 225 11 2521 1
318 49 230 15 3202 1
319 29 212 32 6255 1
320 89 243 11 3375 1
321 11 243 18 3198 1
322 36 225 18 4016 1
323 59 220 32 4414 1
324 111 239 19 3444 1
325 31 242 15 3686 1
326 48 225 12 3850 1
327 44 245 12 1559 1
328 51 244 11 3575 1
329 101 244 11 3575 1
330 51 245 15 4634 1
331 44 239 18 2329 1
332 37 245 31 4538 1
333 87 239 33 6549 1
334 31 230 25 6930 1
335 57 245 19 3995 1
336 113 245 19 3995 1
337 44 222 8 2403 1
338 43 212 12 3271 1
339 39 212 10 2803 1
340 30 242 28 5199 1
341 123 216 18 4245 1
342 28 230 15 4074 1
343 7 221 19 4994 1
344 12 228 35 5551 1
345 48 220 15 4685 1
346 28 221 15 2732 1
347 57 228 19 5165 1
348 58 216 16 2197 1
349 49 216 17 4102 1
350 55 221 32 8474 1
351 32 228 27 3782 1
352 27 239 13 2558 1
353 55 228 17 4886 1
354 48 228 22 5351 1
355 31 245 9 3190 1
356 55 245 15 2766 1
357 47 245 10 3102 1
358 44 225 14 2830 1
359 31 225 17 3096 1
360 44 230 17 5269 1
361 9 228 24 3952 1
362 49 212 9 2298 1
363 43 245 8 2276 1
364 61 212 32 7764 1
365 43 243 19 3685 1
366 38 220 13 1667 1
367 42 221 12 3163 1
368 59 220 16 3380 1
369 30 237 24 5875 1
370 59 237 24 5875 1
371 12 230 22 7566 1
372 45 243 30 6207 1
373 58 222 18 2305 1
374 77 239 25 3414 1
375 12 225 12 3411 1
376 31 225 9 1755 1
377 43 220 21 5326 1
378 28 225 24 7119 1
379 30 243 13 2537 1
380 50 245 22 4313 1
381 99 245 22 4313 1
382 58 228 16 2890 1
383 68 245 18 3819 1
384 44 212 17 5015 1
385 31 220 21 5616 1
386 30 222 12 1943 1
387 58 245 14 4396 1
388 44 220 26 3632 1
389 37 237 11 2943 1
390 77 212 16 2820 1
391 43 225 16 3115 1
392 28 244 35 9291 1
393 55 244 35 9291 1
394 82 244 35 9291 1
395 47 222 22 6470 1
396 52 245 52 14560 1
397 70 244 24 5238 1
398 27 212 22 6331 1
399 57 225 28 8816 1
400 113 225 28 8816 1
401 48 243 16 3270 1
402 95 243 16 3270 1
403 51 225 30 3976 1
404 28 230 17 2029 1
405 83 220 27 8248 1
406 17 221 8 2217 1
407 15 255 9 3347 1
408 52 265 11 3432 1
409 43 275 32 9718 1
410 2 264 17 4824 1
411 3 264 17 4824 1
412 5 270 8 2720 1
413 14 259 26 3652 1
414 31 267 16 4524 1
415 61 267 16 4524 1
416 50 255 23 7817 1
417 140 268 23 7011 1
418 50 277 7 2353 1
419 51 264 9 2111 1
420 101 264 9 2111 1
421 30 265 17 3746 1
422 96 276 12 4323 1
423 54 260 13 3273 1
424 30 261 34 9432 1
425 59 261 34 9432 1
426 25 267 17 4565 1
427 105 268 11 2889 1
428 26 258 23 3390 1
429 90 277 15 3930 1
430 183 264 15 3880 1
431 50 257 10 1318 1
432 58 255 10 1893 1
433 29 258 20 4884 1
434 51 258 32 11683 1
435 51 273 24 7761 1
436 25 264 16 4687 1
437 15 277 22 8909 1
438 49 275 11 3455 1
439 57 257 20 7654 1
440 95 273 19 5699 1
441 29 258 9 1768 1
442 51 261 14 4857 1
443 49 267 25 9186 1
444 41 258 16 3517 1
445 81 258 16 3517 1
446 36 246 12 1984 1
447 29 268 9 1955 1
448 21 275 21 4616 1
449 30 259 7 1627 1
450 59 259 7 1627 1
451 42 265 18 5533 1
452 43 246 3 859 1
453 43 261 16 5671 1
454 29 261 13 1907 1
455 81 273 19 5411 1
456 14 264 20 4242 1
457 109 264 12 3524 1
458 29 273 22 8621 1
459 123 268 10 3225 1
460 52 273 12 2347 1
461 29 259 16 4221 1
462 29 257 16 5045 1
463 51 264 15 2535 1
464 101 264 15 2535 1
465 36 275 20 5550 1
466 51 246 27 6250 1
467 16 246 17 5244 1
468 30 277 17 6865 1
469 21 267 8 1252 1
470 37 259 30 9957 1
471 30 270 25 9759 1
472 87 267 17 2864 1
473 16 268 20 7566 1
474 42 257 17 6353 1
475 20 264 16 3148 1
476 30 273 14 3007 1
477 41 259 19 3913 1
478 29 264 5 1461 1
479 37 277 12 3807 1
480 38 260 19 4858 1
481 43 275 22 5324 1
482 30 259 8 2695 1
483 42 264 3 743 1
484 43 268 1 269 1
485 43 273 18 5511 1
486 29 273 24 7876 1
487 57 255 17 4410 1
488 100 274 24 8433 1
489 37 277 5 1215 1
490 47 275 15 3649 1
491 44 255 13 4582 1
492 36 257 14 4419 1
493 71 257 14 4419 1
494 54 255 16 4421 1
495 92 274 30 8584 1
496 29 274 22 3090 1
497 83 260 15 3101 1
498 36 246 16 3926 1
499 93 255 19 2549 1
500 44 258 20 6293 1
501 51 270 18 3868 1
502 30 259 20 3248 1
503 29 267 14 3676 1
504 30 267 19 5245 1
505 10 264 14 4877 1
506 29 246 15 5181 1
507 43 264 9 3235 1
508 15 264 15 4869 1
509 43 260 8 1393 1
510 51 262 19 4399 1
511 43 268 8 1887 1
512 36 260 22 6031 1
513 51 258 17 4768 1
514 36 277 27 10729 1
515 36 261 18 6689 1
516 51 261 27 7862 1
517 51 255 20 4924 1
518 101 255 20 4924 1
519 43 262 15 3448 1
520 29 270 9 3254 1
521 57 270 9 3254 1
522 92 267 5 1740 1
523 30 262 11 1923 1
524 44 274 20 2786 1
525 43 257 12 3606 1
526 48 258 13 4755 1
527 95 258 13 4755 1
528 142 258 13 4755 1
529 189 258 13 4755 1
530 44 257 8 1456 1
531 87 257 8 1456 1
532 29 262 16 4673 1
533 24 276 13 4165 1
534 15 273 9 1317 1
535 50 265 19 4653 1
536 30 276 13 3228 1
537 59 276 13 3228 1
538 29 268 26 7098 1
539 30 275 16 6245 1
540 43 260 11 4152 1
541 57 255 22 2812 1
542 16 270 6 826 1
543 37 259 26 6038 1
544 57 274 8 2602 1
545 30 274 3 852 1
546 95 273 17 5862 1
547 40 262 21 6738 1
548 43 265 13 4541 1
549 94 264 18 5821 1
550 30 259 18 2508 1
551 59 259 18 2508 1
552 35 257 22 6604 1
553 37 255 28 7669 1
554 23 259 21 6587 1
555 37 255 11 3899 1
556 45 260 21 6988 1
557 29 260 4 1203 1
558 29 267 17 5466 1
559 29 277 26 9054 1
560 65 259 16 5015 1
561 34 260 14 3283 1
562 64 259 31 9450 1
563 87 275 31 9904 1
564 58 273 17 6673 1
565 51 262 18 4561 1
566 36 273 21 8295 1
567 37 255 15 3538 1
568 37 270 17 4678 1
569 39 273 7 2247 1
570 44 270 15 4236 1
571 57 270 17 5837 1
572 29 270 17 6111 1
573 57 276 14 3065 1
574 67 276 22 6404 1
575 53 246 25 8642 1
576 100 258 23 6309 1
577 30 265 30 9884 1
578 49 246 17 3499 1
579 54 276 28 11502 1
580 37 260 25 3997 1
581 44 265 27 5205 1
582 51 274 2 576 1
583 31 268 14 2532 1
584 49 255 12 3273 1
585 52 264 6 2122 1
586 30 276 21 4196 1
587 36 270 13 1963 1
588 95 262 19 6689 1
589 29 285 11 4187 1
590 103 279 9 1877 1
591 7 300 17 5928 1
592 25 294 24 5011 1
593 49 294 24 5011 1
594 101 279 29 9153 1
595 93 291 6 2313 1
596 56 286 10 2259 1
597 63 279 23 5900 1
598 58 292 10 2733 1
599 28 278 21 4163 1
600 42 294 16 3263 1
601 25 284 14 4571 1
602 43 284 8 2862 1
603 201 293 11 1737 1
604 135 291 17 4050 1
605 43 294 15 3930 1
606 56 278 22 9103 1
607 43 300 30 6200 1
608 85 300 30 6200 1
609 42 292 10 3445 1
610 140 299 21 3952 1
611 100 278 23 6975 1
612 29 292 9 2631 1
613 45 279 27 7944 1
614 44 292 5 856 1
615 59 293 19 3840 1
616 117 293 19 3840 1
617 58 281 17 4927 1
618 37 293 18 7487 1
619 29 282 10 4127 1
620 57 282 10 4127 1
621 85 282 10 4127 1
622 29 293 18 6655 1
623 57 293 18 6655 1
624 85 293 18 6655 1
625 31 281 26 5523 1
626 30 293 12 4392 1
627 29 278 12 4839 1
628 57 278 12 4839 1
629 85 278 12 4839 1
630 201 292 21 8293 1
631 57 281 10 3060 1
632 6 293 14 5013 1
633 44 291 25 7052 1
634 87 291 25 7052 1
635 29 293 16 2823 1
636 60 281 30 7558 1
637 29 291 19 6021 1
638 57 291 19 6021 1
639 29 278 12 3504 1
640 57 278 12 3504 1
641 59 279 11 1898 1
642 19 300 33 8026 1
643 29 293 13 4141 1
644 29 278 17 4155 1
645 93 291 11 3768 1
646 58 291 12 2027 1
647 27 300 29 10247 1
648 29 291 35 14650 1
649 114 282 20 4440 1
650 43 291 11 2134 1
651 85 291 11 2134 1
652 29 284 19 4925 1
653 90 281 14 4402 1
654 96 285 14 2379 1
655 94 299 21 5329 1
656 58 285 11 3678 1
657 56 279 25 6683 1
658 159 282 20 8055 1
659 44 285 24 10157 1
660 57 286 17 3801 1
661 30 285 13 3843 1
662 59 281 24 9562 1
663 29 292 8 2148 1
664 43 294 14 3480 1
665 56 281 13 2998 1
666 43 300 18 6387 1
667 47 282 12 3408 1
668 55 292 16 3958 1
669 277 279 14 2770 1
670 32 284 7 1603 1
671 58 300 10 4411 1
672 28 294 16 5283 1
673 57 284 23 9127 1
674 61 291 17 2529 1
675 32 282 13 4497 1
676 30 293 12 5246 1
677 58 278 12 2639 1
678 115 278 12 2639 1
679 179 285 15 5266 1
680 27 285 9 3122 1
681 30 282 14 5666 1
682 29 299 18 7705 1
683 44 278 9 1679 1
684 31 291 29 4382 1
685 43 292 14 3860 1
686 148 278 35 13000 1
687 22 279 12 3020 1
688 43 284 22 8826 1
689 43 282 31 9421 1
690 19 294 7 2548 1
691 246 294 15 2444 1
692 29 284 11 1731 1
693 105 278 24 4635 1
694 64 293 11 2568 1
695 29 299 29 7059 1
696 30 293 10 3191 1
697 58 299 21 8047 1
698 115 299 21 8047 1
699 57 282 44 11682 1
700 37 291 14 6030 1
701 58 286 23 8312 1
702 115 286 23 8312 1
703 58 278 12 3821 1
704 43 291 11 3730 1
705 45 291 18 5098 1
706 56 281 26 7345 1
707 29 279 10 1971 1
708 85 300 9 1545 1
709 2 286 19 3732 1
710 22 285 15 4170 1
711 58 292 9 3588 1
712 115 292 9 3588 1
713 172 292 9 3588 1
714 229 292 9 3588 1
715 286 292 9 3588 1
716 57 284 14 2237 1
717 37 293 53 17007 1
718 59 284 19 5744 1
719 117 284 19 5744 1
720 57 299 12 2891 1
721 28 300 14 3850 1
722 59 285 5 755 1
723 60 278 11 3312 1
724 60 282 18 3237 1
725 58 281 20 6696 1
726 31 279 10 3863 1
727 31 292 9 2755 1
728 39 291 17 6680 1
729 28 286 17 5954 1
730 29 292 29 12469 1
731 30 293 16 6302 1
732 61 292 20 4565 1
733 31 284 17 3632 1
734 29 285 20 6188 1
735 30 300 22 5491 1
736 31 285 12 2526 1
737 103 284 12 4149 1
738 181 293 26 9715 1
739 30 292 15 2417 1
740 211 281 7 1055 1
741 29 286 17 5583 1
742 43 282 12 3089 1
743 57 286 32 13446 1
744 113 286 32 13446 1
745 224 291 8 2873 1
746 447 291 8 2873 1
747 29 299 15 4721 1
748 29 285 10 2707 1
749 30 284 25 4280 1
750 59 366 23 7929 1
751 17 331 24 11569 1
752 33 331 24 11569 1
753 57 364 28 8342 1
754 16 368 19 9817 1
755 18 334 28 11537 1
756 73 349 23 9796 1
757 114 335 16 5165 1
758 50 316 16 3085 1
759 49 331 19 7618 1
760 37 332 34 10168 1
761 58 368 36 15413 1
762 36 334 37 7375 1
763 78 364 50 24700 1
764 87 331 16 7679 1
765 58 364 17 8374 1
766 115 364 17 8374 1
767 59 318 35 15839 1
768 51 303 29 12859 1
769 113 332 21 3957 1
770 114 335 30 5611 1
771 37 336 27 6486 1
772 14 336 14 6149 1
773 86 366 25 7770 1
774 58 324 24 6366 1
775 104 324 29 12100 1
776 207 324 29 12100 1
777 105 324 36 11100 1
778 209 324 36 11100 1
779 87 333 40 14882 1
780 15 368 10 5293 1
781 51 331 19 3684 1
782 36 366 23 11081 1
783 15 366 19 7588 1
784 72 366 33 12370 1
785 78 305 35 10045 1
786 50 366 41 21965 1
787 13 335 32 5728 1
788 51 336 33 10156 1
789 79 304 15 5591 1
790 51 365 32 14111 1
791 37 304 16 3959 1
792 91 303 26 9898 1
793 181 303 26 9898 1
794 127 303 24 7434 1
795 79 364 20 8253 1
796 157 364 20 8253 1
797 14 334 33 12551 1
798 27 334 33 12551 1
799 117 334 26 5773 1
800 79 303 14 5329 1
801 78 363 27 5438 1
802 36 304 16 4031 1
803 37 303 17 7319 1
804 58 335 27 7934 1
805 79 303 17 6150 1
806 59 364 12 4577 1
807 117 335 30 10907 1
808 77 304 23 7231 1
809 153 304 23 7231 1
810 229 304 23 7231 1
811 305 304 23 7231 1
812 37 366 17 7509 1
813 73 366 17 7509 1
814 78 365 32 14955 1
815 50 338 10 2328 1
816 50 366 17 6828 1
817 36 331 30 7195 1
818 51 324 13 2732 1
819 78 316 28 9836 1
820 61 332 21 7939 1
821 37 303 21 4249 1
822 79 363 27 13472 1
823 80 335 12 4029 1
824 51 366 12 2820 1
825 71 335 38 10439 1
826 108 338 13 6307 1
827 57 318 19 3814 1
828 15 305 11 2884 1
829 114 323 79 32219 1
830 15 304 14 2302 1
831 119 304 19 4187 1
832 237 304 19 4187 1
833 83 337 11 1877 1
834 91 368 14 3859 1
835 51 364 32 17101 1
836 51 305 21 6541 1
837 75 363 27 6241 1
838 76 335 43 18848 1
839 15 333 42 7933 1
840 55 304 54 15549 1
841 106 338 25 9129 1
842 78 337 67 31808 1
843 78 336 17 7976 1
844 14 304 10 2397 1
845 87 303 64 23163 1
846 16 349 8 3815 1
847 36 349 36 7667 1
848 78 316 31 8131 1
849 155 316 31 8131 1
850 14 349 30 13889 1
851 79 349 16 7004 1
852 15 305 9 2755 1
853 58 324 26 6353 1
854 115 324 26 6353 1
855 122 332 26 8877 1
856 243 332 26 8877 1
857 75 304 29 7568 1
858 53 331 28 7373 1
859 51 349 28 14083 1
860 117 324 24 5808 1
861 16 334 17 5308 1
862 31 334 17 5308 1
863 37 331 17 5394 1
864 79 365 34 13819 1
865 78 349 34 11730 1
866 57 368 22 8809 1
867 120 335 16 5508 1
868 239 335 16 5508 1
869 78 335 30 7299 1
870 52 366 43 12085 1
871 196 365 14 4033 1
872 14 316 23 9267 1
873 15 316 14 6240 1
874 36 324 17 5137 1
875 79 305 42 9982 1
876 157 305 42 9982 1
877 50 366 22 8524 1
878 76 336 18 7708 1
879 57 368 17 6534 1
880 50 366 29 13955 1
881 36 303 14 3650 1
882 80 368 28 14859 1
883 14 323 11 4027 1
884 52 331 10 4592 1
885 36 324 28 4635 1
886 37 316 15 4077 1
887 78 365 23 5977 1
888 57 338 26 11155 1
889 56 332 15 4098 1
890 58 316 15 3062 1
891 74 318 26 5952 1
892 37 365 38 10833 1
893 15 304 27 10873 1
894 58 316 22 9488 1
895 86 318 16 2849 1
896 55 366 45 16300 1
897 89 368 57 21932 1
898 50 335 14 4692 1
899 81 331 21 3663 1
900 108 349 14 6370 1
901 128 364 50 14857 1
902 22 337 10 2270 1
903 78 349 34 14739 1
904 16 368 18 7207 1
905 34 364 32 15541 1
906 58 363 45 9438 1
907 13 365 15 4815 1
908 90 323 18 4540 1
909 113 365 59 21198 1
910 109 335 20 3818 1
911 56 305 16 5012 1
912 50 335 19 9105 1
913 78 366 29 6087 1
914 117 363 30 12520 1
915 76 366 38 15792 1
916 15 363 27 11986 1
917 58 316 27 7058 1
918 77 336 20 4657 1
919 72 332 6 1962 1
920 77 337 35 6224 1
921 75 337 26 10294 1
922 14 338 34 9506 1
923 114 368 32 13550 1
924 58 336 34 16861 1
925 115 336 34 16861 1
926 172 336 34 16861 1
927 229 336 34 16861 1
928 14 349 20 4985 1
929 56 336 17 4353 1
930 51 332 39 17133 1
931 85 305 30 7221 1
932 71 334 17 7391 1
933 77 363 13 4839 1
934 36 323 14 5617 1
935 37 368 15 6806 1
936 121 334 23 9247 1
937 241 334 23 9247 1
938 78 316 36 11082 1
939 77 364 25 9677 1
940 153 364 25 9677 1
941 93 316 11 2221 1
942 50 324 17 7348 1
943 37 305 17 6851 1
944 89 349 28 4921 1
945 78 333 39 6732 1
946 50 363 20 7717 1
947 112 368 7 1522 1
948 73 366 25 8993 1
949 58 365 24 9922 1
950 15 364 24 11242 1
951 50 331 18 4691 1
952 78 368 31 16095 1
953 50 332 23 4567 1
954 57 303 22 3586 1
955 37 335 25 8430 1
956 79 303 26 5733 1
957 157 303 26 5733 1
958 121 366 13 4844 1
959 57 303 14 3619 1
960 113 303 14 3619 1
961 169 303 14 3619 1
962 37 332 24 7381 1
963 78 338 13 2930 1
964 155 338 13 2930 1
965 232 338 13 2930 1
966 78 324 14 6210 1
967 123 332 15 3459 1
968 55 334 33 9020 1
969 15 368 25 10833 1
970 76 365 27 13188 1
971 79 333 35 12627 1
972 37 305 46 11183 1
973 35 318 32 11713 1
974 78 324 20 3978 1
975 16 336 8 2100 1
976 31 336 8 2100 1
977 50 324 15 6364 1
978 99 324 15 6364 1
979 148 324 15 6364 1
980 80 305 12 2764 1
981 57 305 14 5842 1
982 70 334 20 8163 1
983 17 335 25 11881 1
984 33 335 25 11881 1
985 51 305 22 3872 1
986 78 331 32 15410 1
987 155 331 32 15410 1
988 37 368 14 5448 1
989 57 334 20 6073 1
990 89 399 35 19327 1
991 86 396 28 15767 1
992 175 399 35 8744 1
993 108 397 23 12399 1
994 178 397 27 8195 1
995 79 397 34 11690 1
996 79 397 21 5911 1
997 157 397 21 5911 1
998 80 397 26 8927 1
999 79 396 19 4933 1
1000 157 396 19 4933 1
1001 87 399 45 14779 1
1002 79 397 29 13541 1
1003 85 396 46 10846 1
1004 107 397 52 28626 1
1005 15 397 22 8763 1
1006 83 399 36 10332 1
1007 87 396 33 17894 1
1008 165 398 29 7416 1
1009 77 395 22 4408 1
1010 80 397 22 9098 1
1011 13 395 43 17299 1
1012 78 398 23 12116 1
1013 79 399 36 14459 1
1014 82 399 34 13213 1
1015 79 399 34 10351 1
1016 82 396 33 15218 1
1017 80 399 34 18564 1
1018 79 396 43 24484 1
1019 79 398 26 14116 1
1020 11 399 20 4305 1
1021 153 396 21 4725 1
1022 71 399 29 13587 1
1023 93 396 51 18165 1
1024 83 396 41 20275 1
1025 165 396 41 20275 1
1026 247 396 41 20275 1
1027 78 396 42 18728 1
1028 77 397 23 7015 1
1029 87 396 23 10809 1
1030 95 396 51 15875 1
1031 79 399 32 17983 1
1032 8 399 31 12269 1
1033 78 398 32 10250 1
1034 86 397 14 5334 1
1035 78 396 35 13958 1
1036 86 399 29 13914 1
14
503 620 807 620 700 205 255 700 700 700 700 700 200 460 