1036
1 29 134 6 471 1
2 57 134 6 471 1
3 22 137 31 3974 1
4 3 140 4 825 1
5 17 132 11 1190 1
6 33 132 11 1190 1
7 25 138 9 1731 1
8 11 140 5 626 1
9 21 140 5 626 1
10 14 140 4 837 1
11 27 140 4 837 1
12 9 125 6 944 1
13 17 125 6 944 1
14 25 125 6 944 1
15 8 134 12 2182 1
16 7 137 11 853 1
17 13 137 11 853 1
18 20 118 37 2250 1
19 39 118 37 2250 1
20 27 137 10 1364 1
21 53 137 10 1364 1
22 79 137 10 1364 1
23 105 137 10 1364 1
24 9 118 26 4437 1
25 17 118 26 4437 1
26 8 129 20 2488 1
27 21 132 28 2136 1
28 41 132 28 2136 1
29 61 132 28 2136 1
30 8 138 30 5514 1
31 2 133 8 1282 1
32 8 125 5 431 1
33 13 138 9 839 1
34 25 138 9 839 1
35 32 118 4 267 1
36 2 125 8 527 1
37 7 129 7 917 1
38 28 140 9 735 1
39 21 134 10 1352 1
40 4 118 11 1705 1
41 2 134 9 1564 1
42 3 134 9 1564 1
43 24 132 16 1257 1
44 47 132 16 1257 1
45 2 132 8 1013 1
46 14 118 25 3172 1
47 9 140 23 1720 1
48 17 140 23 1720 1
49 25 140 23 1720 1
50 33 140 23 1720 1
51 41 140 23 1720 1
52 25 132 13 1501 1
53 3 132 12 794 1
54 12 129 12 2128 1
55 7 140 5 934 1
56 2 133 14 2550 1
57 25 138 6 957 1
58 9 140 3 424 1
59 6 133 47 6021 1
60 29 133 47 7814 1
61 57 133 47 7814 1
62 31 138 15 2378 1
63 61 138 15 2378 1
64 91 138 15 2378 1
65 3 125 10 1597 1
66 17 140 18 3329 1
67 27 133 4 410 1
68 13 118 10 1042 1
69 27 134 5 353 1
70 8 125 6 790 1
71 15 125 6 790 1
72 9 134 16 2123 1
73 17 134 16 2123 1
74 33 137 14 1152 1
75 19 134 14 1951 1
76 9 133 27 1985 1
77 17 133 27 1985 1
78 25 133 27 1985 1
79 33 133 27 1985 1
80 8 138 9 844 1
81 29 129 5 684 1
82 9 137 5 515 1
83 29 118 6 846 1
84 57 118 6 846 1
85 9 134 5 367 1
86 17 134 5 367 1
87 25 134 5 367 1
88 33 134 5 367 1
89 41 134 5 367 1
90 8 132 5 439 1
91 15 132 5 439 1
92 3 138 23 1968 1
93 8 125 6 500 1
94 15 125 6 500 1
95 23 140 13 1113 1
96 6 129 7 1223 1
97 11 129 7 1223 1
98 16 129 7 1223 1
99 9 140 11 831 1
100 17 140 11 831 1
101 8 118 12 714 1
102 7 194 10 2826 1
103 7 208 9 1125 1
104 16 204 9 2365 1
105 67 184 21 2775 1
106 133 184 21 2775 1
107 199 184 21 2775 1
108 32 204 14 2410 1
109 17 178 28 6944 1
110 44 204 22 4681 1
111 49 207 11 2299 1
112 23 203 20 4423 1
113 43 178 7 1248 1
114 85 178 7 1248 1
115 20 202 13 2884 1
116 44 195 6 1713 1
117 7 167 19 2203 1
118 44 204 17 3797 1
119 87 204 17 3797 1
120 44 202 25 6986 1
121 43 171 6 1515 1
122 50 194 29 4886 1
123 99 194 29 4886 1
124 46 177 20 3961 1
125 20 203 10 2486 1
126 44 197 25 6881 1
127 23 194 16 3280 1
128 5 170 39 6191 1
129 13 203 18 4179 1
130 21 151 9 1809 1
131 6 199 22 2914 1
132 43 205 17 3626 1
133 85 205 17 3626 1
134 43 203 18 5327 1
135 43 202 21 5747 1
136 54 210 8 2124 1
137 107 210 8 2124 1
138 44 207 15 1734 1
139 87 207 15 1734 1
140 43 210 20 5516 1
141 44 203 18 3412 1
142 17 199 14 3214 1
143 5 207 39 4835 1
144 42 199 13 2347 1
145 83 199 13 2347 1
146 50 161 19 2957 1
147 43 208 6 1374 1
148 43 203 15 2977 1
149 22 207 23 2951 1
150 43 207 23 2951 1
151 44 205 22 2540 1
152 87 205 22 2540 1
153 16 205 25 5400 1
154 6 188 39 4309 1
155 43 188 23 5859 1
156 85 188 23 5859 1
157 44 178 32 4921 1
158 43 187 23 3470 1
159 17 197 16 3200 1
160 43 199 13 2757 1
161 44 207 15 3200 1
162 44 151 23 2987 1
163 87 151 23 2987 1
164 130 151 23 2987 1
165 173 151 23 2987 1
166 216 151 23 2987 1
167 6 203 11 1845 1
168 7 199 16 2747 1
169 43 210 20 3545 1
170 45 190 11 2864 1
171 44 194 12 3419 1
172 87 194 12 3419 1
173 130 194 12 3419 1
174 43 210 28 5487 1
175 85 210 28 5487 1
176 42 207 24 5349 1
177 83 207 24 5349 1
178 7 205 20 4785 1
179 7 170 19 3078 1
180 43 195 12 2256 1
181 44 184 6 1246 1
182 87 184 6 1246 1
183 17 203 21 3989 1
184 183 178 21 4218 1
185 14 194 39 6038 1
186 42 195 8 1400 1
187 44 208 13 2748 1
188 44 188 30 8328 1
189 43 177 30 4100 1
190 43 184 8 897 1
191 81 161 6 825 1
192 161 161 6 825 1
193 241 161 6 825 1
194 24 170 23 4632 1
195 44 205 14 4186 1
196 44 208 11 3038 1
197 44 199 12 2450 1
198 41 170 7 878 1
199 36 195 22 3950 1
200 282 188 31 8720 1
201 6 188 34 6671 1
202 7 199 6 1210 1
203 44 190 17 2050 1
204 87 190 17 2050 1
205 43 199 20 3253 1
206 44 167 11 2677 1
207 44 197 47 11333 1
208 6 178 14 3676 1
209 8 208 17 5287 1
210 17 210 7 1962 1
211 43 197 11 1782 1
212 64 149 13 2799 1
213 168 199 9 1873 1
214 44 188 13 1561 1
215 87 188 13 1561 1
216 130 188 13 1561 1
217 173 188 13 1561 1
218 216 188 13 1561 1
219 259 188 13 1561 1
220 44 195 20 4989 1
221 87 195 20 4989 1
222 40 187 18 3263 1
223 43 187 25 5795 1
224 42 199 16 4208 1
225 83 199 16 4208 1
226 44 199 18 1969 1
227 223 188 19 4067 1
228 445 188 19 4067 1
229 44 170 16 3628 1
230 63 178 12 1115 1
231 27 151 14 2226 1
232 7 190 24 2865 1
233 69 202 8 1556 1
234 137 202 8 1556 1
235 22 204 28 4315 1
236 77 184 14 1794 1
237 153 184 14 1794 1
238 6 177 10 1834 1
239 50 208 7 1627 1
240 43 204 21 3368 1
241 23 194 15 2249 1
242 44 184 12 3014 1
243 45 202 13 3367 1
244 89 202 13 3367 1
245 133 202 13 3367 1
246 21 194 19 2462 1
247 51 208 20 2419 1
248 44 181 12 1661 1
249 87 181 12 1661 1
250 24 167 11 1363 1
251 44 205 23 4041 1
252 19 210 12 2923 1
253 5 204 20 3824 1
254 46 161 9 2109 1
255 57 188 21 4740 1
256 31 230 19 3438 1
257 18 220 16 4371 1
258 44 221 29 6873 1
259 87 221 29 6873 1
260 130 221 29 6873 1
261 30 221 46 8808 1
262 57 243 15 3691 1
263 113 243 15 3691 1
264 54 221 15 1846 1
265 107 221 15 1846 1
266 56 245 30 4964 1
267 30 216 14 3863 1
268 58 228 16 3367 1
269 58 221 29 9127 1
270 37 245 19 5128 1
271 30 243 16 5354 1
272 12 228 10 1377 1
273 65 212 15 2143 1
274 44 216 27 3499 1
275 31 212 9 1858 1
276 43 237 20 3824 1
277 100 222 23 3201 1
278 53 230 19 5172 1
279 31 239 50 6690 1
280 61 239 50 6690 1
281 61 222 19 3564 1
282 38 220 6 1477 1
283 55 237 14 4686 1
284 42 237 30 5377 1
285 7 222 18 3092 1
286 46 221 10 1683 1
287 95 228 21 3470 1
288 101 216 15 3362 1
289 50 230 8 1032 1
290 99 230 8 1032 1
291 148 230 8 1032 1
292 44 244 31 8094 1
293 29 243 25 3720 1
294 57 243 25 3720 1
295 112 221 9 2311 1
296 107 221 28 5727 1
297 53 237 28 6784 1
298 43 220 12 3887 1
299 55 228 65 19739 1
300 43 243 14 3666 1
301 85 243 14 3666 1
302 44 230 17 2491 1
303 1 216 37 11789 1
304 1 216 37 11789 1
305 29 220 28 5204 1
306 58 222 13 2805 1
307 11 237 24 6424 1
308 38 230 15 4566 1
309 28 237 16 2579 1
310 29 221 16 5159 1
311 43 228 14 1880 1
312 42 220 12 1954 1
313 83 220 12 1954 1
314 57 244 21 4231 1
315 38 225 16 2749 1
316 43 216 35 6318 1
317 15 212 36 8496 1
318 28 221 21 4540 1
319 84 212 24 6889 1
320 22 220 21 4981 1
321 54 216 8 1720 1
322 57 228 29 8668 1
323 113 228 29 8668 1
324 44 244 23 4275 1
325 16 244 15 4164 1
326 30 228 9 1092 1
327 56 228 19 3623 1
328 44 222 24 4280 1
329 31 245 19 2593 1
330 43 212 21 3994 1
331 30 230 11 2522 1
332 44 245 15 4819 1
333 36 220 13 2610 1
334 101 237 13 3392 1
335 15 221 13 1572 1
336 52 237 21 5426 1
337 47 225 8 2282 1
338 93 225 8 2282 1
339 11 237 15 2490 1
340 21 237 15 2490 1
341 56 228 15 3711 1
342 29 230 12 3989 1
343 57 230 12 3989 1
344 29 228 21 2828 1
345 41 216 25 4497 1
346 81 216 25 4497 1
347 30 244 18 6380 1
348 54 228 15 3999 1
349 10 230 20 5870 1
350 30 243 28 8819 1
351 83 237 32 10595 1
352 30 244 37 6622 1
353 59 244 37 6622 1
354 42 245 19 5913 1
355 83 245 19 5913 1
356 30 245 21 5115 1
357 42 222 21 5732 1
358 113 212 12 1504 1
359 49 225 27 4773 1
360 93 244 25 5292 1
361 57 228 29 4302 1
362 113 228 29 4302 1
363 37 243 38 8598 1
364 53 216 19 4768 1
365 105 216 19 4768 1
366 30 245 11 2962 1
367 44 228 18 2175 1
368 28 228 32 9620 1
369 55 228 32 9620 1
370 54 221 14 1613 1
371 29 243 13 2219 1
372 108 221 17 2478 1
373 43 237 34 6089 1
374 15 216 7 2257 1
375 29 230 21 5240 1
376 30 237 12 3959 1
377 102 221 19 6030 1
378 59 239 13 3833 1
379 117 239 13 3833 1
380 51 243 12 3331 1
381 13 222 20 6542 1
382 58 244 23 5481 1
383 30 245 28 10028 1
384 59 245 28 10028 1
385 30 245 12 2428 1
386 15 221 7 1749 1
387 43 216 32 4233 1
388 44 216 16 1995 1
389 29 216 19 4796 1
390 13 230 59 16239 1
391 28 239 36 10612 1
392 30 220 20 2947 1
393 59 220 20 2947 1
394 88 220 20 2947 1
395 93 216 13 2512 1
396 20 245 42 5263 1
397 11 245 14 4071 1
398 21 245 42 9635 1
399 57 228 10 1492 1
400 45 222 8 1926 1
401 11 244 19 4244 1
402 43 222 16 2311 1
403 85 222 16 2311 1
404 56 230 26 8275 1
405 61 225 22 6729 1
406 43 216 16 4647 1
407 30 275 17 6474 1
408 59 275 17 6474 1
409 42 264 15 5927 1
410 6 267 19 2737 1
411 11 267 19 2737 1
412 16 267 19 2737 1
413 37 267 25 7762 1
414 50 259 18 3601 1
415 20 264 4 1227 1
416 39 264 4 1227 1
417 44 276 24 6795 1
418 87 276 24 6795 1
419 57 270 11 3210 1
420 89 276 27 10535 1
421 90 267 22 8749 1
422 17 270 9 1221 1
423 43 267 14 2864 1
424 85 267 14 2864 1
425 20 277 13 2001 1
426 44 275 7 1909 1
427 92 275 20 6552 1
428 57 259 15 3900 1
429 29 258 14 5311 1
430 35 277 15 4805 1
431 40 262 19 6383 1
432 36 265 19 5832 1
433 104 267 10 2077 1
434 192 270 27 7783 1
435 108 275 20 7064 1
436 21 268 21 7718 1
437 97 276 17 5614 1
438 95 262 13 2225 1
439 29 260 8 2303 1
440 30 264 16 5070 1
441 29 277 22 5020 1
442 57 277 22 5020 1
443 50 274 23 4215 1
444 99 274 23 4215 1
445 31 276 17 4831 1
446 61 276 17 4831 1
447 30 267 23 4547 1
448 19 257 19 4548 1
449 36 270 25 10041 1
450 93 260 16 4159 1
451 47 276 11 4332 1
452 99 257 14 4124 1
453 37 275 5 756 1
454 73 275 5 756 1
455 57 261 15 4598 1
456 169 275 27 9061 1
457 38 274 18 3348 1
458 29 268 20 5953 1
459 57 268 20 5953 1
460 31 275 20 4142 1
461 44 268 13 4620 1
462 103 274 16 2617 1
463 36 276 16 4123 1
464 96 255 18 6688 1
465 191 255 18 6688 1
466 35 274 19 7311 1
467 30 258 33 12123 1
468 108 276 22 4034 1
469 43 260 23 8657 1
470 50 268 15 5571 1
471 93 261 13 4877 1
472 93 268 4 794 1
473 102 268 14 3027 1
474 96 274 20 3809 1
475 44 276 15 2253 1
476 105 259 9 1936 1
477 209 259 9 1936 1
478 37 270 7 1588 1
479 37 261 21 5101 1
480 105 261 27 5870 1
481 29 273 8 1751 1
482 21 270 20 4771 1
483 41 270 20 4771 1
484 61 270 20 4771 1
485 37 267 18 2702 1
486 93 273 8 1319 1
487 185 273 8 1319 1
488 36 259 8 2286 1
489 51 255 23 6695 1
490 56 257 8 2305 1
491 108 255 16 2829 1
492 32 265 15 4404 1
493 63 265 15 4404 1
494 57 264 19 4504 1
495 80 264 17 5994 1
496 96 270 31 7262 1
497 43 258 11 3936 1
498 99 260 6 806 1
499 29 255 10 1584 1
500 43 274 31 8826 1
501 59 268 21 8264 1
502 47 277 24 9293 1
503 29 255 19 2825 1
504 57 255 19 2825 1
505 51 264 16 5758 1
506 29 257 27 7595 1
507 43 273 16 2588 1
508 29 257 19 2942 1
509 52 258 9 3033 1
510 45 257 21 5765 1
511 43 273 16 4906 1
512 31 274 19 4996 1
513 61 274 19 4996 1
514 91 274 19 4996 1
515 104 268 14 5614 1
516 14 275 13 3621 1
517 43 258 11 2549 1
518 43 260 20 3589 1
519 29 261 8 2277 1
520 30 257 9 1911 1
521 25 270 17 4683 1
522 38 260 6 1216 1
523 30 257 13 2113 1
524 89 273 15 2924 1
525 147 264 10 3394 1
526 51 264 11 2909 1
527 50 273 14 5375 1
528 43 259 12 1910 1
529 85 259 12 1910 1
530 45 260 15 2044 1
531 37 261 11 2895 1
532 51 276 4 1309 1
533 101 276 4 1309 1
534 151 276 4 1309 1
535 51 270 14 2965 1
536 58 277 17 3561 1
537 94 260 12 4448 1
538 51 259 24 3646 1
539 57 259 14 4257 1
540 15 260 15 3699 1
541 97 270 19 5694 1
542 43 261 21 5008 1
543 36 274 7 2295 1
544 85 270 28 7496 1
545 42 262 15 2896 1
546 44 246 2 566 1
547 46 277 21 6848 1
548 59 246 5 1604 1
549 36 260 10 2990 1
550 29 267 19 3250 1
551 44 274 17 5467 1
552 34 262 26 6870 1
553 99 277 3 809 1
554 197 277 3 809 1
555 17 270 17 3384 1
556 43 267 5 1205 1
557 20 260 12 3934 1
558 28 274 13 3486 1
559 58 277 14 5442 1
560 30 268 26 4648 1
561 37 273 14 3210 1
562 15 270 15 4932 1
563 31 277 21 3838 1
564 37 255 24 5340 1
565 22 276 13 2054 1
566 37 277 17 6480 1
567 50 274 19 3334 1
568 44 258 18 4542 1
569 43 261 10 1574 1
570 85 261 10 1574 1
571 31 261 14 3949 1
572 30 270 20 7383 1
573 44 259 3 824 1
574 58 277 22 4389 1
575 37 261 17 3727 1
576 30 261 22 5782 1
577 44 276 23 3351 1
578 36 264 20 5084 1
579 43 257 17 6353 1
580 31 265 23 7208 1
581 36 270 17 4629 1
582 58 260 41 5912 1
583 51 267 9 1762 1
584 173 274 13 4777 1
585 117 265 19 3091 1
586 103 246 12 3215 1
587 43 246 26 6543 1
588 16 275 10 2244 1
589 58 292 16 5437 1
590 55 278 16 5012 1
591 109 278 16 5012 1
592 29 300 8 3543 1
593 43 282 18 6279 1
594 58 285 35 11218 1
595 58 286 15 6096 1
596 55 281 18 6403 1
597 109 281 18 6403 1
598 57 294 38 7229 1
599 47 286 18 5171 1
600 43 299 18 8058 1
601 64 293 19 5874 1
602 58 282 17 4084 1
603 57 279 16 2588 1
604 58 294 13 3577 1
605 22 293 25 10629 1
606 57 278 17 4022 1
607 57 286 13 2289 1
608 56 278 14 5794 1
609 57 279 9 2127 1
610 113 279 9 2127 1
611 169 279 9 2127 1
612 38 284 17 4225 1
613 44 291 14 5310 1
614 58 282 8 1634 1
615 56 300 15 6248 1
616 37 282 14 2116 1
617 58 294 23 4678 1
618 115 294 23 4678 1
619 172 294 23 4678 1
620 57 299 18 5615 1
621 58 293 22 9264 1
622 56 282 29 8346 1
623 44 300 8 2058 1
624 28 300 19 6962 1
625 63 286 16 6625 1
626 59 285 9 3377 1
627 22 281 8 1641 1
628 57 292 21 4232 1
629 32 294 20 6739 1
630 63 294 20 6739 1
631 56 286 9 3571 1
632 111 286 9 3571 1
633 58 291 17 5368 1
634 48 281 17 6096 1
635 57 278 17 2909 1
636 57 285 16 6316 1
637 28 282 12 4675 1
638 37 300 18 3331 1
639 57 279 23 3232 1
640 7 291 14 4421 1
641 57 300 7 2797 1
642 29 300 27 6055 1
643 30 284 22 6990 1
644 150 286 13 5537 1
645 86 291 18 7214 1
646 28 293 8 3467 1
647 55 293 8 3467 1
648 82 293 8 3467 1
649 57 291 18 4770 1
650 57 286 18 6670 1
651 92 300 19 6692 1
652 13 300 17 5236 1
653 38 284 23 3345 1
654 58 281 17 2928 1
655 59 293 27 11073 1
656 58 281 14 5038 1
657 58 279 16 5363 1
658 60 284 15 6213 1
659 28 286 13 4244 1
660 57 278 21 8253 1
661 30 299 10 2205 1
662 59 299 10 2205 1
663 57 279 37 6658 1
664 113 279 37 6658 1
665 43 284 18 2781 1
666 85 284 18 2781 1
667 30 294 18 4278 1
668 115 285 17 2915 1
669 58 279 16 6048 1
670 115 279 16 6048 1
671 172 279 16 6048 1
672 43 286 11 4267 1
673 34 282 13 4436 1
674 95 300 15 2666 1
675 36 282 15 5626 1
676 30 278 20 3397 1
677 83 278 7 1064 1
678 59 285 21 6527 1
679 57 286 8 3221 1
680 19 294 21 3796 1
681 63 294 8 3396 1
682 31 291 18 2744 1
683 79 300 19 5105 1
684 57 293 24 5222 1
685 98 293 15 5592 1
686 58 281 17 6608 1
687 115 281 17 6608 1
688 57 279 15 2627 1
689 44 285 16 5944 1
690 29 278 19 5829 1
691 29 285 14 3786 1
692 31 300 15 5845 1
693 25 279 18 5378 1
694 30 300 34 9576 1
695 42 279 23 6703 1
696 58 292 18 7166 1
697 37 278 11 3903 1
698 58 300 9 2293 1
699 115 300 9 2293 1
700 30 292 21 8884 1
701 43 279 16 2593 1
702 31 282 4 1225 1
703 58 292 26 6980 1
704 115 292 26 6980 1
705 30 291 17 6192 1
706 183 300 11 2814 1
707 58 291 9 3057 1
708 57 282 12 4609 1
709 93 294 34 10084 1
710 58 281 15 5420 1
711 115 281 15 5420 1
712 172 281 15 5420 1
713 29 281 23 4125 1
714 57 281 15 3965 1
715 31 291 8 3455 1
716 88 282 14 3783 1
717 72 284 16 3137 1
718 85 292 27 8200 1
719 26 286 13 3280 1
720 28 299 20 5734 1
721 52 281 24 6799 1
722 31 285 10 2811 1
723 44 279 20 4725 1
724 42 282 12 3008 1
725 178 293 20 3949 1
726 127 282 9 2038 1
727 36 300 8 1741 1
728 57 294 10 2076 1
729 113 294 10 2076 1
730 169 294 10 2076 1
731 43 286 10 1801 1
732 30 285 19 4215 1
733 43 282 12 4297 1
734 85 282 12 4297 1
735 19 291 17 5207 1
736 44 293 25 4636 1
737 58 294 12 3945 1
738 58 294 7 1922 1
739 29 293 21 8510 1
740 58 285 7 2299 1
741 30 286 19 3562 1
742 58 292 16 4981 1
743 115 292 16 4981 1
744 31 294 10 3035 1
745 42 286 11 2468 1
746 29 278 16 3700 1
747 28 284 16 2562 1
748 55 284 16 2562 1
749 50 281 16 4216 1
750 50 318 22 7089 1
751 37 332 32 9473 1
752 76 316 38 12081 1
753 50 363 28 9372 1
754 79 366 31 14222 1
755 36 324 25 4425 1
756 14 323 11 3011 1
757 117 365 33 16963 1
758 51 336 13 2539 1
759 36 336 25 9958 1
760 28 324 22 6428 1
761 80 364 11 2564 1
762 79 305 28 9579 1
763 73 304 46 18351 1
764 36 338 18 4519 1
765 37 332 70 21169 1
766 79 335 11 2874 1
767 157 335 11 2874 1
768 235 335 11 2874 1
769 72 304 12 4012 1
770 143 304 12 4012 1
771 36 305 19 7907 1
772 79 333 16 4206 1
773 78 316 13 4199 1
774 73 333 16 3519 1
775 57 318 11 4158 1
776 57 332 27 6658 1
777 51 337 8 1898 1
778 15 366 22 5071 1
779 58 331 31 7167 1
780 51 333 29 8793 1
781 14 323 36 14759 1
782 78 365 51 14453 1
783 17 349 22 10481 1
784 50 316 14 3350 1
785 116 323 40 17153 1
786 231 323 40 17153 1
787 15 316 46 9495 1
788 87 364 24 7277 1
789 56 333 20 9709 1
790 38 349 8 3906 1
791 78 331 35 7626 1
792 155 331 35 7626 1
793 115 368 11 3085 1
794 51 332 22 8113 1
795 113 332 47 15465 1
796 57 324 17 6288 1
797 79 332 9 4190 1
798 62 337 19 7196 1
799 112 316 25 9161 1
800 115 324 9 3415 1
801 73 336 19 5802 1
802 52 368 45 23593 1
803 103 368 45 23593 1
804 78 368 19 8587 1
805 113 303 24 4235 1
806 86 304 19 7630 1
807 57 349 66 30976 1
808 37 336 20 9541 1
809 57 316 11 2057 1
810 57 331 32 6478 1
811 57 368 33 7242 1
812 57 303 15 6636 1
813 87 332 38 15325 1
814 50 323 24 9196 1
815 57 334 15 7250 1
816 74 304 20 6213 1
817 90 366 16 6928 1
818 78 337 14 4098 1
819 56 305 15 4943 1
820 75 366 42 13671 1
821 112 337 27 6040 1
822 51 331 23 9361 1
823 79 303 23 3699 1
824 157 303 23 3699 1
825 78 304 23 6603 1
826 155 304 23 6603 1
827 58 331 55 17355 1
828 79 318 18 2882 1
829 57 336 17 8256 1
830 79 318 25 4795 1
831 157 318 25 4795 1
832 38 333 20 6150 1
833 75 333 20 6150 1
834 36 349 9 3796 1
835 71 349 9 3796 1
836 106 349 9 3796 1
837 77 316 18 7182 1
838 58 332 15 5234 1
839 13 323 18 7839 1
840 25 323 18 7839 1
841 80 305 26 11188 1
842 79 304 33 13262 1
843 101 332 43 19753 1
844 16 331 14 6358 1
845 50 363 21 10422 1
846 107 303 54 15318 1
847 57 332 41 13829 1
848 50 335 18 8280 1
849 14 336 22 9007 1
850 74 349 54 22329 1
851 125 324 44 8676 1
852 249 324 44 8676 1
853 373 324 44 8676 1
854 121 334 19 6222 1
855 36 331 10 1891 1
856 57 305 14 3025 1
857 57 338 36 11269 1
858 114 368 20 9366 1
859 35 336 18 3957 1
860 69 336 18 3957 1
861 79 305 9 3644 1
862 78 331 20 7729 1
863 71 336 27 8300 1
864 36 337 11 4401 1
865 70 363 38 19134 1
866 18 318 13 6168 1
867 74 303 24 9770 1
868 147 303 24 9770 1
869 79 305 24 3810 1
870 157 305 24 3810 1
871 78 316 25 8475 1
872 15 338 12 3123 1
873 29 338 12 3123 1
874 57 337 28 6824 1
875 58 336 32 5678 1
876 79 338 30 11790 1
877 74 304 22 4245 1
878 57 318 19 8560 1
879 58 365 16 5975 1
880 50 336 11 2987 1
881 99 336 11 2987 1
882 36 335 30 11035 1
883 89 337 34 16384 1
884 177 337 34 16384 1
885 38 304 21 9512 1
886 79 335 19 8360 1
887 57 324 48 22209 1
888 36 365 14 6550 1
889 15 366 26 13807 1
890 73 324 26 4935 1
891 52 334 21 8989 1
892 17 303 35 11673 1
893 56 316 33 7279 1
894 51 324 14 3659 1
895 92 363 23 7835 1
896 79 368 24 9555 1
897 87 316 12 5607 1
898 37 318 16 5862 1
899 59 334 20 4118 1
900 15 366 19 4290 1
901 79 335 20 6258 1
902 51 363 25 6861 1
903 51 331 35 17137 1
904 101 331 35 17137 1
905 93 333 16 6188 1
906 36 324 12 4332 1
907 37 334 25 4473 1
908 78 324 55 16904 1
909 155 324 55 16904 1
910 51 331 13 2741 1
911 114 366 30 5777 1
912 51 323 13 2461 1
913 36 332 18 7439 1
914 88 363 29 9615 1
915 59 316 25 11305 1
916 116 331 23 4419 1
917 58 338 15 7366 1
918 36 334 26 10461 1
919 57 363 23 6677 1
920 50 365 21 9392 1
921 50 364 17 3594 1
922 77 324 8 3854 1
923 35 338 13 6351 1
924 86 349 25 5914 1
925 58 305 39 9405 1
926 115 305 39 9405 1
927 78 305 25 7030 1
928 85 332 30 10908 1
929 169 332 30 10908 1
930 90 336 55 21946 1
931 54 349 30 12587 1
932 153 331 33 6820 1
933 73 323 36 14914 1
934 38 323 20 6865 1
935 37 324 22 7340 1
936 57 305 33 11422 1
937 55 349 29 10492 1
938 124 337 17 4622 1
939 116 304 15 3611 1
940 104 337 16 4175 1
941 72 364 21 6221 1
942 86 337 14 4435 1
943 104 334 10 3144 1
944 59 365 14 5265 1
945 79 318 19 6432 1
946 50 323 26 11182 1
947 57 349 11 2161 1
948 37 364 24 11545 1
949 56 366 52 22323 1
950 74 338 17 5999 1
951 147 338 17 5999 1
952 57 338 35 11761 1
953 37 337 13 3913 1
954 16 305 22 5528 1
955 59 363 34 14783 1
956 17 349 17 7747 1
957 57 366 26 6996 1
958 16 368 22 9684 1
959 110 332 26 6396 1
960 58 335 79 21872 1
961 115 335 79 21872 1
962 58 363 28 9843 1
963 57 349 19 9854 1
964 106 303 13 4181 1
965 78 316 13 4166 1
966 78 303 7 1252 1
967 87 304 21 7634 1
968 17 349 20 4786 1
969 33 349 20 4786 1
970 78 324 16 6705 1
971 37 364 14 5613 1
972 13 338 34 16258 1
973 187 364 21 8637 1
974 57 336 27 12441 1
975 113 336 27 12441 1
976 78 323 15 5629 1
977 106 366 11 4461 1
978 36 304 12 3345 1
979 37 349 26 6659 1
980 50 335 30 9326 1
981 38 335 40 19187 1
982 75 335 40 19187 1
983 112 335 40 19187 1
984 78 331 14 3287 1
985 51 336 43 20482 1
986 96 324 47 13102 1
987 37 338 16 3249 1
988 57 304 25 9879 1
989 113 304 25 9879 1
990 6 396 47 11622 1
991 9 398 20 11792 1
992 77 397 26 11231 1
993 72 399 12 2799 1
994 76 398 28 6543 1
995 77 399 36 15521 1
996 77 399 36 20416 1
997 86 399 22 5932 1
998 14 398 32 8079 1
999 27 398 32 8079 1
1000 78 395 20 4196 1
1001 90 395 34 7249 1
1002 109 398 25 12592 1
1003 11 398 52 12311 1
1004 74 398 14 5357 1
1005 91 399 30 9467 1
1006 117 397 34 10947 1
1007 154 396 31 9482 1
1008 90 398 37 11720 1
1009 85 397 24 11073 1
1010 147 399 31 14367 1
1011 112 395 31 12744 1
1012 110 399 34 12380 1
1013 112 396 28 14667 1
1014 171 396 29 12939 1
1015 84 399 29 15595 1
1016 182 398 28 6562 1
1017 11 397 30 13364 1
1018 87 397 19 5410 1
1019 80 399 24 8210 1
1020 88 395 42 9881 1
1021 79 396 24 7934 1
1022 157 396 24 7934 1
1023 175 399 42 15742 1
1024 9 396 24 10038 1
1025 72 397 21 9800 1
1026 177 397 34 16906 1
1027 91 399 32 8472 1
1028 187 399 22 6494 1
1029 79 396 67 27849 1
1030 77 395 43 10724 1
1031 78 396 21 9708 1
1032 155 396 21 9708 1
1033 12 395 26 9301 1
1034 79 398 31 14399 1
1035 77 397 29 13714 1
1036 86 397 29 9882 1
14
503 620 807 620 700 205 255 700 700 700 700 700 200 460 