1036
1 7 137 28 4998 1
2 13 137 28 4998 1
3 19 137 28 4998 1
4 9 138 8 1393 1
5 19 140 5 769 1
6 37 140 5 769 1
7 55 140 5 769 1
8 73 140 5 769 1
9 8 118 3 437 1
10 10 134 7 1099 1
11 23 129 13 1327 1
12 23 138 20 2144 1
13 23 138 15 2585 1
14 34 138 36 5691 1
15 67 138 36 5691 1
16 14 134 15 2977 1
17 7 138 14 2460 1
18 13 138 14 2460 1
19 19 138 14 2460 1
20 25 138 14 2460 1
21 3 140 3 427 1
22 15 125 4 309 1
23 8 133 14 2068 1
24 10 118 4 356 1
25 23 137 20 2776 1
26 45 137 20 2776 1
27 7 137 34 4161 1
28 20 129 4 768 1
29 39 129 4 768 1
30 58 129 4 768 1
31 8 134 7 1109 1
32 8 125 6 728 1
33 15 125 6 728 1
34 5 137 17 1445 1
35 17 133 19 2145 1
36 33 133 19 2145 1
37 49 133 19 2145 1
38 9 132 21 2903 1
39 9 132 43 5794 1
40 17 132 43 5794 1
41 25 132 43 5794 1
42 8 129 15 1126 1
43 15 129 15 1126 1
44 22 129 15 1126 1
45 3 132 10 1182 1
46 2 134 24 1895 1
47 3 134 24 1895 1
48 8 138 21 3647 1
49 78 138 17 3093 1
50 8 133 20 3345 1
51 3 118 16 1867 1
52 15 125 19 1411 1
53 9 134 7 630 1
54 17 134 7 630 1
55 9 118 9 1154 1
56 31 125 5 894 1
57 9 137 14 980 1
58 17 137 14 980 1
59 2 132 21 3091 1
60 3 132 21 3091 1
61 9 125 22 1862 1
62 17 125 22 1862 1
63 25 125 22 1862 1
64 33 125 22 1862 1
65 41 125 22 1862 1
66 49 125 22 1862 1
67 6 134 6 421 1
68 9 133 8 1519 1
69 8 134 15 1861 1
70 2 138 7 1215 1
71 24 118 17 1344 1
72 47 118 17 1344 1
73 70 118 17 1344 1
74 2 125 26 2075 1
75 8 132 8 614 1
76 15 132 8 614 1
77 22 132 8 614 1
78 29 132 8 614 1
79 7 140 10 1364 1
80 12 129 20 2172 1
81 23 129 20 2172 1
82 34 129 20 2172 1
83 45 129 20 2172 1
84 56 129 20 2172 1
85 67 129 20 2172 1
86 78 129 20 2172 1
87 9 137 4 586 1
88 17 137 4 586 1
89 9 118 3 296 1
90 2 138 15 2982 1
91 3 138 15 2982 1
92 13 125 11 1189 1
93 9 132 20 1534 1
94 18 137 5 834 1
95 2 129 12 1552 1
96 3 129 12 1552 1
97 8 134 8 1026 1
98 15 134 8 1026 1
99 22 134 8 1026 1
100 29 134 8 1026 1
101 19 138 25 4823 1
102 15 210 27 3411 1
103 67 194 22 4552 1
104 328 171 15 2828 1
105 44 197 8 1459 1
106 6 203 26 7039 1
107 44 208 17 4214 1
108 20 188 20 3788 1
109 43 205 34 9784 1
110 268 187 6 1319 1
111 48 149 26 2060 1
112 43 197 14 3344 1
113 85 197 14 3344 1
114 7 161 34 4214 1
115 19 184 13 2057 1
116 37 184 13 2057 1
117 44 187 16 4321 1
118 50 167 19 4139 1
119 55 195 15 2683 1
120 109 195 15 2683 1
121 163 195 15 2683 1
122 37 205 52 13000 1
123 43 187 15 2351 1
124 43 210 25 3237 1
125 16 199 12 1942 1
126 31 199 12 1942 1
127 64 203 15 2839 1
128 127 203 15 2839 1
129 44 178 12 1611 1
130 43 167 13 2794 1
131 85 167 13 2794 1
132 43 190 11 1849 1
133 85 190 11 1849 1
134 127 190 11 1849 1
135 169 190 11 1849 1
136 211 190 11 1849 1
137 5 161 11 1415 1
138 32 199 25 4244 1
139 44 197 48 5623 1
140 87 197 48 5623 1
141 16 210 10 1790 1
142 44 178 13 3205 1
143 19 190 24 4575 1
144 43 177 9 1915 1
145 85 177 9 1915 1
146 127 177 9 1915 1
147 169 177 9 1915 1
148 57 188 18 4757 1
149 44 171 11 1540 1
150 23 177 25 5761 1
151 45 177 25 5761 1
152 7 197 10 1191 1
153 44 210 38 4794 1
154 44 161 14 2203 1
155 5 204 15 2292 1
156 55 199 42 9176 1
157 109 199 42 9176 1
158 21 199 44 10489 1
159 18 167 18 2704 1
160 44 210 12 2189 1
161 87 210 12 2189 1
162 31 151 6 1015 1
163 6 188 12 2166 1
164 16 210 10 1386 1
165 43 151 23 4127 1
166 16 207 13 3405 1
167 43 210 25 6891 1
168 85 210 25 6891 1
169 23 184 5 925 1
170 69 184 12 2580 1
171 137 184 12 2580 1
172 7 181 22 2013 1
173 45 167 13 1231 1
174 15 199 12 1678 1
175 29 199 12 1678 1
176 43 190 10 1555 1
177 85 190 10 1555 1
178 127 190 10 1555 1
179 169 190 10 1555 1
180 7 171 16 1763 1
181 13 171 16 1763 1
182 7 194 10 2216 1
183 43 208 17 1873 1
184 6 184 16 4263 1
185 20 204 17 3482 1
186 20 195 14 2425 1
187 39 195 14 2425 1
188 25 149 14 2369 1
189 43 178 8 1737 1
190 6 171 32 6866 1
191 44 181 10 1514 1
192 80 181 19 2532 1
193 43 203 11 2398 1
194 5 188 35 4704 1
195 43 199 39 5710 1
196 20 203 8 1092 1
197 25 202 24 5849 1
198 29 204 30 6418 1
199 19 203 16 4418 1
200 44 204 19 4419 1
201 87 204 19 4419 1
202 45 202 35 9081 1
203 89 202 35 9081 1
204 6 188 17 4746 1
205 45 167 31 4268 1
206 23 161 24 3408 1
207 44 188 13 3066 1
208 22 170 27 6764 1
209 6 149 6 586 1
210 44 177 24 5417 1
211 87 177 24 5417 1
212 130 177 24 5417 1
213 43 210 12 1366 1
214 43 190 14 3193 1
215 85 190 14 3193 1
216 5 207 17 1798 1
217 15 170 6 840 1
218 44 178 34 6950 1
219 44 170 12 1711 1
220 25 177 18 2035 1
221 44 195 25 6697 1
222 6 190 18 4326 1
223 11 190 18 4326 1
224 43 197 19 3643 1
225 85 197 19 3643 1
226 43 203 15 2776 1
227 25 161 6 1214 1
228 6 151 14 1124 1
229 20 190 10 1130 1
230 45 197 52 7775 1
231 44 161 16 3162 1
232 5 167 14 2439 1
233 43 202 24 6900 1
234 43 195 16 2958 1
235 85 195 16 2958 1
236 16 203 21 2636 1
237 44 151 16 1751 1
238 87 151 16 1751 1
239 20 161 16 1622 1
240 44 188 11 2157 1
241 24 194 9 2371 1
242 44 177 34 5833 1
243 44 210 17 5339 1
244 87 210 17 5339 1
245 42 195 18 3939 1
246 44 178 19 2666 1
247 6 208 12 2252 1
248 35 203 23 2863 1
249 69 203 23 2863 1
250 43 203 22 5370 1
251 85 203 22 5370 1
252 127 203 22 5370 1
253 169 203 22 5370 1
254 13 187 9 976 1
255 25 187 9 976 1
256 44 228 19 4036 1
257 57 239 10 2861 1
258 44 239 28 4423 1
259 53 216 19 2941 1
260 105 216 19 2941 1
261 28 245 36 10469 1
262 44 244 12 2545 1
263 58 220 15 3003 1
264 30 221 21 6846 1
265 59 244 27 6463 1
266 106 228 15 2327 1
267 14 244 21 2821 1
268 107 243 18 5658 1
269 15 222 24 6438 1
270 37 244 14 2015 1
271 88 230 12 3503 1
272 29 222 31 10134 1
273 44 212 19 2601 1
274 30 221 36 4643 1
275 52 220 14 4545 1
276 31 239 11 3663 1
277 61 239 11 3663 1
278 30 245 8 2369 1
279 29 244 24 7861 1
280 43 245 28 9969 1
281 44 221 9 1551 1
282 49 228 22 5367 1
283 97 228 22 5367 1
284 145 228 22 5367 1
285 31 216 11 2711 1
286 61 216 11 2711 1
287 91 216 11 2711 1
288 121 216 11 2711 1
289 56 245 19 6339 1
290 55 221 15 3259 1
291 29 222 21 4997 1
292 84 245 9 2693 1
293 54 225 40 11708 1
294 58 222 33 5176 1
295 56 230 17 4010 1
296 28 225 20 3539 1
297 9 242 21 4683 1
298 60 212 12 1619 1
299 44 222 23 6524 1
300 44 216 13 3177 1
301 36 244 6 1085 1
302 30 245 6 1333 1
303 54 239 17 3121 1
304 50 212 18 4357 1
305 44 244 18 6316 1
306 7 225 9 2312 1
307 86 244 11 3509 1
308 171 244 11 3509 1
309 42 245 23 3320 1
310 48 242 25 8660 1
311 118 228 15 4077 1
312 20 237 23 3353 1
313 99 243 19 4747 1
314 44 228 19 3588 1
315 45 242 8 2407 1
316 31 237 24 7496 1
317 44 222 15 4009 1
318 42 228 18 2781 1
319 70 225 30 5289 1
320 44 221 21 4178 1
321 87 221 21 4178 1
322 52 237 13 1566 1
323 16 228 19 2431 1
324 43 244 11 2129 1
325 81 221 9 1597 1
326 161 221 9 1597 1
327 36 220 32 9098 1
328 44 216 13 3532 1
329 102 220 14 4147 1
330 16 243 17 4406 1
331 31 225 19 2927 1
332 98 228 20 4474 1
333 195 228 20 4474 1
334 38 222 14 1688 1
335 45 212 20 5165 1
336 118 221 15 3925 1
337 48 237 37 10767 1
338 107 221 22 6586 1
339 213 221 22 6586 1
340 47 216 15 3818 1
341 72 216 18 3795 1
342 32 221 17 2453 1
343 19 244 25 7199 1
344 1 245 21 6412 1
345 44 212 31 9384 1
346 31 237 13 2844 1
347 90 242 13 2367 1
348 50 225 6 1085 1
349 99 225 6 1085 1
350 29 222 12 2423 1
351 55 244 21 7525 1
352 114 244 21 3010 1
353 12 230 19 3028 1
354 23 230 19 3028 1
355 52 212 38 5856 1
356 30 216 19 4332 1
357 59 216 19 4332 1
358 35 230 11 2460 1
359 42 230 13 2396 1
360 83 230 13 2396 1
361 49 225 28 6515 1
362 9 242 27 9331 1
363 56 239 22 2886 1
364 56 237 11 3639 1
365 111 237 11 3639 1
366 57 239 62 15626 1
367 5 225 13 2514 1
368 9 225 13 2514 1
369 48 239 12 2009 1
370 58 245 13 3867 1
371 58 212 15 1897 1
372 44 245 16 3062 1
373 59 222 15 3635 1
374 7 225 14 3518 1
375 31 221 21 3679 1
376 62 245 10 3396 1
377 58 230 17 3818 1
378 27 230 14 1883 1
379 53 230 14 1883 1
380 43 222 18 2294 1
381 44 242 37 10507 1
382 11 244 15 2101 1
383 53 212 24 7257 1
384 43 245 8 1448 1
385 30 245 11 1884 1
386 44 221 31 9246 1
387 27 221 11 1920 1
388 47 216 8 2212 1
389 50 243 15 4113 1
390 41 239 18 4334 1
391 44 237 14 4858 1
392 87 237 14 4858 1
393 56 230 13 3694 1
394 43 222 13 1718 1
395 13 220 9 1262 1
396 51 228 27 6072 1
397 51 245 37 13043 1
398 78 212 22 3753 1
399 48 237 14 1737 1
400 30 245 27 7933 1
401 30 222 15 2880 1
402 55 222 31 5592 1
403 10 225 29 7394 1
404 44 237 13 2084 1
405 29 239 33 5339 1
406 57 239 33 5339 1
407 40 265 10 3503 1
408 30 257 16 2249 1
409 43 267 14 3229 1
410 29 259 11 3925 1
411 57 259 11 3925 1
412 85 259 11 3925 1
413 113 259 11 3925 1
414 141 259 11 3925 1
415 36 275 17 5977 1
416 92 270 10 1571 1
417 50 257 18 5538 1
418 57 275 17 5298 1
419 14 270 18 3980 1
420 43 255 11 2687 1
421 15 270 16 3809 1
422 44 270 9 2761 1
423 183 262 14 3654 1
424 97 267 21 4390 1
425 29 265 18 3583 1
426 36 268 16 4588 1
427 29 274 15 5282 1
428 57 274 15 5282 1
429 38 273 28 11137 1
430 75 273 28 11137 1
431 30 259 13 3457 1
432 40 257 8 3072 1
433 30 268 17 5381 1
434 88 261 17 2974 1
435 16 246 16 2497 1
436 43 260 11 2517 1
437 43 257 21 5309 1
438 85 257 21 5309 1
439 127 257 21 5309 1
440 30 262 20 4394 1
441 44 246 21 7056 1
442 100 257 4 1405 1
443 26 264 16 4873 1
444 29 273 17 4445 1
445 38 246 15 1855 1
446 90 275 19 6145 1
447 43 262 29 9703 1
448 85 276 21 3192 1
449 57 264 28 5789 1
450 108 274 19 3458 1
451 50 255 16 2226 1
452 39 264 20 6951 1
453 42 268 13 5075 1
454 27 264 14 2181 1
455 36 246 19 3848 1
456 25 258 17 3571 1
457 58 258 10 3674 1
458 41 262 16 2306 1
459 15 257 26 7721 1
460 36 262 11 3394 1
461 30 259 19 3256 1
462 59 277 16 4344 1
463 85 261 15 5711 1
464 37 260 7 2382 1
465 26 257 15 4066 1
466 51 257 15 4066 1
467 49 257 14 2281 1
468 57 257 14 3773 1
469 44 275 15 2068 1
470 87 275 15 2068 1
471 43 273 8 2197 1
472 48 258 15 2330 1
473 95 258 15 2330 1
474 190 273 23 6441 1
475 51 267 25 6399 1
476 100 258 8 1339 1
477 29 246 5 773 1
478 44 275 14 3738 1
479 87 275 14 3738 1
480 36 264 13 3133 1
481 37 261 22 4639 1
482 93 255 15 5545 1
483 43 267 11 2628 1
484 30 261 18 4143 1
485 36 275 26 6351 1
486 15 246 12 3828 1
487 14 258 13 4071 1
488 43 267 16 2980 1
489 11 260 13 3435 1
490 37 246 6 1387 1
491 28 267 5 1827 1
492 36 258 10 3861 1
493 30 276 6 1649 1
494 91 268 13 3369 1
495 181 268 13 3369 1
496 30 265 9 1308 1
497 51 267 19 3221 1
498 93 275 1 336 1
499 28 257 18 5714 1
500 98 246 13 2755 1
501 195 246 13 2755 1
502 39 258 24 5835 1
503 77 258 24 5835 1
504 37 265 7 2737 1
505 29 268 17 4404 1
506 57 268 17 4404 1
507 42 274 15 4699 1
508 75 261 14 2590 1
509 37 275 1 151 1
510 91 246 18 5924 1
511 181 246 18 5924 1
512 96 277 25 8624 1
513 40 259 13 4847 1
514 29 257 19 5114 1
515 57 257 19 5114 1
516 94 276 16 2896 1
517 57 260 24 4594 1
518 53 267 21 5991 1
519 57 275 14 3674 1
520 36 275 18 2675 1
521 93 275 21 6190 1
522 48 268 19 4180 1
523 52 274 16 3966 1
524 20 261 19 2758 1
525 43 262 23 5532 1
526 88 259 21 4902 1
527 65 270 10 2035 1
528 129 270 10 2035 1
529 44 273 18 4834 1
530 98 268 10 2592 1
531 51 267 10 1662 1
532 101 267 10 1662 1
533 30 273 17 6156 1
534 54 277 19 4067 1
535 18 267 10 2121 1
536 18 246 17 5792 1
537 37 260 26 3737 1
538 75 258 9 1180 1
539 149 258 9 1180 1
540 99 277 10 3304 1
541 64 259 18 2377 1
542 58 273 18 5729 1
543 50 260 14 3041 1
544 43 246 9 2781 1
545 50 265 7 2433 1
546 31 262 17 6543 1
547 43 274 21 3570 1
548 94 259 11 1886 1
549 53 277 15 2888 1
550 14 270 17 3753 1
551 51 267 9 3077 1
552 102 260 12 2585 1
553 203 260 12 2585 1
554 30 261 11 2407 1
555 65 265 15 4445 1
556 15 255 26 8238 1
557 29 273 24 6373 1
558 15 270 14 3892 1
559 104 258 29 9103 1
560 57 262 19 4941 1
561 29 273 11 3655 1
562 50 260 6 1946 1
563 30 270 8 1241 1
564 36 260 16 2492 1
565 52 277 26 7371 1
566 37 277 18 5864 1
567 58 259 17 3854 1
568 24 276 8 1485 1
569 37 270 19 5687 1
570 73 270 19 5687 1
571 36 273 17 6599 1
572 30 261 15 3908 1
573 59 261 15 3908 1
574 90 258 17 3540 1
575 50 274 12 4015 1
576 52 268 20 5976 1
577 93 277 17 4446 1
578 83 270 8 2586 1
579 45 246 10 1669 1
580 49 260 27 7474 1
581 36 261 9 2669 1
582 71 261 9 2669 1
583 92 277 15 6017 1
584 183 277 15 6017 1
585 37 262 13 2231 1
586 75 259 10 3626 1
587 149 259 10 3626 1
588 223 259 10 3626 1
589 29 291 9 1607 1
590 29 291 9 1434 1
591 56 292 15 6410 1
592 42 286 15 4146 1
593 56 285 27 9103 1
594 61 299 45 6830 1
595 42 282 18 3232 1
596 45 300 11 1696 1
597 58 279 17 3049 1
598 58 282 19 8010 1
599 28 291 14 3002 1
600 208 281 20 3465 1
601 29 300 16 3980 1
602 29 285 16 3002 1
603 59 286 16 4806 1
604 57 291 22 7018 1
605 58 291 15 5468 1
606 134 278 19 2929 1
607 37 291 18 7643 1
608 38 279 31 6900 1
609 57 285 27 8907 1
610 18 291 16 4476 1
611 35 291 16 4476 1
612 64 278 29 8304 1
613 56 300 10 3545 1
614 111 300 10 3545 1
615 16 292 9 1794 1
616 84 279 28 10820 1
617 90 282 22 8724 1
618 103 293 21 7138 1
619 146 286 18 3730 1
620 30 291 12 2392 1
621 29 286 12 2705 1
622 90 294 22 3699 1
623 243 285 14 4367 1
624 138 282 9 2779 1
625 30 293 10 3728 1
626 43 291 32 10459 1
627 44 285 19 3276 1
628 28 292 29 9569 1
629 56 285 21 4410 1
630 57 292 22 8890 1
631 29 278 21 6551 1
632 41 279 31 12196 1
633 43 299 17 4112 1
634 38 293 15 5528 1
635 58 294 17 5340 1
636 58 284 12 4314 1
637 115 284 12 4314 1
638 172 284 12 4314 1
639 58 282 24 10042 1
640 31 291 24 7503 1
641 29 300 13 5143 1
642 57 300 13 5143 1
643 85 300 13 5143 1
644 113 300 13 5143 1
645 45 279 15 5658 1
646 29 294 15 2327 1
647 97 291 21 7877 1
648 193 291 21 7877 1
649 94 281 8 1665 1
650 43 294 17 3698 1
651 180 291 12 1822 1
652 359 291 12 1822 1
653 28 286 17 6820 1
654 29 284 13 5302 1
655 67 285 25 4519 1
656 30 279 24 4946 1
657 61 294 10 2617 1
658 58 294 16 6004 1
659 29 292 14 2761 1
660 58 294 15 3367 1
661 115 294 15 3367 1
662 43 282 22 5341 1
663 31 293 14 2363 1
664 30 281 14 5686 1
665 44 294 27 5673 1
666 29 294 15 4498 1
667 29 278 14 2032 1
668 42 292 13 2391 1
669 58 286 11 2208 1
670 59 278 18 6488 1
671 58 284 12 3127 1
672 115 284 12 3127 1
673 59 293 13 2242 1
674 101 284 7 2470 1
675 57 291 16 3972 1
676 32 285 14 5134 1
677 63 285 14 5134 1
678 58 286 16 3678 1
679 56 294 17 5753 1
680 58 286 35 5984 1
681 34 282 10 4229 1
682 31 299 11 3808 1
683 61 299 11 3808 1
684 31 294 11 3511 1
685 64 291 19 4475 1
686 58 294 20 7640 1
687 44 291 24 10256 1
688 99 291 15 5729 1
689 57 291 20 5378 1
690 113 291 20 5378 1
691 56 286 9 3857 1
692 111 286 9 3857 1
693 166 286 9 3857 1
694 57 279 16 3769 1
695 113 279 16 3769 1
696 57 281 14 2072 1
697 30 282 11 2860 1
698 107 299 25 6914 1
699 154 291 16 2425 1
700 91 284 12 1960 1
701 181 284 12 1960 1
702 31 294 12 3914 1
703 125 299 33 7897 1
704 64 284 19 7454 1
705 43 285 20 5849 1
706 58 292 13 2028 1
707 115 292 13 2028 1
708 149 279 12 4451 1
709 29 292 26 6218 1
710 29 282 24 9824 1
711 131 292 41 15756 1
712 59 299 21 7801 1
713 38 292 10 3801 1
714 81 284 24 10190 1
715 161 284 24 10190 1
716 241 284 24 10190 1
717 43 279 15 2606 1
718 43 286 10 2243 1
719 30 300 15 2316 1
720 108 300 22 4269 1
721 44 282 20 5153 1
722 58 285 16 3790 1
723 57 299 9 3662 1
724 113 299 9 3662 1
725 29 292 17 3575 1
726 17 292 20 5531 1
727 55 285 31 10767 1
728 58 291 7 2047 1
729 31 278 8 1177 1
730 28 281 24 7615 1
731 23 278 11 3766 1
732 45 278 11 3766 1
733 57 282 18 4139 1
734 57 279 15 2170 1
735 30 281 13 2159 1
736 57 299 20 5787 1
737 113 299 20 5787 1
738 65 300 12 3255 1
739 129 300 12 3255 1
740 29 294 27 4396 1
741 44 279 22 6324 1
742 98 284 15 4834 1
743 29 286 13 5000 1
744 29 279 11 2414 1
745 45 293 18 7788 1
746 28 285 16 4324 1
747 39 286 31 7422 1
748 57 300 17 5870 1
749 58 279 14 4312 1
750 53 304 13 5647 1
751 56 337 12 2604 1
752 52 337 17 4231 1
753 85 316 21 5100 1
754 78 336 27 11197 1
755 57 365 32 11184 1
756 62 363 28 11421 1
757 89 366 28 6323 1
758 79 366 18 7832 1
759 117 304 31 10832 1
760 75 316 26 5739 1
761 78 318 20 9464 1
762 36 332 46 17523 1
763 71 332 46 17523 1
764 75 337 20 9822 1
765 79 333 23 7650 1
766 57 364 16 3656 1
767 113 364 16 3656 1
768 79 318 22 8581 1
769 58 331 22 5726 1
770 17 318 51 23948 1
771 36 334 17 6450 1
772 37 349 23 11130 1
773 15 366 21 7617 1
774 95 323 42 7204 1
775 14 334 12 6009 1
776 58 324 30 12134 1
777 57 364 13 6287 1
778 103 349 39 16486 1
779 58 332 21 3894 1
780 88 338 27 8940 1
781 58 318 17 3541 1
782 80 349 25 13032 1
783 14 365 14 3075 1
784 36 334 16 5938 1
785 71 334 16 5938 1
786 63 337 20 4174 1
787 75 303 29 7420 1
788 58 333 11 4457 1
789 115 333 11 4457 1
790 12 331 24 10332 1
791 58 318 30 10671 1
792 16 338 58 26909 1
793 15 305 19 4449 1
794 79 364 10 1850 1
795 78 334 12 2612 1
796 102 305 14 4194 1
797 51 303 36 15245 1
798 58 316 37 10580 1
799 57 338 17 3034 1
800 79 332 35 10051 1
801 58 332 17 5989 1
802 79 366 23 6879 1
803 157 366 23 6879 1
804 3 364 23 4521 1
805 50 334 12 5037 1
806 37 334 15 7177 1
807 58 365 29 7087 1
808 79 332 31 8232 1
809 56 304 17 6988 1
810 57 304 28 4833 1
811 57 305 17 4586 1
812 37 337 18 8960 1
813 14 364 11 5218 1
814 36 337 10 4410 1
815 50 335 22 6229 1
816 14 335 18 3753 1
817 51 316 8 1364 1
818 57 365 37 13100 1
819 78 324 18 3854 1
820 79 338 34 17108 1
821 157 338 34 17108 1
822 78 304 27 7184 1
823 79 338 18 5118 1
824 79 316 24 5837 1
825 71 366 28 5460 1
826 37 363 13 3735 1
827 79 365 38 10466 1
828 36 335 18 6288 1
829 51 337 26 5784 1
830 78 338 47 21758 1
831 111 331 21 8879 1
832 57 323 15 2598 1
833 113 323 15 2598 1
834 169 323 15 2598 1
835 225 323 15 2598 1
836 94 305 25 4622 1
837 14 335 21 10189 1
838 78 304 27 8988 1
839 73 318 29 7983 1
840 79 364 31 9907 1
841 79 334 32 6551 1
842 58 332 32 11268 1
843 36 305 32 12284 1
844 71 305 32 12284 1
845 106 305 32 12284 1
846 79 332 25 11797 1
847 57 338 32 12790 1
848 76 365 21 9100 1
849 122 338 16 3370 1
850 18 349 24 11167 1
851 57 332 13 5222 1
852 110 366 11 5653 1
853 14 305 37 10211 1
854 27 305 37 10211 1
855 50 364 31 7539 1
856 119 333 15 3509 1
857 15 365 17 5996 1
858 87 333 41 19405 1
859 56 335 24 5498 1
860 105 337 33 8940 1
861 78 364 17 4079 1
862 155 364 17 4079 1
863 50 332 37 12388 1
864 105 335 19 4749 1
865 37 338 26 10332 1
866 79 323 19 7065 1
867 157 323 19 7065 1
868 235 323 19 7065 1
869 73 304 14 4308 1
870 78 368 39 13173 1
871 114 331 29 9365 1
872 76 304 31 11100 1
873 57 331 25 9239 1
874 57 337 25 8173 1
875 57 349 24 11330 1
876 78 318 8 1887 1
877 58 324 17 7662 1
878 50 363 25 8356 1
879 57 303 20 7103 1
880 119 333 31 12593 1
881 14 333 13 3279 1
882 52 332 30 10948 1
883 115 338 41 14233 1
884 229 338 41 14233 1
885 77 318 15 6832 1
886 79 365 12 5410 1
887 51 364 11 5015 1
888 79 338 17 3204 1
889 57 318 28 9338 1
890 113 318 28 9338 1
891 58 349 39 20127 1
892 58 337 23 11609 1
893 214 333 20 5484 1
894 113 338 11 2678 1
895 15 318 27 9098 1
896 29 318 27 9098 1
897 57 365 12 4367 1
898 58 316 16 4430 1
899 51 304 21 4695 1
900 57 363 57 26766 1
901 113 363 57 26766 1
902 37 332 22 4273 1
903 58 349 16 5944 1
904 51 332 33 8900 1
905 52 334 24 6534 1
906 57 349 30 5371 1
907 78 303 16 5556 1
908 88 332 49 23006 1
909 58 332 35 10451 1
910 59 331 17 4243 1
911 73 331 29 11989 1
912 36 338 14 3714 1
913 57 333 13 6160 1
914 188 324 83 14242 1
915 16 323 14 5640 1
916 111 316 11 5164 1
917 57 366 22 11991 1
918 35 363 19 9745 1
919 57 364 24 10603 1
920 57 334 22 7487 1
921 77 332 28 10809 1
922 15 335 24 7715 1
923 58 363 14 6546 1
924 56 323 27 7838 1
925 79 349 20 5355 1
926 36 337 22 8625 1
927 113 365 13 5375 1
928 115 365 15 5554 1
929 53 337 34 7018 1
930 36 349 30 13899 1
931 58 304 28 12567 1
932 70 335 21 6114 1
933 78 363 8 4144 1
934 62 303 10 2633 1
935 37 333 26 11768 1
936 79 316 29 11206 1
937 37 335 19 4421 1
938 18 337 18 3203 1
939 35 363 18 4903 1
940 79 304 31 8387 1
941 78 323 23 8300 1
942 50 333 22 6757 1
943 125 332 33 12534 1
944 57 366 42 15158 1
945 36 332 30 9157 1
946 16 368 25 12203 1
947 31 368 25 12203 1
948 121 363 18 9760 1
949 37 363 17 5916 1
950 77 303 17 5485 1
951 51 364 30 5915 1
952 15 349 31 9976 1
953 29 349 31 9976 1
954 56 333 24 7531 1
955 13 366 28 12801 1
956 15 332 18 4491 1
957 78 305 17 3903 1
958 117 333 23 9076 1
959 37 324 29 10436 1
960 51 336 15 7151 1
961 115 368 18 8903 1
962 57 365 36 13390 1
963 78 368 9 2859 1
964 84 304 19 5732 1
965 14 331 33 9711 1
966 78 305 21 6770 1
967 56 349 19 8939 1
968 15 323 26 8714 1
969 87 324 9 2122 1
970 36 338 22 5665 1
971 119 363 19 6737 1
972 237 363 19 6737 1
973 51 318 24 3874 1
974 80 336 37 15483 1
975 80 333 27 6876 1
976 36 304 31 13372 1
977 58 363 25 5318 1
978 115 363 25 5318 1
979 172 363 25 5318 1
980 111 335 34 7958 1
981 15 366 35 11523 1
982 50 349 22 5412 1
983 79 333 18 5635 1
984 78 333 29 10700 1
985 79 316 18 8429 1
986 35 332 48 23861 1
987 84 303 20 8060 1
988 55 324 19 8392 1
989 15 334 21 6355 1
990 79 397 28 7681 1
991 8 399 34 11917 1
992 72 398 40 8846 1
993 93 399 19 7416 1
994 185 399 19 7416 1
995 80 395 17 7779 1
996 85 398 38 18409 1
997 140 399 32 14860 1
998 86 397 24 6401 1
999 87 398 29 14562 1
1000 173 398 29 14562 1
1001 259 398 29 14562 1
1002 79 399 41 24494 1
1003 83 397 15 4933 1
1004 165 397 15 4933 1
1005 108 396 21 4723 1
1006 180 395 33 10523 1
1007 77 398 39 13096 1
1008 92 399 28 13648 1
1009 94 398 40 10053 1
1010 10 397 45 20123 1
1011 80 396 46 12608 1
1012 183 397 38 13953 1
1013 90 395 19 6390 1
1014 74 396 27 10799 1
1015 75 397 18 4974 1
1016 90 395 25 8757 1
1017 73 395 31 10126 1
1018 141 396 41 16590 1
1019 88 396 20 5435 1
1020 180 398 45 22545 1
1021 92 399 30 8709 1
1022 90 398 29 12307 1
1023 78 395 26 13901 1
1024 89 396 35 8167 1
1025 176 397 24 10467 1
1026 85 398 25 7337 1
1027 84 398 32 9617 1
1028 77 398 40 11855 1
1029 91 398 32 8441 1
1030 181 398 32 8441 1
1031 78 395 29 11301 1
1032 90 395 53 23281 1
1033 179 395 53 23281 1
1034 83 396 17 4892 1
1035 87 398 29 8778 1
1036 84 398 19 10420 1
14
503 620 807 620 700 205 255 700 700 700 700 700 200 460 