1036
1 9 133 16 1486 1
2 16 125 62 6536 1
3 29 138 13 2242 1
4 8 132 18 3315 1
5 10 125 9 794 1
6 3 125 14 1835 1
7 13 133 19 2867 1
8 16 118 15 1136 1
9 19 132 9 1246 1
10 9 129 31 3461 1
11 17 129 31 3461 1
12 25 129 31 3461 1
13 33 129 31 3461 1
14 13 118 12 1599 1
15 9 118 12 1468 1
16 8 125 36 3492 1
17 14 129 18 3408 1
18 8 118 10 806 1
19 9 125 13 1601 1
20 3 129 9 1599 1
21 25 125 4 459 1
22 9 138 20 1573 1
23 29 118 12 2042 1
24 10 129 5 565 1
25 8 138 17 1588 1
26 1 132 12 1401 1
27 9 132 10 1728 1
28 10 118 15 1666 1
29 19 118 15 1666 1
30 34 118 10 688 1
31 20 118 14 1226 1
32 30 134 38 2854 1
33 12 118 14 1490 1
34 7 134 18 1682 1
35 13 134 18 1682 1
36 7 140 18 3135 1
37 13 140 18 3135 1
38 19 140 18 3135 1
39 25 140 18 3135 1
40 8 138 16 2277 1
41 9 137 9 1178 1
42 17 137 9 1178 1
43 29 125 25 2042 1
44 33 132 9 1140 1
45 65 132 9 1140 1
46 97 132 9 1140 1
47 17 137 53 10421 1
48 33 137 53 10421 1
49 49 137 53 10421 1
50 65 137 53 10421 1
51 81 137 53 10421 1
52 8 118 23 2135 1
53 15 118 23 2135 1
54 13 138 21 4303 1
55 13 140 4 788 1
56 9 125 5 693 1
57 18 134 25 4886 1
58 8 138 16 1322 1
59 3 137 8 652 1
60 14 125 6 1011 1
61 33 125 6 988 1
62 65 125 6 988 1
63 8 125 10 1164 1
64 2 138 10 1965 1
65 17 137 17 1939 1
66 33 137 17 1939 1
67 30 129 8 1044 1
68 8 118 5 696 1
69 15 118 5 696 1
70 22 118 5 696 1
71 29 118 5 696 1
72 15 138 12 2028 1
73 8 137 4 590 1
74 15 137 4 590 1
75 22 137 4 590 1
76 2 118 5 344 1
77 2 140 20 1748 1
78 21 118 9 1074 1
79 41 118 9 1074 1
80 2 140 13 1371 1
81 3 140 13 1371 1
82 9 133 15 2869 1
83 8 134 6 832 1
84 29 138 7 1300 1
85 24 118 13 1783 1
86 3 140 42 3469 1
87 14 118 51 5349 1
88 26 137 26 4185 1
89 12 125 15 2776 1
90 8 118 11 863 1
91 15 118 11 863 1
92 14 140 7 1107 1
93 2 137 12 1118 1
94 10 129 20 3306 1
95 19 129 20 3306 1
96 28 129 20 3306 1
97 37 129 20 3306 1
98 7 137 7 552 1
99 13 137 7 552 1
100 19 137 7 552 1
101 14 133 4 719 1
102 24 170 15 2317 1
103 44 177 7 858 1
104 19 178 15 1945 1
105 37 178 15 1945 1
106 19 204 10 2934 1
107 23 184 32 8613 1
108 17 203 22 3571 1
109 24 190 4 1115 1
110 44 190 13 3225 1
111 87 202 39 10143 1
112 44 194 16 1756 1
113 23 203 23 2346 1
114 43 203 10 1651 1
115 19 177 19 1705 1
116 37 177 19 1705 1
117 43 171 9 1166 1
118 5 210 20 4350 1
119 43 149 6 520 1
120 43 202 17 3453 1
121 85 202 17 3453 1
122 127 202 17 3453 1
123 15 181 11 2259 1
124 238 190 49 12573 1
125 19 151 17 2868 1
126 43 151 5 954 1
127 38 167 15 2273 1
128 18 184 16 3549 1
129 17 170 16 3943 1
130 7 171 6 1158 1
131 15 202 16 2123 1
132 35 171 73 8032 1
133 19 170 23 2527 1
134 44 177 19 2644 1
135 17 190 17 4457 1
136 44 205 13 3821 1
137 42 210 17 4275 1
138 83 210 17 4275 1
139 43 190 19 5228 1
140 44 210 15 3647 1
141 87 210 15 3647 1
142 17 177 29 3385 1
143 12 197 20 2889 1
144 7 190 13 2197 1
145 19 184 16 1566 1
146 5 171 18 3493 1
147 10 195 9 1522 1
148 44 187 15 3253 1
149 87 187 15 3253 1
150 37 177 11 2698 1
151 69 181 7 1613 1
152 19 208 34 7317 1
153 20 210 4 1056 1
154 44 195 17 2469 1
155 87 195 17 2469 1
156 130 195 17 2469 1
157 6 208 11 1993 1
158 43 188 11 2851 1
159 16 167 17 2534 1
160 25 188 18 4816 1
161 5 197 14 1575 1
162 44 207 17 2500 1
163 87 207 17 2500 1
164 43 177 14 2456 1
165 85 177 14 2456 1
166 127 177 14 2456 1
167 44 161 12 2350 1
168 87 161 12 2350 1
169 130 161 12 2350 1
170 2 203 14 3515 1
171 3 203 14 3515 1
172 43 170 25 3645 1
173 18 151 15 3249 1
174 35 151 15 3249 1
175 6 197 12 1728 1
176 44 161 10 2181 1
177 87 161 10 2181 1
178 5 181 11 1970 1
179 17 167 8 1507 1
180 44 177 16 2611 1
181 7 207 21 4029 1
182 44 187 10 980 1
183 87 187 10 980 1
184 16 170 21 4482 1
185 28 161 8 1932 1
186 20 149 9 1730 1
187 31 210 11 1454 1
188 45 190 41 10666 1
189 36 203 12 2180 1
190 17 207 6 1480 1
191 43 208 15 3124 1
192 21 177 24 3882 1
193 28 199 41 5384 1
194 48 204 28 8543 1
195 95 204 28 8543 1
196 142 204 28 8543 1
197 8 181 16 3389 1
198 24 184 10 1565 1
199 47 184 10 1565 1
200 17 149 6 836 1
201 14 187 19 4217 1
202 44 204 16 3313 1
203 87 204 16 3313 1
204 19 197 24 4394 1
205 37 197 24 4394 1
206 43 149 12 2173 1
207 17 210 12 3613 1
208 21 197 32 9297 1
209 44 205 11 3272 1
210 87 205 11 3272 1
211 44 204 17 2084 1
212 13 187 32 7921 1
213 9 195 10 1320 1
214 44 178 7 1219 1
215 87 178 7 1219 1
216 130 178 7 1219 1
217 173 178 7 1219 1
218 74 208 17 2923 1
219 44 167 11 1452 1
220 44 195 17 1925 1
221 13 161 8 1704 1
222 17 199 16 4200 1
223 25 177 9 1663 1
224 49 177 9 1663 1
225 17 161 16 2948 1
226 6 190 23 5976 1
227 15 207 16 2159 1
228 4 177 16 1834 1
229 44 194 11 2125 1
230 17 171 9 1482 1
231 33 171 9 1482 1
232 43 197 20 3192 1
233 85 197 20 3192 1
234 75 184 13 1294 1
235 43 184 16 2393 1
236 53 161 9 2021 1
237 44 203 10 1814 1
238 44 194 15 1894 1
239 4 208 7 1641 1
240 17 170 16 3713 1
241 43 197 16 2571 1
242 23 190 37 5949 1
243 22 188 7 1082 1
244 43 197 12 3476 1
245 21 194 12 2050 1
246 85 187 12 1207 1
247 44 199 10 1222 1
248 17 194 39 10087 1
249 16 151 17 2517 1
250 31 151 17 2517 1
251 17 184 14 1376 1
252 33 184 14 1376 1
253 15 178 6 1522 1
254 17 203 16 1812 1
255 35 178 21 2506 1
256 43 239 15 1998 1
257 114 221 33 5635 1
258 43 225 17 5551 1
259 43 230 15 4418 1
260 44 220 17 4953 1
261 6 237 49 6750 1
262 11 237 49 6750 1
263 16 237 49 6750 1
264 14 239 20 5666 1
265 54 216 16 5019 1
266 107 216 16 5019 1
267 28 230 18 6049 1
268 29 216 14 1867 1
269 57 216 14 1867 1
270 39 212 15 3814 1
271 77 212 15 3814 1
272 115 212 15 3814 1
273 29 239 31 4207 1
274 105 239 12 4180 1
275 57 242 19 3831 1
276 113 242 19 3831 1
277 51 212 14 1927 1
278 101 212 14 1927 1
279 29 237 18 3286 1
280 57 237 18 3286 1
281 85 237 18 3286 1
282 113 237 18 3286 1
283 100 222 28 5563 1
284 62 220 23 7163 1
285 99 239 10 1645 1
286 197 239 10 1645 1
287 295 239 10 1645 1
288 57 242 26 6023 1
289 58 243 34 11453 1
290 115 243 34 11453 1
291 30 216 13 2171 1
292 59 216 13 2171 1
293 88 216 13 2171 1
294 12 212 36 5108 1
295 45 244 13 3125 1
296 36 243 15 4381 1
297 12 212 9 2260 1
298 28 243 9 2299 1
299 30 237 23 5649 1
300 59 237 23 5649 1
301 88 237 23 5649 1
302 57 228 9 1380 1
303 44 243 14 3324 1
304 31 228 17 3080 1
305 43 221 18 2160 1
306 86 243 7 2124 1
307 29 242 11 2216 1
308 30 244 39 14203 1
309 60 242 19 3890 1
310 58 242 7 889 1
311 115 242 7 889 1
312 43 237 33 7242 1
313 37 221 27 8183 1
314 58 237 30 8260 1
315 54 225 18 3845 1
316 107 225 18 3845 1
317 60 225 10 1468 1
318 43 221 57 13121 1
319 39 212 17 1977 1
320 29 245 21 2692 1
321 30 243 24 6066 1
322 59 243 24 6066 1
323 29 216 22 5278 1
324 58 237 12 1671 1
325 59 222 13 2540 1
326 86 216 16 4134 1
327 38 222 20 4675 1
328 57 221 9 1232 1
329 57 220 11 1865 1
330 113 220 11 1865 1
331 50 222 44 6642 1
332 100 225 10 1562 1
333 31 225 24 4324 1
334 61 225 24 4324 1
335 91 225 24 4324 1
336 58 239 20 3017 1
337 30 244 12 2675 1
338 59 221 16 1986 1
339 102 221 26 7478 1
340 58 245 16 5317 1
341 58 244 7 2121 1
342 90 212 18 2782 1
343 30 245 29 6987 1
344 83 225 13 3044 1
345 31 237 18 2844 1
346 56 237 17 2452 1
347 94 220 11 1426 1
348 30 244 12 2673 1
349 59 244 12 2673 1
350 56 225 16 4389 1
351 111 225 16 4389 1
352 56 245 30 10736 1
353 20 221 20 5145 1
354 52 216 31 6245 1
355 28 237 8 2493 1
356 55 237 8 2493 1
357 7 212 15 3019 1
358 30 242 20 6612 1
359 43 228 12 1489 1
360 54 228 20 5245 1
361 107 228 20 5245 1
362 46 220 32 10489 1
363 91 220 32 10489 1
364 86 245 22 7431 1
365 30 220 14 4586 1
366 42 242 13 4075 1
367 58 220 14 4459 1
368 53 244 37 9001 1
369 19 230 19 4868 1
370 108 225 13 1600 1
371 29 243 12 3716 1
372 58 237 37 6631 1
373 57 228 11 1262 1
374 50 242 28 8510 1
375 102 244 31 10101 1
376 57 243 36 9521 1
377 38 243 17 4005 1
378 11 242 18 3975 1
379 31 216 21 6003 1
380 102 245 17 3922 1
381 28 242 17 2689 1
382 44 244 19 2700 1
383 48 245 19 3917 1
384 44 216 18 2568 1
385 60 212 17 2890 1
386 119 212 17 2890 1
387 178 212 17 2890 1
388 30 245 10 3662 1
389 59 245 10 3662 1
390 88 245 10 3662 1
391 117 245 10 3662 1
392 146 245 10 3662 1
393 29 222 9 1138 1
394 15 221 18 3399 1
395 48 222 23 6574 1
396 60 239 11 1362 1
397 61 225 16 4428 1
398 30 216 19 3834 1
399 59 216 19 3834 1
400 30 220 8 2142 1
401 59 220 8 2142 1
402 43 228 13 2616 1
403 52 222 19 3707 1
404 59 216 21 6368 1
405 63 212 19 3873 1
406 29 244 15 3285 1
407 57 270 18 4923 1
408 21 261 4 1283 1
409 51 274 23 5640 1
410 50 264 16 2269 1
411 99 264 16 2269 1
412 102 260 13 3439 1
413 43 273 12 2415 1
414 31 262 6 1073 1
415 58 246 17 3279 1
416 115 246 17 3279 1
417 41 258 14 3909 1
418 25 274 9 1656 1
419 31 259 22 7590 1
420 50 277 21 5029 1
421 99 277 21 5029 1
422 34 260 18 5499 1
423 57 257 5 1485 1
424 92 275 19 3791 1
425 30 276 18 5416 1
426 43 275 11 4518 1
427 37 265 19 3814 1
428 62 246 14 1904 1
429 123 246 14 1904 1
430 30 257 21 5161 1
431 36 275 9 2619 1
432 37 259 15 2978 1
433 50 260 5 911 1
434 33 258 15 3322 1
435 37 265 21 8308 1
436 49 260 18 5416 1
437 49 265 13 2639 1
438 97 265 13 2639 1
439 145 265 13 2639 1
440 205 260 15 4577 1
441 49 275 18 3327 1
442 52 264 6 1549 1
443 57 257 17 4412 1
444 37 270 5 1001 1
445 98 246 18 3315 1
446 195 246 18 3315 1
447 292 246 18 3315 1
448 43 270 17 4335 1
449 85 270 17 4335 1
450 51 270 15 3204 1
451 29 274 22 6097 1
452 51 273 10 2798 1
453 37 277 21 4287 1
454 88 255 15 5207 1
455 19 265 18 2765 1
456 37 264 11 3396 1
457 30 264 25 8200 1
458 59 264 25 8200 1
459 64 274 14 5053 1
460 127 274 14 5053 1
461 3 267 14 4318 1
462 35 265 19 3426 1
463 46 267 20 6398 1
464 91 267 20 6398 1
465 36 274 11 3995 1
466 93 246 13 3366 1
467 185 246 13 3366 1
468 95 255 21 6109 1
469 42 273 19 2629 1
470 37 268 17 5122 1
471 39 264 27 9732 1
472 36 274 3 433 1
473 30 265 11 4370 1
474 44 264 12 2720 1
475 36 267 13 2603 1
476 36 262 20 5599 1
477 90 276 15 3794 1
478 51 265 10 2106 1
479 51 265 12 4015 1
480 30 246 17 4665 1
481 57 275 17 6413 1
482 37 275 21 8050 1
483 49 277 10 3490 1
484 35 262 23 5806 1
485 69 262 23 5806 1
486 43 274 24 8530 1
487 30 259 19 5335 1
488 59 259 19 5335 1
489 30 268 12 2948 1
490 43 267 14 3266 1
491 29 277 19 4390 1
492 37 246 29 8650 1
493 73 246 29 8650 1
494 109 246 29 8650 1
495 39 275 18 5761 1
496 29 246 16 4003 1
497 52 273 23 7825 1
498 29 259 19 5202 1
499 37 270 21 7013 1
500 57 267 27 10799 1
501 49 255 14 3417 1
502 97 255 14 3417 1
503 36 274 16 4069 1
504 50 246 20 5407 1
505 48 270 19 2716 1
506 41 276 18 6213 1
507 29 261 10 1662 1
508 36 273 3 1188 1
509 103 255 8 2122 1
510 57 246 27 4330 1
511 61 264 26 5011 1
512 121 264 26 5011 1
513 51 274 19 5843 1
514 43 246 8 1235 1
515 28 260 20 4981 1
516 94 273 26 7055 1
517 103 265 18 3261 1
518 231 267 20 4020 1
519 30 267 31 12146 1
520 36 277 13 4971 1
521 71 277 13 4971 1
522 22 261 19 4127 1
523 60 260 18 2462 1
524 44 275 23 6772 1
525 36 257 15 2999 1
526 44 261 11 3886 1
527 43 257 3 831 1
528 85 257 3 831 1
529 52 262 14 5210 1
530 92 255 25 7776 1
531 57 273 18 2670 1
532 30 265 14 4398 1
533 44 246 15 3002 1
534 87 246 15 3002 1
535 130 246 15 3002 1
536 98 276 32 11776 1
537 9 277 5 894 1
538 17 277 5 894 1
539 25 277 5 894 1
540 29 270 14 2231 1
541 43 255 19 4339 1
542 23 246 19 4159 1
543 51 270 9 2203 1
544 37 262 24 6132 1
545 38 246 15 3185 1
546 35 265 13 4267 1
547 44 259 13 1924 1
548 35 276 14 2760 1
549 58 270 17 4300 1
550 57 260 18 5310 1
551 44 274 10 3704 1
552 37 257 10 1935 1
553 56 274 26 6719 1
554 99 264 26 9447 1
555 197 264 26 9447 1
556 295 264 26 9447 1
557 37 275 20 3345 1
558 58 267 9 2845 1
559 90 274 15 2064 1
560 59 275 17 3768 1
561 32 258 25 6572 1
562 37 262 6 1418 1
563 30 257 16 3891 1
564 59 257 16 3891 1
565 43 257 5 783 1
566 29 265 11 4135 1
567 51 259 16 5015 1
568 29 276 11 4346 1
569 15 259 17 3173 1
570 37 270 15 5493 1
571 73 270 15 5493 1
572 36 265 8 3003 1
573 15 257 23 8513 1
574 106 270 18 3134 1
575 52 264 15 2445 1
576 43 277 21 5589 1
577 50 274 17 4054 1
578 30 260 13 2043 1
579 37 277 13 2018 1
580 73 277 13 2018 1
581 36 270 24 6053 1
582 36 273 12 3476 1
583 36 246 25 5808 1
584 97 260 10 2455 1
585 103 265 19 2713 1
586 205 265 19 2713 1
587 29 270 24 3704 1
588 50 261 14 2295 1
589 190 300 14 2441 1
590 30 285 14 2952 1
591 28 293 21 3229 1
592 57 299 13 5104 1
593 89 291 19 6374 1
594 28 282 10 3611 1
595 55 282 10 3611 1
596 67 281 18 2783 1
597 105 293 25 10184 1
598 29 279 22 5761 1
599 58 281 9 3484 1
600 58 292 15 2705 1
601 37 282 13 3424 1
602 73 282 13 3424 1
603 109 282 13 3424 1
604 145 282 13 3424 1
605 136 285 12 1819 1
606 27 285 7 1628 1
607 61 281 15 6283 1
608 28 291 13 4209 1
609 227 294 26 8776 1
610 43 294 9 1741 1
611 59 282 15 2809 1
612 58 299 15 3370 1
613 100 278 12 3459 1
614 29 278 10 2544 1
615 53 293 11 1871 1
616 30 279 11 4524 1
617 44 300 12 1977 1
618 57 291 11 1790 1
619 28 282 14 2986 1
620 60 294 9 2263 1
621 41 285 41 12554 1
622 58 285 16 6121 1
623 86 284 15 5091 1
624 58 300 18 5465 1
625 44 286 14 4346 1
626 121 294 29 10734 1
627 29 286 15 3826 1
628 71 286 18 4822 1
629 14 282 25 8657 1
630 28 281 12 1964 1
631 58 279 13 4548 1
632 29 300 16 4918 1
633 95 299 14 3586 1
634 57 281 12 3637 1
635 43 279 12 3895 1
636 104 278 33 10759 1
637 57 286 16 2903 1
638 113 286 16 2903 1
639 31 299 15 6354 1
640 59 281 12 3655 1
641 37 292 14 4351 1
642 57 281 19 6771 1
643 29 285 6 1131 1
644 43 284 27 10751 1
645 57 278 9 1422 1
646 113 278 9 1422 1
647 56 300 17 6007 1
648 111 300 17 6007 1
649 89 286 30 4363 1
650 177 286 30 4363 1
651 29 300 29 4817 1
652 57 293 42 8889 1
653 57 279 12 2316 1
654 57 285 31 5531 1
655 44 282 10 2727 1
656 58 285 22 3817 1
657 95 291 9 2891 1
658 96 294 10 3244 1
659 191 294 10 3244 1
660 129 294 10 1839 1
661 37 293 12 3128 1
662 13 285 15 2614 1
663 31 293 11 3622 1
664 32 279 11 2003 1
665 57 282 7 1957 1
666 58 281 10 1532 1
667 18 279 10 3989 1
668 103 294 14 6055 1
669 43 291 8 2084 1
670 28 293 21 3207 1
671 30 294 9 3062 1
672 59 285 17 5222 1
673 117 285 17 5222 1
674 29 291 24 8918 1
675 57 284 14 3199 1
676 37 293 21 7381 1
677 73 293 21 7381 1
678 93 291 9 1460 1
679 58 294 43 6983 1
680 115 294 43 6983 1
681 12 285 14 4426 1
682 84 282 27 4544 1
683 30 278 15 2610 1
684 28 299 12 4502 1
685 73 278 18 6003 1
686 59 300 8 1371 1
687 58 300 16 2596 1
688 115 300 16 2596 1
689 95 299 24 10527 1
690 59 281 21 7844 1
691 58 284 20 6608 1
692 58 293 11 4602 1
693 58 294 9 1361 1
694 64 281 13 3718 1
695 30 292 19 3563 1
696 43 299 12 5271 1
697 59 285 17 2870 1
698 117 285 17 2870 1
699 175 285 17 2870 1
700 44 294 18 2932 1
701 44 294 16 3887 1
702 29 291 10 2375 1
703 162 300 15 4386 1
704 29 286 23 3504 1
705 58 284 18 7086 1
706 29 282 12 4874 1
707 57 284 14 4485 1
708 59 279 20 6875 1
709 41 300 16 5376 1
710 58 291 12 4088 1
711 58 291 22 7778 1
712 29 299 29 9841 1
713 57 299 29 9841 1
714 19 299 14 4847 1
715 58 286 27 4888 1
716 115 286 27 4888 1
717 98 291 28 12075 1
718 29 294 9 2379 1
719 57 293 21 5877 1
720 57 291 17 3951 1
721 113 291 17 3951 1
722 29 285 17 4269 1
723 32 278 9 2507 1
724 63 278 9 2507 1
725 59 300 18 6416 1
726 29 293 12 4724 1
727 14 282 15 5697 1
728 30 284 15 4655 1
729 59 286 16 4396 1
730 56 294 15 3019 1
731 30 293 12 4251 1
732 59 293 12 4251 1
733 57 300 21 5393 1
734 113 300 21 5393 1
735 44 284 21 3493 1
736 30 291 14 5228 1
737 56 282 13 2087 1
738 59 281 10 4157 1
739 32 285 11 2991 1
740 57 282 9 2060 1
741 31 286 26 7896 1
742 26 279 12 4551 1
743 30 282 18 3343 1
744 44 300 18 3981 1
745 31 286 11 2881 1
746 57 300 22 4087 1
747 113 300 22 4087 1
748 29 282 9 3479 1
749 24 279 17 5476 1
750 78 368 25 13345 1
751 50 333 37 6603 1
752 52 331 39 13373 1
753 14 337 20 6322 1
754 76 338 11 4085 1
755 63 363 15 4781 1
756 78 337 25 6369 1
757 50 334 23 6520 1
758 78 333 24 4811 1
759 17 363 62 25276 1
760 33 363 62 25276 1
761 73 335 18 4930 1
762 75 338 30 11143 1
763 121 324 16 7208 1
764 111 332 15 7329 1
765 50 363 10 2709 1
766 99 363 10 2709 1
767 51 335 12 5650 1
768 61 338 26 13010 1
769 56 335 31 6863 1
770 111 335 31 6863 1
771 79 335 27 10777 1
772 57 364 34 10229 1
773 79 363 18 5686 1
774 14 336 20 7824 1
775 50 323 16 4012 1
776 36 305 11 2877 1
777 111 349 44 12378 1
778 221 349 44 12378 1
779 57 349 20 9536 1
780 36 303 23 9069 1
781 61 333 32 7192 1
782 14 337 24 11336 1
783 58 316 17 6043 1
784 115 316 17 6043 1
785 59 338 21 10301 1
786 73 324 20 4758 1
787 60 336 12 2079 1
788 14 334 14 6802 1
789 75 303 33 7175 1
790 27 363 12 2334 1
791 106 335 22 7877 1
792 51 318 39 8084 1
793 86 331 38 14826 1
794 56 364 23 5400 1
795 111 364 23 5400 1
796 77 318 15 6629 1
797 57 333 11 4145 1
798 113 333 11 4145 1
799 169 333 11 4145 1
800 78 337 18 7725 1
801 58 364 27 10246 1
802 108 332 20 5304 1
803 215 332 20 5304 1
804 322 332 20 5304 1
805 124 334 49 20633 1
806 96 335 14 5742 1
807 16 304 17 2841 1
808 31 304 17 2841 1
809 59 364 41 17766 1
810 94 337 32 6352 1
811 38 332 17 6553 1
812 72 316 18 7031 1
813 50 324 42 10914 1
814 78 368 23 7600 1
815 123 304 15 5588 1
816 38 364 19 5341 1
817 115 324 15 2948 1
818 229 324 15 2948 1
819 37 303 21 6255 1
820 77 324 26 12065 1
821 58 323 18 8065 1
822 78 337 13 5270 1
823 36 338 27 8647 1
824 53 338 15 2737 1
825 13 336 19 5675 1
826 25 336 19 5675 1
827 57 323 19 4170 1
828 72 365 15 5335 1
829 57 335 18 9035 1
830 121 316 18 7698 1
831 37 349 30 9039 1
832 79 334 25 10789 1
833 23 338 29 8015 1
834 15 337 20 4677 1
835 75 349 17 2985 1
836 19 349 14 3034 1
837 13 318 18 5720 1
838 52 305 10 3723 1
839 187 365 8 3081 1
840 58 324 21 8508 1
841 122 334 11 4287 1
842 118 337 23 5722 1
843 87 368 31 6380 1
844 37 324 18 8475 1
845 81 368 29 11624 1
846 79 331 33 15173 1
847 14 331 23 3868 1
848 50 349 19 4360 1
849 58 363 50 15035 1
850 28 316 12 2566 1
851 56 324 20 6847 1
852 36 332 14 4938 1
853 57 349 11 3172 1
854 113 349 11 3172 1
855 73 324 19 6811 1
856 51 366 38 20602 1
857 58 334 33 11749 1
858 78 337 27 7525 1
859 79 305 10 2009 1
860 36 336 37 15456 1
861 109 305 28 12565 1
862 217 305 28 12565 1
863 57 337 32 7779 1
864 55 324 26 10452 1
865 37 368 20 6719 1
866 16 337 38 7653 1
867 78 333 31 8181 1
868 51 323 11 3984 1
869 16 323 23 3870 1
870 37 303 13 4740 1
871 58 323 13 4347 1
872 107 365 36 12523 1
873 107 331 30 10880 1
874 80 333 17 7776 1
875 78 323 16 7123 1
876 57 334 13 2924 1
877 113 334 13 2924 1
878 169 334 13 2924 1
879 16 333 11 4711 1
880 50 363 25 9965 1
881 2 324 16 2695 1
882 17 335 24 4562 1
883 77 338 21 9583 1
884 57 337 9 2129 1
885 78 334 19 4641 1
886 155 334 19 4641 1
887 15 333 18 8457 1
888 57 337 20 4801 1
889 57 337 32 10154 1
890 113 337 32 10154 1
891 169 337 32 10154 1
892 16 333 17 6277 1
893 56 305 14 2460 1
894 111 305 14 2460 1
895 16 336 45 18190 1
896 15 337 21 9282 1
897 78 337 13 3831 1
898 155 337 13 3831 1
899 36 368 17 3645 1
900 75 316 21 5845 1
901 57 336 27 8876 1
902 88 316 16 7096 1
903 74 334 23 9253 1
904 79 336 28 7679 1
905 58 304 17 5979 1
906 115 304 17 5979 1
907 50 363 28 11373 1
908 72 331 21 8226 1
909 78 323 18 7297 1
910 18 366 16 5190 1
911 35 336 24 4048 1
912 87 338 39 8911 1
913 37 336 28 4944 1
914 92 323 15 4680 1
915 58 366 25 8118 1
916 114 336 22 5402 1
917 75 332 22 10847 1
918 58 349 27 10492 1
919 16 338 29 6420 1
920 57 335 20 5724 1
921 113 335 20 5724 1
922 15 304 60 19196 1
923 50 303 20 6213 1
924 16 333 20 5148 1
925 96 368 25 4613 1
926 36 333 12 5141 1
927 79 337 27 7101 1
928 74 366 21 10456 1
929 79 335 19 9266 1
930 36 303 21 7376 1
931 57 323 30 14292 1
932 3 335 15 7471 1
933 58 323 19 8781 1
934 36 335 21 10146 1
935 16 304 12 3597 1
936 111 316 21 8585 1
937 50 305 18 7629 1
938 79 364 50 25346 1
939 74 324 11 2812 1
940 78 363 15 4915 1
941 37 336 66 23635 1
942 58 349 16 5835 1
943 50 331 17 4734 1
944 99 331 17 4734 1
945 33 324 41 8632 1
946 49 333 18 6687 1
947 35 349 29 5090 1
948 57 334 23 3870 1
949 57 338 30 5531 1
950 113 338 30 5531 1
951 169 338 30 5531 1
952 115 337 41 19993 1
953 60 364 20 10061 1
954 56 332 27 4864 1
955 75 323 47 10523 1
956 103 331 24 5526 1
957 79 365 30 7126 1
958 78 337 31 9474 1
959 37 368 37 10412 1
960 114 365 24 4707 1
961 51 318 18 5874 1
962 18 316 13 4053 1
963 58 316 24 4732 1
964 13 324 22 7367 1
965 36 318 43 15405 1
966 72 318 16 4249 1
967 78 316 55 17391 1
968 155 316 55 17391 1
969 37 366 15 5427 1
970 78 332 16 3671 1
971 155 332 16 3671 1
972 58 318 25 8202 1
973 41 316 23 3859 1
974 58 366 80 36439 1
975 115 366 80 36439 1
976 78 363 29 15498 1
977 15 318 30 10689 1
978 29 318 30 10689 1
979 58 349 15 7313 1
980 73 331 18 3136 1
981 102 336 21 7309 1
982 16 337 36 9574 1
983 16 324 20 9101 1
984 88 304 38 13299 1
985 38 365 47 22038 1
986 37 332 29 10559 1
987 50 323 25 8726 1
988 51 318 41 11684 1
989 57 323 15 3367 1
990 89 397 61 13560 1
991 170 398 28 5649 1
992 79 396 27 7432 1
993 157 396 27 7432 1
994 95 398 20 7445 1
995 7 398 44 11365 1
996 72 396 25 7224 1
997 87 395 29 6035 1
998 95 397 16 6319 1
999 78 399 65 17155 1
1000 85 395 28 12009 1
1001 84 398 49 28112 1
1002 77 396 35 15986 1
1003 174 399 24 9841 1
1004 84 399 35 7725 1
1005 79 395 33 17667 1
1006 84 399 31 17351 1
1007 88 397 24 7158 1
1008 149 396 23 9904 1
1009 86 398 40 16249 1
1010 84 396 49 27483 1
1011 90 398 28 7620 1
1012 185 398 33 12411 1
1013 80 399 21 11986 1
1014 84 398 22 10085 1
1015 76 398 27 13201 1
1016 78 396 21 11095 1
1017 87 399 32 10799 1
1018 85 395 30 17760 1
1019 169 395 30 17760 1
1020 78 395 21 9646 1
1021 163 395 31 18017 1
1022 72 396 38 18916 1
1023 182 399 42 19279 1
1024 78 395 44 18440 1
1025 79 398 26 11462 1
1026 157 398 26 11462 1
1027 235 398 26 11462 1
1028 79 397 30 12105 1
1029 149 398 18 9033 1
1030 10 396 36 18075 1
1031 12 395 30 7131 1
1032 115 395 49 18769 1
1033 90 399 18 10580 1
1034 87 397 28 7647 1
1035 79 398 27 6713 1
1036 87 398 24 5493 1
14
503 620 807 620 700 205 255 700 700 700 700 700 200 460 