1036
1 29 137 14 2099 1
2 9 137 22 1637 1
3 17 137 22 1637 1
4 25 137 22 1637 1
5 33 137 22 1637 1
6 41 137 22 1637 1
7 3 118 10 907 1
8 3 129 2 256 1
9 5 129 2 256 1
10 8 138 28 5380 1
11 15 138 28 5380 1
12 22 138 28 5380 1
13 29 138 28 5380 1
14 9 140 18 2615 1
15 17 140 18 2615 1
16 3 129 8 695 1
17 2 118 6 805 1
18 3 118 6 805 1
19 8 137 7 502 1
20 15 137 7 502 1
21 22 137 7 502 1
22 9 133 6 857 1
23 12 138 8 653 1
24 9 129 15 1885 1
25 10 129 4 355 1
26 19 129 4 355 1
27 9 132 10 1526 1
28 13 133 6 1161 1
29 11 125 16 2339 1
30 7 132 7 510 1
31 13 133 5 406 1
32 20 132 11 1573 1
33 7 138 6 564 1
34 2 137 11 2138 1
35 3 134 39 3973 1
36 5 134 39 3973 1
37 18 134 18 1904 1
38 8 137 12 1797 1
39 9 125 6 1070 1
40 14 132 24 4334 1
41 23 133 5 465 1
42 7 132 6 1021 1
43 13 132 6 1021 1
44 19 132 6 1021 1
45 25 132 6 1021 1
46 3 138 14 2755 1
47 10 140 20 1665 1
48 7 133 11 890 1
49 2 138 16 2481 1
50 12 137 8 1049 1
51 8 125 19 1316 1
52 23 125 19 1342 1
53 9 140 10 971 1
54 17 140 10 971 1
55 13 129 8 1050 1
56 2 132 22 3442 1
57 13 138 12 1441 1
58 2 140 4 797 1
59 8 134 7 949 1
60 8 133 22 2697 1
61 15 133 22 2697 1
62 22 133 22 2697 1
63 8 125 4 687 1
64 15 125 4 687 1
65 10 125 19 3095 1
66 30 132 13 1487 1
67 59 132 13 1487 1
68 88 132 13 1487 1
69 117 132 13 1487 1
70 21 125 4 567 1
71 2 140 13 1588 1
72 10 133 16 1933 1
73 9 132 8 1375 1
74 10 137 4 556 1
75 2 125 20 1679 1
76 8 129 24 2925 1
77 15 129 24 2925 1
78 24 134 11 1501 1
79 47 134 11 1501 1
80 70 134 11 1501 1
81 93 134 11 1501 1
82 9 129 17 2528 1
83 11 140 9 1066 1
84 10 138 44 8236 1
85 19 138 44 8236 1
86 28 138 44 8236 1
87 24 138 20 3728 1
88 11 118 5 458 1
89 9 125 13 1838 1
90 17 125 13 1838 1
91 25 125 13 1838 1
92 33 125 13 1838 1
93 24 134 4 717 1
94 47 134 4 717 1
95 70 134 4 717 1
96 93 134 4 717 1
97 10 140 7 739 1
98 19 140 7 739 1
99 8 140 19 1948 1
100 25 137 14 1693 1
101 49 137 14 1693 1
102 49 151 10 2028 1
103 43 187 8 2223 1
104 45 208 22 2892 1
105 20 205 15 3221 1
106 23 205 15 3836 1
107 43 178 9 809 1
108 214 177 40 8947 1
109 22 199 28 3783 1
110 47 167 16 3068 1
111 13 208 52 8152 1
112 25 208 52 8152 1
113 44 188 21 5432 1
114 87 188 21 5432 1
115 130 188 21 5432 1
116 173 188 21 5432 1
117 11 190 24 2304 1
118 21 190 24 2304 1
119 44 195 18 2173 1
120 87 195 18 2173 1
121 8 184 11 1170 1
122 53 195 9 2045 1
123 105 195 9 2045 1
124 53 208 12 1774 1
125 45 194 30 7297 1
126 45 181 10 2673 1
127 89 181 10 2673 1
128 44 190 15 4112 1
129 44 167 9 1258 1
130 43 195 14 4020 1
131 44 170 50 9055 1
132 87 170 50 9055 1
133 24 202 18 5006 1
134 47 202 18 5006 1
135 18 151 10 914 1
136 6 207 11 2553 1
137 42 202 23 6740 1
138 18 181 8 1352 1
139 44 188 29 4261 1
140 13 167 17 2856 1
141 284 197 16 3643 1
142 17 207 19 5862 1
143 18 197 44 10724 1
144 64 161 27 2332 1
145 20 151 10 1743 1
146 45 161 18 3704 1
147 89 161 18 3704 1
148 42 187 26 6195 1
149 15 187 14 3230 1
150 29 187 14 3230 1
151 21 199 35 5372 1
152 22 181 18 4731 1
153 44 188 13 1767 1
154 87 188 13 1767 1
155 6 149 15 1818 1
156 43 202 29 7217 1
157 42 149 18 1617 1
158 80 210 22 3329 1
159 44 170 15 3378 1
160 21 190 7 1569 1
161 21 170 10 1660 1
162 43 167 7 1409 1
163 23 151 10 1677 1
164 44 171 22 2715 1
165 87 171 22 2715 1
166 44 195 10 1348 1
167 24 190 15 4125 1
168 82 161 6 1018 1
169 21 197 12 3355 1
170 20 204 8 2159 1
171 7 170 6 949 1
172 5 177 25 3372 1
173 42 203 13 3768 1
174 83 203 13 3768 1
175 16 177 4 534 1
176 6 178 20 4749 1
177 43 188 16 2236 1
178 85 188 16 2236 1
179 127 188 16 2236 1
180 42 149 10 1202 1
181 53 197 27 5298 1
182 46 167 25 2838 1
183 15 177 19 3806 1
184 69 178 12 1495 1
185 20 178 6 916 1
186 5 190 19 3217 1
187 44 204 28 7592 1
188 43 171 22 5110 1
189 36 202 7 1320 1
190 16 171 44 9142 1
191 44 187 9 1111 1
192 87 187 9 1111 1
193 43 187 35 7132 1
194 43 202 27 7582 1
195 85 202 27 7582 1
196 16 205 9 2252 1
197 43 210 17 2343 1
198 23 207 33 8691 1
199 45 207 33 8691 1
200 43 151 11 922 1
201 85 151 11 922 1
202 16 207 16 4860 1
203 9 194 9 1187 1
204 44 199 21 2229 1
205 87 199 21 2229 1
206 130 199 21 2229 1
207 19 161 10 1120 1
208 37 161 10 1120 1
209 61 195 24 2491 1
210 49 178 48 5211 1
211 96 204 6 727 1
212 96 161 7 1257 1
213 60 207 60 12134 1
214 18 170 6 1079 1
215 17 161 6 984 1
216 33 161 6 984 1
217 190 170 10 1290 1
218 15 195 13 3558 1
219 29 195 13 3558 1
220 5 207 7 1284 1
221 43 161 12 1846 1
222 85 161 12 1846 1
223 127 161 12 1846 1
224 43 190 6 662 1
225 85 190 6 662 1
226 7 177 15 2951 1
227 6 197 19 4310 1
228 20 190 14 1642 1
229 44 161 14 1943 1
230 16 188 35 4223 1
231 24 197 31 4098 1
232 22 184 15 3764 1
233 16 181 8 2018 1
234 44 170 9 927 1
235 87 170 9 927 1
236 130 170 9 927 1
237 232 187 12 2053 1
238 44 177 21 4359 1
239 87 177 21 4359 1
240 130 177 21 4359 1
241 23 203 8 1530 1
242 6 184 4 529 1
243 24 194 40 7382 1
244 24 161 13 3011 1
245 4 171 22 2143 1
246 19 194 12 3387 1
247 17 184 15 3462 1
248 44 151 8 1587 1
249 17 161 14 2071 1
250 37 205 14 3003 1
251 42 190 12 3247 1
252 34 177 10 1768 1
253 43 181 17 1920 1
254 85 181 17 1920 1
255 127 181 17 1920 1
256 30 221 23 6959 1
257 29 220 17 2017 1
258 98 245 21 6469 1
259 32 222 37 11119 1
260 28 237 17 2402 1
261 37 230 16 2157 1
262 43 220 15 2656 1
263 61 220 19 3803 1
264 47 228 21 6861 1
265 59 239 25 7668 1
266 57 225 17 3284 1
267 57 228 13 3976 1
268 92 242 18 3027 1
269 44 220 13 2257 1
270 87 220 13 2257 1
271 118 242 13 4488 1
272 18 245 16 3545 1
273 28 243 18 3804 1
274 47 230 8 1470 1
275 6 237 14 3846 1
276 11 237 14 3846 1
277 76 242 13 3007 1
278 30 243 10 2691 1
279 88 225 10 3071 1
280 36 239 34 8396 1
281 29 243 29 6950 1
282 18 239 32 9873 1
283 44 225 32 5602 1
284 30 237 39 8182 1
285 44 237 22 6420 1
286 109 212 13 1760 1
287 58 228 12 2240 1
288 39 222 14 2761 1
289 43 242 42 10924 1
290 37 237 18 5115 1
291 55 221 21 4008 1
292 12 216 9 2514 1
293 69 242 10 2605 1
294 33 216 11 1781 1
295 43 222 16 1882 1
296 85 222 16 1882 1
297 127 222 16 1882 1
298 28 242 26 5436 1
299 57 239 23 7660 1
300 32 244 22 3368 1
301 8 237 31 8058 1
302 15 237 31 8058 1
303 58 244 24 5072 1
304 48 216 12 3208 1
305 95 216 12 3208 1
306 142 216 12 3208 1
307 124 228 14 1950 1
308 46 239 15 4179 1
309 91 239 15 4179 1
310 59 239 20 4099 1
311 108 239 16 4882 1
312 44 237 12 1830 1
313 29 222 13 1742 1
314 57 222 21 4435 1
315 1 228 10 1196 1
316 40 243 14 2224 1
317 102 212 17 2072 1
318 55 228 9 2168 1
319 27 237 23 5332 1
320 13 243 19 2733 1
321 59 242 12 3227 1
322 44 244 35 4538 1
323 87 216 30 3657 1
324 173 216 30 3657 1
325 11 237 22 4094 1
326 9 244 13 4148 1
327 34 243 16 3957 1
328 79 220 19 5932 1
329 157 220 19 5932 1
330 30 225 29 5444 1
331 54 225 25 5728 1
332 43 216 20 4164 1
333 41 225 30 9928 1
334 81 225 30 9928 1
335 121 225 30 9928 1
336 18 225 15 4779 1
337 30 230 16 1972 1
338 59 230 16 1972 1
339 49 239 14 4974 1
340 43 228 7 1012 1
341 37 225 15 2300 1
342 97 216 14 2976 1
343 12 243 34 6547 1
344 48 220 40 9569 1
345 13 239 32 7558 1
346 44 222 9 2482 1
347 31 243 37 9398 1
348 44 244 19 2522 1
349 57 244 33 5520 1
350 6 230 12 3680 1
351 32 245 10 3190 1
352 50 225 13 3154 1
353 99 225 13 3154 1
354 36 212 17 4674 1
355 71 212 17 4674 1
356 51 230 9 1295 1
357 101 230 9 1295 1
358 37 220 22 3188 1
359 48 222 10 1324 1
360 31 228 13 2025 1
361 43 244 19 4406 1
362 6 237 24 4954 1
363 58 225 15 3897 1
364 115 225 15 3897 1
365 172 225 15 3897 1
366 56 222 9 2676 1
367 104 243 42 13707 1
368 44 237 28 3541 1
369 43 221 13 4044 1
370 44 243 13 2059 1
371 48 225 20 6086 1
372 44 239 16 2385 1
373 85 244 19 5181 1
374 30 244 12 3841 1
375 59 244 28 4405 1
376 36 220 36 8310 1
377 58 243 16 3701 1
378 58 243 9 3057 1
379 30 220 22 3329 1
380 44 244 12 3239 1
381 27 220 16 4660 1
382 60 244 20 5720 1
383 119 244 20 5720 1
384 43 228 15 3726 1
385 85 228 15 3726 1
386 45 225 11 2002 1
387 44 239 17 2305 1
388 120 245 23 7433 1
389 239 245 23 7433 1
390 358 245 23 7433 1
391 36 221 14 1860 1
392 30 242 12 4341 1
393 4 239 8 2365 1
394 7 239 8 2365 1
395 10 239 8 2365 1
396 95 216 19 3774 1
397 88 239 21 4157 1
398 45 225 20 3884 1
399 95 225 13 1573 1
400 43 212 11 2828 1
401 16 239 24 4431 1
402 74 243 13 3776 1
403 121 239 20 3570 1
404 28 239 14 3051 1
405 55 239 14 3051 1
406 18 216 18 4703 1
407 29 262 4 946 1
408 57 262 4 946 1
409 15 257 13 1766 1
410 125 270 22 3897 1
411 97 259 20 2596 1
412 30 255 28 8131 1
413 92 273 18 4774 1
414 44 259 4 1097 1
415 61 265 16 3685 1
416 57 275 7 1555 1
417 51 246 18 3253 1
418 101 246 18 3253 1
419 25 257 28 7345 1
420 43 260 21 7572 1
421 36 273 8 1312 1
422 18 259 16 3506 1
423 36 265 12 2216 1
424 99 275 32 8115 1
425 42 259 27 5970 1
426 31 268 20 5989 1
427 37 265 11 3309 1
428 37 274 11 2657 1
429 58 273 16 3711 1
430 91 276 17 3397 1
431 30 267 7 1503 1
432 30 276 25 7091 1
433 50 262 17 4091 1
434 44 273 3 411 1
435 27 274 15 4766 1
436 36 264 30 9971 1
437 29 255 10 2300 1
438 57 255 10 2300 1
439 108 276 27 9939 1
440 36 274 17 3292 1
441 38 260 14 4415 1
442 31 268 18 2585 1
443 57 275 18 3298 1
444 43 264 19 6732 1
445 29 273 7 1535 1
446 43 262 17 6525 1
447 85 262 17 6525 1
448 36 274 28 5473 1
449 44 270 7 2575 1
450 52 274 17 4188 1
451 57 257 16 4087 1
452 100 267 20 5500 1
453 43 246 17 2136 1
454 85 246 17 2136 1
455 29 277 20 5948 1
456 46 259 24 4614 1
457 91 259 24 4614 1
458 36 262 14 2333 1
459 43 275 24 9639 1
460 30 259 6 1292 1
461 172 276 15 3843 1
462 25 264 19 2885 1
463 30 265 5 1668 1
464 44 259 20 4471 1
465 87 259 20 4471 1
466 52 255 26 6506 1
467 30 262 16 3531 1
468 44 267 15 2412 1
469 50 262 13 4735 1
470 30 255 14 3619 1
471 38 268 14 3661 1
472 27 257 11 1756 1
473 95 255 14 4913 1
474 39 275 12 3853 1
475 54 270 16 3413 1
476 15 265 13 3365 1
477 51 257 24 4876 1
478 93 246 19 3061 1
479 185 246 19 3061 1
480 32 273 33 12930 1
481 21 246 16 2716 1
482 50 261 25 9131 1
483 89 262 10 1882 1
484 47 257 15 2065 1
485 43 276 25 6387 1
486 36 270 14 3180 1
487 15 268 32 10783 1
488 31 268 16 3294 1
489 44 259 18 5774 1
490 29 268 17 6380 1
491 43 277 19 4160 1
492 183 273 20 4761 1
493 16 276 18 6162 1
494 44 270 15 5991 1
495 43 261 6 1624 1
496 30 273 17 3398 1
497 36 270 12 2097 1
498 38 273 15 3813 1
499 75 273 15 3813 1
500 112 273 15 3813 1
501 149 273 15 3813 1
502 51 270 19 3550 1
503 56 267 28 4459 1
504 111 267 28 4459 1
505 37 261 14 3083 1
506 100 258 13 2543 1
507 100 276 25 9772 1
508 82 257 15 5201 1
509 163 257 15 5201 1
510 52 265 17 5193 1
511 50 277 19 5896 1
512 43 262 18 4393 1
513 85 262 18 4393 1
514 127 262 18 4393 1
515 31 264 22 5244 1
516 74 259 20 5166 1
517 30 262 9 1232 1
518 98 270 19 5370 1
519 36 255 9 1762 1
520 59 255 12 2838 1
521 103 246 19 2930 1
522 43 265 5 1604 1
523 43 259 6 900 1
524 37 261 9 2348 1
525 50 276 10 3051 1
526 91 274 25 9653 1
527 43 265 39 13172 1
528 30 265 28 10906 1
529 59 265 28 10906 1
530 104 274 13 2379 1
531 207 274 13 2379 1
532 43 270 24 9057 1
533 52 274 24 4325 1
534 29 275 14 5019 1
535 57 275 14 5019 1
536 43 268 9 2702 1
537 15 275 7 1695 1
538 37 262 10 1637 1
539 50 261 14 4878 1
540 37 264 24 3189 1
541 15 260 21 6029 1
542 37 260 19 7160 1
543 37 258 17 4237 1
544 37 258 15 4721 1
545 57 257 9 1497 1
546 30 255 16 5877 1
547 57 259 21 6525 1
548 37 259 11 3952 1
549 73 259 11 3952 1
550 37 246 18 4571 1
551 27 260 15 5622 1
552 29 261 39 6764 1
553 36 261 23 3903 1
554 71 261 23 3903 1
555 106 261 23 3903 1
556 35 259 11 2456 1
557 14 255 18 4647 1
558 100 270 12 3155 1
559 29 261 21 4471 1
560 58 274 17 3753 1
561 57 261 22 2923 1
562 102 257 11 3336 1
563 56 277 16 5071 1
564 43 259 27 5075 1
565 85 259 27 5075 1
566 36 275 46 10205 1
567 57 265 10 1967 1
568 43 258 16 2557 1
569 85 258 16 2557 1
570 15 260 2 712 1
571 58 255 18 6647 1
572 57 273 14 4662 1
573 50 262 15 4035 1
574 97 277 11 1963 1
575 49 267 16 2850 1
576 36 258 17 4511 1
577 28 259 6 1490 1
578 55 259 6 1490 1
579 98 260 2 602 1
580 41 275 19 7465 1
581 30 258 20 3295 1
582 30 273 26 7194 1
583 59 273 26 7194 1
584 36 270 17 5844 1
585 4 276 15 2500 1
586 50 275 11 3030 1
587 50 267 15 4762 1
588 36 277 18 4288 1
589 30 294 34 6107 1
590 43 279 12 3900 1
591 7 282 13 4088 1
592 58 279 7 1155 1
593 115 279 7 1155 1
594 172 279 7 1155 1
595 57 282 29 7844 1
596 15 278 17 4121 1
597 29 294 10 3317 1
598 57 300 19 5688 1
599 46 281 17 2639 1
600 57 300 8 3110 1
601 30 300 28 7745 1
602 58 281 9 2466 1
603 115 281 9 2466 1
604 57 284 24 10153 1
605 113 284 24 10153 1
606 48 286 9 2680 1
607 102 282 20 7494 1
608 67 291 14 5634 1
609 102 278 27 8763 1
610 30 281 14 3850 1
611 59 281 14 3850 1
612 88 281 14 3850 1
613 212 300 36 10006 1
614 59 300 17 2738 1
615 36 291 18 7693 1
616 58 279 13 1992 1
617 29 300 12 2985 1
618 59 284 12 4945 1
619 61 285 20 5449 1
620 57 293 15 3147 1
621 29 291 12 3544 1
622 31 291 18 5756 1
623 43 294 10 2210 1
624 61 284 18 5125 1
625 56 282 10 3714 1
626 29 293 19 7784 1
627 43 278 21 5449 1
628 57 293 12 3945 1
629 113 293 12 3945 1
630 57 293 23 7038 1
631 113 293 23 7038 1
632 169 293 23 7038 1
633 168 286 15 5174 1
634 29 291 10 3630 1
635 6 278 12 4927 1
636 59 278 15 6125 1
637 30 294 30 8629 1
638 101 291 11 2551 1
639 58 281 26 10120 1
640 43 282 12 2556 1
641 85 282 12 2556 1
642 227 300 26 4337 1
643 58 278 19 6160 1
644 58 294 39 16269 1
645 44 285 23 3787 1
646 87 285 23 3787 1
647 98 293 27 4194 1
648 43 279 31 8820 1
649 58 278 15 3140 1
650 56 285 16 6204 1
651 44 293 12 4576 1
652 42 291 20 4604 1
653 44 294 22 8654 1
654 29 285 22 8295 1
655 43 293 17 5902 1
656 29 285 12 1811 1
657 122 278 23 7807 1
658 59 278 21 8451 1
659 57 294 22 7773 1
660 58 293 17 3932 1
661 44 286 12 4274 1
662 28 282 23 6379 1
663 28 286 13 3635 1
664 96 292 12 3415 1
665 31 285 12 2491 1
666 31 300 11 3777 1
667 58 294 34 9655 1
668 56 300 16 4622 1
669 111 300 16 4622 1
670 7 282 18 4109 1
671 58 293 27 8827 1
672 58 294 16 4737 1
673 30 281 19 4596 1
674 57 291 19 2899 1
675 113 291 19 2899 1
676 169 291 19 2899 1
677 58 284 24 9541 1
678 58 281 8 2988 1
679 59 286 15 3001 1
680 28 286 13 3948 1
681 55 286 13 3948 1
682 58 294 17 6057 1
683 180 285 30 8522 1
684 28 294 17 4599 1
685 57 284 7 2640 1
686 92 278 13 3206 1
687 29 285 17 4602 1
688 58 291 10 2888 1
689 115 291 10 2888 1
690 172 291 10 2888 1
691 29 300 29 8659 1
692 57 300 29 8659 1
693 85 300 29 8659 1
694 98 291 21 7595 1
695 25 300 16 3663 1
696 60 279 9 3092 1
697 37 294 23 6344 1
698 43 281 21 6432 1
699 38 300 21 3499 1
700 242 278 26 8350 1
701 30 282 15 4890 1
702 45 281 34 5616 1
703 31 278 26 9423 1
704 30 285 12 2161 1
705 18 300 12 3519 1
706 25 281 22 8970 1
707 84 293 16 4336 1
708 100 279 21 7270 1
709 65 284 28 9491 1
710 89 300 18 6516 1
711 36 294 13 5563 1
712 28 284 10 2329 1
713 62 281 10 4029 1
714 57 292 19 2836 1
715 28 279 17 5551 1
716 55 279 17 5551 1
717 30 286 11 2870 1
718 142 279 12 2410 1
719 207 281 19 4679 1
720 29 299 22 8016 1
721 57 299 22 8016 1
722 202 285 15 2544 1
723 29 292 35 14146 1
724 18 294 19 2899 1
725 43 299 10 2941 1
726 33 286 15 5889 1
727 126 284 18 6171 1
728 179 286 9 2440 1
729 95 300 11 4508 1
730 60 279 20 4306 1
731 10 284 11 3090 1
732 62 293 10 1939 1
733 57 291 22 3363 1
734 36 299 15 2525 1
735 58 299 13 4024 1
736 57 293 13 5061 1
737 30 299 17 3385 1
738 59 299 17 3385 1
739 46 291 10 3890 1
740 20 279 15 2562 1
741 35 300 17 7081 1
742 69 300 17 7081 1
743 42 282 12 1957 1
744 59 292 17 3267 1
745 44 278 8 2149 1
746 57 278 13 2640 1
747 113 278 13 2640 1
748 169 278 13 2640 1
749 58 293 14 3754 1
750 117 318 31 14570 1
751 57 334 41 15620 1
752 78 318 44 13689 1
753 113 324 13 4871 1
754 78 335 21 3837 1
755 120 305 34 14139 1
756 78 318 14 6292 1
757 14 337 31 7581 1
758 79 316 46 14984 1
759 78 365 21 6783 1
760 155 365 21 6783 1
761 232 365 21 6783 1
762 59 338 41 16196 1
763 117 338 41 16196 1
764 57 338 45 8675 1
765 58 334 28 9074 1
766 50 365 30 15992 1
767 99 365 30 15992 1
768 35 324 30 8115 1
769 15 338 14 6147 1
770 71 336 19 6188 1
771 141 336 19 6188 1
772 57 349 24 5983 1
773 104 364 18 8271 1
774 119 363 22 9643 1
775 73 366 30 14140 1
776 79 332 16 7325 1
777 112 337 53 25072 1
778 223 337 53 25072 1
779 334 337 53 25072 1
780 445 337 53 25072 1
781 62 323 25 7091 1
782 79 303 26 9814 1
783 157 303 26 9814 1
784 79 333 27 13068 1
785 16 337 24 6928 1
786 58 364 13 2948 1
787 79 333 29 10234 1
788 51 365 63 32937 1
789 50 318 35 8189 1
790 38 334 20 3451 1
791 72 366 39 10080 1
792 126 333 14 4751 1
793 119 337 17 7902 1
794 79 331 10 3354 1
795 78 333 16 5492 1
796 121 316 13 5697 1
797 14 318 17 7349 1
798 13 334 19 4760 1
799 57 363 17 7804 1
800 217 337 26 4812 1
801 57 318 24 9496 1
802 15 303 19 3871 1
803 51 349 18 3578 1
804 79 332 26 8766 1
805 157 332 26 8766 1
806 37 368 23 5558 1
807 78 363 11 2083 1
808 155 363 11 2083 1
809 232 363 11 2083 1
810 58 303 8 2547 1
811 79 332 16 3147 1
812 57 365 36 8670 1
813 15 336 24 10354 1
814 77 333 10 2844 1
815 73 364 18 5254 1
816 57 331 14 6404 1
817 118 364 26 13599 1
818 120 316 30 8517 1
819 79 333 24 8040 1
820 57 368 22 11976 1
821 16 316 24 8407 1
822 58 365 20 7664 1
823 15 337 20 9113 1
824 29 337 20 9113 1
825 91 303 10 1869 1
826 78 305 22 7919 1
827 155 305 22 7919 1
828 57 365 21 4067 1
829 61 335 34 6998 1
830 57 349 20 8927 1
831 72 304 38 14566 1
832 143 304 38 14566 1
833 58 363 13 3384 1
834 115 363 13 3384 1
835 57 332 32 13500 1
836 57 333 40 19436 1
837 14 334 15 5843 1
838 76 304 17 4697 1
839 77 333 12 4307 1
840 18 332 29 11195 1
841 198 304 12 3049 1
842 79 303 25 10993 1
843 55 337 14 3770 1
844 112 365 39 9625 1
845 58 368 19 4135 1
846 78 304 19 6292 1
847 79 331 25 10788 1
848 118 337 28 5806 1
849 91 316 17 5603 1
850 83 349 20 4835 1
851 51 368 15 8095 1
852 77 337 28 5913 1
853 80 338 26 6808 1
854 79 368 24 10216 1
855 157 368 24 10216 1
856 59 349 13 3638 1
857 78 335 22 5992 1
858 90 303 30 12709 1
859 78 364 39 17219 1
860 51 335 27 9981 1
861 78 365 63 17693 1
862 115 364 17 5570 1
863 58 316 16 2683 1
864 85 363 58 16762 1
865 102 366 21 10022 1
866 73 368 24 8458 1
867 58 338 34 13269 1
868 15 331 15 3578 1
869 14 334 17 7355 1
870 37 364 26 9647 1
871 115 324 18 8683 1
872 36 368 21 3908 1
873 71 368 21 3908 1
874 79 303 12 2149 1
875 191 333 15 3231 1
876 94 338 15 5777 1
877 56 318 12 1956 1
878 96 338 9 3383 1
879 15 335 18 3656 1
880 50 316 8 3705 1
881 36 303 19 6543 1
882 78 337 29 9995 1
883 113 363 61 25967 1
884 97 363 26 12580 1
885 51 337 58 18741 1
886 79 366 33 7040 1
887 91 365 26 5902 1
888 98 331 29 8404 1
889 57 364 24 7867 1
890 113 364 24 7867 1
891 78 349 22 10955 1
892 70 363 18 5159 1
893 50 316 28 7844 1
894 36 338 16 2819 1
895 88 318 26 11970 1
896 36 332 48 9017 1
897 57 337 16 7128 1
898 113 337 16 7128 1
899 51 349 24 12015 1
900 78 323 43 7053 1
901 79 303 31 5698 1
902 157 303 31 5698 1
903 115 331 28 9768 1
904 59 368 16 7421 1
905 72 323 23 8436 1
906 79 338 27 9850 1
907 117 332 32 5673 1
908 78 366 28 14321 1
909 79 368 35 13469 1
910 79 331 11 3185 1
911 96 318 14 5223 1
912 57 366 19 6567 1
913 78 336 25 9328 1
914 50 368 16 8275 1
915 90 318 26 7927 1
916 13 368 37 11515 1
917 79 336 35 8743 1
918 13 363 33 8937 1
919 14 368 19 8185 1
920 58 337 21 5745 1
921 115 337 21 5745 1
922 12 363 30 8979 1
923 79 332 18 6314 1
924 35 303 9 2441 1
925 56 366 49 12120 1
926 64 365 19 5300 1
927 79 349 9 4522 1
928 79 334 16 6558 1
929 58 368 21 10449 1
930 58 333 15 5822 1
931 115 333 15 5822 1
932 172 333 15 5822 1
933 229 333 15 5822 1
934 58 304 14 3996 1
935 58 304 12 5434 1
936 51 324 39 18803 1
937 57 337 26 10661 1
938 78 333 30 10019 1
939 155 333 30 10019 1
940 232 333 30 10019 1
941 36 305 14 6276 1
942 120 332 12 2272 1
943 13 368 19 7485 1
944 71 366 33 18032 1
945 112 305 22 5055 1
946 78 366 19 9516 1
947 124 316 22 4279 1
948 13 337 42 18656 1
949 37 365 30 13499 1
950 83 303 14 3710 1
951 36 324 18 7229 1
952 121 333 26 5307 1
953 12 338 10 1696 1
954 23 338 10 1696 1
955 50 323 34 5569 1
956 99 323 34 5569 1
957 79 333 38 13341 1
958 14 336 27 10480 1
959 51 333 23 6264 1
960 15 324 21 6375 1
961 13 303 28 11981 1
962 118 364 36 15656 1
963 15 303 20 4367 1
964 29 303 20 4367 1
965 57 333 17 8360 1
966 14 303 29 12824 1
967 27 303 29 12824 1
968 78 337 18 6295 1
969 116 324 28 10353 1
970 51 316 27 9059 1
971 106 305 32 8346 1
972 14 331 14 5898 1
973 27 331 14 5898 1
974 80 303 11 2821 1
975 37 364 29 5885 1
976 77 316 19 8095 1
977 79 324 21 9258 1
978 115 324 18 4118 1
979 50 368 29 6578 1
980 78 335 23 5817 1
981 78 304 12 2486 1
982 59 337 23 5494 1
983 15 349 12 5136 1
984 36 336 33 8178 1
985 118 323 12 5415 1
986 16 332 34 13973 1
987 31 332 34 13973 1
988 15 349 17 7114 1
989 79 366 30 8018 1
990 88 395 37 8649 1
991 91 397 23 10695 1
992 80 395 28 14621 1
993 80 396 46 23133 1
994 151 396 16 5656 1
995 86 395 28 9281 1
996 179 395 27 12992 1
997 77 395 24 4932 1
998 85 399 32 10003 1
999 79 397 29 12097 1
1000 83 397 24 12635 1
1001 86 399 25 6264 1
1002 72 395 23 6746 1
1003 80 396 31 13654 1
1004 159 396 31 13654 1
1005 238 396 31 13654 1
1006 147 398 28 8945 1
1007 73 396 16 9191 1
1008 87 398 28 12389 1
1009 173 398 28 12389 1
1010 89 397 34 8071 1
1011 8 396 25 14652 1
1012 79 395 27 12359 1
1013 157 395 27 12359 1
1014 235 395 27 12359 1
1015 80 399 35 19776 1
1016 76 395 25 6949 1
1017 77 395 20 6863 1
1018 86 398 29 7650 1
1019 174 395 16 9235 1
1020 178 399 57 21333 1
1021 80 399 20 7884 1
1022 77 397 33 18589 1
1023 87 396 31 9574 1
1024 77 399 39 14192 1
1025 73 395 48 28061 1
1026 87 399 45 14185 1
1027 173 399 45 14185 1
1028 79 398 39 21962 1
1029 157 398 39 21962 1
1030 88 398 53 10997 1
1031 79 399 46 17839 1
1032 79 396 31 17563 1
1033 15 397 20 8156 1
1034 29 397 20 8156 1
1035 90 395 21 11689 1
1036 79 399 41 11571 1
14
503 620 807 620 700 205 255 700 700 700 700 700 200 460 