1036
1 2 133 10 756 1
2 9 125 33 4728 1
3 9 118 18 1845 1
4 8 137 8 1631 1
5 15 137 8 1631 1
6 2 125 25 2865 1
7 9 132 13 1087 1
8 17 132 13 1087 1
9 25 132 13 1087 1
10 9 138 15 2828 1
11 17 138 15 2828 1
12 25 138 15 2828 1
13 9 138 20 3786 1
14 17 138 20 3786 1
15 2 134 23 1761 1
16 13 133 23 2008 1
17 25 133 23 2008 1
18 12 125 8 540 1
19 15 138 26 3692 1
20 29 138 26 3692 1
21 43 138 26 3692 1
22 57 138 26 3692 1
23 2 140 5 601 1
24 11 118 7 1003 1
25 7 134 11 1801 1
26 12 140 15 3022 1
27 23 140 15 3022 1
28 34 140 15 3022 1
29 7 125 7 1312 1
30 1 132 8 1531 1
31 9 134 11 1287 1
32 17 134 11 1287 1
33 8 118 8 1286 1
34 26 134 19 3403 1
35 51 134 19 3403 1
36 8 133 10 895 1
37 16 134 10 1171 1
38 31 134 10 1171 1
39 46 134 10 1171 1
40 61 134 10 1171 1
41 20 134 8 899 1
42 39 134 8 899 1
43 9 133 3 557 1
44 19 133 31 3060 1
45 13 125 15 2531 1
46 3 118 20 1893 1
47 9 138 8 1447 1
48 17 138 8 1447 1
49 26 132 5 453 1
50 51 132 5 453 1
51 25 137 8 1138 1
52 49 137 8 1138 1
53 7 125 19 3244 1
54 13 125 19 3244 1
55 8 129 15 2553 1
56 15 129 15 2553 1
57 10 132 13 2116 1
58 20 129 17 1816 1
59 34 132 11 1200 1
60 16 118 7 1190 1
61 22 132 33 2707 1
62 23 138 9 950 1
63 8 125 14 2360 1
64 15 125 14 2360 1
65 8 132 9 972 1
66 9 137 8 1290 1
67 9 118 8 835 1
68 17 118 8 835 1
69 8 132 15 2559 1
70 10 138 14 1379 1
71 8 129 10 1623 1
72 15 129 10 1623 1
73 25 118 17 2122 1
74 7 129 28 2829 1
75 13 129 28 2829 1
76 2 137 4 777 1
77 3 137 4 777 1
78 28 125 19 1770 1
79 55 125 19 1770 1
80 30 129 18 3125 1
81 24 129 18 3376 1
82 20 134 15 2338 1
83 10 125 15 1213 1
84 10 138 4 452 1
85 19 138 4 452 1
86 28 138 4 452 1
87 37 138 4 452 1
88 1 140 28 3799 1
89 3 133 5 945 1
90 8 134 12 1423 1
91 15 134 12 1423 1
92 22 134 12 1423 1
93 9 133 5 918 1
94 11 134 3 249 1
95 15 140 11 1892 1
96 29 140 11 1892 1
97 8 125 8 522 1
98 7 137 17 1200 1
99 13 137 17 1200 1
100 19 137 17 1200 1
101 25 137 17 1200 1
102 43 167 26 4971 1
103 44 203 17 5115 1
104 43 207 41 5904 1
105 43 171 13 1223 1
106 59 203 6 1655 1
107 117 203 6 1655 1
108 15 190 9 2312 1
109 16 188 11 2901 1
110 45 171 13 1403 1
111 89 171 13 1403 1
112 23 210 20 3933 1
113 45 210 20 3933 1
114 29 210 36 8530 1
115 44 208 30 6666 1
116 87 208 30 6666 1
117 130 208 30 6666 1
118 44 177 18 2224 1
119 100 204 6 773 1
120 44 194 18 2510 1
121 44 197 19 5364 1
122 87 197 19 5364 1
123 18 203 10 1382 1
124 6 187 18 2239 1
125 45 149 12 1201 1
126 89 149 12 1201 1
127 133 149 12 1201 1
128 177 149 12 1201 1
129 199 177 18 3661 1
130 19 161 6 990 1
131 7 149 10 804 1
132 13 149 10 804 1
133 44 194 24 5128 1
134 44 210 27 3444 1
135 43 188 48 6030 1
136 12 199 13 3021 1
137 44 190 45 9884 1
138 70 151 9 1798 1
139 139 151 9 1798 1
140 208 151 9 1798 1
141 43 170 26 5112 1
142 17 171 8 1833 1
143 43 149 16 2141 1
144 7 205 8 1039 1
145 13 205 8 1039 1
146 43 187 14 3243 1
147 85 187 14 3243 1
148 127 187 14 3243 1
149 43 208 15 3270 1
150 43 203 26 7582 1
151 85 203 26 7582 1
152 56 204 13 2080 1
153 16 199 15 4227 1
154 48 210 18 4801 1
155 42 203 14 3396 1
156 45 195 10 983 1
157 89 195 10 983 1
158 133 195 10 983 1
159 50 178 5 1262 1
160 82 194 14 1947 1
161 43 195 26 5148 1
162 15 199 16 3774 1
163 43 205 19 3280 1
164 85 205 19 3280 1
165 44 207 14 2772 1
166 87 207 14 2772 1
167 130 207 14 2772 1
168 227 210 19 4697 1
169 52 170 28 2574 1
170 43 171 10 1798 1
171 42 151 9 1007 1
172 42 190 23 2588 1
173 20 171 9 911 1
174 19 197 34 9169 1
175 43 177 19 3703 1
176 85 177 19 3703 1
177 127 177 19 3703 1
178 88 178 15 3325 1
179 44 151 12 2282 1
180 68 171 27 4624 1
181 44 199 9 1051 1
182 45 177 22 2233 1
183 43 181 12 2719 1
184 85 181 12 2719 1
185 127 181 12 2719 1
186 169 181 12 2719 1
187 17 195 11 1785 1
188 44 199 28 4580 1
189 87 199 28 4580 1
190 17 194 8 1167 1
191 18 210 16 4238 1
192 29 194 17 2763 1
193 57 194 17 2763 1
194 22 203 10 1711 1
195 17 177 9 1599 1
196 188 195 12 1553 1
197 16 187 14 1530 1
198 21 210 14 3250 1
199 19 195 12 3185 1
200 37 195 12 3185 1
201 43 207 9 1538 1
202 85 207 9 1538 1
203 16 161 14 3110 1
204 197 199 19 2611 1
205 43 207 22 5247 1
206 15 210 21 6091 1
207 44 204 18 2683 1
208 39 197 21 4205 1
209 44 184 11 1390 1
210 87 184 11 1390 1
211 44 181 10 2519 1
212 43 161 12 2806 1
213 85 161 12 2806 1
214 127 161 12 2806 1
215 51 188 15 2247 1
216 101 188 15 2247 1
217 6 205 13 3084 1
218 44 202 22 6030 1
219 87 202 22 6030 1
220 130 202 22 6030 1
221 173 202 22 6030 1
222 216 202 22 6030 1
223 18 187 7 1197 1
224 16 170 17 2222 1
225 31 170 17 2222 1
226 46 170 17 2222 1
227 43 199 5 603 1
228 85 199 5 603 1
229 127 199 5 603 1
230 7 151 7 1218 1
231 46 202 19 5184 1
232 15 202 23 6268 1
233 7 197 20 3248 1
234 13 197 20 3248 1
235 21 190 10 1196 1
236 68 161 16 2438 1
237 44 170 16 1833 1
238 19 177 16 3384 1
239 8 188 7 791 1
240 43 208 21 4428 1
241 85 208 21 4428 1
242 17 195 8 1249 1
243 33 195 8 1249 1
244 6 205 18 4340 1
245 43 181 15 2380 1
246 43 207 7 754 1
247 44 184 66 13910 1
248 87 184 66 13910 1
249 43 151 18 2909 1
250 85 151 18 2909 1
251 44 188 49 4952 1
252 87 188 49 4952 1
253 46 195 22 2324 1
254 65 188 24 2727 1
255 14 195 37 7935 1
256 53 212 20 3869 1
257 30 225 8 901 1
258 6 220 13 3636 1
259 57 212 36 6166 1
260 113 212 36 6166 1
261 31 222 21 5303 1
262 30 212 18 3259 1
263 51 216 18 4375 1
264 101 216 18 4375 1
265 36 228 11 1261 1
266 71 228 11 1261 1
267 92 225 13 3164 1
268 2 244 10 1637 1
269 7 221 9 2564 1
270 29 243 18 6132 1
271 31 237 22 4151 1
272 49 221 30 5672 1
273 29 216 24 5659 1
274 7 237 17 5399 1
275 56 242 14 3760 1
276 58 212 18 4794 1
277 28 243 14 4951 1
278 60 225 32 5291 1
279 30 221 14 2034 1
280 59 221 14 2034 1
281 10 225 10 2516 1
282 28 221 17 4942 1
283 44 239 18 3984 1
284 57 243 17 3981 1
285 43 245 18 6578 1
286 29 216 20 4183 1
287 29 237 21 6643 1
288 50 237 21 4987 1
289 30 230 15 2788 1
290 59 230 15 2788 1
291 44 237 18 5970 1
292 87 237 18 5970 1
293 36 228 47 15239 1
294 44 228 23 2945 1
295 95 244 8 978 1
296 29 221 15 3532 1
297 57 221 15 3532 1
298 53 216 20 4719 1
299 30 221 36 6579 1
300 59 221 36 6579 1
301 30 245 15 3329 1
302 47 228 26 6700 1
303 93 228 26 6700 1
304 112 216 9 2595 1
305 57 221 13 2604 1
306 57 230 19 5816 1
307 44 239 17 2150 1
308 109 244 14 3380 1
309 37 239 14 4196 1
310 30 244 25 4105 1
311 47 216 23 7225 1
312 17 243 9 2529 1
313 36 230 24 3988 1
314 5 245 25 8204 1
315 44 216 10 2236 1
316 30 212 5 1348 1
317 10 237 16 4553 1
318 30 216 11 3260 1
319 59 216 11 3260 1
320 13 230 7 1193 1
321 28 221 29 9035 1
322 55 245 14 4827 1
323 31 220 21 2340 1
324 89 222 14 3487 1
325 9 245 49 15990 1
326 27 239 11 3572 1
327 30 228 10 1647 1
328 44 230 17 5193 1
329 29 237 26 9242 1
330 44 221 19 3086 1
331 58 242 24 6319 1
332 115 242 24 6319 1
333 56 242 22 3202 1
334 43 244 23 2977 1
335 27 228 9 1934 1
336 31 243 23 4189 1
337 11 222 22 3883 1
338 21 222 22 3883 1
339 30 242 28 7284 1
340 30 228 18 2351 1
341 59 228 18 2351 1
342 19 245 20 4410 1
343 12 221 24 3913 1
344 36 245 18 5524 1
345 49 221 9 1759 1
346 56 220 14 4433 1
347 111 220 14 4433 1
348 102 221 9 1659 1
349 35 245 18 4283 1
350 36 221 51 10921 1
351 43 228 26 7148 1
352 59 228 21 6911 1
353 57 244 19 3251 1
354 35 212 17 5320 1
355 35 230 13 3272 1
356 101 237 12 3816 1
357 27 212 18 3835 1
358 93 216 19 4925 1
359 36 245 18 3191 1
360 61 239 21 7176 1
361 121 239 21 7176 1
362 181 239 21 7176 1
363 241 239 21 7176 1
364 31 216 20 6153 1
365 31 245 22 7522 1
366 114 216 24 3563 1
367 227 216 24 3563 1
368 7 225 13 1591 1
369 27 222 9 2677 1
370 52 225 20 3179 1
371 31 243 16 5435 1
372 44 220 9 1948 1
373 58 237 20 3586 1
374 30 216 29 9076 1
375 44 228 18 5717 1
376 93 220 9 1059 1
377 30 228 11 3438 1
378 55 245 21 5551 1
379 44 244 43 9566 1
380 35 230 27 3979 1
381 88 212 9 1823 1
382 31 225 9 1725 1
383 61 225 9 1725 1
384 31 221 12 2231 1
385 57 244 14 2399 1
386 29 245 35 9765 1
387 57 245 35 9765 1
388 43 222 6 1599 1
389 44 225 16 2564 1
390 30 222 12 1374 1
391 29 245 31 6083 1
392 49 220 34 6470 1
393 47 239 20 4567 1
394 93 239 20 4567 1
395 139 239 20 4567 1
396 185 239 20 4567 1
397 55 220 13 3803 1
398 105 245 21 3712 1
399 28 225 9 2206 1
400 55 225 9 2206 1
401 96 228 31 7054 1
402 42 239 22 7506 1
403 60 225 15 4576 1
404 44 243 23 3765 1
405 98 222 11 3007 1
406 52 244 43 5372 1
407 36 261 29 10510 1
408 51 259 15 3499 1
409 104 257 22 7112 1
410 207 257 22 7112 1
411 51 246 14 4529 1
412 15 277 11 3647 1
413 30 261 10 3051 1
414 57 277 10 1535 1
415 29 257 20 3810 1
416 30 262 17 6170 1
417 163 270 13 2803 1
418 46 277 18 6976 1
419 32 257 22 6135 1
420 50 260 3 678 1
421 40 260 9 2193 1
422 37 270 24 8503 1
423 73 270 24 8503 1
424 109 270 24 8503 1
425 39 259 19 3660 1
426 103 268 16 3211 1
427 58 259 19 4490 1
428 37 255 14 1950 1
429 58 262 17 5506 1
430 37 264 17 4388 1
431 84 277 21 8108 1
432 99 273 13 4617 1
433 66 274 15 5536 1
434 131 274 15 5536 1
435 196 274 15 5536 1
436 51 260 17 4379 1
437 101 260 17 4379 1
438 49 275 22 7070 1
439 30 261 11 2771 1
440 57 265 27 4131 1
441 50 270 28 8537 1
442 36 260 19 2965 1
443 89 246 18 4943 1
444 50 260 32 4978 1
445 29 265 23 6418 1
446 14 277 18 5116 1
447 36 273 4 1455 1
448 71 273 4 1455 1
449 36 262 7 2126 1
450 71 262 7 2126 1
451 106 262 7 2126 1
452 141 262 7 2126 1
453 176 262 7 2126 1
454 34 261 24 8044 1
455 57 255 17 3706 1
456 36 277 3 835 1
457 36 255 17 4129 1
458 50 270 15 2563 1
459 15 277 21 6195 1
460 29 277 21 6195 1
461 43 277 21 6195 1
462 16 277 23 8151 1
463 31 259 17 4806 1
464 36 265 16 2423 1
465 100 265 20 6037 1
466 44 261 18 5751 1
467 43 265 31 11801 1
468 53 255 15 2895 1
469 44 264 13 3528 1
470 58 259 7 1639 1
471 38 276 21 6866 1
472 84 261 9 3053 1
473 145 268 19 7245 1
474 45 275 21 4965 1
475 100 258 21 3357 1
476 29 275 21 4241 1
477 30 275 19 5090 1
478 86 275 15 2360 1
479 50 262 27 6223 1
480 30 262 15 3148 1
481 59 262 15 3148 1
482 43 270 13 4244 1
483 85 270 13 4244 1
484 98 274 21 7324 1
485 91 274 14 4109 1
486 101 261 18 3857 1
487 37 258 21 7398 1
488 73 258 21 7398 1
489 43 261 1 153 1
490 30 270 13 3264 1
491 57 268 18 5615 1
492 43 273 20 3314 1
493 85 273 20 3314 1
494 51 261 12 3219 1
495 30 274 21 6912 1
496 30 259 24 3157 1
497 59 259 24 3157 1
498 53 260 13 4463 1
499 105 260 13 4463 1
500 157 260 13 4463 1
501 44 265 10 2658 1
502 50 277 12 4449 1
503 30 259 18 2897 1
504 36 261 18 5935 1
505 3 270 7 1892 1
506 42 270 18 6481 1
507 83 270 18 6481 1
508 124 270 18 6481 1
509 54 267 15 4749 1
510 96 268 23 8220 1
511 50 258 14 2653 1
512 99 258 14 2653 1
513 36 264 25 3599 1
514 50 275 29 8108 1
515 47 259 17 2392 1
516 51 258 13 4497 1
517 22 246 22 5705 1
518 43 246 22 5705 1
519 36 261 15 4589 1
520 30 257 18 6745 1
521 43 268 19 4422 1
522 52 277 19 5850 1
523 43 258 24 6540 1
524 50 246 18 3029 1
525 57 275 14 3995 1
526 30 274 15 5634 1
527 30 255 24 5489 1
528 59 255 24 5489 1
529 58 257 11 2836 1
530 62 270 19 6021 1
531 123 270 19 6021 1
532 30 265 17 3157 1
533 36 276 8 1227 1
534 71 276 8 1227 1
535 27 270 22 5505 1
536 29 261 12 4055 1
537 29 257 7 1279 1
538 46 276 1 200 1
539 30 255 9 3110 1
540 59 255 9 3110 1
541 159 273 16 6131 1
542 30 259 19 4798 1
543 31 255 13 4015 1
544 37 255 10 3537 1
545 42 258 20 6340 1
546 98 274 20 5795 1
547 96 264 13 4742 1
548 58 264 13 2366 1
549 42 277 22 4087 1
550 86 265 22 4021 1
551 44 273 23 7426 1
552 50 273 13 1838 1
553 30 257 15 4300 1
554 50 255 16 5669 1
555 43 274 10 3503 1
556 91 259 11 1838 1
557 44 270 6 2096 1
558 87 270 6 2096 1
559 36 270 11 4312 1
560 100 257 18 5857 1
561 50 265 6 2335 1
562 52 277 23 6640 1
563 29 246 26 3948 1
564 92 270 14 5210 1
565 92 267 17 4775 1
566 104 258 23 8160 1
567 44 273 19 2733 1
568 38 260 12 4361 1
569 57 261 15 5701 1
570 24 274 24 6074 1
571 36 270 13 4473 1
572 51 274 23 6185 1
573 30 262 17 5349 1
574 75 261 23 4994 1
575 37 260 12 4222 1
576 73 260 12 4222 1
577 57 277 18 7470 1
578 113 277 18 7470 1
579 29 255 10 2266 1
580 29 246 27 6871 1
581 92 261 17 4562 1
582 37 259 18 2904 1
583 35 276 13 5054 1
584 52 262 25 9225 1
585 36 275 10 3170 1
586 44 274 19 4982 1
587 87 274 19 4982 1
588 28 267 13 2488 1
589 58 279 6 1009 1
590 57 284 27 4546 1
591 113 284 27 4546 1
592 58 286 19 6216 1
593 115 286 19 6216 1
594 58 286 23 5945 1
595 58 300 17 3434 1
596 57 293 21 5044 1
597 113 293 21 5044 1
598 58 294 14 5080 1
599 55 279 14 4784 1
600 53 285 12 2276 1
601 44 293 16 6406 1
602 29 291 12 3946 1
603 57 300 25 6723 1
604 113 300 25 6723 1
605 169 300 25 6723 1
606 225 300 25 6723 1
607 30 285 14 5972 1
608 58 293 36 13765 1
609 115 293 36 13765 1
610 58 300 22 7143 1
611 29 284 25 5083 1
612 69 284 13 2203 1
613 58 293 25 6009 1
614 115 293 25 6009 1
615 98 294 11 2246 1
616 29 282 19 6396 1
617 30 285 21 3799 1
618 31 278 11 2717 1
619 43 284 15 2291 1
620 85 284 15 2291 1
621 34 293 9 3926 1
622 150 291 12 2900 1
623 57 285 9 3796 1
624 221 300 22 4668 1
625 29 294 15 4995 1
626 63 285 23 9379 1
627 43 279 26 4771 1
628 30 293 18 5915 1
629 31 282 19 4096 1
630 43 300 10 3887 1
631 42 291 12 2028 1
632 59 299 6 1384 1
633 36 281 24 9194 1
634 21 284 11 3998 1
635 41 284 11 3998 1
636 29 293 35 7053 1
637 29 293 12 2461 1
638 67 284 34 10924 1
639 159 291 14 4862 1
640 29 294 16 5944 1
641 57 294 16 5944 1
642 56 292 8 3224 1
643 57 299 35 14676 1
644 28 284 10 2833 1
645 58 279 5 1467 1
646 33 281 10 2516 1
647 19 294 8 1974 1
648 107 286 6 2450 1
649 57 279 12 2313 1
650 32 284 11 4189 1
651 28 279 29 11291 1
652 36 282 24 6203 1
653 29 292 33 6859 1
654 73 284 23 3573 1
655 29 282 19 5060 1
656 57 282 19 5060 1
657 43 285 15 3597 1
658 36 293 19 4874 1
659 29 291 22 7185 1
660 45 293 19 4848 1
661 58 281 21 8176 1
662 43 285 13 3880 1
663 85 285 13 3880 1
664 44 282 28 4807 1
665 87 282 28 4807 1
666 130 282 28 4807 1
667 5 292 15 4990 1
668 31 286 18 6189 1
669 187 278 12 1902 1
670 29 285 32 10408 1
671 34 294 19 3721 1
672 100 279 19 5101 1
673 199 279 19 5101 1
674 75 286 9 2353 1
675 31 294 11 1882 1
676 58 282 22 5756 1
677 58 292 21 7427 1
678 115 292 21 7427 1
679 28 278 14 4180 1
680 97 279 27 9317 1
681 43 294 19 5297 1
682 28 282 15 3755 1
683 55 282 15 3755 1
684 29 285 28 6560 1
685 82 281 17 6789 1
686 60 292 11 4436 1
687 30 285 14 2678 1
688 24 281 10 3085 1
689 65 281 10 1528 1
690 58 299 8 2241 1
691 133 284 15 2687 1
692 265 284 15 2687 1
693 28 284 13 3804 1
694 206 294 10 3176 1
695 36 284 21 6259 1
696 28 279 11 2772 1
697 43 284 14 5184 1
698 167 285 8 2437 1
699 29 286 15 6183 1
700 30 300 32 13749 1
701 139 282 23 6899 1
702 44 279 13 4167 1
703 87 279 13 4167 1
704 130 279 13 4167 1
705 57 293 14 2084 1
706 57 294 8 1590 1
707 113 294 8 1590 1
708 169 294 8 1590 1
709 225 294 8 1590 1
710 45 284 15 2659 1
711 89 284 15 2659 1
712 36 281 6 1167 1
713 36 300 22 7994 1
714 59 300 13 5379 1
715 117 300 13 5379 1
716 175 300 13 5379 1
717 42 300 29 7802 1
718 83 300 29 7802 1
719 58 292 17 4390 1
720 115 292 17 4390 1
721 30 285 20 3942 1
722 58 284 5 1195 1
723 29 281 17 4535 1
724 60 299 9 2893 1
725 96 285 36 11736 1
726 58 292 20 5646 1
727 22 293 10 4097 1
728 33 286 14 3375 1
729 43 286 19 7805 1
730 104 293 22 8995 1
731 207 293 22 8995 1
732 56 281 22 6999 1
733 82 284 17 4335 1
734 28 292 16 6668 1
735 55 292 16 6668 1
736 23 285 25 9347 1
737 98 284 15 2192 1
738 31 291 19 2845 1
739 30 293 10 3024 1
740 60 294 12 4178 1
741 58 300 12 4731 1
742 68 299 21 5084 1
743 37 281 17 6362 1
744 43 282 13 4187 1
745 29 279 13 1826 1
746 31 282 9 2167 1
747 58 282 6 1160 1
748 115 282 6 1160 1
749 28 285 16 3171 1
750 50 365 43 11192 1
751 21 366 31 16778 1
752 12 303 41 18177 1
753 14 333 23 9389 1
754 72 324 23 7023 1
755 143 324 23 7023 1
756 112 318 21 4702 1
757 79 304 15 6041 1
758 157 304 15 6041 1
759 50 318 19 4227 1
760 94 334 13 4898 1
761 15 364 16 5511 1
762 15 366 55 22873 1
763 14 338 19 9223 1
764 15 323 21 5366 1
765 56 304 10 3366 1
766 111 304 10 3366 1
767 78 331 29 12322 1
768 50 364 28 5863 1
769 58 331 33 7386 1
770 50 324 16 7319 1
771 36 304 24 4884 1
772 119 305 37 12387 1
773 51 336 33 12796 1
774 57 332 17 4868 1
775 57 365 21 5270 1
776 113 365 21 5270 1
777 169 365 21 5270 1
778 14 338 21 4863 1
779 80 368 27 12953 1
780 14 336 56 14208 1
781 14 304 26 4243 1
782 17 363 27 6490 1
783 61 338 22 10936 1
784 58 338 18 4263 1
785 78 303 41 10283 1
786 78 368 13 6906 1
787 15 349 47 22099 1
788 51 349 20 5252 1
789 15 316 26 6492 1
790 82 366 21 9006 1
791 51 333 29 12473 1
792 57 303 24 7928 1
793 58 366 20 7999 1
794 115 366 20 7999 1
795 172 366 20 7999 1
796 36 305 22 5193 1
797 15 338 34 9839 1
798 57 333 19 8411 1
799 113 333 19 8411 1
800 70 304 20 6643 1
801 52 349 14 5478 1
802 14 332 16 6757 1
803 84 323 29 10596 1
804 14 368 33 6098 1
805 78 332 40 19133 1
806 155 332 40 19133 1
807 232 332 40 19133 1
808 78 304 15 6173 1
809 155 304 15 6173 1
810 79 304 21 4303 1
811 177 334 15 6990 1
812 15 364 36 6654 1
813 36 366 25 10995 1
814 50 363 42 17541 1
815 78 349 20 6305 1
816 57 304 22 6260 1
817 14 318 20 6149 1
818 120 324 46 8535 1
819 80 303 21 9379 1
820 78 365 20 7988 1
821 93 304 22 7245 1
822 50 368 42 12599 1
823 78 338 22 9126 1
824 155 338 22 9126 1
825 50 332 27 5888 1
826 113 318 15 5650 1
827 57 324 25 8957 1
828 77 337 43 19869 1
829 56 323 23 4665 1
830 79 305 18 4785 1
831 157 305 18 4785 1
832 84 363 44 10181 1
833 15 336 42 9933 1
834 78 365 46 15925 1
835 79 337 22 10254 1
836 78 337 18 3821 1
837 78 323 26 5183 1
838 78 349 44 22718 1
839 80 323 13 3874 1
840 159 323 13 3874 1
841 62 332 67 29202 1
842 78 334 27 7771 1
843 104 303 20 4898 1
844 35 365 23 8988 1
845 103 349 22 6303 1
846 50 333 18 8361 1
847 79 364 18 9615 1
848 157 364 18 9615 1
849 79 334 18 6221 1
850 36 333 16 6695 1
851 57 324 17 5398 1
852 36 318 15 6330 1
853 16 337 37 16710 1
854 110 349 35 9497 1
855 38 338 9 3764 1
856 79 334 39 18264 1
857 157 334 39 18264 1
858 57 365 41 15016 1
859 78 323 45 9741 1
860 79 324 11 2272 1
861 50 304 26 7794 1
862 15 337 17 5109 1
863 57 337 31 8070 1
864 51 365 14 5105 1
865 78 365 21 10462 1
866 50 334 17 3681 1
867 123 335 17 7203 1
868 73 365 14 4218 1
869 57 335 24 4870 1
870 37 333 25 4905 1
871 51 303 15 5907 1
872 14 304 29 12153 1
873 71 363 35 7738 1
874 76 338 34 15014 1
875 79 332 13 4108 1
876 36 324 25 9364 1
877 57 363 34 14498 1
878 16 318 23 6941 1
879 57 337 21 4358 1
880 51 324 16 3223 1
881 55 349 41 8973 1
882 111 364 26 10453 1
883 58 349 28 9057 1
884 36 364 24 11173 1
885 58 305 18 3000 1
886 58 336 18 6007 1
887 116 334 27 10049 1
888 187 332 24 9357 1
889 16 364 33 8925 1
890 79 304 22 4495 1
891 16 364 16 6998 1
892 16 334 32 8314 1
893 118 363 18 8803 1
894 78 363 33 15287 1
895 36 365 22 6183 1
896 55 334 17 5987 1
897 2 338 40 16708 1
898 105 324 17 5108 1
899 74 366 23 7640 1
900 59 338 18 7072 1
901 51 337 16 7370 1
902 57 323 18 3171 1
903 78 303 14 3196 1
904 79 366 30 6438 1
905 37 305 20 5959 1
906 122 365 33 13968 1
907 74 303 18 3187 1
908 50 349 17 8204 1
909 79 332 36 16397 1
910 89 335 14 6880 1
911 57 332 24 5658 1
912 78 332 20 8883 1
913 78 368 39 12170 1
914 57 324 46 21071 1
915 73 305 23 10390 1
916 64 366 34 12046 1
917 50 323 15 3500 1
918 38 333 8 1595 1
919 79 324 11 4879 1
920 77 363 22 8698 1
921 78 332 10 2215 1
922 72 364 17 6055 1
923 73 316 34 9598 1
924 15 336 23 5207 1
925 51 337 13 3320 1
926 126 332 24 6643 1
927 37 363 41 18337 1
928 73 363 41 18337 1
929 86 305 16 6516 1
930 36 305 16 4476 1
931 71 305 16 4476 1
932 51 334 18 5266 1
933 48 323 17 6843 1
934 78 305 19 6163 1
935 36 324 14 5210 1
936 70 305 15 6747 1
937 52 324 23 5007 1
938 86 318 27 6724 1
939 14 316 20 7799 1
940 15 318 19 6406 1
941 121 338 20 6350 1
942 88 331 13 3665 1
943 77 318 20 6749 1
944 109 364 49 11620 1
945 79 324 33 9905 1
946 71 363 20 5561 1
947 141 363 20 5561 1
948 74 335 34 10455 1
949 79 333 36 16657 1
950 15 364 20 8984 1
951 37 323 13 3108 1
952 80 368 12 4589 1
953 159 368 12 4589 1
954 238 368 12 4589 1
955 78 333 29 13833 1
956 155 333 29 13833 1
957 57 366 26 11270 1
958 113 366 26 11270 1
959 212 349 46 17340 1
960 78 349 12 4301 1
961 58 368 19 3634 1
962 58 366 25 9062 1
963 31 333 28 11915 1
964 15 332 18 6460 1
965 29 332 18 6460 1
966 58 368 28 7522 1
967 57 335 31 10363 1
968 88 368 24 8622 1
969 113 304 20 7481 1
970 77 316 16 7463 1
971 121 316 32 15141 1
972 57 304 28 11966 1
973 79 349 17 6233 1
974 116 363 6 2564 1
975 231 363 6 2564 1
976 119 324 8 1796 1
977 92 333 21 6819 1
978 13 323 12 4281 1
979 115 338 18 7552 1
980 69 364 13 3785 1
981 58 333 35 14769 1
982 116 316 17 6766 1
983 36 349 26 4923 1
984 109 368 18 6819 1
985 57 368 15 7095 1
986 37 304 24 5286 1
987 73 304 24 5286 1
988 71 331 16 6758 1
989 36 305 25 7202 1
990 79 399 40 12226 1
991 77 398 27 6740 1
992 85 398 28 15279 1
993 90 396 33 15800 1
994 12 395 44 14614 1
995 183 396 48 16038 1
996 80 399 17 9751 1
997 159 399 17 9751 1
998 77 395 40 8065 1
999 88 395 37 10816 1
1000 72 397 25 5637 1
1001 73 399 18 3603 1
1002 84 397 18 8240 1
1003 93 396 37 12226 1
1004 185 396 37 12226 1
1005 277 396 37 12226 1
1006 73 395 43 10881 1
1007 77 396 42 24554 1
1008 150 397 21 8492 1
1009 178 399 41 16474 1
1010 75 396 46 26771 1
1011 84 396 29 13850 1
1012 80 395 22 12624 1
1013 144 395 31 7414 1
1014 287 395 31 7414 1
1015 93 395 15 4746 1
1016 86 398 27 7170 1
1017 171 398 27 7170 1
1018 78 399 23 11719 1
1019 150 398 46 12787 1
1020 299 398 46 12787 1
1021 448 398 46 12787 1
1022 79 399 17 4118 1
1023 79 397 18 8189 1
1024 79 399 37 20020 1
1025 86 397 30 13371 1
1026 171 397 30 13371 1
1027 77 399 25 10760 1
1028 87 395 28 15610 1
1029 87 397 32 13521 1
1030 85 395 37 16561 1
1031 12 395 22 12108 1
1032 79 399 42 17280 1
1033 112 397 20 10137 1
1034 90 396 30 11731 1
1035 76 395 26 13864 1
1036 90 398 34 17009 1
14
503 620 807 620 700 205 255 700 700 700 700 700 200 460 