1036
1 8 118 7 581 1
2 38 129 10 1196 1
3 2 133 27 1959 1
4 18 129 10 912 1
5 35 129 10 912 1
6 24 140 11 811 1
7 47 140 11 811 1
8 30 132 7 1189 1
9 8 134 6 1186 1
10 12 129 10 1245 1
11 7 134 9 625 1
12 13 134 9 625 1
13 30 138 9 769 1
14 2 125 6 660 1
15 24 140 11 2047 1
16 47 140 11 2047 1
17 24 137 8 1547 1
18 9 134 98 18607 1
19 8 129 39 3318 1
20 40 137 18 2701 1
21 79 137 18 2701 1
22 12 138 6 709 1
23 22 134 6 1179 1
24 43 134 6 1179 1
25 64 134 6 1179 1
26 20 138 13 1233 1
27 8 118 4 481 1
28 8 140 4 512 1
29 15 140 4 512 1
30 9 133 16 2901 1
31 17 133 16 2901 1
32 10 137 8 733 1
33 19 137 8 733 1
34 22 137 10 1591 1
35 19 125 20 1393 1
36 8 138 4 690 1
37 22 133 10 1163 1
38 2 132 21 1444 1
39 3 132 21 1444 1
40 30 118 9 1120 1
41 31 140 12 2366 1
42 2 137 12 1146 1
43 8 132 13 2263 1
44 27 138 7 1350 1
45 17 137 31 4837 1
46 31 129 9 1097 1
47 61 129 9 1097 1
48 9 118 9 765 1
49 8 125 8 1008 1
50 15 125 8 1008 1
51 2 125 15 1619 1
52 2 140 24 1906 1
53 8 138 8 1594 1
54 31 133 6 1130 1
55 61 133 6 1130 1
56 8 125 10 1729 1
57 9 140 12 1533 1
58 17 140 12 1533 1
59 27 134 30 4407 1
60 28 132 47 7967 1
61 34 129 20 1710 1
62 8 137 13 1515 1
63 15 137 13 1515 1
64 22 137 13 1515 1
65 2 125 15 1088 1
66 18 133 23 2934 1
67 35 133 23 2934 1
68 52 133 23 2934 1
69 2 129 4 734 1
70 17 140 26 4248 1
71 15 138 28 2924 1
72 3 134 27 2654 1
73 10 140 37 3872 1
74 15 137 7 1265 1
75 13 132 14 2512 1
76 28 118 5 760 1
77 10 118 3 315 1
78 7 129 14 1992 1
79 13 129 14 1992 1
80 19 129 14 1992 1
81 25 129 14 1992 1
82 8 140 15 1620 1
83 2 129 4 293 1
84 41 138 11 941 1
85 81 138 11 941 1
86 121 138 11 941 1
87 19 137 13 1018 1
88 18 137 17 2235 1
89 28 138 16 1630 1
90 13 125 12 1031 1
91 9 134 20 2745 1
92 26 134 17 1760 1
93 28 138 20 2183 1
94 2 137 10 1627 1
95 10 140 11 1815 1
96 19 140 11 1815 1
97 28 140 11 1815 1
98 5 129 6 708 1
99 9 129 6 708 1
100 13 129 6 708 1
101 13 118 8 762 1
102 6 202 34 9834 1
103 42 171 43 8527 1
104 83 171 43 8527 1
105 124 171 43 8527 1
106 165 171 43 8527 1
107 43 207 11 1269 1
108 43 181 14 2364 1
109 85 181 14 2364 1
110 6 161 4 942 1
111 43 204 15 4301 1
112 44 188 21 3161 1
113 58 207 21 4917 1
114 44 184 16 3772 1
115 87 184 16 3772 1
116 44 177 24 3622 1
117 44 199 28 4841 1
118 87 199 28 4841 1
119 130 199 28 4841 1
120 22 161 10 1743 1
121 44 151 7 1167 1
122 5 199 5 567 1
123 22 190 19 4910 1
124 14 202 9 1524 1
125 27 202 9 1524 1
126 12 188 13 2934 1
127 23 188 13 2934 1
128 11 161 11 1015 1
129 25 207 25 5517 1
130 43 149 28 4356 1
131 45 171 9 1045 1
132 44 207 26 2791 1
133 87 207 26 2791 1
134 43 177 24 3257 1
135 23 207 11 1140 1
136 21 197 19 2122 1
137 65 181 16 3854 1
138 129 181 16 3854 1
139 46 187 20 2848 1
140 91 187 20 2848 1
141 37 171 11 2717 1
142 45 207 9 2097 1
143 14 190 12 1173 1
144 44 167 24 5498 1
145 87 167 24 5498 1
146 130 167 24 5498 1
147 16 204 18 2329 1
148 31 204 18 2329 1
149 46 204 18 2329 1
150 43 203 19 3170 1
151 18 170 7 885 1
152 44 204 13 2650 1
153 43 203 19 3187 1
154 19 188 35 6541 1
155 40 208 24 2682 1
156 79 208 24 2682 1
157 118 208 24 2682 1
158 23 171 11 967 1
159 45 171 11 967 1
160 67 171 11 967 1
161 56 184 40 3948 1
162 44 203 6 1634 1
163 28 199 23 3425 1
164 318 187 9 1151 1
165 7 187 18 4585 1
166 13 187 18 4585 1
167 44 210 51 6041 1
168 87 210 51 6041 1
169 6 190 25 4741 1
170 43 205 23 5669 1
171 58 151 21 4362 1
172 46 181 18 2427 1
173 6 177 34 4157 1
174 60 177 7 1803 1
175 119 177 7 1803 1
176 178 177 7 1803 1
177 237 177 7 1803 1
178 296 177 7 1803 1
179 44 177 16 3399 1
180 87 177 16 3399 1
181 44 205 23 2719 1
182 87 205 23 2719 1
183 43 190 22 3860 1
184 85 190 22 3860 1
185 23 195 9 1729 1
186 21 181 18 3488 1
187 23 161 10 1604 1
188 44 170 20 3210 1
189 7 184 5 486 1
190 44 197 24 3327 1
191 42 205 19 3175 1
192 44 199 15 2736 1
193 87 199 15 2736 1
194 22 178 16 4078 1
195 43 178 16 4078 1
196 5 207 18 3390 1
197 43 167 7 1314 1
198 85 167 7 1314 1
199 44 181 10 1809 1
200 42 190 13 1296 1
201 44 205 11 1330 1
202 87 205 11 1330 1
203 44 203 38 7294 1
204 87 203 38 7294 1
205 16 188 12 3302 1
206 45 171 12 1848 1
207 89 171 12 1848 1
208 19 181 10 2232 1
209 6 199 7 1781 1
210 43 195 19 3057 1
211 85 195 19 3057 1
212 43 149 9 1809 1
213 6 199 15 2354 1
214 16 194 11 1801 1
215 31 194 11 1801 1
216 6 210 22 2481 1
217 43 188 16 2525 1
218 85 188 16 2525 1
219 15 181 18 3943 1
220 22 197 8 2222 1
221 44 188 13 2716 1
222 48 207 22 6083 1
223 95 207 22 6083 1
224 6 161 13 1864 1
225 6 194 16 4291 1
226 6 149 6 451 1
227 43 203 8 1995 1
228 43 187 11 1440 1
229 43 184 37 6172 1
230 5 161 23 2980 1
231 60 205 13 2279 1
232 17 202 17 2993 1
233 44 184 22 5766 1
234 11 161 7 567 1
235 8 149 8 878 1
236 20 203 10 1731 1
237 20 207 22 6084 1
238 43 208 9 1973 1
239 5 187 19 5052 1
240 22 195 15 2490 1
241 17 194 27 5235 1
242 15 197 18 5030 1
243 29 197 18 5030 1
244 45 188 27 7412 1
245 89 188 27 7412 1
246 64 195 11 1662 1
247 127 195 11 1662 1
248 43 171 17 3790 1
249 14 178 11 1615 1
250 201 203 34 8606 1
251 19 199 14 4092 1
252 37 199 14 4092 1
253 6 171 14 2263 1
254 17 197 8 918 1
255 33 197 8 918 1
256 62 242 25 5660 1
257 29 212 24 7297 1
258 101 243 16 5571 1
259 3 243 12 3930 1
260 44 242 19 5941 1
261 29 244 23 6193 1
262 57 244 23 6193 1
263 28 216 15 3698 1
264 50 237 13 2695 1
265 30 221 28 9264 1
266 44 243 24 6329 1
267 44 216 12 2646 1
268 54 225 12 3298 1
269 107 225 12 3298 1
270 160 225 12 3298 1
271 50 230 23 5664 1
272 30 242 33 10728 1
273 74 243 23 7756 1
274 12 222 14 4194 1
275 31 220 21 3416 1
276 42 237 7 2168 1
277 57 243 25 3290 1
278 51 230 19 3906 1
279 94 222 19 5768 1
280 57 239 10 2236 1
281 31 245 30 9363 1
282 50 221 31 6002 1
283 44 228 21 6778 1
284 87 228 21 6778 1
285 43 230 16 5488 1
286 55 230 16 2618 1
287 37 220 21 5667 1
288 116 221 27 6054 1
289 43 220 19 4129 1
290 44 221 11 1826 1
291 14 230 22 6931 1
292 58 242 9 1184 1
293 115 242 9 1184 1
294 29 221 20 6338 1
295 28 216 21 5651 1
296 9 216 17 5255 1
297 30 243 18 5589 1
298 59 243 18 5589 1
299 86 221 9 2405 1
300 4 222 39 12892 1
301 36 242 14 3112 1
302 29 222 26 5098 1
303 91 239 19 6532 1
304 42 228 15 4025 1
305 11 237 5 1523 1
306 30 242 15 2152 1
307 47 243 36 4598 1
308 29 230 28 6250 1
309 30 243 40 11830 1
310 55 243 45 10176 1
311 28 243 33 10119 1
312 57 230 19 6487 1
313 31 230 13 4293 1
314 97 237 20 4919 1
315 9 220 9 1849 1
316 36 212 20 6160 1
317 45 225 28 6359 1
318 36 239 16 2737 1
319 29 230 9 1545 1
320 43 244 30 4446 1
321 44 220 24 4748 1
322 30 212 30 5615 1
323 30 244 32 9864 1
324 10 222 8 2633 1
325 50 212 21 4581 1
326 11 245 30 7269 1
327 86 222 12 3766 1
328 57 225 10 2767 1
329 44 222 19 2713 1
330 66 212 44 9138 1
331 58 230 20 4753 1
332 115 230 20 4753 1
333 59 228 7 1073 1
334 29 230 18 2412 1
335 98 244 22 3424 1
336 30 216 21 3938 1
337 59 216 21 3938 1
338 29 237 18 2228 1
339 43 237 17 5030 1
340 1 245 12 3129 1
341 98 237 17 3879 1
342 195 237 17 3879 1
343 19 212 16 3395 1
344 58 216 11 3207 1
345 31 243 13 2960 1
346 100 212 15 2750 1
347 199 212 15 2750 1
348 94 228 20 5854 1
349 27 239 40 7054 1
350 57 245 11 2634 1
351 113 245 11 2634 1
352 30 222 15 3710 1
353 59 212 14 2927 1
354 44 228 35 7823 1
355 87 228 35 7823 1
356 32 221 26 2928 1
357 43 212 23 3580 1
358 31 228 13 4118 1
359 92 216 10 1204 1
360 61 228 9 1814 1
361 45 212 25 5747 1
362 63 237 11 3765 1
363 125 237 11 3765 1
364 56 222 16 1930 1
365 111 222 16 1930 1
366 166 222 16 1930 1
367 61 216 21 3837 1
368 121 216 21 3837 1
369 52 243 18 3860 1
370 103 243 18 3860 1
371 57 212 27 3500 1
372 30 239 14 2359 1
373 55 225 52 16870 1
374 85 225 11 1580 1
375 56 237 11 3572 1
376 22 225 13 3976 1
377 43 245 9 1246 1
378 30 244 10 1513 1
379 45 216 26 2930 1
380 97 230 20 4905 1
381 44 221 19 5422 1
382 56 220 8 906 1
383 29 222 15 3232 1
384 23 225 16 3754 1
385 50 220 28 8594 1
386 44 245 33 11286 1
387 38 239 6 875 1
388 57 244 11 1407 1
389 31 221 11 3271 1
390 30 216 16 4317 1
391 57 221 24 2987 1
392 31 225 9 2404 1
393 30 242 31 10174 1
394 29 221 21 6642 1
395 37 242 22 4747 1
396 30 222 26 7859 1
397 78 212 54 13049 1
398 58 243 16 3320 1
399 115 243 16 3320 1
400 172 243 16 3320 1
401 44 225 15 1743 1
402 29 245 31 5376 1
403 105 225 9 1773 1
404 57 237 22 4487 1
405 113 237 22 4487 1
406 29 230 25 5928 1
407 15 276 11 2391 1
408 94 268 8 1967 1
409 56 273 24 9106 1
410 98 255 13 4475 1
411 35 273 14 5444 1
412 44 257 8 2511 1
413 45 277 11 3847 1
414 36 255 13 2106 1
415 36 268 22 6906 1
416 16 258 16 2749 1
417 36 268 18 3166 1
418 71 268 18 3166 1
419 2 257 12 1685 1
420 43 262 17 3146 1
421 94 259 23 7945 1
422 51 258 8 1352 1
423 30 265 10 1987 1
424 119 268 8 2451 1
425 58 270 18 5457 1
426 37 260 15 3096 1
427 93 246 11 2880 1
428 185 246 11 2880 1
429 44 258 23 8629 1
430 97 255 4 933 1
431 50 268 19 7597 1
432 36 273 12 3467 1
433 37 273 22 4725 1
434 37 268 19 5059 1
435 73 268 19 5059 1
436 90 267 19 6529 1
437 91 270 17 4644 1
438 44 273 16 3816 1
439 15 270 18 4379 1
440 30 264 13 3732 1
441 106 277 19 6917 1
442 32 277 18 5347 1
443 36 277 44 7523 1
444 215 259 34 10865 1
445 30 246 10 2458 1
446 30 255 16 6045 1
447 30 267 24 4653 1
448 43 257 21 4679 1
449 44 273 18 3104 1
450 43 259 8 1648 1
451 85 259 8 1648 1
452 15 270 20 7942 1
453 93 276 23 6941 1
454 185 276 23 6941 1
455 36 270 19 2989 1
456 36 264 15 4350 1
457 50 257 11 1420 1
458 78 277 16 5643 1
459 50 267 12 3130 1
460 51 265 20 5670 1
461 58 257 13 1817 1
462 36 268 20 5061 1
463 44 264 18 3622 1
464 103 275 33 9830 1
465 205 275 33 9830 1
466 44 264 16 3898 1
467 54 265 22 4319 1
468 30 259 37 8794 1
469 30 246 14 2567 1
470 29 258 13 3437 1
471 49 276 21 5754 1
472 30 273 12 1925 1
473 47 274 16 6319 1
474 14 274 13 3103 1
475 16 255 9 2297 1
476 36 275 8 1768 1
477 31 258 13 1794 1
478 31 261 16 2264 1
479 31 277 19 2789 1
480 91 257 22 4523 1
481 29 259 19 6965 1
482 66 273 19 7148 1
483 51 277 16 2363 1
484 30 270 20 7586 1
485 37 274 16 3838 1
486 73 274 16 3838 1
487 35 262 7 2647 1
488 37 277 16 4933 1
489 15 275 32 7758 1
490 34 275 18 4560 1
491 67 275 18 4560 1
492 37 268 7 1831 1
493 16 255 19 6316 1
494 57 273 27 9877 1
495 35 264 12 3426 1
496 36 275 16 2894 1
497 101 274 22 4475 1
498 17 275 15 2584 1
499 15 274 13 5254 1
500 44 261 5 1310 1
501 96 267 46 16207 1
502 102 257 20 6060 1
503 43 270 14 2399 1
504 30 267 26 4288 1
505 59 267 26 4288 1
506 59 259 21 5714 1
507 117 259 21 5714 1
508 105 274 31 5788 1
509 44 268 23 9228 1
510 24 261 10 3095 1
511 105 273 11 3268 1
512 98 267 22 5570 1
513 14 259 16 3503 1
514 45 267 15 2088 1
515 103 274 7 2407 1
516 30 268 14 3791 1
517 43 277 16 5359 1
518 103 246 15 4378 1
519 105 277 24 7379 1
520 51 246 19 5701 1
521 51 246 16 4534 1
522 57 257 15 4996 1
523 43 264 12 1908 1
524 85 264 12 1908 1
525 30 274 16 2786 1
526 27 259 11 2387 1
527 53 259 11 2387 1
528 12 257 21 3944 1
529 45 262 19 6686 1
530 89 262 19 6686 1
531 36 246 12 3667 1
532 50 261 20 3530 1
533 99 261 20 3530 1
534 109 259 16 5570 1
535 29 277 13 4369 1
536 50 261 10 2515 1
537 25 261 15 4131 1
538 43 275 11 2516 1
539 85 275 11 2516 1
540 88 258 5 1217 1
541 175 258 5 1217 1
542 151 258 13 3876 1
543 36 265 15 2982 1
544 58 267 16 4973 1
545 38 259 21 7451 1
546 37 259 23 7154 1
547 191 264 14 2841 1
548 16 260 22 8387 1
549 157 276 23 5456 1
550 29 258 3 440 1
551 57 258 3 440 1
552 85 258 3 440 1
553 113 258 3 440 1
554 43 270 3 599 1
555 30 264 12 2122 1
556 59 264 12 2122 1
557 41 268 18 7086 1
558 81 268 18 7086 1
559 29 277 19 5029 1
560 43 257 21 5468 1
561 85 257 21 5468 1
562 111 267 31 11718 1
563 30 273 21 7764 1
564 30 264 11 2392 1
565 37 260 20 5548 1
566 37 262 18 4251 1
567 17 270 21 3347 1
568 16 257 12 3185 1
569 44 274 16 5372 1
570 98 277 23 6373 1
571 37 270 20 5351 1
572 90 264 15 2360 1
573 30 261 17 6585 1
574 44 267 15 4074 1
575 63 273 10 2370 1
576 125 273 10 2370 1
577 43 265 26 8011 1
578 23 277 18 2718 1
579 101 275 19 6756 1
580 41 274 20 7631 1
581 37 268 28 8357 1
582 30 267 17 5594 1
583 44 255 8 2986 1
584 44 267 26 9354 1
585 29 264 12 2978 1
586 16 265 11 2365 1
587 47 264 21 6892 1
588 36 260 21 4430 1
589 58 300 13 5792 1
590 87 299 19 3605 1
591 44 279 21 8761 1
592 108 299 22 5417 1
593 38 279 27 10602 1
594 44 282 21 8143 1
595 29 284 19 4524 1
596 57 292 13 2060 1
597 32 278 36 14605 1
598 58 292 13 3374 1
599 115 292 13 3374 1
600 30 299 14 3547 1
601 28 300 10 4367 1
602 43 291 15 4079 1
603 29 292 17 3863 1
604 9 292 9 3914 1
605 59 299 21 7726 1
606 117 299 21 7726 1
607 58 286 9 1951 1
608 94 293 21 3489 1
609 38 282 20 2850 1
610 168 291 22 8309 1
611 31 279 14 2437 1
612 60 278 11 4371 1
613 31 281 31 8202 1
614 110 291 23 6223 1
615 58 278 12 3737 1
616 57 294 14 4289 1
617 58 286 10 1618 1
618 115 286 10 1618 1
619 111 284 19 6943 1
620 57 278 22 4641 1
621 113 278 22 4641 1
622 154 286 10 4240 1
623 30 299 17 3546 1
624 30 293 13 3990 1
625 43 285 8 3389 1
626 43 294 10 3344 1
627 57 285 22 5518 1
628 113 285 22 5518 1
629 32 284 19 3681 1
630 30 282 7 2346 1
631 30 278 27 10722 1
632 29 293 19 3244 1
633 22 285 15 3313 1
634 56 284 13 2259 1
635 58 299 18 4086 1
636 98 278 18 7237 1
637 43 278 17 6558 1
638 61 286 8 2570 1
639 97 292 11 2989 1
640 42 291 15 4207 1
641 83 291 15 4207 1
642 56 293 14 2469 1
643 59 285 14 5111 1
644 28 299 22 9190 1
645 55 299 22 9190 1
646 40 300 15 3813 1
647 60 294 22 4101 1
648 43 299 20 8292 1
649 85 299 20 8292 1
650 127 299 20 8292 1
651 44 300 7 2638 1
652 40 279 16 5390 1
653 44 299 19 6014 1
654 30 291 19 8061 1
655 98 279 28 11496 1
656 56 291 12 1828 1
657 57 299 6 1049 1
658 43 293 20 5096 1
659 91 282 34 11013 1
660 43 282 4 1493 1
661 32 282 20 4222 1
662 30 300 14 4146 1
663 59 300 14 4146 1
664 60 294 28 4266 1
665 58 292 15 4434 1
666 58 286 17 5105 1
667 115 286 17 5105 1
668 58 294 6 1340 1
669 62 286 20 4721 1
670 57 281 16 3148 1
671 113 281 16 3148 1
672 58 294 16 5603 1
673 13 281 10 3551 1
674 57 285 12 2575 1
675 56 285 11 1853 1
676 111 285 11 1853 1
677 166 285 11 1853 1
678 29 284 8 1625 1
679 63 299 21 7980 1
680 58 300 12 2186 1
681 60 299 28 7720 1
682 30 292 20 8481 1
683 78 291 31 6781 1
684 58 291 21 6812 1
685 43 291 13 3965 1
686 41 300 21 6471 1
687 56 300 37 6581 1
688 58 291 9 3748 1
689 170 286 20 5070 1
690 57 299 13 4846 1
691 44 278 12 2299 1
692 17 285 17 3486 1
693 12 300 25 9455 1
694 23 300 25 9455 1
695 34 300 25 9455 1
696 31 284 12 4273 1
697 42 285 15 4207 1
698 58 281 12 4822 1
699 29 293 26 10126 1
700 47 300 21 5885 1
701 29 300 11 2168 1
702 59 285 12 2156 1
703 58 278 13 4347 1
704 30 285 16 4849 1
705 21 282 20 7217 1
706 58 294 48 14869 1
707 50 294 14 5015 1
708 32 286 20 7503 1
709 29 285 19 7718 1
710 81 281 16 4149 1
711 10 284 20 5075 1
712 28 294 21 8090 1
713 94 299 13 5060 1
714 88 293 29 11117 1
715 30 279 11 4136 1
716 58 281 14 5580 1
717 115 281 14 5580 1
718 172 281 14 5580 1
719 57 284 23 7365 1
720 57 300 16 6863 1
721 40 278 22 4769 1
722 56 282 27 3918 1
723 32 278 17 5253 1
724 106 299 15 4174 1
725 58 285 9 3319 1
726 57 291 13 2561 1
727 57 282 19 7870 1
728 40 291 19 5682 1
729 29 286 28 9261 1
730 48 291 11 2380 1
731 57 285 24 4925 1
732 32 294 17 6854 1
733 37 279 8 2051 1
734 59 282 7 2596 1
735 59 300 15 6141 1
736 96 278 14 4019 1
737 58 293 13 5121 1
738 115 293 13 5121 1
739 172 293 13 5121 1
740 58 294 19 5230 1
741 115 294 19 5230 1
742 15 299 18 6224 1
743 31 284 7 2704 1
744 47 292 10 3418 1
745 61 285 18 2949 1
746 44 278 15 2471 1
747 57 299 13 2950 1
748 21 286 13 3874 1
749 64 293 17 6458 1
750 78 305 7 2677 1
751 79 349 23 8972 1
752 35 323 12 5539 1
753 92 349 19 7268 1
754 120 366 23 8975 1
755 95 316 37 17011 1
756 86 363 16 6859 1
757 37 316 19 4971 1
758 51 338 14 4803 1
759 15 338 25 10879 1
760 19 337 14 3136 1
761 51 324 62 26436 1
762 35 324 55 21689 1
763 69 324 55 21689 1
764 14 349 38 11940 1
765 85 349 14 3638 1
766 206 363 59 31676 1
767 13 349 15 3787 1
768 78 335 8 2028 1
769 57 365 14 3779 1
770 113 365 14 3779 1
771 113 338 25 4512 1
772 120 349 42 7590 1
773 37 324 30 10702 1
774 79 303 18 6442 1
775 21 368 19 7264 1
776 78 334 20 6888 1
777 79 332 20 4469 1
778 157 332 20 4469 1
779 79 364 14 6911 1
780 37 318 54 18711 1
781 13 363 26 6634 1
782 58 365 11 5902 1
783 14 349 35 8064 1
784 51 335 7 1724 1
785 78 335 9 2579 1
786 14 304 52 8740 1
787 15 364 16 3333 1
788 79 368 43 13862 1
789 79 318 20 9256 1
790 113 368 32 7221 1
791 58 349 28 7313 1
792 115 349 28 7313 1
793 50 323 23 6229 1
794 58 364 26 12786 1
795 115 364 26 12786 1
796 112 318 16 3500 1
797 57 365 30 6383 1
798 73 334 16 6622 1
799 37 335 20 7318 1
800 15 316 24 10462 1
801 63 331 19 6602 1
802 80 337 14 2761 1
803 74 338 13 4037 1
804 78 366 20 5225 1
805 73 366 10 4987 1
806 15 335 17 6200 1
807 80 335 30 6741 1
808 78 366 21 10920 1
809 13 318 44 19777 1
810 78 316 26 6510 1
811 78 318 18 3832 1
812 155 318 18 3832 1
813 15 305 23 4332 1
814 29 305 23 4332 1
815 116 316 23 6137 1
816 75 349 12 5209 1
817 36 338 16 4402 1
818 79 334 11 3304 1
819 58 305 20 8190 1
820 36 365 20 9792 1
821 37 363 15 4928 1
822 119 303 13 2299 1
823 237 303 13 2299 1
824 86 365 15 5531 1
825 50 366 23 6600 1
826 78 368 20 9358 1
827 155 368 20 9358 1
828 232 368 20 9358 1
829 114 333 12 2696 1
830 227 333 12 2696 1
831 340 333 12 2696 1
832 13 349 18 3392 1
833 25 349 18 3392 1
834 89 364 21 7964 1
835 66 303 37 9694 1
836 72 365 29 6866 1
837 57 318 12 4623 1
838 56 318 28 10551 1
839 17 349 27 12662 1
840 58 368 31 15403 1
841 13 336 21 7213 1
842 57 335 17 5522 1
843 16 337 11 3595 1
844 57 333 12 5968 1
845 37 349 14 4276 1
846 58 364 21 8210 1
847 6 305 30 4682 1
848 49 316 18 5334 1
849 57 364 18 9738 1
850 54 323 19 8227 1
851 57 318 15 2612 1
852 113 318 15 2612 1
853 94 323 22 8994 1
854 114 336 19 3976 1
855 78 335 15 6102 1
856 59 323 31 7061 1
857 57 363 14 3650 1
858 57 338 25 5041 1
859 58 366 21 5702 1
860 115 366 21 5702 1
861 78 305 37 15293 1
862 36 338 20 5395 1
863 57 304 14 4919 1
864 51 349 13 5643 1
865 74 332 25 9014 1
866 14 337 33 6698 1
867 51 303 8 3326 1
868 101 303 8 3326 1
869 36 331 21 6300 1
870 14 365 39 19944 1
871 57 365 20 5516 1
872 113 365 20 5516 1
873 104 334 88 16368 1
874 58 333 20 5025 1
875 16 332 26 6449 1
876 79 349 26 11059 1
877 210 318 30 4942 1
878 71 334 26 12787 1
879 141 334 26 12787 1
880 78 305 8 2294 1
881 155 305 8 2294 1
882 37 316 11 3560 1
883 79 333 32 11693 1
884 51 366 35 9636 1
885 78 365 14 7609 1
886 51 337 35 12852 1
887 36 332 17 6153 1
888 79 333 22 8401 1
889 37 364 22 6597 1
890 108 333 16 4219 1
891 73 323 31 5111 1
892 35 316 17 2909 1
893 72 335 29 10645 1
894 37 334 23 10540 1
895 78 323 12 3572 1
896 51 366 19 7300 1
897 51 336 33 8677 1
898 57 364 36 19209 1
899 13 318 12 5572 1
900 119 338 49 12612 1
901 79 318 41 8131 1
902 74 336 12 4856 1
903 111 337 24 7296 1
904 37 332 15 7262 1
905 16 366 13 4849 1
906 57 337 16 6095 1
907 38 303 25 10819 1
908 73 364 21 5854 1
909 145 364 21 5854 1
910 13 304 39 12057 1
911 51 303 25 10974 1
912 13 338 15 4616 1
913 14 318 25 5932 1
914 58 316 18 7203 1
915 115 316 18 7203 1
916 78 336 36 9542 1
917 75 368 23 6526 1
918 85 337 20 4409 1
919 88 305 26 6469 1
920 175 305 26 6469 1
921 58 366 23 12574 1
922 115 366 23 12574 1
923 59 318 27 5861 1
924 79 303 17 4186 1
925 157 303 17 4186 1
926 58 305 15 6330 1
927 58 334 12 5664 1
928 115 334 12 5664 1
929 116 366 21 9705 1
930 58 336 23 10062 1
931 79 334 41 7974 1
932 119 365 36 10182 1
933 58 349 19 7314 1
934 58 318 20 8008 1
935 115 318 20 8008 1
936 51 333 17 7338 1
937 74 365 27 13277 1
938 79 338 8 2285 1
939 58 363 17 5411 1
940 79 304 14 4092 1
941 51 333 21 4830 1
942 88 334 19 9371 1
943 37 335 30 9368 1
944 37 318 29 10486 1
945 14 337 13 6109 1
946 76 338 18 7451 1
947 86 349 19 7484 1
948 73 303 30 6264 1
949 36 333 10 2209 1
950 12 349 29 6674 1
951 23 349 29 6674 1
952 14 349 25 10385 1
953 78 334 20 7359 1
954 116 338 16 6532 1
955 50 366 23 11243 1
956 124 335 48 9707 1
957 58 368 25 8147 1
958 79 331 38 17321 1
959 15 324 18 8230 1
960 29 324 18 8230 1
961 43 324 18 8230 1
962 57 324 18 8230 1
963 34 318 17 6310 1
964 36 338 13 3858 1
965 59 334 16 3425 1
966 57 305 17 7698 1
967 16 304 39 9202 1
968 88 336 16 7285 1
969 112 338 29 6224 1
970 78 363 24 4438 1
971 50 349 9 4013 1
972 14 334 20 4666 1
973 108 303 37 9848 1
974 215 303 37 9848 1
975 14 316 15 4635 1
976 58 336 54 12970 1
977 115 336 54 12970 1
978 76 318 32 8547 1
979 57 323 21 5017 1
980 111 338 30 14620 1
981 73 332 23 7019 1
982 100 324 13 3809 1
983 51 334 40 17338 1
984 50 338 15 5913 1
985 99 338 15 5913 1
986 117 332 31 12304 1
987 89 323 13 5274 1
988 57 349 21 7465 1
989 75 349 29 9297 1
990 11 396 29 13891 1
991 79 398 43 18427 1
992 78 395 23 7007 1
993 111 397 33 12110 1
994 158 399 24 11280 1
995 113 395 34 18467 1
996 225 395 34 18467 1
997 337 395 34 18467 1
998 94 397 21 7277 1
999 79 399 42 23657 1
1000 85 399 36 13674 1
1001 79 396 37 17090 1
1002 85 399 28 14778 1
1003 93 396 29 17016 1
1004 185 396 29 17016 1
1005 80 398 31 13703 1
1006 159 398 31 13703 1
1007 87 396 21 9610 1
1008 88 395 24 9515 1
1009 79 399 19 3844 1
1010 110 396 43 23307 1
1011 80 396 33 7808 1
1012 84 399 34 18370 1
1013 87 398 27 6625 1
1014 77 398 34 19695 1
1015 153 398 34 19695 1
1016 78 398 30 12542 1
1017 181 399 28 13430 1
1018 87 396 43 16302 1
1019 77 395 27 6643 1
1020 88 395 32 10528 1
1021 175 395 32 10528 1
1022 262 395 32 10528 1
1023 349 395 32 10528 1
1024 78 395 21 5024 1
1025 92 395 32 11309 1
1026 164 399 20 4991 1
1027 112 399 26 9518 1
1028 73 398 28 11548 1
1029 73 395 26 11609 1
1030 79 399 30 11409 1
1031 111 398 28 13295 1
1032 73 397 34 13525 1
1033 79 397 17 7515 1
1034 79 399 27 7778 1
1035 86 396 31 6285 1
1036 146 395 20 11232 1
14
503 620 807 620 700 205 255 700 700 700 700 700 200 460 