1036
1 2 118 15 2113 1
2 16 140 31 5091 1
3 9 140 6 635 1
4 17 140 6 635 1
5 24 137 6 474 1
6 47 137 6 474 1
7 70 137 6 474 1
8 93 137 6 474 1
9 116 137 6 474 1
10 23 140 13 2281 1
11 3 137 15 1307 1
12 5 137 15 1307 1
13 2 133 24 4755 1
14 9 132 21 4017 1
15 17 132 21 4017 1
16 13 125 6 420 1
17 2 132 15 2070 1
18 3 125 5 528 1
19 8 125 9 1327 1
20 15 132 11 826 1
21 7 125 7 951 1
22 13 125 7 951 1
23 37 133 7 845 1
24 8 137 4 365 1
25 15 137 4 365 1
26 9 137 8 973 1
27 11 137 13 2346 1
28 4 137 21 4273 1
29 22 137 35 3158 1
30 43 137 35 3158 1
31 2 134 24 2541 1
32 10 129 7 665 1
33 19 129 7 665 1
34 28 129 7 665 1
35 1 137 11 2045 1
36 13 140 40 3636 1
37 18 133 103 18105 1
38 8 134 16 1535 1
39 2 133 16 1541 1
40 8 132 9 1693 1
41 22 118 9 1311 1
42 18 133 10 1021 1
43 8 134 34 5591 1
44 15 134 34 5591 1
45 22 134 34 5591 1
46 184 138 10 1466 1
47 8 140 15 1671 1
48 14 132 29 3673 1
49 10 137 41 3587 1
50 9 132 19 2219 1
51 17 132 19 2219 1
52 15 125 6 495 1
53 29 125 6 495 1
54 12 138 14 2223 1
55 18 140 21 3185 1
56 11 132 23 4233 1
57 9 134 26 4916 1
58 17 134 26 4916 1
59 7 138 33 5815 1
60 14 125 11 1564 1
61 27 125 11 1564 1
62 40 125 11 1564 1
63 8 118 13 1293 1
64 15 118 13 1293 1
65 22 118 13 1293 1
66 2 129 18 1490 1
67 3 118 11 765 1
68 9 133 12 1445 1
69 17 133 12 1445 1
70 25 133 12 1445 1
71 26 140 3 397 1
72 7 125 13 1997 1
73 13 125 13 1997 1
74 24 118 5 635 1
75 15 129 7 668 1
76 9 137 5 498 1
77 17 137 5 498 1
78 9 118 20 1330 1
79 7 138 3 570 1
80 7 140 11 1352 1
81 16 140 14 1782 1
82 31 140 14 1782 1
83 21 138 22 4203 1
84 9 137 7 545 1
85 17 137 7 545 1
86 9 133 9 1518 1
87 22 140 17 1967 1
88 43 140 17 1967 1
89 64 140 17 1967 1
90 8 132 12 1517 1
91 19 132 3 577 1
92 37 132 3 577 1
93 55 132 3 577 1
94 3 140 6 967 1
95 30 137 3 324 1
96 8 134 9 872 1
97 22 134 28 3196 1
98 19 125 7 769 1
99 13 140 16 3125 1
100 20 140 5 438 1
101 39 140 5 438 1
102 7 151 19 2418 1
103 70 205 10 1627 1
104 139 205 10 1627 1
105 21 170 23 2404 1
106 41 170 23 2404 1
107 23 178 8 1946 1
108 42 203 11 2589 1
109 45 207 17 3179 1
110 89 207 17 3179 1
111 133 207 17 3179 1
112 20 181 27 3546 1
113 39 181 27 3546 1
114 19 210 51 7369 1
115 20 199 14 3042 1
116 33 171 6 839 1
117 65 171 6 839 1
118 43 167 9 1119 1
119 27 187 21 5236 1
120 62 170 6 1108 1
121 123 170 6 1108 1
122 5 181 36 9574 1
123 156 190 15 3988 1
124 19 151 31 4808 1
125 43 204 7 1634 1
126 7 178 15 3159 1
127 18 194 13 3615 1
128 48 208 32 7757 1
129 43 194 9 1970 1
130 57 181 8 1508 1
131 113 181 8 1508 1
132 19 207 36 8696 1
133 43 161 10 1787 1
134 44 199 32 4471 1
135 15 194 23 4267 1
136 29 194 23 4267 1
137 43 194 13 2177 1
138 5 199 8 1062 1
139 6 167 17 3926 1
140 5 149 11 2404 1
141 9 149 11 2404 1
142 22 149 10 1956 1
143 44 170 12 1479 1
144 24 178 6 1299 1
145 45 181 20 3720 1
146 44 161 8 1703 1
147 87 161 8 1703 1
148 55 207 25 4632 1
149 109 207 25 4632 1
150 6 149 16 3295 1
151 11 149 16 3295 1
152 45 149 19 2896 1
153 89 149 19 2896 1
154 44 195 8 980 1
155 42 167 14 1469 1
156 45 171 12 3011 1
157 43 197 28 7197 1
158 85 197 28 7197 1
159 127 197 28 7197 1
160 169 197 28 7197 1
161 14 190 14 3047 1
162 44 178 12 2631 1
163 44 194 20 3514 1
164 87 194 20 3514 1
165 130 194 20 3514 1
166 173 194 20 3514 1
167 216 194 20 3514 1
168 259 194 20 3514 1
169 302 194 20 3514 1
170 345 194 20 3514 1
171 388 194 20 3514 1
172 44 151 8 1546 1
173 16 188 21 2113 1
174 43 195 11 1571 1
175 85 195 11 1571 1
176 23 177 21 4140 1
177 43 195 58 16286 1
178 6 205 21 5651 1
179 44 181 22 3934 1
180 87 181 22 3934 1
181 6 167 8 1974 1
182 6 204 11 3013 1
183 43 171 12 1134 1
184 44 187 8 1737 1
185 87 187 8 1737 1
186 130 187 8 1737 1
187 43 151 10 1752 1
188 6 177 15 3033 1
189 43 204 23 6676 1
190 44 208 16 2620 1
191 7 202 18 4638 1
192 24 199 14 1489 1
193 44 187 39 3930 1
194 87 187 39 3930 1
195 22 202 13 2401 1
196 42 202 16 2922 1
197 44 208 27 6225 1
198 44 197 22 4374 1
199 42 177 41 6088 1
200 18 190 18 3479 1
201 6 207 12 2633 1
202 11 207 12 2633 1
203 7 151 14 2882 1
204 18 197 20 4222 1
205 7 199 7 705 1
206 44 149 11 1679 1
207 43 207 16 4133 1
208 26 188 45 9607 1
209 38 204 8 998 1
210 45 170 21 5339 1
211 24 199 19 2953 1
212 5 205 33 9088 1
213 17 188 13 2398 1
214 44 149 28 3365 1
215 97 171 8 1298 1
216 7 187 22 4185 1
217 24 151 6 463 1
218 43 188 8 1304 1
219 16 204 17 5132 1
220 6 187 9 1073 1
221 42 181 6 1597 1
222 83 181 6 1597 1
223 43 195 30 6756 1
224 45 178 4 982 1
225 22 210 39 7117 1
226 60 190 18 4654 1
227 6 171 4 731 1
228 22 190 11 2119 1
229 43 171 11 2520 1
230 44 208 10 2935 1
231 87 208 10 2935 1
232 7 171 15 2347 1
233 13 171 15 2347 1
234 43 187 28 6767 1
235 85 187 28 6767 1
236 44 167 31 4594 1
237 42 149 7 653 1
238 5 202 12 3348 1
239 42 208 25 4421 1
240 6 205 11 1541 1
241 11 205 11 1541 1
242 46 190 56 14214 1
243 24 207 10 1556 1
244 47 207 10 1556 1
245 45 184 11 2970 1
246 22 203 31 6844 1
247 43 203 31 6844 1
248 19 149 11 1649 1
249 5 161 11 2369 1
250 44 208 20 4931 1
251 17 149 20 4069 1
252 33 149 20 4069 1
253 43 202 8 1952 1
254 14 205 4 529 1
255 16 187 25 5726 1
256 31 225 30 8503 1
257 61 225 30 8503 1
258 91 225 30 8503 1
259 29 237 29 6586 1
260 57 237 29 6586 1
261 85 237 29 6586 1
262 30 222 22 3149 1
263 29 225 11 1963 1
264 30 239 29 5518 1
265 27 220 17 3201 1
266 53 220 17 3201 1
267 79 220 17 3201 1
268 105 220 17 3201 1
269 131 220 17 3201 1
270 57 228 12 2208 1
271 45 239 10 1903 1
272 89 239 10 1903 1
273 36 212 23 5133 1
274 45 237 19 4872 1
275 113 243 19 3868 1
276 49 245 15 2106 1
277 56 220 12 2593 1
278 44 228 36 4121 1
279 38 230 11 1824 1
280 3 242 27 8049 1
281 55 245 28 9248 1
282 57 212 28 3776 1
283 30 221 16 2141 1
284 59 221 16 2141 1
285 28 225 16 2150 1
286 55 225 16 2150 1
287 60 244 20 6888 1
288 53 245 19 2912 1
289 57 244 26 4324 1
290 51 244 22 8040 1
291 101 244 22 8040 1
292 151 244 22 8040 1
293 92 239 12 3391 1
294 9 245 32 5310 1
295 63 212 14 3218 1
296 54 230 23 6291 1
297 37 222 20 6629 1
298 30 225 29 6744 1
299 57 222 8 1661 1
300 43 244 16 5697 1
301 18 242 23 4688 1
302 31 225 10 1486 1
303 117 230 14 3261 1
304 54 228 33 4356 1
305 64 225 13 3971 1
306 127 225 13 3971 1
307 69 222 30 7949 1
308 46 216 19 5890 1
309 61 230 44 12224 1
310 29 221 19 2346 1
311 60 222 27 4241 1
312 11 237 20 3479 1
313 31 243 13 2012 1
314 61 243 13 2012 1
315 31 216 10 1443 1
316 30 244 18 5433 1
317 43 216 14 4221 1
318 44 237 15 5074 1
319 3 225 16 2382 1
320 52 237 13 3918 1
321 44 225 9 2687 1
322 43 244 17 2842 1
323 59 245 54 10012 1
324 51 221 15 2532 1
325 31 225 30 5400 1
326 43 244 17 2235 1
327 44 230 30 4266 1
328 7 245 31 10571 1
329 56 230 11 1448 1
330 29 230 18 4675 1
331 28 221 21 5975 1
332 55 221 21 5975 1
333 9 237 20 3951 1
334 29 243 15 3953 1
335 57 243 15 3953 1
336 30 242 24 5767 1
337 22 216 6 886 1
338 51 244 6 1038 1
339 30 216 39 10947 1
340 53 239 27 5116 1
341 105 239 27 5116 1
342 51 228 19 4774 1
343 30 237 12 1861 1
344 17 244 14 1927 1
345 30 220 8 1070 1
346 29 212 11 1885 1
347 37 221 24 7607 1
348 29 212 10 2157 1
349 49 212 14 3959 1
350 37 225 24 5314 1
351 62 216 14 2041 1
352 29 222 50 10546 1
353 44 220 15 4170 1
354 87 220 15 4170 1
355 29 220 18 2577 1
356 40 230 14 4380 1
357 29 222 9 1098 1
358 32 244 9 3226 1
359 106 245 14 5116 1
360 211 245 14 5116 1
361 316 245 14 5116 1
362 59 221 17 5041 1
363 57 225 20 4610 1
364 36 237 23 5056 1
365 91 230 13 3212 1
366 11 242 15 4946 1
367 43 222 30 6123 1
368 108 225 18 4231 1
369 58 243 16 3692 1
370 115 243 16 3692 1
371 60 243 50 10752 1
372 64 239 26 8495 1
373 59 221 19 2809 1
374 117 221 19 2809 1
375 36 222 21 5019 1
376 31 243 16 3855 1
377 61 243 16 3855 1
378 99 212 18 3827 1
379 30 244 15 3820 1
380 4 243 17 4161 1
381 7 243 17 4161 1
382 61 244 16 2044 1
383 121 244 16 2044 1
384 44 222 33 6047 1
385 87 222 33 6047 1
386 31 237 17 2899 1
387 62 221 5 622 1
388 58 239 23 7931 1
389 8 225 22 6883 1
390 84 242 18 5196 1
391 44 220 33 10312 1
392 31 225 25 3372 1
393 30 245 20 6674 1
394 56 228 11 3653 1
395 43 237 21 6218 1
396 85 237 21 6218 1
397 8 242 10 2634 1
398 89 220 15 3829 1
399 177 220 15 3829 1
400 43 239 11 3352 1
401 29 230 11 1745 1
402 43 237 5 858 1
403 35 237 26 8183 1
404 59 237 9 1487 1
405 96 212 18 3062 1
406 56 245 11 2146 1
407 17 264 12 3281 1
408 33 264 12 3281 1
409 43 268 9 1884 1
410 49 257 7 1110 1
411 15 273 19 6495 1
412 83 261 13 3379 1
413 29 255 5 785 1
414 29 261 18 5678 1
415 52 246 15 4788 1
416 29 276 22 8194 1
417 29 277 8 1443 1
418 14 261 10 1933 1
419 27 261 10 1933 1
420 36 267 24 4547 1
421 30 265 7 1778 1
422 52 261 16 4169 1
423 16 259 8 1524 1
424 37 273 9 3589 1
425 73 273 9 3589 1
426 33 275 26 6482 1
427 43 260 7 1272 1
428 51 264 18 3357 1
429 20 257 15 4441 1
430 50 265 7 2250 1
431 52 261 26 5511 1
432 101 274 15 2252 1
433 36 265 17 4911 1
434 37 255 10 2328 1
435 51 275 19 5800 1
436 28 275 22 3262 1
437 55 275 22 3262 1
438 50 275 21 6078 1
439 50 275 17 5912 1
440 32 268 10 2942 1
441 63 268 10 2942 1
442 36 276 9 2596 1
443 35 275 22 5771 1
444 30 270 12 3681 1
445 37 264 22 6060 1
446 10 260 7 1698 1
447 13 267 26 5451 1
448 31 261 21 4225 1
449 51 264 11 2774 1
450 43 265 16 3824 1
451 85 265 16 3824 1
452 93 261 18 3790 1
453 168 264 21 3344 1
454 36 277 8 2949 1
455 51 261 22 7671 1
456 50 265 18 3072 1
457 16 257 22 7659 1
458 37 259 11 4103 1
459 73 259 11 4103 1
460 93 261 18 4119 1
461 99 261 22 7583 1
462 10 260 14 3980 1
463 19 260 14 3980 1
464 37 262 12 1916 1
465 44 262 12 4500 1
466 43 275 20 4615 1
467 85 275 20 4615 1
468 47 258 15 4870 1
469 44 275 8 1790 1
470 99 267 23 6729 1
471 43 276 15 5692 1
472 58 275 20 7679 1
473 110 255 22 4090 1
474 29 276 16 4447 1
475 51 265 32 10494 1
476 36 270 21 5505 1
477 71 270 21 5505 1
478 37 262 21 7337 1
479 73 262 21 7337 1
480 57 276 20 5604 1
481 31 274 18 3913 1
482 31 264 22 5409 1
483 61 264 22 5409 1
484 51 277 17 2827 1
485 105 260 21 7182 1
486 30 261 12 3573 1
487 59 261 12 3573 1
488 95 246 18 4455 1
489 29 265 16 2446 1
490 215 262 14 4234 1
491 24 265 14 5545 1
492 14 258 11 2999 1
493 94 276 9 3566 1
494 50 277 13 4325 1
495 30 255 7 1703 1
496 31 261 26 9252 1
497 61 261 26 9252 1
498 15 260 7 2358 1
499 57 264 19 7085 1
500 113 264 19 7085 1
501 30 273 15 2517 1
502 36 258 21 4355 1
503 57 259 16 4420 1
504 50 275 23 6525 1
505 38 257 10 3412 1
506 97 268 20 7292 1
507 193 268 20 7292 1
508 97 277 18 2754 1
509 36 277 14 4847 1
510 36 257 20 2869 1
511 29 265 26 10294 1
512 61 273 17 6911 1
513 77 268 12 2656 1
514 35 267 18 4575 1
515 56 255 1 261 1
516 36 265 18 5878 1
517 30 265 24 7593 1
518 83 270 11 3588 1
519 57 264 21 4228 1
520 37 258 22 3392 1
521 43 265 13 4800 1
522 51 262 9 2552 1
523 30 258 13 1899 1
524 37 268 11 1670 1
525 73 268 11 1670 1
526 35 276 16 4716 1
527 43 261 16 4689 1
528 36 246 11 3986 1
529 34 274 9 3262 1
530 36 257 29 9333 1
531 89 259 18 3622 1
532 43 275 17 5063 1
533 37 261 12 4022 1
534 57 257 6 2289 1
535 43 255 25 7892 1
536 45 262 23 3991 1
537 89 262 23 3991 1
538 30 262 17 4306 1
539 59 262 17 4306 1
540 88 262 17 4306 1
541 51 258 21 3921 1
542 37 270 21 8450 1
543 73 270 21 8450 1
544 90 258 19 5919 1
545 179 258 19 5919 1
546 268 258 19 5919 1
547 357 258 19 5919 1
548 52 270 17 4281 1
549 57 261 7 2099 1
550 95 260 6 1689 1
551 88 277 13 2841 1
552 51 264 21 4574 1
553 15 268 8 3087 1
554 43 275 10 2820 1
555 92 264 16 4978 1
556 43 258 11 3509 1
557 37 260 23 6476 1
558 73 260 23 6476 1
559 36 259 30 6836 1
560 40 264 17 4064 1
561 35 262 10 3211 1
562 69 262 10 3211 1
563 39 255 15 2430 1
564 30 276 22 7791 1
565 63 273 4 987 1
566 125 273 4 987 1
567 100 274 23 7401 1
568 40 265 16 4636 1
569 40 270 16 3762 1
570 42 274 17 3127 1
571 48 261 19 6755 1
572 87 264 11 2100 1
573 101 265 22 4862 1
574 30 258 13 1754 1
575 130 276 21 8506 1
576 36 274 12 3275 1
577 36 255 9 1799 1
578 81 276 21 2955 1
579 37 270 13 2140 1
580 40 255 17 5577 1
581 29 258 23 5763 1
582 57 258 15 3098 1
583 98 273 21 4310 1
584 58 258 20 4606 1
585 36 274 12 2701 1
586 71 274 12 2701 1
587 51 260 18 4189 1
588 37 257 21 3832 1
589 57 292 23 3869 1
590 113 292 23 3869 1
591 169 292 23 3869 1
592 57 281 17 3098 1
593 42 299 23 8691 1
594 58 284 12 3092 1
595 115 284 12 3092 1
596 42 291 24 5758 1
597 94 291 16 4978 1
598 58 279 9 1335 1
599 28 294 20 3675 1
600 58 291 13 3214 1
601 115 291 13 3214 1
602 81 281 9 1350 1
603 42 291 9 3756 1
604 58 286 22 8290 1
605 29 299 16 5063 1
606 104 281 21 7011 1
607 62 279 16 4104 1
608 31 285 16 5750 1
609 64 285 11 1874 1
610 23 292 12 1840 1
611 61 291 17 4531 1
612 57 285 8 1160 1
613 57 281 8 2079 1
614 37 292 11 4793 1
615 58 300 18 4971 1
616 57 278 20 5107 1
617 113 278 20 5107 1
618 59 282 25 6053 1
619 58 292 19 6238 1
620 44 293 12 2761 1
621 209 299 14 5638 1
622 29 281 6 1010 1
623 31 284 23 3830 1
624 59 279 28 9564 1
625 48 284 10 3784 1
626 58 284 11 2579 1
627 29 281 14 5236 1
628 174 294 17 5469 1
629 45 279 20 3776 1
630 37 278 28 7394 1
631 58 279 16 3393 1
632 31 282 28 7870 1
633 44 286 36 8592 1
634 42 286 17 5169 1
635 59 285 10 3100 1
636 42 284 8 3308 1
637 29 286 8 3086 1
638 26 281 10 3575 1
639 43 285 15 4342 1
640 28 282 34 9888 1
641 83 292 12 4798 1
642 28 292 53 17089 1
643 28 293 17 5992 1
644 55 293 17 5992 1
645 28 294 29 9584 1
646 59 281 24 5054 1
647 30 278 29 5512 1
648 100 284 9 1661 1
649 29 299 16 4826 1
650 57 286 6 1263 1
651 36 291 11 2552 1
652 58 294 7 3072 1
653 43 281 41 12118 1
654 44 282 16 5840 1
655 56 286 8 1187 1
656 29 278 12 2505 1
657 57 285 8 2067 1
658 29 281 24 7644 1
659 30 294 14 5774 1
660 59 294 14 5774 1
661 59 282 22 4211 1
662 117 282 22 4211 1
663 58 286 15 4285 1
664 57 293 6 1325 1
665 37 284 10 3991 1
666 87 291 15 2573 1
667 58 285 18 5515 1
668 45 284 19 5843 1
669 49 292 15 2359 1
670 43 279 18 3575 1
671 57 294 38 13989 1
672 57 278 17 4019 1
673 31 291 15 4605 1
674 57 300 27 8412 1
675 56 286 18 4270 1
676 111 286 18 4270 1
677 166 286 18 4270 1
678 44 292 8 1767 1
679 59 281 16 3030 1
680 117 281 16 3030 1
681 175 281 16 3030 1
682 58 286 17 2462 1
683 110 278 25 5349 1
684 44 291 32 6292 1
685 61 282 12 3524 1
686 36 291 18 4172 1
687 120 281 28 10112 1
688 60 284 8 1343 1
689 58 292 33 13543 1
690 24 278 11 1796 1
691 44 285 17 5349 1
692 167 299 17 3687 1
693 30 278 21 6407 1
694 29 292 21 6372 1
695 57 284 18 3382 1
696 58 284 22 5373 1
697 31 291 9 2524 1
698 61 291 9 2524 1
699 58 294 19 7059 1
700 29 278 12 4630 1
701 54 278 25 5136 1
702 31 299 10 2405 1
703 58 284 12 1811 1
704 29 293 13 2017 1
705 44 286 10 2507 1
706 57 282 24 4353 1
707 63 282 14 4981 1
708 2 285 23 6214 1
709 31 292 17 4301 1
710 58 282 18 3403 1
711 115 282 18 3403 1
712 172 282 18 3403 1
713 229 282 18 3403 1
714 30 293 13 3092 1
715 94 293 11 3142 1
716 19 293 35 9341 1
717 83 282 21 6144 1
718 57 300 10 3940 1
719 44 282 14 3586 1
720 58 300 12 2086 1
721 30 294 17 6364 1
722 31 286 16 2478 1
723 58 294 10 2564 1
724 13 279 15 3582 1
725 76 291 11 4717 1
726 19 293 12 3672 1
727 57 278 17 6809 1
728 36 292 21 8677 1
729 30 281 8 3029 1
730 31 284 16 6138 1
731 59 278 31 6046 1
732 34 293 17 4275 1
733 31 293 9 1412 1
734 58 282 17 5332 1
735 115 282 17 5332 1
736 172 282 17 5332 1
737 36 282 19 7359 1
738 43 279 14 3738 1
739 60 292 17 2674 1
740 57 293 8 2242 1
741 113 293 8 2242 1
742 44 294 10 3513 1
743 29 294 8 2166 1
744 31 286 9 1521 1
745 57 299 48 19553 1
746 98 286 14 3443 1
747 57 300 16 6672 1
748 84 281 16 6080 1
749 58 284 18 6761 1
750 12 368 29 7821 1
751 37 334 13 2589 1
752 50 316 22 6751 1
753 57 336 37 15525 1
754 111 338 29 14016 1
755 79 334 37 13037 1
756 119 363 36 10264 1
757 54 368 27 8649 1
758 102 335 24 10401 1
759 16 304 19 5766 1
760 13 333 18 3260 1
761 57 335 16 7366 1
762 58 333 25 4613 1
763 74 336 28 6927 1
764 36 316 18 6840 1
765 71 316 18 6840 1
766 79 332 30 8668 1
767 57 337 41 7370 1
768 58 368 22 11210 1
769 56 324 16 6212 1
770 37 337 19 5368 1
771 57 303 16 4580 1
772 113 303 16 4580 1
773 51 332 11 4515 1
774 59 363 19 4187 1
775 117 363 19 4187 1
776 58 316 19 3589 1
777 58 332 28 13247 1
778 115 332 28 13247 1
779 172 332 28 13247 1
780 72 304 28 8996 1
781 143 304 28 8996 1
782 75 304 18 6855 1
783 64 363 19 8248 1
784 23 333 22 5468 1
785 78 349 22 7300 1
786 155 349 22 7300 1
787 232 349 22 7300 1
788 37 304 20 8707 1
789 78 323 32 5606 1
790 117 364 26 7628 1
791 37 363 11 2917 1
792 79 316 10 3554 1
793 58 336 30 9040 1
794 119 318 36 6372 1
795 79 324 8 1783 1
796 58 336 15 7431 1
797 115 336 15 7431 1
798 59 335 42 11662 1
799 86 331 14 5970 1
800 58 338 29 12886 1
801 74 303 21 3314 1
802 78 304 21 6550 1
803 36 336 26 7177 1
804 87 366 48 23515 1
805 50 335 18 5570 1
806 36 334 24 7192 1
807 57 323 40 18897 1
808 75 364 16 7706 1
809 112 334 42 20152 1
810 79 303 16 5204 1
811 14 334 33 15427 1
812 50 364 18 5232 1
813 57 335 55 16963 1
814 38 303 13 2439 1
815 75 303 13 2439 1
816 79 304 21 6169 1
817 14 335 18 6967 1
818 52 332 60 25979 1
819 78 334 19 8527 1
820 53 333 26 11311 1
821 51 305 17 5328 1
822 93 303 23 10050 1
823 57 333 11 4384 1
824 58 331 38 15367 1
825 72 365 36 13520 1
826 15 335 26 4628 1
827 79 316 18 8279 1
828 51 304 16 6601 1
829 57 338 12 2626 1
830 107 368 13 4313 1
831 36 368 31 14127 1
832 57 368 20 8614 1
833 61 365 15 4528 1
834 78 349 20 9163 1
835 155 349 20 9163 1
836 232 349 20 9163 1
837 309 349 20 9163 1
838 119 318 30 13160 1
839 15 316 13 5471 1
840 78 324 17 6256 1
841 57 331 19 3159 1
842 15 334 31 10561 1
843 79 366 20 10795 1
844 51 336 32 14993 1
845 16 316 20 7542 1
846 16 338 76 31795 1
847 31 338 76 31795 1
848 14 337 35 11053 1
849 16 336 32 11412 1
850 118 331 35 9949 1
851 113 364 43 8426 1
852 60 324 36 11468 1
853 86 332 20 9392 1
854 58 364 35 8183 1
855 57 349 13 5574 1
856 36 337 17 5584 1
857 123 305 28 6557 1
858 118 331 18 7927 1
859 74 336 15 5626 1
860 168 365 22 11899 1
861 79 349 34 7602 1
862 58 338 43 17802 1
863 58 333 17 6734 1
864 115 333 17 6734 1
865 80 331 10 2229 1
866 14 303 31 12523 1
867 78 305 11 3110 1
868 155 305 11 3110 1
869 117 324 16 5116 1
870 233 324 16 5116 1
871 36 337 21 9362 1
872 71 337 21 9362 1
873 78 336 33 6271 1
874 10 318 30 6681 1
875 58 331 31 8359 1
876 57 331 32 7902 1
877 77 305 22 4629 1
878 78 333 29 5256 1
879 61 305 12 4162 1
880 104 349 24 10873 1
881 109 331 16 3567 1
882 57 338 23 9564 1
883 75 338 9 2275 1
884 117 305 9 3669 1
885 78 338 18 8954 1
886 79 323 32 7685 1
887 78 363 27 7812 1
888 121 323 13 4667 1
889 116 336 17 8189 1
890 59 316 10 3842 1
891 15 316 13 5542 1
892 57 333 21 6820 1
893 78 304 26 6549 1
894 155 304 26 6549 1
895 79 336 45 17644 1
896 58 365 45 8410 1
897 57 366 15 6306 1
898 113 366 15 6306 1
899 83 365 25 10800 1
900 51 335 39 18585 1
901 53 316 29 4864 1
902 16 316 40 14429 1
903 50 304 12 4870 1
904 50 366 48 11958 1
905 99 366 48 11958 1
906 58 316 32 6706 1
907 76 364 12 3307 1
908 15 338 15 4681 1
909 17 331 33 14105 1
910 80 316 33 11212 1
911 50 337 15 5129 1
912 15 333 28 5931 1
913 15 368 26 7509 1
914 88 334 22 10359 1
915 57 364 33 6091 1
916 13 316 10 2357 1
917 78 334 24 10416 1
918 74 337 20 7208 1
919 87 349 20 9764 1
920 73 324 10 4341 1
921 16 336 14 3093 1
922 14 338 22 3947 1
923 89 365 34 10032 1
924 91 363 28 9114 1
925 72 316 14 5773 1
926 51 335 11 3262 1
927 78 335 14 6849 1
928 58 332 12 2867 1
929 51 334 18 6992 1
930 15 337 15 6327 1
931 88 338 12 6053 1
932 14 316 18 3543 1
933 74 316 9 3868 1
934 147 316 9 3868 1
935 37 364 17 5653 1
936 57 338 16 5005 1
937 36 336 27 9955 1
938 51 323 24 9042 1
939 13 305 36 8538 1
940 92 338 48 8376 1
941 50 337 20 6599 1
942 73 318 21 7223 1
943 79 366 21 8519 1
944 57 318 19 3907 1
945 92 318 13 2902 1
946 118 349 42 20227 1
947 51 335 26 5941 1
948 14 303 26 9917 1
949 50 335 13 3806 1
950 36 337 24 10760 1
951 71 337 24 10760 1
952 57 349 15 3789 1
953 72 336 13 4765 1
954 79 336 29 14224 1
955 157 336 29 14224 1
956 114 334 13 4512 1
957 120 335 19 6525 1
958 50 304 15 5692 1
959 79 335 16 5607 1
960 78 336 69 12624 1
961 59 363 60 27793 1
962 57 304 10 2316 1
963 50 331 34 5836 1
964 99 331 34 5836 1
965 58 368 47 24536 1
966 73 368 23 10876 1
967 56 363 50 15245 1
968 75 366 24 8712 1
969 37 331 34 12104 1
970 79 336 36 11722 1
971 157 336 36 11722 1
972 235 336 36 11722 1
973 73 324 42 15870 1
974 74 366 16 7993 1
975 74 332 27 12993 1
976 78 363 16 5739 1
977 57 368 34 11333 1
978 36 334 9 4383 1
979 120 336 17 7245 1
980 51 336 12 6014 1
981 101 336 12 6014 1
982 58 368 29 8083 1
983 115 368 29 8083 1
984 172 368 29 8083 1
985 74 337 34 10363 1
986 78 368 25 12554 1
987 71 368 7 2989 1
988 87 332 13 5393 1
989 58 316 18 5129 1
990 87 396 43 18268 1
991 173 396 43 18268 1
992 178 397 27 14155 1
993 89 396 29 16258 1
994 91 398 22 10950 1
995 87 396 30 7732 1
996 79 395 39 17165 1
997 74 397 22 12180 1
998 79 397 17 7581 1
999 84 397 38 18526 1
1000 12 398 19 6883 1
1001 80 397 28 14747 1
1002 79 395 48 14541 1
1003 77 398 36 16028 1
1004 75 398 17 6877 1
1005 78 395 25 8907 1
1006 155 395 25 8907 1
1007 79 397 56 26627 1
1008 79 397 21 10768 1
1009 87 398 30 11944 1
1010 173 398 30 11944 1
1011 85 396 23 7829 1
1012 169 396 23 7829 1
1013 92 395 31 18103 1
1014 105 395 29 14994 1
1015 79 398 40 16749 1
1016 80 399 28 12787 1
1017 80 396 43 19981 1
1018 80 395 31 15109 1
1019 156 399 37 10111 1
1020 78 395 26 10088 1
1021 179 398 34 16474 1
1022 77 396 31 16028 1
1023 85 396 33 7192 1
1024 95 398 16 4662 1
1025 72 395 27 6541 1
1026 143 395 27 6541 1
1027 88 397 34 10473 1
1028 175 397 34 10473 1
1029 163 396 17 4387 1
1030 84 398 36 13914 1
1031 80 397 24 12397 1
1032 145 396 26 11366 1
1033 88 398 28 10827 1
1034 14 396 24 8078 1
1035 79 397 39 18943 1
1036 157 397 39 18943 1
14
503 620 807 620 700 205 255 700 700 700 700 700 200 460 