1036
1 18 132 7 779 1
2 8 118 12 1668 1
3 11 125 8 965 1
4 28 134 11 824 1
5 55 134 11 824 1
6 27 132 10 773 1
7 53 132 10 773 1
8 1 125 39 6924 1
9 18 129 20 1359 1
10 35 129 20 1359 1
11 52 129 20 1359 1
12 3 137 4 422 1
13 8 129 30 4807 1
14 108 134 18 1476 1
15 8 125 7 1242 1
16 15 125 7 1242 1
17 8 134 34 4745 1
18 21 133 16 1300 1
19 41 133 16 1300 1
20 2 134 6 983 1
21 13 118 8 571 1
22 2 134 7 945 1
23 15 132 5 863 1
24 7 133 14 1120 1
25 7 118 7 785 1
26 19 118 12 819 1
27 37 118 12 819 1
28 55 118 12 819 1
29 21 125 8 1477 1
30 41 125 8 1477 1
31 61 125 8 1477 1
32 81 125 8 1477 1
33 101 125 8 1477 1
34 121 125 8 1477 1
35 19 132 5 923 1
36 37 132 5 923 1
37 6 118 14 1737 1
38 11 118 14 1737 1
39 20 140 6 884 1
40 23 118 28 4368 1
41 45 118 28 4368 1
42 67 118 28 4368 1
43 2 125 15 2563 1
44 3 125 15 2563 1
45 8 125 13 1648 1
46 3 125 9 790 1
47 8 129 4 360 1
48 24 133 6 874 1
49 17 125 6 746 1
50 22 132 10 923 1
51 43 132 10 923 1
52 32 132 14 1386 1
53 21 118 6 625 1
54 41 118 6 625 1
55 61 118 6 625 1
56 3 137 10 1743 1
57 8 132 6 791 1
58 15 132 6 791 1
59 22 132 6 791 1
60 29 132 6 791 1
61 8 129 14 2405 1
62 15 129 14 2405 1
63 22 129 14 2405 1
64 8 138 10 2029 1
65 15 138 10 2029 1
66 27 133 32 4479 1
67 2 140 5 358 1
68 13 129 28 1948 1
69 7 138 18 1745 1
70 13 138 18 1745 1
71 40 137 11 2074 1
72 14 125 7 661 1
73 7 132 8 1502 1
74 13 132 8 1502 1
75 19 132 8 1502 1
76 25 132 8 1502 1
77 3 133 21 3590 1
78 21 125 14 1366 1
79 29 134 56 6511 1
80 57 134 56 6511 1
81 9 129 5 636 1
82 17 129 5 636 1
83 8 125 13 2021 1
84 15 125 13 2021 1
85 8 138 52 4377 1
86 22 138 11 1910 1
87 43 138 11 1910 1
88 13 129 19 3642 1
89 25 129 19 3642 1
90 29 134 18 2346 1
91 20 137 24 4539 1
92 10 134 3 236 1
93 19 134 3 236 1
94 28 134 3 236 1
95 23 134 6 1051 1
96 9 125 6 1072 1
97 17 125 6 1072 1
98 25 125 6 1072 1
99 11 133 14 1078 1
100 29 132 4 395 1
101 28 134 4 360 1
102 43 204 16 3449 1
103 85 204 16 3449 1
104 13 210 26 4167 1
105 43 197 25 6547 1
106 43 208 17 3117 1
107 85 208 17 3117 1
108 43 199 11 2858 1
109 85 199 11 2858 1
110 127 199 11 2858 1
111 67 181 7 1123 1
112 26 199 19 3817 1
113 51 199 19 3817 1
114 44 199 33 5371 1
115 52 181 6 882 1
116 17 184 16 2783 1
117 5 181 14 1863 1
118 17 170 19 4141 1
119 19 170 10 930 1
120 44 203 13 2648 1
121 87 203 13 2648 1
122 44 210 55 15113 1
123 44 171 32 4777 1
124 17 170 7 1380 1
125 11 171 11 2159 1
126 3 177 14 3655 1
127 5 177 14 3655 1
128 23 202 5 903 1
129 45 202 5 903 1
130 23 199 23 5356 1
131 44 171 15 3038 1
132 87 171 15 3038 1
133 7 197 18 4508 1
134 43 170 13 1132 1
135 85 170 13 1132 1
136 45 203 10 2934 1
137 6 199 17 3591 1
138 39 188 13 2815 1
139 187 197 12 3293 1
140 21 188 10 2144 1
141 42 184 25 3629 1
142 43 199 21 5461 1
143 13 184 17 2389 1
144 16 199 22 2720 1
145 58 167 11 2155 1
146 115 167 11 2155 1
147 172 167 11 2155 1
148 44 190 29 7301 1
149 87 190 29 7301 1
150 130 190 29 7301 1
151 19 170 13 2467 1
152 6 188 13 1460 1
153 43 190 9 1598 1
154 43 208 25 3270 1
155 85 208 25 3270 1
156 127 208 25 3270 1
157 44 202 17 3857 1
158 44 197 27 4347 1
159 42 204 14 1832 1
160 45 161 21 4021 1
161 89 161 21 4021 1
162 6 149 10 1928 1
163 45 194 25 7057 1
164 220 205 14 4254 1
165 42 181 6 1461 1
166 44 151 27 4134 1
167 17 188 20 4452 1
168 44 167 16 3351 1
169 87 167 16 3351 1
170 130 167 16 3351 1
171 18 178 16 1875 1
172 44 208 5 1319 1
173 87 208 5 1319 1
174 130 208 5 1319 1
175 64 151 13 1318 1
176 44 181 15 2488 1
177 44 194 14 2648 1
178 87 194 14 2648 1
179 130 194 14 2648 1
180 173 194 14 2648 1
181 43 207 7 870 1
182 85 207 7 870 1
183 127 207 7 870 1
184 169 207 7 870 1
185 67 210 41 9781 1
186 133 210 41 9781 1
187 18 195 13 3323 1
188 35 195 13 3323 1
189 51 177 55 13987 1
190 6 190 17 2246 1
191 44 205 12 1428 1
192 87 205 12 1428 1
193 130 205 12 1428 1
194 43 205 18 2536 1
195 85 205 18 2536 1
196 6 181 26 3245 1
197 20 188 24 2755 1
198 44 199 25 7258 1
199 44 199 16 2483 1
200 19 205 20 4115 1
201 7 194 19 5442 1
202 16 184 15 1497 1
203 44 177 16 2891 1
204 87 177 16 2891 1
205 16 208 33 7581 1
206 17 197 16 3801 1
207 45 190 22 3628 1
208 6 208 14 3818 1
209 43 167 6 839 1
210 43 178 24 2914 1
211 22 181 17 1714 1
212 43 195 13 3713 1
213 16 208 26 3070 1
214 45 207 30 4508 1
215 89 207 30 4508 1
216 133 207 30 4508 1
217 43 170 26 5658 1
218 85 170 26 5658 1
219 4 195 13 2175 1
220 62 171 12 2343 1
221 22 171 22 4960 1
222 43 161 13 1060 1
223 34 181 18 2360 1
224 16 178 32 7747 1
225 46 190 28 2716 1
226 91 190 28 2716 1
227 136 190 28 2716 1
228 181 190 28 2716 1
229 35 188 6 1241 1
230 46 210 18 2290 1
231 29 205 14 2003 1
232 45 167 32 5274 1
233 89 167 32 5274 1
234 133 167 32 5274 1
235 7 187 18 4836 1
236 44 161 10 1281 1
237 29 207 22 5401 1
238 27 178 17 3620 1
239 39 197 4 603 1
240 17 167 17 2044 1
241 33 167 17 2044 1
242 49 167 17 2044 1
243 43 195 19 3997 1
244 5 190 14 3561 1
245 15 170 10 1622 1
246 44 208 9 1139 1
247 87 208 9 1139 1
248 24 205 10 2020 1
249 43 167 12 2225 1
250 18 187 17 1973 1
251 45 194 13 2395 1
252 89 194 13 2395 1
253 133 194 13 2395 1
254 17 197 11 1196 1
255 44 208 6 639 1
256 58 225 11 1681 1
257 115 225 11 1681 1
258 29 243 15 4326 1
259 13 245 30 5248 1
260 43 222 16 3071 1
261 30 239 13 3206 1
262 40 221 19 2150 1
263 79 221 19 2150 1
264 29 242 23 4553 1
265 86 242 10 3188 1
266 44 239 15 3264 1
267 87 239 15 3264 1
268 58 243 22 5005 1
269 43 228 13 2478 1
270 30 230 26 4706 1
271 43 244 10 2847 1
272 31 228 25 5692 1
273 2 222 29 4139 1
274 43 239 18 5295 1
275 55 237 10 3340 1
276 109 237 10 3340 1
277 38 239 50 11570 1
278 12 216 10 2589 1
279 30 222 17 5163 1
280 59 222 17 5163 1
281 88 222 17 5163 1
282 17 216 12 3141 1
283 29 220 27 8071 1
284 38 242 29 5596 1
285 58 243 19 3987 1
286 58 212 22 4236 1
287 57 239 29 8292 1
288 113 239 29 8292 1
289 32 245 11 2881 1
290 44 230 21 3212 1
291 30 225 17 5285 1
292 59 225 17 5285 1
293 57 228 20 4611 1
294 38 239 43 11525 1
295 75 239 43 11525 1
296 66 243 25 5415 1
297 30 222 17 2885 1
298 36 237 18 4783 1
299 95 244 15 2277 1
300 50 225 47 5739 1
301 38 216 23 5989 1
302 63 245 22 5132 1
303 125 245 22 5132 1
304 74 237 13 2618 1
305 45 212 26 5145 1
306 30 221 21 5537 1
307 59 221 21 5537 1
308 88 221 21 5537 1
309 3 216 17 4312 1
310 65 225 31 4100 1
311 44 216 30 9471 1
312 44 245 26 5838 1
313 29 222 17 4531 1
314 57 222 17 4531 1
315 10 230 18 6125 1
316 96 221 33 9418 1
317 191 221 33 9418 1
318 286 221 33 9418 1
319 59 221 16 2575 1
320 8 216 16 1946 1
321 32 228 6 1080 1
322 36 222 12 1887 1
323 56 212 9 1522 1
324 1 245 14 3957 1
325 1 245 14 3957 1
326 9 225 14 2717 1
327 31 212 15 1612 1
328 58 230 15 3397 1
329 58 220 37 9289 1
330 47 230 25 8245 1
331 51 220 16 5031 1
332 44 243 39 13521 1
333 87 243 39 13521 1
334 55 245 13 4380 1
335 109 245 13 4380 1
336 163 245 13 4380 1
337 217 245 13 4380 1
338 271 245 13 4380 1
339 65 225 11 2532 1
340 42 222 22 6988 1
341 21 244 13 1915 1
342 40 220 27 3695 1
343 41 225 13 4172 1
344 43 212 42 12798 1
345 37 212 26 7289 1
346 54 228 15 4807 1
347 44 230 13 3728 1
348 87 230 13 3728 1
349 36 220 18 3442 1
350 57 216 23 3606 1
351 45 220 24 6369 1
352 90 216 20 3677 1
353 29 237 24 6075 1
354 101 237 16 2405 1
355 44 228 16 4838 1
356 8 222 33 4108 1
357 59 221 27 4699 1
358 51 245 23 3014 1
359 104 230 33 6798 1
360 54 228 20 4365 1
361 107 228 20 4365 1
362 31 221 19 2160 1
363 43 216 15 3202 1
364 30 230 14 2240 1
365 56 244 25 7472 1
366 111 244 25 7472 1
367 44 228 56 16353 1
368 87 228 56 16353 1
369 130 228 56 16353 1
370 65 244 31 10371 1
371 44 242 30 6597 1
372 78 244 19 6744 1
373 57 237 19 2465 1
374 20 222 14 2729 1
375 36 216 10 1539 1
376 49 216 12 2753 1
377 57 228 16 3406 1
378 38 212 19 4751 1
379 86 230 28 7237 1
380 43 244 50 9655 1
381 100 237 13 4260 1
382 42 216 36 4707 1
383 30 244 22 3023 1
384 8 221 8 1442 1
385 15 221 8 1442 1
386 30 220 18 2475 1
387 59 220 18 2475 1
388 9 243 12 2512 1
389 89 225 14 2801 1
390 43 222 19 5378 1
391 15 220 27 6743 1
392 31 230 18 3871 1
393 28 243 26 8010 1
394 28 242 13 4011 1
395 45 228 34 10507 1
396 20 242 31 6999 1
397 34 245 18 2379 1
398 29 237 7 1673 1
399 28 239 9 1879 1
400 45 242 21 7524 1
401 89 242 21 7524 1
402 59 230 28 5895 1
403 8 242 32 10564 1
404 24 225 15 4459 1
405 50 237 19 5833 1
406 55 239 23 3673 1
407 36 259 17 4080 1
408 84 273 10 3456 1
409 98 276 15 2221 1
410 30 275 32 12925 1
411 60 268 17 6360 1
412 44 270 3 981 1
413 51 259 18 5551 1
414 41 267 19 3484 1
415 16 258 8 1196 1
416 29 264 8 2110 1
417 83 274 15 3264 1
418 165 274 15 3264 1
419 89 261 11 4214 1
420 30 275 19 4105 1
421 22 257 16 5672 1
422 29 259 27 9007 1
423 57 265 21 6022 1
424 30 277 6 2178 1
425 30 275 11 2100 1
426 59 275 11 2100 1
427 12 259 8 2427 1
428 57 277 21 4946 1
429 49 261 8 1542 1
430 29 267 8 2830 1
431 28 246 19 6672 1
432 29 270 16 2694 1
433 57 270 16 2694 1
434 56 260 12 3621 1
435 36 258 15 2700 1
436 57 265 13 4035 1
437 29 260 15 3213 1
438 43 264 6 1837 1
439 85 264 6 1837 1
440 127 264 6 1837 1
441 50 259 13 3976 1
442 99 277 18 7344 1
443 37 257 8 1742 1
444 50 275 25 9140 1
445 35 276 25 4328 1
446 50 270 9 2009 1
447 15 273 22 6140 1
448 30 267 20 2796 1
449 103 257 20 2724 1
450 205 257 20 2724 1
451 99 261 16 4892 1
452 28 265 6 1919 1
453 88 255 9 1955 1
454 44 276 26 3719 1
455 32 275 13 4046 1
456 63 275 13 4046 1
457 38 265 23 8954 1
458 36 255 16 4721 1
459 58 261 12 3014 1
460 30 261 18 3235 1
461 43 255 14 4426 1
462 51 257 17 4521 1
463 97 262 18 5660 1
464 31 261 20 5105 1
465 29 267 23 4372 1
466 29 276 20 6537 1
467 52 264 21 7563 1
468 29 275 8 2160 1
469 49 276 19 6027 1
470 37 258 16 3226 1
471 52 258 13 2583 1
472 44 276 10 2012 1
473 29 261 24 3374 1
474 29 261 19 4606 1
475 36 261 6 2244 1
476 71 261 6 2244 1
477 98 255 23 7700 1
478 29 265 2 513 1
479 57 265 2 513 1
480 56 268 16 4568 1
481 46 270 17 2301 1
482 93 259 21 8095 1
483 29 260 6 2202 1
484 42 260 16 6161 1
485 37 277 21 5246 1
486 31 257 11 2611 1
487 26 246 14 3032 1
488 16 274 29 5321 1
489 57 274 18 4762 1
490 36 270 16 3838 1
491 29 270 13 3654 1
492 29 268 13 4888 1
493 37 264 18 4870 1
494 24 268 24 4555 1
495 29 268 6 1890 1
496 98 276 17 5534 1
497 14 264 31 6213 1
498 32 273 23 5046 1
499 63 273 23 5046 1
500 43 265 20 2663 1
501 44 268 15 2507 1
502 36 273 19 3322 1
503 91 277 27 10629 1
504 34 267 20 7273 1
505 58 258 15 3312 1
506 25 267 14 5537 1
507 43 262 11 2483 1
508 36 260 20 6918 1
509 29 274 16 4767 1
510 29 261 2 491 1
511 30 264 14 4739 1
512 16 255 16 6054 1
513 37 276 9 2612 1
514 55 262 22 6842 1
515 44 264 6 2166 1
516 97 246 16 4789 1
517 51 275 1 210 1
518 97 259 20 6504 1
519 30 257 16 5954 1
520 37 262 31 11391 1
521 59 246 13 4236 1
522 36 273 15 5062 1
523 31 260 30 5587 1
524 30 270 15 2328 1
525 36 265 15 4978 1
526 48 273 5 1233 1
527 95 273 5 1233 1
528 142 273 5 1233 1
529 105 275 13 2085 1
530 209 275 13 2085 1
531 44 265 14 4382 1
532 43 276 22 4335 1
533 47 246 17 4717 1
534 29 270 17 5318 1
535 84 262 21 7157 1
536 53 265 21 4082 1
537 100 270 27 4685 1
538 43 264 8 2507 1
539 101 276 13 3606 1
540 201 276 13 3606 1
541 97 265 21 8189 1
542 93 264 16 4300 1
543 60 261 13 2060 1
544 85 265 24 6635 1
545 96 264 18 4347 1
546 30 275 8 3180 1
547 51 275 27 9698 1
548 101 275 27 9698 1
549 151 275 27 9698 1
550 31 270 20 7177 1
551 31 261 8 2753 1
552 98 274 13 5266 1
553 37 257 8 1981 1
554 60 273 14 2429 1
555 15 268 14 2498 1
556 17 259 14 2300 1
557 24 255 5 785 1
558 57 270 20 4562 1
559 38 260 21 3565 1
560 36 275 21 6616 1
561 55 267 19 4883 1
562 44 267 14 2317 1
563 96 268 18 4437 1
564 191 268 18 4437 1
565 28 270 17 5253 1
566 55 270 17 5253 1
567 50 259 13 4534 1
568 99 259 13 4534 1
569 43 275 18 4673 1
570 56 265 14 1878 1
571 30 273 13 3983 1
572 43 273 14 3786 1
573 39 270 18 6217 1
574 16 258 20 4809 1
575 96 264 9 2128 1
576 37 264 11 3163 1
577 30 270 3 1190 1
578 44 270 2 448 1
579 43 268 18 5203 1
580 85 268 18 5203 1
581 36 267 17 6466 1
582 37 246 14 3255 1
583 51 260 14 2117 1
584 79 277 22 8902 1
585 43 265 23 6953 1
586 95 267 17 6680 1
587 49 267 24 3692 1
588 57 274 14 4222 1
589 217 278 14 5829 1
590 29 281 17 3726 1
591 43 291 10 3383 1
592 60 299 14 5310 1
593 58 282 11 4285 1
594 115 282 11 4285 1
595 97 284 31 5261 1
596 59 293 22 3475 1
597 32 292 19 7813 1
598 150 282 12 2440 1
599 29 282 10 2494 1
600 54 300 19 8127 1
601 36 286 29 8954 1
602 31 294 14 2715 1
603 32 293 17 5503 1
604 29 292 20 6644 1
605 28 278 17 5396 1
606 43 299 16 2922 1
607 25 294 12 4464 1
608 57 300 14 4281 1
609 113 300 14 4281 1
610 29 286 20 2977 1
611 57 286 20 2977 1
612 85 286 20 2977 1
613 31 281 18 4316 1
614 56 285 9 3510 1
615 25 293 17 2655 1
616 31 281 26 6088 1
617 38 284 12 4400 1
618 58 294 13 2752 1
619 266 278 18 5921 1
620 57 300 31 8477 1
621 113 300 31 8477 1
622 57 291 30 9232 1
623 113 291 30 9232 1
624 37 282 15 5960 1
625 57 282 23 4113 1
626 113 282 23 4113 1
627 29 294 17 6608 1
628 57 299 21 8038 1
629 57 294 17 3240 1
630 42 279 16 4725 1
631 58 299 14 5044 1
632 58 299 15 5945 1
633 115 299 15 5945 1
634 172 299 15 5945 1
635 57 279 14 5660 1
636 29 286 12 2839 1
637 18 282 11 1852 1
638 33 282 11 2431 1
639 65 282 11 2431 1
640 29 294 17 4391 1
641 30 284 25 8887 1
642 58 285 22 7318 1
643 58 284 18 5673 1
644 53 278 18 6000 1
645 57 285 21 6812 1
646 113 285 21 6812 1
647 27 299 11 3452 1
648 28 281 8 2736 1
649 55 281 8 2736 1
650 58 279 13 4866 1
651 38 294 26 8767 1
652 58 299 25 8142 1
653 58 285 28 9137 1
654 31 299 23 8867 1
655 57 281 13 2711 1
656 29 286 18 6009 1
657 57 286 18 6009 1
658 85 286 18 6009 1
659 62 294 12 4358 1
660 57 279 13 5352 1
661 56 286 13 3707 1
662 58 279 16 3061 1
663 29 284 22 5556 1
664 43 286 12 2901 1
665 22 284 17 3065 1
666 57 285 23 3999 1
667 56 300 17 4172 1
668 65 282 18 7406 1
669 45 281 30 7270 1
670 102 292 32 12880 1
671 92 286 17 5687 1
672 183 286 17 5687 1
673 62 300 18 2745 1
674 19 286 11 2500 1
675 43 300 26 10146 1
676 44 281 9 2639 1
677 37 293 13 3809 1
678 62 284 24 5695 1
679 59 292 24 7010 1
680 58 279 13 5134 1
681 115 279 13 5134 1
682 172 279 13 5134 1
683 43 282 14 5429 1
684 68 292 18 2877 1
685 29 278 26 6209 1
686 57 278 26 6209 1
687 29 282 18 3697 1
688 68 285 10 1932 1
689 211 284 10 2308 1
690 118 282 13 3656 1
691 99 286 26 8202 1
692 47 299 16 3224 1
693 28 279 16 3067 1
694 43 294 9 3171 1
695 29 282 19 4065 1
696 10 279 15 2576 1
697 30 299 10 3376 1
698 56 285 17 5861 1
699 43 299 7 1287 1
700 58 292 20 8390 1
701 115 292 20 8390 1
702 8 284 23 3278 1
703 15 284 23 3278 1
704 31 291 8 2550 1
705 30 284 38 8742 1
706 43 293 15 4119 1
707 3 300 7 1576 1
708 43 282 24 5525 1
709 15 282 18 2589 1
710 58 293 6 898 1
711 59 292 8 1992 1
712 58 285 22 5818 1
713 56 291 22 6752 1
714 36 299 52 11059 1
715 30 291 31 4716 1
716 43 278 5 1569 1
717 43 293 14 2696 1
718 55 291 20 7282 1
719 109 291 20 7282 1
720 44 279 29 8307 1
721 57 279 13 3599 1
722 29 300 28 5446 1
723 44 293 17 3963 1
724 57 294 13 4956 1
725 57 278 14 2505 1
726 113 278 14 2505 1
727 37 292 15 5857 1
728 112 278 17 5457 1
729 29 279 15 4015 1
730 9 285 11 4332 1
731 29 282 27 5546 1
732 9 291 8 1427 1
733 17 291 8 1427 1
734 25 291 8 1427 1
735 29 291 13 3976 1
736 209 286 10 2860 1
737 60 291 10 1906 1
738 43 300 12 2996 1
739 44 284 14 4158 1
740 30 300 18 8051 1
741 59 300 18 8051 1
742 88 300 18 8051 1
743 30 285 12 4570 1
744 29 299 12 2311 1
745 41 282 23 7491 1
746 58 282 15 6284 1
747 58 292 8 3221 1
748 115 292 8 3221 1
749 29 294 24 6124 1
750 37 366 31 15746 1
751 50 303 17 5837 1
752 99 303 17 5837 1
753 115 331 13 3835 1
754 37 316 22 10362 1
755 78 368 24 5897 1
756 118 349 41 9172 1
757 78 349 27 13077 1
758 209 323 29 11694 1
759 17 331 9 3625 1
760 57 318 30 10110 1
761 53 332 12 4505 1
762 114 316 27 10848 1
763 50 323 14 4728 1
764 57 334 23 7299 1
765 57 368 27 5544 1
766 113 368 27 5544 1
767 169 368 27 5544 1
768 14 305 18 7144 1
769 57 303 10 2892 1
770 71 331 57 27799 1
771 14 333 17 3189 1
772 36 336 31 15410 1
773 74 332 24 11390 1
774 38 334 21 4496 1
775 75 334 21 4496 1
776 58 365 22 5143 1
777 35 349 21 9349 1
778 37 304 19 5181 1
779 78 303 20 5025 1
780 50 365 20 4783 1
781 78 335 27 10484 1
782 78 305 66 17917 1
783 50 336 23 7480 1
784 37 336 16 5789 1
785 85 365 31 11803 1
786 169 365 31 11803 1
787 78 333 17 6998 1
788 80 332 52 19893 1
789 159 332 52 19893 1
790 58 368 26 5306 1
791 57 331 31 13219 1
792 87 364 27 13168 1
793 173 364 27 13168 1
794 259 364 27 13168 1
795 73 368 30 7598 1
796 58 305 32 11556 1
797 115 305 32 11556 1
798 15 334 50 18291 1
799 29 334 50 18291 1
800 58 337 21 5235 1
801 57 337 29 7124 1
802 15 336 15 3511 1
803 79 366 20 6139 1
804 50 365 18 4904 1
805 79 337 34 6350 1
806 38 333 21 6222 1
807 50 303 30 7027 1
808 99 303 30 7027 1
809 36 337 25 5806 1
810 38 363 31 14748 1
811 78 365 16 4606 1
812 17 316 27 12041 1
813 57 335 20 5718 1
814 118 337 22 10287 1
815 57 364 29 7130 1
816 58 338 37 17238 1
817 57 368 17 4838 1
818 37 349 19 8456 1
819 73 349 19 8456 1
820 78 324 68 24719 1
821 155 324 68 24719 1
822 78 324 33 12873 1
823 17 304 41 13131 1
824 58 304 17 2693 1
825 50 331 11 4517 1
826 64 336 32 7422 1
827 51 318 21 7908 1
828 36 366 22 7536 1
829 14 304 15 3750 1
830 79 331 38 6751 1
831 57 318 17 4492 1
832 113 318 17 4492 1
833 57 305 21 8730 1
834 58 331 16 2876 1
835 115 331 16 2876 1
836 172 331 16 2876 1
837 79 337 21 3686 1
838 37 333 19 7242 1
839 126 363 22 7535 1
840 56 305 11 4154 1
841 73 363 26 12212 1
842 72 334 32 7119 1
843 15 333 17 3870 1
844 71 333 28 12154 1
845 58 334 25 10134 1
846 50 303 13 4005 1
847 99 303 13 4005 1
848 77 336 19 8096 1
849 153 336 19 8096 1
850 73 323 17 8235 1
851 57 337 34 13726 1
852 57 338 35 12820 1
853 57 332 47 11773 1
854 113 332 47 11773 1
855 74 365 28 6665 1
856 36 363 14 4264 1
857 71 333 49 24335 1
858 57 323 13 3886 1
859 15 304 28 4362 1
860 78 337 14 2987 1
861 155 337 14 2987 1
862 232 337 14 2987 1
863 91 363 14 3762 1
864 50 335 18 3177 1
865 57 365 30 12900 1
866 58 365 24 12168 1
867 115 365 24 12168 1
868 70 333 14 2412 1
869 72 331 17 3382 1
870 81 331 16 4154 1
871 37 304 13 5009 1
872 58 323 22 9245 1
873 119 338 34 16657 1
874 15 338 28 12839 1
875 37 304 23 4691 1
876 109 365 40 15884 1
877 15 303 22 8778 1
878 75 364 20 5376 1
879 149 364 20 5376 1
880 74 364 20 7401 1
881 111 318 19 3331 1
882 57 304 20 7103 1
883 51 335 17 7044 1
884 78 368 23 11587 1
885 155 368 23 11587 1
886 232 368 23 11587 1
887 309 368 23 11587 1
888 51 304 15 5443 1
889 101 304 15 5443 1
890 111 331 24 6056 1
891 57 316 33 7579 1
892 72 323 9 2188 1
893 57 333 9 3053 1
894 15 363 20 6334 1
895 15 338 64 17612 1
896 78 366 18 5302 1
897 155 366 18 5302 1
898 129 363 36 12857 1
899 76 335 26 6736 1
900 80 316 14 4218 1
901 57 336 13 5636 1
902 37 332 27 11483 1
903 74 349 22 10267 1
904 76 335 24 7755 1
905 79 305 19 7101 1
906 51 318 47 15209 1
907 78 337 21 6340 1
908 86 335 66 21170 1
909 51 366 18 6566 1
910 87 336 27 4958 1
911 58 332 16 6275 1
912 51 331 34 12017 1
913 112 323 21 3702 1
914 50 336 18 7596 1
915 57 316 23 5364 1
916 75 316 13 4679 1
917 58 363 35 17871 1
918 79 334 23 4082 1
919 100 364 39 7222 1
920 109 368 15 3109 1
921 78 368 17 6719 1
922 58 304 20 7838 1
923 14 333 22 7926 1
924 78 338 40 20020 1
925 155 338 40 20020 1
926 16 332 7 1563 1
927 50 333 17 5702 1
928 57 365 35 10117 1
929 54 331 12 2569 1
930 15 318 19 3798 1
931 79 331 16 7364 1
932 50 323 12 4162 1
933 57 337 18 6002 1
934 76 366 18 5944 1
935 50 305 17 4977 1
936 78 318 30 10358 1
937 78 337 12 3213 1
938 56 316 13 3155 1
939 37 304 31 10065 1
940 50 368 20 8193 1
941 50 305 31 8359 1
942 56 323 11 1788 1
943 78 338 23 11324 1
944 96 303 25 9171 1
945 51 331 30 11408 1
946 36 334 21 4982 1
947 78 305 50 16689 1
948 38 318 22 8311 1
949 122 338 55 12277 1
950 243 338 55 12277 1
951 37 303 42 13420 1
952 109 363 43 12784 1
953 38 305 36 6100 1
954 73 363 27 11525 1
955 57 304 17 5668 1
956 51 331 8 3372 1
957 79 334 18 5649 1
958 55 349 16 3216 1
959 53 337 24 9096 1
960 52 365 17 3269 1
961 50 324 25 6312 1
962 37 318 24 4185 1
963 107 336 41 16528 1
964 79 337 14 2933 1
965 14 316 20 8452 1
966 27 316 20 8452 1
967 79 349 38 7315 1
968 51 336 29 8036 1
969 14 304 14 4646 1
970 14 334 14 5486 1
971 57 324 20 6361 1
972 113 324 20 6361 1
973 169 324 20 6361 1
974 78 304 16 5897 1
975 37 333 26 6714 1
976 14 331 16 6955 1
977 104 305 18 3362 1
978 50 363 16 8163 1
979 57 323 59 13525 1
980 123 334 17 7809 1
981 121 336 18 4727 1
982 58 318 29 9004 1
983 115 318 29 9004 1
984 58 337 18 8923 1
985 51 363 20 7581 1
986 37 338 17 2909 1
987 197 332 14 6416 1
988 79 333 21 4749 1
989 157 333 21 4749 1
990 77 395 23 7998 1
991 89 397 19 3864 1
992 88 396 34 15008 1
993 89 396 39 17248 1
994 79 395 36 7705 1
995 157 395 36 7705 1
996 86 395 23 6739 1
997 171 395 23 6739 1
998 90 395 21 6673 1
999 76 395 48 17903 1
1000 151 395 48 17903 1
1001 79 399 27 14098 1
1002 90 399 30 11651 1
1003 91 399 37 9861 1
1004 80 395 27 15522 1
1005 87 397 53 29230 1
1006 173 397 53 29230 1
1007 13 397 25 9156 1
1008 78 399 27 7641 1
1009 114 395 21 4279 1
1010 74 395 29 10445 1
1011 79 395 31 11616 1
1012 90 398 23 5653 1
1013 179 398 23 5653 1
1014 90 396 25 13281 1
1015 87 395 38 13442 1
1016 112 397 24 5159 1
1017 80 395 25 8365 1
1018 83 396 18 8354 1
1019 78 395 30 11335 1
1020 77 396 34 15759 1
1021 88 397 19 11176 1
1022 85 398 31 7463 1
1023 72 396 28 7575 1
1024 76 395 32 10234 1
1025 90 396 27 15360 1
1026 78 397 30 7264 1
1027 78 398 41 14796 1
1028 155 398 41 14796 1
1029 71 397 31 12822 1
1030 84 395 41 18439 1
1031 86 395 45 20423 1
1032 77 396 23 8374 1
1033 90 396 33 8851 1
1034 73 399 41 8985 1
1035 72 396 30 15540 1
1036 94 396 24 6331 1
14
503 620 807 620 700 205 255 700 700 700 700 700 200 460 