1036
1 2 134 52 8086 1
2 25 132 24 2706 1
3 49 132 24 2706 1
4 1 134 9 681 1
5 9 134 5 628 1
6 15 133 9 930 1
7 27 118 13 1177 1
8 2 133 13 2044 1
9 34 129 36 5490 1
10 18 133 17 2247 1
11 35 133 17 2247 1
12 24 140 24 2375 1
13 47 140 24 2375 1
14 9 125 27 1840 1
15 17 125 27 1840 1
16 9 140 4 724 1
17 23 134 11 1758 1
18 8 138 6 570 1
19 15 138 6 570 1
20 22 138 6 570 1
21 9 138 9 1490 1
22 17 138 9 1490 1
23 13 118 18 2035 1
24 25 118 18 2035 1
25 13 137 17 2981 1
26 29 118 24 1963 1
27 9 134 12 2239 1
28 17 134 12 2239 1
29 22 132 6 1060 1
30 43 132 6 1060 1
31 7 140 11 1490 1
32 14 132 11 1259 1
33 27 132 11 1259 1
34 19 133 5 689 1
35 17 125 6 949 1
36 2 134 8 1116 1
37 8 132 5 553 1
38 15 132 5 553 1
39 22 132 5 553 1
40 8 129 6 879 1
41 22 129 13 1370 1
42 43 129 13 1370 1
43 2 129 12 1790 1
44 3 129 12 1790 1
45 8 138 13 951 1
46 10 137 28 5730 1
47 19 137 28 5730 1
48 17 118 5 821 1
49 14 132 10 1423 1
50 2 129 10 1582 1
51 2 134 7 856 1
52 9 140 17 1427 1
53 8 133 8 1202 1
54 15 133 8 1202 1
55 22 133 8 1202 1
56 29 133 8 1202 1
57 36 133 8 1202 1
58 43 133 8 1202 1
59 50 133 8 1202 1
60 23 133 6 685 1
61 8 140 20 1786 1
62 3 118 8 991 1
63 5 118 8 991 1
64 3 138 7 1420 1
65 2 140 16 1876 1
66 9 137 19 2026 1
67 17 137 19 2026 1
68 7 137 10 941 1
69 13 137 10 941 1
70 9 137 14 2119 1
71 14 129 23 2832 1
72 27 129 23 2832 1
73 40 129 23 2832 1
74 14 125 11 1637 1
75 19 132 15 1539 1
76 37 132 15 1539 1
77 14 125 44 5992 1
78 6 137 30 5252 1
79 22 118 14 2186 1
80 25 137 12 1868 1
81 49 137 12 1868 1
82 73 137 12 1868 1
83 17 133 7 1364 1
84 11 140 9 1647 1
85 21 140 9 1647 1
86 31 140 9 1647 1
87 24 118 11 670 1
88 47 118 11 670 1
89 70 118 11 670 1
90 184 133 17 1409 1
91 9 137 13 1209 1
92 20 133 13 1107 1
93 39 133 13 1107 1
94 58 133 13 1107 1
95 77 133 13 1107 1
96 96 133 13 1107 1
97 115 133 13 1107 1
98 18 133 9 1329 1
99 35 133 9 1329 1
100 9 134 8 670 1
101 17 134 8 670 1
102 44 194 26 5660 1
103 44 171 8 998 1
104 43 205 15 2209 1
105 85 205 15 2209 1
106 17 205 39 10497 1
107 33 205 39 10497 1
108 22 190 13 2367 1
109 44 167 17 2459 1
110 87 167 17 2459 1
111 44 199 26 4540 1
112 45 187 8 1861 1
113 44 167 23 3732 1
114 87 167 23 3732 1
115 130 167 23 3732 1
116 21 181 18 2751 1
117 72 210 6 1410 1
118 143 210 6 1410 1
119 9 181 17 3987 1
120 22 194 16 4632 1
121 43 181 15 1849 1
122 85 181 15 1849 1
123 44 181 25 3879 1
124 6 181 12 2728 1
125 22 190 16 3969 1
126 44 184 18 2017 1
127 44 188 11 1913 1
128 4 149 10 1171 1
129 17 202 41 12248 1
130 185 207 27 5611 1
131 44 177 29 3037 1
132 18 181 14 2665 1
133 35 181 14 2665 1
134 45 188 17 2029 1
135 19 151 30 2579 1
136 44 203 24 3514 1
137 87 203 24 3514 1
138 21 194 21 2225 1
139 16 184 7 669 1
140 43 178 6 562 1
141 85 178 6 562 1
142 17 204 10 2024 1
143 43 181 11 1650 1
144 85 181 11 1650 1
145 16 184 12 1737 1
146 40 184 33 7483 1
147 33 207 6 1067 1
148 18 210 13 3570 1
149 44 178 12 1801 1
150 33 188 19 4836 1
151 65 188 19 4836 1
152 20 195 22 3354 1
153 15 208 26 6160 1
154 45 184 24 5688 1
155 44 188 20 4561 1
156 44 199 13 2377 1
157 30 204 65 9220 1
158 59 204 65 9220 1
159 23 188 8 1429 1
160 57 151 19 1898 1
161 1 208 13 3309 1
162 43 197 16 3876 1
163 18 203 37 9762 1
164 35 203 37 9762 1
165 20 167 13 1264 1
166 44 161 13 2536 1
167 87 161 13 2536 1
168 44 204 16 4592 1
169 44 178 30 7898 1
170 19 210 13 3317 1
171 14 188 16 2618 1
172 45 207 12 1835 1
173 89 207 12 1835 1
174 19 195 17 2569 1
175 60 197 39 5042 1
176 17 204 16 2511 1
177 8 195 33 7256 1
178 135 190 18 2177 1
179 44 184 24 2749 1
180 87 184 24 2749 1
181 16 208 23 3589 1
182 46 197 14 3392 1
183 91 197 14 3392 1
184 136 197 14 3392 1
185 181 197 14 3392 1
186 226 197 14 3392 1
187 271 197 14 3392 1
188 316 197 14 3392 1
189 14 208 10 2978 1
190 18 151 15 1665 1
191 35 151 15 1665 1
192 44 204 7 2079 1
193 87 204 7 2079 1
194 43 204 14 3349 1
195 43 167 11 1066 1
196 13 178 12 1205 1
197 54 199 15 2840 1
198 44 202 7 946 1
199 19 197 35 8084 1
200 44 184 9 1606 1
201 87 184 9 1606 1
202 16 197 14 2815 1
203 31 197 14 2815 1
204 7 177 19 3596 1
205 44 170 43 7142 1
206 19 195 9 1143 1
207 18 177 21 2591 1
208 42 171 19 3338 1
209 41 194 15 4098 1
210 18 161 14 1198 1
211 19 187 11 1908 1
212 43 161 16 2827 1
213 85 161 16 2827 1
214 44 170 11 2318 1
215 87 170 11 2318 1
216 130 170 11 2318 1
217 173 170 11 2318 1
218 216 170 11 2318 1
219 11 195 22 2704 1
220 20 177 15 3321 1
221 4 210 39 6898 1
222 20 203 8 1493 1
223 150 190 5 1356 1
224 44 197 28 4557 1
225 44 197 15 2592 1
226 18 149 14 1856 1
227 43 170 14 2075 1
228 255 199 25 3824 1
229 23 177 17 3359 1
230 7 187 13 2955 1
231 6 161 9 1354 1
232 44 202 9 1507 1
233 43 205 18 5181 1
234 43 161 18 3481 1
235 41 181 24 3209 1
236 43 181 24 3653 1
237 57 199 20 4885 1
238 44 210 11 1964 1
239 44 177 35 6469 1
240 27 177 12 2902 1
241 43 210 16 3876 1
242 85 210 16 3876 1
243 127 210 16 3876 1
244 169 210 16 3876 1
245 6 187 18 3285 1
246 52 210 30 6177 1
247 42 181 7 1692 1
248 43 161 27 2469 1
249 85 161 27 2469 1
250 127 161 27 2469 1
251 169 161 27 2469 1
252 43 187 48 7439 1
253 85 187 48 7439 1
254 127 187 48 7439 1
255 43 151 6 1253 1
256 43 216 23 6304 1
257 39 222 9 1439 1
258 43 216 15 2494 1
259 85 216 15 2494 1
260 29 212 13 1783 1
261 31 220 18 2260 1
262 10 242 14 4394 1
263 42 239 16 4170 1
264 47 242 11 3150 1
265 51 237 11 3201 1
266 59 216 15 2575 1
267 43 242 14 4392 1
268 30 225 16 4349 1
269 59 225 16 4349 1
270 58 239 10 3178 1
271 59 225 23 3612 1
272 36 225 35 10947 1
273 30 244 30 3967 1
274 58 245 27 8205 1
275 115 245 27 8205 1
276 42 228 21 6126 1
277 50 216 17 3449 1
278 108 220 18 2937 1
279 30 244 18 3318 1
280 92 239 10 1941 1
281 60 225 13 4199 1
282 58 239 26 4294 1
283 45 243 21 4361 1
284 89 243 21 4361 1
285 133 243 21 4361 1
286 30 230 9 1166 1
287 28 228 15 5109 1
288 68 221 19 3251 1
289 135 221 19 3251 1
290 53 245 40 7572 1
291 98 228 32 5088 1
292 37 243 61 19712 1
293 55 242 22 5564 1
294 31 228 18 5766 1
295 30 221 28 7210 1
296 112 212 16 3281 1
297 92 230 55 11140 1
298 58 212 32 6279 1
299 53 228 9 2247 1
300 105 228 9 2247 1
301 38 239 29 7551 1
302 31 242 17 4304 1
303 59 244 18 2462 1
304 28 212 24 6800 1
305 55 212 24 6800 1
306 82 212 24 6800 1
307 109 212 24 6800 1
308 45 216 27 8119 1
309 36 230 23 4483 1
310 8 228 10 2603 1
311 66 216 31 4445 1
312 131 216 31 4445 1
313 55 228 23 4988 1
314 109 228 23 4988 1
315 106 220 11 3089 1
316 211 220 11 3089 1
317 29 212 7 1139 1
318 8 212 20 6239 1
319 15 212 20 6239 1
320 45 221 10 2629 1
321 89 221 10 2629 1
322 60 230 17 5021 1
323 49 243 13 3314 1
324 57 245 22 7593 1
325 113 245 22 7593 1
326 169 245 22 7593 1
327 30 239 28 6256 1
328 90 243 31 10335 1
329 30 237 9 1391 1
330 52 239 20 3168 1
331 101 242 20 4009 1
332 27 230 11 1716 1
333 53 230 11 1716 1
334 28 221 26 8601 1
335 57 222 20 6350 1
336 17 221 17 5570 1
337 14 243 22 3075 1
338 27 243 22 3075 1
339 32 225 7 1158 1
340 30 225 13 3987 1
341 106 243 11 3354 1
342 31 242 15 2447 1
343 61 242 15 2447 1
344 59 244 16 2971 1
345 52 228 15 2000 1
346 57 221 40 11262 1
347 43 242 7 1685 1
348 30 242 22 6010 1
349 37 220 13 2004 1
350 53 212 19 2217 1
351 10 220 12 3227 1
352 19 220 12 3227 1
353 60 230 20 2725 1
354 105 242 11 3195 1
355 29 230 24 2904 1
356 57 230 24 2904 1
357 85 230 24 2904 1
358 113 230 24 2904 1
359 141 230 24 2904 1
360 169 230 24 2904 1
361 42 221 10 1237 1
362 45 242 29 8615 1
363 36 212 13 1678 1
364 38 216 15 2813 1
365 56 244 18 3422 1
366 11 243 21 5089 1
367 49 221 28 9111 1
368 57 239 26 6631 1
369 118 216 9 2090 1
370 42 212 29 7432 1
371 58 230 28 8959 1
372 115 230 28 8959 1
373 43 228 24 4430 1
374 85 228 24 4430 1
375 127 228 24 4430 1
376 54 225 15 2091 1
377 122 243 23 4017 1
378 111 212 8 2427 1
379 56 245 13 2189 1
380 15 221 29 7881 1
381 30 237 21 6390 1
382 28 222 4 658 1
383 46 242 14 2192 1
384 106 228 23 4916 1
385 94 237 37 9936 1
386 43 222 16 4866 1
387 2 221 17 4890 1
388 52 225 40 10154 1
389 52 245 15 2203 1
390 43 222 35 5330 1
391 59 225 9 3011 1
392 55 228 9 2745 1
393 30 243 14 4255 1
394 32 244 14 2539 1
395 30 237 15 4044 1
396 59 237 15 4044 1
397 27 244 12 2960 1
398 84 216 20 5884 1
399 86 242 33 11384 1
400 44 212 11 3131 1
401 31 225 16 3276 1
402 61 225 16 3276 1
403 91 225 16 3276 1
404 29 243 28 6383 1
405 45 212 35 7450 1
406 47 242 11 3897 1
407 42 258 22 7233 1
408 30 274 11 1718 1
409 29 268 18 3242 1
410 101 257 20 4615 1
411 37 277 10 2319 1
412 73 277 10 2319 1
413 44 258 10 2320 1
414 87 258 10 2320 1
415 130 258 10 2320 1
416 173 258 10 2320 1
417 29 261 5 1499 1
418 44 268 18 4690 1
419 93 258 25 5916 1
420 185 258 25 5916 1
421 277 258 25 5916 1
422 43 265 14 4661 1
423 85 265 14 4661 1
424 30 277 29 11324 1
425 44 258 1 335 1
426 44 255 52 11704 1
427 87 255 52 11704 1
428 44 275 17 3016 1
429 37 261 11 4192 1
430 16 265 12 2026 1
431 58 275 15 4378 1
432 29 265 16 2822 1
433 94 259 19 3851 1
434 43 259 14 3503 1
435 30 268 25 6620 1
436 44 246 13 1982 1
437 29 277 17 4799 1
438 33 268 13 4955 1
439 29 273 11 1711 1
440 51 270 25 5622 1
441 45 257 12 2879 1
442 44 277 14 2801 1
443 29 246 13 1691 1
444 65 264 5 1126 1
445 129 264 5 1126 1
446 53 260 11 3499 1
447 43 260 20 3133 1
448 33 260 18 3642 1
449 30 273 25 3555 1
450 36 255 19 6382 1
451 30 276 6 1085 1
452 29 262 14 2688 1
453 44 277 18 4090 1
454 93 274 17 6832 1
455 32 264 12 2666 1
456 15 246 29 3791 1
457 43 268 24 6800 1
458 30 255 18 4847 1
459 59 255 18 4847 1
460 28 258 19 7009 1
461 55 258 19 7009 1
462 36 265 21 8302 1
463 52 259 27 6241 1
464 31 273 22 5814 1
465 86 270 18 5289 1
466 57 246 5 1011 1
467 38 264 15 4131 1
468 29 258 12 3061 1
469 36 274 17 6627 1
470 30 258 12 2396 1
471 12 257 30 11497 1
472 23 257 30 11497 1
473 164 246 9 2782 1
474 20 270 21 8423 1
475 39 270 21 8423 1
476 58 258 15 3424 1
477 115 258 15 3424 1
478 36 265 13 4815 1
479 57 264 17 5486 1
480 34 258 11 2613 1
481 49 275 22 8101 1
482 99 276 16 5976 1
483 197 276 16 5976 1
484 26 277 15 5524 1
485 61 277 22 5736 1
486 121 277 22 5736 1
487 43 259 21 2750 1
488 57 277 24 4062 1
489 97 275 5 1640 1
490 44 259 14 4034 1
491 87 259 14 4034 1
492 130 259 14 4034 1
493 37 277 15 3167 1
494 96 264 13 3360 1
495 36 274 8 1584 1
496 71 274 8 1584 1
497 195 267 14 4614 1
498 37 255 9 3399 1
499 30 260 11 1720 1
500 45 246 19 3667 1
501 38 270 11 4096 1
502 95 268 15 3462 1
503 189 268 15 3462 1
504 283 268 15 3462 1
505 30 257 20 4786 1
506 44 255 15 5708 1
507 62 267 19 3960 1
508 30 265 13 4315 1
509 28 274 15 2622 1
510 30 277 29 11850 1
511 59 277 29 11850 1
512 88 277 29 11850 1
513 36 264 25 9610 1
514 15 275 16 2800 1
515 42 273 9 1829 1
516 92 267 13 4388 1
517 108 270 17 3411 1
518 100 262 21 5540 1
519 30 270 12 2268 1
520 29 259 27 4193 1
521 96 277 25 9531 1
522 37 246 14 2488 1
523 37 274 14 3635 1
524 44 261 9 2755 1
525 16 260 11 2891 1
526 95 276 9 2723 1
527 30 270 26 10094 1
528 98 261 9 3323 1
529 29 257 17 5465 1
530 14 260 25 5435 1
531 27 260 25 5435 1
532 30 258 17 3818 1
533 59 258 17 3818 1
534 51 276 9 2626 1
535 30 267 17 3583 1
536 30 274 20 3910 1
537 98 267 16 2529 1
538 195 267 16 2529 1
539 29 276 7 1778 1
540 37 270 24 7962 1
541 93 273 20 6045 1
542 51 262 22 5718 1
543 50 277 17 6329 1
544 49 277 15 4751 1
545 29 267 12 3683 1
546 57 267 12 3683 1
547 85 267 12 3683 1
548 36 268 24 5517 1
549 51 259 22 7108 1
550 29 265 28 6133 1
551 66 261 29 9713 1
552 29 275 26 3628 1
553 57 275 26 3628 1
554 93 259 15 4515 1
555 50 273 12 3773 1
556 57 277 20 5257 1
557 96 277 8 1186 1
558 50 258 17 3868 1
559 29 262 17 6678 1
560 57 262 17 6678 1
561 43 276 22 7605 1
562 44 274 19 5451 1
563 87 274 19 5451 1
564 29 264 5 1773 1
565 51 264 11 3688 1
566 87 268 14 4347 1
567 173 268 14 4347 1
568 49 277 13 4706 1
569 29 267 21 7335 1
570 57 267 21 7335 1
571 41 264 21 4555 1
572 44 260 10 1467 1
573 110 262 26 9978 1
574 58 260 6 2094 1
575 44 275 8 2350 1
576 9 246 6 1327 1
577 88 255 25 4455 1
578 175 255 25 4455 1
579 51 259 18 5989 1
580 37 262 15 2165 1
581 37 261 12 3461 1
582 36 260 23 6058 1
583 90 261 18 2598 1
584 23 260 12 4324 1
585 45 260 12 4324 1
586 36 275 17 3061 1
587 52 258 8 1386 1
588 89 268 10 1608 1
589 58 291 16 3728 1
590 37 292 9 2749 1
591 37 291 10 1973 1
592 58 285 28 7680 1
593 115 285 28 7680 1
594 172 285 28 7680 1
595 44 293 11 2696 1
596 45 284 28 6451 1
597 31 279 12 2347 1
598 97 278 19 7758 1
599 56 286 26 7223 1
600 111 286 26 7223 1
601 28 291 19 5599 1
602 31 299 11 3628 1
603 61 299 11 3628 1
604 42 294 23 3825 1
605 43 281 6 2349 1
606 30 292 37 14373 1
607 57 286 22 3627 1
608 113 286 22 3627 1
609 56 291 23 3787 1
610 29 292 21 3613 1
611 57 284 32 10766 1
612 58 282 17 4958 1
613 59 300 20 5830 1
614 117 300 20 5830 1
615 175 300 20 5830 1
616 91 278 23 6417 1
617 43 278 7 978 1
618 57 282 9 1343 1
619 42 284 15 5548 1
620 30 291 13 2169 1
621 58 281 12 1802 1
622 59 291 11 2435 1
623 45 299 11 3651 1
624 29 299 17 5121 1
625 57 286 19 6019 1
626 67 282 13 2355 1
627 29 278 8 2270 1
628 57 291 15 4961 1
629 22 293 10 1833 1
630 149 281 19 3999 1
631 58 278 19 6029 1
632 31 279 18 4823 1
633 29 278 16 5025 1
634 60 291 21 6483 1
635 58 284 26 6180 1
636 28 291 16 3230 1
637 29 300 12 5003 1
638 31 285 13 3735 1
639 58 293 11 1863 1
640 58 292 17 6605 1
641 38 282 14 5747 1
642 58 292 10 3270 1
643 29 284 7 1945 1
644 28 282 18 4196 1
645 55 282 18 4196 1
646 43 294 18 6017 1
647 58 292 18 4268 1
648 30 300 43 7719 1
649 57 281 14 5775 1
650 113 281 14 5775 1
651 30 293 12 4954 1
652 36 292 16 3110 1
653 58 292 19 7383 1
654 57 299 7 2827 1
655 113 299 7 2827 1
656 58 285 15 6080 1
657 115 285 15 6080 1
658 50 294 10 3153 1
659 43 299 22 6867 1
660 30 286 20 6415 1
661 39 294 18 6680 1
662 30 285 22 3839 1
663 56 281 21 4198 1
664 111 281 21 4198 1
665 31 293 11 2839 1
666 43 282 23 7972 1
667 85 282 23 7972 1
668 58 292 16 6336 1
669 29 299 19 7838 1
670 57 294 22 4217 1
671 58 285 18 3157 1
672 56 279 11 1845 1
673 58 279 17 7042 1
674 29 279 14 2152 1
675 55 282 10 2064 1
676 109 282 10 2064 1
677 58 284 23 7052 1
678 59 284 12 3079 1
679 117 284 12 3079 1
680 36 294 8 1412 1
681 29 292 28 7269 1
682 56 286 17 7123 1
683 19 286 13 3497 1
684 31 286 12 4716 1
685 105 282 15 3104 1
686 44 292 12 5153 1
687 56 282 12 2002 1
688 111 282 12 2002 1
689 166 282 12 2002 1
690 221 282 12 2002 1
691 98 284 8 2831 1
692 37 294 12 3686 1
693 31 281 26 8116 1
694 119 294 10 2484 1
695 58 299 11 4824 1
696 115 299 11 4824 1
697 8 299 8 3374 1
698 29 293 9 2757 1
699 57 293 9 2757 1
700 57 282 21 6895 1
701 57 278 26 8904 1
702 44 284 10 2962 1
703 59 282 26 8844 1
704 117 282 26 8844 1
705 56 291 13 5155 1
706 21 293 23 8005 1
707 41 293 23 8005 1
708 57 281 10 2399 1
709 29 292 18 6525 1
710 58 282 12 2910 1
711 115 282 12 2910 1
712 120 281 34 12545 1
713 152 300 15 5983 1
714 64 294 14 4805 1
715 58 286 19 3221 1
716 30 292 16 6627 1
717 31 291 15 3342 1
718 58 282 10 3002 1
719 29 291 19 7919 1
720 29 294 15 2569 1
721 29 292 7 1421 1
722 58 286 11 2988 1
723 32 282 11 4390 1
724 58 278 22 3153 1
725 53 284 29 8686 1
726 72 278 14 5153 1
727 83 281 17 6072 1
728 27 299 7 1836 1
729 42 284 10 2082 1
730 58 300 14 2690 1
731 20 285 29 11249 1
732 89 285 18 6178 1
733 58 279 10 3150 1
734 43 282 8 3118 1
735 29 286 21 6525 1
736 37 294 19 3456 1
737 9 278 8 2573 1
738 57 300 38 12570 1
739 113 300 38 12570 1
740 56 293 7 1382 1
741 57 300 21 6400 1
742 57 278 15 4837 1
743 29 281 25 6837 1
744 57 291 17 5026 1
745 58 292 32 9704 1
746 115 292 32 9704 1
747 172 292 32 9704 1
748 31 281 9 2732 1
749 129 299 20 8942 1
750 50 333 16 5850 1
751 58 318 10 2206 1
752 79 334 52 24801 1
753 51 333 19 5595 1
754 101 333 19 5595 1
755 105 316 23 9772 1
756 58 365 26 6207 1
757 57 335 16 3803 1
758 57 303 15 5852 1
759 36 365 58 22737 1
760 36 368 23 5455 1
761 21 335 32 11855 1
762 58 323 18 8393 1
763 78 338 20 5915 1
764 36 349 48 21552 1
765 58 337 33 15116 1
766 57 334 30 14785 1
767 51 366 15 3697 1
768 57 331 23 5710 1
769 16 335 20 9233 1
770 115 349 15 5744 1
771 16 338 11 2710 1
772 57 363 14 7469 1
773 36 305 42 11322 1
774 71 305 42 11322 1
775 15 316 37 9541 1
776 60 365 30 11025 1
777 73 318 25 5064 1
778 78 323 33 7909 1
779 15 335 10 3508 1
780 14 318 33 5305 1
781 85 368 43 11573 1
782 36 336 31 8547 1
783 87 349 25 8153 1
784 173 349 25 8153 1
785 36 331 15 6466 1
786 14 303 14 2486 1
787 74 366 17 7846 1
788 58 349 17 6452 1
789 49 338 25 8769 1
790 15 303 14 2130 1
791 78 349 13 5607 1
792 123 365 16 2971 1
793 58 303 19 5943 1
794 37 318 7 2502 1
795 57 304 14 5851 1
796 57 337 14 4064 1
797 14 323 19 7645 1
798 91 349 27 11371 1
799 181 349 27 11371 1
800 78 349 22 11209 1
801 51 305 34 13982 1
802 57 316 14 4419 1
803 37 336 15 5361 1
804 15 333 17 6685 1
805 14 305 28 10578 1
806 51 316 33 13166 1
807 101 316 33 13166 1
808 80 331 26 8958 1
809 159 331 26 8958 1
810 78 323 11 4129 1
811 14 366 23 12477 1
812 57 336 35 11790 1
813 78 349 15 5483 1
814 57 332 12 5561 1
815 79 349 44 22041 1
816 15 333 20 4353 1
817 57 365 30 9654 1
818 111 332 27 11720 1
819 14 363 34 8865 1
820 27 363 34 8865 1
821 79 338 12 4815 1
822 74 324 9 1608 1
823 60 338 28 8500 1
824 86 316 14 4415 1
825 63 349 21 8582 1
826 87 366 35 13655 1
827 74 333 14 5806 1
828 15 335 26 12561 1
829 51 338 16 3110 1
830 101 338 16 3110 1
831 50 336 15 3565 1
832 79 364 24 10368 1
833 58 349 29 9786 1
834 115 349 29 9786 1
835 172 349 29 9786 1
836 117 365 30 11817 1
837 15 366 43 10406 1
838 13 318 23 8810 1
839 15 324 27 4916 1
840 29 324 27 4916 1
841 114 333 17 5896 1
842 57 336 19 8885 1
843 78 337 27 9647 1
844 63 333 19 8730 1
845 58 318 18 3200 1
846 57 363 21 9594 1
847 113 363 21 9594 1
848 15 333 18 7960 1
849 35 303 30 8543 1
850 104 337 31 12371 1
851 51 304 17 5092 1
852 57 337 20 7888 1
853 59 331 18 6876 1
854 117 316 25 5455 1
855 36 336 18 7853 1
856 57 334 33 13744 1
857 113 334 33 13744 1
858 15 318 26 11403 1
859 75 366 37 10294 1
860 71 324 62 18578 1
861 78 364 19 3975 1
862 78 324 24 7756 1
863 36 337 73 35497 1
864 36 349 37 13892 1
865 120 338 36 9832 1
866 36 337 21 8241 1
867 194 366 15 4548 1
868 15 331 25 6182 1
869 57 338 14 4122 1
870 106 336 48 23837 1
871 51 323 34 12464 1
872 37 366 18 5962 1
873 73 366 18 5962 1
874 78 331 10 4347 1
875 14 364 16 7051 1
876 93 349 21 7296 1
877 78 338 7 1719 1
878 50 334 18 3973 1
879 58 324 31 7994 1
880 58 324 23 7386 1
881 57 363 35 8353 1
882 50 364 23 5281 1
883 106 332 22 8425 1
884 36 349 27 12555 1
885 56 323 14 2712 1
886 37 304 40 13535 1
887 110 366 34 12927 1
888 219 366 34 12927 1
889 328 366 34 12927 1
890 75 336 51 18207 1
891 13 303 20 7459 1
892 57 338 23 7921 1
893 50 305 14 2525 1
894 99 305 14 2525 1
895 16 366 43 11708 1
896 14 365 26 13688 1
897 71 304 35 14651 1
898 141 304 35 14651 1
899 36 338 17 3686 1
900 84 331 26 10184 1
901 79 324 47 13316 1
902 58 337 20 8617 1
903 78 331 29 9881 1
904 59 336 47 17653 1
905 114 349 33 11803 1
906 97 332 30 13683 1
907 78 316 20 4916 1
908 88 304 19 8509 1
909 59 318 44 14350 1
910 57 318 10 3108 1
911 113 318 10 3108 1
912 169 318 10 3108 1
913 225 318 10 3108 1
914 13 304 22 6673 1
915 90 368 27 8537 1
916 57 316 16 4572 1
917 113 316 16 4572 1
918 13 318 19 6993 1
919 110 316 27 7998 1
920 78 334 20 3788 1
921 79 336 28 8570 1
922 89 304 25 3878 1
923 37 363 29 10316 1
924 50 337 32 7911 1
925 36 331 17 4833 1
926 56 335 18 3398 1
927 16 334 11 2405 1
928 107 368 15 3840 1
929 213 368 15 3840 1
930 53 366 28 6556 1
931 24 324 9 2790 1
932 14 365 37 14039 1
933 87 365 14 3341 1
934 50 349 14 3837 1
935 78 332 22 9630 1
936 88 332 27 9937 1
937 175 332 27 9937 1
938 78 336 13 4731 1
939 79 334 21 6772 1
940 63 323 20 8480 1
941 37 335 45 15333 1
942 36 331 25 4502 1
943 20 303 32 13917 1
944 16 323 14 3773 1
945 57 323 13 2657 1
946 113 323 13 2657 1
947 58 336 37 12209 1
948 79 316 32 11518 1
949 59 335 15 4327 1
950 117 335 15 4327 1
951 58 368 25 7830 1
952 114 366 24 5659 1
953 56 334 41 18641 1
954 111 334 41 18641 1
955 36 365 16 6911 1
956 15 334 37 7298 1
957 50 368 15 5241 1
958 16 364 28 7792 1
959 58 338 17 4148 1
960 14 333 22 9650 1
961 79 335 20 4702 1
962 59 337 15 4294 1
963 84 365 12 2902 1
964 51 334 16 6849 1
965 78 324 27 11662 1
966 155 324 27 11662 1
967 118 316 15 4964 1
968 51 331 15 7174 1
969 101 331 15 7174 1
970 57 338 21 9917 1
971 112 335 36 17724 1
972 50 349 9 2044 1
973 99 349 9 2044 1
974 106 335 23 8314 1
975 12 303 18 5572 1
976 111 335 24 5817 1
977 221 335 24 5817 1
978 14 334 31 5811 1
979 37 336 48 12290 1
980 57 304 25 6855 1
981 37 364 24 9850 1
982 50 349 30 14078 1
983 99 349 30 14078 1
984 14 323 23 10472 1
985 60 336 50 12089 1
986 84 335 27 7105 1
987 36 364 12 4417 1
988 37 337 26 6814 1
989 38 349 19 9408 1
990 86 398 34 15033 1
991 74 395 18 7139 1
992 79 399 31 12129 1
993 157 399 31 12129 1
994 235 399 31 12129 1
995 110 397 25 14126 1
996 79 396 22 6739 1
997 79 399 60 34688 1
998 78 397 16 7407 1
999 79 399 22 7342 1
1000 157 399 22 7342 1
1001 85 395 23 11708 1
1002 91 395 41 21429 1
1003 91 396 20 10442 1
1004 85 398 56 13591 1
1005 90 396 41 15519 1
1006 87 397 29 12576 1
1007 90 399 26 8266 1
1008 109 396 17 9858 1
1009 80 397 40 23711 1
1010 159 397 40 23711 1
1011 238 397 40 23711 1
1012 90 395 21 4365 1
1013 87 395 20 5887 1
1014 9 396 16 9384 1
1015 84 398 22 11889 1
1016 167 398 22 11889 1
1017 79 398 28 13359 1
1018 78 396 21 8194 1
1019 87 398 18 3892 1
1020 173 398 18 3892 1
1021 80 399 28 8468 1
1022 79 396 28 12069 1
1023 89 396 35 11344 1
1024 162 395 31 8499 1
1025 176 397 30 8575 1
1026 80 397 27 12880 1
1027 159 397 27 12880 1
1028 238 397 27 12880 1
1029 317 397 27 12880 1
1030 171 399 52 15205 1
1031 90 395 16 6870 1
1032 179 395 16 6870 1
1033 79 399 32 18192 1
1034 90 395 35 17531 1
1035 179 395 35 17531 1
1036 15 395 27 15620 1
14
503 620 807 620 700 205 255 700 700 700 700 700 200 460 