1036
1 15 118 43 2907 1
2 29 118 43 2907 1
3 43 118 43 2907 1
4 57 118 43 2907 1
5 15 138 9 1433 1
6 9 125 8 1234 1
7 17 125 8 1234 1
8 25 125 8 1234 1
9 33 125 8 1234 1
10 41 125 8 1234 1
11 16 134 17 3038 1
12 9 138 3 325 1
13 21 132 5 383 1
14 10 133 8 820 1
15 9 137 36 3138 1
16 9 132 10 1523 1
17 8 138 7 1168 1
18 2 140 21 2809 1
19 9 133 77 14139 1
20 9 140 7 596 1
21 23 138 32 3764 1
22 26 140 11 1800 1
23 18 129 11 1710 1
24 35 129 11 1710 1
25 52 129 11 1710 1
26 31 125 8 1406 1
27 8 129 21 2304 1
28 19 140 10 1443 1
29 37 140 10 1443 1
30 55 140 10 1443 1
31 73 140 10 1443 1
32 20 129 33 3114 1
33 18 132 6 1067 1
34 26 134 42 7667 1
35 51 134 42 7667 1
36 3 138 43 7056 1
37 14 138 58 6489 1
38 24 129 16 1742 1
39 16 118 10 929 1
40 25 133 12 1451 1
41 49 133 12 1451 1
42 17 138 14 1853 1
43 27 134 20 3121 1
44 53 134 20 3121 1
45 30 132 5 689 1
46 59 132 5 689 1
47 24 137 3 436 1
48 15 138 5 943 1
49 13 140 16 3356 1
50 66 125 5 483 1
51 21 132 8 1582 1
52 2 118 4 379 1
53 25 140 14 2745 1
54 49 140 14 2745 1
55 73 140 14 2745 1
56 97 140 14 2745 1
57 29 134 7 1374 1
58 8 129 14 2293 1
59 15 129 14 2293 1
60 9 129 99 18491 1
61 2 125 9 1334 1
62 1 134 18 3083 1
63 12 134 9 1692 1
64 23 134 9 1692 1
65 22 132 9 1722 1
66 24 118 5 784 1
67 47 118 5 784 1
68 9 134 35 4177 1
69 7 138 24 4442 1
70 13 138 24 4442 1
71 9 134 6 976 1
72 17 134 6 976 1
73 9 134 29 4808 1
74 19 118 13 1745 1
75 37 118 13 1745 1
76 55 118 13 1745 1
77 20 132 21 2851 1
78 13 133 14 1535 1
79 9 138 11 1464 1
80 11 137 6 620 1
81 2 134 4 722 1
82 3 134 4 722 1
83 4 134 4 722 1
84 8 133 37 6311 1
85 3 129 9 1436 1
86 5 129 9 1436 1
87 22 118 9 546 1
88 12 132 12 882 1
89 23 132 12 882 1
90 9 140 21 4263 1
91 11 134 9 1036 1
92 8 140 6 1030 1
93 15 140 6 1030 1
94 22 140 6 1030 1
95 8 129 4 342 1
96 9 140 23 4393 1
97 17 140 23 4393 1
98 15 125 11 1065 1
99 9 137 17 2503 1
100 17 137 17 2503 1
101 2 129 23 4386 1
102 67 203 13 3167 1
103 133 203 13 3167 1
104 44 188 14 3415 1
105 87 188 14 3415 1
106 42 194 12 3488 1
107 83 194 12 3488 1
108 124 194 12 3488 1
109 165 194 12 3488 1
110 43 205 9 1848 1
111 44 203 28 6757 1
112 87 203 28 6757 1
113 130 203 28 6757 1
114 173 203 28 6757 1
115 18 170 26 2978 1
116 244 202 17 2365 1
117 44 188 8 1189 1
118 87 188 8 1189 1
119 31 210 10 2860 1
120 61 210 10 2860 1
121 19 178 11 2462 1
122 44 205 6 1427 1
123 87 205 6 1427 1
124 51 207 10 1541 1
125 101 207 10 1541 1
126 7 178 10 978 1
127 8 202 16 4032 1
128 38 177 14 2391 1
129 75 177 14 2391 1
130 6 208 16 2413 1
131 43 177 13 2977 1
132 85 177 13 2977 1
133 127 177 13 2977 1
134 45 178 12 1676 1
135 19 205 23 5342 1
136 37 205 23 5342 1
137 55 205 23 5342 1
138 17 199 23 4196 1
139 44 208 36 6615 1
140 20 199 15 2232 1
141 22 188 22 4794 1
142 96 204 11 3302 1
143 44 167 19 4456 1
144 16 181 12 2576 1
145 23 202 14 3737 1
146 24 184 29 4994 1
147 6 194 19 2247 1
148 50 195 17 4191 1
149 23 197 47 8839 1
150 6 171 12 2248 1
151 45 184 19 2601 1
152 6 177 10 2139 1
153 43 178 7 1247 1
154 85 178 7 1247 1
155 17 167 47 7456 1
156 44 197 18 2527 1
157 18 149 13 1675 1
158 44 204 20 2168 1
159 6 178 18 3961 1
160 38 190 14 2748 1
161 43 167 12 2229 1
162 16 202 14 3151 1
163 31 202 14 3151 1
164 44 202 8 987 1
165 44 197 14 3839 1
166 87 197 14 3839 1
167 13 194 27 6860 1
168 25 194 27 6860 1
169 43 151 34 6298 1
170 44 170 6 1256 1
171 87 170 6 1256 1
172 130 170 6 1256 1
173 16 161 16 3208 1
174 31 161 16 3208 1
175 16 207 18 2165 1
176 31 207 18 2165 1
177 44 161 11 1333 1
178 87 161 11 1333 1
179 44 184 29 7952 1
180 87 184 29 7952 1
181 43 151 12 1426 1
182 44 208 20 2774 1
183 87 208 20 2774 1
184 130 208 20 2774 1
185 23 199 14 2264 1
186 43 199 19 2677 1
187 7 167 18 4003 1
188 13 167 18 4003 1
189 43 184 6 1419 1
190 43 171 10 1267 1
191 43 184 7 1733 1
192 85 184 7 1733 1
193 7 167 15 2922 1
194 14 208 14 2725 1
195 231 187 14 2057 1
196 44 204 16 2009 1
197 45 210 33 7846 1
198 45 195 18 1796 1
199 65 178 13 1439 1
200 46 195 64 15774 1
201 5 177 14 3097 1
202 44 199 11 2894 1
203 21 199 47 8805 1
204 44 210 12 3461 1
205 87 210 12 3461 1
206 44 178 17 2896 1
207 87 178 17 2896 1
208 130 178 17 2896 1
209 173 178 17 2896 1
210 90 184 26 3602 1
211 43 149 8 1733 1
212 17 190 9 1050 1
213 23 195 18 3992 1
214 43 187 20 4256 1
215 85 187 20 4256 1
216 68 197 11 1702 1
217 45 187 10 968 1
218 32 184 5 1245 1
219 22 187 14 1423 1
220 4 203 16 4347 1
221 44 171 10 1894 1
222 23 181 11 2270 1
223 390 207 13 1790 1
224 43 149 22 4448 1
225 85 149 22 4448 1
226 18 151 22 4049 1
227 17 151 8 669 1
228 44 184 9 940 1
229 43 190 20 5332 1
230 18 170 21 2122 1
231 55 171 11 1886 1
232 47 184 11 3006 1
233 44 202 8 2370 1
234 19 184 29 4593 1
235 7 195 30 7951 1
236 67 190 7 1075 1
237 44 170 8 1956 1
238 87 170 8 1956 1
239 130 170 8 1956 1
240 173 170 8 1956 1
241 44 202 76 21175 1
242 42 190 24 5899 1
243 44 151 15 1179 1
244 44 190 11 1960 1
245 87 190 11 1960 1
246 130 190 11 1960 1
247 45 187 6 959 1
248 20 190 16 2186 1
249 39 190 16 2186 1
250 44 208 13 3094 1
251 87 208 13 3094 1
252 34 177 17 1973 1
253 43 210 18 5594 1
254 85 210 18 5594 1
255 43 181 17 4047 1
256 30 245 19 5766 1
257 105 216 9 1015 1
258 57 212 24 4302 1
259 59 239 30 4892 1
260 102 228 24 4649 1
261 203 228 24 4649 1
262 30 245 16 4147 1
263 43 245 36 8864 1
264 43 242 25 4420 1
265 30 216 17 2989 1
266 43 244 20 4413 1
267 85 244 20 4413 1
268 37 222 11 1766 1
269 30 243 27 6675 1
270 59 243 27 6675 1
271 29 222 21 5417 1
272 57 222 21 5417 1
273 53 242 17 5623 1
274 43 212 16 3221 1
275 12 244 31 10114 1
276 50 237 12 3483 1
277 99 237 12 3483 1
278 148 237 12 3483 1
279 82 230 10 2534 1
280 57 244 42 6631 1
281 39 216 11 2004 1
282 56 216 19 2574 1
283 111 216 19 2574 1
284 43 228 13 2667 1
285 48 237 22 7455 1
286 59 244 7 1609 1
287 32 239 17 3045 1
288 63 239 17 3045 1
289 105 243 12 3023 1
290 29 242 13 2996 1
291 8 230 13 4303 1
292 63 244 36 10018 1
293 125 244 36 10018 1
294 50 228 13 2466 1
295 28 220 12 1761 1
296 31 244 17 2900 1
297 129 221 20 3748 1
298 257 221 20 3748 1
299 8 216 9 2699 1
300 15 216 9 2699 1
301 57 237 19 6653 1
302 53 222 8 2578 1
303 44 243 9 2845 1
304 87 243 9 2845 1
305 130 243 9 2845 1
306 61 243 15 5179 1
307 121 243 15 5179 1
308 43 212 37 10017 1
309 100 212 12 1444 1
310 90 239 30 5267 1
311 179 239 30 5267 1
312 29 237 16 4350 1
313 57 237 16 4350 1
314 77 239 16 2493 1
315 58 245 13 2433 1
316 58 225 26 5518 1
317 7 243 20 6694 1
318 12 243 15 4164 1
319 13 228 16 2162 1
320 58 239 27 7998 1
321 44 220 15 4627 1
322 93 239 10 2178 1
323 108 242 21 5150 1
324 215 242 21 5150 1
325 57 244 24 5631 1
326 43 237 26 7191 1
327 43 237 20 4892 1
328 38 242 17 5263 1
329 44 220 19 2539 1
330 59 222 16 4728 1
331 56 221 14 1658 1
332 57 228 24 5824 1
333 56 243 19 5565 1
334 114 212 10 1777 1
335 53 239 24 4033 1
336 50 239 16 4499 1
337 54 243 15 5128 1
338 107 243 15 5128 1
339 28 212 11 3485 1
340 44 242 11 2354 1
341 22 221 27 5343 1
342 38 212 20 5144 1
343 43 220 13 3301 1
344 44 222 16 2633 1
345 64 212 13 1674 1
346 53 237 22 5718 1
347 59 220 31 8676 1
348 4 212 20 6101 1
349 30 239 28 6033 1
350 57 222 9 2271 1
351 31 243 13 2165 1
352 52 239 9 1707 1
353 9 244 13 2076 1
354 13 212 13 1603 1
355 104 212 28 3016 1
356 207 212 28 3016 1
357 64 245 4 1356 1
358 127 245 4 1356 1
359 116 230 19 3251 1
360 57 237 17 2970 1
361 29 237 19 4378 1
362 45 216 15 4002 1
363 89 216 15 4002 1
364 133 216 15 4002 1
365 42 245 20 4991 1
366 31 225 14 4317 1
367 30 242 59 16475 1
368 51 212 14 1852 1
369 30 237 26 8146 1
370 59 237 26 8146 1
371 37 237 61 17378 1
372 12 220 7 1845 1
373 101 221 29 3828 1
374 103 221 41 13027 1
375 37 245 15 3849 1
376 44 228 17 2901 1
377 13 245 22 7583 1
378 29 228 14 3138 1
379 28 212 25 3429 1
380 29 222 26 4023 1
381 43 245 20 3397 1
382 48 243 43 15534 1
383 28 243 20 3545 1
384 57 230 16 1974 1
385 50 243 13 3228 1
386 99 243 13 3228 1
387 58 222 20 2360 1
388 48 245 17 2138 1
389 57 212 6 1436 1
390 29 216 11 2619 1
391 56 239 28 9148 1
392 14 216 16 1761 1
393 27 216 16 1761 1
394 43 228 11 3110 1
395 58 220 27 4822 1
396 115 220 27 4822 1
397 44 216 10 2912 1
398 44 237 19 3666 1
399 29 228 11 3281 1
400 8 244 14 5005 1
401 15 244 14 5005 1
402 42 216 22 3706 1
403 43 216 31 9184 1
404 44 245 19 2620 1
405 30 243 8 2421 1
406 18 216 16 2962 1
407 94 261 5 1913 1
408 99 246 15 2086 1
409 50 265 26 9453 1
410 100 261 19 3536 1
411 107 265 22 4648 1
412 29 267 19 7481 1
413 57 275 21 6763 1
414 43 261 15 3025 1
415 110 259 20 7000 1
416 57 273 18 6881 1
417 30 276 15 2614 1
418 43 262 15 4970 1
419 30 275 1 397 1
420 44 259 22 3885 1
421 57 270 13 4057 1
422 85 261 4 922 1
423 61 270 8 1824 1
424 40 268 27 9619 1
425 43 259 18 2702 1
426 49 274 15 5461 1
427 44 276 1 255 1
428 94 258 2 729 1
429 29 255 15 3709 1
430 15 246 7 1010 1
431 97 246 22 4848 1
432 51 270 11 3083 1
433 58 261 13 2872 1
434 52 275 14 5683 1
435 29 268 19 3418 1
436 44 260 9 2585 1
437 93 274 22 8909 1
438 111 267 19 5737 1
439 30 257 10 1656 1
440 43 274 14 2001 1
441 103 255 5 1891 1
442 58 270 20 5920 1
443 31 262 24 3576 1
444 61 262 24 3576 1
445 17 262 21 4572 1
446 115 255 12 2391 1
447 23 277 14 2504 1
448 43 276 16 4515 1
449 51 264 10 2883 1
450 58 257 22 7625 1
451 58 274 18 5422 1
452 29 260 10 2665 1
453 36 277 24 4922 1
454 50 273 30 4691 1
455 107 273 12 1987 1
456 50 277 16 6314 1
457 99 277 16 6314 1
458 41 255 25 3357 1
459 81 255 25 3357 1
460 43 265 12 2368 1
461 85 265 12 2368 1
462 101 264 19 6678 1
463 30 246 1 141 1
464 59 246 1 141 1
465 41 264 13 4879 1
466 45 260 18 6773 1
467 36 258 27 4626 1
468 13 270 18 2818 1
469 25 270 18 2818 1
470 37 270 18 2818 1
471 58 264 26 10096 1
472 27 275 21 4211 1
473 36 246 19 2916 1
474 36 261 16 2926 1
475 44 260 20 4221 1
476 30 270 13 2858 1
477 43 255 7 2215 1
478 59 246 10 2996 1
479 44 268 29 4317 1
480 50 258 17 4161 1
481 37 274 20 5568 1
482 37 273 25 4356 1
483 88 259 31 6188 1
484 175 259 31 6188 1
485 53 277 25 7019 1
486 105 277 25 7019 1
487 25 259 14 4780 1
488 49 259 14 4780 1
489 73 259 14 4780 1
490 97 259 14 4780 1
491 96 274 20 5910 1
492 46 265 24 7633 1
493 39 260 19 5388 1
494 32 255 12 4004 1
495 95 255 3 855 1
496 29 277 11 3264 1
497 30 268 9 1719 1
498 15 265 20 6350 1
499 15 260 9 1791 1
500 51 276 18 2725 1
501 18 275 13 4243 1
502 49 265 10 2549 1
503 37 261 22 5759 1
504 44 270 12 3047 1
505 36 264 9 3004 1
506 71 264 9 3004 1
507 16 258 18 2600 1
508 105 273 5 991 1
509 30 276 10 1597 1
510 51 264 18 4501 1
511 101 264 18 4501 1
512 53 267 23 4190 1
513 105 267 23 4190 1
514 157 267 23 4190 1
515 38 274 16 2802 1
516 50 257 19 6394 1
517 102 265 25 5496 1
518 15 277 13 3362 1
519 54 270 19 5308 1
520 88 268 19 7203 1
521 45 267 12 3962 1
522 43 275 14 3263 1
523 29 255 20 4629 1
524 51 276 17 2959 1
525 105 267 16 6190 1
526 29 257 20 4967 1
527 49 273 16 2325 1
528 97 273 16 2325 1
529 15 276 19 6848 1
530 44 270 14 2767 1
531 36 275 21 7640 1
532 48 273 21 6749 1
533 37 276 23 3573 1
534 53 262 15 5569 1
535 105 262 15 5569 1
536 89 257 10 2416 1
537 16 264 19 4069 1
538 35 273 25 3758 1
539 30 264 11 3488 1
540 57 262 23 8636 1
541 27 268 24 5363 1
542 88 255 14 2467 1
543 44 262 21 3282 1
544 43 273 16 4138 1
545 51 264 14 3878 1
546 43 261 13 2893 1
547 50 261 15 5692 1
548 36 262 31 9330 1
549 44 246 24 6860 1
550 65 276 24 8873 1
551 129 276 24 8873 1
552 30 267 13 3804 1
553 59 267 13 3804 1
554 88 267 13 3804 1
555 99 264 13 3604 1
556 88 262 21 6047 1
557 37 258 10 1620 1
558 99 268 11 1676 1
559 29 262 17 6037 1
560 49 260 6 1145 1
561 37 268 10 3369 1
562 51 273 16 5456 1
563 15 258 21 7538 1
564 37 277 16 5554 1
565 44 268 11 1498 1
566 52 270 11 2584 1
567 103 270 11 2584 1
568 57 274 27 9518 1
569 51 265 18 3503 1
570 30 276 27 5286 1
571 16 261 11 3850 1
572 51 274 22 5244 1
573 36 265 20 7295 1
574 71 265 20 7295 1
575 102 261 22 4653 1
576 203 261 22 4653 1
577 29 259 24 9322 1
578 37 273 12 2770 1
579 36 276 12 4514 1
580 43 276 24 9235 1
581 29 262 14 4167 1
582 57 262 14 4167 1
583 29 255 11 2126 1
584 16 274 21 3834 1
585 29 258 19 4294 1
586 44 255 21 4729 1
587 30 260 13 4687 1
588 43 270 12 2491 1
589 29 286 15 2412 1
590 89 294 7 1773 1
591 59 278 18 7203 1
592 117 278 18 7203 1
593 249 292 26 7415 1
594 102 284 22 5036 1
595 43 284 18 6211 1
596 30 293 13 2153 1
597 59 293 13 2153 1
598 24 291 25 7902 1
599 29 285 7 2364 1
600 59 285 11 2122 1
601 204 286 21 6131 1
602 108 291 18 7751 1
603 30 292 23 6109 1
604 25 300 36 11627 1
605 49 300 36 11627 1
606 73 300 36 11627 1
607 57 286 22 7305 1
608 56 300 21 7913 1
609 38 282 19 5718 1
610 30 286 9 3141 1
611 59 286 9 3141 1
612 44 278 13 5206 1
613 60 278 25 8510 1
614 31 282 18 4777 1
615 58 286 14 5278 1
616 115 286 14 5278 1
617 214 281 25 6849 1
618 31 293 13 5424 1
619 44 291 16 6782 1
620 57 284 14 5079 1
621 250 294 10 3016 1
622 30 286 12 2306 1
623 43 294 17 6953 1
624 29 291 36 13717 1
625 44 281 11 3680 1
626 87 281 11 3680 1
627 29 286 17 3730 1
628 31 278 15 5611 1
629 59 278 22 4194 1
630 43 291 11 3504 1
631 74 282 15 3735 1
632 29 278 10 3817 1
633 62 300 15 3467 1
634 123 300 15 3467 1
635 58 284 19 3298 1
636 57 279 18 3898 1
637 43 285 12 1762 1
638 160 293 27 8982 1
639 96 282 21 6911 1
640 36 294 31 7023 1
641 56 294 15 3981 1
642 58 285 16 5605 1
643 115 285 16 5605 1
644 32 282 14 2697 1
645 58 282 24 9711 1
646 91 285 7 1838 1
647 22 286 25 7062 1
648 43 282 18 6639 1
649 59 279 18 6510 1
650 37 300 16 6176 1
651 29 279 10 2080 1
652 57 279 10 2080 1
653 35 291 16 4217 1
654 102 282 15 4295 1
655 58 294 17 6800 1
656 43 278 16 5240 1
657 29 293 16 2511 1
658 59 284 18 6402 1
659 28 278 7 2613 1
660 58 286 10 3128 1
661 31 300 20 3899 1
662 43 282 9 2391 1
663 56 285 44 17168 1
664 58 279 21 8191 1
665 18 294 5 997 1
666 29 281 17 4990 1
667 57 286 11 2323 1
668 42 278 18 3743 1
669 43 282 14 3437 1
670 163 281 9 3787 1
671 43 294 12 3321 1
672 85 294 12 3321 1
673 57 294 19 6707 1
674 37 291 14 4966 1
675 56 294 22 3832 1
676 44 279 15 5288 1
677 56 292 20 7791 1
678 111 292 20 7791 1
679 166 292 20 7791 1
680 97 294 14 2439 1
681 123 281 11 1887 1
682 28 285 10 1979 1
683 30 282 19 4746 1
684 31 291 17 2886 1
685 42 278 16 5873 1
686 18 291 20 8714 1
687 37 299 21 8001 1
688 99 281 34 14274 1
689 197 281 34 14274 1
690 58 279 13 4390 1
691 87 285 16 4194 1
692 42 300 20 8086 1
693 142 279 9 2166 1
694 42 282 10 3250 1
695 45 285 8 1350 1
696 58 285 9 2068 1
697 115 285 9 2068 1
698 172 285 9 2068 1
699 36 300 9 2446 1
700 43 286 19 3405 1
701 30 285 25 9948 1
702 29 284 11 2470 1
703 57 284 11 2470 1
704 57 285 9 3460 1
705 30 282 19 4761 1
706 36 282 25 6917 1
707 100 294 10 3195 1
708 44 279 15 4028 1
709 87 279 15 4028 1
710 18 291 13 4406 1
711 56 294 8 3191 1
712 111 294 8 3191 1
713 166 294 8 3191 1
714 145 300 16 3416 1
715 30 299 12 3816 1
716 58 300 23 6654 1
717 115 300 23 6654 1
718 98 282 14 3672 1
719 43 285 21 7188 1
720 13 292 15 3207 1
721 31 293 21 3613 1
722 58 279 11 2178 1
723 115 279 11 2178 1
724 59 294 10 3252 1
725 117 294 10 3252 1
726 140 285 23 4900 1
727 279 285 23 4900 1
728 57 292 6 1417 1
729 113 292 6 1417 1
730 169 292 6 1417 1
731 31 299 27 12009 1
732 29 300 15 2556 1
733 3 293 17 4604 1
734 57 293 15 5286 1
735 113 293 15 5286 1
736 169 293 15 5286 1
737 43 279 14 3234 1
738 37 278 16 5080 1
739 92 282 15 2615 1
740 57 278 19 3353 1
741 185 299 15 4951 1
742 58 300 13 5432 1
743 93 281 15 2293 1
744 27 292 9 3926 1
745 43 278 19 4600 1
746 49 278 20 2873 1
747 36 278 9 1462 1
748 57 282 10 2105 1
749 12 293 12 5070 1
750 73 331 11 4347 1
751 80 336 10 2890 1
752 58 318 30 5679 1
753 180 335 33 14038 1
754 82 365 30 6246 1
755 58 305 33 9129 1
756 38 331 15 7219 1
757 126 363 19 7574 1
758 57 331 21 5868 1
759 57 318 24 4690 1
760 78 332 28 7283 1
761 13 363 19 6163 1
762 79 364 25 6478 1
763 58 363 36 15841 1
764 50 338 24 9445 1
765 58 368 23 8663 1
766 115 365 28 11172 1
767 50 363 19 8742 1
768 57 316 13 2828 1
769 51 324 9 3155 1
770 22 338 19 9485 1
771 78 323 18 7276 1
772 25 316 16 3346 1
773 110 337 21 5318 1
774 124 365 28 10567 1
775 79 365 17 4050 1
776 50 316 36 7221 1
777 51 336 10 4676 1
778 79 318 43 10070 1
779 157 318 43 10070 1
780 57 318 16 2620 1
781 78 333 20 5239 1
782 110 333 17 6337 1
783 50 324 26 8223 1
784 35 365 25 8402 1
785 36 324 22 5275 1
786 37 337 15 5840 1
787 14 333 17 7680 1
788 92 363 23 9804 1
789 91 332 10 4264 1
790 78 316 20 3799 1
791 14 336 19 9516 1
792 79 331 39 10324 1
793 15 336 24 8938 1
794 58 316 28 4740 1
795 115 316 28 4740 1
796 35 332 45 18974 1
797 53 336 18 7056 1
798 119 332 23 10350 1
799 79 338 19 8849 1
800 12 324 26 7798 1
801 58 337 17 7829 1
802 14 323 24 9851 1
803 35 303 20 6776 1
804 69 303 20 6776 1
805 57 305 25 11299 1
806 89 316 13 3532 1
807 89 318 26 11194 1
808 79 323 22 7475 1
809 72 368 25 11645 1
810 78 336 14 3671 1
811 50 323 18 3526 1
812 79 335 18 5363 1
813 126 323 19 6930 1
814 125 363 13 5353 1
815 95 365 27 6480 1
816 79 316 33 9266 1
817 15 349 49 16223 1
818 86 363 20 8499 1
819 58 366 35 10694 1
820 79 334 30 12266 1
821 51 363 25 8776 1
822 78 363 17 6534 1
823 79 338 35 10727 1
824 49 304 20 6062 1
825 97 304 20 6062 1
826 57 331 22 8059 1
827 79 305 22 6444 1
828 74 349 28 9282 1
829 43 338 22 5520 1
830 78 318 18 7295 1
831 155 318 18 7295 1
832 16 335 23 5271 1
833 57 336 25 5742 1
834 15 335 24 6579 1
835 13 337 39 18064 1
836 122 316 17 4163 1
837 111 334 21 5829 1
838 71 333 11 1862 1
839 51 323 18 8003 1
840 73 304 30 12948 1
841 50 331 21 10105 1
842 124 305 31 10652 1
843 95 338 30 9196 1
844 74 331 18 5012 1
845 79 318 24 9551 1
846 56 336 12 3963 1
847 111 336 12 3963 1
848 16 368 24 8702 1
849 107 337 21 7822 1
850 57 331 24 6796 1
851 113 331 24 6796 1
852 169 331 24 6796 1
853 78 305 22 6086 1
854 51 323 20 8171 1
855 73 335 33 14809 1
856 145 335 33 14809 1
857 79 333 27 13283 1
858 157 333 27 13283 1
859 53 338 18 7940 1
860 15 363 34 7598 1
861 109 305 51 23150 1
862 109 334 12 4756 1
863 15 318 22 5545 1
864 38 337 17 7430 1
865 75 337 17 7430 1
866 15 349 16 2899 1
867 29 349 16 2899 1
868 51 332 13 4345 1
869 123 323 11 4580 1
870 245 323 11 4580 1
871 58 332 11 3882 1
872 77 368 26 8298 1
873 50 336 25 6008 1
874 58 316 21 5904 1
875 14 366 17 8469 1
876 36 366 50 26043 1
877 94 316 12 2395 1
878 25 324 29 8915 1
879 74 335 24 10779 1
880 16 316 21 6139 1
881 15 366 9 3283 1
882 50 338 28 11580 1
883 16 366 39 13293 1
884 117 323 66 17106 1
885 63 305 15 4185 1
886 77 331 18 8679 1
887 57 349 29 12926 1
888 78 318 27 7945 1
889 111 303 24 5839 1
890 59 304 14 4056 1
891 58 334 27 10170 1
892 115 334 27 10170 1
893 80 337 7 1652 1
894 121 304 46 20157 1
895 17 332 34 14457 1
896 58 334 23 6201 1
897 116 366 11 3624 1
898 37 335 11 4670 1
899 80 324 26 9311 1
900 57 365 24 8868 1
901 58 336 34 16163 1
902 122 324 33 12867 1
903 77 364 18 4347 1
904 72 332 28 13879 1
905 80 335 9 1906 1
906 159 335 9 1906 1
907 238 335 9 1906 1
908 16 303 19 6259 1
909 31 303 19 6259 1
910 77 305 15 6185 1
911 114 303 14 2955 1
912 50 366 62 13835 1
913 53 316 18 3723 1
914 36 333 28 6995 1
915 50 333 9 3927 1
916 57 331 17 4384 1
917 88 338 14 4733 1
918 15 316 33 8946 1
919 78 337 19 3233 1
920 16 318 17 5973 1
921 78 338 19 6795 1
922 70 365 36 17977 1
923 78 335 18 6067 1
924 97 338 29 11496 1
925 84 334 25 11386 1
926 36 336 30 7074 1
927 71 336 30 7074 1
928 79 368 25 5600 1
929 50 333 28 7302 1
930 89 305 25 5318 1
931 77 334 20 6437 1
932 51 368 20 6718 1
933 51 349 13 4638 1
934 59 337 47 19972 1
935 117 337 47 19972 1
936 175 337 47 19972 1
937 78 324 20 7280 1
938 155 324 20 7280 1
939 79 368 6 2243 1
940 57 304 14 3652 1
941 116 335 17 4913 1
942 113 303 12 2920 1
943 116 338 19 5846 1
944 88 366 7 2331 1
945 50 368 19 4083 1
946 99 368 19 4083 1
947 59 338 41 11359 1
948 58 336 34 7486 1
949 89 363 74 21386 1
950 75 335 15 3594 1
951 78 349 18 8160 1
952 155 349 18 8160 1
953 57 364 26 12662 1
954 50 365 32 13718 1
955 99 365 32 13718 1
956 13 305 16 7158 1
957 74 305 17 4514 1
958 147 305 17 4514 1
959 52 364 27 5500 1
960 78 368 35 8000 1
961 155 368 35 8000 1
962 79 336 30 11954 1
963 89 318 23 5355 1
964 60 337 32 9054 1
965 50 364 23 7915 1
966 37 334 35 10717 1
967 89 331 37 17516 1
968 58 324 32 12566 1
969 75 366 11 3811 1
970 15 337 17 5659 1
971 13 303 17 4803 1
972 25 303 17 4803 1
973 71 318 16 5576 1
974 123 336 14 4933 1
975 73 332 27 9174 1
976 36 349 35 11187 1
977 56 349 39 8217 1
978 51 303 20 7249 1
979 101 303 20 7249 1
980 151 303 20 7249 1
981 79 331 23 4970 1
982 75 336 11 4139 1
983 78 349 22 9491 1
984 87 332 15 6076 1
985 76 364 25 5731 1
986 74 349 29 5250 1
987 50 366 16 6216 1
988 50 363 49 26245 1
989 78 316 12 3101 1
990 78 397 38 19497 1
991 155 397 38 19497 1
992 86 396 19 10644 1
993 89 398 37 8449 1
994 106 399 33 17336 1
995 79 399 19 8775 1
996 79 398 23 7445 1
997 157 398 23 7445 1
998 77 399 22 11272 1
999 114 399 35 20329 1
1000 76 395 32 12550 1
1001 80 399 29 9930 1
1002 91 396 23 7763 1
1003 114 395 34 10184 1
1004 78 395 34 17049 1
1005 16 399 30 6674 1
1006 31 399 30 6674 1
1007 80 398 33 9278 1
1008 86 397 19 4020 1
1009 88 395 38 12227 1
1010 175 395 38 12227 1
1011 262 395 38 12227 1
1012 349 395 38 12227 1
1013 13 395 42 12087 1
1014 74 397 21 5212 1
1015 79 399 25 5201 1
1016 85 398 35 20551 1
1017 169 398 35 20551 1
1018 14 396 32 18875 1
1019 95 398 36 18368 1
1020 87 396 33 11504 1
1021 173 396 33 11504 1
1022 73 396 40 8980 1
1023 87 398 22 7060 1
1024 14 397 48 26282 1
1025 79 399 43 14882 1
1026 86 395 24 12691 1
1027 79 397 23 8648 1
1028 79 399 25 13289 1
1029 77 399 27 7266 1
1030 80 398 30 8106 1
1031 90 396 32 18085 1
1032 90 396 25 7087 1
1033 78 397 33 14719 1
1034 11 395 25 10609 1
1035 78 395 35 20233 1
1036 79 397 40 22528 1
14
503 620 807 620 700 205 255 700 700 700 700 700 200 460 