1036
1 12 134 34 4681 1
2 8 140 8 822 1
3 25 129 8 1532 1
4 8 118 7 737 1
5 19 138 14 2826 1
6 22 118 10 1004 1
7 8 138 16 2975 1
8 15 138 16 2975 1
9 22 138 16 2975 1
10 29 138 16 2975 1
11 36 138 16 2975 1
12 19 140 12 2181 1
13 9 137 42 7457 1
14 17 137 42 7457 1
15 12 138 18 3590 1
16 16 129 32 4025 1
17 7 137 41 7941 1
18 7 140 9 1362 1
19 13 140 9 1362 1
20 33 137 21 1840 1
21 13 140 18 3106 1
22 23 140 75 8096 1
23 45 140 75 8096 1
24 8 137 14 1353 1
25 15 137 14 1353 1
26 11 118 6 744 1
27 2 138 8 790 1
28 8 133 12 1111 1
29 21 140 6 855 1
30 41 140 6 855 1
31 26 137 13 1136 1
32 18 133 8 1457 1
33 44 132 6 1070 1
34 87 132 6 1070 1
35 130 132 6 1070 1
36 3 118 13 2228 1
37 21 125 6 671 1
38 17 129 40 5311 1
39 33 129 40 5311 1
40 28 138 25 4896 1
41 3 129 9 1073 1
42 8 138 19 2521 1
43 8 129 2 249 1
44 15 129 2 249 1
45 7 129 10 994 1
46 21 129 10 1215 1
47 41 129 10 1215 1
48 21 118 14 1144 1
49 41 118 14 1144 1
50 61 118 14 1144 1
51 81 118 14 1144 1
52 101 118 14 1144 1
53 30 137 12 1887 1
54 14 129 28 2915 1
55 33 125 9 1497 1
56 65 125 9 1497 1
57 97 125 9 1497 1
58 27 132 8 1540 1
59 22 137 8 1411 1
60 18 138 10 1593 1
61 15 125 30 2790 1
62 29 125 30 2790 1
63 12 138 8 1497 1
64 21 132 23 3543 1
65 41 132 23 3543 1
66 61 132 23 3543 1
67 81 132 23 3543 1
68 1 133 4 638 1
69 8 118 5 582 1
70 24 138 12 1168 1
71 47 138 12 1168 1
72 8 134 11 903 1
73 27 133 33 2736 1
74 30 118 4 489 1
75 27 137 12 2420 1
76 53 137 12 2420 1
77 13 129 33 3049 1
78 7 132 55 8187 1
79 19 138 10 851 1
80 8 133 10 1578 1
81 15 133 10 1578 1
82 22 133 10 1578 1
83 15 137 8 634 1
84 8 129 29 4897 1
85 21 134 15 1563 1
86 23 118 17 2664 1
87 45 118 17 2664 1
88 8 140 9 1686 1
89 15 140 9 1686 1
90 22 140 9 1686 1
91 13 140 8 1333 1
92 7 138 11 1802 1
93 3 138 37 5783 1
94 20 125 27 4494 1
95 39 125 27 4494 1
96 2 132 13 2381 1
97 3 132 13 2381 1
98 2 133 7 1049 1
99 7 138 14 1782 1
100 9 125 11 1844 1
101 2 137 20 2540 1
102 44 161 39 6040 1
103 32 184 3 744 1
104 44 197 12 3500 1
105 87 197 12 3500 1
106 44 167 13 2834 1
107 87 167 13 2834 1
108 23 161 11 1287 1
109 16 207 12 2077 1
110 44 204 22 4994 1
111 23 203 16 2271 1
112 22 195 19 4290 1
113 19 195 14 2338 1
114 37 195 14 2338 1
115 44 151 53 4969 1
116 44 202 32 6049 1
117 87 202 32 6049 1
118 43 207 28 5201 1
119 50 167 8 1360 1
120 38 204 6 1222 1
121 44 204 25 5036 1
122 87 204 25 5036 1
123 130 204 25 5036 1
124 44 204 27 7835 1
125 3 202 8 2186 1
126 23 197 12 2869 1
127 43 194 28 7966 1
128 14 171 27 4043 1
129 27 171 27 4043 1
130 40 171 27 4043 1
131 44 205 40 5721 1
132 13 171 4 464 1
133 25 171 4 464 1
134 50 151 11 1005 1
135 8 205 7 803 1
136 43 194 30 3002 1
137 48 161 31 5960 1
138 22 181 15 3900 1
139 19 184 10 1096 1
140 65 177 12 1808 1
141 44 149 12 2339 1
142 87 149 12 2339 1
143 130 149 12 2339 1
144 173 149 12 2339 1
145 216 149 12 2339 1
146 259 149 12 2339 1
147 27 204 20 2718 1
148 53 204 20 2718 1
149 79 204 20 2718 1
150 17 177 11 1212 1
151 43 167 10 1854 1
152 85 167 10 1854 1
153 17 199 12 3045 1
154 44 178 17 4040 1
155 32 178 7 1709 1
156 43 197 11 1582 1
157 19 171 13 2746 1
158 37 171 13 2746 1
159 21 171 26 5155 1
160 45 199 27 7467 1
161 42 194 46 10993 1
162 22 202 15 2623 1
163 21 167 22 2651 1
164 7 177 20 3957 1
165 44 161 15 3160 1
166 18 194 22 3179 1
167 45 194 27 4170 1
168 34 208 35 5590 1
169 17 170 25 3386 1
170 33 170 25 3386 1
171 17 188 21 3985 1
172 43 167 12 1504 1
173 85 167 12 1504 1
174 127 167 12 1504 1
175 23 199 15 2464 1
176 20 188 19 1810 1
177 5 171 4 546 1
178 43 195 6 900 1
179 23 170 6 1094 1
180 6 199 27 4290 1
181 11 199 27 4290 1
182 73 170 25 4461 1
183 42 184 28 5941 1
184 16 151 10 1242 1
185 31 151 10 1242 1
186 44 184 10 1663 1
187 87 184 10 1663 1
188 19 184 10 1283 1
189 37 184 10 1283 1
190 55 184 10 1283 1
191 17 178 10 2423 1
192 27 170 18 2549 1
193 44 177 22 4123 1
194 87 177 22 4123 1
195 130 177 22 4123 1
196 23 170 12 1719 1
197 6 190 25 5906 1
198 54 204 15 4153 1
199 18 204 14 3291 1
200 15 190 11 2405 1
201 29 190 11 2405 1
202 43 197 28 3110 1
203 43 187 21 3074 1
204 85 187 21 3074 1
205 127 187 21 3074 1
206 44 210 8 2176 1
207 18 204 20 2080 1
208 43 195 12 2015 1
209 85 195 12 2015 1
210 127 195 12 2015 1
211 14 184 33 7871 1
212 27 184 33 7871 1
213 43 178 30 3891 1
214 85 178 30 3891 1
215 41 203 17 2359 1
216 81 203 17 2359 1
217 6 208 9 2752 1
218 42 204 90 11218 1
219 43 167 18 1900 1
220 85 167 18 1900 1
221 63 184 19 3661 1
222 125 184 19 3661 1
223 43 190 15 2960 1
224 43 181 18 1794 1
225 43 205 34 8672 1
226 85 205 34 8672 1
227 127 205 34 8672 1
228 23 184 14 2710 1
229 44 194 28 7062 1
230 87 194 28 7062 1
231 130 194 28 7062 1
232 34 205 27 5604 1
233 6 208 14 1533 1
234 4 178 11 1647 1
235 7 178 11 1647 1
236 32 205 15 3104 1
237 63 205 15 3104 1
238 44 178 15 1510 1
239 87 178 15 1510 1
240 159 149 13 1879 1
241 16 202 14 2182 1
242 44 202 13 1843 1
243 87 202 13 1843 1
244 16 210 33 8417 1
245 63 151 26 4117 1
246 24 181 29 3721 1
247 22 197 9 1036 1
248 19 177 26 3740 1
249 45 204 18 3425 1
250 89 204 18 3425 1
251 133 204 18 3425 1
252 22 188 18 1983 1
253 5 205 19 4146 1
254 54 167 10 2345 1
255 15 161 14 1177 1
256 13 225 35 11152 1
257 43 225 10 3346 1
258 44 230 32 5264 1
259 96 244 16 4179 1
260 44 237 13 4139 1
261 29 245 34 9375 1
262 47 216 11 1520 1
263 93 244 22 4138 1
264 103 244 18 2432 1
265 44 220 49 10488 1
266 59 220 13 1490 1
267 36 212 11 3065 1
268 45 245 26 5224 1
269 57 212 13 4104 1
270 42 245 35 9945 1
271 30 222 8 2233 1
272 85 244 25 6651 1
273 57 239 12 3364 1
274 16 220 9 2019 1
275 42 228 27 7719 1
276 58 243 32 6288 1
277 47 245 19 3841 1
278 93 245 19 3841 1
279 35 243 21 5459 1
280 30 228 22 6781 1
281 38 225 15 2073 1
282 58 221 16 4663 1
283 43 237 16 2202 1
284 42 245 33 7603 1
285 31 230 10 2089 1
286 57 239 15 2917 1
287 113 239 15 2917 1
288 57 216 41 8018 1
289 31 230 39 13259 1
290 61 216 13 3959 1
291 43 228 18 2215 1
292 28 221 16 2067 1
293 29 245 22 3193 1
294 43 228 13 2613 1
295 44 244 24 6745 1
296 57 216 14 1729 1
297 113 216 14 1729 1
298 28 245 13 3115 1
299 36 212 9 2216 1
300 43 222 8 1359 1
301 85 222 8 1359 1
302 11 212 10 1071 1
303 91 239 27 9315 1
304 36 212 14 2800 1
305 90 212 11 1941 1
306 31 239 26 6598 1
307 37 242 22 2959 1
308 30 221 11 3226 1
309 54 221 30 6267 1
310 34 212 31 3372 1
311 67 212 31 3372 1
312 99 243 15 3373 1
313 44 222 11 3624 1
314 15 212 33 8025 1
315 57 244 28 4858 1
316 23 222 18 3942 1
317 44 237 15 5181 1
318 47 228 33 10195 1
319 38 220 18 4409 1
320 57 220 40 10698 1
321 88 239 24 2962 1
322 57 244 17 4426 1
323 113 244 17 4426 1
324 169 244 17 4426 1
325 225 244 17 4426 1
326 58 221 12 1327 1
327 115 221 12 1327 1
328 60 228 19 4396 1
329 55 244 26 8504 1
330 49 230 9 2301 1
331 90 220 30 5787 1
332 57 225 39 4536 1
333 54 216 11 3180 1
334 107 216 11 3180 1
335 38 239 45 15507 1
336 15 245 16 2005 1
337 59 220 17 3744 1
338 29 242 13 3586 1
339 31 220 17 4630 1
340 29 245 12 3174 1
341 59 220 12 1801 1
342 36 221 9 2205 1
343 42 230 21 5812 1
344 56 225 21 6994 1
345 44 228 21 4113 1
346 60 244 15 1947 1
347 29 212 12 3662 1
348 43 216 16 2999 1
349 85 216 16 2999 1
350 44 220 32 6071 1
351 87 220 32 6071 1
352 7 230 32 6207 1
353 31 228 59 17065 1
354 45 244 15 4837 1
355 42 244 21 3792 1
356 29 239 16 3253 1
357 28 220 21 3980 1
358 57 244 12 2153 1
359 59 228 25 6974 1
360 90 220 11 2906 1
361 29 216 9 1050 1
362 31 239 14 1851 1
363 30 230 12 2793 1
364 29 239 13 4364 1
365 55 228 12 3997 1
366 109 228 12 3997 1
367 51 242 19 6549 1
368 101 242 19 6549 1
369 11 245 23 4424 1
370 21 245 23 4424 1
371 57 228 25 5187 1
372 37 225 28 8872 1
373 105 242 15 5265 1
374 35 225 5 940 1
375 108 237 9 1512 1
376 215 237 9 1512 1
377 30 220 11 1383 1
378 30 216 13 3485 1
379 59 216 13 3485 1
380 88 216 13 3485 1
381 117 216 13 3485 1
382 54 228 18 5402 1
383 44 242 20 5966 1
384 43 216 9 1611 1
385 81 230 24 4160 1
386 42 242 33 8139 1
387 30 225 12 3184 1
388 29 243 19 6059 1
389 59 237 27 5256 1
390 44 221 21 6335 1
391 85 239 13 4457 1
392 47 245 19 6873 1
393 44 225 11 1394 1
394 87 225 11 1394 1
395 56 242 38 9880 1
396 58 237 13 2209 1
397 35 245 14 3687 1
398 43 243 16 3918 1
399 42 225 22 6338 1
400 11 225 57 18256 1
401 32 243 11 1462 1
402 57 222 17 4663 1
403 10 242 16 1957 1
404 60 222 11 1420 1
405 111 228 40 11831 1
406 44 221 8 1246 1
407 43 262 21 5180 1
408 50 267 14 1988 1
409 178 276 2 426 1
410 30 264 10 1880 1
411 30 277 17 5908 1
412 44 274 23 9417 1
413 43 255 15 2938 1
414 34 270 15 5364 1
415 43 273 21 4210 1
416 37 260 15 4241 1
417 14 260 5 1614 1
418 45 277 16 5989 1
419 97 274 34 13813 1
420 36 276 12 2020 1
421 37 257 22 5005 1
422 14 277 9 3111 1
423 100 277 34 8342 1
424 43 257 8 1308 1
425 10 268 19 4527 1
426 49 274 5 920 1
427 97 274 5 920 1
428 36 273 15 3231 1
429 70 275 17 6795 1
430 51 270 16 2748 1
431 52 267 9 3065 1
432 16 276 21 6816 1
433 86 275 14 3023 1
434 51 261 13 3788 1
435 30 265 13 3847 1
436 59 265 13 3847 1
437 57 270 25 10099 1
438 31 258 26 9919 1
439 57 258 3 599 1
440 37 268 16 4366 1
441 16 268 16 2755 1
442 36 262 7 2219 1
443 202 277 12 4810 1
444 50 267 11 3909 1
445 106 277 20 5286 1
446 59 267 20 5277 1
447 37 264 13 4698 1
448 73 264 13 4698 1
449 109 264 13 4698 1
450 29 259 16 4221 1
451 94 273 30 7518 1
452 187 273 30 7518 1
453 37 275 12 3898 1
454 73 275 12 3898 1
455 36 264 19 2630 1
456 44 265 18 6136 1
457 36 275 17 3426 1
458 55 259 12 3038 1
459 109 259 12 3038 1
460 50 267 7 2460 1
461 94 257 17 4101 1
462 187 257 17 4101 1
463 37 275 24 8878 1
464 58 276 14 4322 1
465 50 273 23 5734 1
466 42 268 51 15542 1
467 36 268 16 2533 1
468 43 258 20 6150 1
469 30 277 16 4426 1
470 50 274 14 2942 1
471 43 257 24 6551 1
472 36 273 18 4598 1
473 62 264 19 4325 1
474 16 276 13 3652 1
475 35 277 8 1701 1
476 14 259 25 7663 1
477 43 261 4 837 1
478 29 260 16 5825 1
479 43 267 17 5454 1
480 36 265 13 5119 1
481 31 277 12 3767 1
482 36 255 23 3075 1
483 50 276 18 5899 1
484 36 268 9 3253 1
485 30 273 14 3859 1
486 44 268 12 3166 1
487 36 260 11 3743 1
488 71 260 11 3743 1
489 43 262 12 3488 1
490 85 262 12 3488 1
491 37 268 19 2838 1
492 26 258 12 1978 1
493 31 262 20 4833 1
494 43 246 1 324 1
495 37 259 29 5519 1
496 29 273 17 3851 1
497 47 268 10 3295 1
498 37 270 13 4162 1
499 29 265 14 2146 1
500 48 264 11 2632 1
501 30 262 9 2579 1
502 36 258 20 5058 1
503 43 265 22 8232 1
504 34 270 16 6244 1
505 29 277 12 4173 1
506 57 261 17 4788 1
507 31 273 4 1616 1
508 14 274 22 5767 1
509 37 259 12 2884 1
510 96 273 23 7961 1
511 44 265 18 4228 1
512 43 259 24 3930 1
513 43 264 3 595 1
514 43 277 15 4058 1
515 36 270 18 3221 1
516 59 277 15 2221 1
517 36 276 26 10336 1
518 96 265 12 2915 1
519 29 255 17 5697 1
520 95 273 15 3824 1
521 43 275 25 7121 1
522 52 275 2 666 1
523 51 275 22 5235 1
524 30 275 20 6505 1
525 37 274 16 3454 1
526 15 274 17 5653 1
527 29 274 17 5653 1
528 43 261 15 3920 1
529 52 277 13 4519 1
530 13 260 12 2987 1
531 50 275 17 6162 1
532 93 259 9 3442 1
533 37 246 10 3654 1
534 36 274 12 2634 1
535 92 265 12 3508 1
536 18 246 9 2334 1
537 91 265 19 4051 1
538 181 265 19 4051 1
539 82 265 24 4324 1
540 109 277 17 6165 1
541 29 261 18 4027 1
542 58 264 24 9303 1
543 49 259 16 3622 1
544 97 259 16 3622 1
545 145 259 16 3622 1
546 36 270 5 1371 1
547 71 270 5 1371 1
548 39 259 21 3699 1
549 37 267 20 4999 1
550 39 257 22 3730 1
551 43 274 7 2176 1
552 95 261 7 2546 1
553 27 276 26 6184 1
554 29 273 17 6434 1
555 56 257 9 1353 1
556 102 276 20 5525 1
557 51 264 19 6871 1
558 52 276 20 5340 1
559 31 246 25 8349 1
560 42 259 21 4269 1
561 36 265 8 1867 1
562 32 257 19 2506 1
563 44 275 17 3654 1
564 50 274 21 6880 1
565 37 260 7 2360 1
566 73 260 7 2360 1
567 16 274 11 2186 1
568 30 260 14 3911 1
569 44 270 13 3738 1
570 166 255 10 2430 1
571 87 264 19 3676 1
572 43 259 9 1228 1
573 34 257 17 5974 1
574 67 257 17 5974 1
575 36 267 12 3804 1
576 71 267 12 3804 1
577 16 265 29 7640 1
578 52 265 23 8160 1
579 95 265 20 7850 1
580 50 265 24 6770 1
581 50 265 15 4970 1
582 53 257 18 4609 1
583 103 270 1 354 1
584 44 261 16 2955 1
585 105 255 30 5180 1
586 30 260 23 3043 1
587 57 260 16 3122 1
588 49 277 8 1647 1
589 60 282 10 3507 1
590 43 292 27 6645 1
591 62 286 18 5561 1
592 29 299 23 3999 1
593 57 299 23 3999 1
594 180 281 15 3861 1
595 17 278 12 3342 1
596 30 291 7 2061 1
597 30 282 29 10284 1
598 58 278 12 4110 1
599 103 285 13 2178 1
600 30 300 18 3246 1
601 58 279 22 8871 1
602 69 284 18 4680 1
603 58 292 9 1887 1
604 115 292 9 1887 1
605 19 294 16 4848 1
606 113 285 18 5469 1
607 122 279 12 3499 1
608 44 291 18 7500 1
609 57 293 13 2916 1
610 28 291 11 2613 1
611 58 299 12 5263 1
612 115 299 12 5263 1
613 44 278 30 4209 1
614 44 278 20 8069 1
615 38 286 21 3389 1
616 28 284 33 10302 1
617 31 281 14 2978 1
618 38 294 11 4585 1
619 75 294 11 4585 1
620 48 299 37 14357 1
621 57 285 13 2175 1
622 29 293 13 4382 1
623 21 284 17 4247 1
624 37 291 11 3383 1
625 31 281 28 9122 1
626 29 281 17 5849 1
627 30 300 18 2971 1
628 58 300 13 5262 1
629 58 281 18 2992 1
630 58 292 23 7575 1
631 29 282 15 3515 1
632 57 286 10 3679 1
633 43 284 23 4441 1
634 38 284 23 7784 1
635 57 278 24 6627 1
636 42 293 10 1879 1
637 57 286 13 2915 1
638 44 281 10 1425 1
639 29 294 14 5910 1
640 59 278 19 5721 1
641 117 278 19 5721 1
642 29 285 16 6500 1
643 93 279 10 3505 1
644 21 299 12 2343 1
645 39 291 21 4470 1
646 29 284 13 4126 1
647 58 293 13 5444 1
648 65 279 13 3174 1
649 24 291 17 5672 1
650 43 284 15 4571 1
651 57 282 9 1513 1
652 31 278 15 5490 1
653 43 279 21 3628 1
654 29 282 7 1186 1
655 29 279 10 3550 1
656 56 292 9 1774 1
657 29 294 9 1331 1
658 44 278 12 1993 1
659 87 278 12 1993 1
660 57 278 17 6007 1
661 30 292 17 5548 1
662 43 284 12 3021 1
663 79 278 33 8325 1
664 29 291 13 5251 1
665 57 279 14 4051 1
666 57 279 40 8873 1
667 85 286 36 9976 1
668 43 293 22 5553 1
669 57 293 50 10844 1
670 43 292 17 5010 1
671 29 291 17 2747 1
672 30 284 10 1866 1
673 29 286 8 1647 1
674 57 293 15 2874 1
675 40 278 13 4881 1
676 29 286 24 3491 1
677 28 293 24 9851 1
678 55 293 24 9851 1
679 59 300 18 8049 1
680 107 282 19 7728 1
681 59 292 26 7232 1
682 117 292 26 7232 1
683 50 292 8 3040 1
684 158 281 27 8043 1
685 44 300 21 8839 1
686 87 300 21 8839 1
687 32 286 10 3859 1
688 95 293 21 8150 1
689 31 284 8 2622 1
690 56 300 10 2929 1
691 96 285 15 5979 1
692 56 294 13 3270 1
693 111 294 13 3270 1
694 166 294 13 3270 1
695 45 294 15 4707 1
696 59 284 23 7200 1
697 117 284 23 7200 1
698 42 278 12 4674 1
699 37 285 11 1734 1
700 20 291 10 3056 1
701 57 291 9 2380 1
702 29 282 9 3797 1
703 59 284 11 2110 1
704 117 284 11 2110 1
705 29 285 11 2939 1
706 57 285 11 2939 1
707 57 286 17 4307 1
708 58 278 13 5029 1
709 115 278 13 5029 1
710 44 278 13 4383 1
711 36 286 8 2395 1
712 38 278 13 3763 1
713 29 278 16 2539 1
714 19 299 21 8046 1
715 43 281 12 2424 1
716 43 286 18 3984 1
717 56 299 18 6301 1
718 111 299 18 6301 1
719 58 292 14 2308 1
720 115 292 14 2308 1
721 197 281 16 4786 1
722 30 284 18 6143 1
723 37 282 14 2215 1
724 29 279 6 2189 1
725 57 279 6 2189 1
726 29 281 13 3132 1
727 56 282 19 4301 1
728 30 284 33 11805 1
729 44 292 22 5813 1
730 58 293 21 4975 1
731 37 293 15 5014 1
732 44 294 27 9478 1
733 44 282 16 6506 1
734 44 279 13 5188 1
735 43 282 18 3485 1
736 57 291 9 3652 1
737 57 299 11 2612 1
738 113 299 11 2612 1
739 160 285 13 2406 1
740 319 285 13 2406 1
741 23 279 12 2452 1
742 29 293 10 3295 1
743 137 278 21 6112 1
744 58 291 25 10612 1
745 152 282 10 2093 1
746 43 300 22 6417 1
747 29 285 18 5307 1
748 44 285 15 5605 1
749 43 281 12 3727 1
750 116 331 54 24859 1
751 90 318 10 3065 1
752 113 337 22 7794 1
753 50 366 20 10165 1
754 99 366 20 10165 1
755 75 337 22 10377 1
756 58 363 15 3627 1
757 115 363 15 3627 1
758 172 363 15 3627 1
759 229 363 15 3627 1
760 15 323 32 6716 1
761 56 334 37 14042 1
762 58 364 24 5397 1
763 51 318 19 7380 1
764 36 318 17 3032 1
765 56 333 20 7442 1
766 51 318 23 5556 1
767 50 304 36 15950 1
768 16 332 30 6320 1
769 18 335 73 32807 1
770 57 368 19 8525 1
771 74 324 19 6249 1
772 50 365 22 10406 1
773 15 331 20 6787 1
774 76 366 34 8259 1
775 108 318 24 9181 1
776 37 349 15 5215 1
777 50 316 14 2594 1
778 99 316 14 2594 1
779 128 368 29 9118 1
780 79 332 14 4097 1
781 57 304 14 5702 1
782 107 303 14 5233 1
783 74 338 45 12836 1
784 79 368 43 23331 1
785 36 323 18 7834 1
786 78 336 20 6540 1
787 50 338 39 7948 1
788 35 338 25 5215 1
789 75 335 30 11643 1
790 36 363 41 17468 1
791 51 365 36 7891 1
792 110 323 13 5121 1
793 73 366 16 2945 1
794 61 365 36 17990 1
795 73 364 15 5239 1
796 51 338 18 4540 1
797 75 363 36 15753 1
798 78 333 36 6010 1
799 57 304 16 3242 1
800 113 304 16 3242 1
801 169 304 16 3242 1
802 15 337 22 8471 1
803 80 332 60 10395 1
804 78 363 23 10409 1
805 155 363 23 10409 1
806 59 304 14 2862 1
807 117 304 14 2862 1
808 16 366 16 3408 1
809 13 333 15 6000 1
810 51 332 22 8271 1
811 57 365 24 6796 1
812 15 336 44 10226 1
813 92 332 41 10491 1
814 15 336 7 3445 1
815 51 305 17 6848 1
816 50 323 24 8518 1
817 13 335 62 23303 1
818 15 305 18 7582 1
819 52 363 28 14497 1
820 103 363 28 14497 1
821 58 324 16 6223 1
822 80 366 22 8502 1
823 159 366 22 8502 1
824 61 323 29 9663 1
825 75 338 27 10455 1
826 58 368 17 7983 1
827 50 338 19 5239 1
828 76 305 30 11992 1
829 111 305 15 6049 1
830 77 331 11 4294 1
831 51 337 12 4232 1
832 58 324 12 5656 1
833 13 338 7 1620 1
834 81 366 31 6150 1
835 54 333 38 16487 1
836 57 336 25 11015 1
837 113 336 25 11015 1
838 109 365 18 5843 1
839 58 363 14 2738 1
840 115 363 14 2738 1
841 75 304 25 7436 1
842 149 304 25 7436 1
843 223 304 25 7436 1
844 113 323 32 12864 1
845 14 332 13 2307 1
846 58 304 14 3807 1
847 59 304 18 3675 1
848 58 324 11 4932 1
849 77 337 17 3182 1
850 79 316 10 1861 1
851 16 305 22 3724 1
852 90 366 20 9366 1
853 50 331 15 2608 1
854 36 318 7 2239 1
855 83 366 23 8725 1
856 76 331 21 10136 1
857 50 335 28 6481 1
858 58 337 29 7659 1
859 115 337 29 7659 1
860 13 324 36 11442 1
861 51 332 33 13533 1
862 14 333 14 6822 1
863 27 333 14 6822 1
864 80 331 12 5000 1
865 15 333 18 3679 1
866 57 323 18 6439 1
867 15 318 44 8945 1
868 52 337 28 14115 1
869 73 366 35 18356 1
870 79 366 26 9231 1
871 157 366 26 9231 1
872 79 365 17 9166 1
873 157 365 17 9166 1
874 16 318 24 4917 1
875 78 323 21 5093 1
876 15 323 14 4223 1
877 78 318 16 5686 1
878 155 318 16 5686 1
879 74 334 17 4823 1
880 37 368 21 4574 1
881 78 368 33 15758 1
882 155 368 33 15758 1
883 232 368 33 15758 1
884 88 324 16 3844 1
885 78 366 29 12456 1
886 155 366 29 12456 1
887 232 366 29 12456 1
888 79 337 66 25446 1
889 57 304 19 6648 1
890 36 316 21 8479 1
891 51 334 23 10418 1
892 101 334 23 10418 1
893 79 316 14 4272 1
894 79 364 14 7418 1
895 85 349 15 2799 1
896 77 318 35 12878 1
897 51 324 22 4654 1
898 98 368 41 21741 1
899 93 305 17 4432 1
900 185 305 17 4432 1
901 72 332 35 10199 1
902 58 366 31 8541 1
903 36 349 19 4694 1
904 50 332 21 5762 1
905 16 303 15 4661 1
906 58 334 22 3939 1
907 36 318 25 4041 1
908 92 349 31 9977 1
909 117 366 24 7970 1
910 74 304 22 9445 1
911 75 304 19 7696 1
912 80 318 12 3926 1
913 15 368 31 11698 1
914 109 365 20 5548 1
915 79 366 12 4759 1
916 157 366 12 4759 1
917 235 366 12 4759 1
918 72 337 31 11146 1
919 78 333 32 12564 1
920 155 333 32 12564 1
921 15 332 25 5703 1
922 79 318 17 5706 1
923 157 318 17 5706 1
924 58 368 41 15892 1
925 78 333 16 5152 1
926 84 333 17 4531 1
927 89 324 32 13908 1
928 71 305 20 4694 1
929 37 334 14 5616 1
930 61 324 18 3022 1
931 85 331 26 12717 1
932 51 318 28 6599 1
933 117 365 28 14752 1
934 116 332 27 11590 1
935 57 364 15 4169 1
936 38 336 19 7875 1
937 36 334 15 6934 1
938 120 336 16 6654 1
939 239 336 16 6654 1
940 14 331 19 9293 1
941 58 336 15 5381 1
942 58 331 44 8961 1
943 37 323 14 5398 1
944 78 349 26 4626 1
945 118 334 18 8316 1
946 57 368 34 7883 1
947 79 368 14 5687 1
948 59 318 9 3312 1
949 16 332 11 4331 1
950 31 332 11 4331 1
951 107 333 30 10839 1
952 53 323 13 3049 1
953 116 336 58 13415 1
954 79 331 28 12681 1
955 61 338 14 2493 1
956 50 318 19 6275 1
957 85 323 9 3034 1
958 169 323 9 3034 1
959 50 331 19 8906 1
960 79 364 12 6248 1
961 84 324 12 2491 1
962 91 324 7 1189 1
963 102 324 16 5241 1
964 77 318 25 9869 1
965 51 331 8 3901 1
966 50 333 25 4921 1
967 15 316 22 7097 1
968 22 333 14 6732 1
969 51 318 16 5512 1
970 58 364 31 8574 1
971 52 365 12 2622 1
972 77 365 16 6779 1
973 59 304 13 4828 1
974 101 305 16 4257 1
975 35 324 38 18387 1
976 93 336 11 2897 1
977 50 318 7 2171 1
978 58 304 37 8446 1
979 126 363 43 16995 1
980 251 363 43 16995 1
981 78 363 48 23100 1
982 155 363 48 23100 1
983 78 331 17 3571 1
984 79 331 16 6319 1
985 58 335 11 2219 1
986 58 336 32 14718 1
987 79 303 25 9372 1
988 79 364 32 6689 1
989 74 323 34 6307 1
990 12 398 35 18862 1
991 88 396 23 6974 1
992 175 396 23 6974 1
993 73 397 30 8175 1
994 78 396 38 20243 1
995 79 396 35 13408 1
996 105 398 32 9814 1
997 13 399 36 18173 1
998 109 399 38 16551 1
999 217 399 38 16551 1
1000 94 395 41 8383 1
1001 94 395 30 15966 1
1002 73 396 36 10181 1
1003 13 398 20 9649 1
1004 16 397 31 9491 1
1005 158 397 27 7208 1
1006 77 398 39 18945 1
1007 113 397 42 9674 1
1008 86 398 31 13341 1
1009 171 398 31 13341 1
1010 256 398 31 13341 1
1011 93 395 36 9296 1
1012 13 395 17 5557 1
1013 80 397 37 15313 1
1014 91 397 31 15145 1
1015 90 395 22 10830 1
1016 71 398 26 12534 1
1017 79 396 45 12593 1
1018 90 399 39 8126 1
1019 91 396 37 12494 1
1020 113 398 23 11188 1
1021 183 396 33 8704 1
1022 80 397 29 7411 1
1023 91 397 27 16049 1
1024 177 399 48 10536 1
1025 156 396 23 11240 1
1026 78 398 33 9959 1
1027 109 398 37 12896 1
1028 75 399 41 11626 1
1029 87 397 17 8189 1
1030 79 399 32 7648 1
1031 87 398 49 10685 1
1032 88 399 21 5699 1
1033 140 395 30 10474 1
1034 179 399 17 4907 1
1035 77 399 25 10948 1
1036 112 397 29 12550 1
14
503 620 807 620 700 205 255 700 700 700 700 700 200 460 