1036
1 8 129 6 761 1
2 8 138 10 1535 1
3 9 132 11 1747 1
4 17 132 11 1747 1
5 9 137 62 6629 1
6 17 137 62 6629 1
7 9 138 14 2141 1
8 23 138 18 2047 1
9 8 132 27 3330 1
10 15 132 27 3330 1
11 10 137 39 2849 1
12 21 137 16 1933 1
13 7 125 6 515 1
14 28 132 6 1049 1
15 55 132 6 1049 1
16 2 125 23 1653 1
17 7 137 10 1748 1
18 22 134 4 410 1
19 43 134 4 410 1
20 35 118 7 841 1
21 12 118 14 1367 1
22 9 140 11 1885 1
23 17 140 11 1885 1
24 25 140 11 1885 1
25 9 134 10 1932 1
26 28 118 10 890 1
27 4 140 10 1570 1
28 16 137 23 3423 1
29 14 140 16 1347 1
30 27 140 16 1347 1
31 24 129 5 900 1
32 6 138 16 2658 1
33 9 133 38 6099 1
34 17 133 38 6099 1
35 25 133 38 6099 1
36 26 118 19 1779 1
37 21 133 18 1254 1
38 41 133 18 1254 1
39 9 140 9 1530 1
40 17 140 9 1530 1
41 25 140 9 1530 1
42 22 129 16 3029 1
43 43 129 16 3029 1
44 64 129 16 3029 1
45 32 132 11 1030 1
46 7 140 14 2523 1
47 13 140 14 2523 1
48 19 140 14 2523 1
49 25 140 14 2523 1
50 31 140 14 2523 1
51 11 134 9 995 1
52 2 125 7 650 1
53 20 125 16 1795 1
54 39 125 16 1795 1
55 3 132 4 516 1
56 28 140 8 1579 1
57 55 140 8 1579 1
58 82 140 8 1579 1
59 8 137 19 1520 1
60 18 129 14 2415 1
61 9 133 10 1956 1
62 17 133 10 1956 1
63 25 133 10 1956 1
64 33 133 10 1956 1
65 21 134 8 1489 1
66 2 138 5 532 1
67 3 138 5 532 1
68 9 125 23 1464 1
69 17 137 3 273 1
70 9 134 14 951 1
71 8 133 19 1768 1
72 9 134 5 415 1
73 17 134 5 415 1
74 1 129 16 2141 1
75 8 138 26 3441 1
76 21 125 31 5477 1
77 8 134 14 959 1
78 10 137 19 1758 1
79 14 133 14 2408 1
80 9 129 8 657 1
81 16 129 7 1082 1
82 18 138 33 3502 1
83 35 138 33 3502 1
84 10 132 14 2064 1
85 10 132 9 786 1
86 4 129 30 3079 1
87 10 132 10 1740 1
88 19 132 10 1740 1
89 8 134 6 823 1
90 8 134 16 1302 1
91 15 134 16 1302 1
92 8 118 7 714 1
93 15 118 7 714 1
94 22 118 7 714 1
95 16 118 15 1521 1
96 15 137 11 1340 1
97 13 132 6 1086 1
98 3 132 25 2519 1
99 21 133 12 1583 1
100 41 133 12 1583 1
101 2 118 13 1205 1
102 21 205 27 6053 1
103 54 203 6 1431 1
104 45 177 23 4412 1
105 89 177 23 4412 1
106 44 199 15 2778 1
107 17 202 44 13295 1
108 15 181 25 5818 1
109 59 151 16 3509 1
110 117 151 16 3509 1
111 175 151 16 3509 1
112 45 197 26 6409 1
113 61 210 16 4929 1
114 44 171 6 1445 1
115 87 171 6 1445 1
116 130 171 6 1445 1
117 45 151 23 2256 1
118 5 190 13 3229 1
119 43 199 13 1329 1
120 43 184 28 6744 1
121 16 151 16 1654 1
122 29 167 17 3968 1
123 43 171 11 1621 1
124 43 199 28 8163 1
125 19 151 14 2182 1
126 39 195 28 7077 1
127 77 195 28 7077 1
128 7 208 17 3537 1
129 44 208 35 9215 1
130 44 181 14 3618 1
131 20 203 6 1389 1
132 19 188 5 839 1
133 8 195 16 1752 1
134 24 187 33 8741 1
135 43 203 9 1609 1
136 85 203 9 1609 1
137 20 195 22 4272 1
138 44 199 27 7845 1
139 16 171 13 1751 1
140 15 167 11 2401 1
141 42 151 10 2198 1
142 83 151 10 2198 1
143 43 151 14 2173 1
144 28 203 26 2940 1
145 55 203 26 2940 1
146 7 188 17 4779 1
147 56 170 25 2630 1
148 111 170 25 2630 1
149 43 202 12 3053 1
150 43 207 10 1122 1
151 6 202 6 1549 1
152 44 210 21 4430 1
153 52 177 9 2162 1
154 55 195 12 2133 1
155 17 167 19 1822 1
156 33 167 19 1822 1
157 190 195 15 1902 1
158 24 197 21 4042 1
159 44 151 18 2200 1
160 40 190 12 1173 1
161 42 208 8 1484 1
162 42 197 15 3766 1
163 42 202 21 2410 1
164 136 203 15 4243 1
165 44 204 12 1657 1
166 87 204 12 1657 1
167 44 194 24 6863 1
168 43 194 6 867 1
169 85 194 6 867 1
170 44 194 9 915 1
171 7 161 6 1379 1
172 44 204 20 3869 1
173 87 204 20 3869 1
174 44 170 12 1771 1
175 42 181 7 774 1
176 83 181 7 774 1
177 124 181 7 774 1
178 165 181 7 774 1
179 16 203 35 3752 1
180 43 202 15 4503 1
181 8 167 15 1273 1
182 5 202 10 2411 1
183 8 167 17 3859 1
184 15 167 17 3859 1
185 48 187 15 2628 1
186 18 210 23 3172 1
187 43 195 28 4365 1
188 42 170 11 2253 1
189 44 195 17 2746 1
190 87 195 17 2746 1
191 60 199 9 1740 1
192 119 199 9 1740 1
193 58 167 21 2470 1
194 43 205 25 7106 1
195 85 205 25 7106 1
196 127 205 25 7106 1
197 45 167 11 2343 1
198 7 195 4 917 1
199 44 178 9 1040 1
200 44 203 9 951 1
201 45 161 8 1604 1
202 23 167 26 2498 1
203 6 161 7 1189 1
204 22 171 4 734 1
205 44 170 46 10149 1
206 87 170 46 10149 1
207 130 170 46 10149 1
208 14 205 19 3023 1
209 46 149 18 2609 1
210 91 149 18 2609 1
211 51 204 11 1937 1
212 23 149 17 2182 1
213 19 190 22 2967 1
214 43 190 31 5046 1
215 85 190 31 5046 1
216 16 207 14 3126 1
217 23 167 34 2987 1
218 43 190 5 692 1
219 29 151 16 3197 1
220 45 151 10 1991 1
221 33 161 18 3947 1
222 45 184 37 9924 1
223 35 202 25 6181 1
224 47 197 7 1848 1
225 6 161 17 2929 1
226 43 187 23 3710 1
227 85 187 23 3710 1
228 127 187 23 3710 1
229 16 203 14 1642 1
230 8 199 34 6988 1
231 15 199 34 6988 1
232 43 177 76 9048 1
233 85 177 76 9048 1
234 14 149 17 2102 1
235 64 210 32 7829 1
236 44 197 9 1906 1
237 18 149 8 1158 1
238 45 151 38 6823 1
239 89 151 38 6823 1
240 133 151 38 6823 1
241 44 205 9 2254 1
242 87 205 9 2254 1
243 5 178 7 1752 1
244 16 161 15 2364 1
245 33 197 5 947 1
246 44 202 5 527 1
247 20 197 5 915 1
248 44 181 14 2431 1
249 5 194 30 3786 1
250 16 151 8 1771 1
251 31 151 8 1771 1
252 46 151 8 1771 1
253 61 151 8 1771 1
254 76 151 8 1771 1
255 91 151 8 1771 1
256 58 222 15 2911 1
257 44 222 13 2828 1
258 11 245 22 5191 1
259 95 222 8 1632 1
260 3 244 19 4447 1
261 5 244 19 4447 1
262 7 244 19 4447 1
263 27 242 15 3119 1
264 9 212 18 2780 1
265 17 225 10 2137 1
266 42 222 16 2476 1
267 83 222 16 2476 1
268 29 239 8 2009 1
269 57 239 8 2009 1
270 43 244 10 2583 1
271 85 244 10 2583 1
272 108 216 43 6302 1
273 31 245 16 3516 1
274 101 221 25 3737 1
275 30 228 21 3419 1
276 59 228 21 3419 1
277 40 222 18 4869 1
278 43 230 19 6218 1
279 42 244 24 7828 1
280 83 244 24 7828 1
281 29 212 15 3937 1
282 43 245 32 11234 1
283 85 245 32 11234 1
284 29 221 27 4378 1
285 46 221 17 2079 1
286 36 225 29 9064 1
287 71 225 29 9064 1
288 29 243 21 7220 1
289 57 221 22 3102 1
290 56 222 9 2473 1
291 44 225 19 4534 1
292 23 242 6 1206 1
293 50 220 10 1436 1
294 34 237 34 7655 1
295 43 212 24 3484 1
296 36 221 9 1965 1
297 62 239 17 5051 1
298 15 220 13 4114 1
299 36 220 10 1410 1
300 38 212 22 3102 1
301 38 228 15 1938 1
302 50 228 31 4563 1
303 51 228 18 4858 1
304 101 228 18 4858 1
305 151 228 18 4858 1
306 31 237 7 1487 1
307 38 228 11 2650 1
308 57 237 34 8692 1
309 44 230 14 3104 1
310 87 230 14 3104 1
311 44 216 24 7333 1
312 30 225 19 5596 1
313 56 225 34 5417 1
314 96 225 22 6535 1
315 30 242 16 4228 1
316 38 245 24 5419 1
317 92 242 26 7633 1
318 10 242 14 1992 1
319 52 245 14 3311 1
320 103 245 14 3311 1
321 59 245 15 4305 1
322 60 244 16 2960 1
323 104 212 12 1516 1
324 16 242 67 18188 1
325 31 221 19 2154 1
326 45 221 16 3740 1
327 43 221 27 3385 1
328 1 222 36 7347 1
329 56 212 34 6764 1
330 37 230 26 4606 1
331 30 244 18 6189 1
332 42 245 19 4396 1
333 58 237 24 4887 1
334 115 237 24 4887 1
335 47 225 10 3188 1
336 30 243 19 5941 1
337 43 239 10 1360 1
338 57 228 25 6286 1
339 56 239 33 8750 1
340 111 239 33 8750 1
341 6 239 28 8616 1
342 29 244 32 4078 1
343 57 244 32 4078 1
344 30 216 16 3799 1
345 60 212 10 2773 1
346 35 225 15 4518 1
347 58 216 20 6279 1
348 43 220 8 1915 1
349 31 245 20 3697 1
350 41 216 17 3761 1
351 81 216 17 3761 1
352 121 216 17 3761 1
353 42 242 28 3431 1
354 69 225 7 1947 1
355 30 225 13 3936 1
356 54 216 10 2182 1
357 43 243 29 8438 1
358 44 242 16 2444 1
359 48 212 5 1084 1
360 14 221 16 3577 1
361 56 245 17 5309 1
362 30 222 7 1088 1
363 44 220 19 5704 1
364 29 230 39 8203 1
365 63 216 10 1935 1
366 91 212 13 1677 1
367 54 225 13 1714 1
368 4 212 16 4462 1
369 31 239 24 3484 1
370 99 243 9 1288 1
371 197 243 9 1288 1
372 60 230 33 8946 1
373 28 239 8 2100 1
374 50 222 30 6006 1
375 35 228 34 7114 1
376 58 216 14 3969 1
377 58 245 13 3494 1
378 44 239 26 4806 1
379 87 239 26 4806 1
380 103 245 12 2072 1
381 56 243 19 4028 1
382 58 242 18 6218 1
383 64 216 12 1861 1
384 31 244 19 5922 1
385 61 244 19 5922 1
386 38 212 17 4722 1
387 11 212 12 2810 1
388 56 237 17 3906 1
389 77 221 14 3593 1
390 74 222 12 2325 1
391 58 244 13 1762 1
392 31 212 11 1272 1
393 84 221 9 1287 1
394 81 244 21 6934 1
395 55 225 24 4784 1
396 55 242 15 1950 1
397 30 228 76 11718 1
398 38 216 15 2000 1
399 48 239 31 6898 1
400 95 239 31 6898 1
401 142 239 31 6898 1
402 44 216 26 6706 1
403 29 221 26 3858 1
404 57 221 26 3858 1
405 85 221 26 3858 1
406 113 221 26 3858 1
407 92 276 20 4690 1
408 98 277 7 2619 1
409 30 261 19 7310 1
410 91 262 2 592 1
411 89 273 8 2877 1
412 31 246 17 2790 1
413 37 275 15 3855 1
414 58 265 22 8278 1
415 30 274 23 8497 1
416 30 255 3 738 1
417 29 258 14 4324 1
418 46 274 22 3980 1
419 91 274 22 3980 1
420 33 265 20 2709 1
421 58 264 19 4058 1
422 44 275 18 6599 1
423 56 255 27 4317 1
424 30 259 6 1852 1
425 51 276 9 3570 1
426 41 277 16 3045 1
427 30 257 15 3688 1
428 30 270 21 6468 1
429 29 268 9 2912 1
430 37 257 13 2446 1
431 29 277 19 2766 1
432 57 277 19 2766 1
433 50 261 23 8068 1
434 37 267 4 1586 1
435 24 246 15 2661 1
436 20 258 13 3725 1
437 57 267 21 7774 1
438 98 265 12 4000 1
439 195 265 12 4000 1
440 16 255 12 4477 1
441 47 264 11 1635 1
442 43 260 21 8156 1
443 23 260 16 3809 1
444 47 255 22 5957 1
445 95 270 25 7700 1
446 31 275 21 4949 1
447 29 246 20 4704 1
448 103 262 6 1144 1
449 15 264 15 2115 1
450 95 275 18 2681 1
451 45 268 16 4662 1
452 14 265 14 2625 1
453 102 259 14 1967 1
454 51 267 13 2471 1
455 29 275 28 6482 1
456 50 262 26 3554 1
457 56 255 5 1686 1
458 57 265 14 2721 1
459 35 276 13 2076 1
460 69 276 13 2076 1
461 30 277 17 3880 1
462 59 277 17 3880 1
463 59 267 15 4918 1
464 36 259 26 5871 1
465 30 267 27 8138 1
466 20 257 19 3702 1
467 30 262 12 4713 1
468 30 276 28 5442 1
469 59 276 28 5442 1
470 57 267 16 4430 1
471 43 276 24 5787 1
472 37 276 21 7636 1
473 94 270 15 3641 1
474 37 273 16 3901 1
475 36 267 11 1709 1
476 58 275 14 4839 1
477 171 268 10 2441 1
478 58 261 15 2953 1
479 43 275 21 8650 1
480 58 265 11 4258 1
481 114 270 42 13472 1
482 29 273 21 3164 1
483 35 267 17 6160 1
484 44 275 11 4129 1
485 51 273 17 2541 1
486 28 267 7 1707 1
487 28 261 12 3481 1
488 66 262 1 328 1
489 131 262 1 328 1
490 44 259 20 3172 1
491 36 260 12 3723 1
492 43 260 21 4448 1
493 30 246 8 1276 1
494 44 257 15 5274 1
495 87 257 15 5274 1
496 32 276 28 4206 1
497 36 270 14 1991 1
498 186 255 18 5145 1
499 36 265 13 2898 1
500 50 264 7 2601 1
501 18 264 12 1626 1
502 28 276 24 3574 1
503 24 274 17 5465 1
504 50 257 15 5496 1
505 43 273 18 5067 1
506 21 260 17 3064 1
507 89 275 12 2310 1
508 50 261 14 2058 1
509 50 267 19 6008 1
510 30 275 24 4332 1
511 43 258 21 7883 1
512 31 270 19 7675 1
513 29 246 14 4293 1
514 30 258 27 10011 1
515 50 246 12 3049 1
516 57 277 16 4303 1
517 43 260 22 8098 1
518 36 274 11 2963 1
519 71 274 11 2963 1
520 37 246 11 2071 1
521 108 257 23 8171 1
522 15 260 13 3626 1
523 29 260 13 3626 1
524 93 267 26 7621 1
525 50 258 12 2710 1
526 37 257 23 8713 1
527 73 257 23 8713 1
528 44 273 11 2576 1
529 43 259 9 1299 1
530 85 259 9 1299 1
531 20 259 2 774 1
532 39 259 2 774 1
533 30 246 15 2961 1
534 59 246 15 2961 1
535 44 258 20 5006 1
536 26 277 5 806 1
537 30 262 19 5926 1
538 44 246 23 6679 1
539 31 259 26 5009 1
540 177 260 11 3022 1
541 42 265 10 3919 1
542 83 265 10 3919 1
543 97 260 14 2485 1
544 58 268 10 1749 1
545 16 270 14 3695 1
546 37 260 6 1637 1
547 30 274 7 1779 1
548 59 274 7 1779 1
549 87 273 11 2312 1
550 94 268 9 1495 1
551 102 246 16 4210 1
552 24 277 14 2878 1
553 51 267 19 5094 1
554 101 267 19 5094 1
555 37 265 19 6528 1
556 73 265 19 6528 1
557 17 277 15 3976 1
558 33 277 15 3976 1
559 30 264 23 5888 1
560 38 258 45 11084 1
561 88 262 17 6207 1
562 57 257 9 3317 1
563 37 258 16 5910 1
564 83 273 13 4380 1
565 45 273 18 2857 1
566 85 259 8 2346 1
567 43 261 11 2619 1
568 90 257 8 1689 1
569 179 257 8 1689 1
570 49 258 17 3438 1
571 30 275 19 6388 1
572 58 255 13 4185 1
573 29 255 14 4061 1
574 37 255 12 3700 1
575 44 260 13 3457 1
576 29 276 11 2779 1
577 35 276 14 5713 1
578 93 274 21 3080 1
579 37 273 19 7269 1
580 49 258 19 7202 1
581 45 259 34 9882 1
582 29 257 20 5022 1
583 24 273 22 7563 1
584 9 257 25 9256 1
585 37 262 18 4873 1
586 41 257 28 7603 1
587 48 258 10 3483 1
588 82 260 12 2733 1
589 31 286 17 6989 1
590 43 286 19 6014 1
591 44 284 12 2894 1
592 58 293 9 3785 1
593 115 293 9 3785 1
594 172 293 9 3785 1
595 29 284 15 6315 1
596 58 285 11 1907 1
597 99 284 12 4389 1
598 196 278 10 2985 1
599 26 286 21 8047 1
600 96 284 9 3327 1
601 191 284 9 3327 1
602 35 286 22 8684 1
603 22 299 14 6173 1
604 30 286 10 1614 1
605 59 286 10 1614 1
606 58 278 16 3322 1
607 44 282 17 5773 1
608 13 278 13 4115 1
609 25 278 13 4115 1
610 30 284 12 1806 1
611 63 285 20 6031 1
612 58 284 36 9332 1
613 115 284 36 9332 1
614 24 285 15 4932 1
615 57 294 17 6551 1
616 57 286 6 1516 1
617 29 294 20 4715 1
618 30 279 14 2247 1
619 30 294 12 3086 1
620 58 291 19 4077 1
621 37 278 15 2751 1
622 111 285 40 14613 1
623 58 281 16 5809 1
624 30 279 10 3316 1
625 45 291 13 2614 1
626 58 281 11 3957 1
627 115 281 11 3957 1
628 57 281 29 4583 1
629 113 281 29 4583 1
630 66 292 10 4056 1
631 19 292 18 4692 1
632 37 292 18 4692 1
633 30 292 22 4741 1
634 59 292 22 4741 1
635 58 292 19 5766 1
636 115 292 19 5766 1
637 57 299 22 9076 1
638 29 279 13 3986 1
639 57 279 13 3986 1
640 30 293 13 3034 1
641 59 293 13 3034 1
642 45 291 10 2359 1
643 59 279 17 3133 1
644 117 279 17 3133 1
645 112 282 17 6460 1
646 94 294 16 5424 1
647 104 284 21 3539 1
648 43 279 17 6642 1
649 28 284 19 6122 1
650 31 286 10 3849 1
651 58 294 20 5840 1
652 57 285 12 2041 1
653 31 291 21 6620 1
654 85 278 10 3912 1
655 43 292 38 14251 1
656 143 281 17 7094 1
657 29 294 15 3122 1
658 57 294 15 3122 1
659 30 291 27 3968 1
660 36 294 25 6839 1
661 98 293 16 5647 1
662 30 281 19 4197 1
663 36 285 13 4632 1
664 43 293 19 4454 1
665 61 293 12 3774 1
666 121 293 12 3774 1
667 82 278 13 3515 1
668 55 284 23 6807 1
669 58 279 23 4290 1
670 106 285 16 3753 1
671 57 299 19 7048 1
672 113 299 19 7048 1
673 169 299 19 7048 1
674 28 282 16 5049 1
675 55 282 16 5049 1
676 57 278 13 4951 1
677 56 291 5 1574 1
678 111 291 5 1574 1
679 30 285 24 6673 1
680 154 279 19 7231 1
681 42 299 15 6300 1
682 83 299 15 6300 1
683 37 279 48 10239 1
684 58 285 10 2149 1
685 43 294 12 3828 1
686 58 286 25 5784 1
687 57 300 13 3242 1
688 59 286 13 2601 1
689 117 286 13 2601 1
690 44 294 13 2330 1
691 98 294 18 2862 1
692 227 281 7 1137 1
693 42 299 20 3693 1
694 83 299 20 3693 1
695 57 299 25 6180 1
696 113 299 25 6180 1
697 48 278 6 1859 1
698 95 278 6 1859 1
699 39 278 8 2542 1
700 81 286 21 7097 1
701 58 292 17 4417 1
702 115 292 17 4417 1
703 29 284 31 13105 1
704 57 284 31 13105 1
705 62 282 19 5881 1
706 99 284 30 7565 1
707 30 292 14 2123 1
708 59 292 14 2123 1
709 20 281 13 3308 1
710 84 300 9 3581 1
711 43 284 19 4334 1
712 58 300 15 5547 1
713 115 300 15 5547 1
714 29 300 13 3910 1
715 57 284 39 7134 1
716 105 293 9 3760 1
717 45 293 13 3956 1
718 29 285 11 2376 1
719 56 292 13 4131 1
720 57 284 19 5940 1
721 58 292 32 12906 1
722 115 292 32 12906 1
723 64 293 22 4076 1
724 43 278 10 3112 1
725 28 279 34 5875 1
726 55 279 34 5875 1
727 61 291 7 1580 1
728 58 291 13 3012 1
729 57 291 28 4139 1
730 56 294 22 9274 1
731 58 299 25 9530 1
732 11 284 16 6666 1
733 44 300 29 5094 1
734 38 284 26 9508 1
735 37 278 12 2462 1
736 42 292 22 7228 1
737 29 281 12 4851 1
738 43 279 21 5356 1
739 30 285 16 6017 1
740 59 285 16 6017 1
741 58 279 16 4955 1
742 106 299 14 5160 1
743 58 281 19 3527 1
744 28 293 11 2692 1
745 29 285 21 5626 1
746 43 281 34 10334 1
747 28 285 16 2794 1
748 29 284 11 2208 1
749 54 278 13 2287 1
750 57 338 26 6781 1
751 50 316 31 8498 1
752 79 338 32 7403 1
753 58 349 27 5327 1
754 115 349 27 5327 1
755 58 366 31 15219 1
756 49 336 18 3229 1
757 52 336 12 2342 1
758 78 316 17 6883 1
759 57 338 26 7081 1
760 58 336 14 2430 1
761 115 336 14 2430 1
762 172 336 14 2430 1
763 14 331 14 6384 1
764 27 331 14 6384 1
765 40 331 14 6384 1
766 51 349 33 16996 1
767 36 363 30 13548 1
768 62 336 35 10907 1
769 50 364 18 7337 1
770 57 335 15 3967 1
771 58 338 13 3936 1
772 123 366 47 24191 1
773 50 366 28 12614 1
774 112 323 17 5656 1
775 223 323 17 5656 1
776 334 323 17 5656 1
777 79 363 15 3064 1
778 57 334 15 7344 1
779 16 338 18 7307 1
780 79 318 30 10408 1
781 157 318 30 10408 1
782 79 336 15 5526 1
783 117 337 4 1517 1
784 124 323 18 3582 1
785 50 363 19 3546 1
786 51 335 15 3481 1
787 57 331 16 3779 1
788 113 331 16 3779 1
789 169 331 16 3779 1
790 50 366 31 15269 1
791 99 366 31 15269 1
792 113 316 20 3583 1
793 74 332 24 9554 1
794 13 368 25 13290 1
795 79 331 10 2307 1
796 157 331 10 2307 1
797 235 331 10 2307 1
798 58 305 33 13556 1
799 15 334 39 9875 1
800 79 338 32 14175 1
801 34 349 26 8915 1
802 58 318 19 6812 1
803 17 365 16 7883 1
804 78 334 7 1624 1
805 58 368 20 10751 1
806 50 366 23 9581 1
807 58 333 14 4200 1
808 113 318 20 8622 1
809 78 338 20 3990 1
810 15 363 20 10822 1
811 29 363 20 10822 1
812 58 337 17 6928 1
813 16 316 53 21098 1
814 58 337 18 7711 1
815 57 331 18 5218 1
816 90 337 16 5862 1
817 179 337 16 5862 1
818 79 366 45 16592 1
819 157 366 45 16592 1
820 52 324 50 16137 1
821 73 331 30 13550 1
822 36 335 18 3209 1
823 51 349 21 7367 1
824 51 366 20 4779 1
825 57 336 13 2192 1
826 78 304 19 7971 1
827 51 332 21 9069 1
828 101 332 21 9069 1
829 15 331 41 12232 1
830 72 334 21 5800 1
831 36 331 29 10373 1
832 75 334 25 10984 1
833 57 303 10 2741 1
834 113 335 45 15079 1
835 15 338 35 13654 1
836 29 338 35 13654 1
837 36 333 17 7980 1
838 61 332 13 4990 1
839 80 334 24 10441 1
840 58 368 33 8321 1
841 57 324 27 8272 1
842 58 331 27 7321 1
843 115 331 27 7321 1
844 71 303 26 7614 1
845 79 349 30 13050 1
846 57 365 31 15164 1
847 57 337 14 4639 1
848 113 337 14 4639 1
849 169 337 14 4639 1
850 75 365 12 3994 1
851 58 368 35 16109 1
852 115 368 35 16109 1
853 77 333 13 4289 1
854 57 331 14 5081 1
855 79 336 28 7931 1
856 157 336 28 7931 1
857 37 323 14 3554 1
858 50 332 25 12397 1
859 78 303 29 9457 1
860 12 365 23 5157 1
861 58 337 22 9465 1
862 58 334 39 11869 1
863 115 334 39 11869 1
864 172 334 39 11869 1
865 51 332 31 12166 1
866 73 338 38 11681 1
867 50 324 29 13935 1
868 38 365 29 14652 1
869 79 368 29 15845 1
870 157 368 29 15845 1
871 57 364 31 10959 1
872 57 368 17 6904 1
873 37 335 18 6076 1
874 79 368 33 9580 1
875 15 316 16 5668 1
876 14 324 18 5862 1
877 36 318 16 5587 1
878 51 364 38 18619 1
879 72 364 32 12359 1
880 79 332 37 14672 1
881 157 332 37 14672 1
882 51 337 9 3075 1
883 74 304 13 4423 1
884 13 334 24 9445 1
885 79 333 30 6231 1
886 58 363 26 11655 1
887 104 305 19 6461 1
888 207 305 19 6461 1
889 36 333 24 9255 1
890 51 368 25 8546 1
891 79 363 19 4901 1
892 13 324 16 7170 1
893 50 323 36 8844 1
894 68 349 21 6327 1
895 37 368 8 2475 1
896 36 336 25 8217 1
897 57 334 46 22423 1
898 113 334 46 22423 1
899 58 316 13 2951 1
900 115 316 13 2951 1
901 124 316 17 3355 1
902 247 316 17 3355 1
903 370 316 17 3355 1
904 58 364 12 6531 1
905 35 335 21 4350 1
906 108 364 29 6596 1
907 75 305 17 5254 1
908 50 334 29 6740 1
909 86 324 21 9461 1
910 119 332 37 18392 1
911 111 333 5 1231 1
912 56 318 20 3192 1
913 57 336 48 14312 1
914 14 304 10 3285 1
915 51 334 25 5924 1
916 89 332 30 7691 1
917 50 338 14 3603 1
918 78 318 23 9061 1
919 78 332 22 4773 1
920 37 337 14 5171 1
921 73 337 14 5171 1
922 58 364 18 7571 1
923 73 324 23 6309 1
924 57 337 31 14501 1
925 58 364 24 7480 1
926 16 316 37 15429 1
927 13 316 20 9070 1
928 64 336 50 17223 1
929 33 303 18 6921 1
930 50 318 26 8002 1
931 57 332 30 7206 1
932 179 305 22 8009 1
933 62 334 30 12176 1
934 110 337 15 5203 1
935 51 332 36 11610 1
936 61 332 28 5512 1
937 15 303 49 16128 1
938 57 368 43 13237 1
939 58 304 18 7810 1
940 78 363 7 1816 1
941 51 323 13 3983 1
942 35 332 21 4106 1
943 51 364 19 8720 1
944 50 316 9 3471 1
945 53 368 30 10848 1
946 118 333 27 10124 1
947 50 334 24 5316 1
948 1 332 19 3470 1
949 36 334 33 11850 1
950 56 323 37 6282 1
951 37 338 23 9080 1
952 78 338 11 1999 1
953 77 323 18 7908 1
954 153 323 18 7908 1
955 52 304 14 6005 1
956 58 335 32 10277 1
957 53 349 10 2625 1
958 78 316 20 4363 1
959 79 318 22 8441 1
960 15 365 27 11699 1
961 36 337 20 8970 1
962 85 337 28 13435 1
963 72 323 40 18691 1
964 79 332 18 5677 1
965 58 366 10 2067 1
966 59 334 29 5680 1
967 51 332 12 2432 1
968 79 335 33 14579 1
969 110 337 36 10435 1
970 219 337 36 10435 1
971 51 365 39 10814 1
972 114 338 28 9016 1
973 36 316 27 10282 1
974 79 304 20 8450 1
975 157 304 20 8450 1
976 78 349 19 9062 1
977 57 368 13 4428 1
978 113 368 13 4428 1
979 50 304 18 5540 1
980 99 304 18 5540 1
981 148 304 18 5540 1
982 93 316 11 3746 1
983 79 337 60 22880 1
984 157 337 60 22880 1
985 51 336 29 12618 1
986 79 331 30 7300 1
987 79 349 23 7145 1
988 65 318 26 11546 1
989 73 336 20 5525 1
990 80 399 30 11431 1
991 159 399 30 11431 1
992 238 399 30 11431 1
993 317 399 30 11431 1
994 83 397 31 6239 1
995 79 395 38 20793 1
996 12 395 21 6976 1
997 79 398 21 9276 1
998 79 396 26 8598 1
999 70 397 32 7936 1
1000 86 395 27 15914 1
1001 76 398 29 12714 1
1002 151 396 34 10621 1
1003 78 397 39 19251 1
1004 94 399 42 19110 1
1005 178 397 30 11462 1
1006 77 396 41 13089 1
1007 153 396 41 13089 1
1008 72 397 20 4335 1
1009 88 395 38 17510 1
1010 80 397 34 10948 1
1011 159 397 34 10948 1
1012 113 397 25 8281 1
1013 76 396 48 14546 1
1014 78 399 35 7996 1
1015 88 396 44 21559 1
1016 154 399 25 10695 1
1017 90 398 38 18482 1
1018 88 399 53 19279 1
1019 112 397 28 14670 1
1020 112 396 23 10417 1
1021 79 395 29 8650 1
1022 79 396 24 6616 1
1023 94 397 31 11190 1
1024 103 395 16 6382 1
1025 78 396 25 6104 1
1026 11 395 55 17140 1
1027 87 397 18 4580 1
1028 173 397 18 4580 1
1029 72 396 19 6930 1
1030 94 395 20 7356 1
1031 6 399 17 6848 1
1032 84 399 29 11696 1
1033 167 399 29 11696 1
1034 108 399 15 7632 1
1035 108 399 52 11563 1
1036 89 399 13 6242 1
14
503 620 807 620 700 205 255 700 700 700 700 700 200 460 