1036
1 13 118 32 3288 1
2 25 118 32 3288 1
3 7 134 5 444 1
4 13 134 5 444 1
5 9 125 5 574 1
6 16 137 9 1102 1
7 31 137 9 1102 1
8 46 137 9 1102 1
9 61 137 9 1102 1
10 76 137 9 1102 1
11 91 137 9 1102 1
12 8 125 14 884 1
13 15 125 14 884 1
14 22 125 14 884 1
15 9 134 5 440 1
16 17 134 5 440 1
17 38 138 8 1035 1
18 16 140 33 6630 1
19 2 138 14 1323 1
20 9 129 17 2333 1
21 2 129 81 7869 1
22 3 129 81 7869 1
23 27 129 20 3017 1
24 7 134 19 2069 1
25 16 140 13 2485 1
26 11 137 7 853 1
27 21 137 7 853 1
28 8 118 7 1131 1
29 15 118 7 1131 1
30 22 118 7 1131 1
31 29 118 7 1131 1
32 10 118 9 1171 1
33 8 133 20 1759 1
34 15 133 20 1759 1
35 8 138 9 1299 1
36 15 138 9 1299 1
37 9 129 7 1131 1
38 9 129 6 614 1
39 17 129 6 614 1
40 24 118 9 1083 1
41 26 118 14 1174 1
42 51 118 14 1174 1
43 76 118 14 1174 1
44 101 118 14 1174 1
45 20 133 12 1241 1
46 8 129 11 1751 1
47 9 118 12 860 1
48 17 118 12 860 1
49 25 118 12 860 1
50 33 118 12 860 1
51 41 118 12 860 1
52 9 129 15 2371 1
53 8 138 25 2633 1
54 3 140 18 2098 1
55 30 125 5 451 1
56 25 125 15 1391 1
57 7 125 4 575 1
58 12 133 8 1199 1
59 23 133 8 1199 1
60 5 118 5 835 1
61 9 118 5 835 1
62 13 118 5 835 1
63 8 125 8 1013 1
64 15 125 8 1013 1
65 22 125 8 1013 1
66 9 129 12 2182 1
67 2 138 9 722 1
68 8 132 28 5128 1
69 9 118 5 372 1
70 9 125 7 1055 1
71 19 132 13 1575 1
72 23 129 16 1049 1
73 11 140 11 2174 1
74 21 140 11 2174 1
75 30 125 9 1421 1
76 14 133 7 767 1
77 38 140 41 6718 1
78 8 129 16 1864 1
79 15 129 16 1864 1
80 13 118 11 738 1
81 25 118 11 738 1
82 28 125 38 4963 1
83 10 118 17 2934 1
84 24 129 13 2414 1
85 47 129 13 2414 1
86 2 140 14 1442 1
87 11 125 58 9514 1
88 9 133 10 1909 1
89 17 133 10 1909 1
90 8 140 18 2438 1
91 15 140 18 2438 1
92 22 140 18 2438 1
93 8 118 6 817 1
94 15 118 6 817 1
95 9 125 10 1767 1
96 13 137 4 544 1
97 25 137 4 544 1
98 12 137 7 871 1
99 12 125 19 3226 1
100 9 137 20 2943 1
101 17 137 20 2943 1
102 54 177 9 1782 1
103 44 177 7 975 1
104 59 181 28 6640 1
105 44 161 20 2817 1
106 6 208 15 2169 1
107 39 170 6 528 1
108 77 170 6 528 1
109 33 210 12 3691 1
110 43 188 42 4322 1
111 25 187 23 4696 1
112 44 149 13 2748 1
113 43 151 20 2277 1
114 280 203 18 4172 1
115 43 204 18 3044 1
116 85 204 18 3044 1
117 127 204 18 3044 1
118 22 197 8 1170 1
119 23 181 11 2452 1
120 43 184 23 4485 1
121 44 194 28 3824 1
122 62 199 11 1293 1
123 83 170 16 3134 1
124 16 187 48 6026 1
125 219 188 9 1427 1
126 32 202 38 9903 1
127 16 204 27 5020 1
128 18 205 14 2503 1
129 22 188 9 1204 1
130 18 177 6 698 1
131 45 178 34 4752 1
132 89 178 34 4752 1
133 133 178 34 4752 1
134 44 207 13 1790 1
135 87 207 13 1790 1
136 130 207 13 1790 1
137 181 178 8 2048 1
138 44 181 13 3348 1
139 87 181 13 3348 1
140 17 170 17 3545 1
141 28 177 22 2637 1
142 31 178 19 2846 1
143 22 205 15 2043 1
144 43 184 16 2082 1
145 85 184 16 2082 1
146 42 204 12 1444 1
147 5 151 20 2882 1
148 34 187 13 3272 1
149 67 187 13 3272 1
150 100 187 13 3272 1
151 19 170 21 2370 1
152 15 197 56 9159 1
153 43 195 18 2404 1
154 23 181 10 2392 1
155 73 194 15 2783 1
156 42 188 19 1951 1
157 83 188 19 1951 1
158 43 205 11 1622 1
159 18 204 33 9444 1
160 6 151 10 1693 1
161 48 194 13 2304 1
162 44 151 14 2712 1
163 44 207 16 4467 1
164 87 207 16 4467 1
165 130 207 16 4467 1
166 43 184 11 2716 1
167 66 199 5 969 1
168 44 170 11 1746 1
169 87 170 11 1746 1
170 130 170 11 1746 1
171 5 161 28 6629 1
172 18 204 17 4414 1
173 42 177 18 2969 1
174 18 199 38 7800 1
175 44 177 24 3989 1
176 17 195 16 4154 1
177 19 208 12 2183 1
178 23 167 7 1498 1
179 43 167 10 1748 1
180 85 167 10 1748 1
181 43 205 7 1834 1
182 21 197 13 2172 1
183 19 210 8 1392 1
184 23 194 10 2125 1
185 18 190 14 3658 1
186 47 151 11 891 1
187 65 204 42 6490 1
188 43 181 39 8471 1
189 12 208 10 1227 1
190 42 188 30 5628 1
191 83 188 30 5628 1
192 24 197 8 1727 1
193 41 188 24 3073 1
194 44 208 9 2359 1
195 17 190 11 2202 1
196 17 184 20 5222 1
197 16 151 35 5180 1
198 48 203 16 1959 1
199 44 161 23 5491 1
200 87 161 23 5491 1
201 6 188 40 4555 1
202 66 149 20 3827 1
203 5 205 11 3058 1
204 42 187 15 3394 1
205 65 161 8 925 1
206 19 177 11 1173 1
207 44 149 14 2967 1
208 44 207 24 5238 1
209 22 188 10 1369 1
210 42 167 30 4149 1
211 83 167 30 4149 1
212 44 210 25 5969 1
213 41 177 15 2602 1
214 81 177 15 2602 1
215 43 202 22 4841 1
216 21 210 21 5264 1
217 40 199 9 1851 1
218 79 199 9 1851 1
219 44 187 11 2042 1
220 7 195 16 2777 1
221 24 199 13 2674 1
222 47 199 13 2674 1
223 6 171 12 1372 1
224 9 177 16 3793 1
225 16 208 14 2839 1
226 17 195 12 3227 1
227 43 207 32 8265 1
228 85 207 32 8265 1
229 127 207 32 8265 1
230 21 208 14 3607 1
231 44 149 8 781 1
232 32 149 10 1687 1
233 6 149 12 1354 1
234 44 199 26 4589 1
235 6 204 26 3640 1
236 5 210 35 9075 1
237 16 190 24 4162 1
238 25 171 14 3046 1
239 5 204 27 7847 1
240 16 171 9 810 1
241 42 199 26 5348 1
242 83 199 26 5348 1
243 124 199 26 5348 1
244 165 199 26 5348 1
245 206 199 26 5348 1
246 247 199 26 5348 1
247 288 199 26 5348 1
248 194 195 15 3040 1
249 37 188 2 402 1
250 27 177 14 1526 1
251 14 210 8 1716 1
252 7 202 8 1297 1
253 19 151 30 6545 1
254 43 151 4 798 1
255 85 151 4 798 1
256 88 221 16 2103 1
257 55 221 9 2070 1
258 28 225 31 8061 1
259 57 222 36 5486 1
260 29 239 11 1479 1
261 56 228 9 1654 1
262 49 239 26 4485 1
263 37 244 11 3043 1
264 57 230 29 5060 1
265 28 244 19 3998 1
266 37 243 16 3548 1
267 18 220 40 12530 1
268 27 242 13 3148 1
269 82 212 17 1817 1
270 31 242 19 6136 1
271 61 242 19 6136 1
272 65 222 27 6222 1
273 129 222 27 6222 1
274 28 222 15 3977 1
275 57 239 16 5691 1
276 57 243 12 3584 1
277 44 244 17 4650 1
278 50 222 33 7545 1
279 91 244 32 8845 1
280 181 244 32 8845 1
281 31 220 29 7671 1
282 17 242 29 3703 1
283 38 216 16 5184 1
284 30 221 11 3169 1
285 6 244 18 4420 1
286 38 243 20 4487 1
287 42 225 29 7496 1
288 52 237 4 505 1
289 44 212 16 3954 1
290 45 239 16 4857 1
291 10 245 30 4283 1
292 30 216 23 5888 1
293 30 221 7 1424 1
294 59 221 7 1424 1
295 30 222 15 2696 1
296 63 242 20 3445 1
297 44 212 23 3137 1
298 87 212 23 3137 1
299 130 212 23 3137 1
300 57 237 26 3143 1
301 30 225 10 1364 1
302 59 225 10 1364 1
303 37 245 14 3322 1
304 29 242 17 5579 1
305 57 242 17 5579 1
306 36 237 10 2955 1
307 53 212 21 4438 1
308 30 245 17 2831 1
309 113 243 33 11274 1
310 43 239 9 2801 1
311 51 212 27 5681 1
312 101 212 27 5681 1
313 44 242 17 2833 1
314 75 242 22 3612 1
315 57 216 10 2193 1
316 56 242 19 4606 1
317 43 221 13 3692 1
318 85 221 13 3692 1
319 29 244 14 2007 1
320 44 220 19 6027 1
321 57 244 13 4183 1
322 31 222 17 4921 1
323 61 222 17 4921 1
324 44 221 14 1765 1
325 14 225 8 1117 1
326 69 242 29 10185 1
327 56 239 14 4612 1
328 31 212 21 3157 1
329 49 221 44 9953 1
330 62 245 19 5986 1
331 57 222 10 1772 1
332 58 243 21 5036 1
333 97 221 8 1757 1
334 10 243 16 4981 1
335 59 243 14 2855 1
336 43 225 32 5268 1
337 59 245 14 4979 1
338 46 244 9 2054 1
339 31 225 14 1655 1
340 30 245 14 4457 1
341 30 216 24 7328 1
342 59 212 28 6879 1
343 36 220 10 2642 1
344 44 230 17 3499 1
345 94 230 14 1825 1
346 44 245 27 7901 1
347 29 244 24 8446 1
348 58 239 13 2894 1
349 30 221 18 3857 1
350 31 239 7 1331 1
351 37 221 22 2896 1
352 51 221 10 3099 1
353 84 220 17 2927 1
354 43 242 25 8373 1
355 29 242 12 3100 1
356 101 239 13 2609 1
357 16 225 10 1137 1
358 44 225 29 8083 1
359 58 225 21 5018 1
360 56 237 23 3075 1
361 58 239 18 3408 1
362 100 243 16 4385 1
363 28 239 10 1868 1
364 17 245 14 2214 1
365 33 245 14 2214 1
366 28 216 12 2122 1
367 58 221 14 2582 1
368 52 237 20 6754 1
369 38 237 45 12202 1
370 75 237 45 12202 1
371 105 239 13 2748 1
372 51 237 30 6306 1
373 57 239 16 4975 1
374 44 239 20 6825 1
375 42 230 37 12277 1
376 30 243 29 5896 1
377 6 242 10 1912 1
378 52 221 17 3018 1
379 103 221 17 3018 1
380 154 221 17 3018 1
381 43 244 16 4533 1
382 30 244 38 6273 1
383 46 230 16 5087 1
384 90 216 23 3127 1
385 179 216 23 3127 1
386 30 245 25 7873 1
387 14 230 29 4210 1
388 36 222 22 3652 1
389 56 237 19 6554 1
390 111 237 19 6554 1
391 166 237 19 6554 1
392 38 228 12 2961 1
393 68 216 15 2399 1
394 29 245 17 3842 1
395 57 222 6 698 1
396 58 242 22 5791 1
397 30 245 19 3082 1
398 29 244 40 6194 1
399 37 225 23 3294 1
400 47 239 38 11206 1
401 59 216 19 2591 1
402 27 245 15 3748 1
403 61 244 11 1595 1
404 31 222 28 8392 1
405 31 244 21 2644 1
406 59 230 18 3789 1
407 50 267 16 5946 1
408 29 270 26 5276 1
409 57 255 11 1941 1
410 31 255 17 3212 1
411 81 258 13 3955 1
412 58 270 24 3536 1
413 30 276 16 4421 1
414 71 246 12 3593 1
415 57 260 13 2657 1
416 30 261 9 1615 1
417 43 260 13 4418 1
418 85 260 13 4418 1
419 15 255 20 3493 1
420 29 255 20 3493 1
421 43 246 16 3261 1
422 43 270 21 7926 1
423 79 277 5 1056 1
424 29 276 40 12395 1
425 49 277 20 6728 1
426 51 255 23 7538 1
427 58 255 7 2337 1
428 37 277 29 8358 1
429 73 277 29 8358 1
430 24 270 20 7941 1
431 47 270 20 7941 1
432 70 270 20 7941 1
433 103 257 16 5755 1
434 51 261 9 2435 1
435 51 264 19 6220 1
436 36 255 15 5372 1
437 44 262 15 4933 1
438 144 260 16 2478 1
439 43 246 4 1468 1
440 42 262 13 4206 1
441 83 262 13 4206 1
442 83 270 14 3310 1
443 165 270 14 3310 1
444 29 268 21 3845 1
445 51 262 7 1333 1
446 51 261 25 5659 1
447 37 258 22 6803 1
448 29 261 50 11298 1
449 37 246 20 2865 1
450 37 276 25 8543 1
451 30 273 11 1754 1
452 30 259 4 1494 1
453 120 255 13 3640 1
454 95 265 12 3244 1
455 99 273 12 2619 1
456 29 267 9 1855 1
457 28 274 3 990 1
458 50 273 20 2976 1
459 99 273 20 2976 1
460 36 277 4 1037 1
461 71 277 4 1037 1
462 35 273 9 2928 1
463 69 273 9 2928 1
464 44 265 14 4244 1
465 51 277 7 2669 1
466 37 255 25 9067 1
467 73 255 25 9067 1
468 15 260 18 5039 1
469 15 274 14 3324 1
470 51 268 21 3637 1
471 17 275 3 1110 1
472 33 275 3 1110 1
473 36 268 14 4834 1
474 43 264 20 4912 1
475 85 264 20 4912 1
476 36 264 17 3278 1
477 94 261 12 2249 1
478 29 270 13 4609 1
479 37 267 13 3010 1
480 16 262 22 4287 1
481 57 260 12 2521 1
482 100 273 24 4602 1
483 29 267 12 2796 1
484 30 274 17 4224 1
485 50 273 14 2713 1
486 99 273 14 2713 1
487 84 262 11 2560 1
488 37 260 8 2813 1
489 38 258 13 4157 1
490 75 258 13 4157 1
491 50 274 17 2873 1
492 58 270 25 3647 1
493 115 270 25 3647 1
494 224 260 9 2203 1
495 58 264 25 6354 1
496 15 261 12 1711 1
497 29 261 12 1711 1
498 29 259 15 5261 1
499 44 275 4 857 1
500 95 270 14 2165 1
501 29 265 24 9486 1
502 31 260 9 1394 1
503 99 267 18 3850 1
504 43 246 14 3482 1
505 30 270 18 6783 1
506 59 270 18 6783 1
507 88 270 18 6783 1
508 94 258 15 2457 1
509 87 275 17 5510 1
510 173 275 17 5510 1
511 29 268 8 2403 1
512 43 259 22 6569 1
513 57 264 21 5653 1
514 56 268 10 1794 1
515 38 260 22 7281 1
516 52 267 18 3707 1
517 29 259 13 3136 1
518 112 270 11 2927 1
519 30 246 40 13539 1
520 59 246 40 13539 1
521 37 274 13 2635 1
522 48 260 24 8977 1
523 54 270 9 1531 1
524 27 274 10 2415 1
525 30 246 16 4358 1
526 37 246 19 6162 1
527 57 261 22 4077 1
528 96 255 23 4308 1
529 86 255 23 8684 1
530 171 255 23 8684 1
531 36 257 24 6477 1
532 71 257 24 6477 1
533 42 246 8 2362 1
534 36 264 2 734 1
535 188 261 19 3230 1
536 105 268 23 8798 1
537 43 270 7 2369 1
538 30 246 10 2458 1
539 50 246 14 3472 1
540 99 246 14 3472 1
541 29 259 4 1375 1
542 57 259 4 1375 1
543 32 259 11 1471 1
544 3 259 13 3374 1
545 38 246 19 5199 1
546 75 246 19 5199 1
547 112 246 19 5199 1
548 30 255 6 1720 1
549 59 255 6 1720 1
550 44 267 14 3941 1
551 87 267 14 3941 1
552 36 268 12 3060 1
553 50 258 28 7436 1
554 35 267 24 8052 1
555 30 270 12 3826 1
556 25 265 16 5762 1
557 93 246 21 4856 1
558 37 257 9 1469 1
559 33 277 14 2010 1
560 32 270 22 3496 1
561 44 262 20 7516 1
562 36 268 22 7057 1
563 59 262 19 3453 1
564 42 268 17 6820 1
565 107 277 6 1133 1
566 30 267 8 2702 1
567 40 258 18 5118 1
568 79 258 18 5118 1
569 51 265 20 6132 1
570 101 261 19 7307 1
571 38 261 17 4459 1
572 56 275 18 7414 1
573 57 246 19 5284 1
574 30 268 8 2741 1
575 85 268 18 6714 1
576 49 265 15 5552 1
577 93 264 4 639 1
578 57 259 16 5699 1
579 30 262 24 5856 1
580 14 277 3 1177 1
581 44 255 8 1484 1
582 50 261 13 1725 1
583 28 267 11 3280 1
584 35 273 13 4621 1
585 50 258 19 4579 1
586 14 255 9 1880 1
587 43 257 9 2205 1
588 85 257 9 2205 1
589 43 282 11 2883 1
590 11 299 17 2655 1
591 302 282 16 2783 1
592 92 281 10 2679 1
593 36 291 12 4186 1
594 88 278 18 6797 1
595 175 278 18 6797 1
596 262 278 18 6797 1
597 25 279 9 1690 1
598 18 281 21 8648 1
599 57 282 11 3199 1
600 113 282 11 3199 1
601 44 284 24 6633 1
602 31 285 19 6447 1
603 83 293 31 8128 1
604 57 284 14 4165 1
605 29 278 20 4564 1
606 29 293 12 5238 1
607 31 285 13 2122 1
608 38 294 13 3077 1
609 43 286 10 2285 1
610 31 282 20 3644 1
611 45 299 14 3798 1
612 97 291 17 6484 1
613 60 294 29 4327 1
614 58 292 9 2140 1
615 29 286 12 2283 1
616 58 285 15 5967 1
617 28 284 7 1194 1
618 28 281 12 4842 1
619 55 281 12 4842 1
620 82 279 12 3355 1
621 58 293 20 8083 1
622 36 281 27 7234 1
623 57 293 21 4543 1
624 113 293 21 4543 1
625 57 284 21 4850 1
626 113 284 21 4850 1
627 43 284 8 1699 1
628 30 291 25 5498 1
629 45 293 16 2360 1
630 22 285 13 3119 1
631 38 299 15 4060 1
632 28 299 7 2581 1
633 55 299 7 2581 1
634 96 293 9 2044 1
635 57 286 13 4851 1
636 113 286 13 4851 1
637 43 300 17 4624 1
638 32 285 46 6814 1
639 20 286 10 3352 1
640 34 285 21 7481 1
641 70 292 18 5631 1
642 85 284 12 3532 1
643 44 281 11 2006 1
644 43 285 11 4559 1
645 57 285 11 3168 1
646 28 279 10 2048 1
647 43 278 28 11469 1
648 57 294 12 2495 1
649 58 299 14 4496 1
650 29 281 18 3231 1
651 57 281 18 3231 1
652 28 278 7 1069 1
653 31 279 12 4906 1
654 30 281 14 2835 1
655 91 292 30 8543 1
656 181 292 30 8543 1
657 29 285 15 6279 1
658 58 294 32 11499 1
659 31 286 14 5678 1
660 57 293 19 3486 1
661 58 282 11 3811 1
662 63 286 13 2785 1
663 44 284 13 4748 1
664 37 284 12 3753 1
665 44 292 23 8356 1
666 57 285 17 5110 1
667 25 285 32 6079 1
668 31 286 15 5952 1
669 29 291 15 2596 1
670 57 285 36 10388 1
671 5 291 21 6543 1
672 133 282 10 3064 1
673 148 285 20 3448 1
674 58 285 16 3661 1
675 91 285 13 2299 1
676 57 286 27 9216 1
677 31 284 12 2918 1
678 58 293 11 4020 1
679 105 284 17 5701 1
680 209 284 17 5701 1
681 20 292 6 2050 1
682 43 285 17 6190 1
683 28 282 15 4310 1
684 36 292 13 4682 1
685 108 300 27 5256 1
686 59 292 9 3431 1
687 30 286 8 1791 1
688 29 286 14 5354 1
689 33 299 19 5606 1
690 28 300 23 8793 1
691 55 300 23 8793 1
692 37 291 20 8406 1
693 30 294 15 2419 1
694 61 279 13 3275 1
695 29 284 15 3268 1
696 37 281 19 5640 1
697 30 284 14 4595 1
698 28 284 22 7454 1
699 31 279 26 7895 1
700 57 299 14 5213 1
701 37 281 13 2289 1
702 59 281 10 1916 1
703 22 279 14 4766 1
704 43 279 14 4766 1
705 44 292 16 2365 1
706 31 284 18 7167 1
707 93 291 28 7148 1
708 108 281 7 2068 1
709 44 293 10 2564 1
710 93 284 24 4874 1
711 56 281 10 2965 1
712 17 286 16 5339 1
713 155 294 19 7931 1
714 99 285 11 3141 1
715 59 284 12 4140 1
716 44 285 25 8076 1
717 144 292 21 6936 1
718 57 300 18 4991 1
719 43 278 17 4468 1
720 27 294 22 5319 1
721 32 284 20 8517 1
722 71 291 14 4636 1
723 105 281 13 4886 1
724 67 286 10 3358 1
725 56 278 12 2866 1
726 58 291 15 4076 1
727 57 279 17 5904 1
728 28 291 15 4047 1
729 68 293 28 8993 1
730 57 284 16 6638 1
731 75 299 12 3908 1
732 149 299 12 3908 1
733 57 281 5 1551 1
734 91 284 22 3973 1
735 44 292 18 6760 1
736 44 286 17 6537 1
737 64 281 9 2508 1
738 30 294 32 13672 1
739 57 282 21 7711 1
740 89 299 15 6180 1
741 58 300 35 12305 1
742 29 293 9 2035 1
743 57 278 7 1538 1
744 54 300 28 9543 1
745 91 282 17 5947 1
746 181 282 17 5947 1
747 62 293 12 3473 1
748 89 292 19 7930 1
749 212 285 14 5169 1
750 107 349 45 12188 1
751 36 324 11 2576 1
752 37 368 19 9385 1
753 58 366 14 6122 1
754 123 303 10 3327 1
755 61 304 7 1123 1
756 58 333 34 8502 1
757 82 349 16 5319 1
758 58 338 14 3304 1
759 56 305 19 7002 1
760 111 305 19 7002 1
761 109 323 28 9092 1
762 75 316 13 4550 1
763 149 316 13 4550 1
764 111 363 26 5520 1
765 76 334 29 14347 1
766 37 316 14 4579 1
767 15 336 46 12722 1
768 71 364 16 4686 1
769 141 364 16 4686 1
770 15 337 14 4991 1
771 36 363 20 5610 1
772 57 334 16 3537 1
773 79 349 15 5118 1
774 50 333 14 2893 1
775 50 303 13 5441 1
776 79 323 12 4118 1
777 157 323 12 4118 1
778 16 365 27 7837 1
779 58 305 11 3765 1
780 56 324 20 5959 1
781 111 324 20 5959 1
782 56 304 14 3013 1
783 81 305 25 10549 1
784 79 333 18 4669 1
785 56 338 17 4206 1
786 57 334 32 13476 1
787 51 366 49 25459 1
788 50 303 22 5314 1
789 88 304 33 13021 1
790 175 304 33 13021 1
791 15 368 15 6003 1
792 53 366 36 16761 1
793 115 334 37 7822 1
794 229 334 37 7822 1
795 36 323 26 6813 1
796 129 335 15 5040 1
797 110 349 33 9535 1
798 78 305 13 2537 1
799 36 338 22 9909 1
800 14 332 14 4911 1
801 51 324 11 3405 1
802 121 337 50 19670 1
803 73 324 24 3893 1
804 116 366 25 8629 1
805 36 335 8 2393 1
806 71 333 32 12415 1
807 71 368 14 6343 1
808 79 368 24 4419 1
809 79 323 19 6412 1
810 157 323 19 6412 1
811 83 366 9 4939 1
812 15 334 13 4008 1
813 79 305 14 4300 1
814 58 323 21 6177 1
815 51 318 11 4411 1
816 78 333 22 8186 1
817 155 333 22 8186 1
818 74 331 18 6788 1
819 147 331 18 6788 1
820 93 368 27 5564 1
821 113 324 36 16559 1
822 79 338 15 6658 1
823 157 338 15 6658 1
824 57 333 12 3819 1
825 16 366 14 6601 1
826 51 316 14 3736 1
827 92 365 29 6857 1
828 59 333 26 8260 1
829 17 337 15 3378 1
830 77 324 22 4855 1
831 105 363 17 4119 1
832 123 366 22 8103 1
833 57 304 29 9418 1
834 113 304 29 9418 1
835 73 333 14 3621 1
836 116 333 9 1514 1
837 77 336 32 9177 1
838 153 336 32 9177 1
839 114 364 22 8177 1
840 57 332 15 6137 1
841 123 366 38 16066 1
842 79 335 19 4518 1
843 58 334 39 17808 1
844 79 334 32 14819 1
845 157 334 32 14819 1
846 57 323 32 9622 1
847 37 331 23 4958 1
848 80 335 56 23114 1
849 80 338 16 4775 1
850 57 364 13 5348 1
851 50 332 36 15755 1
852 36 335 31 14169 1
853 88 365 21 9620 1
854 58 363 19 4098 1
855 50 368 21 5953 1
856 99 368 21 5953 1
857 15 368 22 4971 1
858 58 338 40 19825 1
859 36 337 25 10747 1
860 50 334 44 13400 1
861 37 318 23 6412 1
862 15 337 13 4009 1
863 80 304 12 5458 1
864 56 335 53 22410 1
865 111 335 53 22410 1
866 51 305 19 8080 1
867 101 305 19 8080 1
868 50 316 13 3928 1
869 81 336 26 10502 1
870 73 363 15 5884 1
871 145 363 15 5884 1
872 57 334 30 5147 1
873 122 338 29 10870 1
874 37 349 37 7764 1
875 73 349 37 7764 1
876 116 335 17 3022 1
877 37 363 25 9292 1
878 78 303 19 3283 1
879 76 323 27 12556 1
880 14 303 23 3905 1
881 107 318 15 2485 1
882 114 333 39 8946 1
883 79 364 24 6120 1
884 57 364 13 6854 1
885 78 331 15 3769 1
886 155 331 15 3769 1
887 55 364 40 12076 1
888 37 335 22 4262 1
889 73 335 22 4262 1
890 51 324 20 7970 1
891 73 333 15 2791 1
892 145 333 15 2791 1
893 88 324 23 5592 1
894 113 336 22 7711 1
895 58 337 15 4254 1
896 57 333 21 4699 1
897 79 338 16 4439 1
898 57 366 19 8445 1
899 50 366 42 9080 1
900 58 324 15 3792 1
901 15 336 22 9444 1
902 58 332 18 3550 1
903 50 366 40 14607 1
904 88 324 11 2529 1
905 56 316 20 8676 1
906 111 316 20 8676 1
907 79 365 15 7256 1
908 78 334 15 2722 1
909 90 318 24 8517 1
910 16 337 29 8839 1
911 51 331 25 5425 1
912 58 324 13 5997 1
913 115 324 13 5997 1
914 14 304 51 19660 1
915 50 364 27 12300 1
916 57 304 13 5860 1
917 37 338 24 4915 1
918 113 368 13 2845 1
919 57 363 29 8447 1
920 15 338 58 19339 1
921 108 334 32 9824 1
922 37 332 16 3875 1
923 57 364 10 4867 1
924 113 364 10 4867 1
925 58 331 30 13397 1
926 51 368 18 4293 1
927 14 364 32 17378 1
928 78 338 29 10501 1
929 51 323 9 1638 1
930 92 337 23 8054 1
931 106 323 37 12023 1
932 80 331 38 16850 1
933 159 331 38 16850 1
934 106 364 31 10169 1
935 79 323 16 3867 1
936 51 363 31 9719 1
937 14 368 25 12141 1
938 36 333 14 3789 1
939 75 316 25 4523 1
940 78 334 57 28230 1
941 57 316 24 11328 1
942 73 324 23 7950 1
943 57 364 18 8493 1
944 50 303 26 9017 1
945 17 318 41 14730 1
946 6 316 22 9591 1
947 78 324 16 6810 1
948 155 324 16 6810 1
949 232 324 16 6810 1
950 49 324 23 11100 1
951 78 365 35 10120 1
952 50 349 27 10809 1
953 74 323 14 4254 1
954 107 337 30 14364 1
955 79 338 14 6876 1
956 79 318 47 10505 1
957 50 335 16 6809 1
958 79 336 27 9642 1
959 50 332 15 2707 1
960 53 366 37 15429 1
961 113 364 28 11300 1
962 14 336 15 2888 1
963 50 332 16 6687 1
964 76 364 16 6965 1
965 151 364 16 6965 1
966 121 332 23 8136 1
967 76 368 21 5967 1
968 75 332 23 5758 1
969 58 365 15 5679 1
970 58 335 10 4231 1
971 115 335 10 4231 1
972 78 368 26 13088 1
973 16 323 25 9812 1
974 113 349 36 10498 1
975 14 318 30 13962 1
976 79 365 16 3480 1
977 157 365 16 3480 1
978 78 305 13 4584 1
979 78 337 59 28546 1
980 36 366 26 9697 1
981 51 364 24 9681 1
982 58 304 14 3073 1
983 36 305 43 12787 1
984 58 304 15 4832 1
985 58 332 36 10482 1
986 115 332 36 10482 1
987 79 365 17 5975 1
988 79 324 33 13531 1
989 15 304 18 6353 1
990 78 396 39 10367 1
991 85 397 56 18621 1
992 88 399 22 12121 1
993 12 398 28 10139 1
994 77 398 19 6955 1
995 89 395 25 13247 1
996 93 399 42 14867 1
997 71 397 56 28734 1
998 181 397 21 10500 1
999 94 396 25 11604 1
1000 77 398 38 9321 1
1001 153 398 38 9321 1
1002 185 396 46 14044 1
1003 85 395 45 17672 1
1004 86 398 38 19521 1
1005 188 396 33 14334 1
1006 76 399 19 6338 1
1007 87 395 29 8453 1
1008 94 395 40 7950 1
1009 90 398 21 12380 1
1010 78 395 24 9197 1
1011 84 395 28 8382 1
1012 167 395 28 8382 1
1013 11 397 22 4879 1
1014 91 397 38 22059 1
1015 90 395 20 7295 1
1016 79 399 16 5561 1
1017 157 399 16 5561 1
1018 94 399 22 11566 1
1019 180 395 33 8354 1
1020 176 399 40 13987 1
1021 79 399 18 6700 1
1022 157 399 18 6700 1
1023 235 399 18 6700 1
1024 313 399 18 6700 1
1025 78 398 32 12984 1
1026 182 397 45 15866 1
1027 76 396 20 7954 1
1028 90 399 72 26448 1
1029 93 395 24 12029 1
1030 159 399 49 27649 1
1031 80 397 36 8185 1
1032 72 397 20 4785 1
1033 143 397 20 4785 1
1034 214 397 20 4785 1
1035 78 397 29 12335 1
1036 102 396 24 10718 1
14
503 620 807 620 700 205 255 700 700 700 700 700 200 460 