1036
1 14 118 14 930 1
2 2 132 22 1474 1
3 30 133 19 2973 1
4 8 133 7 985 1
5 18 125 15 1333 1
6 35 125 15 1333 1
7 17 133 32 3192 1
8 5 138 10 1180 1
9 7 134 5 640 1
10 13 134 5 640 1
11 19 134 5 640 1
12 7 134 9 972 1
13 29 140 6 521 1
14 57 140 6 521 1
15 85 140 6 521 1
16 113 140 6 521 1
17 12 118 11 1889 1
18 8 134 6 423 1
19 22 133 19 3171 1
20 2 132 7 1290 1
21 9 134 8 1255 1
22 7 133 8 537 1
23 13 133 8 537 1
24 19 133 8 537 1
25 25 133 8 537 1
26 8 132 18 1817 1
27 9 118 25 3086 1
28 17 118 25 3086 1
29 9 129 11 1561 1
30 12 134 24 3857 1
31 38 134 18 2424 1
32 33 125 21 3094 1
33 9 118 7 1049 1
34 24 132 18 3051 1
35 30 134 10 1725 1
36 59 134 10 1725 1
37 3 134 4 488 1
38 18 132 6 965 1
39 9 138 34 2705 1
40 17 138 34 2705 1
41 25 138 34 2705 1
42 3 129 7 1265 1
43 10 132 9 1392 1
44 19 132 9 1392 1
45 2 140 47 3596 1
46 24 140 22 3010 1
47 29 140 22 4264 1
48 57 140 22 4264 1
49 23 133 26 4174 1
50 45 133 26 4174 1
51 7 129 9 836 1
52 2 134 10 1997 1
53 8 137 12 1192 1
54 15 137 12 1192 1
55 22 137 12 1192 1
56 16 133 15 1463 1
57 13 137 5 964 1
58 9 132 9 1300 1
59 7 134 8 1551 1
60 9 129 9 1590 1
61 17 129 9 1590 1
62 25 129 9 1590 1
63 33 129 9 1590 1
64 15 133 9 1502 1
65 11 129 9 798 1
66 35 140 18 3631 1
67 20 133 8 1368 1
68 7 134 23 3234 1
69 9 129 20 3710 1
70 33 138 11 2192 1
71 8 133 23 4582 1
72 26 125 7 783 1
73 51 125 7 783 1
74 13 133 3 589 1
75 25 129 9 922 1
76 1 132 13 1713 1
77 11 125 13 2110 1
78 24 125 6 407 1
79 8 118 3 520 1
80 8 125 38 3550 1
81 8 140 9 1728 1
82 8 133 4 709 1
83 15 133 4 709 1
84 22 133 4 709 1
85 8 129 13 1110 1
86 3 140 8 1019 1
87 28 118 11 720 1
88 27 132 7 528 1
89 8 118 7 1239 1
90 19 129 13 1720 1
91 2 118 4 514 1
92 3 140 33 4183 1
93 8 129 17 1800 1
94 10 118 11 1218 1
95 182 140 13 2662 1
96 15 132 12 1944 1
97 16 137 9 917 1
98 31 137 9 917 1
99 46 137 9 917 1
100 12 138 20 3078 1
101 23 138 20 3078 1
102 22 195 24 2410 1
103 387 190 7 1000 1
104 25 203 11 2433 1
105 43 199 15 2543 1
106 190 202 22 2452 1
107 269 178 22 2015 1
108 22 167 10 1953 1
109 37 208 26 5755 1
110 24 207 34 5505 1
111 43 171 12 3034 1
112 85 171 12 3034 1
113 44 178 18 2370 1
114 87 178 18 2370 1
115 130 178 18 2370 1
116 52 207 11 2979 1
117 24 149 5 405 1
118 18 204 20 2208 1
119 7 207 28 4724 1
120 17 151 6 996 1
121 42 184 12 1620 1
122 43 204 20 3799 1
123 17 170 41 9775 1
124 8 203 39 10671 1
125 53 184 9 1505 1
126 105 184 9 1505 1
127 23 187 18 2937 1
128 44 151 18 2318 1
129 87 151 18 2318 1
130 130 151 18 2318 1
131 44 178 29 2732 1
132 14 203 18 4362 1
133 45 202 17 3216 1
134 19 184 9 1496 1
135 7 184 20 3165 1
136 13 184 20 3165 1
137 41 205 14 3067 1
138 44 210 13 2780 1
139 87 210 13 2780 1
140 43 203 57 5983 1
141 6 194 12 3095 1
142 43 202 25 4043 1
143 7 188 16 3947 1
144 13 188 16 3947 1
145 17 197 12 1831 1
146 66 149 14 1553 1
147 9 187 17 3203 1
148 2 171 13 2378 1
149 36 208 24 3721 1
150 42 190 18 2435 1
151 44 149 8 706 1
152 7 177 26 5616 1
153 43 203 11 1515 1
154 24 178 10 2277 1
155 72 204 14 2386 1
156 22 210 6 1625 1
157 6 205 12 2948 1
158 23 177 6 1241 1
159 42 151 7 1211 1
160 83 151 7 1211 1
161 124 151 7 1211 1
162 23 171 20 5124 1
163 44 167 9 853 1
164 42 202 7 1482 1
165 56 204 15 4468 1
166 7 195 13 1574 1
167 41 204 25 4525 1
168 43 181 13 3159 1
169 45 178 45 6521 1
170 44 188 13 3084 1
171 44 190 5 1224 1
172 43 205 17 4046 1
173 19 170 5 588 1
174 6 151 26 4591 1
175 11 151 26 4591 1
176 43 167 8 1988 1
177 21 195 22 2697 1
178 20 178 5 983 1
179 7 202 18 3732 1
180 44 151 6 1176 1
181 87 151 6 1176 1
182 44 202 8 2154 1
183 87 202 8 2154 1
184 44 208 23 4005 1
185 76 202 19 4608 1
186 43 149 23 3408 1
187 85 149 23 3408 1
188 127 149 23 3408 1
189 15 149 9 1601 1
190 22 181 15 1998 1
191 7 170 15 1905 1
192 50 170 32 7142 1
193 44 194 18 5178 1
194 87 194 18 5178 1
195 130 194 18 5178 1
196 16 187 26 6464 1
197 43 207 29 8006 1
198 6 170 14 3246 1
199 42 187 28 3679 1
200 44 197 25 3244 1
201 87 197 25 3244 1
202 130 197 25 3244 1
203 6 208 14 2379 1
204 40 207 15 1927 1
205 79 207 15 1927 1
206 106 170 26 4500 1
207 16 187 7 877 1
208 31 187 7 877 1
209 46 187 7 877 1
210 16 204 14 2664 1
211 288 171 12 2872 1
212 43 187 24 4685 1
213 44 194 65 18469 1
214 87 194 65 18469 1
215 130 194 65 18469 1
216 173 194 65 18469 1
217 43 190 7 1293 1
218 85 190 7 1293 1
219 45 188 37 10018 1
220 89 188 37 10018 1
221 133 188 37 10018 1
222 19 205 13 3304 1
223 22 190 19 2443 1
224 7 203 9 1738 1
225 6 151 19 2722 1
226 43 210 10 1194 1
227 42 207 52 15601 1
228 83 207 52 15601 1
229 44 205 16 2754 1
230 87 205 16 2754 1
231 44 190 12 1605 1
232 87 190 12 1605 1
233 130 190 12 1605 1
234 173 190 12 1605 1
235 216 190 12 1605 1
236 4 197 23 3320 1
237 7 197 23 3320 1
238 43 207 10 1284 1
239 85 207 10 1284 1
240 127 207 10 1284 1
241 271 204 12 1956 1
242 45 204 12 1906 1
243 89 204 12 1906 1
244 44 181 5 810 1
245 16 187 20 3212 1
246 43 204 10 1952 1
247 54 190 16 2782 1
248 107 190 16 2782 1
249 160 190 16 2782 1
250 213 190 16 2782 1
251 43 203 12 1814 1
252 22 204 21 4691 1
253 44 178 18 4155 1
254 87 178 18 4155 1
255 8 184 9 1626 1
256 18 216 22 3643 1
257 81 244 29 6428 1
258 63 220 20 3332 1
259 50 222 15 2667 1
260 99 222 15 2667 1
261 148 222 15 2667 1
262 197 222 15 2667 1
263 125 222 38 11526 1
264 20 237 29 7227 1
265 57 225 20 4800 1
266 57 221 11 1791 1
267 56 221 28 8703 1
268 54 239 13 2355 1
269 58 220 19 4523 1
270 29 228 12 2237 1
271 107 222 7 1590 1
272 59 243 17 2077 1
273 117 243 17 2077 1
274 42 243 21 4644 1
275 37 228 20 6607 1
276 28 237 10 3332 1
277 55 221 27 7817 1
278 59 222 26 7231 1
279 11 225 15 1830 1
280 30 237 8 1684 1
281 30 225 30 8672 1
282 118 228 10 1460 1
283 29 212 17 3129 1
284 58 243 26 6423 1
285 60 212 16 4023 1
286 57 212 19 3107 1
287 43 228 41 12414 1
288 29 243 17 3490 1
289 43 244 14 4915 1
290 85 244 14 4915 1
291 127 244 14 4915 1
292 29 244 14 2472 1
293 57 244 14 2472 1
294 56 243 66 12412 1
295 51 212 22 4156 1
296 94 212 28 6678 1
297 32 216 16 4497 1
298 51 220 20 4169 1
299 47 243 10 1960 1
300 58 243 10 3351 1
301 115 243 10 3351 1
302 30 221 10 2815 1
303 49 239 22 6679 1
304 58 239 31 6731 1
305 45 228 15 2721 1
306 89 228 15 2721 1
307 96 221 8 1080 1
308 52 242 9 1972 1
309 29 243 9 1285 1
310 49 230 15 3946 1
311 29 216 24 4827 1
312 57 216 24 4827 1
313 58 228 11 2280 1
314 115 228 11 2280 1
315 71 242 23 3842 1
316 37 220 14 3813 1
317 36 242 23 7740 1
318 30 216 25 7328 1
319 43 220 12 2712 1
320 85 220 12 2712 1
321 127 220 12 2712 1
322 30 222 16 4143 1
323 45 243 18 5218 1
324 29 245 10 1718 1
325 42 221 16 1983 1
326 53 225 38 7520 1
327 30 230 12 2367 1
328 42 228 17 2424 1
329 50 242 22 3689 1
330 99 242 22 3689 1
331 44 220 16 3650 1
332 76 230 25 8266 1
333 43 242 13 1958 1
334 37 242 12 2604 1
335 125 243 13 4553 1
336 57 243 20 4763 1
337 57 237 25 4632 1
338 29 242 55 12499 1
339 57 243 22 7062 1
340 43 245 21 6010 1
341 57 228 27 4227 1
342 42 230 10 2493 1
343 54 212 24 5579 1
344 55 242 14 3428 1
345 109 242 14 3428 1
346 42 239 10 1424 1
347 57 237 38 10630 1
348 61 242 24 3115 1
349 38 212 19 2670 1
350 47 212 17 1837 1
351 60 230 17 4593 1
352 59 237 21 4494 1
353 12 221 10 2547 1
354 78 239 16 2315 1
355 58 222 13 2992 1
356 30 242 17 5304 1
357 31 239 14 4541 1
358 56 222 21 4584 1
359 111 222 21 4584 1
360 58 212 21 4604 1
361 43 228 15 4960 1
362 59 242 43 10710 1
363 52 237 16 3567 1
364 102 245 50 15154 1
365 45 225 20 5859 1
366 97 242 33 11407 1
367 74 237 19 3093 1
368 147 237 19 3093 1
369 43 216 25 4309 1
370 85 216 25 4309 1
371 51 244 16 2573 1
372 116 222 11 1610 1
373 31 212 10 3079 1
374 8 242 25 4965 1
375 52 244 18 2746 1
376 5 243 9 2444 1
377 29 244 20 2611 1
378 42 220 16 4540 1
379 104 245 21 6017 1
380 30 221 16 4004 1
381 31 230 18 3702 1
382 61 230 18 3702 1
383 42 222 13 2534 1
384 95 212 9 975 1
385 56 225 23 3844 1
386 15 222 14 4152 1
387 36 222 20 4454 1
388 53 228 10 3276 1
389 42 225 29 5529 1
390 31 245 21 2619 1
391 43 230 27 8593 1
392 91 242 30 5357 1
393 181 242 30 5357 1
394 58 216 13 3310 1
395 45 228 13 1856 1
396 89 228 13 1856 1
397 30 212 10 1842 1
398 16 244 18 3633 1
399 58 220 8 964 1
400 57 244 30 3930 1
401 12 228 9 1241 1
402 61 237 50 16203 1
403 57 221 13 3222 1
404 113 221 13 3222 1
405 12 212 25 5505 1
406 112 221 12 1469 1
407 36 259 15 4844 1
408 71 259 15 4844 1
409 44 259 18 5780 1
410 19 267 17 3563 1
411 37 267 17 3563 1
412 37 246 21 3913 1
413 37 255 9 3388 1
414 36 264 7 1518 1
415 102 276 17 3592 1
416 37 259 20 4996 1
417 64 267 13 4558 1
418 36 257 15 5003 1
419 37 259 17 3559 1
420 36 255 21 6237 1
421 50 262 13 4944 1
422 13 277 8 1195 1
423 30 258 15 4179 1
424 59 258 15 4179 1
425 103 274 11 4260 1
426 205 274 11 4260 1
427 67 257 14 2036 1
428 29 268 23 8389 1
429 44 258 14 3990 1
430 29 276 25 5175 1
431 57 276 25 5175 1
432 30 257 20 6533 1
433 15 274 10 2674 1
434 98 268 8 2909 1
435 30 259 21 7438 1
436 32 275 12 3719 1
437 58 260 14 4313 1
438 95 257 16 2782 1
439 108 258 19 6660 1
440 215 258 19 6660 1
441 36 268 24 4060 1
442 101 260 25 3995 1
443 13 262 13 2809 1
444 30 275 23 9245 1
445 30 275 11 3434 1
446 43 276 16 5065 1
447 44 265 24 9457 1
448 50 264 17 4840 1
449 88 258 23 4324 1
450 26 273 15 5853 1
451 29 275 18 3149 1
452 57 275 18 3149 1
453 53 255 19 3169 1
454 50 265 17 4542 1
455 57 246 18 3036 1
456 57 261 16 4666 1
457 89 265 10 3870 1
458 30 262 14 2228 1
459 43 268 12 4573 1
460 52 277 17 3966 1
461 103 277 17 3966 1
462 23 276 17 4064 1
463 36 268 13 2432 1
464 100 258 8 3001 1
465 131 262 25 6995 1
466 15 277 19 7659 1
467 42 255 16 3135 1
468 38 268 12 4439 1
469 87 260 5 1134 1
470 29 274 11 2232 1
471 29 257 15 2573 1
472 47 258 18 5245 1
473 36 262 12 4304 1
474 15 268 18 7130 1
475 187 277 13 3651 1
476 98 276 11 2278 1
477 30 261 18 5775 1
478 43 265 18 6926 1
479 57 268 23 4013 1
480 38 274 11 3973 1
481 25 276 15 3926 1
482 37 274 16 4590 1
483 44 273 17 6694 1
484 50 268 19 2585 1
485 101 255 7 2080 1
486 57 259 19 6242 1
487 45 260 13 4411 1
488 58 260 14 2308 1
489 14 259 22 8381 1
490 57 257 19 3272 1
491 37 267 14 3709 1
492 58 270 5 1167 1
493 89 277 21 7746 1
494 15 267 20 7756 1
495 43 265 26 5113 1
496 15 268 15 5195 1
497 30 264 16 5259 1
498 57 260 16 5893 1
499 47 276 7 1068 1
500 93 275 12 1916 1
501 37 262 24 6801 1
502 73 262 24 6801 1
503 43 257 10 1339 1
504 36 275 7 2340 1
505 46 270 16 5343 1
506 40 258 14 2561 1
507 36 274 15 6125 1
508 37 258 19 6970 1
509 51 277 21 3621 1
510 90 274 12 4431 1
511 36 246 22 4218 1
512 55 259 20 3720 1
513 109 259 20 3720 1
514 163 259 20 3720 1
515 57 276 15 4898 1
516 57 273 34 13011 1
517 36 259 19 6810 1
518 46 267 4 1473 1
519 91 267 4 1473 1
520 30 257 11 3880 1
521 40 246 21 5424 1
522 35 257 20 7632 1
523 100 267 4 1459 1
524 153 260 15 5807 1
525 100 264 27 7317 1
526 57 277 26 4352 1
527 43 268 21 6736 1
528 36 257 9 1529 1
529 71 257 9 1529 1
530 99 264 16 5821 1
531 93 259 17 3109 1
532 97 255 16 3179 1
533 51 246 15 4480 1
534 58 261 11 1823 1
535 166 257 6 2020 1
536 41 261 22 5350 1
537 81 261 22 5350 1
538 121 261 22 5350 1
539 57 261 11 3952 1
540 51 273 9 2244 1
541 47 257 1 174 1
542 36 276 23 4765 1
543 106 264 25 7077 1
544 211 264 25 7077 1
545 31 258 14 3575 1
546 61 258 14 3575 1
547 100 246 15 2624 1
548 45 260 20 5078 1
549 16 274 24 9163 1
550 22 262 14 5416 1
551 50 264 18 3852 1
552 58 276 19 5697 1
553 30 268 4 1450 1
554 30 274 10 2793 1
555 85 257 33 7702 1
556 110 265 20 3630 1
557 99 273 15 5470 1
558 197 273 15 5470 1
559 44 264 15 2263 1
560 50 264 14 3339 1
561 49 277 16 3586 1
562 57 261 10 2952 1
563 37 265 21 7603 1
564 109 259 18 2639 1
565 21 259 26 5565 1
566 93 276 22 5823 1
567 30 260 14 3833 1
568 30 276 17 4732 1
569 43 273 29 10716 1
570 103 261 23 3044 1
571 43 273 10 2856 1
572 50 260 20 6153 1
573 29 267 13 4169 1
574 29 255 16 2225 1
575 97 264 26 4980 1
576 51 276 16 4200 1
577 43 276 16 3230 1
578 37 260 16 5589 1
579 37 277 19 5263 1
580 30 268 15 5850 1
581 29 261 12 4496 1
582 105 264 17 5283 1
583 37 260 23 7653 1
584 78 257 17 4349 1
585 57 268 15 3763 1
586 45 258 22 4562 1
587 89 258 22 4562 1
588 36 259 10 3467 1
589 99 279 11 4029 1
590 57 284 14 2604 1
591 42 294 15 4454 1
592 44 300 8 2743 1
593 87 300 8 2743 1
594 30 282 19 7417 1
595 43 291 15 3881 1
596 172 282 15 2885 1
597 56 286 34 13185 1
598 44 293 14 5050 1
599 28 285 12 4544 1
600 30 293 13 3712 1
601 29 286 17 3664 1
602 58 284 13 3035 1
603 29 278 11 3529 1
604 57 278 11 3529 1
605 29 294 12 2894 1
606 57 294 12 2894 1
607 44 284 12 2032 1
608 56 286 12 2930 1
609 44 278 33 7035 1
610 29 291 22 6177 1
611 57 291 22 6177 1
612 58 278 24 9685 1
613 57 294 28 11362 1
614 113 294 28 11362 1
615 94 282 18 4634 1
616 56 286 26 5101 1
617 43 282 25 4616 1
618 57 284 14 5759 1
619 57 291 27 7023 1
620 180 292 10 1892 1
621 20 293 17 7386 1
622 116 286 26 5296 1
623 29 292 13 5031 1
624 23 279 16 3684 1
625 43 293 27 11418 1
626 43 278 5 1610 1
627 59 300 12 2548 1
628 36 279 17 6524 1
629 36 279 10 2131 1
630 32 299 21 5478 1
631 42 281 22 4487 1
632 30 293 10 4056 1
633 59 293 10 4056 1
634 92 291 12 2855 1
635 40 293 13 5533 1
636 57 286 20 5931 1
637 44 278 23 6308 1
638 117 299 18 4034 1
639 28 284 13 3442 1
640 43 278 15 4013 1
641 58 282 17 3606 1
642 29 293 36 8583 1
643 57 300 40 6507 1
644 113 300 40 6507 1
645 169 300 40 6507 1
646 29 292 13 3526 1
647 32 294 21 6594 1
648 29 284 18 3886 1
649 58 278 30 12049 1
650 115 278 30 12049 1
651 99 299 14 3966 1
652 29 299 15 3529 1
653 57 299 15 3529 1
654 29 292 23 7462 1
655 29 284 20 8487 1
656 57 284 20 8487 1
657 59 299 11 4319 1
658 117 299 11 4319 1
659 58 286 25 9813 1
660 8 293 44 10766 1
661 58 300 30 12639 1
662 28 291 22 6510 1
663 58 279 23 6143 1
664 43 282 15 5728 1
665 3 279 13 5160 1
666 29 300 8 3082 1
667 97 281 22 4599 1
668 57 299 16 5327 1
669 59 300 15 5843 1
670 117 300 15 5843 1
671 175 300 15 5843 1
672 58 293 20 6868 1
673 29 282 7 2218 1
674 58 278 10 2521 1
675 57 299 22 4862 1
676 113 299 22 4862 1
677 169 299 22 4862 1
678 225 299 22 4862 1
679 24 278 13 4810 1
680 57 286 29 6459 1
681 30 285 22 4861 1
682 59 278 21 6940 1
683 56 284 15 2360 1
684 56 294 10 4255 1
685 44 282 14 5736 1
686 57 292 17 6477 1
687 30 299 11 1945 1
688 28 281 21 4465 1
689 30 293 13 3233 1
690 166 278 41 15286 1
691 44 299 15 4678 1
692 56 294 10 3518 1
693 58 286 16 3322 1
694 43 281 21 8144 1
695 110 284 24 9536 1
696 29 293 13 4050 1
697 5 279 7 1860 1
698 31 292 12 3915 1
699 30 279 13 3696 1
700 57 282 25 7499 1
701 58 281 21 7612 1
702 44 282 9 1433 1
703 87 282 9 1433 1
704 44 286 21 6974 1
705 102 286 15 5981 1
706 203 286 15 5981 1
707 14 293 11 2794 1
708 31 299 16 5028 1
709 58 284 13 4045 1
710 42 299 14 5424 1
711 29 284 21 4384 1
712 82 299 18 7351 1
713 271 279 8 2483 1
714 31 292 10 3898 1
715 42 294 25 9214 1
716 57 279 30 10004 1
717 49 293 13 2418 1
718 105 282 24 5642 1
719 57 285 16 2593 1
720 42 279 11 3800 1
721 59 291 17 3101 1
722 68 282 12 2251 1
723 135 282 12 2251 1
724 29 284 9 2988 1
725 28 294 32 7066 1
726 58 284 26 8026 1
727 115 284 26 8026 1
728 57 281 11 3722 1
729 110 279 13 2419 1
730 59 278 19 5696 1
731 117 278 19 5696 1
732 44 293 11 1900 1
733 29 286 8 2125 1
734 43 278 30 4584 1
735 45 285 11 3548 1
736 96 286 11 3768 1
737 30 292 10 3853 1
738 59 292 10 3853 1
739 17 286 19 4819 1
740 60 291 15 6101 1
741 58 278 22 4119 1
742 29 294 9 2542 1
743 59 299 14 3125 1
744 60 299 9 3428 1
745 106 282 10 2096 1
746 12 293 18 6221 1
747 25 292 17 2646 1
748 58 286 32 7637 1
749 115 286 32 7637 1
750 62 318 32 14755 1
751 58 323 20 6959 1
752 115 323 20 6959 1
753 172 323 20 6959 1
754 229 323 20 6959 1
755 78 324 22 6926 1
756 14 323 12 3869 1
757 15 333 25 5914 1
758 36 304 11 2923 1
759 16 335 31 6082 1
760 31 335 31 6082 1
761 122 305 10 2015 1
762 93 331 24 9421 1
763 9 331 34 10108 1
764 123 337 46 23173 1
765 57 336 10 4472 1
766 78 337 31 11250 1
767 51 363 15 5329 1
768 116 318 27 11744 1
769 231 318 27 11744 1
770 79 304 31 13419 1
771 157 304 31 13419 1
772 235 304 31 13419 1
773 37 304 20 3836 1
774 73 304 20 3836 1
775 109 304 20 3836 1
776 59 366 10 2942 1
777 70 366 17 8492 1
778 51 336 17 2929 1
779 75 304 23 3987 1
780 86 365 32 11242 1
781 106 334 16 2741 1
782 51 331 25 9478 1
783 101 331 25 9478 1
784 50 365 18 9214 1
785 110 324 16 4881 1
786 37 303 19 3620 1
787 78 332 25 10628 1
788 155 332 25 10628 1
789 232 332 25 10628 1
790 75 332 27 8580 1
791 51 316 34 12193 1
792 61 333 21 5278 1
793 37 323 15 4979 1
794 79 324 12 4307 1
795 117 332 19 4727 1
796 71 305 46 11302 1
797 91 337 42 10491 1
798 78 334 30 11589 1
799 78 335 25 7838 1
800 52 365 11 3154 1
801 37 368 24 10082 1
802 73 368 24 10082 1
803 37 363 10 5291 1
804 58 365 21 4394 1
805 54 364 24 12423 1
806 68 305 15 4501 1
807 79 305 9 1446 1
808 119 323 36 8221 1
809 78 333 42 14035 1
810 79 334 18 6400 1
811 38 337 7 2637 1
812 109 318 12 5137 1
813 50 365 28 13172 1
814 17 349 38 6885 1
815 79 332 20 6789 1
816 78 323 14 6237 1
817 57 324 26 6956 1
818 74 336 21 9394 1
819 51 365 27 5988 1
820 36 368 12 3831 1
821 71 368 12 3831 1
822 16 316 30 9203 1
823 77 335 39 13789 1
824 14 363 58 30638 1
825 58 318 27 9848 1
826 74 305 30 12900 1
827 147 305 30 12900 1
828 73 303 13 4195 1
829 50 366 33 17241 1
830 57 303 18 5027 1
831 36 331 14 5750 1
832 75 318 29 8302 1
833 24 324 24 9005 1
834 124 338 17 7178 1
835 13 365 19 6543 1
836 13 337 35 7992 1
837 79 335 31 5738 1
838 56 324 15 2438 1
839 50 337 47 22253 1
840 57 333 19 8480 1
841 78 332 31 15329 1
842 155 332 31 15329 1
843 50 318 27 7301 1
844 79 364 14 3137 1
845 57 365 26 8094 1
846 59 324 31 10085 1
847 36 318 29 10452 1
848 116 333 27 6064 1
849 79 324 34 5999 1
850 37 349 52 17441 1
851 79 365 27 5241 1
852 58 349 31 13382 1
853 58 364 25 7496 1
854 58 363 10 3518 1
855 115 363 10 3518 1
856 53 337 19 3246 1
857 14 303 34 15097 1
858 78 363 22 9470 1
859 15 318 17 7258 1
860 89 334 16 6379 1
861 14 318 24 10608 1
862 65 303 15 2522 1
863 57 365 12 2706 1
864 15 365 22 9642 1
865 29 365 22 9642 1
866 79 363 22 11795 1
867 57 334 12 4993 1
868 78 338 22 8437 1
869 155 338 22 8437 1
870 79 331 15 3681 1
871 16 336 26 4522 1
872 36 338 19 3733 1
873 32 363 26 6996 1
874 13 331 13 4930 1
875 51 334 22 7678 1
876 37 364 22 11980 1
877 86 331 24 4291 1
878 79 323 9 2083 1
879 72 338 28 6986 1
880 51 366 16 8694 1
881 79 305 23 4409 1
882 32 305 32 8340 1
883 16 332 21 3491 1
884 31 332 21 3491 1
885 13 303 15 6356 1
886 57 324 23 8691 1
887 57 338 22 9239 1
888 113 338 22 9239 1
889 58 331 16 6114 1
890 103 363 23 5916 1
891 57 335 25 10559 1
892 78 316 13 4949 1
893 50 337 18 3719 1
894 79 303 25 8298 1
895 57 365 24 12451 1
896 51 368 32 15314 1
897 60 333 12 4284 1
898 74 333 25 11265 1
899 57 363 35 9070 1
900 12 365 15 5725 1
901 58 368 11 3197 1
902 17 335 7 2335 1
903 105 337 27 5172 1
904 51 332 17 4021 1
905 58 337 31 7824 1
906 115 337 31 7824 1
907 78 349 20 8785 1
908 74 304 15 5388 1
909 79 333 36 17190 1
910 51 324 21 4033 1
911 57 324 14 2769 1
912 113 324 14 2769 1
913 78 349 31 6395 1
914 13 364 26 13414 1
915 78 338 32 9438 1
916 57 366 14 3784 1
917 74 305 23 7865 1
918 54 368 62 16992 1
919 79 337 29 10546 1
920 50 323 14 2442 1
921 79 323 33 7912 1
922 58 305 18 5910 1
923 77 335 36 6895 1
924 73 368 21 10688 1
925 15 305 10 3423 1
926 35 363 40 21445 1
927 79 338 36 8115 1
928 57 338 43 9210 1
929 57 338 39 18839 1
930 113 338 39 18839 1
931 116 349 25 11868 1
932 51 304 22 4618 1
933 14 337 33 7627 1
934 52 366 37 8304 1
935 15 338 25 11036 1
936 29 338 25 11036 1
937 50 304 39 15300 1
938 99 304 39 15300 1
939 53 333 24 11056 1
940 14 363 11 2891 1
941 27 363 11 2891 1
942 72 305 47 14780 1
943 79 303 26 7943 1
944 54 303 17 6279 1
945 78 337 30 13880 1
946 155 337 30 13880 1
947 57 331 28 5774 1
948 92 304 26 7828 1
949 79 305 18 5937 1
950 157 305 18 5937 1
951 13 332 24 6362 1
952 50 349 16 5410 1
953 50 324 9 3048 1
954 75 363 47 21930 1
955 97 331 20 9754 1
956 15 338 21 9518 1
957 36 336 18 5048 1
958 57 365 26 6192 1
959 79 336 22 9012 1
960 118 349 22 7145 1
961 58 365 17 7797 1
962 19 324 38 18283 1
963 55 331 28 12030 1
964 72 323 22 5999 1
965 13 364 46 23485 1
966 25 364 46 23485 1
967 36 305 16 6516 1
968 73 332 23 8803 1
969 83 368 24 9264 1
970 114 337 35 9064 1
971 72 335 19 5472 1
972 50 368 14 4975 1
973 74 333 33 12288 1
974 51 333 53 25997 1
975 50 366 37 8072 1
976 78 316 32 11288 1
977 59 324 36 7498 1
978 79 365 27 8231 1
979 71 368 41 8991 1
980 74 304 15 4175 1
981 50 332 20 9897 1
982 78 368 46 11261 1
983 90 338 40 16390 1
984 50 323 20 8186 1
985 99 323 20 8186 1
986 73 365 15 3397 1
987 79 349 14 4299 1
988 58 303 11 2534 1
989 81 349 29 5994 1
990 78 399 16 3874 1
991 95 395 20 9336 1
992 79 399 39 12659 1
993 86 396 39 21553 1
994 183 397 21 7988 1
995 91 398 28 12251 1
996 164 396 44 13040 1
997 90 398 28 12373 1
998 90 398 26 9150 1
999 154 395 32 8099 1
1000 79 399 35 12526 1
1001 157 399 35 12526 1
1002 86 398 27 6952 1
1003 189 395 24 7761 1
1004 164 395 42 21683 1
1005 79 395 44 14236 1
1006 157 395 44 14236 1
1007 87 399 34 8537 1
1008 91 399 47 24331 1
1009 76 395 38 8199 1
1010 151 395 38 8199 1
1011 90 398 26 7386 1
1012 78 397 27 10756 1
1013 74 397 29 12350 1
1014 147 397 29 12350 1
1015 79 395 39 20518 1
1016 78 395 26 5593 1
1017 78 397 40 8507 1
1018 73 396 30 7116 1
1019 78 397 22 7361 1
1020 145 395 24 6717 1
1021 80 395 37 13894 1
1022 77 399 41 9243 1
1023 85 398 25 8935 1
1024 80 396 30 11144 1
1025 188 398 43 9006 1
1026 86 399 27 15930 1
1027 79 397 44 10264 1
1028 75 396 22 12465 1
1029 79 397 32 10475 1
1030 157 397 32 10475 1
1031 89 398 28 12557 1
1032 77 398 38 10931 1
1033 153 398 38 10931 1
1034 116 395 29 14544 1
1035 79 398 36 10010 1
1036 77 397 33 11932 1
14
503 620 807 620 700 205 255 700 700 700 700 700 200 460 