1036
1 15 125 3 379 1
2 8 132 35 2427 1
3 20 134 66 12793 1
4 39 134 66 12793 1
5 58 134 66 12793 1
6 77 134 66 12793 1
7 8 140 7 1453 1
8 15 140 7 1453 1
9 22 140 7 1453 1
10 29 140 7 1453 1
11 36 140 7 1453 1
12 43 140 7 1453 1
13 9 138 4 434 1
14 17 138 4 434 1
15 7 137 8 1160 1
16 8 132 7 586 1
17 3 134 8 657 1
18 14 129 32 4583 1
19 27 129 32 4583 1
20 15 129 15 2106 1
21 25 133 41 4949 1
22 8 140 15 1100 1
23 23 125 13 865 1
24 45 125 13 865 1
25 8 134 8 959 1
26 2 118 9 613 1
27 8 137 68 6465 1
28 8 133 14 1518 1
29 8 137 5 616 1
30 15 137 5 616 1
31 22 137 5 616 1
32 29 137 5 616 1
33 32 133 6 633 1
34 63 133 6 633 1
35 13 138 15 2850 1
36 3 137 5 633 1
37 21 138 6 517 1
38 7 125 16 2257 1
39 13 125 16 2257 1
40 19 125 16 2257 1
41 25 125 16 2257 1
42 8 138 26 2359 1
43 15 138 26 2359 1
44 6 132 17 1670 1
45 28 125 24 3331 1
46 31 134 7 1406 1
47 61 134 7 1406 1
48 2 125 5 780 1
49 8 138 15 2905 1
50 9 140 5 874 1
51 36 129 20 3690 1
52 9 134 8 641 1
53 17 134 8 641 1
54 8 140 30 5325 1
55 9 140 5 706 1
56 21 118 17 1534 1
57 41 118 17 1534 1
58 17 134 17 2255 1
59 33 134 17 2255 1
60 67 118 21 3344 1
61 10 137 12 2439 1
62 9 137 7 1026 1
63 17 137 7 1026 1
64 25 137 7 1026 1
65 33 137 7 1026 1
66 23 134 8 1548 1
67 14 137 8 611 1
68 31 132 7 655 1
69 13 118 8 1302 1
70 23 134 8 1018 1
71 45 134 8 1018 1
72 67 134 8 1018 1
73 26 137 10 712 1
74 22 140 9 1467 1
75 43 140 9 1467 1
76 11 140 19 2628 1
77 13 140 11 2245 1
78 20 138 13 2170 1
79 39 138 13 2170 1
80 2 140 15 1254 1
81 19 118 9 1522 1
82 12 134 6 1120 1
83 9 118 20 2831 1
84 8 138 11 1787 1
85 7 132 12 1826 1
86 9 138 22 4481 1
87 17 138 22 4481 1
88 26 134 19 3674 1
89 8 132 18 2450 1
90 15 132 9 1743 1
91 8 118 14 1957 1
92 15 118 14 1957 1
93 3 138 14 1361 1
94 8 138 21 1760 1
95 15 138 21 1760 1
96 22 138 21 1760 1
97 8 137 8 1155 1
98 15 137 8 1155 1
99 22 137 8 1155 1
100 29 137 8 1155 1
101 36 137 8 1155 1
102 75 151 7 1037 1
103 16 184 23 3454 1
104 17 208 17 2568 1
105 13 181 7 769 1
106 43 177 5 799 1
107 17 177 20 3246 1
108 45 199 12 1429 1
109 89 199 12 1429 1
110 43 202 10 2853 1
111 44 204 29 6463 1
112 29 190 24 6721 1
113 57 190 24 6721 1
114 44 207 32 8287 1
115 22 171 15 2614 1
116 43 149 11 2199 1
117 85 149 11 2199 1
118 13 202 8 1907 1
119 20 203 21 5242 1
120 45 151 14 1328 1
121 89 151 14 1328 1
122 133 151 14 1328 1
123 177 151 14 1328 1
124 221 151 14 1328 1
125 265 151 14 1328 1
126 45 184 9 2320 1
127 70 204 8 893 1
128 17 188 22 3697 1
129 43 190 17 4682 1
130 24 199 38 3984 1
131 8 167 9 1942 1
132 68 204 29 3464 1
133 6 194 18 3813 1
134 43 190 11 1381 1
135 4 167 38 6784 1
136 19 204 16 4479 1
137 46 205 10 2013 1
138 91 205 10 2013 1
139 17 188 10 1161 1
140 7 171 3 715 1
141 45 204 8 1652 1
142 89 204 8 1652 1
143 133 204 8 1652 1
144 177 204 8 1652 1
145 57 205 30 8888 1
146 45 167 12 1374 1
147 49 197 22 3310 1
148 44 210 26 6393 1
149 18 171 6 1059 1
150 41 178 18 2825 1
151 43 161 28 4671 1
152 85 161 28 4671 1
153 16 202 16 2471 1
154 31 202 16 2471 1
155 15 208 11 2628 1
156 60 210 9 1427 1
157 43 167 13 1961 1
158 28 170 8 1056 1
159 55 170 8 1056 1
160 43 202 17 4644 1
161 85 202 17 4644 1
162 6 170 27 6372 1
163 43 178 19 1737 1
164 43 177 12 1592 1
165 6 207 5 1156 1
166 44 207 14 1702 1
167 87 207 14 1702 1
168 7 208 6 882 1
169 15 190 8 814 1
170 24 190 18 2008 1
171 18 197 26 6284 1
172 16 210 9 2801 1
173 44 197 15 2663 1
174 21 184 33 3378 1
175 45 190 25 6039 1
176 45 188 4 1031 1
177 89 188 4 1031 1
178 238 208 8 1788 1
179 78 199 11 1700 1
180 44 207 40 12007 1
181 32 210 23 2743 1
182 63 197 27 4522 1
183 4 149 11 2447 1
184 23 167 11 1973 1
185 44 178 16 4113 1
186 43 178 11 1874 1
187 7 204 22 4160 1
188 23 194 11 1329 1
189 43 170 6 1279 1
190 85 170 6 1279 1
191 43 208 33 6759 1
192 5 208 4 491 1
193 15 177 16 3431 1
194 29 177 16 3431 1
195 16 208 24 6915 1
196 8 199 6 1292 1
197 17 190 16 3427 1
198 22 177 20 4249 1
199 16 207 8 2160 1
200 6 202 23 4017 1
201 44 197 13 1743 1
202 87 197 13 1743 1
203 43 197 25 3994 1
204 23 199 16 3597 1
205 60 171 62 14457 1
206 119 171 62 14457 1
207 44 195 18 5239 1
208 87 195 18 5239 1
209 130 195 18 5239 1
210 20 181 17 2528 1
211 41 195 5 1372 1
212 7 205 39 8755 1
213 46 204 29 7168 1
214 18 208 26 6711 1
215 44 210 18 4900 1
216 13 178 12 3004 1
217 6 161 27 4654 1
218 44 194 18 3249 1
219 44 177 13 2974 1
220 6 203 9 2664 1
221 16 194 15 4200 1
222 18 167 18 2513 1
223 16 167 5 745 1
224 43 205 14 2925 1
225 85 205 14 2925 1
226 127 205 14 2925 1
227 16 188 22 3034 1
228 63 203 10 1285 1
229 43 149 28 5305 1
230 85 149 28 5305 1
231 127 149 28 5305 1
232 169 149 28 5305 1
233 21 210 17 3399 1
234 7 187 10 2088 1
235 5 210 25 4020 1
236 9 210 25 4020 1
237 6 207 15 3831 1
238 46 161 15 2862 1
239 33 151 9 1491 1
240 65 151 9 1491 1
241 14 194 20 3075 1
242 43 197 12 2555 1
243 42 190 11 1241 1
244 44 203 20 3676 1
245 22 204 11 1741 1
246 44 208 28 7361 1
247 87 208 28 7361 1
248 130 208 28 7361 1
249 173 208 28 7361 1
250 16 202 11 3267 1
251 45 207 26 6262 1
252 89 207 26 6262 1
253 44 149 19 3160 1
254 44 199 8 1611 1
255 16 187 15 2682 1
256 62 244 12 4160 1
257 123 244 12 4160 1
258 184 244 12 4160 1
259 30 221 27 7872 1
260 59 221 27 7872 1
261 30 220 7 1579 1
262 27 222 26 6537 1
263 31 221 11 2372 1
264 11 221 14 2531 1
265 54 222 28 5537 1
266 30 222 11 2113 1
267 30 244 32 8665 1
268 59 244 32 8665 1
269 106 222 20 5315 1
270 43 228 17 4176 1
271 105 244 50 12498 1
272 92 244 15 4060 1
273 13 237 31 9225 1
274 43 237 28 5136 1
275 35 237 22 4287 1
276 56 221 28 4693 1
277 20 221 26 6051 1
278 49 216 6 1564 1
279 70 220 31 8737 1
280 139 220 31 8737 1
281 44 239 7 1359 1
282 29 244 18 2234 1
283 97 216 11 2937 1
284 43 220 16 4375 1
285 85 220 16 4375 1
286 37 243 12 2625 1
287 12 225 20 6376 1
288 31 221 12 3375 1
289 61 221 12 3375 1
290 54 245 28 9049 1
291 10 220 37 11131 1
292 36 244 25 6086 1
293 57 237 14 4309 1
294 95 212 15 2881 1
295 42 216 35 3863 1
296 50 222 7 1243 1
297 27 245 31 10526 1
298 14 242 10 3362 1
299 59 230 27 6160 1
300 16 220 21 3846 1
301 98 221 9 2512 1
302 57 212 12 1414 1
303 6 243 22 7763 1
304 2 242 23 6136 1
305 17 222 28 4233 1
306 29 220 19 3138 1
307 30 230 13 1724 1
308 57 245 27 4327 1
309 113 245 27 4327 1
310 58 244 36 5242 1
311 115 244 36 5242 1
312 56 220 23 7122 1
313 56 237 6 1288 1
314 60 212 28 6836 1
315 37 220 23 6052 1
316 30 243 18 2965 1
317 29 225 17 4097 1
318 57 225 17 4097 1
319 43 222 32 7988 1
320 85 222 32 7988 1
321 127 222 32 7988 1
322 58 242 13 2414 1
323 49 245 20 2757 1
324 44 239 26 8286 1
325 38 222 12 3093 1
326 29 237 12 1909 1
327 103 242 25 3944 1
328 29 222 19 5467 1
329 31 225 22 3454 1
330 31 222 5 842 1
331 38 245 22 3637 1
332 57 222 4 707 1
333 58 230 20 3115 1
334 24 228 25 4661 1
335 30 244 35 4956 1
336 52 243 11 2514 1
337 103 243 11 2514 1
338 154 243 11 2514 1
339 54 225 36 10028 1
340 52 228 9 2199 1
341 57 212 18 4678 1
342 12 212 14 2996 1
343 30 230 15 4360 1
344 59 230 15 4360 1
345 88 230 15 4360 1
346 58 228 26 3250 1
347 43 212 22 5833 1
348 50 237 17 2329 1
349 15 243 11 3521 1
350 60 242 25 7053 1
351 31 245 10 2325 1
352 57 239 11 2534 1
353 113 239 11 2534 1
354 63 216 20 3521 1
355 108 244 17 3647 1
356 29 244 8 2907 1
357 44 244 15 3104 1
358 57 239 9 2470 1
359 38 245 14 4381 1
360 57 225 7 1733 1
361 32 225 13 2729 1
362 86 225 18 3044 1
363 47 221 21 4270 1
364 47 222 15 2820 1
365 58 230 18 2565 1
366 59 221 28 7395 1
367 44 212 20 2810 1
368 30 230 18 4960 1
369 58 245 7 1009 1
370 45 237 31 4633 1
371 98 245 37 11814 1
372 30 230 19 3446 1
373 88 221 24 3488 1
374 110 220 26 7265 1
375 30 216 12 2111 1
376 59 216 12 2111 1
377 97 243 9 1591 1
378 30 221 21 4407 1
379 59 221 21 4407 1
380 43 242 21 2868 1
381 13 222 32 9334 1
382 25 222 32 9334 1
383 37 222 32 9334 1
384 56 220 8 1346 1
385 111 220 8 1346 1
386 87 228 18 4495 1
387 43 239 26 7581 1
388 31 222 27 3704 1
389 43 212 10 2018 1
390 44 222 18 5620 1
391 43 237 15 4748 1
392 18 237 8 1437 1
393 61 244 26 8886 1
394 59 216 19 3311 1
395 30 243 40 9072 1
396 43 221 15 4750 1
397 39 242 32 4937 1
398 77 242 32 4937 1
399 28 243 10 2701 1
400 29 230 19 3012 1
401 57 230 19 3012 1
402 58 228 8 1957 1
403 115 228 8 1957 1
404 29 221 24 7732 1
405 71 245 10 2331 1
406 30 222 19 5373 1
407 43 268 9 1312 1
408 29 260 11 3724 1
409 31 261 10 2239 1
410 46 268 12 4281 1
411 38 267 13 4828 1
412 14 265 15 4443 1
413 52 255 14 2490 1
414 44 273 18 5034 1
415 101 260 5 993 1
416 30 267 17 2476 1
417 50 255 21 5567 1
418 176 257 2 636 1
419 36 261 22 4273 1
420 37 261 23 6884 1
421 26 260 12 2699 1
422 36 273 12 3369 1
423 44 258 10 1345 1
424 30 268 6 2218 1
425 34 275 18 4995 1
426 30 273 21 4543 1
427 50 270 10 2111 1
428 30 264 22 4264 1
429 21 276 16 2410 1
430 36 270 16 3061 1
431 42 246 15 2372 1
432 83 246 15 2372 1
433 51 265 6 2383 1
434 43 261 13 1747 1
435 44 255 17 4059 1
436 87 255 17 4059 1
437 50 257 8 2155 1
438 36 267 25 8544 1
439 37 262 20 3467 1
440 73 262 20 3467 1
441 44 246 24 6209 1
442 87 246 24 6209 1
443 29 268 34 5004 1
444 57 268 34 5004 1
445 29 257 28 5900 1
446 50 264 19 7430 1
447 52 273 14 5180 1
448 32 259 19 5774 1
449 32 259 25 9244 1
450 42 276 16 6131 1
451 44 258 25 8080 1
452 40 276 23 9439 1
453 30 265 23 3433 1
454 84 264 10 3691 1
455 99 274 18 6673 1
456 28 268 15 4850 1
457 51 260 8 1663 1
458 57 273 19 4721 1
459 44 267 10 3618 1
460 37 273 20 2818 1
461 30 264 7 1788 1
462 59 264 7 1788 1
463 56 275 19 7818 1
464 29 277 14 4013 1
465 16 268 15 4954 1
466 16 267 10 2588 1
467 44 275 10 1785 1
468 29 246 5 734 1
469 14 258 20 6441 1
470 35 262 20 5062 1
471 30 265 10 3193 1
472 36 276 20 7575 1
473 90 273 15 5472 1
474 44 264 17 4200 1
475 30 265 19 5869 1
476 51 258 22 5302 1
477 51 276 19 6921 1
478 60 277 21 4828 1
479 29 276 21 3958 1
480 30 261 25 5099 1
481 59 261 25 5099 1
482 57 258 4 1112 1
483 93 260 16 4210 1
484 36 276 17 3088 1
485 30 277 11 2237 1
486 29 259 2 307 1
487 40 277 9 1279 1
488 37 262 21 3767 1
489 93 277 13 2129 1
490 44 275 14 2627 1
491 44 264 11 2797 1
492 90 275 18 3410 1
493 24 277 4 755 1
494 47 277 4 755 1
495 30 255 9 1370 1
496 14 273 7 1474 1
497 30 268 17 6633 1
498 44 259 12 1770 1
499 87 259 12 1770 1
500 30 264 13 3429 1
501 51 267 19 5243 1
502 101 267 19 5243 1
503 50 264 15 4809 1
504 95 274 10 2108 1
505 51 265 18 5940 1
506 31 262 2 628 1
507 37 257 29 5156 1
508 38 276 14 5109 1
509 20 257 9 2978 1
510 50 268 22 3829 1
511 30 260 10 2908 1
512 44 277 7 1782 1
513 36 257 12 2673 1
514 44 259 12 4645 1
515 43 255 25 6438 1
516 85 255 25 6438 1
517 43 246 16 3798 1
518 46 273 23 7481 1
519 48 275 17 6336 1
520 44 267 23 4391 1
521 98 277 19 4259 1
522 38 246 21 2918 1
523 30 259 13 4324 1
524 51 260 12 1955 1
525 81 267 15 5448 1
526 30 265 9 2012 1
527 29 260 22 7689 1
528 44 260 22 3303 1
529 100 275 22 5402 1
530 21 260 16 4362 1
531 44 275 8 2391 1
532 78 259 5 894 1
533 43 265 11 2715 1
534 35 262 9 1579 1
535 37 267 33 10854 1
536 30 257 18 4902 1
537 43 246 13 1743 1
538 29 260 16 5576 1
539 36 261 24 6499 1
540 50 255 16 3955 1
541 112 246 16 3980 1
542 223 246 16 3980 1
543 334 246 16 3980 1
544 445 246 16 3980 1
545 29 259 14 2844 1
546 16 275 18 5287 1
547 51 260 14 4044 1
548 58 258 14 3219 1
549 15 259 10 1770 1
550 37 273 19 6723 1
551 89 265 19 2820 1
552 30 267 14 2781 1
553 15 268 18 3964 1
554 50 262 7 1557 1
555 99 262 7 1557 1
556 35 274 9 2255 1
557 69 274 9 2255 1
558 89 257 18 3198 1
559 37 264 5 1879 1
560 58 276 23 5145 1
561 57 261 27 10252 1
562 43 257 40 6181 1
563 50 265 17 5362 1
564 83 267 18 3964 1
565 43 273 24 9213 1
566 65 268 18 3725 1
567 58 277 20 3627 1
568 95 276 23 7200 1
569 37 268 11 2539 1
570 30 268 15 2610 1
571 59 268 15 2610 1
572 36 260 10 2728 1
573 29 275 19 3160 1
574 25 276 17 6057 1
575 94 265 7 2538 1
576 107 261 24 9051 1
577 16 268 15 3164 1
578 43 265 13 4811 1
579 25 257 18 2905 1
580 37 260 19 3293 1
581 29 276 10 4054 1
582 57 268 18 5872 1
583 100 270 12 1789 1
584 30 267 16 4406 1
585 91 268 14 2419 1
586 50 276 9 2219 1
587 17 265 22 3357 1
588 86 270 16 5020 1
589 30 281 18 6014 1
590 55 278 11 3502 1
591 45 279 9 3173 1
592 60 278 13 2459 1
593 31 284 13 4432 1
594 14 281 20 6877 1
595 57 292 14 4771 1
596 163 285 19 6883 1
597 57 299 20 7261 1
598 58 300 20 5401 1
599 44 284 14 4387 1
600 29 281 15 3061 1
601 43 300 22 3851 1
602 56 282 28 6013 1
603 164 281 24 9870 1
604 66 299 35 8110 1
605 58 278 27 6768 1
606 59 278 11 4390 1
607 29 279 13 2430 1
608 28 286 8 2146 1
609 36 299 24 10419 1
610 56 293 13 4364 1
611 57 294 17 4958 1
612 57 282 20 5995 1
613 113 282 20 5995 1
614 37 285 13 3828 1
615 43 299 15 4996 1
616 58 285 20 6475 1
617 57 286 17 6185 1
618 28 286 14 2411 1
619 43 286 42 11060 1
620 52 285 33 8131 1
621 31 284 7 1438 1
622 124 293 8 2801 1
623 29 284 8 2890 1
624 29 300 22 6669 1
625 33 293 32 6294 1
626 65 293 32 6294 1
627 50 278 22 4412 1
628 17 279 15 2629 1
629 243 291 18 4764 1
630 99 291 16 4214 1
631 58 279 22 4621 1
632 13 292 10 2393 1
633 58 292 14 5773 1
634 115 292 14 5773 1
635 37 293 22 5653 1
636 28 284 13 4899 1
637 55 284 13 4899 1
638 65 291 32 8444 1
639 57 278 8 1750 1
640 113 278 8 1750 1
641 44 278 11 4350 1
642 43 300 17 7607 1
643 43 292 10 2834 1
644 29 286 12 4844 1
645 57 286 12 4844 1
646 85 286 12 4844 1
647 113 286 12 4844 1
648 141 286 12 4844 1
649 58 282 12 3727 1
650 115 282 12 3727 1
651 172 282 12 3727 1
652 59 284 14 4902 1
653 43 284 14 4100 1
654 29 299 7 1508 1
655 30 279 23 5919 1
656 101 279 15 3603 1
657 201 279 15 3603 1
658 301 279 15 3603 1
659 28 284 15 4606 1
660 59 286 15 5052 1
661 29 279 16 5328 1
662 98 300 13 2510 1
663 58 286 12 3416 1
664 109 282 14 2734 1
665 37 279 15 3911 1
666 29 300 19 5873 1
667 59 286 10 1738 1
668 117 286 10 1738 1
669 56 282 13 3384 1
670 111 282 13 3384 1
671 98 278 21 6992 1
672 29 285 7 2910 1
673 167 278 18 3132 1
674 59 291 18 7486 1
675 117 291 18 7486 1
676 76 286 15 2433 1
677 28 300 16 7110 1
678 57 281 23 9048 1
679 80 291 17 5010 1
680 43 281 10 3689 1
681 15 294 25 10590 1
682 114 286 9 1474 1
683 227 286 9 1474 1
684 29 294 13 4913 1
685 42 279 18 3072 1
686 83 279 18 3072 1
687 56 281 15 4834 1
688 57 284 12 2962 1
689 29 284 13 5119 1
690 57 284 13 5119 1
691 93 281 17 5109 1
692 58 278 16 3092 1
693 28 294 10 1989 1
694 55 294 10 1989 1
695 59 299 13 4197 1
696 57 285 14 3233 1
697 30 292 14 4571 1
698 30 291 21 4298 1
699 37 300 22 8980 1
700 30 300 29 6138 1
701 56 278 28 7056 1
702 58 293 6 2358 1
703 155 291 14 4511 1
704 104 279 10 4136 1
705 94 284 35 8828 1
706 66 286 18 3519 1
707 131 286 18 3519 1
708 29 300 9 3358 1
709 92 282 18 5452 1
710 29 285 19 6532 1
711 58 282 12 1991 1
712 31 293 13 5577 1
713 59 282 16 2435 1
714 31 291 22 3384 1
715 42 286 10 4226 1
716 29 279 33 8193 1
717 44 285 20 4427 1
718 87 285 20 4427 1
719 130 285 20 4427 1
720 31 279 17 2633 1
721 57 292 26 5542 1
722 113 292 26 5542 1
723 169 292 26 5542 1
724 57 291 8 1718 1
725 30 293 20 3028 1
726 59 293 20 3028 1
727 37 278 13 1943 1
728 19 286 18 5498 1
729 43 292 14 5593 1
730 63 278 21 6130 1
731 44 285 28 10157 1
732 58 281 15 4706 1
733 56 294 21 4374 1
734 28 278 26 8051 1
735 28 299 17 6931 1
736 57 299 14 5232 1
737 113 299 14 5232 1
738 169 299 14 5232 1
739 30 291 21 4403 1
740 57 300 8 2117 1
741 38 299 14 4247 1
742 58 292 32 9834 1
743 58 291 20 8689 1
744 28 294 20 5752 1
745 29 294 9 1903 1
746 36 281 6 1841 1
747 58 292 35 5815 1
748 36 286 28 11049 1
749 59 281 15 4510 1
750 12 331 28 9933 1
751 59 318 21 4586 1
752 79 318 11 3355 1
753 51 365 23 7665 1
754 51 304 13 4934 1
755 72 363 27 13324 1
756 57 303 24 3688 1
757 37 323 13 5894 1
758 14 364 12 6256 1
759 71 304 15 6725 1
760 37 304 32 12846 1
761 37 337 22 5611 1
762 109 366 28 13280 1
763 78 349 21 5300 1
764 78 303 13 5394 1
765 52 337 36 14743 1
766 15 304 59 12220 1
767 83 303 17 6411 1
768 54 336 19 8477 1
769 78 363 47 19433 1
770 36 349 64 12646 1
771 37 365 10 2860 1
772 78 364 49 16038 1
773 79 363 8 2558 1
774 77 305 21 8809 1
775 82 365 48 11735 1
776 75 338 14 3571 1
777 75 331 21 7023 1
778 15 368 13 4579 1
779 15 323 20 5403 1
780 16 364 24 12033 1
781 58 336 22 4194 1
782 115 336 22 4194 1
783 80 332 20 5449 1
784 159 332 20 5449 1
785 238 332 20 5449 1
786 57 366 27 6358 1
787 113 366 27 6358 1
788 169 366 27 6358 1
789 78 332 21 6196 1
790 50 331 27 9064 1
791 35 336 13 2350 1
792 78 305 18 4133 1
793 107 336 18 8237 1
794 213 336 18 8237 1
795 78 323 12 2207 1
796 37 318 56 13161 1
797 206 363 25 11651 1
798 58 333 8 2981 1
799 15 336 25 12035 1
800 57 366 20 10566 1
801 73 366 31 7436 1
802 145 366 31 7436 1
803 76 332 26 6403 1
804 79 316 32 8329 1
805 118 324 12 2500 1
806 58 316 21 4915 1
807 81 335 12 4689 1
808 13 338 15 5643 1
809 58 337 19 4455 1
810 50 324 12 3676 1
811 73 368 23 5801 1
812 79 331 15 6156 1
813 15 303 21 6219 1
814 79 364 15 2960 1
815 37 318 21 6495 1
816 58 349 39 15367 1
817 89 318 23 8217 1
818 66 323 21 4695 1
819 32 337 14 2865 1
820 51 303 19 7762 1
821 101 303 19 7762 1
822 151 303 19 7762 1
823 201 303 19 7762 1
824 58 316 12 4842 1
825 78 323 21 5734 1
826 155 323 21 5734 1
827 232 323 21 5734 1
828 51 335 32 14047 1
829 80 337 17 5856 1
830 51 349 18 7571 1
831 51 365 28 10094 1
832 92 337 20 6132 1
833 36 365 17 4839 1
834 16 366 12 5584 1
835 31 366 12 5584 1
836 73 349 16 5305 1
837 54 333 45 10692 1
838 107 333 45 10692 1
839 15 333 18 7658 1
840 15 335 18 3173 1
841 119 366 26 11800 1
842 111 316 14 2696 1
843 109 305 15 4688 1
844 72 365 23 6251 1
845 15 365 27 14678 1
846 127 335 13 4363 1
847 51 334 34 9792 1
848 113 316 15 5467 1
849 78 324 14 6431 1
850 155 324 14 6431 1
851 93 305 21 8006 1
852 58 316 16 4533 1
853 78 338 15 6254 1
854 118 304 28 4360 1
855 82 366 23 9043 1
856 58 349 27 13711 1
857 84 335 14 5093 1
858 78 335 10 3110 1
859 55 323 21 5768 1
860 57 333 14 4014 1
861 58 364 28 11486 1
862 57 338 20 3585 1
863 58 337 43 13901 1
864 36 364 26 12758 1
865 36 365 19 5419 1
866 79 337 52 23141 1
867 157 337 52 23141 1
868 235 337 52 23141 1
869 51 335 25 4255 1
870 58 336 17 7247 1
871 115 336 17 7247 1
872 74 324 19 7625 1
873 14 332 26 5749 1
874 57 318 24 4531 1
875 36 338 18 6103 1
876 74 338 33 15031 1
877 37 338 19 5801 1
878 51 365 14 3855 1
879 17 305 9 3502 1
880 101 349 30 6082 1
881 51 338 28 8373 1
882 105 368 26 11931 1
883 209 368 26 11931 1
884 58 316 36 13698 1
885 115 316 36 13698 1
886 172 316 36 13698 1
887 36 304 25 4889 1
888 15 303 37 13990 1
889 50 332 11 2214 1
890 57 304 24 4844 1
891 113 304 24 4844 1
892 77 318 16 4892 1
893 153 318 16 4892 1
894 79 335 13 2513 1
895 58 304 15 4219 1
896 56 365 35 17980 1
897 78 337 24 10042 1
898 80 338 29 11302 1
899 36 335 23 5743 1
900 71 335 23 5743 1
901 106 335 23 5743 1
902 51 305 22 7157 1
903 58 335 19 7000 1
904 17 363 24 4837 1
905 37 305 24 7417 1
906 51 349 37 13434 1
907 101 349 37 13434 1
908 73 318 22 6320 1
909 72 365 35 9190 1
910 57 303 10 2077 1
911 79 331 16 5371 1
912 36 365 22 4302 1
913 36 364 13 4018 1
914 35 305 28 7298 1
915 79 303 7 2162 1
916 78 303 46 8712 1
917 155 303 46 8712 1
918 14 349 14 4848 1
919 14 323 9 3445 1
920 58 349 31 9295 1
921 57 304 26 5140 1
922 79 324 16 4670 1
923 37 303 12 4294 1
924 114 365 9 4617 1
925 120 335 32 10542 1
926 122 338 14 4203 1
927 35 304 46 7247 1
928 52 365 60 13130 1
929 36 303 10 4338 1
930 116 316 11 5062 1
931 37 337 24 5302 1
932 77 323 32 11735 1
933 57 332 17 4984 1
934 79 335 22 7944 1
935 78 365 27 12859 1
936 70 333 20 3916 1
937 13 336 13 6441 1
938 58 364 26 9662 1
939 115 364 26 9662 1
940 72 305 12 4797 1
941 16 368 35 6905 1
942 115 365 19 6117 1
943 69 324 18 4476 1
944 37 335 15 6457 1
945 14 316 19 4326 1
946 51 364 35 17812 1
947 50 363 33 7291 1
948 37 337 16 7177 1
949 50 333 12 3000 1
950 73 324 26 5513 1
951 79 335 41 13126 1
952 13 366 15 7810 1
953 58 338 44 14048 1
954 115 338 44 14048 1
955 54 337 7 2963 1
956 78 316 11 4870 1
957 15 368 40 17297 1
958 72 324 26 8066 1
959 51 365 15 3391 1
960 51 331 16 5526 1
961 36 316 36 11091 1
962 77 318 29 7403 1
963 16 349 18 8203 1
964 31 349 18 8203 1
965 123 336 24 4409 1
966 56 316 14 3034 1
967 111 316 14 3034 1
968 118 338 31 12778 1
969 37 366 27 8122 1
970 89 334 17 6909 1
971 50 303 19 4339 1
972 80 363 29 15697 1
973 85 338 47 21596 1
974 51 335 19 9521 1
975 115 332 28 6967 1
976 55 366 19 8281 1
977 86 334 14 2901 1
978 76 336 14 3050 1
979 57 316 17 2795 1
980 87 335 14 3868 1
981 53 324 29 11195 1
982 73 366 28 11155 1
983 37 303 21 4165 1
984 37 363 49 26035 1
985 74 366 34 14945 1
986 63 323 30 8225 1
987 74 366 59 17123 1
988 116 365 35 8877 1
989 17 335 23 6708 1
990 74 396 22 9814 1
991 85 397 26 5723 1
992 112 398 26 6130 1
993 86 396 24 7216 1
994 171 396 24 7216 1
995 188 399 27 9884 1
996 80 397 26 12363 1
997 95 398 41 15178 1
998 88 399 21 7633 1
999 175 399 21 7633 1
1000 80 398 27 7655 1
1001 73 395 17 5404 1
1002 182 398 21 7252 1
1003 79 395 43 22229 1
1004 157 395 43 22229 1
1005 235 395 43 22229 1
1006 86 398 28 11534 1
1007 94 395 19 8828 1
1008 94 395 29 7208 1
1009 80 395 42 15742 1
1010 159 395 42 15742 1
1011 238 395 42 15742 1
1012 317 395 42 15742 1
1013 14 398 38 15433 1
1014 85 396 42 23397 1
1015 80 395 27 8575 1
1016 159 395 27 8575 1
1017 238 395 27 8575 1
1018 88 397 37 7910 1
1019 175 397 37 7910 1
1020 262 397 37 7910 1
1021 110 397 27 9724 1
1022 180 396 36 10321 1
1023 88 399 48 15435 1
1024 84 396 27 6253 1
1025 69 399 31 13613 1
1026 91 397 39 9388 1
1027 83 398 40 15194 1
1028 89 398 29 10616 1
1029 8 397 23 13415 1
1030 90 395 20 5947 1
1031 90 398 34 8719 1
1032 80 395 33 19086 1
1033 116 396 24 9046 1
1034 80 395 36 8058 1
1035 78 397 38 8970 1
1036 79 399 47 13711 1
14
503 620 807 620 700 205 255 700 700 700 700 700 200 460 