1036
1 9 138 5 373 1
2 20 140 10 1826 1
3 30 133 5 729 1
4 24 125 4 475 1
5 8 133 26 3917 1
6 15 133 26 3917 1
7 9 134 13 1188 1
8 28 140 14 2937 1
9 55 140 14 2937 1
10 18 129 11 1183 1
11 35 129 11 1183 1
12 26 132 19 2187 1
13 51 132 19 2187 1
14 9 138 15 1283 1
15 9 134 18 1635 1
16 23 137 13 2228 1
17 45 137 13 2228 1
18 67 137 13 2228 1
19 89 137 13 2228 1
20 111 137 13 2228 1
21 8 138 23 3410 1
22 34 133 9 1321 1
23 29 138 9 725 1
24 2 133 13 2065 1
25 44 138 32 4781 1
26 34 133 6 560 1
27 9 133 12 2053 1
28 27 137 13 2303 1
29 53 137 13 2303 1
30 12 129 26 2974 1
31 14 134 40 5724 1
32 9 133 8 1023 1
33 3 118 33 5774 1
34 13 140 7 638 1
35 25 140 7 638 1
36 23 137 39 6829 1
37 45 137 39 6829 1
38 2 129 14 2245 1
39 3 129 14 2245 1
40 17 134 8 1471 1
41 9 129 20 3821 1
42 17 129 20 3821 1
43 25 129 20 3821 1
44 9 118 4 527 1
45 13 140 7 981 1
46 9 118 24 4243 1
47 17 118 24 4243 1
48 11 133 17 2467 1
49 21 133 17 2467 1
50 9 138 15 2755 1
51 13 125 10 1136 1
52 9 118 8 594 1
53 30 132 31 4573 1
54 7 118 11 1471 1
55 9 138 19 3078 1
56 8 134 28 3341 1
57 11 118 8 801 1
58 7 133 20 1488 1
59 2 138 15 1178 1
60 3 138 15 1178 1
61 9 132 6 1092 1
62 17 132 6 1092 1
63 8 134 12 2052 1
64 13 138 5 814 1
65 25 138 5 814 1
66 30 133 17 3184 1
67 8 138 7 1014 1
68 15 138 7 1014 1
69 7 137 17 2624 1
70 21 132 9 876 1
71 41 132 9 876 1
72 61 132 9 876 1
73 81 132 9 876 1
74 8 133 85 12520 1
75 15 133 85 12520 1
76 8 134 15 2725 1
77 7 133 7 1213 1
78 13 133 7 1213 1
79 32 138 6 1003 1
80 9 118 11 917 1
81 17 118 11 917 1
82 9 129 56 5319 1
83 7 125 61 4835 1
84 14 140 9 1484 1
85 20 133 18 1617 1
86 8 137 28 4832 1
87 15 137 28 4832 1
88 22 137 28 4832 1
89 8 132 14 2609 1
90 21 138 9 1312 1
91 7 132 17 1708 1
92 3 118 22 3234 1
93 9 132 40 4360 1
94 17 132 40 4360 1
95 7 137 8 1193 1
96 22 132 12 2277 1
97 8 134 14 1431 1
98 15 134 14 1431 1
99 22 134 14 1431 1
100 29 134 14 1431 1
101 14 138 16 1673 1
102 44 205 14 3281 1
103 78 199 6 1768 1
104 55 151 10 960 1
105 68 210 30 9332 1
106 7 203 19 4903 1
107 43 190 5 1385 1
108 45 205 15 1874 1
109 89 205 15 1874 1
110 43 167 15 1838 1
111 44 170 15 2692 1
112 44 170 32 4445 1
113 42 203 10 2123 1
114 6 171 11 2467 1
115 30 178 23 2770 1
116 59 178 23 2770 1
117 17 151 7 712 1
118 33 151 7 712 1
119 45 207 33 6079 1
120 89 207 33 6079 1
121 44 170 29 3818 1
122 43 171 16 3410 1
123 42 167 18 2087 1
124 65 184 44 7865 1
125 129 184 44 7865 1
126 19 195 14 3260 1
127 15 188 7 1385 1
128 42 204 13 3482 1
129 83 204 13 3482 1
130 68 195 13 3722 1
131 32 177 8 1569 1
132 62 210 13 2855 1
133 43 194 7 688 1
134 32 195 41 11181 1
135 12 202 13 3278 1
136 23 202 13 3278 1
137 7 194 8 1136 1
138 43 171 17 3872 1
139 46 170 11 1548 1
140 6 149 16 2018 1
141 44 170 18 3020 1
142 87 170 18 3020 1
143 130 170 18 3020 1
144 44 204 21 4637 1
145 43 170 19 3568 1
146 5 184 19 3073 1
147 17 170 10 2498 1
148 12 151 11 2063 1
149 24 195 10 1835 1
150 22 151 9 1452 1
151 18 184 19 5125 1
152 37 181 31 3511 1
153 43 170 15 3303 1
154 36 188 16 2247 1
155 35 151 9 1258 1
156 4 210 9 1183 1
157 7 195 24 5404 1
158 14 199 18 2654 1
159 27 199 18 2654 1
160 33 167 31 3701 1
161 17 208 17 2098 1
162 43 208 20 3377 1
163 85 208 20 3377 1
164 35 197 9 2474 1
165 44 207 16 1730 1
166 87 207 16 1730 1
167 24 197 27 4212 1
168 47 197 27 4212 1
169 81 151 19 3983 1
170 66 181 22 4992 1
171 44 202 22 2822 1
172 7 194 12 2943 1
173 8 170 15 2625 1
174 44 203 48 8417 1
175 113 194 21 3275 1
176 30 187 14 2491 1
177 14 170 8 738 1
178 32 194 22 4863 1
179 21 187 27 7226 1
180 41 187 27 7226 1
181 17 170 25 2249 1
182 17 204 19 3250 1
183 58 171 8 1120 1
184 17 207 43 5273 1
185 44 151 5 1125 1
186 87 151 5 1125 1
187 130 151 5 1125 1
188 173 151 5 1125 1
189 15 207 15 3067 1
190 29 207 15 3067 1
191 45 170 10 2497 1
192 23 170 23 3435 1
193 63 161 10 1059 1
194 44 181 9 1745 1
195 18 203 25 6219 1
196 10 203 12 1698 1
197 5 151 19 2626 1
198 15 171 6 684 1
199 24 188 28 5332 1
200 18 207 13 2119 1
201 35 207 13 2119 1
202 44 187 23 4990 1
203 45 170 9 1769 1
204 89 170 9 1769 1
205 43 203 14 1756 1
206 85 203 14 1756 1
207 229 171 30 3483 1
208 21 205 18 5161 1
209 24 171 21 4668 1
210 32 167 13 1300 1
211 45 151 9 1296 1
212 25 194 27 4997 1
213 44 203 9 2133 1
214 87 203 9 2133 1
215 42 205 13 3288 1
216 83 205 13 3288 1
217 124 205 13 3288 1
218 34 197 10 2124 1
219 67 197 10 2124 1
220 43 204 34 3563 1
221 85 204 34 3563 1
222 127 204 34 3563 1
223 22 161 31 5669 1
224 14 197 10 1580 1
225 44 171 14 1732 1
226 66 177 8 1391 1
227 43 161 12 2414 1
228 44 210 33 6743 1
229 65 171 37 3840 1
230 129 171 37 3840 1
231 43 184 24 4979 1
232 44 149 23 2508 1
233 32 208 10 2694 1
234 38 203 14 2094 1
235 75 203 14 2094 1
236 57 204 10 2680 1
237 113 204 10 2680 1
238 20 210 18 3799 1
239 18 207 13 3979 1
240 6 187 18 3021 1
241 16 187 22 4416 1
242 43 149 6 712 1
243 44 208 21 5034 1
244 87 208 21 5034 1
245 130 208 21 5034 1
246 173 208 21 5034 1
247 216 208 21 5034 1
248 259 208 21 5034 1
249 302 208 21 5034 1
250 45 177 7 964 1
251 44 194 20 2674 1
252 3 197 17 2674 1
253 198 195 9 2136 1
254 43 210 18 5299 1
255 23 205 53 12469 1
256 29 220 12 3770 1
257 54 237 9 1381 1
258 55 222 14 2528 1
259 29 212 12 1352 1
260 38 245 23 7239 1
261 31 228 21 2699 1
262 61 228 21 2699 1
263 44 228 17 3212 1
264 15 222 18 2480 1
265 8 239 17 5306 1
266 15 239 17 5306 1
267 37 228 11 1671 1
268 53 244 10 2680 1
269 105 244 10 2680 1
270 55 230 35 10478 1
271 28 244 27 3615 1
272 110 228 10 2812 1
273 45 216 17 4515 1
274 86 222 21 2365 1
275 55 216 8 1451 1
276 55 212 16 2345 1
277 109 212 16 2345 1
278 44 216 8 2006 1
279 87 216 8 2006 1
280 55 239 21 6740 1
281 29 237 18 5723 1
282 10 228 8 2655 1
283 55 221 20 3008 1
284 109 221 20 3008 1
285 30 212 35 9610 1
286 59 212 35 9610 1
287 88 212 35 9610 1
288 93 225 8 1837 1
289 44 221 30 3357 1
290 44 222 16 4508 1
291 60 228 34 8867 1
292 29 220 13 3849 1
293 105 212 29 8457 1
294 43 221 42 9054 1
295 15 228 22 5331 1
296 77 220 12 3876 1
297 79 242 14 2182 1
298 157 242 14 2182 1
299 98 212 13 2103 1
300 195 212 13 2103 1
301 60 228 28 3628 1
302 119 228 28 3628 1
303 77 228 20 4388 1
304 54 216 33 9500 1
305 56 221 18 3538 1
306 36 244 13 3330 1
307 10 245 9 3261 1
308 19 245 9 3261 1
309 28 245 9 3261 1
310 47 225 26 4406 1
311 55 221 30 8248 1
312 29 216 34 9277 1
313 54 242 12 4020 1
314 43 216 21 4326 1
315 27 228 14 4589 1
316 44 245 17 5007 1
317 29 220 13 4143 1
318 57 220 13 4143 1
319 28 228 24 6783 1
320 55 228 24 6783 1
321 93 225 14 3080 1
322 44 228 12 2939 1
323 2 243 23 6698 1
324 93 245 11 1951 1
325 27 244 24 5846 1
326 28 230 9 1529 1
327 55 230 9 1529 1
328 82 230 9 1529 1
329 58 243 17 4686 1
330 40 216 36 9938 1
331 15 244 19 3776 1
332 111 244 26 7767 1
333 221 244 26 7767 1
334 49 221 14 1722 1
335 29 228 7 1841 1
336 52 230 15 4699 1
337 10 221 17 1935 1
338 56 228 20 5346 1
339 56 237 20 6408 1
340 17 212 19 4417 1
341 47 220 31 9546 1
342 44 237 9 1106 1
343 94 245 20 6716 1
344 187 245 20 6716 1
345 55 225 22 4457 1
346 109 225 22 4457 1
347 163 225 22 4457 1
348 217 225 22 4457 1
349 48 244 11 1514 1
350 37 221 9 1183 1
351 28 245 35 9830 1
352 58 220 18 2422 1
353 87 244 25 8588 1
354 173 244 25 8588 1
355 37 239 20 3501 1
356 59 225 18 2522 1
357 29 228 21 3506 1
358 58 242 34 6419 1
359 115 242 34 6419 1
360 30 222 16 2330 1
361 111 243 21 4370 1
362 28 221 14 2570 1
363 50 220 14 2048 1
364 13 228 27 5931 1
365 47 225 36 9980 1
366 93 225 36 9980 1
367 31 222 30 4521 1
368 20 225 13 3863 1
369 43 244 19 6090 1
370 104 225 18 6000 1
371 29 221 25 3730 1
372 30 239 10 1737 1
373 59 239 10 1737 1
374 68 221 53 6973 1
375 32 239 37 4964 1
376 21 221 28 6393 1
377 31 222 17 4427 1
378 6 212 13 2577 1
379 11 212 13 2577 1
380 32 230 32 9598 1
381 92 212 41 12202 1
382 53 242 9 2769 1
383 105 242 9 2769 1
384 59 216 13 3546 1
385 117 216 13 3546 1
386 30 222 30 9422 1
387 42 243 20 3552 1
388 46 237 23 5847 1
389 13 216 40 5584 1
390 44 239 15 3955 1
391 58 228 33 5832 1
392 43 244 16 5555 1
393 30 228 8 2505 1
394 30 221 18 5710 1
395 12 212 8 2479 1
396 23 212 8 2479 1
397 27 243 31 8551 1
398 45 245 15 4157 1
399 47 245 9 1495 1
400 44 212 44 9391 1
401 29 239 16 3022 1
402 56 216 13 3010 1
403 111 216 13 3010 1
404 28 222 25 2919 1
405 48 242 16 4758 1
406 52 220 23 3688 1
407 51 255 4 698 1
408 94 276 4 1431 1
409 57 259 8 1778 1
410 98 267 21 6935 1
411 195 267 21 6935 1
412 57 264 17 5475 1
413 50 260 16 2735 1
414 43 275 17 5966 1
415 91 273 9 1594 1
416 181 273 9 1594 1
417 58 255 16 4320 1
418 30 255 14 3779 1
419 15 264 20 4033 1
420 43 257 26 4897 1
421 36 268 24 6828 1
422 71 268 24 6828 1
423 106 268 24 6828 1
424 97 264 2 540 1
425 16 246 21 4829 1
426 15 268 25 5759 1
427 104 262 16 2696 1
428 63 265 9 1443 1
429 31 255 15 4736 1
430 52 277 19 6392 1
431 16 257 15 1931 1
432 92 246 16 2945 1
433 37 260 6 899 1
434 30 264 30 7662 1
435 14 276 11 2497 1
436 30 270 22 4820 1
437 59 270 22 4820 1
438 5 273 15 2697 1
439 100 259 22 4124 1
440 51 277 22 7036 1
441 98 261 15 3978 1
442 44 276 10 1641 1
443 37 264 4 559 1
444 44 260 17 6165 1
445 28 270 3 1127 1
446 55 270 3 1127 1
447 44 273 13 4836 1
448 15 268 19 5573 1
449 43 255 21 6717 1
450 30 273 14 1987 1
451 92 246 14 2306 1
452 128 260 11 2600 1
453 30 276 11 2020 1
454 31 246 19 2661 1
455 37 261 17 3945 1
456 51 260 18 4398 1
457 57 260 25 5800 1
458 43 259 10 1744 1
459 85 259 10 1744 1
460 32 257 17 6514 1
461 63 257 17 6514 1
462 94 257 17 6514 1
463 31 270 16 3814 1
464 61 270 16 3814 1
465 18 262 15 2202 1
466 36 277 16 6442 1
467 51 246 12 3699 1
468 29 255 22 5886 1
469 15 255 19 6156 1
470 32 267 1 225 1
471 43 261 16 6149 1
472 51 265 21 5050 1
473 194 255 22 7954 1
474 24 268 18 6184 1
475 4 257 22 3059 1
476 107 246 12 2413 1
477 58 264 17 6697 1
478 89 276 16 3283 1
479 177 276 16 3283 1
480 88 264 14 4500 1
481 98 258 16 4515 1
482 45 255 14 2551 1
483 36 274 20 8160 1
484 43 258 15 4225 1
485 54 274 18 7102 1
486 101 268 24 8558 1
487 30 257 12 2962 1
488 50 276 15 2764 1
489 38 262 16 5042 1
490 75 262 16 5042 1
491 31 270 10 3439 1
492 51 277 27 8371 1
493 68 275 10 3246 1
494 38 268 21 3723 1
495 75 268 21 3723 1
496 16 276 15 4657 1
497 14 274 16 3859 1
498 21 264 25 6813 1
499 98 262 14 3109 1
500 30 246 25 7241 1
501 51 270 11 1973 1
502 92 275 4 700 1
503 42 265 23 8892 1
504 36 277 16 5348 1
505 36 274 9 1664 1
506 42 260 20 5519 1
507 83 260 20 5519 1
508 50 264 16 3684 1
509 83 246 10 1888 1
510 50 261 14 4982 1
511 44 264 11 3615 1
512 36 277 17 3464 1
513 221 267 13 2748 1
514 36 255 2 412 1
515 71 255 2 412 1
516 43 274 28 10953 1
517 99 276 19 6385 1
518 41 258 10 2547 1
519 36 246 9 1123 1
520 36 267 13 2618 1
521 51 273 17 6497 1
522 36 274 5 795 1
523 99 274 14 4674 1
524 46 267 16 3194 1
525 91 267 16 3194 1
526 80 259 10 2635 1
527 37 265 22 4773 1
528 75 257 18 6540 1
529 51 259 32 9819 1
530 44 246 6 1613 1
531 50 276 11 3119 1
532 36 276 25 4591 1
533 14 274 15 5715 1
534 30 275 13 4728 1
535 37 275 18 3939 1
536 73 275 18 3939 1
537 45 261 14 2412 1
538 36 258 17 5813 1
539 71 258 17 5813 1
540 28 273 19 3177 1
541 37 273 14 3521 1
542 29 259 23 8614 1
543 57 259 23 8614 1
544 87 264 12 3660 1
545 29 246 12 3179 1
546 99 265 18 4285 1
547 197 265 18 4285 1
548 15 246 16 5049 1
549 31 267 15 5109 1
550 57 255 31 7722 1
551 36 273 12 3429 1
552 31 259 12 3077 1
553 39 262 25 4113 1
554 50 260 18 3625 1
555 99 270 19 7081 1
556 47 274 26 4412 1
557 93 274 26 4412 1
558 139 274 26 4412 1
559 29 265 13 2384 1
560 36 264 12 2895 1
561 30 258 14 2829 1
562 59 258 14 2829 1
563 99 264 25 5505 1
564 31 265 14 5020 1
565 61 265 14 5020 1
566 30 270 20 3910 1
567 59 270 20 3910 1
568 30 257 16 5007 1
569 59 257 16 5007 1
570 82 264 8 2727 1
571 99 257 10 2894 1
572 37 268 16 4528 1
573 57 268 9 1782 1
574 102 260 18 4982 1
575 37 270 26 3676 1
576 63 255 17 6230 1
577 125 255 17 6230 1
578 17 255 14 2080 1
579 33 255 14 2080 1
580 36 261 22 4371 1
581 29 268 11 3083 1
582 15 275 29 10281 1
583 36 274 16 3852 1
584 30 274 12 3655 1
585 17 259 5 911 1
586 36 258 12 1985 1
587 107 275 15 5412 1
588 42 265 19 3871 1
589 43 292 34 6048 1
590 29 281 13 4039 1
591 29 286 13 2299 1
592 69 299 10 3369 1
593 29 281 21 3555 1
594 57 299 27 8897 1
595 113 299 27 8897 1
596 43 291 8 2761 1
597 58 281 11 1717 1
598 45 300 11 4448 1
599 58 281 14 4217 1
600 58 279 19 3805 1
601 58 279 12 2942 1
602 94 278 22 6892 1
603 49 300 34 7288 1
604 56 291 13 4953 1
605 58 300 15 2881 1
606 36 293 17 7008 1
607 29 291 19 4998 1
608 57 291 19 4998 1
609 27 292 21 7722 1
610 43 292 7 2364 1
611 57 300 20 7473 1
612 58 279 26 9448 1
613 58 300 10 4449 1
614 115 300 10 4449 1
615 172 300 10 4449 1
616 208 293 35 14838 1
617 58 285 33 10764 1
618 88 294 17 6701 1
619 57 299 12 5353 1
620 81 300 8 1823 1
621 30 293 8 2862 1
622 27 300 12 2148 1
623 53 300 12 2148 1
624 56 292 13 5360 1
625 111 292 13 5360 1
626 46 282 21 5741 1
627 38 291 14 4629 1
628 60 291 18 5324 1
629 24 279 17 4541 1
630 35 282 29 12238 1
631 29 281 18 2730 1
632 30 281 20 5873 1
633 44 286 24 9529 1
634 59 281 13 3668 1
635 11 285 12 2177 1
636 3 279 16 4384 1
637 50 291 16 2843 1
638 95 286 11 2466 1
639 43 291 25 7816 1
640 31 294 17 5122 1
641 43 284 10 1730 1
642 85 284 10 1730 1
643 58 299 13 3713 1
644 115 299 13 3713 1
645 28 278 15 3237 1
646 88 294 22 3757 1
647 92 278 26 9621 1
648 27 282 26 7953 1
649 31 294 8 1887 1
650 71 279 13 2033 1
651 42 293 6 1459 1
652 43 291 10 3888 1
653 43 284 39 14644 1
654 55 286 24 8356 1
655 58 278 28 8194 1
656 10 286 10 3612 1
657 31 284 29 11024 1
658 61 284 29 11024 1
659 119 291 14 4116 1
660 58 300 13 2143 1
661 57 291 30 10250 1
662 113 291 30 10250 1
663 169 291 30 10250 1
664 56 286 17 5802 1
665 43 300 15 6178 1
666 85 300 15 6178 1
667 43 281 22 3809 1
668 29 294 14 3446 1
669 58 299 20 4932 1
670 43 292 18 5118 1
671 38 294 22 5103 1
672 37 292 13 3689 1
673 41 292 19 3602 1
674 42 292 14 3875 1
675 58 293 17 3271 1
676 115 293 17 3271 1
677 172 293 17 3271 1
678 229 293 17 3271 1
679 58 279 20 4599 1
680 58 291 21 8215 1
681 57 291 11 3907 1
682 33 278 36 5638 1
683 58 285 19 2955 1
684 9 284 14 2654 1
685 17 284 14 2654 1
686 150 281 12 3355 1
687 62 279 9 3026 1
688 109 291 14 4624 1
689 60 299 12 2036 1
690 58 285 15 2816 1
691 21 292 12 3831 1
692 31 299 20 6456 1
693 61 299 20 6456 1
694 43 291 24 3925 1
695 44 292 10 4272 1
696 87 292 10 4272 1
697 62 278 20 5980 1
698 43 278 19 4621 1
699 85 278 19 4621 1
700 57 299 25 4111 1
701 53 293 13 5025 1
702 137 294 8 3074 1
703 57 285 13 2118 1
704 113 285 13 2118 1
705 31 293 25 4540 1
706 99 282 13 4017 1
707 197 282 13 4017 1
708 62 285 20 3118 1
709 30 292 32 4923 1
710 29 285 21 7280 1
711 28 292 13 5504 1
712 31 300 16 5273 1
713 43 284 12 2618 1
714 43 291 12 3840 1
715 63 286 6 2185 1
716 63 294 15 2692 1
717 44 286 14 5780 1
718 58 282 12 2201 1
719 31 292 9 2400 1
720 44 291 14 3812 1
721 62 292 19 7881 1
722 123 292 19 7881 1
723 58 285 12 3487 1
724 30 294 27 9618 1
725 32 281 14 5823 1
726 41 300 20 8091 1
727 81 300 20 8091 1
728 57 292 14 6114 1
729 113 292 14 6114 1
730 164 286 13 1883 1
731 327 286 13 1883 1
732 58 299 19 7052 1
733 28 285 18 4754 1
734 57 291 22 4282 1
735 28 300 9 2264 1
736 55 300 9 2264 1
737 57 285 14 4765 1
738 65 299 24 3642 1
739 58 282 8 2766 1
740 141 291 23 5913 1
741 27 285 25 9769 1
742 31 282 16 2925 1
743 38 284 26 7067 1
744 75 284 26 7067 1
745 22 300 21 5992 1
746 37 299 11 4526 1
747 73 299 11 4526 1
748 44 300 9 1630 1
749 87 300 9 1630 1
750 18 366 27 9344 1
751 88 305 29 6390 1
752 124 318 34 14418 1
753 113 324 13 4388 1
754 56 318 18 4097 1
755 85 349 22 9340 1
756 35 304 28 11687 1
757 59 336 10 2479 1
758 79 349 18 5047 1
759 79 368 10 3091 1
760 63 368 28 10422 1
761 14 365 17 5996 1
762 36 338 36 9587 1
763 71 338 36 9587 1
764 111 331 30 14207 1
765 79 304 13 5312 1
766 57 336 27 12036 1
767 63 332 11 2845 1
768 50 349 16 4698 1
769 15 349 14 2899 1
770 79 365 25 7055 1
771 51 324 15 5719 1
772 79 304 12 3860 1
773 157 304 12 3860 1
774 15 305 26 6561 1
775 50 324 23 5209 1
776 16 333 28 5961 1
777 50 332 15 3486 1
778 57 333 33 7600 1
779 113 333 33 7600 1
780 78 323 10 3871 1
781 121 336 33 5840 1
782 241 336 33 5840 1
783 75 331 37 9094 1
784 58 349 26 11181 1
785 37 338 13 4261 1
786 51 363 23 12448 1
787 78 336 25 11746 1
788 35 334 35 12149 1
789 16 337 14 4761 1
790 31 337 14 4761 1
791 89 323 13 4192 1
792 177 323 13 4192 1
793 77 318 12 4656 1
794 56 333 34 5724 1
795 51 305 18 5940 1
796 43 334 21 5552 1
797 75 324 31 11344 1
798 36 366 16 3466 1
799 15 364 16 6606 1
800 71 331 49 20403 1
801 70 364 23 5321 1
802 78 365 16 7475 1
803 15 336 19 5304 1
804 52 336 20 4663 1
805 57 349 20 5506 1
806 79 331 41 11049 1
807 78 333 25 6270 1
808 25 364 31 10740 1
809 80 316 13 3787 1
810 159 316 13 3787 1
811 50 365 44 18118 1
812 50 338 31 9297 1
813 58 333 30 6919 1
814 57 318 21 9851 1
815 16 333 12 3487 1
816 57 366 16 4798 1
817 57 368 13 5527 1
818 36 333 26 12411 1
819 58 324 25 4889 1
820 14 364 43 11784 1
821 25 318 64 10533 1
822 89 363 31 12357 1
823 78 335 23 5163 1
824 57 349 43 19431 1
825 84 334 10 3137 1
826 78 331 16 6749 1
827 58 365 36 17945 1
828 37 323 12 2298 1
829 57 336 29 5585 1
830 78 337 8 1416 1
831 113 303 11 2036 1
832 99 316 19 4239 1
833 85 336 15 6987 1
834 79 305 26 4451 1
835 51 303 19 5747 1
836 74 337 16 6507 1
837 35 333 22 7678 1
838 16 364 28 13212 1
839 31 364 28 13212 1
840 16 332 24 8523 1
841 93 333 12 2112 1
842 88 334 11 4524 1
843 78 349 18 3877 1
844 121 365 17 7168 1
845 58 304 25 10263 1
846 59 365 18 4856 1
847 13 336 22 6015 1
848 51 303 12 3236 1
849 78 365 17 4765 1
850 72 303 16 4235 1
851 143 303 16 4235 1
852 93 324 31 12811 1
853 14 333 37 7204 1
854 91 334 17 4763 1
855 112 364 26 7423 1
856 14 333 17 7439 1
857 14 349 37 19286 1
858 75 349 14 4875 1
859 149 349 14 4875 1
860 36 323 34 6872 1
861 51 324 39 17312 1
862 37 349 27 6406 1
863 13 364 40 13659 1
864 37 334 30 9467 1
865 51 364 21 7727 1
866 53 337 81 39107 1
867 119 337 19 4691 1
868 37 304 13 3705 1
869 14 303 14 3706 1
870 57 324 20 5887 1
871 87 368 22 6268 1
872 87 332 21 3701 1
873 42 334 37 15705 1
874 58 333 34 15581 1
875 113 303 14 5169 1
876 79 331 15 7122 1
877 76 364 31 6659 1
878 31 334 21 5350 1
879 50 337 9 2338 1
880 99 337 9 2338 1
881 51 368 27 12618 1
882 114 365 9 2518 1
883 165 324 22 9495 1
884 57 304 10 4310 1
885 58 368 14 5874 1
886 115 368 14 5874 1
887 113 335 17 4069 1
888 225 335 17 4069 1
889 111 337 44 20033 1
890 112 349 12 5666 1
891 4 349 15 6848 1
892 74 349 44 10314 1
893 50 363 18 6855 1
894 65 331 16 4165 1
895 57 349 20 3885 1
896 15 338 46 18515 1
897 70 364 44 21556 1
898 15 349 50 14173 1
899 115 338 22 6382 1
900 51 318 24 8851 1
901 122 332 20 3351 1
902 122 338 31 15577 1
903 57 304 14 2694 1
904 72 366 18 3708 1
905 51 363 22 9021 1
906 51 336 48 24098 1
907 93 335 17 6996 1
908 72 368 14 3487 1
909 92 335 16 5495 1
910 128 316 20 7741 1
911 79 337 15 6587 1
912 92 365 32 12261 1
913 13 304 31 9095 1
914 77 363 33 7218 1
915 80 331 10 4731 1
916 114 366 26 4835 1
917 57 334 19 4561 1
918 15 332 14 6216 1
919 100 331 12 4624 1
920 85 364 13 3220 1
921 37 333 10 3662 1
922 51 324 21 9447 1
923 74 335 18 6341 1
924 78 335 13 4957 1
925 155 335 13 4957 1
926 232 335 13 4957 1
927 111 323 33 14076 1
928 78 365 19 8529 1
929 74 365 21 6393 1
930 57 304 14 2222 1
931 113 304 14 2222 1
932 15 316 38 14613 1
933 59 303 25 3832 1
934 57 318 15 4389 1
935 51 368 19 4475 1
936 79 336 28 7116 1
937 55 337 24 6638 1
938 15 304 27 5224 1
939 61 366 20 10873 1
940 50 366 21 4287 1
941 117 349 16 7867 1
942 71 366 41 7736 1
943 42 332 29 10583 1
944 61 363 11 5096 1
945 16 305 26 10853 1
946 31 305 26 10853 1
947 16 303 18 4970 1
948 37 324 19 8927 1
949 73 324 19 8927 1
950 78 363 36 18262 1
951 14 368 44 16384 1
952 73 366 31 8537 1
953 78 335 19 8997 1
954 119 316 30 6765 1
955 51 318 23 4824 1
956 79 318 34 9035 1
957 112 324 19 5052 1
958 115 336 32 6218 1
959 35 304 18 4142 1
960 35 363 26 7433 1
961 78 318 22 10101 1
962 76 324 23 7005 1
963 78 336 28 7794 1
964 155 336 28 7794 1
965 37 337 18 6015 1
966 50 318 21 7997 1
967 78 335 15 4012 1
968 36 368 42 16366 1
969 78 334 11 3079 1
970 127 316 32 5058 1
971 79 365 20 8392 1
972 50 318 17 6684 1
973 57 316 21 9141 1
974 78 324 18 7135 1
975 108 323 31 5280 1
976 36 304 16 7275 1
977 91 335 22 7385 1
978 36 332 32 11921 1
979 124 303 17 5267 1
980 88 366 47 21301 1
981 78 364 12 3677 1
982 57 338 16 3359 1
983 113 338 16 3359 1
984 169 338 16 3359 1
985 79 324 46 19900 1
986 84 338 9 2828 1
987 57 349 19 6366 1
988 15 318 47 15153 1
989 109 303 9 2446 1
990 14 398 26 8051 1
991 85 397 31 7683 1
992 7 398 33 10191 1
993 77 395 23 11609 1
994 89 395 31 13563 1
995 87 397 29 9788 1
996 9 397 31 18399 1
997 85 397 34 17988 1
998 14 396 18 6379 1
999 80 398 38 16091 1
1000 86 396 25 11516 1
1001 172 397 31 11126 1
1002 90 396 40 19926 1
1003 88 399 47 27737 1
1004 89 395 28 13848 1
1005 87 399 19 7113 1
1006 155 398 23 12144 1
1007 84 395 24 5175 1
1008 93 395 28 14770 1
1009 90 396 28 6455 1
1010 79 399 40 13242 1
1011 163 398 25 7611 1
1012 90 397 46 22426 1
1013 80 398 32 10696 1
1014 79 397 25 7257 1
1015 94 395 26 8495 1
1016 17 395 33 13945 1
1017 88 396 33 18923 1
1018 78 398 27 9092 1
1019 78 397 29 17082 1
1020 155 397 29 17082 1
1021 174 399 24 11594 1
1022 154 395 20 5289 1
1023 86 395 24 11852 1
1024 87 395 40 13581 1
1025 11 398 28 8580 1
1026 79 398 27 15928 1
1027 157 398 27 15928 1
1028 235 398 27 15928 1
1029 313 398 27 15928 1
1030 87 397 28 7029 1
1031 91 397 22 6966 1
1032 13 398 19 9625 1
1033 77 397 44 25340 1
1034 73 399 24 11172 1
1035 77 398 42 22926 1
1036 113 399 29 10572 1
14
503 620 807 620 700 205 255 700 700 700 700 700 200 460 