1036
1 28 137 16 2462 1
2 8 125 3 545 1
3 15 125 3 545 1
4 9 138 9 1059 1
5 17 138 9 1059 1
6 25 138 9 1059 1
7 33 138 9 1059 1
8 41 138 9 1059 1
9 49 138 9 1059 1
10 8 138 12 1540 1
11 9 140 32 5111 1
12 22 138 38 5325 1
13 9 134 6 601 1
14 17 134 6 601 1
15 8 138 6 902 1
16 9 133 26 4225 1
17 7 129 12 1000 1
18 13 129 12 1000 1
19 19 129 12 1000 1
20 8 129 27 4606 1
21 8 137 8 1428 1
22 8 134 7 675 1
23 15 134 7 675 1
24 22 134 7 675 1
25 29 138 9 1017 1
26 57 138 9 1017 1
27 1 134 17 3381 1
28 17 133 13 2322 1
29 9 118 19 3111 1
30 17 118 19 3111 1
31 25 118 19 3111 1
32 14 132 16 2021 1
33 17 125 22 1897 1
34 33 125 22 1897 1
35 2 118 9 984 1
36 8 134 7 1030 1
37 15 134 7 1030 1
38 8 129 11 1326 1
39 15 129 11 1326 1
40 13 129 10 1382 1
41 22 134 19 3262 1
42 9 125 12 832 1
43 6 137 14 1616 1
44 11 137 14 1616 1
45 16 137 14 1616 1
46 21 137 14 1616 1
47 26 137 14 1616 1
48 33 140 9 1314 1
49 14 118 4 660 1
50 32 125 9 1578 1
51 9 138 37 3868 1
52 45 137 22 4241 1
53 18 134 5 943 1
54 35 134 5 943 1
55 52 134 5 943 1
56 25 132 19 2343 1
57 3 133 35 4313 1
58 26 137 41 4447 1
59 2 129 29 2568 1
60 8 133 8 952 1
61 8 132 9 1202 1
62 36 125 25 3156 1
63 16 134 7 534 1
64 8 125 4 656 1
65 9 129 7 455 1
66 17 129 7 455 1
67 24 134 18 2942 1
68 26 140 8 1271 1
69 51 140 8 1271 1
70 8 137 7 556 1
71 22 137 18 3484 1
72 7 133 4 399 1
73 24 118 25 2429 1
74 47 118 25 2429 1
75 70 118 25 2429 1
76 93 118 25 2429 1
77 8 118 6 585 1
78 11 118 16 1308 1
79 14 118 16 2052 1
80 8 140 15 1485 1
81 11 133 8 805 1
82 9 129 8 824 1
83 17 129 8 824 1
84 10 140 65 5483 1
85 231 134 10 872 1
86 8 118 11 975 1
87 3 140 11 2175 1
88 9 133 13 1591 1
89 9 137 17 2170 1
90 12 133 14 1564 1
91 35 133 17 1329 1
92 8 129 9 1048 1
93 9 129 6 493 1
94 17 129 6 493 1
95 2 133 27 5343 1
96 20 118 9 832 1
97 8 129 14 1625 1
98 9 140 3 285 1
99 15 133 13 1539 1
100 29 133 13 1539 1
101 9 132 15 2562 1
102 44 178 46 9588 1
103 43 207 17 5034 1
104 85 207 17 5034 1
105 127 207 17 5034 1
106 48 195 25 4431 1
107 95 195 25 4431 1
108 43 149 13 2037 1
109 46 207 23 4394 1
110 34 194 40 6528 1
111 23 161 44 5073 1
112 43 184 28 2871 1
113 23 203 29 5591 1
114 44 171 13 1768 1
115 17 194 23 2397 1
116 53 205 14 2801 1
117 31 197 17 4796 1
118 44 171 6 562 1
119 87 171 6 562 1
120 27 203 11 1853 1
121 53 203 11 1853 1
122 30 149 15 2353 1
123 67 151 9 994 1
124 36 171 16 3231 1
125 7 149 5 502 1
126 18 194 22 4236 1
127 47 181 14 1570 1
128 93 181 14 1570 1
129 43 181 8 1349 1
130 43 151 17 3368 1
131 85 151 17 3368 1
132 127 151 17 3368 1
133 20 202 11 2099 1
134 43 184 38 3552 1
135 44 197 8 2053 1
136 87 197 8 2053 1
137 20 199 43 10801 1
138 44 195 13 2625 1
139 45 170 15 3519 1
140 89 170 15 3519 1
141 133 170 15 3519 1
142 44 197 23 4838 1
143 42 181 14 1493 1
144 83 181 14 1493 1
145 20 195 11 2134 1
146 37 184 19 2773 1
147 43 204 12 1481 1
148 18 171 14 1999 1
149 16 177 8 1390 1
150 36 178 27 4886 1
151 46 181 9 1004 1
152 18 210 13 3690 1
153 35 210 13 3690 1
154 19 187 9 1081 1
155 16 184 13 2920 1
156 15 202 14 2420 1
157 53 197 12 3254 1
158 43 202 13 3132 1
159 85 202 13 3132 1
160 19 171 6 780 1
161 17 167 9 1235 1
162 43 190 11 1411 1
163 42 178 49 9961 1
164 83 178 49 9961 1
165 124 178 49 9961 1
166 6 197 14 3232 1
167 45 151 7 1577 1
168 44 205 12 1991 1
169 35 151 8 1448 1
170 12 151 7 1202 1
171 73 194 10 1974 1
172 44 210 33 9143 1
173 10 188 26 2672 1
174 22 208 14 2844 1
175 43 208 14 2844 1
176 36 171 23 5463 1
177 71 171 23 5463 1
178 106 171 23 5463 1
179 25 204 13 2364 1
180 43 167 14 2492 1
181 85 167 14 2492 1
182 127 167 14 2492 1
183 169 167 14 2492 1
184 21 194 22 5529 1
185 42 151 8 1283 1
186 83 151 8 1283 1
187 18 161 15 1481 1
188 42 199 15 4138 1
189 6 203 10 1801 1
190 43 167 13 3182 1
191 85 167 13 3182 1
192 127 167 13 3182 1
193 44 149 14 1961 1
194 87 149 14 1961 1
195 24 203 9 999 1
196 47 203 9 999 1
197 8 188 6 687 1
198 44 195 28 4960 1
199 43 207 17 2086 1
200 14 188 36 8548 1
201 19 149 12 1369 1
202 19 202 19 4492 1
203 43 181 19 1864 1
204 85 181 19 1864 1
205 13 177 17 2511 1
206 6 204 19 3821 1
207 43 187 32 3623 1
208 85 187 32 3623 1
209 127 187 32 3623 1
210 5 151 13 2630 1
211 14 204 18 2298 1
212 43 184 17 1781 1
213 85 184 17 1781 1
214 127 184 17 1781 1
215 169 184 17 1781 1
216 211 184 17 1781 1
217 253 184 17 1781 1
218 18 167 12 1327 1
219 43 210 15 2689 1
220 23 177 31 6340 1
221 45 177 31 6340 1
222 43 184 14 3860 1
223 43 205 21 2886 1
224 43 181 15 2023 1
225 23 190 27 7199 1
226 43 203 22 2617 1
227 17 195 21 4142 1
228 33 195 21 4142 1
229 43 208 19 2355 1
230 85 208 19 2355 1
231 15 194 32 6065 1
232 44 177 10 1581 1
233 52 204 26 4088 1
234 196 161 16 3843 1
235 43 210 16 1719 1
236 22 177 17 1948 1
237 14 197 20 3880 1
238 45 210 18 4609 1
239 43 178 21 5439 1
240 85 178 21 5439 1
241 127 178 21 5439 1
242 43 195 23 4071 1
243 85 195 23 4071 1
244 127 195 23 4071 1
245 22 190 11 2404 1
246 44 178 13 2683 1
247 33 207 17 2766 1
248 81 202 18 5294 1
249 44 187 5 1363 1
250 87 187 5 1363 1
251 130 187 5 1363 1
252 43 171 25 5190 1
253 21 197 10 1539 1
254 45 149 20 2972 1
255 89 149 20 2972 1
256 57 212 9 1666 1
257 4 245 36 7060 1
258 73 212 17 1979 1
259 30 237 13 2631 1
260 59 230 15 4704 1
261 58 242 35 6062 1
262 58 237 42 9494 1
263 43 216 12 2435 1
264 27 237 15 2747 1
265 30 244 27 7827 1
266 56 212 12 3304 1
267 44 244 12 2491 1
268 15 244 18 2456 1
269 58 239 40 11036 1
270 47 243 17 5174 1
271 29 242 15 4639 1
272 37 237 11 2868 1
273 43 244 9 3046 1
274 85 244 9 3046 1
275 127 244 9 3046 1
276 169 244 9 3046 1
277 31 222 10 2057 1
278 44 220 11 1218 1
279 43 212 11 2956 1
280 85 212 11 2956 1
281 127 212 11 2956 1
282 31 216 22 4779 1
283 35 212 14 3050 1
284 59 220 9 1530 1
285 8 212 13 3233 1
286 29 220 17 4496 1
287 51 244 13 3465 1
288 56 243 8 1458 1
289 45 222 13 3909 1
290 50 220 12 3034 1
291 57 222 20 4102 1
292 28 220 34 7833 1
293 38 225 13 3422 1
294 75 225 13 3422 1
295 30 222 11 2916 1
296 107 221 14 2573 1
297 213 221 14 2573 1
298 42 228 39 9357 1
299 102 221 11 1963 1
300 121 244 31 4931 1
301 241 244 31 4931 1
302 361 244 31 4931 1
303 481 244 31 4931 1
304 51 242 16 4016 1
305 43 245 21 7318 1
306 44 221 32 10294 1
307 28 243 13 4504 1
308 57 242 50 9372 1
309 31 225 13 1686 1
310 61 225 13 1686 1
311 91 225 13 1686 1
312 121 225 13 1686 1
313 48 228 13 3222 1
314 15 221 34 3881 1
315 28 225 21 4878 1
316 43 230 25 3134 1
317 31 225 19 4771 1
318 61 225 19 4771 1
319 20 216 22 2511 1
320 43 212 22 6436 1
321 54 228 7 1243 1
322 53 244 35 11180 1
323 44 220 26 4490 1
324 30 245 36 6033 1
325 59 245 36 6033 1
326 44 221 13 1890 1
327 56 239 16 4643 1
328 29 225 57 15185 1
329 57 225 57 15185 1
330 44 230 12 1778 1
331 77 212 17 2900 1
332 37 237 14 2067 1
333 73 237 14 2067 1
334 32 225 22 3570 1
335 44 216 10 2277 1
336 43 216 16 1751 1
337 30 221 17 4972 1
338 43 244 13 3621 1
339 43 243 36 11733 1
340 62 216 12 1389 1
341 123 216 12 1389 1
342 30 221 19 6278 1
343 59 221 19 6278 1
344 105 237 28 6760 1
345 60 220 20 2639 1
346 31 228 15 1907 1
347 44 220 37 10173 1
348 119 221 19 4909 1
349 45 230 9 2269 1
350 89 230 9 2269 1
351 37 221 6 1511 1
352 57 221 11 3630 1
353 47 220 18 5306 1
354 44 220 41 9507 1
355 28 212 14 3502 1
356 90 239 16 4969 1
357 12 221 17 4882 1
358 23 221 17 4882 1
359 34 221 17 4882 1
360 37 222 19 6126 1
361 52 220 15 4287 1
362 46 237 37 7577 1
363 91 237 37 7577 1
364 31 216 11 3197 1
365 58 212 19 5899 1
366 55 230 16 5347 1
367 109 230 16 5347 1
368 40 216 36 6106 1
369 110 237 30 7296 1
370 219 237 30 7296 1
371 328 237 30 7296 1
372 21 222 20 3791 1
373 7 230 15 1786 1
374 105 242 36 11420 1
375 35 220 20 4023 1
376 14 244 11 3624 1
377 43 228 8 1914 1
378 31 239 10 2484 1
379 31 237 34 11567 1
380 27 245 62 19269 1
381 31 244 34 4183 1
382 44 212 33 4364 1
383 59 237 20 5131 1
384 47 242 16 3942 1
385 93 242 16 3942 1
386 44 221 16 3221 1
387 51 244 16 2675 1
388 49 243 19 3669 1
389 97 243 19 3669 1
390 43 221 24 5998 1
391 57 222 16 4055 1
392 58 220 10 1271 1
393 50 228 22 6056 1
394 93 216 13 4187 1
395 31 221 11 3352 1
396 115 220 20 6440 1
397 11 212 23 7159 1
398 30 237 21 5694 1
399 56 243 20 6317 1
400 29 230 19 4201 1
401 30 242 14 4546 1
402 59 242 14 4546 1
403 29 237 17 4409 1
404 39 225 26 5591 1
405 57 220 15 4065 1
406 48 221 20 2846 1
407 93 265 6 1459 1
408 185 265 6 1459 1
409 104 257 11 4100 1
410 207 257 11 4100 1
411 310 257 11 4100 1
412 84 260 11 2754 1
413 30 273 14 2171 1
414 57 270 13 2084 1
415 30 260 13 5009 1
416 36 259 14 4224 1
417 59 246 9 2217 1
418 117 246 9 2217 1
419 102 267 32 5974 1
420 203 267 32 5974 1
421 30 259 14 3889 1
422 15 255 23 6655 1
423 30 246 22 3274 1
424 30 262 21 4193 1
425 33 267 11 3069 1
426 13 267 12 3911 1
427 36 265 4 1320 1
428 42 257 19 6716 1
429 50 273 7 1249 1
430 98 264 11 3507 1
431 31 267 19 5576 1
432 56 268 20 6715 1
433 21 268 8 2541 1
434 14 262 7 1673 1
435 29 260 15 4356 1
436 43 275 15 4649 1
437 34 262 27 6509 1
438 67 262 27 6509 1
439 49 267 3 975 1
440 31 275 24 3345 1
441 61 275 24 3345 1
442 43 267 9 3215 1
443 44 262 16 4736 1
444 48 276 9 1775 1
445 95 276 9 1775 1
446 43 260 4 963 1
447 14 264 23 3690 1
448 16 261 30 8622 1
449 50 265 17 2687 1
450 44 274 7 1465 1
451 87 274 7 1465 1
452 43 255 16 5490 1
453 44 264 18 4672 1
454 30 274 16 2837 1
455 30 276 11 4169 1
456 98 275 17 3600 1
457 195 275 17 3600 1
458 94 257 12 4431 1
459 30 267 13 2052 1
460 52 246 16 4703 1
461 36 261 9 2010 1
462 8 262 10 2827 1
463 44 255 14 2901 1
464 30 260 23 4579 1
465 27 274 15 3753 1
466 29 255 19 4619 1
467 57 257 12 3160 1
468 105 270 20 5624 1
469 111 270 14 4319 1
470 51 257 17 6036 1
471 55 255 13 2317 1
472 36 259 10 2465 1
473 29 275 20 7295 1
474 33 277 19 6096 1
475 58 258 16 2680 1
476 91 267 21 3976 1
477 44 273 15 5795 1
478 43 261 15 3424 1
479 94 277 39 13224 1
480 36 276 12 4094 1
481 30 259 14 3324 1
482 59 259 14 3324 1
483 16 276 26 9623 1
484 91 262 23 6242 1
485 49 262 2 419 1
486 57 255 16 2176 1
487 31 265 20 7495 1
488 51 274 17 5747 1
489 101 274 17 5747 1
490 36 273 17 2826 1
491 50 255 11 2815 1
492 44 275 20 6188 1
493 51 257 15 5498 1
494 52 259 19 7098 1
495 36 267 5 1762 1
496 59 260 22 4706 1
497 99 270 6 1016 1
498 30 273 13 2887 1
499 59 273 13 2887 1
500 38 274 13 1983 1
501 31 246 13 4308 1
502 29 273 7 1768 1
503 30 276 18 5268 1
504 100 275 16 2984 1
505 29 267 17 6736 1
506 50 246 18 6277 1
507 49 264 14 5195 1
508 16 255 14 2412 1
509 36 260 22 7544 1
510 37 257 12 3757 1
511 149 275 15 5401 1
512 31 262 20 3397 1
513 61 262 20 3397 1
514 30 246 11 1466 1
515 43 260 14 5215 1
516 37 275 11 2299 1
517 16 275 23 9057 1
518 31 275 23 9057 1
519 37 268 15 5285 1
520 29 265 16 4894 1
521 57 265 16 4894 1
522 108 268 29 9072 1
523 129 276 16 4581 1
524 16 274 13 4243 1
525 58 265 11 1460 1
526 30 268 22 4526 1
527 98 255 11 1742 1
528 37 276 9 3661 1
529 73 276 9 3661 1
530 179 268 5 805 1
531 16 262 21 7865 1
532 93 267 17 5753 1
533 44 277 12 1851 1
534 36 262 10 2292 1
535 71 262 10 2292 1
536 51 260 21 4844 1
537 37 267 9 2423 1
538 73 267 9 2423 1
539 58 273 21 8176 1
540 58 258 8 3074 1
541 53 257 16 3364 1
542 15 275 10 3146 1
543 14 246 7 1317 1
544 23 274 17 2970 1
545 50 262 24 4775 1
546 29 270 13 2652 1
547 99 264 4 1511 1
548 58 262 17 5433 1
549 30 262 18 3208 1
550 43 276 16 4604 1
551 52 264 15 3264 1
552 103 264 15 3264 1
553 81 264 29 10893 1
554 25 267 12 4730 1
555 49 267 12 4730 1
556 37 268 19 7276 1
557 37 262 10 3771 1
558 73 262 10 3771 1
559 92 261 15 3688 1
560 28 275 22 6109 1
561 36 273 14 3401 1
562 51 246 16 2151 1
563 103 264 26 10089 1
564 37 273 15 2218 1
565 31 261 31 6566 1
566 36 255 18 2816 1
567 29 255 23 3244 1
568 57 255 23 3244 1
569 30 275 9 3190 1
570 104 277 15 4250 1
571 44 246 19 3878 1
572 34 260 7 1589 1
573 73 257 6 999 1
574 16 258 18 6483 1
575 58 259 19 4094 1
576 115 259 19 4094 1
577 18 255 21 6157 1
578 37 265 16 4069 1
579 52 260 17 6062 1
580 15 264 13 3722 1
581 91 255 26 3863 1
582 36 255 12 3498 1
583 43 246 20 5366 1
584 43 270 14 5033 1
585 48 276 17 5009 1
586 95 276 17 5009 1
587 36 257 25 5879 1
588 71 257 25 5879 1
589 113 300 32 14370 1
590 88 286 9 1398 1
591 16 294 12 4553 1
592 43 285 27 8910 1
593 37 279 24 5430 1
594 58 286 11 2117 1
595 10 293 26 5445 1
596 58 282 18 5677 1
597 75 291 11 2716 1
598 30 284 15 6304 1
599 58 294 9 2841 1
600 37 279 10 3249 1
601 30 285 15 3531 1
602 73 299 12 4288 1
603 29 281 15 2350 1
604 37 294 40 12555 1
605 44 284 13 2263 1
606 57 284 13 3109 1
607 44 292 14 2555 1
608 236 278 10 2547 1
609 66 281 12 4058 1
610 98 291 18 5585 1
611 29 299 26 10644 1
612 30 281 13 4260 1
613 30 291 12 2653 1
614 31 299 11 2500 1
615 36 293 27 10565 1
616 58 294 8 1211 1
617 56 278 34 14125 1
618 35 293 13 2077 1
619 29 281 5 1842 1
620 28 284 14 3712 1
621 31 282 14 5246 1
622 170 300 19 4582 1
623 58 292 12 2951 1
624 58 294 13 4834 1
625 57 284 18 7518 1
626 57 299 19 8017 1
627 58 293 20 4681 1
628 32 291 13 2779 1
629 37 279 13 2247 1
630 31 294 11 3276 1
631 30 278 20 8162 1
632 57 293 13 3102 1
633 45 286 17 6058 1
634 44 281 17 3261 1
635 86 282 11 3456 1
636 29 281 13 2716 1
637 98 278 19 7717 1
638 19 278 15 6086 1
639 57 279 17 3748 1
640 31 291 14 5777 1
641 31 292 15 4528 1
642 61 292 15 4528 1
643 91 292 15 4528 1
644 121 292 15 4528 1
645 99 299 23 6165 1
646 57 284 7 1416 1
647 57 282 13 4205 1
648 65 284 14 5450 1
649 31 281 15 3470 1
650 85 281 14 5452 1
651 56 293 20 5419 1
652 56 281 14 4631 1
653 31 279 30 12463 1
654 117 294 14 5867 1
655 57 282 20 7786 1
656 113 282 20 7786 1
657 44 300 16 5793 1
658 102 285 16 5245 1
659 29 294 19 6783 1
660 29 292 9 3150 1
661 42 281 12 4596 1
662 47 293 17 4918 1
663 58 281 10 1426 1
664 43 282 16 6460 1
665 29 294 19 7788 1
666 94 278 34 8854 1
667 30 286 35 8255 1
668 59 299 19 5973 1
669 44 279 14 2096 1
670 91 300 15 3196 1
671 57 294 10 3457 1
672 44 285 19 6496 1
673 87 285 19 6496 1
674 35 291 15 4891 1
675 90 285 24 4018 1
676 58 282 22 7170 1
677 115 282 22 7170 1
678 31 294 23 5868 1
679 30 282 13 5001 1
680 30 286 11 2096 1
681 30 282 30 7170 1
682 28 293 20 8313 1
683 44 286 8 1274 1
684 108 286 10 3873 1
685 204 292 13 4598 1
686 21 300 25 6215 1
687 159 292 8 1813 1
688 29 292 16 6905 1
689 55 294 16 4331 1
690 11 282 20 6844 1
691 21 282 20 6844 1
692 36 278 19 5348 1
693 41 292 11 2128 1
694 81 292 11 2128 1
695 121 292 11 2128 1
696 63 281 21 5228 1
697 57 285 24 6474 1
698 24 299 26 7518 1
699 57 293 16 4286 1
700 113 293 16 4286 1
701 169 293 16 4286 1
702 28 286 24 7587 1
703 61 292 13 4207 1
704 154 293 8 2099 1
705 36 281 18 6351 1
706 18 293 7 1196 1
707 95 284 11 3461 1
708 16 286 38 5798 1
709 28 284 14 2890 1
710 56 294 32 10075 1
711 57 279 24 6858 1
712 98 278 29 6686 1
713 31 281 8 1250 1
714 14 284 15 3755 1
715 57 281 36 5505 1
716 113 281 36 5505 1
717 169 281 36 5505 1
718 66 282 12 3270 1
719 44 279 11 4020 1
720 31 278 19 7751 1
721 58 294 9 1389 1
722 29 286 12 1855 1
723 43 293 22 4891 1
724 44 278 21 4780 1
725 26 282 13 4291 1
726 31 278 12 1923 1
727 29 292 17 4721 1
728 19 300 22 7500 1
729 58 299 19 4967 1
730 58 292 7 2724 1
731 57 294 18 4087 1
732 32 293 18 5912 1
733 29 278 9 2235 1
734 9 286 13 4149 1
735 3 292 10 1663 1
736 28 286 11 3002 1
737 148 285 21 5604 1
738 58 292 10 2565 1
739 28 299 19 8030 1
740 69 286 21 6827 1
741 57 293 17 6435 1
742 113 293 17 6435 1
743 57 293 22 6868 1
744 113 293 22 6868 1
745 63 293 16 6691 1
746 57 285 15 4936 1
747 58 284 9 3540 1
748 58 278 17 4922 1
749 58 294 21 8867 1
750 35 305 13 3104 1
751 14 368 31 7406 1
752 27 368 31 7406 1
753 40 368 31 7406 1
754 119 323 20 7242 1
755 51 338 23 5457 1
756 16 304 18 6812 1
757 58 336 14 6507 1
758 79 336 21 7381 1
759 37 335 18 7111 1
760 16 304 25 11056 1
761 61 368 21 6264 1
762 58 368 27 8770 1
763 15 304 17 6701 1
764 35 304 14 5531 1
765 58 305 28 7043 1
766 115 305 28 7043 1
767 57 332 35 14291 1
768 90 365 20 6084 1
769 14 303 20 7100 1
770 15 303 20 4982 1
771 50 331 19 6329 1
772 78 305 17 2689 1
773 92 349 15 6737 1
774 120 323 16 2683 1
775 58 324 20 7095 1
776 75 363 27 5428 1
777 56 338 22 8934 1
778 57 304 17 7262 1
779 77 335 22 8049 1
780 88 304 7 2402 1
781 57 349 14 6690 1
782 113 349 14 6690 1
783 36 349 18 4176 1
784 78 349 38 8904 1
785 120 333 29 10339 1
786 80 318 14 3865 1
787 38 363 13 4001 1
788 75 363 13 4001 1
789 79 338 16 7032 1
790 79 337 40 16124 1
791 81 333 20 6275 1
792 78 366 17 5702 1
793 155 366 17 5702 1
794 87 364 32 17003 1
795 49 364 38 9759 1
796 14 338 34 6825 1
797 78 337 32 15213 1
798 59 333 21 8569 1
799 58 318 29 5287 1
800 115 366 35 7223 1
801 57 363 20 9710 1
802 60 324 26 6214 1
803 127 304 25 9961 1
804 57 363 13 4944 1
805 113 332 78 29085 1
806 225 332 78 29085 1
807 60 333 26 9570 1
808 78 336 14 6242 1
809 117 303 20 4961 1
810 110 332 29 13302 1
811 15 331 31 14938 1
812 86 304 29 6881 1
813 13 323 17 3721 1
814 50 316 24 6230 1
815 51 304 36 6148 1
816 78 366 12 4877 1
817 57 366 27 12845 1
818 113 366 27 12845 1
819 57 304 13 3224 1
820 61 349 28 8359 1
821 36 304 56 12511 1
822 16 316 24 10171 1
823 57 318 14 4047 1
824 76 304 17 4379 1
825 79 335 48 23003 1
826 118 316 10 3416 1
827 113 303 18 3046 1
828 79 365 48 14142 1
829 157 365 48 14142 1
830 78 368 52 28633 1
831 50 365 27 13844 1
832 58 332 30 12124 1
833 57 364 31 14888 1
834 109 331 28 6935 1
835 112 304 12 5425 1
836 74 365 25 12376 1
837 50 331 35 6563 1
838 37 365 13 5690 1
839 51 335 9 3870 1
840 12 364 28 10088 1
841 51 366 13 7008 1
842 14 324 19 7052 1
843 120 332 20 5552 1
844 89 363 52 18913 1
845 36 324 12 4170 1
846 36 304 21 4448 1
847 58 335 18 7613 1
848 79 337 34 10270 1
849 121 335 21 5629 1
850 15 333 17 5572 1
851 35 318 13 5805 1
852 79 331 33 9353 1
853 57 364 24 5602 1
854 113 364 24 5602 1
855 79 304 12 2149 1
856 72 332 24 6066 1
857 72 368 42 14520 1
858 78 368 28 10859 1
859 79 333 17 6081 1
860 157 333 17 6081 1
861 31 333 25 9150 1
862 37 334 40 16460 1
863 58 336 23 8929 1
864 115 336 23 8929 1
865 172 336 23 8929 1
866 109 324 17 7375 1
867 51 303 31 10866 1
868 27 316 18 4594 1
869 72 332 18 8291 1
870 57 337 22 8435 1
871 113 337 22 8435 1
872 50 331 30 7066 1
873 99 331 30 7066 1
874 15 363 33 10115 1
875 57 349 54 14135 1
876 50 334 43 16865 1
877 99 334 43 16865 1
878 36 316 23 9842 1
879 14 334 15 6442 1
880 54 364 43 17876 1
881 63 363 33 8026 1
882 50 334 12 4627 1
883 58 366 19 4725 1
884 79 365 24 4942 1
885 157 365 24 4942 1
886 78 316 19 4959 1
887 37 316 16 5432 1
888 78 334 19 8580 1
889 155 334 19 8580 1
890 57 334 14 4067 1
891 58 363 29 5446 1
892 36 363 23 12165 1
893 50 333 34 9591 1
894 14 336 28 12558 1
895 56 331 16 7500 1
896 111 331 16 7500 1
897 59 349 19 8744 1
898 79 304 12 2209 1
899 34 338 24 10442 1
900 86 304 7 2400 1
901 13 337 14 3863 1
902 87 349 19 5494 1
903 78 365 62 21692 1
904 72 335 39 16249 1
905 143 335 39 16249 1
906 79 323 19 4133 1
907 157 323 19 4133 1
908 84 318 15 6768 1
909 78 336 10 2431 1
910 74 323 13 5920 1
911 118 338 37 6620 1
912 235 338 37 6620 1
913 14 318 11 3487 1
914 27 318 11 3487 1
915 100 332 38 16096 1
916 57 363 15 4408 1
917 57 323 43 9848 1
918 80 304 48 10884 1
919 57 335 15 3589 1
920 118 323 48 16265 1
921 51 335 20 3938 1
922 77 305 14 4644 1
923 76 338 20 4404 1
924 72 364 15 4877 1
925 84 364 20 10580 1
926 49 332 25 11656 1
927 57 305 15 2982 1
928 113 305 15 2982 1
929 77 363 11 2158 1
930 37 303 37 15917 1
931 79 305 58 25137 1
932 80 336 33 5816 1
933 50 318 9 2531 1
934 14 335 32 11288 1
935 123 303 30 4812 1
936 245 303 30 4812 1
937 58 331 20 4550 1
938 57 335 19 8477 1
939 79 318 22 5670 1
940 157 318 22 5670 1
941 79 335 31 11934 1
942 14 303 32 8914 1
943 36 324 29 5281 1
944 71 324 29 5281 1
945 58 363 18 7847 1
946 58 333 21 10249 1
947 38 331 14 5871 1
948 36 331 12 5498 1
949 15 316 14 3186 1
950 78 334 34 6762 1
951 50 323 21 5722 1
952 73 363 31 10177 1
953 36 336 17 6057 1
954 14 364 14 4077 1
955 13 338 37 6386 1
956 57 337 13 5797 1
957 58 337 12 4966 1
958 115 337 12 4966 1
959 109 349 13 4731 1
960 51 336 23 4746 1
961 52 368 28 14022 1
962 79 333 12 4273 1
963 61 363 18 3276 1
964 15 364 13 5135 1
965 51 323 31 14318 1
966 77 366 10 5075 1
967 36 366 61 27806 1
968 57 323 10 4207 1
969 80 305 30 10419 1
970 75 335 23 8805 1
971 129 305 40 14131 1
972 79 368 13 6096 1
973 73 305 12 4192 1
974 145 305 12 4192 1
975 111 333 13 3587 1
976 57 366 24 10956 1
977 113 366 24 10956 1
978 50 316 45 19810 1
979 37 332 14 4496 1
980 57 316 21 9426 1
981 113 316 21 9426 1
982 77 303 7 2628 1
983 79 365 18 6649 1
984 157 365 18 6649 1
985 15 303 24 9852 1
986 118 349 16 7306 1
987 73 349 23 10324 1
988 58 336 15 4609 1
989 76 364 31 7359 1
990 77 397 31 6642 1
991 80 399 38 18753 1
992 72 398 41 21002 1
993 79 398 29 15037 1
994 19 397 50 22222 1
995 79 398 25 11510 1
996 86 396 26 6887 1
997 95 398 28 12020 1
998 189 398 28 12020 1
999 91 395 29 12629 1
1000 90 396 46 24822 1
1001 14 395 35 16794 1
1002 79 397 29 12925 1
1003 81 398 22 8056 1
1004 75 397 24 4901 1
1005 108 399 37 16028 1
1006 90 399 27 11862 1
1007 12 399 42 9158 1
1008 15 397 36 17595 1
1009 78 399 40 15456 1
1010 155 399 40 15456 1
1011 74 396 26 11334 1
1012 109 399 18 10328 1
1013 90 395 33 13363 1
1014 167 397 40 12821 1
1015 159 395 40 15587 1
1016 110 398 40 11396 1
1017 80 397 22 7241 1
1018 159 397 22 7241 1
1019 238 397 22 7241 1
1020 79 397 23 5999 1
1021 84 397 29 15408 1
1022 78 399 24 11192 1
1023 90 395 31 12181 1
1024 79 397 35 18304 1
1025 86 398 24 6260 1
1026 88 399 51 13267 1
1027 80 396 27 8116 1
1028 76 395 33 11923 1
1029 78 396 19 10972 1
1030 115 396 45 26285 1
1031 85 399 27 9905 1
1032 79 395 18 9169 1
1033 157 395 18 9169 1
1034 177 396 16 6917 1
1035 161 396 28 14844 1
1036 86 397 33 19627 1
14
503 620 807 620 700 205 255 700 700 700 700 700 200 460 