1036
1 12 137 37 2770 1
2 23 137 37 2770 1
3 12 138 18 2493 1
4 23 138 18 2493 1
5 34 138 18 2493 1
6 2 140 12 1083 1
7 27 140 23 2826 1
8 9 138 13 1052 1
9 2 125 12 1304 1
10 15 137 9 1639 1
11 17 132 15 2232 1
12 33 132 15 2232 1
13 15 125 22 4068 1
14 12 129 4 608 1
15 9 138 15 1959 1
16 8 137 6 696 1
17 15 137 6 696 1
18 22 137 6 696 1
19 29 137 6 696 1
20 36 137 6 696 1
21 10 138 7 506 1
22 19 138 7 506 1
23 8 125 6 482 1
24 15 125 6 482 1
25 22 125 6 482 1
26 29 125 6 482 1
27 13 132 9 637 1
28 22 140 8 845 1
29 16 125 12 2176 1
30 31 125 12 2176 1
31 10 140 10 1020 1
32 9 140 50 5069 1
33 13 134 10 1062 1
34 28 137 5 405 1
35 10 140 8 1230 1
36 21 125 8 640 1
37 8 133 8 851 1
38 19 132 6 988 1
39 37 132 6 988 1
40 9 132 10 796 1
41 17 132 10 796 1
42 25 132 10 796 1
43 33 132 10 796 1
44 14 133 23 3464 1
45 27 133 23 3464 1
46 40 133 23 3464 1
47 8 132 17 1801 1
48 15 132 17 1801 1
49 2 132 21 1926 1
50 9 129 13 2250 1
51 14 137 9 1232 1
52 27 137 9 1232 1
53 40 137 9 1232 1
54 28 140 11 1212 1
55 27 132 45 6048 1
56 27 134 18 3165 1
57 9 129 21 1943 1
58 11 133 8 1071 1
59 9 129 5 841 1
60 17 129 5 841 1
61 9 132 58 9658 1
62 17 132 58 9658 1
63 25 132 58 9658 1
64 26 134 32 2449 1
65 3 137 11 1432 1
66 5 137 11 1432 1
67 23 134 9 803 1
68 45 134 9 803 1
69 67 134 9 803 1
70 32 134 17 3233 1
71 63 134 17 3233 1
72 13 129 12 1834 1
73 3 140 14 1886 1
74 2 134 15 2180 1
75 41 118 16 2667 1
76 13 140 26 2699 1
77 26 134 44 7394 1
78 30 125 27 4861 1
79 59 125 27 4861 1
80 88 125 27 4861 1
81 117 125 27 4861 1
82 9 118 14 1992 1
83 6 118 6 921 1
84 11 118 6 921 1
85 16 118 6 921 1
86 8 129 12 775 1
87 15 129 12 775 1
88 22 129 12 775 1
89 19 118 7 814 1
90 8 138 12 1879 1
91 15 138 12 1879 1
92 22 138 12 1879 1
93 8 125 6 576 1
94 14 138 5 632 1
95 27 138 5 632 1
96 40 134 4 711 1
97 79 134 4 711 1
98 11 129 12 843 1
99 27 140 8 792 1
100 53 140 8 792 1
101 79 140 8 792 1
102 23 177 5 930 1
103 16 208 19 2008 1
104 5 151 17 1904 1
105 10 199 12 1632 1
106 38 187 17 2528 1
107 75 187 17 2528 1
108 31 170 33 6913 1
109 36 202 21 4719 1
110 43 188 64 13494 1
111 85 188 64 13494 1
112 127 188 64 13494 1
113 169 188 64 13494 1
114 43 170 17 3923 1
115 17 161 21 4860 1
116 42 171 15 3806 1
117 14 161 11 964 1
118 43 187 24 4406 1
119 85 187 24 4406 1
120 36 187 16 4326 1
121 39 202 12 1567 1
122 44 203 13 1810 1
123 18 204 23 6445 1
124 44 167 11 1762 1
125 87 167 11 1762 1
126 130 167 11 1762 1
127 173 167 11 1762 1
128 5 161 14 2034 1
129 51 184 17 3458 1
130 43 149 12 1363 1
131 85 149 12 1363 1
132 44 151 17 1681 1
133 87 151 17 1681 1
134 130 151 17 1681 1
135 173 151 17 1681 1
136 44 205 24 5754 1
137 87 205 24 5754 1
138 130 205 24 5754 1
139 45 204 16 3345 1
140 89 204 16 3345 1
141 133 204 16 3345 1
142 43 151 17 1772 1
143 43 149 12 915 1
144 85 149 12 915 1
145 13 149 8 1393 1
146 49 161 10 2031 1
147 19 170 8 1966 1
148 6 197 20 5348 1
149 6 161 35 3322 1
150 43 197 12 2949 1
151 44 203 21 4479 1
152 43 194 6 697 1
153 85 194 6 697 1
154 127 194 6 697 1
155 169 194 6 697 1
156 45 151 23 3469 1
157 89 151 23 3469 1
158 6 195 15 2565 1
159 43 177 40 4544 1
160 19 194 32 5623 1
161 15 195 12 2427 1
162 29 195 12 2427 1
163 45 190 23 5319 1
164 89 190 23 5319 1
165 21 195 20 2628 1
166 45 210 12 1285 1
167 7 167 18 2772 1
168 44 202 20 4995 1
169 87 202 20 4995 1
170 130 202 20 4995 1
171 16 167 9 1163 1
172 44 170 19 2058 1
173 44 170 4 363 1
174 87 170 4 363 1
175 43 205 12 2958 1
176 85 205 12 2958 1
177 127 205 12 2958 1
178 169 205 12 2958 1
179 42 203 27 6712 1
180 73 194 17 2202 1
181 19 207 15 3551 1
182 23 190 40 3987 1
183 45 190 40 3987 1
184 43 207 16 3741 1
185 85 207 16 3741 1
186 127 207 16 3741 1
187 7 194 6 929 1
188 20 202 10 2440 1
189 44 161 15 1742 1
190 47 184 6 1645 1
191 44 194 43 8497 1
192 43 202 11 1298 1
193 85 202 11 1298 1
194 127 202 11 1298 1
195 19 207 14 2230 1
196 37 207 14 2230 1
197 18 205 10 1044 1
198 44 195 17 2557 1
199 44 178 21 2277 1
200 40 207 16 2059 1
201 72 184 8 1451 1
202 65 171 20 4950 1
203 6 195 40 8872 1
204 18 178 6 1376 1
205 18 151 9 2035 1
206 7 194 11 1458 1
207 22 171 31 7628 1
208 6 203 10 2209 1
209 44 210 5 1192 1
210 44 199 20 3936 1
211 16 199 19 5441 1
212 44 188 17 3847 1
213 7 151 15 2361 1
214 16 197 25 7187 1
215 5 188 34 7361 1
216 9 188 34 7361 1
217 39 161 38 6791 1
218 43 203 14 1619 1
219 44 205 36 5296 1
220 15 207 11 2947 1
221 8 167 8 1445 1
222 15 167 8 1445 1
223 22 167 8 1445 1
224 42 161 19 4249 1
225 41 171 29 3248 1
226 43 203 55 9447 1
227 43 151 17 3458 1
228 53 151 11 2295 1
229 105 151 11 2295 1
230 27 181 9 906 1
231 12 178 32 8016 1
232 23 178 32 8016 1
233 34 178 32 8016 1
234 15 171 26 4980 1
235 29 171 26 4980 1
236 43 171 26 4980 1
237 6 187 10 1691 1
238 7 207 6 1597 1
239 13 207 6 1597 1
240 44 167 18 2350 1
241 15 184 26 5817 1
242 44 190 12 2195 1
243 42 161 8 1580 1
244 36 207 17 4871 1
245 45 190 37 5455 1
246 89 190 37 5455 1
247 44 202 10 1230 1
248 87 202 10 1230 1
249 130 202 10 1230 1
250 173 202 10 1230 1
251 216 202 10 1230 1
252 259 202 10 1230 1
253 302 202 10 1230 1
254 44 197 7 860 1
255 87 197 7 860 1
256 52 212 13 3573 1
257 44 221 16 5134 1
258 91 221 11 3087 1
259 30 245 12 1507 1
260 53 237 29 9371 1
261 44 243 14 1807 1
262 87 243 14 1807 1
263 53 244 32 9047 1
264 29 245 19 4888 1
265 72 245 13 2489 1
266 58 242 13 1575 1
267 30 243 15 5383 1
268 45 242 20 6539 1
269 31 212 12 1705 1
270 44 221 17 4759 1
271 30 228 10 2341 1
272 59 228 10 2341 1
273 88 228 10 2341 1
274 117 228 10 2341 1
275 30 244 44 15067 1
276 38 228 44 14687 1
277 43 221 10 3074 1
278 101 222 23 4783 1
279 201 222 23 4783 1
280 14 212 19 5576 1
281 14 239 16 3133 1
282 59 242 16 5288 1
283 117 242 16 5288 1
284 44 243 12 2306 1
285 103 239 33 4088 1
286 30 228 37 9157 1
287 28 222 28 4434 1
288 58 245 16 3972 1
289 9 228 14 2906 1
290 17 228 14 2906 1
291 59 230 15 4520 1
292 58 220 21 6655 1
293 56 245 19 4953 1
294 57 225 15 3561 1
295 113 225 15 3561 1
296 36 228 17 2706 1
297 106 228 12 1859 1
298 17 239 17 3521 1
299 56 243 10 1534 1
300 10 225 16 5380 1
301 42 222 7 1110 1
302 122 221 23 3428 1
303 91 239 22 2687 1
304 14 243 8 1672 1
305 29 216 18 2864 1
306 57 222 26 3651 1
307 101 243 25 6351 1
308 201 243 25 6351 1
309 50 228 14 2309 1
310 99 228 14 2309 1
311 18 243 15 4054 1
312 112 237 17 4743 1
313 9 239 16 3830 1
314 30 239 27 8827 1
315 30 225 11 2030 1
316 72 242 22 7346 1
317 14 220 20 5909 1
318 27 220 20 5909 1
319 120 243 18 4676 1
320 58 230 36 8962 1
321 44 212 12 2373 1
322 53 242 29 9694 1
323 105 242 29 9694 1
324 51 239 15 2068 1
325 49 221 25 2821 1
326 115 221 10 2810 1
327 29 245 24 6321 1
328 57 245 24 6321 1
329 38 216 52 14371 1
330 57 225 17 2768 1
331 37 212 16 3301 1
332 73 212 16 3301 1
333 30 244 22 7357 1
334 57 245 24 6327 1
335 98 237 11 3059 1
336 53 239 32 11346 1
337 45 237 8 2821 1
338 28 230 38 8914 1
339 55 230 38 8914 1
340 18 239 10 2317 1
341 86 243 14 2337 1
342 171 243 14 2337 1
343 58 237 18 5922 1
344 47 237 44 9992 1
345 44 221 25 6685 1
346 38 228 26 3656 1
347 77 245 15 2710 1
348 30 222 15 2080 1
349 30 230 17 3378 1
350 29 237 12 4030 1
351 29 230 8 2157 1
352 44 245 33 5186 1
353 48 237 19 3359 1
354 95 237 19 3359 1
355 30 221 19 3649 1
356 59 221 19 3649 1
357 36 216 15 4829 1
358 36 237 14 3734 1
359 30 244 20 3340 1
360 59 244 20 3340 1
361 30 212 14 3697 1
362 62 222 10 2232 1
363 31 228 33 9241 1
364 61 228 33 9241 1
365 97 243 39 8984 1
366 31 244 24 8410 1
367 30 222 11 2958 1
368 29 212 14 3092 1
369 39 243 24 7581 1
370 48 225 16 2888 1
371 56 222 28 6001 1
372 44 220 20 5884 1
373 100 237 18 2751 1
374 29 239 9 2404 1
375 57 239 9 2404 1
376 85 239 9 2404 1
377 55 242 8 2595 1
378 44 222 27 7074 1
379 36 212 10 3137 1
380 37 222 10 2059 1
381 56 225 17 3781 1
382 7 220 21 5044 1
383 13 220 21 5044 1
384 101 244 22 4901 1
385 46 212 23 3537 1
386 38 212 12 1911 1
387 37 237 13 3905 1
388 64 225 8 1675 1
389 127 225 8 1675 1
390 44 242 11 2405 1
391 31 220 13 3093 1
392 32 220 38 4286 1
393 28 216 19 5998 1
394 37 230 8 1575 1
395 57 222 28 6937 1
396 29 212 19 3446 1
397 57 212 19 3446 1
398 56 220 20 5602 1
399 57 228 14 2191 1
400 57 243 18 2339 1
401 30 221 12 3642 1
402 32 242 25 5689 1
403 63 242 25 5689 1
404 94 242 25 5689 1
405 19 221 29 7260 1
406 43 239 16 2484 1
407 57 258 22 5171 1
408 50 276 11 1715 1
409 37 264 18 4049 1
410 44 275 16 4781 1
411 92 257 16 5556 1
412 28 270 18 6395 1
413 36 264 18 3655 1
414 17 258 20 3010 1
415 33 258 20 3010 1
416 29 276 20 3623 1
417 38 268 17 3122 1
418 29 270 11 2365 1
419 57 273 22 8188 1
420 57 255 18 2414 1
421 43 261 11 1591 1
422 25 258 12 4357 1
423 36 277 5 1283 1
424 52 276 17 6903 1
425 11 260 18 5938 1
426 44 260 10 2874 1
427 30 260 13 2830 1
428 44 270 15 2193 1
429 52 264 24 9353 1
430 36 275 15 5989 1
431 101 274 20 7804 1
432 98 276 8 3236 1
433 195 276 8 3236 1
434 20 268 15 3702 1
435 11 265 13 4164 1
436 21 265 13 4164 1
437 41 258 21 7133 1
438 81 258 21 7133 1
439 37 260 28 10284 1
440 30 268 14 4646 1
441 30 262 2 497 1
442 38 258 6 1928 1
443 58 264 13 3940 1
444 49 257 34 8105 1
445 96 258 16 4101 1
446 37 255 16 3799 1
447 85 273 17 6555 1
448 98 267 4 592 1
449 30 265 2 297 1
450 36 268 14 3483 1
451 57 277 13 1826 1
452 44 274 13 3931 1
453 87 274 13 3931 1
454 36 276 3 1124 1
455 57 268 22 6624 1
456 94 260 9 2264 1
457 94 258 12 3376 1
458 50 246 9 2981 1
459 102 273 1 206 1
460 203 273 1 206 1
461 15 265 11 1756 1
462 56 262 21 3334 1
463 44 273 13 2739 1
464 38 262 33 9046 1
465 59 273 18 7084 1
466 16 270 20 4079 1
467 50 246 18 6146 1
468 99 246 18 6146 1
469 58 265 11 3043 1
470 30 257 9 1695 1
471 59 257 9 1695 1
472 3 258 21 4801 1
473 30 262 22 6581 1
474 93 257 19 2549 1
475 30 246 17 2967 1
476 44 265 19 3253 1
477 30 267 14 5409 1
478 66 262 18 3660 1
479 29 264 17 4773 1
480 51 262 18 4157 1
481 37 255 13 3174 1
482 73 255 13 3174 1
483 86 267 12 2425 1
484 52 259 18 2400 1
485 44 258 18 5474 1
486 57 277 5 1735 1
487 51 257 10 3494 1
488 25 261 14 2631 1
489 44 275 11 1539 1
490 51 270 17 3230 1
491 50 260 17 4083 1
492 30 260 15 2153 1
493 59 260 15 2153 1
494 37 275 23 5111 1
495 36 267 18 5064 1
496 51 246 16 5147 1
497 57 258 16 6111 1
498 49 257 18 4100 1
499 36 258 19 6616 1
500 29 274 13 2565 1
501 26 262 26 7548 1
502 57 258 10 2579 1
503 29 268 16 5528 1
504 67 270 17 4262 1
505 34 255 9 2483 1
506 43 265 6 1294 1
507 37 268 13 2149 1
508 36 255 17 2701 1
509 50 255 10 1942 1
510 30 268 11 4085 1
511 52 276 7 2732 1
512 186 258 15 2406 1
513 85 273 16 5153 1
514 44 255 16 3658 1
515 49 277 8 3181 1
516 97 277 8 3181 1
517 102 273 20 4542 1
518 30 260 21 4753 1
519 44 273 18 5938 1
520 30 273 15 5520 1
521 91 268 8 3190 1
522 181 268 8 3190 1
523 271 268 8 3190 1
524 21 264 19 5006 1
525 50 274 23 4229 1
526 36 246 11 1916 1
527 57 275 21 5732 1
528 37 268 19 3636 1
529 58 270 15 3953 1
530 94 274 22 3537 1
531 126 265 21 5998 1
532 43 259 29 9730 1
533 85 259 29 9730 1
534 127 259 29 9730 1
535 87 265 24 9114 1
536 173 265 24 9114 1
537 58 270 20 7237 1
538 30 260 18 4106 1
539 59 260 18 4106 1
540 82 275 15 3590 1
541 36 255 20 3021 1
542 44 276 16 5520 1
543 58 255 25 5321 1
544 115 255 25 5321 1
545 1 261 19 4237 1
546 90 276 23 6890 1
547 50 257 4 895 1
548 37 270 17 4208 1
549 51 264 15 5882 1
550 36 265 9 2803 1
551 180 268 22 4352 1
552 29 275 15 5117 1
553 43 267 18 4346 1
554 29 270 11 3338 1
555 186 259 9 1177 1
556 93 276 26 5004 1
557 30 270 21 5902 1
558 14 276 17 6276 1
559 43 268 9 3427 1
560 84 246 16 2217 1
561 57 267 7 1998 1
562 37 265 26 10079 1
563 67 275 11 2742 1
564 42 259 26 9730 1
565 25 259 14 4504 1
566 58 260 11 2260 1
567 58 259 16 6193 1
568 25 273 9 1926 1
569 107 268 27 9364 1
570 37 261 17 3014 1
571 73 261 17 3014 1
572 43 274 8 1380 1
573 57 262 16 3772 1
574 43 260 14 2177 1
575 44 257 7 2269 1
576 102 264 12 2902 1
577 36 260 18 4218 1
578 36 276 11 1970 1
579 84 257 15 2309 1
580 29 267 19 6092 1
581 57 267 19 6092 1
582 42 264 10 3345 1
583 29 267 11 2678 1
584 72 276 18 2811 1
585 55 275 27 4652 1
586 37 261 36 5118 1
587 44 262 18 5776 1
588 51 259 10 1902 1
589 31 294 22 3287 1
590 56 282 11 3001 1
591 133 300 22 4602 1
592 26 294 29 5673 1
593 93 279 12 3112 1
594 31 294 32 10050 1
595 63 285 7 1825 1
596 74 300 10 3730 1
597 37 285 18 7547 1
598 57 292 14 3569 1
599 57 281 21 7056 1
600 59 291 13 3240 1
601 42 294 13 4217 1
602 57 285 23 8749 1
603 58 284 43 6921 1
604 7 279 11 2906 1
605 58 278 16 5452 1
606 115 278 16 5452 1
607 172 278 16 5452 1
608 43 279 5 1639 1
609 44 293 12 2929 1
610 87 293 12 2929 1
611 29 282 13 2473 1
612 29 284 22 7008 1
613 57 284 22 7008 1
614 56 286 17 6332 1
615 29 286 8 2472 1
616 43 291 14 3651 1
617 32 285 17 4838 1
618 57 300 10 2093 1
619 42 300 18 5643 1
620 29 284 16 2296 1
621 29 284 14 4713 1
622 140 279 13 4177 1
623 182 286 8 2220 1
624 29 291 14 2085 1
625 42 279 22 7304 1
626 59 278 10 4094 1
627 117 278 10 4094 1
628 59 282 15 3248 1
629 56 292 11 4059 1
630 59 299 27 9456 1
631 88 292 7 1439 1
632 175 292 7 1439 1
633 5 286 25 9144 1
634 9 286 25 9144 1
635 29 284 14 4446 1
636 9 281 34 11882 1
637 29 279 14 4915 1
638 163 300 8 2673 1
639 29 284 9 3042 1
640 57 281 15 6208 1
641 58 291 5 1928 1
642 61 291 26 8464 1
643 45 299 20 6298 1
644 37 299 16 2654 1
645 38 282 24 7599 1
646 58 294 15 6246 1
647 57 282 14 3744 1
648 113 282 14 3744 1
649 28 284 9 1847 1
650 57 284 15 3887 1
651 113 284 15 3887 1
652 28 293 6 2549 1
653 58 292 31 6409 1
654 115 292 31 6409 1
655 30 282 12 4999 1
656 44 294 16 4905 1
657 57 294 14 2232 1
658 30 282 11 2507 1
659 59 282 11 2507 1
660 193 291 12 2300 1
661 33 281 27 10871 1
662 35 282 34 11859 1
663 28 279 14 5615 1
664 44 286 34 11025 1
665 87 284 34 13080 1
666 31 292 23 8762 1
667 102 292 8 3490 1
668 56 300 24 6885 1
669 91 294 19 4267 1
670 44 299 18 7053 1
671 92 294 14 3524 1
672 58 282 10 2595 1
673 56 282 6 2118 1
674 49 278 14 3558 1
675 58 292 27 9047 1
676 44 284 15 5630 1
677 20 294 20 7490 1
678 31 281 11 3417 1
679 31 279 14 5783 1
680 57 292 19 7817 1
681 56 284 11 2038 1
682 36 294 15 5765 1
683 30 282 12 2379 1
684 58 291 7 1724 1
685 115 291 7 1724 1
686 30 300 19 6685 1
687 59 300 19 6685 1
688 172 285 8 2045 1
689 58 294 21 8189 1
690 55 285 13 4624 1
691 59 279 13 2467 1
692 29 285 13 4968 1
693 44 278 35 7888 1
694 44 292 22 4824 1
695 40 286 15 5473 1
696 43 286 19 6511 1
697 58 292 16 3985 1
698 115 292 16 3985 1
699 37 294 15 2830 1
700 59 284 18 5614 1
701 117 284 18 5614 1
702 30 294 14 3507 1
703 59 299 12 2430 1
704 30 279 14 4628 1
705 103 299 10 3450 1
706 100 291 13 2950 1
707 58 293 21 5221 1
708 115 293 21 5221 1
709 29 286 17 2991 1
710 31 292 21 8973 1
711 31 299 18 3298 1
712 43 281 30 12332 1
713 43 279 14 3786 1
714 31 300 14 2825 1
715 121 282 16 3225 1
716 29 282 6 1815 1
717 57 282 9 1811 1
718 113 282 9 1811 1
719 58 282 20 6433 1
720 58 279 15 4932 1
721 30 293 13 4534 1
722 32 286 11 1949 1
723 63 286 11 1949 1
724 30 279 23 5476 1
725 29 294 15 3022 1
726 57 294 15 3022 1
727 44 293 13 4629 1
728 10 294 12 2736 1
729 59 282 17 2630 1
730 30 278 14 4592 1
731 29 293 11 2723 1
732 56 279 13 5048 1
733 31 300 11 4531 1
734 58 292 27 8284 1
735 9 294 20 3441 1
736 57 279 26 7268 1
737 29 291 13 2971 1
738 57 291 13 2971 1
739 65 285 13 3284 1
740 57 291 12 4121 1
741 113 291 12 4121 1
742 51 285 16 6123 1
743 36 282 14 5264 1
744 185 294 10 2695 1
745 66 300 19 5651 1
746 58 286 20 4840 1
747 34 293 11 2973 1
748 58 294 13 5549 1
749 115 294 13 5549 1
750 73 305 18 5678 1
751 37 304 45 7871 1
752 54 303 20 8604 1
753 72 366 21 4722 1
754 201 323 11 3235 1
755 79 366 26 5016 1
756 57 304 21 4892 1
757 113 304 21 4892 1
758 169 304 21 4892 1
759 75 333 30 7504 1
760 78 366 12 5848 1
761 155 366 12 5848 1
762 75 331 11 5189 1
763 58 334 16 7720 1
764 73 336 24 7907 1
765 35 304 20 6693 1
766 16 334 37 10154 1
767 31 334 37 10154 1
768 57 366 20 5978 1
769 16 334 8 1535 1
770 114 337 16 5145 1
771 227 337 16 5145 1
772 36 337 54 14271 1
773 14 304 29 4612 1
774 14 335 36 14388 1
775 79 304 22 9713 1
776 99 335 19 4515 1
777 37 318 22 6225 1
778 73 336 44 8405 1
779 145 336 44 8405 1
780 36 333 27 8809 1
781 106 338 16 5933 1
782 81 305 14 2660 1
783 161 305 14 2660 1
784 57 365 25 8368 1
785 78 334 18 7653 1
786 155 334 18 7653 1
787 112 334 25 4374 1
788 51 368 23 9575 1
789 71 305 22 7392 1
790 50 333 18 6313 1
791 120 305 24 8842 1
792 79 363 20 7062 1
793 37 349 17 4934 1
794 75 303 31 12854 1
795 50 338 15 7424 1
796 79 303 29 7039 1
797 121 349 40 15444 1
798 15 363 28 11498 1
799 29 363 28 11498 1
800 49 316 30 9600 1
801 14 318 24 8323 1
802 78 305 27 4806 1
803 36 337 12 2793 1
804 71 337 12 2793 1
805 79 332 26 8621 1
806 79 365 16 3417 1
807 128 318 13 6201 1
808 58 305 15 4060 1
809 57 332 40 18329 1
810 73 337 23 6349 1
811 76 366 52 17411 1
812 73 338 27 10811 1
813 53 323 20 8727 1
814 37 338 16 8052 1
815 15 331 17 3855 1
816 78 316 12 4566 1
817 57 363 22 4153 1
818 75 333 25 7317 1
819 78 304 20 6549 1
820 51 318 20 8562 1
821 98 338 30 14785 1
822 53 338 12 4314 1
823 58 304 35 12683 1
824 115 304 35 12683 1
825 57 368 19 9635 1
826 80 332 16 7941 1
827 159 332 16 7941 1
828 14 304 33 13825 1
829 58 365 18 4263 1
830 115 365 18 4263 1
831 14 334 13 4473 1
832 120 365 28 9756 1
833 16 304 25 9048 1
834 57 324 28 8542 1
835 92 324 37 13609 1
836 50 349 12 5359 1
837 78 366 18 7865 1
838 36 364 39 9107 1
839 37 336 20 8331 1
840 57 331 22 9406 1
841 88 366 25 10964 1
842 57 368 30 10524 1
843 113 368 30 10524 1
844 16 364 33 13704 1
845 75 349 20 5807 1
846 50 349 57 17429 1
847 37 338 47 19465 1
848 96 316 13 3929 1
849 89 368 29 6830 1
850 76 349 17 3578 1
851 78 333 20 6584 1
852 15 303 26 9827 1
853 107 333 17 4451 1
854 58 365 27 8440 1
855 51 337 40 19250 1
856 128 331 51 12124 1
857 58 318 44 10775 1
858 36 368 32 16392 1
859 57 305 21 5957 1
860 51 335 30 12909 1
861 58 337 29 7042 1
862 92 323 13 3814 1
863 73 333 15 3512 1
864 79 366 31 9283 1
865 38 333 15 5053 1
866 93 323 20 9241 1
867 75 337 36 18141 1
868 105 366 17 6832 1
869 49 323 31 9502 1
870 16 304 21 7530 1
871 77 366 41 16553 1
872 74 331 7 2914 1
873 50 335 12 2614 1
874 99 335 12 2614 1
875 57 364 11 5677 1
876 58 337 14 6923 1
877 122 316 16 5370 1
878 58 324 24 10002 1
879 57 323 24 11324 1
880 14 318 19 7752 1
881 51 323 10 4493 1
882 17 333 32 6635 1
883 58 368 21 4944 1
884 115 368 21 4944 1
885 131 334 17 6130 1
886 50 349 29 8155 1
887 82 318 22 7728 1
888 73 324 11 3518 1
889 36 349 14 4401 1
890 79 303 38 12788 1
891 157 303 38 12788 1
892 35 363 51 20591 1
893 78 332 18 4787 1
894 57 365 28 7531 1
895 13 316 17 6199 1
896 16 331 26 5875 1
897 127 368 30 13585 1
898 51 368 21 6549 1
899 50 335 20 7220 1
900 9 337 38 15991 1
901 50 304 24 8887 1
902 79 331 27 5224 1
903 58 333 21 9387 1
904 36 324 22 9228 1
905 36 334 22 4050 1
906 120 323 29 9268 1
907 79 365 28 8031 1
908 53 303 29 10542 1
909 51 364 11 3483 1
910 58 363 34 7113 1
911 115 363 34 7113 1
912 51 335 22 4713 1
913 57 349 17 5031 1
914 51 364 22 9843 1
915 58 304 15 4377 1
916 115 304 15 4377 1
917 58 331 14 4125 1
918 115 331 37 10089 1
919 51 305 15 3457 1
920 57 305 15 2925 1
921 50 303 24 10401 1
922 71 323 15 4154 1
923 88 363 13 4953 1
924 108 366 17 6704 1
925 36 363 32 9409 1
926 17 304 9 1524 1
927 37 318 21 6939 1
928 78 316 28 8780 1
929 16 334 16 4142 1
930 50 304 17 5780 1
931 99 304 17 5780 1
932 58 332 17 4699 1
933 89 316 19 3585 1
934 109 368 37 17707 1
935 49 305 45 7380 1
936 52 303 17 6800 1
937 37 332 30 9247 1
938 71 303 21 5445 1
939 78 304 11 3646 1
940 57 335 29 7964 1
941 57 366 25 11683 1
942 57 363 29 13874 1
943 113 363 29 13874 1
944 169 363 29 13874 1
945 27 305 32 9489 1
946 50 366 21 5382 1
947 15 324 23 6505 1
948 37 324 20 7464 1
949 79 349 32 15196 1
950 78 305 22 9683 1
951 14 304 19 4637 1
952 37 349 42 15038 1
953 58 323 29 11087 1
954 50 334 16 4156 1
955 16 324 35 6279 1
956 95 331 16 4778 1
957 89 338 13 2913 1
958 73 335 25 9335 1
959 89 303 24 8670 1
960 78 304 11 5007 1
961 79 338 11 3979 1
962 78 318 18 8263 1
963 56 304 34 12549 1
964 114 363 10 2099 1
965 116 366 19 5403 1
966 58 324 34 7939 1
967 115 324 34 7939 1
968 78 316 13 2056 1
969 79 349 23 10669 1
970 157 349 23 10669 1
971 235 349 23 10669 1
972 78 338 35 9253 1
973 14 332 32 7879 1
974 57 336 55 16307 1
975 14 332 18 5239 1
976 27 332 18 5239 1
977 79 324 29 9435 1
978 79 335 28 7343 1
979 56 338 20 9367 1
980 59 334 33 10939 1
981 52 365 19 7419 1
982 56 303 27 7234 1
983 111 303 27 7234 1
984 57 334 33 10067 1
985 51 338 24 6247 1
986 59 366 41 17477 1
987 51 333 25 8766 1
988 36 335 12 4770 1
989 75 337 15 7065 1
990 77 395 27 15528 1
991 86 397 49 17519 1
992 90 396 26 11985 1
993 180 395 26 9831 1
994 79 399 29 12079 1
995 76 397 35 20692 1
996 79 397 30 11410 1
997 79 398 25 9506 1
998 80 395 35 16954 1
999 86 397 35 6995 1
1000 15 398 32 6456 1
1001 90 396 39 11008 1
1002 74 397 27 15344 1
1003 85 398 34 15330 1
1004 110 398 34 11470 1
1005 76 398 49 13305 1
1006 85 396 21 12448 1
1007 169 396 21 12448 1
1008 90 396 24 6098 1
1009 94 398 33 13795 1
1010 91 398 39 18293 1
1011 181 398 39 18293 1
1012 87 397 48 15460 1
1013 173 397 48 15460 1
1014 79 396 36 18472 1
1015 81 399 45 11033 1
1016 161 399 45 11033 1
1017 80 395 21 11022 1
1018 71 397 38 22220 1
1019 80 399 45 18201 1
1020 84 396 32 18088 1
1021 167 396 32 18088 1
1022 89 397 14 7776 1
1023 80 395 27 8816 1
1024 185 395 66 37798 1
1025 369 395 66 37798 1
1026 163 397 33 12988 1
1027 81 399 38 11824 1
1028 89 399 26 11939 1
1029 84 397 46 26548 1
1030 79 396 48 24906 1
1031 74 395 29 8286 1
1032 78 396 70 37555 1
1033 80 397 29 12854 1
1034 159 397 29 12854 1
1035 90 398 29 8231 1
1036 179 398 29 8231 1
14
503 620 807 620 700 205 255 700 700 700 700 700 200 460 