1036
1 9 125 66 11870 1
2 9 132 69 12986 1
3 9 137 25 4749 1
4 17 137 25 4749 1
5 23 133 16 2897 1
6 45 133 16 2897 1
7 67 133 16 2897 1
8 89 133 16 2897 1
9 3 118 33 3625 1
10 30 132 3 211 1
11 2 138 6 1190 1
12 8 118 5 781 1
13 21 140 6 1014 1
14 41 140 6 1014 1
15 61 140 6 1014 1
16 81 140 6 1014 1
17 13 134 19 1627 1
18 16 132 8 1034 1
19 31 132 8 1034 1
20 7 125 5 446 1
21 13 125 5 446 1
22 19 125 5 446 1
23 9 133 26 3797 1
24 17 138 5 530 1
25 33 138 5 530 1
26 49 138 5 530 1
27 3 140 5 746 1
28 8 133 7 1261 1
29 15 133 7 1261 1
30 22 133 7 1261 1
31 12 134 20 2871 1
32 9 132 27 3647 1
33 150 138 17 1843 1
34 27 118 6 1000 1
35 8 118 3 424 1
36 15 118 3 424 1
37 10 125 6 724 1
38 19 125 6 724 1
39 7 140 6 814 1
40 9 137 44 5338 1
41 2 138 16 3013 1
42 183 137 10 2020 1
43 365 137 10 2020 1
44 32 133 5 791 1
45 10 140 14 2728 1
46 19 140 14 2728 1
47 8 132 13 1477 1
48 15 132 13 1477 1
49 7 134 7 1381 1
50 13 134 7 1381 1
51 19 134 7 1381 1
52 25 134 7 1381 1
53 31 134 7 1381 1
54 2 138 30 3120 1
55 12 140 13 2066 1
56 2 118 15 1513 1
57 3 118 15 1513 1
58 27 129 9 1005 1
59 8 140 40 2925 1
60 29 138 31 6179 1
61 57 138 31 6179 1
62 9 137 10 909 1
63 17 137 10 909 1
64 25 137 10 909 1
65 6 134 14 2566 1
66 11 134 14 2566 1
67 8 118 9 1299 1
68 3 133 18 1777 1
69 5 133 18 1777 1
70 7 118 20 2154 1
71 9 137 27 4832 1
72 8 118 10 1312 1
73 15 118 10 1312 1
74 22 118 10 1312 1
75 33 118 14 1598 1
76 3 138 12 2271 1
77 5 138 12 2271 1
78 7 138 12 2271 1
79 6 137 14 2580 1
80 11 137 14 2580 1
81 23 140 12 1375 1
82 45 140 12 1375 1
83 12 138 9 743 1
84 3 118 10 615 1
85 29 132 20 2873 1
86 7 118 9 786 1
87 29 137 16 1461 1
88 9 133 6 795 1
89 16 137 9 1545 1
90 31 137 9 1545 1
91 9 138 10 1696 1
92 2 118 6 967 1
93 3 118 6 967 1
94 18 134 5 512 1
95 35 134 5 512 1
96 8 137 19 3903 1
97 17 129 11 806 1
98 30 134 8 1498 1
99 8 129 14 1837 1
100 9 133 17 2091 1
101 17 133 17 2091 1
102 19 177 34 3751 1
103 23 177 10 1259 1
104 65 210 24 2645 1
105 60 177 9 1279 1
106 19 151 6 1121 1
107 7 188 24 3083 1
108 56 195 6 1649 1
109 45 178 7 1307 1
110 89 178 7 1307 1
111 133 178 7 1307 1
112 177 178 7 1307 1
113 274 177 11 1841 1
114 10 210 14 3586 1
115 7 202 6 714 1
116 13 202 6 714 1
117 19 202 6 714 1
118 44 194 8 1080 1
119 45 202 30 5668 1
120 89 202 30 5668 1
121 30 170 13 1323 1
122 59 170 13 1323 1
123 88 170 13 1323 1
124 34 188 18 3151 1
125 67 188 18 3151 1
126 44 203 23 6732 1
127 205 161 8 1507 1
128 44 210 7 1809 1
129 23 194 19 2487 1
130 18 149 4 806 1
131 44 170 15 1597 1
132 34 167 12 1094 1
133 20 187 19 1951 1
134 39 187 19 1951 1
135 19 167 22 2908 1
136 43 177 14 3306 1
137 44 210 56 8057 1
138 7 151 14 1406 1
139 42 178 16 2831 1
140 21 205 10 2531 1
141 43 151 12 1264 1
142 17 197 34 7381 1
143 23 181 19 3856 1
144 12 151 10 1204 1
145 43 149 7 1299 1
146 65 208 23 5261 1
147 129 208 23 5261 1
148 53 203 23 5691 1
149 44 197 16 2660 1
150 87 197 16 2660 1
151 43 187 28 2660 1
152 85 187 28 2660 1
153 127 187 28 2660 1
154 18 190 28 3601 1
155 26 199 19 2551 1
156 23 195 48 12250 1
157 33 178 16 3515 1
158 44 151 18 1434 1
159 87 151 18 1434 1
160 130 151 18 1434 1
161 39 171 12 1963 1
162 21 161 9 1805 1
163 49 161 8 651 1
164 44 199 22 3291 1
165 87 199 22 3291 1
166 23 177 40 4185 1
167 44 171 24 2562 1
168 87 171 24 2562 1
169 49 210 59 14243 1
170 17 204 13 1762 1
171 43 181 8 1081 1
172 16 195 51 7837 1
173 20 177 12 3166 1
174 39 177 12 3166 1
175 58 177 12 3166 1
176 36 203 8 1379 1
177 43 188 14 3199 1
178 85 188 14 3199 1
179 127 188 14 3199 1
180 18 161 20 2862 1
181 44 171 10 1323 1
182 87 171 10 1323 1
183 130 171 10 1323 1
184 173 171 10 1323 1
185 216 171 10 1323 1
186 15 161 8 727 1
187 29 161 8 727 1
188 6 199 11 2636 1
189 19 199 24 2931 1
190 43 208 16 3415 1
191 17 199 15 1929 1
192 22 195 16 2426 1
193 19 194 18 4407 1
194 6 151 14 1326 1
195 22 194 8 1364 1
196 43 161 25 5861 1
197 18 202 12 3118 1
198 18 208 13 2010 1
199 19 188 17 4679 1
200 44 205 13 3234 1
201 7 194 25 3775 1
202 121 151 14 1203 1
203 58 208 29 8613 1
204 21 171 6 1267 1
205 14 195 25 4198 1
206 24 188 21 4899 1
207 8 149 10 1690 1
208 64 205 13 1531 1
209 51 195 15 1755 1
210 101 195 15 1755 1
211 44 171 14 3118 1
212 44 161 8 1631 1
213 87 161 8 1631 1
214 50 178 12 1580 1
215 43 149 13 2010 1
216 44 188 5 943 1
217 87 188 5 943 1
218 44 208 19 3630 1
219 42 194 8 1503 1
220 83 194 8 1503 1
221 124 194 8 1503 1
222 20 195 35 9017 1
223 39 195 35 9017 1
224 8 151 15 2858 1
225 43 167 29 3978 1
226 85 167 29 3978 1
227 44 204 11 2305 1
228 7 188 17 3221 1
229 66 178 18 2644 1
230 29 197 14 2069 1
231 57 197 14 2069 1
232 85 197 14 2069 1
233 16 167 5 1144 1
234 31 167 5 1144 1
235 23 161 21 3213 1
236 44 190 19 3252 1
237 20 187 20 3665 1
238 44 161 14 2894 1
239 44 205 25 3990 1
240 87 205 25 3990 1
241 45 171 15 1857 1
242 44 181 11 1141 1
243 6 208 13 2857 1
244 17 151 14 1581 1
245 44 194 29 8232 1
246 7 149 13 2185 1
247 43 161 5 533 1
248 68 188 28 3962 1
249 36 187 6 1078 1
250 18 149 9 769 1
251 158 161 25 4872 1
252 44 202 15 2248 1
253 87 202 15 2248 1
254 18 184 25 2780 1
255 35 184 25 2780 1
256 55 239 18 3043 1
257 43 225 7 1944 1
258 85 225 7 1944 1
259 10 216 10 2699 1
260 30 221 24 7763 1
261 37 245 25 7539 1
262 35 242 13 1989 1
263 31 230 24 5217 1
264 29 237 17 4559 1
265 28 212 37 9541 1
266 30 220 16 5190 1
267 17 228 22 5152 1
268 60 230 11 3055 1
269 119 230 11 3055 1
270 30 212 8 894 1
271 52 216 15 2498 1
272 67 242 15 3580 1
273 46 237 16 5614 1
274 36 212 24 7495 1
275 6 212 24 5554 1
276 31 212 16 4557 1
277 61 212 16 4557 1
278 91 212 16 4557 1
279 57 220 16 1821 1
280 43 228 11 2703 1
281 43 242 11 1814 1
282 43 225 16 1991 1
283 108 243 24 6333 1
284 64 220 17 2256 1
285 29 222 9 1718 1
286 44 244 22 2800 1
287 87 244 22 2800 1
288 57 222 18 3568 1
289 54 212 18 4079 1
290 47 242 23 5199 1
291 30 216 14 3078 1
292 14 212 36 5585 1
293 45 216 39 11934 1
294 29 237 13 4504 1
295 43 239 13 2085 1
296 44 243 22 4107 1
297 110 212 24 4404 1
298 28 216 15 2453 1
299 55 216 15 2453 1
300 52 237 31 5659 1
301 21 212 8 2051 1
302 45 221 11 1610 1
303 43 221 24 6703 1
304 54 242 19 4028 1
305 8 228 14 4144 1
306 98 228 18 4247 1
307 28 239 14 2720 1
308 55 239 14 2720 1
309 61 216 31 7428 1
310 121 216 31 7428 1
311 49 221 18 5701 1
312 61 220 13 1828 1
313 50 216 7 2157 1
314 44 242 17 5978 1
315 29 242 33 6978 1
316 57 242 33 6978 1
317 85 242 33 6978 1
318 90 225 28 7172 1
319 4 220 15 3147 1
320 58 220 15 3474 1
321 31 244 17 2718 1
322 43 230 9 2348 1
323 45 228 19 4240 1
324 8 228 17 2631 1
325 13 239 15 5339 1
326 43 225 30 8872 1
327 48 243 33 4313 1
328 13 237 18 3386 1
329 59 220 19 2779 1
330 44 237 37 5749 1
331 20 212 10 1566 1
332 9 220 10 1891 1
333 16 225 20 5859 1
334 51 242 27 8580 1
335 9 222 13 3495 1
336 100 243 28 9049 1
337 43 225 15 1897 1
338 30 245 22 6135 1
339 6 245 17 5788 1
340 54 228 9 2041 1
341 52 243 11 2952 1
342 7 237 46 13231 1
343 31 225 10 2468 1
344 61 225 10 2468 1
345 91 225 10 2468 1
346 34 245 15 2019 1
347 67 245 15 2019 1
348 57 225 18 5304 1
349 96 242 17 5830 1
350 30 242 18 4770 1
351 32 228 12 2455 1
352 46 244 12 1737 1
353 48 216 13 3212 1
354 51 212 9 2261 1
355 10 242 34 6252 1
356 59 220 15 3788 1
357 9 225 26 4678 1
358 44 242 15 3706 1
359 100 222 18 2460 1
360 6 222 18 5404 1
361 8 222 12 2251 1
362 59 245 22 5557 1
363 61 225 21 4745 1
364 37 244 14 4236 1
365 29 220 14 2353 1
366 30 220 17 3614 1
367 59 220 17 3614 1
368 88 220 17 3614 1
369 28 237 34 10777 1
370 59 228 22 3339 1
371 40 245 37 12142 1
372 79 245 37 12142 1
373 44 242 15 2901 1
374 99 221 10 2115 1
375 32 225 20 5627 1
376 63 225 20 5627 1
377 108 221 22 6254 1
378 215 221 22 6254 1
379 322 221 22 6254 1
380 60 244 19 2870 1
381 16 222 15 2250 1
382 49 221 41 5298 1
383 57 228 12 3833 1
384 49 243 16 2468 1
385 97 243 16 2468 1
386 61 225 5 751 1
387 14 242 9 2319 1
388 31 228 9 2034 1
389 61 228 9 2034 1
390 91 228 9 2034 1
391 12 225 11 3412 1
392 29 225 30 4504 1
393 29 212 11 1866 1
394 44 221 20 5628 1
395 34 230 21 2827 1
396 42 242 20 6135 1
397 57 239 23 8121 1
398 113 239 23 8121 1
399 44 242 30 7399 1
400 31 212 13 3948 1
401 59 243 33 8555 1
402 50 221 21 3580 1
403 30 225 26 4536 1
404 11 239 19 3853 1
405 64 225 36 5506 1
406 85 237 17 2372 1
407 36 261 13 3064 1
408 51 259 19 7255 1
409 93 275 13 2307 1
410 58 267 11 1892 1
411 37 277 22 7816 1
412 91 270 15 3787 1
413 181 270 15 3787 1
414 31 255 22 4139 1
415 36 264 17 2270 1
416 71 264 17 2270 1
417 106 264 17 2270 1
418 60 267 12 2620 1
419 43 262 11 2410 1
420 51 274 24 4395 1
421 101 274 24 4395 1
422 29 267 24 3370 1
423 29 262 20 6481 1
424 57 262 20 6481 1
425 36 277 14 3633 1
426 15 257 9 3149 1
427 37 273 30 10655 1
428 58 262 17 5113 1
429 86 265 12 4222 1
430 37 274 12 2321 1
431 99 264 6 1508 1
432 56 273 12 1749 1
433 111 273 12 1749 1
434 37 277 19 5872 1
435 43 258 4 750 1
436 34 260 21 7012 1
437 21 276 21 8401 1
438 58 264 15 5809 1
439 31 276 19 4381 1
440 37 275 12 4918 1
441 73 275 12 4918 1
442 36 267 21 3829 1
443 50 259 16 3246 1
444 43 267 12 4160 1
445 85 267 12 4160 1
446 92 270 10 2622 1
447 50 259 8 2997 1
448 51 262 12 2866 1
449 94 277 8 3308 1
450 31 259 19 6278 1
451 201 274 16 5434 1
452 30 274 11 4125 1
453 44 267 14 2206 1
454 50 258 5 1355 1
455 15 265 19 6159 1
456 15 265 23 8360 1
457 102 246 25 6947 1
458 35 265 15 5591 1
459 30 267 21 3791 1
460 88 265 23 3335 1
461 50 246 11 2851 1
462 36 259 20 5651 1
463 71 259 20 5651 1
464 57 277 23 8985 1
465 37 273 21 3379 1
466 50 267 31 7944 1
467 30 274 21 7978 1
468 59 274 21 7978 1
469 36 267 23 6833 1
470 58 261 18 5691 1
471 29 267 18 4784 1
472 43 270 30 7496 1
473 49 264 20 2806 1
474 97 264 20 2806 1
475 92 246 12 1633 1
476 51 261 17 2475 1
477 15 261 7 2162 1
478 95 273 16 3449 1
479 189 273 16 3449 1
480 55 270 12 3949 1
481 29 273 13 3881 1
482 42 246 15 5521 1
483 83 246 15 5521 1
484 108 261 19 3755 1
485 96 276 21 3521 1
486 37 270 21 3262 1
487 99 273 11 4033 1
488 89 255 12 1596 1
489 51 267 24 8508 1
490 50 258 13 3277 1
491 27 268 21 3050 1
492 15 264 20 3320 1
493 36 257 10 2212 1
494 36 258 18 5482 1
495 36 255 20 7116 1
496 35 257 11 2557 1
497 51 261 18 5837 1
498 98 275 22 7322 1
499 195 275 22 7322 1
500 292 275 22 7322 1
501 37 261 10 2970 1
502 30 262 22 3045 1
503 58 246 13 3221 1
504 30 275 8 2589 1
505 59 275 8 2589 1
506 51 268 21 5153 1
507 29 262 14 5145 1
508 52 264 11 2079 1
509 41 267 4 1276 1
510 81 267 4 1276 1
511 43 257 23 8430 1
512 14 255 13 3255 1
513 85 257 18 5554 1
514 98 273 22 6419 1
515 48 264 4 1206 1
516 30 246 12 3808 1
517 37 265 9 2358 1
518 98 267 15 4615 1
519 195 267 15 4615 1
520 58 268 20 6084 1
521 44 276 19 5960 1
522 46 255 17 3413 1
523 91 255 17 3413 1
524 50 262 24 9206 1
525 36 258 23 3120 1
526 55 246 12 2797 1
527 29 268 19 5877 1
528 30 275 20 5794 1
529 46 276 27 6842 1
530 91 276 27 6842 1
531 136 276 27 6842 1
532 13 276 31 9156 1
533 70 265 13 3500 1
534 29 246 17 5696 1
535 46 265 17 2313 1
536 91 265 17 2313 1
537 15 246 17 5833 1
538 101 264 18 6325 1
539 30 275 11 4371 1
540 49 276 18 7005 1
541 58 255 11 3651 1
542 115 255 11 3651 1
543 172 255 11 3651 1
544 43 246 20 4811 1
545 30 268 27 10198 1
546 187 273 17 6508 1
547 50 259 14 5021 1
548 51 258 13 4574 1
549 17 265 20 4783 1
550 43 257 17 5877 1
551 36 268 12 3386 1
552 37 259 14 3997 1
553 49 259 16 5519 1
554 44 259 18 3587 1
555 74 257 27 3706 1
556 36 260 9 2825 1
557 50 270 19 4300 1
558 31 260 18 6490 1
559 58 264 14 2418 1
560 30 270 12 1816 1
561 37 276 3 579 1
562 29 261 29 4256 1
563 57 261 29 4256 1
564 85 261 29 4256 1
565 87 262 24 7847 1
566 30 262 17 4448 1
567 98 260 29 8101 1
568 51 260 16 3822 1
569 38 277 2 533 1
570 75 277 2 533 1
571 78 273 10 3782 1
572 14 270 3 786 1
573 43 261 4 1332 1
574 80 277 19 6141 1
575 99 273 21 6089 1
576 99 274 29 5967 1
577 96 255 21 6279 1
578 36 267 19 7144 1
579 29 267 18 5482 1
580 44 257 8 2378 1
581 50 273 8 1169 1
582 91 273 7 1063 1
583 44 246 14 4604 1
584 87 246 14 4604 1
585 130 246 14 4604 1
586 54 264 8 2033 1
587 93 246 14 5001 1
588 16 277 10 4098 1
589 57 282 17 3884 1
590 33 278 18 5948 1
591 32 278 8 2707 1
592 173 286 17 5561 1
593 97 285 28 5188 1
594 164 292 11 4218 1
595 92 285 18 7586 1
596 30 278 19 2738 1
597 48 299 19 5327 1
598 58 291 12 1963 1
599 115 291 12 1963 1
600 58 284 18 6103 1
601 57 278 14 5735 1
602 43 294 8 3156 1
603 29 282 17 5037 1
604 42 285 11 1683 1
605 58 285 8 2471 1
606 115 285 8 2471 1
607 172 285 8 2471 1
608 229 285 8 2471 1
609 44 300 19 6357 1
610 57 291 19 5932 1
611 56 281 23 4556 1
612 56 300 21 3710 1
613 43 284 13 2166 1
614 56 293 19 7529 1
615 111 293 19 7529 1
616 29 293 18 6876 1
617 44 284 18 7055 1
618 31 293 11 2055 1
619 43 300 13 2503 1
620 58 294 14 4923 1
621 57 281 15 5521 1
622 31 284 22 7150 1
623 27 278 7 1633 1
624 57 281 13 1840 1
625 57 284 14 4111 1
626 29 279 41 6815 1
627 61 300 15 6729 1
628 57 282 18 5045 1
629 28 279 34 9935 1
630 96 299 8 3313 1
631 43 291 26 10829 1
632 85 291 26 10829 1
633 127 291 26 10829 1
634 169 291 26 10829 1
635 211 291 26 10829 1
636 58 300 31 9668 1
637 115 300 31 9668 1
638 56 284 10 2237 1
639 31 299 25 3928 1
640 61 299 25 3928 1
641 37 285 8 2839 1
642 58 285 27 4527 1
643 115 285 27 4527 1
644 37 293 12 4473 1
645 209 294 10 2137 1
646 59 281 14 4956 1
647 59 279 21 6076 1
648 89 285 26 9628 1
649 57 299 4 797 1
650 113 299 4 797 1
651 42 293 11 4522 1
652 57 284 29 4336 1
653 88 284 29 4758 1
654 44 285 11 2993 1
655 7 294 11 3455 1
656 29 300 9 1672 1
657 59 300 24 9303 1
658 30 285 12 4871 1
659 91 282 13 2572 1
660 31 300 23 8405 1
661 35 300 17 7568 1
662 57 299 16 4916 1
663 29 299 9 2263 1
664 31 294 24 5446 1
665 43 285 19 6627 1
666 29 281 14 5182 1
667 57 281 14 5182 1
668 57 282 41 14536 1
669 113 282 41 14536 1
670 169 282 41 14536 1
671 37 292 23 3844 1
672 108 281 16 2511 1
673 15 292 20 8569 1
674 58 286 16 2666 1
675 58 299 9 2004 1
676 42 294 24 4927 1
677 91 286 17 3896 1
678 45 281 17 3815 1
679 102 300 15 5319 1
680 194 300 24 4395 1
681 57 278 16 2792 1
682 38 286 12 3835 1
683 30 284 13 3865 1
684 29 284 11 4683 1
685 64 282 15 3609 1
686 57 291 7 1297 1
687 57 291 11 3253 1
688 39 282 11 2373 1
689 58 292 21 5724 1
690 115 292 21 5724 1
691 57 294 12 4829 1
692 30 284 10 3690 1
693 37 281 17 7018 1
694 37 285 14 3911 1
695 58 279 19 7107 1
696 59 282 16 3954 1
697 57 281 18 3998 1
698 113 281 18 3998 1
699 58 285 21 3766 1
700 69 285 27 10227 1
701 64 300 21 9423 1
702 57 292 13 4398 1
703 30 291 12 5045 1
704 29 284 19 3515 1
705 28 299 20 6062 1
706 95 299 20 4757 1
707 31 293 12 3538 1
708 92 300 20 3137 1
709 20 291 24 5093 1
710 56 284 19 2974 1
711 44 279 23 8160 1
712 29 279 13 1963 1
713 72 300 11 1877 1
714 29 292 18 6385 1
715 42 291 15 2982 1
716 44 286 7 1264 1
717 37 286 20 6310 1
718 58 300 10 3650 1
719 29 293 14 5454 1
720 58 286 25 4412 1
721 109 291 11 4772 1
722 56 284 23 7490 1
723 58 284 13 4819 1
724 30 279 33 10555 1
725 44 279 16 5627 1
726 30 286 29 7813 1
727 57 299 16 5132 1
728 113 299 16 5132 1
729 169 299 16 5132 1
730 58 299 16 5145 1
731 115 299 16 5145 1
732 153 300 18 2905 1
733 30 282 15 2311 1
734 59 282 8 1295 1
735 117 282 8 1295 1
736 29 281 10 3177 1
737 187 278 25 8253 1
738 59 279 14 3890 1
739 56 284 26 10194 1
740 35 291 17 4734 1
741 28 279 15 4462 1
742 58 300 29 9354 1
743 30 285 29 4806 1
744 7 285 17 4557 1
745 87 286 16 4205 1
746 173 286 16 4205 1
747 58 291 22 6227 1
748 58 278 20 6858 1
749 59 291 28 11696 1
750 79 304 33 5798 1
751 58 316 33 13849 1
752 57 364 50 18400 1
753 119 338 19 8818 1
754 98 365 21 8110 1
755 59 363 38 18545 1
756 50 349 17 7104 1
757 79 366 33 7789 1
758 78 332 23 8842 1
759 57 336 29 9973 1
760 58 335 20 5130 1
761 78 304 21 3932 1
762 36 303 17 6784 1
763 57 366 26 13584 1
764 88 365 46 12096 1
765 79 338 11 4626 1
766 109 363 29 14214 1
767 217 363 29 14214 1
768 78 332 21 3750 1
769 75 305 21 5844 1
770 56 365 43 14888 1
771 50 324 16 7591 1
772 78 335 15 7196 1
773 74 338 21 7984 1
774 58 364 14 6820 1
775 36 363 19 6209 1
776 78 318 16 4342 1
777 105 316 12 4336 1
778 209 316 12 4336 1
779 48 363 43 8258 1
780 38 304 11 3841 1
781 80 364 34 9015 1
782 50 364 32 15020 1
783 57 334 35 16382 1
784 113 334 35 16382 1
785 70 304 18 7344 1
786 76 363 26 11424 1
787 78 336 12 4843 1
788 155 336 12 4843 1
789 58 338 26 5861 1
790 14 303 16 2681 1
791 122 323 32 10369 1
792 84 364 12 3129 1
793 79 365 17 3961 1
794 157 365 17 3961 1
795 235 365 17 3961 1
796 60 349 20 3723 1
797 75 338 16 5977 1
798 57 335 12 4645 1
799 76 316 19 8229 1
800 151 316 19 8229 1
801 87 349 16 5346 1
802 16 338 19 7679 1
803 36 349 25 9413 1
804 110 331 32 12327 1
805 79 365 11 4288 1
806 57 332 15 4996 1
807 78 368 23 6216 1
808 92 336 29 11070 1
809 53 337 12 2808 1
810 58 331 25 8784 1
811 115 331 25 8784 1
812 58 331 17 6650 1
813 91 334 31 6172 1
814 117 366 23 5487 1
815 51 334 38 18647 1
816 12 364 23 11836 1
817 73 305 21 3928 1
818 80 338 43 17817 1
819 159 338 43 17817 1
820 84 331 15 4714 1
821 51 333 16 2989 1
822 14 365 26 10484 1
823 37 333 21 6841 1
824 78 349 38 12521 1
825 105 349 45 11461 1
826 15 363 17 5116 1
827 16 364 29 12998 1
828 73 336 15 3158 1
829 14 332 22 4110 1
830 133 368 25 7801 1
831 37 304 20 6533 1
832 73 304 20 6533 1
833 36 368 24 6149 1
834 51 334 18 5001 1
835 78 338 20 6959 1
836 79 333 25 7789 1
837 58 323 16 4760 1
838 50 366 33 13512 1
839 57 368 16 6325 1
840 56 337 18 5053 1
841 78 323 20 8525 1
842 104 318 31 9588 1
843 79 303 14 5169 1
844 36 366 25 5456 1
845 51 337 11 5497 1
846 13 316 37 12913 1
847 14 304 23 4234 1
848 27 304 23 4234 1
849 79 316 21 5427 1
850 157 316 21 5427 1
851 57 333 21 4428 1
852 113 333 21 4428 1
853 72 365 18 3780 1
854 79 324 13 6006 1
855 78 364 23 12051 1
856 155 364 23 12051 1
857 51 366 32 13004 1
858 52 366 52 19207 1
859 14 349 13 6057 1
860 14 338 40 10682 1
861 50 316 18 6015 1
862 112 316 34 10314 1
863 58 331 13 3828 1
864 62 324 23 4191 1
865 57 349 22 5389 1
866 113 349 22 5389 1
867 14 365 27 5637 1
868 27 365 27 5637 1
869 76 349 42 13100 1
870 57 336 16 7692 1
871 90 366 26 6434 1
872 58 324 20 7901 1
873 115 324 20 7901 1
874 14 335 16 4695 1
875 13 334 17 5707 1
876 79 323 7 2254 1
877 37 368 26 8058 1
878 73 368 26 8058 1
879 109 368 26 8058 1
880 89 338 10 3141 1
881 106 305 32 5748 1
882 78 337 14 6460 1
883 79 334 28 12351 1
884 36 303 15 4309 1
885 90 334 50 10552 1
886 37 335 68 26288 1
887 78 334 25 8410 1
888 58 303 34 14462 1
889 120 332 20 4404 1
890 18 336 12 4323 1
891 50 303 25 7020 1
892 15 349 21 6208 1
893 75 349 30 8530 1
894 51 332 18 8346 1
895 112 303 9 3201 1
896 86 338 9 3270 1
897 36 338 17 3936 1
898 117 364 11 4844 1
899 57 304 48 20839 1
900 87 316 10 2888 1
901 17 365 26 9046 1
902 57 334 28 10120 1
903 15 338 14 6651 1
904 29 338 14 6651 1
905 43 338 14 6651 1
906 80 338 14 3904 1
907 159 338 14 3904 1
908 36 318 18 3311 1
909 15 334 22 9831 1
910 58 318 30 13460 1
911 78 364 39 14510 1
912 15 336 10 2085 1
913 57 363 22 6364 1
914 77 365 12 5289 1
915 50 366 30 14890 1
916 78 316 24 9148 1
917 77 318 14 2984 1
918 153 318 14 2984 1
919 51 331 48 20269 1
920 78 316 17 3830 1
921 155 316 17 3830 1
922 57 316 10 1985 1
923 72 303 21 8299 1
924 87 323 16 7027 1
925 173 323 16 7027 1
926 79 316 36 14869 1
927 78 318 27 9507 1
928 92 365 17 4133 1
929 58 337 19 3300 1
930 50 333 18 8078 1
931 51 335 17 4585 1
932 51 364 22 10714 1
933 58 336 16 5355 1
934 71 338 37 15943 1
935 36 336 16 3296 1
936 114 331 55 21229 1
937 74 338 11 3024 1
938 14 335 34 9158 1
939 57 366 44 22723 1
940 15 337 51 8800 1
941 78 335 22 6614 1
942 14 349 20 4529 1
943 35 303 15 2570 1
944 36 305 10 4277 1
945 51 334 13 3522 1
946 51 318 16 6809 1
947 120 318 24 5847 1
948 239 318 24 5847 1
949 78 336 18 7490 1
950 91 333 19 8192 1
951 51 331 17 3060 1
952 79 366 18 9689 1
953 57 305 20 3696 1
954 123 324 19 3587 1
955 58 363 10 3412 1
956 58 333 16 6235 1
957 73 337 22 10173 1
958 58 316 18 6587 1
959 117 364 19 10207 1
960 233 364 19 10207 1
961 124 364 28 9771 1
962 57 318 21 6385 1
963 102 332 35 15011 1
964 78 364 40 21764 1
965 78 364 23 10814 1
966 56 323 38 16898 1
967 111 323 38 16898 1
968 78 363 31 7911 1
969 50 335 24 11425 1
970 58 303 8 3058 1
971 112 303 16 6273 1
972 54 334 33 11552 1
973 91 332 17 7793 1
974 77 333 31 10564 1
975 79 366 20 9254 1
976 51 305 24 5536 1
977 51 365 36 18872 1
978 73 337 32 14255 1
979 78 334 32 11568 1
980 113 324 16 6805 1
981 22 336 27 12914 1
982 78 336 24 11344 1
983 75 363 17 5772 1
984 74 334 15 6854 1
985 83 368 37 7581 1
986 76 304 30 4999 1
987 78 335 29 9646 1
988 189 366 28 13643 1
989 78 365 20 8534 1
990 77 395 22 8049 1
991 95 399 35 8296 1
992 11 395 39 17001 1
993 81 395 39 8053 1
994 79 395 29 16737 1
995 157 395 29 16737 1
996 13 399 42 21881 1
997 76 399 30 9416 1
998 85 397 43 20824 1
999 173 397 68 30184 1
1000 179 398 25 14771 1
1001 90 399 20 11014 1
1002 90 399 21 9954 1
1003 15 398 51 12026 1
1004 149 396 25 11802 1
1005 79 399 39 16758 1
1006 78 395 44 20617 1
1007 94 396 26 5192 1
1008 79 395 18 4485 1
1009 79 397 54 23663 1
1010 172 396 26 15199 1
1011 79 398 42 17910 1
1012 75 395 23 5240 1
1013 79 397 19 6389 1
1014 157 397 19 6389 1
1015 90 399 16 5410 1
1016 112 395 28 9246 1
1017 156 399 26 5965 1
1018 79 396 25 7215 1
1019 175 395 33 11334 1
1020 77 398 23 8987 1
1021 93 395 32 16948 1
1022 75 396 29 10157 1
1023 90 398 30 10009 1
1024 75 398 33 14556 1
1025 75 397 27 9716 1
1026 80 395 37 19162 1
1027 73 395 23 6349 1
1028 79 398 40 18070 1
1029 89 397 35 15310 1
1030 181 396 26 10176 1
1031 113 396 22 5095 1
1032 90 395 33 15831 1
1033 93 399 31 15410 1
1034 78 397 24 8055 1
1035 80 396 39 13049 1
1036 74 399 23 5857 1
14
503 620 807 620 700 205 255 700 700 700 700 700 200 460 