1036
1 8 133 7 1346 1
2 2 134 6 641 1
3 29 129 11 2079 1
4 57 129 11 2079 1
5 7 134 5 415 1
6 13 134 5 415 1
7 9 137 10 1990 1
8 17 137 10 1990 1
9 7 118 18 1167 1
10 11 133 6 413 1
11 36 118 7 442 1
12 1 140 12 1864 1
13 22 125 6 974 1
14 8 118 5 559 1
15 15 118 5 559 1
16 22 118 5 559 1
17 29 118 5 559 1
18 36 118 5 559 1
19 8 140 14 2612 1
20 101 134 29 3931 1
21 3 132 16 2934 1
22 18 137 18 2676 1
23 35 137 18 2676 1
24 52 137 18 2676 1
25 69 137 18 2676 1
26 86 137 18 2676 1
27 6 125 27 2729 1
28 11 125 27 2729 1
29 27 118 3 527 1
30 2 137 28 5629 1
31 3 137 28 5629 1
32 18 133 18 3346 1
33 11 125 14 2012 1
34 8 132 3 476 1
35 15 132 3 476 1
36 12 133 5 774 1
37 8 129 38 6635 1
38 8 133 13 1142 1
39 15 133 13 1142 1
40 20 125 19 3386 1
41 8 118 25 3624 1
42 4 133 11 1636 1
43 28 129 28 3499 1
44 7 129 11 1715 1
45 13 129 11 1715 1
46 7 134 20 1755 1
47 13 134 20 1755 1
48 19 134 20 1755 1
49 25 134 20 1755 1
50 31 134 20 1755 1
51 8 118 15 1653 1
52 15 118 15 1653 1
53 22 118 15 1653 1
54 2 133 10 1429 1
55 23 129 18 1843 1
56 9 125 5 765 1
57 8 140 5 407 1
58 21 132 7 1170 1
59 7 132 3 337 1
60 13 132 3 337 1
61 7 137 7 533 1
62 13 137 7 533 1
63 19 137 7 533 1
64 8 140 40 2962 1
65 15 140 40 2962 1
66 10 137 14 1411 1
67 19 137 14 1411 1
68 28 137 14 1411 1
69 37 137 14 1411 1
70 46 137 14 1411 1
71 55 137 14 1411 1
72 18 134 9 842 1
73 2 140 33 4665 1
74 3 140 33 4665 1
75 17 125 12 1227 1
76 21 134 48 7814 1
77 17 140 14 1711 1
78 29 132 20 2655 1
79 57 132 20 2655 1
80 85 132 20 2655 1
81 9 137 11 1527 1
82 9 118 7 867 1
83 17 118 7 867 1
84 103 133 7 933 1
85 11 125 23 3293 1
86 19 133 9 1197 1
87 8 133 5 476 1
88 27 137 17 1349 1
89 9 137 23 2378 1
90 13 133 9 1766 1
91 25 133 9 1766 1
92 37 133 9 1766 1
93 13 134 12 1128 1
94 20 132 5 897 1
95 39 132 5 897 1
96 58 132 5 897 1
97 77 132 5 897 1
98 96 132 5 897 1
99 115 132 5 897 1
100 8 137 9 1153 1
101 15 137 9 1153 1
102 42 181 12 1556 1
103 18 207 15 2642 1
104 22 187 9 1257 1
105 44 178 18 3145 1
106 87 178 18 3145 1
107 130 178 18 3145 1
108 15 207 50 9998 1
109 19 151 7 771 1
110 166 203 22 5870 1
111 8 195 16 2235 1
112 43 205 13 1448 1
113 85 205 13 1448 1
114 127 205 13 1448 1
115 44 167 11 1853 1
116 87 167 11 1853 1
117 130 167 11 1853 1
118 43 187 12 1280 1
119 19 177 12 2190 1
120 45 161 14 3273 1
121 15 170 24 2160 1
122 29 170 24 2160 1
123 43 170 24 2160 1
124 63 167 18 1902 1
125 43 199 21 3591 1
126 24 190 11 2375 1
127 43 161 22 4524 1
128 85 161 22 4524 1
129 45 161 44 8765 1
130 25 197 8 1000 1
131 44 177 8 754 1
132 5 171 11 2355 1
133 20 187 22 5059 1
134 39 187 22 5059 1
135 58 187 22 5059 1
136 43 177 19 4792 1
137 85 177 19 4792 1
138 44 187 23 2987 1
139 43 151 12 1972 1
140 85 151 12 1972 1
141 44 188 15 3993 1
142 44 190 18 4155 1
143 87 190 18 4155 1
144 35 161 15 3141 1
145 37 184 11 1418 1
146 5 151 18 1806 1
147 45 202 14 3922 1
148 89 202 14 3922 1
149 31 181 13 2825 1
150 44 203 9 2195 1
151 44 171 9 2165 1
152 22 203 17 3684 1
153 17 177 16 2193 1
154 44 208 18 3935 1
155 87 208 18 3935 1
156 43 177 9 1016 1
157 43 195 13 1319 1
158 85 195 13 1319 1
159 43 187 12 2559 1
160 6 167 9 1120 1
161 45 202 15 4395 1
162 7 187 9 1563 1
163 16 151 16 2690 1
164 43 167 17 2567 1
165 44 184 8 1776 1
166 87 184 8 1776 1
167 6 208 21 6120 1
168 14 171 31 3215 1
169 27 171 31 3215 1
170 44 210 16 2472 1
171 87 210 16 2472 1
172 130 210 16 2472 1
173 173 210 16 2472 1
174 44 194 12 3190 1
175 43 203 17 5028 1
176 15 188 22 5263 1
177 18 207 38 11570 1
178 44 195 22 2182 1
179 87 195 22 2182 1
180 130 195 22 2182 1
181 173 195 22 2182 1
182 68 161 13 2713 1
183 16 199 11 2243 1
184 21 190 16 2469 1
185 42 205 18 3141 1
186 223 184 12 3141 1
187 5 204 22 3420 1
188 58 171 23 2530 1
189 115 171 23 2530 1
190 7 194 18 3298 1
191 44 171 14 3097 1
192 87 171 14 3097 1
193 130 171 14 3097 1
194 44 208 7 1551 1
195 41 181 42 8919 1
196 58 204 30 8087 1
197 115 204 30 8087 1
198 22 161 13 2921 1
199 17 205 14 2591 1
200 43 208 17 4991 1
201 85 208 17 4991 1
202 33 188 12 1640 1
203 16 167 9 932 1
204 7 210 17 2913 1
205 6 151 10 1902 1
206 16 171 17 2608 1
207 46 188 11 2716 1
208 16 199 11 1185 1
209 43 195 16 3154 1
210 85 195 16 3154 1
211 13 181 11 2780 1
212 44 171 11 1194 1
213 43 202 17 3012 1
214 85 202 17 3012 1
215 23 161 12 1453 1
216 43 188 9 943 1
217 85 188 9 943 1
218 16 184 19 2561 1
219 31 184 19 2561 1
220 46 184 19 2561 1
221 43 181 7 1477 1
222 44 170 23 5419 1
223 44 195 11 3108 1
224 20 208 24 3282 1
225 234 195 24 4420 1
226 50 184 3 357 1
227 99 184 3 357 1
228 44 202 26 3574 1
229 53 177 11 1658 1
230 43 205 9 2702 1
231 44 181 13 2486 1
232 87 181 13 2486 1
233 130 181 13 2486 1
234 50 178 12 1491 1
235 44 202 13 3009 1
236 87 202 13 3009 1
237 130 202 13 3009 1
238 44 177 10 2011 1
239 7 208 11 2926 1
240 49 190 30 3176 1
241 43 170 11 2235 1
242 47 178 16 2421 1
243 93 178 16 2421 1
244 7 188 14 3025 1
245 23 178 18 2319 1
246 33 203 15 2786 1
247 65 203 15 2786 1
248 44 197 14 3008 1
249 18 178 20 3657 1
250 45 195 14 3649 1
251 43 187 12 1768 1
252 85 187 12 1768 1
253 127 187 12 1768 1
254 169 187 12 1768 1
255 211 187 12 1768 1
256 30 242 9 1996 1
257 59 242 9 1996 1
258 63 216 12 1492 1
259 35 225 48 6735 1
260 109 220 38 11483 1
261 10 222 27 7407 1
262 46 243 25 3448 1
263 91 243 25 3448 1
264 30 216 30 4602 1
265 32 244 30 4988 1
266 63 244 30 4988 1
267 94 244 30 4988 1
268 7 216 20 3648 1
269 123 244 17 6173 1
270 29 220 14 1980 1
271 127 243 15 4725 1
272 28 243 9 1873 1
273 55 243 9 1873 1
274 118 221 11 2021 1
275 235 221 11 2021 1
276 56 239 14 2750 1
277 29 230 9 2293 1
278 29 228 19 5965 1
279 49 216 8 1280 1
280 102 225 17 4587 1
281 65 244 30 4883 1
282 31 244 13 4310 1
283 30 239 20 5999 1
284 110 216 23 4019 1
285 31 220 10 2520 1
286 19 222 8 2505 1
287 35 230 27 9045 1
288 18 237 27 8891 1
289 132 230 24 5190 1
290 30 237 13 4050 1
291 53 216 9 1636 1
292 36 212 10 2069 1
293 53 245 14 3416 1
294 50 239 14 3950 1
295 29 220 23 2856 1
296 37 244 20 7263 1
297 88 225 15 2887 1
298 30 239 16 4402 1
299 48 245 11 1904 1
300 31 237 13 2354 1
301 8 212 6 723 1
302 30 239 21 2977 1
303 59 239 21 2977 1
304 38 237 12 3747 1
305 47 243 26 4089 1
306 87 245 8 2110 1
307 173 245 8 2110 1
308 29 220 47 10127 1
309 57 239 5 1492 1
310 46 212 10 2928 1
311 58 216 11 3028 1
312 88 225 12 1902 1
313 59 220 12 2211 1
314 117 220 12 2211 1
315 29 244 40 10950 1
316 58 244 13 4055 1
317 30 221 10 2109 1
318 11 222 19 2134 1
319 44 222 11 2159 1
320 32 237 18 6284 1
321 63 237 18 6284 1
322 57 228 26 5169 1
323 49 243 43 6616 1
324 97 243 43 6616 1
325 48 244 9 1659 1
326 56 237 21 3584 1
327 29 243 18 3605 1
328 37 243 30 7198 1
329 73 243 30 7198 1
330 108 225 8 2678 1
331 215 225 8 2678 1
332 55 244 20 5669 1
333 84 243 31 9135 1
334 30 243 19 6824 1
335 22 216 13 3109 1
336 30 228 18 4337 1
337 27 212 11 1552 1
338 110 245 44 7903 1
339 95 245 21 3999 1
340 31 212 13 2163 1
341 29 244 14 2717 1
342 16 212 9 2022 1
343 29 216 31 9315 1
344 57 216 31 9315 1
345 57 225 23 7553 1
346 30 225 17 5371 1
347 52 244 26 4345 1
348 103 244 26 4345 1
349 13 243 14 4985 1
350 44 237 27 3816 1
351 30 220 10 2220 1
352 52 225 8 2537 1
353 44 243 21 6942 1
354 58 243 36 10231 1
355 115 243 36 10231 1
356 83 237 23 8059 1
357 86 244 27 5545 1
358 55 220 32 7920 1
359 43 212 8 2177 1
360 45 244 18 2797 1
361 72 237 29 7223 1
362 58 212 32 5123 1
363 36 245 26 5491 1
364 71 245 26 5491 1
365 39 245 21 6912 1
366 14 220 18 3854 1
367 37 244 15 3262 1
368 36 222 18 2932 1
369 113 220 12 2460 1
370 31 212 24 6841 1
371 61 212 24 6841 1
372 14 230 26 4651 1
373 31 230 19 5845 1
374 58 239 69 10441 1
375 115 239 69 10441 1
376 31 228 8 2204 1
377 59 216 18 4148 1
378 117 216 18 4148 1
379 42 245 37 8668 1
380 86 221 25 7618 1
381 38 221 11 3620 1
382 28 225 13 1728 1
383 31 230 40 12275 1
384 33 245 21 2573 1
385 43 243 9 1867 1
386 29 243 12 3313 1
387 56 228 15 2430 1
388 44 221 11 2839 1
389 43 225 17 3091 1
390 44 239 19 5739 1
391 29 220 10 2138 1
392 43 243 16 2758 1
393 29 228 28 3278 1
394 38 237 12 3799 1
395 32 230 17 5462 1
396 41 225 10 3216 1
397 81 225 10 3216 1
398 29 242 13 4294 1
399 27 221 30 9013 1
400 46 225 7 2185 1
401 55 243 20 2599 1
402 43 221 22 6585 1
403 123 243 14 4058 1
404 101 222 12 3365 1
405 50 237 9 3143 1
406 99 237 9 3143 1
407 31 255 16 5722 1
408 26 255 16 4147 1
409 30 264 2 398 1
410 49 268 8 2641 1
411 44 275 20 7159 1
412 43 277 15 5096 1
413 37 262 21 8243 1
414 100 255 19 6547 1
415 43 267 13 4996 1
416 85 267 13 4996 1
417 28 267 19 3902 1
418 15 275 30 5274 1
419 38 255 18 4817 1
420 37 246 32 8739 1
421 29 273 16 6327 1
422 44 270 19 7225 1
423 87 270 19 7225 1
424 104 273 24 7440 1
425 207 273 24 7440 1
426 50 268 12 3195 1
427 100 273 17 4098 1
428 104 264 13 4755 1
429 49 270 22 5504 1
430 75 257 16 4907 1
431 30 268 30 11060 1
432 87 259 16 6027 1
433 36 268 14 2089 1
434 15 255 23 8338 1
435 50 261 7 1742 1
436 44 255 21 3462 1
437 100 257 15 1973 1
438 77 276 34 13088 1
439 29 265 12 1924 1
440 30 267 27 8636 1
441 57 246 8 1225 1
442 15 257 10 1615 1
443 14 258 23 3811 1
444 29 246 27 4473 1
445 30 264 13 3758 1
446 59 264 13 3758 1
447 29 276 10 2265 1
448 29 270 15 4123 1
449 58 265 18 2715 1
450 23 257 21 8068 1
451 44 246 7 1321 1
452 30 264 6 1114 1
453 29 255 19 7007 1
454 98 257 7 2626 1
455 195 257 7 2626 1
456 37 258 7 1740 1
457 30 264 22 5984 1
458 47 264 25 4407 1
459 36 265 16 2931 1
460 71 265 16 2931 1
461 106 265 16 2931 1
462 116 265 22 3144 1
463 30 262 14 5456 1
464 47 267 11 1699 1
465 93 267 11 1699 1
466 37 265 22 4332 1
467 30 270 14 4811 1
468 44 246 14 3811 1
469 87 246 14 3811 1
470 130 246 14 3811 1
471 36 264 19 6714 1
472 114 261 23 5344 1
473 36 277 17 2729 1
474 37 267 16 4743 1
475 73 267 16 4743 1
476 36 277 13 3854 1
477 98 277 13 5317 1
478 30 268 17 4251 1
479 34 273 9 3431 1
480 14 268 31 12374 1
481 111 264 31 7608 1
482 38 260 12 2891 1
483 48 261 13 3322 1
484 29 277 10 2531 1
485 51 265 25 8413 1
486 49 261 22 4388 1
487 44 255 14 1809 1
488 30 276 15 5950 1
489 43 259 31 4041 1
490 37 265 12 4725 1
491 95 264 5 737 1
492 54 246 9 2912 1
493 107 246 9 2912 1
494 160 246 9 2912 1
495 213 246 9 2912 1
496 13 268 13 3601 1
497 15 275 12 2974 1
498 36 273 21 6420 1
499 37 273 16 4842 1
500 89 276 15 2318 1
501 29 275 8 2696 1
502 29 277 14 4361 1
503 57 277 14 4361 1
504 29 270 16 3845 1
505 14 276 27 7281 1
506 44 258 20 4649 1
507 30 277 11 2970 1
508 51 274 19 6423 1
509 44 265 16 5663 1
510 43 257 3 771 1
511 89 270 25 4106 1
512 36 275 18 5688 1
513 30 268 21 4283 1
514 30 274 27 9117 1
515 99 264 15 3878 1
516 197 264 15 3878 1
517 295 264 15 3878 1
518 29 255 13 3355 1
519 57 255 13 3355 1
520 37 267 18 4222 1
521 94 262 20 5969 1
522 57 267 21 4724 1
523 50 275 14 2279 1
524 50 270 17 3550 1
525 51 246 14 2033 1
526 101 246 14 2033 1
527 50 276 13 4764 1
528 30 246 16 3171 1
529 15 268 6 2088 1
530 87 268 19 4487 1
531 95 270 20 4528 1
532 30 246 6 981 1
533 103 273 24 6390 1
534 37 267 23 4029 1
535 21 259 26 5433 1
536 30 260 10 2179 1
537 37 257 22 7947 1
538 36 258 19 5279 1
539 38 275 26 6026 1
540 15 274 18 3734 1
541 15 277 15 3421 1
542 50 276 6 1352 1
543 57 262 10 2556 1
544 100 261 19 3006 1
545 43 276 16 5714 1
546 58 276 23 4096 1
547 37 264 15 2038 1
548 34 275 19 7076 1
549 30 259 3 915 1
550 15 259 16 3942 1
551 98 275 15 2638 1
552 58 261 12 4057 1
553 36 255 16 3312 1
554 15 257 17 5950 1
555 37 246 11 2747 1
556 15 270 14 4114 1
557 29 265 17 3434 1
558 57 265 17 3434 1
559 85 265 17 3434 1
560 37 276 12 3356 1
561 73 276 12 3356 1
562 52 267 22 3290 1
563 27 273 5 1600 1
564 51 261 16 5764 1
565 36 258 21 3794 1
566 47 246 7 988 1
567 47 265 32 6543 1
568 93 265 32 6543 1
569 139 265 32 6543 1
570 29 274 14 3533 1
571 5 265 27 3853 1
572 94 276 15 6173 1
573 187 276 15 6173 1
574 280 276 15 6173 1
575 43 264 13 3069 1
576 36 265 10 2732 1
577 30 262 19 5231 1
578 37 257 17 4163 1
579 36 257 3 656 1
580 36 257 11 3078 1
581 21 275 11 4518 1
582 92 260 13 3331 1
583 30 274 24 9255 1
584 102 262 11 2711 1
585 37 275 10 2119 1
586 103 257 24 4153 1
587 29 260 8 2780 1
588 51 268 19 6472 1
589 44 285 9 3332 1
590 30 282 8 1475 1
591 29 294 12 3746 1
592 102 278 33 11509 1
593 58 284 20 7326 1
594 57 291 14 4903 1
595 31 282 30 7790 1
596 29 300 32 5532 1
597 58 279 15 3325 1
598 29 282 17 7040 1
599 43 282 12 3601 1
600 47 281 15 5134 1
601 43 281 22 4314 1
602 43 279 22 4104 1
603 57 278 22 4388 1
604 113 278 22 4388 1
605 56 300 16 4794 1
606 57 285 13 3408 1
607 30 281 18 3278 1
608 57 286 20 6632 1
609 113 286 20 6632 1
610 69 284 20 8229 1
611 32 285 17 5351 1
612 234 291 21 4432 1
613 29 292 12 2063 1
614 30 285 37 9004 1
615 122 293 11 3387 1
616 28 285 21 8395 1
617 56 286 14 5608 1
618 111 286 14 5608 1
619 28 282 16 3310 1
620 59 292 14 5026 1
621 30 292 11 1944 1
622 59 285 12 3282 1
623 117 285 12 3282 1
624 29 286 41 15888 1
625 57 286 41 15888 1
626 58 299 25 7819 1
627 59 300 11 3646 1
628 56 284 17 4081 1
629 31 285 11 3868 1
630 57 278 10 3800 1
631 95 285 22 8807 1
632 58 293 21 3969 1
633 44 300 18 2701 1
634 58 282 18 4093 1
635 57 284 13 1936 1
636 58 299 11 3500 1
637 115 299 11 3500 1
638 34 292 18 3106 1
639 29 285 20 6752 1
640 58 291 13 2744 1
641 37 292 23 4035 1
642 29 291 21 4670 1
643 58 286 14 3636 1
644 115 286 14 3636 1
645 94 279 15 4860 1
646 43 285 21 7164 1
647 30 281 15 2163 1
648 80 299 10 1922 1
649 54 286 33 5170 1
650 58 284 14 5140 1
651 115 284 14 5140 1
652 30 299 8 1808 1
653 58 286 20 4389 1
654 29 299 23 5006 1
655 31 292 15 6422 1
656 57 278 13 3023 1
657 57 282 9 2827 1
658 30 282 47 11723 1
659 57 293 12 3315 1
660 58 282 28 8738 1
661 57 292 11 4392 1
662 44 286 11 4038 1
663 28 286 16 3801 1
664 58 279 12 2952 1
665 115 279 12 2952 1
666 112 278 25 4256 1
667 30 300 21 8319 1
668 58 286 25 10251 1
669 96 285 31 9387 1
670 36 294 12 4460 1
671 57 294 17 6758 1
672 113 294 17 6758 1
673 43 281 6 2209 1
674 30 278 15 3597 1
675 57 284 12 3736 1
676 113 284 12 3736 1
677 56 291 12 3755 1
678 46 294 20 6171 1
679 117 286 10 3781 1
680 233 286 10 3781 1
681 35 293 9 1755 1
682 167 291 13 4066 1
683 44 286 31 4923 1
684 58 292 13 4911 1
685 58 286 10 1804 1
686 115 286 10 1804 1
687 9 294 28 8910 1
688 28 284 21 3204 1
689 55 284 21 3204 1
690 82 294 15 3496 1
691 32 300 21 4671 1
692 63 300 21 4671 1
693 94 300 21 4671 1
694 103 294 15 2572 1
695 98 282 16 5436 1
696 31 282 20 4563 1
697 37 285 22 8069 1
698 58 281 22 4175 1
699 129 282 12 2755 1
700 29 299 16 6172 1
701 92 293 24 8606 1
702 39 294 30 8265 1
703 29 291 15 2735 1
704 44 279 16 6389 1
705 58 294 13 5070 1
706 56 292 18 4346 1
707 57 293 9 3604 1
708 113 293 9 3604 1
709 169 293 9 3604 1
710 58 286 15 5371 1
711 115 286 15 5371 1
712 172 286 15 5371 1
713 108 291 6 1011 1
714 30 299 15 4355 1
715 37 294 23 8295 1
716 12 300 43 9826 1
717 25 294 18 4705 1
718 57 293 10 2439 1
719 29 300 22 6391 1
720 84 292 8 2480 1
721 63 294 9 3926 1
722 31 279 11 4044 1
723 56 291 14 5310 1
724 29 278 31 10105 1
725 62 293 11 4210 1
726 57 279 12 2492 1
727 107 291 10 3014 1
728 31 278 19 3139 1
729 109 285 10 4210 1
730 30 286 12 3356 1
731 56 286 13 4970 1
732 44 292 25 9982 1
733 44 300 20 4750 1
734 30 279 7 2764 1
735 79 292 18 5685 1
736 6 281 17 3061 1
737 15 292 16 3584 1
738 58 286 14 3401 1
739 89 293 16 6257 1
740 38 291 10 2677 1
741 75 291 10 2677 1
742 59 279 7 1622 1
743 117 279 7 1622 1
744 175 279 7 1622 1
745 31 299 28 6269 1
746 58 294 12 3443 1
747 57 291 15 4402 1
748 29 281 26 4262 1
749 44 294 19 4719 1
750 56 323 26 9473 1
751 111 323 26 9473 1
752 166 323 26 9473 1
753 37 363 13 3513 1
754 79 332 38 11659 1
755 36 332 21 9333 1
756 78 337 17 7264 1
757 155 337 17 7264 1
758 58 304 24 8332 1
759 115 304 24 8332 1
760 69 333 38 9256 1
761 137 333 38 9256 1
762 87 349 32 15481 1
763 79 338 20 6545 1
764 58 304 20 7983 1
765 86 363 34 10642 1
766 84 368 33 13244 1
767 78 335 24 9022 1
768 14 304 13 3757 1
769 78 332 11 3023 1
770 78 368 13 3733 1
771 155 368 13 3733 1
772 121 338 44 13139 1
773 241 338 44 13139 1
774 78 304 33 14030 1
775 78 366 27 6054 1
776 58 338 7 2256 1
777 59 324 57 26823 1
778 117 324 57 26823 1
779 175 324 57 26823 1
780 38 323 13 6177 1
781 78 304 20 4374 1
782 155 304 20 4374 1
783 51 303 26 8500 1
784 37 368 23 10646 1
785 59 365 35 11473 1
786 133 304 20 8150 1
787 49 334 14 2576 1
788 97 334 14 2576 1
789 50 363 13 6086 1
790 99 363 13 6086 1
791 73 368 42 14143 1
792 15 318 37 13284 1
793 58 323 34 13174 1
794 115 323 34 13174 1
795 126 323 32 5802 1
796 206 323 15 4464 1
797 76 303 14 4359 1
798 79 323 24 9026 1
799 86 303 22 5556 1
800 91 349 20 4370 1
801 51 368 26 6108 1
802 50 364 28 12907 1
803 109 337 37 15279 1
804 103 349 17 5637 1
805 84 318 12 3786 1
806 50 324 34 13695 1
807 14 338 30 14252 1
808 36 323 24 4400 1
809 15 333 24 11211 1
810 54 332 25 7955 1
811 79 363 28 10896 1
812 157 363 28 10896 1
813 55 323 33 15490 1
814 36 364 34 6354 1
815 78 365 38 8726 1
816 86 349 33 10310 1
817 36 323 25 9854 1
818 78 349 14 2855 1
819 114 303 45 19071 1
820 88 364 43 12400 1
821 79 333 29 11564 1
822 78 331 27 5122 1
823 56 316 17 5113 1
824 51 305 15 5823 1
825 79 334 31 15291 1
826 70 365 21 10499 1
827 36 338 23 10282 1
828 51 331 33 13558 1
829 98 323 50 19677 1
830 56 303 40 14187 1
831 111 303 40 14187 1
832 58 337 35 15644 1
833 115 323 19 4843 1
834 78 318 13 5646 1
835 78 338 13 4553 1
836 155 338 13 4553 1
837 232 338 13 4553 1
838 78 336 23 9443 1
839 77 364 27 6375 1
840 14 349 14 2477 1
841 91 304 24 5358 1
842 57 368 19 8077 1
843 37 333 31 5643 1
844 16 336 25 4842 1
845 36 324 30 7765 1
846 94 304 11 2246 1
847 78 333 45 22420 1
848 51 318 21 5513 1
849 79 332 28 10687 1
850 75 349 34 9206 1
851 149 349 34 9206 1
852 74 337 20 4540 1
853 58 304 14 4435 1
854 15 337 34 11362 1
855 51 338 19 4134 1
856 79 303 17 6291 1
857 123 316 23 5075 1
858 58 366 19 7307 1
859 115 366 19 7307 1
860 79 324 24 10186 1
861 157 324 24 10186 1
862 113 336 16 4601 1
863 225 336 16 4601 1
864 83 304 37 11852 1
865 78 304 12 3060 1
866 79 316 20 6132 1
867 157 316 20 6132 1
868 58 332 15 6964 1
869 58 335 27 12218 1
870 15 303 39 15571 1
871 50 363 11 4552 1
872 78 333 21 9501 1
873 118 304 25 8298 1
874 79 333 16 3157 1
875 57 304 29 10350 1
876 79 364 35 16074 1
877 118 335 26 11688 1
878 119 337 48 9266 1
879 78 323 19 5830 1
880 57 368 45 10739 1
881 12 303 14 4636 1
882 94 333 20 6749 1
883 78 303 32 6958 1
884 66 316 19 7193 1
885 50 338 41 13677 1
886 99 338 41 13677 1
887 78 363 24 7098 1
888 74 318 24 8886 1
889 52 323 10 3922 1
890 78 324 11 2842 1
891 103 332 45 13168 1
892 75 318 19 5835 1
893 57 304 33 14444 1
894 50 349 32 6807 1
895 200 363 38 8431 1
896 57 332 19 9068 1
897 75 337 18 4103 1
898 51 304 40 16178 1
899 79 335 12 2638 1
900 78 323 18 5524 1
901 109 338 15 4596 1
902 58 335 41 18401 1
903 57 363 41 20374 1
904 78 316 21 4395 1
905 155 316 21 4395 1
906 37 316 15 5569 1
907 57 365 21 5421 1
908 112 338 30 14993 1
909 78 366 25 4640 1
910 84 333 10 4580 1
911 23 303 19 3734 1
912 52 366 14 4861 1
913 37 332 27 5989 1
914 93 331 22 9277 1
915 38 368 17 3165 1
916 54 365 30 15417 1
917 107 331 22 6821 1
918 91 335 22 7785 1
919 61 334 27 6254 1
920 58 303 28 10237 1
921 51 318 36 6515 1
922 15 363 31 8847 1
923 58 363 22 9411 1
924 114 349 10 4688 1
925 36 335 17 3386 1
926 78 335 47 10176 1
927 50 363 38 9491 1
928 59 364 37 13804 1
929 117 364 37 13804 1
930 36 318 22 6091 1
931 58 335 26 11346 1
932 51 337 29 6834 1
933 36 333 21 7552 1
934 58 363 29 5679 1
935 14 304 34 8064 1
936 37 323 29 7225 1
937 57 305 10 4335 1
938 57 334 17 7477 1
939 79 349 14 4753 1
940 51 304 15 4840 1
941 36 335 29 11422 1
942 16 333 30 10944 1
943 57 316 19 5760 1
944 52 323 21 8987 1
945 79 338 18 3900 1
946 56 331 21 5337 1
947 111 331 21 5337 1
948 57 349 17 6861 1
949 59 335 18 8098 1
950 58 335 17 4954 1
951 15 334 14 5793 1
952 82 332 12 5601 1
953 91 331 49 8136 1
954 50 349 28 14578 1
955 14 366 29 9424 1
956 51 303 37 16711 1
957 36 336 25 4887 1
958 80 332 21 6541 1
959 57 316 34 9236 1
960 113 316 34 9236 1
961 79 368 32 13613 1
962 37 363 52 13775 1
963 21 304 20 5934 1
964 78 324 24 4489 1
965 155 324 24 4489 1
966 58 304 34 15130 1
967 115 304 34 15130 1
968 56 333 13 3138 1
969 79 331 14 5715 1
970 74 364 23 9776 1
971 50 364 7 3807 1
972 52 332 12 2520 1
973 109 349 25 6821 1
974 217 349 25 6821 1
975 76 324 11 3217 1
976 37 363 24 5821 1
977 58 304 11 1839 1
978 59 303 35 14130 1
979 38 349 29 13978 1
980 58 364 28 5363 1
981 115 364 28 5363 1
982 37 304 18 5646 1
983 73 304 18 5646 1
984 112 365 18 5450 1
985 57 366 42 15449 1
986 58 304 17 3126 1
987 74 365 29 10904 1
988 57 305 34 6883 1
989 58 304 18 3281 1
990 161 396 33 6712 1
991 321 396 33 6712 1
992 87 399 47 24631 1
993 90 395 25 6714 1
994 109 395 16 3858 1
995 183 399 27 16023 1
996 144 396 27 6584 1
997 89 398 56 24525 1
998 79 399 42 12241 1
999 158 397 29 13071 1
1000 79 398 22 9886 1
1001 80 398 64 33541 1
1002 107 395 37 19028 1
1003 151 396 35 10039 1
1004 76 396 24 12823 1
1005 88 397 65 34936 1
1006 91 398 26 12289 1
1007 79 395 21 7956 1
1008 157 395 21 7956 1
1009 84 399 27 10554 1
1010 162 396 24 10427 1
1011 149 396 52 17446 1
1012 84 399 35 15535 1
1013 76 396 27 8619 1
1014 77 398 30 8457 1
1015 83 399 26 5677 1
1016 95 396 32 18535 1
1017 77 398 23 8178 1
1018 71 397 30 11010 1
1019 141 397 30 11010 1
1020 80 395 31 10882 1
1021 159 395 31 10882 1
1022 238 395 31 10882 1
1023 78 397 32 18677 1
1024 80 397 30 15369 1
1025 80 396 19 5653 1
1026 9 399 36 16263 1
1027 79 397 30 10324 1
1028 73 399 28 15903 1
1029 79 398 38 16406 1
1030 157 398 38 16406 1
1031 84 396 31 14039 1
1032 167 396 31 14039 1
1033 87 396 28 5629 1
1034 94 397 28 8166 1
1035 181 396 46 9587 1
1036 81 399 48 26977 1
14
503 620 807 620 700 205 255 700 700 700 700 700 200 460 