1036
1 14 132 7 1199 1
2 1 132 32 5668 1
3 1 132 32 5668 1
4 18 125 12 1385 1
5 35 125 12 1385 1
6 52 125 12 1385 1
7 24 129 3 419 1
8 9 138 17 1429 1
9 22 132 12 1256 1
10 15 134 31 2823 1
11 14 132 22 2428 1
12 27 132 22 2428 1
13 9 138 41 8267 1
14 17 138 41 8267 1
15 25 138 41 8267 1
16 21 129 11 1052 1
17 41 129 11 1052 1
18 61 129 11 1052 1
19 81 129 11 1052 1
20 8 125 12 1280 1
21 32 132 26 4299 1
22 22 140 13 2436 1
23 43 140 13 2436 1
24 64 140 13 2436 1
25 85 140 13 2436 1
26 106 140 13 2436 1
27 127 140 13 2436 1
28 2 129 3 415 1
29 7 133 12 856 1
30 13 133 12 856 1
31 19 133 12 856 1
32 25 133 12 856 1
33 1 132 7 1269 1
34 8 118 8 1404 1
35 9 118 16 1761 1
36 2 138 15 1556 1
37 8 137 9 1504 1
38 15 137 9 1504 1
39 39 137 17 2498 1
40 20 132 15 1368 1
41 9 133 22 2993 1
42 17 133 22 2993 1
43 8 132 40 5295 1
44 15 132 40 5295 1
45 22 132 40 5295 1
46 29 132 40 5295 1
47 19 133 24 4679 1
48 2 140 19 2846 1
49 9 132 17 2474 1
50 6 137 5 851 1
51 9 129 12 1268 1
52 17 129 12 1268 1
53 1 133 5 723 1
54 14 133 8 667 1
55 27 133 8 667 1
56 40 133 8 667 1
57 2 137 42 7453 1
58 9 125 8 943 1
59 17 125 8 943 1
60 10 134 9 1809 1
61 30 140 9 1548 1
62 59 140 9 1548 1
63 88 140 9 1548 1
64 9 140 21 3618 1
65 2 140 8 634 1
66 12 132 9 944 1
67 34 140 24 4205 1
68 9 125 17 2144 1
69 9 125 26 1789 1
70 16 137 13 1019 1
71 31 137 13 1019 1
72 8 129 6 829 1
73 8 129 7 720 1
74 15 129 7 720 1
75 22 129 7 720 1
76 37 132 9 991 1
77 11 133 18 2696 1
78 8 140 19 3774 1
79 15 140 19 3774 1
80 28 118 8 906 1
81 55 118 8 906 1
82 15 129 14 1502 1
83 2 140 15 1964 1
84 11 129 13 1636 1
85 21 129 13 1636 1
86 9 129 7 720 1
87 17 129 7 720 1
88 7 118 8 1296 1
89 1 118 5 299 1
90 16 137 5 416 1
91 31 133 27 3442 1
92 61 133 27 3442 1
93 91 133 27 3442 1
94 121 133 27 3442 1
95 18 132 7 1119 1
96 29 129 13 1973 1
97 8 129 6 611 1
98 15 129 6 611 1
99 2 138 28 4638 1
100 29 134 14 1410 1
101 15 125 15 1674 1
102 54 161 19 1612 1
103 44 149 11 2392 1
104 43 210 18 5239 1
105 18 167 6 780 1
106 43 178 9 1886 1
107 4 181 25 4636 1
108 37 170 22 3427 1
109 24 149 5 1043 1
110 44 167 23 4013 1
111 87 167 23 4013 1
112 44 203 22 3428 1
113 87 203 22 3428 1
114 130 203 22 3428 1
115 15 167 7 841 1
116 29 167 7 841 1
117 17 167 10 1414 1
118 43 202 13 3423 1
119 42 161 21 1996 1
120 83 161 21 1996 1
121 43 195 20 4235 1
122 59 188 14 1515 1
123 21 202 18 1950 1
124 44 161 11 1746 1
125 87 161 11 1746 1
126 130 161 11 1746 1
127 16 151 21 2532 1
128 43 170 9 873 1
129 85 170 9 873 1
130 33 194 20 3298 1
131 65 194 20 3298 1
132 22 167 19 2416 1
133 45 208 13 1701 1
134 89 208 13 1701 1
135 45 187 16 3059 1
136 7 184 10 2348 1
137 44 188 17 1661 1
138 6 195 9 2445 1
139 11 195 9 2445 1
140 42 195 17 2134 1
141 83 195 17 2134 1
142 44 167 12 1903 1
143 43 202 29 3278 1
144 43 194 18 2606 1
145 85 194 18 2606 1
146 26 187 32 8302 1
147 29 202 8 1731 1
148 70 178 28 4780 1
149 43 205 28 8407 1
150 85 205 28 8407 1
151 43 161 19 4492 1
152 14 149 14 1692 1
153 44 205 8 2409 1
154 44 204 13 1873 1
155 180 205 24 6735 1
156 42 204 14 2657 1
157 44 178 10 2020 1
158 42 177 10 1365 1
159 83 177 10 1365 1
160 53 167 6 943 1
161 5 199 14 2430 1
162 9 199 14 2430 1
163 78 208 12 1323 1
164 226 194 8 1988 1
165 25 181 18 3932 1
166 49 181 18 3932 1
167 16 197 6 1689 1
168 195 184 13 1732 1
169 6 167 24 4148 1
170 6 195 19 3861 1
171 26 204 14 2255 1
172 51 204 14 2255 1
173 17 208 7 1516 1
174 24 195 13 2528 1
175 15 194 19 3046 1
176 47 210 27 8216 1
177 43 205 23 3428 1
178 85 205 23 3428 1
179 127 205 23 3428 1
180 14 184 6 859 1
181 44 205 12 2589 1
182 87 205 12 2589 1
183 130 205 12 2589 1
184 44 178 18 4036 1
185 6 161 22 4741 1
186 44 190 9 2088 1
187 37 171 9 2123 1
188 73 171 9 2123 1
189 43 203 23 5805 1
190 11 208 19 3195 1
191 44 194 13 2457 1
192 37 178 17 1986 1
193 9 194 13 3574 1
194 17 194 13 3574 1
195 43 202 22 3316 1
196 43 204 25 6351 1
197 85 204 25 6351 1
198 127 204 25 6351 1
199 61 151 26 2845 1
200 8 204 19 3673 1
201 18 149 22 4683 1
202 7 197 12 2847 1
203 16 190 10 1815 1
204 31 190 10 1815 1
205 45 195 22 5113 1
206 44 208 10 1254 1
207 54 161 8 723 1
208 6 177 12 1422 1
209 53 202 10 2539 1
210 7 167 12 2199 1
211 22 170 10 2257 1
212 43 188 15 1438 1
213 85 188 15 1438 1
214 15 184 9 1445 1
215 44 151 7 1075 1
216 87 151 7 1075 1
217 130 151 7 1075 1
218 43 171 18 3895 1
219 7 208 28 5166 1
220 19 184 18 4283 1
221 8 202 8 1060 1
222 15 202 8 1060 1
223 17 184 29 6283 1
224 16 184 18 3918 1
225 17 151 9 1717 1
226 45 187 9 1956 1
227 89 187 9 1956 1
228 43 151 26 4120 1
229 85 151 26 4120 1
230 44 204 38 7328 1
231 43 171 31 6105 1
232 43 184 12 1387 1
233 85 184 12 1387 1
234 45 194 19 2866 1
235 89 194 19 2866 1
236 44 167 18 4159 1
237 5 181 17 2733 1
238 16 161 44 4637 1
239 18 170 15 2332 1
240 35 170 15 2332 1
241 52 170 15 2332 1
242 44 204 8 1359 1
243 87 204 8 1359 1
244 130 204 8 1359 1
245 42 170 10 1111 1
246 83 170 10 1111 1
247 124 170 10 1111 1
248 88 171 15 3575 1
249 43 177 10 922 1
250 6 171 9 1317 1
251 55 210 15 2474 1
252 109 210 15 2474 1
253 29 202 12 2903 1
254 20 190 32 6747 1
255 39 190 32 6747 1
256 29 212 11 1612 1
257 120 222 20 6359 1
258 126 212 9 2696 1
259 251 212 9 2696 1
260 13 243 26 8326 1
261 44 244 29 3976 1
262 114 243 12 3492 1
263 44 242 13 3434 1
264 42 228 13 1673 1
265 44 221 8 1283 1
266 87 221 8 1283 1
267 7 243 16 5574 1
268 80 225 19 2906 1
269 54 225 30 5385 1
270 9 243 10 1508 1
271 43 216 16 2487 1
272 96 216 14 3199 1
273 30 245 21 6947 1
274 100 212 13 2431 1
275 7 244 44 14582 1
276 36 242 18 2412 1
277 44 243 33 6578 1
278 87 243 33 6578 1
279 43 245 28 8046 1
280 23 242 24 2905 1
281 28 212 6 1091 1
282 55 212 6 1091 1
283 6 220 11 2947 1
284 30 230 9 1998 1
285 117 239 8 1827 1
286 30 245 18 4788 1
287 28 245 20 6222 1
288 55 245 20 6222 1
289 30 243 11 2968 1
290 59 243 11 2968 1
291 88 243 11 2968 1
292 77 216 26 7174 1
293 30 245 15 4256 1
294 87 243 34 5580 1
295 49 244 28 7842 1
296 43 242 29 8887 1
297 4 221 23 6722 1
298 30 221 43 12315 1
299 59 221 43 12315 1
300 29 212 16 3305 1
301 36 216 6 1917 1
302 15 242 26 9229 1
303 59 245 17 2504 1
304 30 212 12 2236 1
305 59 212 12 2236 1
306 111 245 15 4435 1
307 38 239 32 5005 1
308 27 244 18 5095 1
309 43 244 30 6083 1
310 44 228 48 9720 1
311 89 244 21 6698 1
312 40 230 24 7493 1
313 79 230 24 7493 1
314 118 230 24 7493 1
315 7 230 12 4096 1
316 49 244 11 1924 1
317 97 244 11 1924 1
318 145 244 11 1924 1
319 6 220 14 2954 1
320 36 228 16 4166 1
321 5 221 28 4804 1
322 9 221 28 4804 1
323 36 221 17 2010 1
324 28 245 34 8367 1
325 61 221 14 1936 1
326 121 221 14 1936 1
327 44 212 24 6438 1
328 87 212 24 6438 1
329 17 222 15 3166 1
330 19 216 15 2776 1
331 37 216 15 2776 1
332 88 245 50 9090 1
333 57 244 23 4816 1
334 113 244 23 4816 1
335 30 212 9 998 1
336 29 228 5 1212 1
337 29 239 24 8172 1
338 57 239 24 8172 1
339 31 242 39 12219 1
340 61 242 39 12219 1
341 54 237 22 3843 1
342 29 242 13 3756 1
343 57 242 13 3756 1
344 85 242 13 3756 1
345 57 222 20 3388 1
346 45 212 15 2327 1
347 31 221 17 5397 1
348 37 222 21 6917 1
349 76 242 21 7018 1
350 28 243 9 2423 1
351 43 239 18 5959 1
352 4 243 21 5398 1
353 56 228 10 1593 1
354 45 216 10 2576 1
355 29 221 20 3616 1
356 75 230 37 5559 1
357 57 220 15 2134 1
358 46 244 28 8295 1
359 14 239 11 1885 1
360 95 237 15 2435 1
361 8 230 18 4045 1
362 58 242 9 3186 1
363 30 222 21 5185 1
364 62 216 24 4813 1
365 57 222 24 4239 1
366 57 244 11 1858 1
367 30 221 16 5184 1
368 59 221 16 5184 1
369 87 212 10 2448 1
370 54 245 29 10143 1
371 31 212 16 4087 1
372 31 228 20 6658 1
373 43 216 17 5314 1
374 37 230 20 6643 1
375 58 243 14 2026 1
376 113 212 9 2825 1
377 31 244 24 4666 1
378 61 244 24 4666 1
379 91 244 24 4666 1
380 121 244 24 4666 1
381 55 225 10 2239 1
382 29 216 16 3083 1
383 57 216 16 3083 1
384 85 216 16 3083 1
385 31 228 16 1899 1
386 88 216 17 4611 1
387 59 239 31 7535 1
388 90 220 10 3039 1
389 179 220 10 3039 1
390 37 230 22 4223 1
391 39 244 10 3058 1
392 95 245 18 2260 1
393 37 237 27 5250 1
394 60 244 15 3143 1
395 55 212 13 2436 1
396 55 245 24 7527 1
397 53 243 23 7361 1
398 58 220 6 1178 1
399 47 212 20 4327 1
400 58 242 22 7657 1
401 44 216 9 2706 1
402 48 216 17 1880 1
403 95 216 17 1880 1
404 85 222 31 5421 1
405 169 222 31 5421 1
406 56 230 28 7210 1
407 33 265 17 5863 1
408 14 273 19 4669 1
409 27 273 19 4669 1
410 30 246 18 4819 1
411 51 268 9 2785 1
412 57 260 21 3800 1
413 29 277 18 5973 1
414 92 265 22 3696 1
415 43 265 16 5831 1
416 41 260 15 4366 1
417 58 264 11 2282 1
418 29 246 8 1106 1
419 95 275 7 1380 1
420 189 275 7 1380 1
421 51 264 13 3379 1
422 35 277 28 9279 1
423 69 277 28 9279 1
424 29 273 25 10095 1
425 36 270 9 2069 1
426 37 265 18 2788 1
427 100 246 16 5826 1
428 58 274 8 2288 1
429 36 268 17 5743 1
430 58 262 1 258 1
431 56 267 31 6149 1
432 27 262 4 1061 1
433 58 258 15 5630 1
434 50 270 19 7218 1
435 70 262 18 5798 1
436 30 262 22 5155 1
437 60 255 17 3976 1
438 58 276 10 1577 1
439 29 258 16 3675 1
440 36 259 14 3115 1
441 29 257 10 3025 1
442 29 257 15 4021 1
443 36 268 13 3618 1
444 49 259 18 3664 1
445 28 257 5 865 1
446 51 261 27 10241 1
447 50 261 3 725 1
448 37 246 35 6158 1
449 73 246 35 6158 1
450 57 255 15 3366 1
451 90 258 13 3842 1
452 179 258 13 3842 1
453 29 267 19 4081 1
454 43 257 6 938 1
455 30 246 12 2602 1
456 30 264 20 7601 1
457 28 260 26 4071 1
458 56 255 13 4968 1
459 100 261 10 3225 1
460 199 261 10 3225 1
461 36 274 14 4765 1
462 38 261 27 9245 1
463 75 261 27 9245 1
464 92 267 11 2430 1
465 30 274 17 3895 1
466 50 246 18 5975 1
467 30 273 13 3736 1
468 38 259 18 3978 1
469 15 257 23 7462 1
470 30 246 7 2289 1
471 36 259 17 6402 1
472 44 264 17 2370 1
473 97 276 20 5720 1
474 30 276 20 4594 1
475 29 264 2 413 1
476 29 262 26 8559 1
477 29 273 14 4170 1
478 57 273 14 4170 1
479 36 273 13 4780 1
480 44 276 10 2226 1
481 58 259 20 3978 1
482 44 270 5 1064 1
483 90 277 20 7626 1
484 56 264 10 3464 1
485 37 274 26 3850 1
486 100 259 13 4015 1
487 199 259 13 4015 1
488 95 261 21 5763 1
489 30 268 8 1198 1
490 44 270 24 4794 1
491 29 257 13 1917 1
492 29 255 19 6713 1
493 43 257 6 1315 1
494 91 274 13 2740 1
495 181 274 13 2740 1
496 49 268 5 1405 1
497 50 265 15 4490 1
498 36 273 22 5980 1
499 37 273 27 9061 1
500 57 270 13 2790 1
501 50 273 16 2813 1
502 36 268 8 2936 1
503 30 246 10 3072 1
504 59 246 10 3072 1
505 51 270 20 6278 1
506 43 273 13 2940 1
507 36 258 13 3173 1
508 30 268 17 3954 1
509 30 259 18 6895 1
510 102 264 26 7408 1
511 37 257 17 6246 1
512 33 264 22 6730 1
513 29 264 8 2346 1
514 36 265 11 3596 1
515 29 258 10 3172 1
516 50 261 17 3346 1
517 36 265 6 1470 1
518 44 246 11 3853 1
519 87 246 11 3853 1
520 29 274 19 6120 1
521 29 255 17 4595 1
522 29 270 15 5886 1
523 36 246 21 6354 1
524 33 258 14 4995 1
525 30 275 9 2881 1
526 52 270 16 6458 1
527 29 257 16 3886 1
528 37 257 23 4956 1
529 30 260 17 6442 1
530 15 262 19 5600 1
531 31 277 12 3632 1
532 51 276 12 3211 1
533 43 264 19 2893 1
534 85 264 19 2893 1
535 56 267 14 4243 1
536 37 277 18 2800 1
537 36 268 8 1276 1
538 50 276 21 5746 1
539 31 277 19 5575 1
540 28 273 15 2863 1
541 36 262 15 3423 1
542 49 260 20 5542 1
543 50 274 14 4803 1
544 30 246 8 1694 1
545 30 274 10 3946 1
546 30 264 18 4565 1
547 37 274 21 5367 1
548 43 261 26 9417 1
549 31 246 19 3976 1
550 88 275 13 4333 1
551 105 258 17 3408 1
552 209 258 17 3408 1
553 19 275 18 3958 1
554 37 275 18 3958 1
555 51 265 16 4978 1
556 16 273 16 3146 1
557 103 262 24 8193 1
558 58 262 2 347 1
559 29 276 17 6243 1
560 29 260 14 5367 1
561 95 273 20 3969 1
562 189 273 20 3969 1
563 16 267 22 7130 1
564 103 262 9 1195 1
565 30 261 18 4891 1
566 44 275 19 7232 1
567 87 275 19 7232 1
568 30 275 20 5595 1
569 59 275 20 5595 1
570 17 273 19 5245 1
571 43 261 6 1988 1
572 85 261 6 1988 1
573 99 264 16 3319 1
574 37 277 26 3869 1
575 71 274 17 2387 1
576 36 276 13 3344 1
577 44 255 17 3249 1
578 43 258 13 2597 1
579 58 275 20 8239 1
580 36 276 19 2755 1
581 30 264 9 1213 1
582 50 274 14 3041 1
583 50 268 28 3966 1
584 16 277 39 10669 1
585 36 275 15 2359 1
586 44 274 13 3402 1
587 23 275 18 4239 1
588 92 259 8 1980 1
589 57 278 14 2134 1
590 15 281 14 4487 1
591 45 299 6 907 1
592 30 279 11 3001 1
593 59 279 11 3001 1
594 88 279 11 3001 1
595 28 294 22 4114 1
596 55 294 22 4114 1
597 82 294 22 4114 1
598 44 285 13 3131 1
599 45 292 8 1705 1
600 70 293 20 3633 1
601 139 293 20 3633 1
602 95 293 12 2826 1
603 66 286 10 2091 1
604 29 286 14 2296 1
605 58 284 27 6996 1
606 33 279 18 3153 1
607 40 294 17 5351 1
608 56 292 20 7749 1
609 111 292 20 7749 1
610 28 292 12 2055 1
611 128 300 13 5138 1
612 59 291 18 5097 1
613 29 293 41 13232 1
614 59 291 10 2774 1
615 118 281 17 4873 1
616 94 279 14 3695 1
617 28 300 20 5668 1
618 58 294 23 3815 1
619 165 294 10 2448 1
620 44 294 9 2565 1
621 42 281 30 5821 1
622 57 293 20 7100 1
623 32 286 8 3090 1
624 44 285 21 6342 1
625 35 285 11 4163 1
626 58 279 8 3064 1
627 57 291 11 3860 1
628 28 285 9 3364 1
629 37 282 11 2518 1
630 29 279 11 3899 1
631 88 293 12 4379 1
632 29 281 9 1373 1
633 43 286 15 4643 1
634 85 286 15 4643 1
635 43 300 12 3515 1
636 43 284 24 4161 1
637 25 291 17 7382 1
638 44 282 26 9954 1
639 29 282 17 2947 1
640 28 281 8 3077 1
641 36 291 39 11650 1
642 30 282 13 2119 1
643 29 292 17 5168 1
644 28 300 15 3255 1
645 42 284 20 4667 1
646 22 281 14 3604 1
647 40 294 10 2256 1
648 149 285 12 5073 1
649 60 293 12 4938 1
650 53 278 19 5503 1
651 29 281 12 2295 1
652 60 292 12 2672 1
653 59 278 22 5524 1
654 28 300 11 3443 1
655 111 300 18 6866 1
656 63 278 22 5120 1
657 56 286 15 6089 1
658 111 286 15 6089 1
659 211 292 27 10316 1
660 57 286 16 5077 1
661 113 286 16 5077 1
662 57 282 8 1401 1
663 59 291 25 7473 1
664 36 294 14 5520 1
665 43 279 12 2718 1
666 30 294 9 1731 1
667 31 278 11 2984 1
668 38 299 11 1809 1
669 93 291 12 2266 1
670 31 284 14 2957 1
671 72 292 13 4407 1
672 38 285 14 4334 1
673 29 292 18 6936 1
674 30 300 5 1779 1
675 31 292 19 5159 1
676 58 291 14 2899 1
677 141 286 33 13367 1
678 28 281 19 4579 1
679 29 293 22 4439 1
680 43 284 14 5182 1
681 28 300 18 6699 1
682 29 292 23 4516 1
683 57 292 23 4516 1
684 59 284 12 4146 1
685 117 284 12 4146 1
686 175 284 12 4146 1
687 58 299 21 5343 1
688 45 293 39 15076 1
689 58 292 9 3359 1
690 31 300 30 9859 1
691 62 299 22 9138 1
692 42 294 29 8335 1
693 63 284 35 10286 1
694 58 282 13 3979 1
695 21 293 13 3835 1
696 29 291 17 5941 1
697 30 284 17 3711 1
698 31 293 17 3309 1
699 111 285 30 8570 1
700 42 281 9 3280 1
701 29 291 10 2802 1
702 59 294 12 4044 1
703 28 278 15 5214 1
704 56 285 12 2006 1
705 105 278 11 4307 1
706 43 284 25 4783 1
707 85 284 25 4783 1
708 58 284 23 8552 1
709 44 278 15 6167 1
710 29 278 14 4523 1
711 58 294 20 5056 1
712 28 279 21 6793 1
713 57 291 17 5200 1
714 113 291 17 5200 1
715 62 282 14 4529 1
716 171 281 39 11058 1
717 29 293 25 3975 1
718 96 278 16 2726 1
719 43 286 29 8075 1
720 28 291 23 9241 1
721 27 282 19 5378 1
722 31 281 16 5652 1
723 28 299 26 11123 1
724 59 281 18 4310 1
725 117 281 18 4310 1
726 175 281 18 4310 1
727 86 278 19 5956 1
728 30 294 29 10531 1
729 43 294 10 4344 1
730 56 282 12 2874 1
731 29 282 11 2869 1
732 31 278 10 3398 1
733 59 294 9 3936 1
734 14 279 33 13493 1
735 57 294 27 4026 1
736 191 285 24 4059 1
737 58 300 11 3706 1
738 9 292 14 3857 1
739 58 282 15 4276 1
740 44 300 36 13194 1
741 87 300 36 13194 1
742 42 291 7 2949 1
743 59 292 25 8825 1
744 29 293 20 6324 1
745 31 294 18 5367 1
746 61 294 18 5367 1
747 59 284 23 5643 1
748 80 293 27 4537 1
749 44 294 53 8766 1
750 81 305 21 6767 1
751 14 349 7 2873 1
752 213 331 32 14954 1
753 73 318 17 7227 1
754 49 333 13 6397 1
755 36 305 18 3867 1
756 71 338 13 4050 1
757 51 336 10 4600 1
758 79 323 18 5421 1
759 37 316 22 7959 1
760 107 323 15 6663 1
761 14 331 16 4908 1
762 16 304 16 5953 1
763 101 304 27 10483 1
764 201 304 27 10483 1
765 109 335 41 15838 1
766 57 334 7 2128 1
767 113 334 7 2128 1
768 114 368 40 11051 1
769 16 337 22 6789 1
770 80 364 18 4639 1
771 37 349 41 21303 1
772 14 333 30 12734 1
773 27 333 30 12734 1
774 17 366 20 4932 1
775 78 364 38 16833 1
776 79 364 16 5418 1
777 157 364 16 5418 1
778 73 349 21 10450 1
779 58 303 25 6162 1
780 57 305 43 8393 1
781 3 336 19 3519 1
782 78 323 56 16147 1
783 79 334 9 2381 1
784 15 364 10 4642 1
785 57 364 33 10442 1
786 57 305 14 5272 1
787 58 335 25 7308 1
788 36 349 36 6533 1
789 115 332 27 9391 1
790 229 332 27 9391 1
791 87 336 37 9987 1
792 79 336 28 5651 1
793 37 349 22 8809 1
794 73 349 22 8809 1
795 57 324 24 11091 1
796 13 337 21 7063 1
797 79 316 10 3540 1
798 157 316 10 3540 1
799 87 365 18 3739 1
800 50 316 33 14568 1
801 78 305 34 12830 1
802 78 337 9 2629 1
803 155 337 9 2629 1
804 44 363 21 9746 1
805 88 366 39 18975 1
806 59 333 29 9726 1
807 37 366 25 8588 1
808 58 337 36 7176 1
809 51 332 20 8503 1
810 79 363 29 7023 1
811 51 304 12 2024 1
812 79 318 14 4830 1
813 79 324 23 5403 1
814 61 368 29 11444 1
815 74 364 15 3972 1
816 50 366 35 15452 1
817 50 323 22 8537 1
818 51 336 20 9536 1
819 116 338 19 7292 1
820 51 364 27 7801 1
821 88 338 15 4604 1
822 78 338 10 4530 1
823 155 338 10 4530 1
824 14 331 14 4773 1
825 27 331 14 4773 1
826 40 331 14 4773 1
827 14 335 51 11756 1
828 50 324 15 5988 1
829 58 368 18 4895 1
830 58 318 35 15249 1
831 115 318 35 15249 1
832 172 318 35 15249 1
833 229 318 35 15249 1
834 286 318 35 15249 1
835 113 303 12 1969 1
836 73 316 17 3788 1
837 58 363 33 13996 1
838 115 363 33 13996 1
839 120 336 18 6411 1
840 73 331 21 3581 1
841 145 331 21 3581 1
842 14 333 24 4442 1
843 58 304 55 15255 1
844 57 303 17 7037 1
845 72 349 27 6115 1
846 49 363 46 20886 1
847 51 364 34 8667 1
848 58 363 59 26529 1
849 51 304 28 12227 1
850 88 324 14 4482 1
851 79 333 24 8529 1
852 36 316 15 3997 1
853 15 331 28 6451 1
854 50 324 11 3752 1
855 99 324 11 3752 1
856 148 324 11 3752 1
857 72 332 24 11197 1
858 120 304 43 10163 1
859 14 303 14 5540 1
860 50 323 15 2467 1
861 27 364 24 10666 1
862 78 363 26 12133 1
863 91 337 27 8906 1
864 117 331 32 15174 1
865 74 364 18 8932 1
866 57 363 10 2382 1
867 37 335 17 8064 1
868 51 363 17 3133 1
869 57 324 16 3026 1
870 57 323 11 2049 1
871 181 305 49 8937 1
872 64 333 72 26311 1
873 108 333 16 3486 1
874 49 324 33 14970 1
875 97 324 33 14970 1
876 105 324 17 7989 1
877 15 323 19 4908 1
878 74 364 34 9343 1
879 50 336 16 4206 1
880 36 323 22 7725 1
881 83 368 17 5626 1
882 118 364 16 3101 1
883 235 364 16 3101 1
884 79 364 15 8084 1
885 56 331 39 15009 1
886 120 323 17 3339 1
887 13 366 21 9540 1
888 36 365 30 9986 1
889 50 333 11 2352 1
890 79 349 25 8324 1
891 50 365 22 9186 1
892 58 338 19 6152 1
893 113 364 16 5688 1
894 57 349 13 4649 1
895 57 333 32 6362 1
896 37 303 27 11778 1
897 73 303 27 11778 1
898 78 336 16 3340 1
899 101 366 12 4106 1
900 201 366 12 4106 1
901 89 337 21 9305 1
902 16 365 11 2033 1
903 31 365 11 2033 1
904 36 332 23 6165 1
905 78 363 21 10166 1
906 155 363 21 10166 1
907 232 363 21 10166 1
908 51 316 16 4057 1
909 36 368 40 13760 1
910 37 364 45 23129 1
911 77 316 23 8961 1
912 127 323 10 3742 1
913 79 334 15 4160 1
914 56 316 25 5967 1
915 6 331 19 3852 1
916 79 318 38 12385 1
917 51 365 30 13010 1
918 59 323 20 7475 1
919 79 368 15 4685 1
920 50 316 30 7726 1
921 115 333 14 2571 1
922 51 337 39 7798 1
923 13 338 37 15948 1
924 78 332 7 2233 1
925 37 334 25 10572 1
926 50 334 32 5729 1
927 78 338 16 5659 1
928 75 334 10 1852 1
929 56 368 34 8271 1
930 78 332 17 3603 1
931 155 332 17 3603 1
932 118 304 22 7870 1
933 118 368 23 4502 1
934 56 363 13 3442 1
935 120 332 45 16954 1
936 56 332 21 6303 1
937 13 331 34 12854 1
938 56 316 17 5792 1
939 56 338 13 5479 1
940 58 331 21 3811 1
941 58 366 17 8438 1
942 70 331 16 4621 1
943 73 305 41 14566 1
944 59 366 11 5755 1
945 57 365 31 16051 1
946 57 316 16 5451 1
947 79 333 40 19039 1
948 78 338 27 7831 1
949 29 364 40 13820 1
950 57 332 16 3066 1
951 13 323 27 11153 1
952 75 366 34 12951 1
953 74 305 36 10748 1
954 78 368 29 10558 1
955 155 368 29 10558 1
956 232 368 29 10558 1
957 57 323 24 10843 1
958 57 335 21 6151 1
959 113 335 21 6151 1
960 58 365 11 5559 1
961 107 332 12 3159 1
962 123 331 24 6377 1
963 50 331 16 3351 1
964 57 336 19 6370 1
965 78 338 24 10036 1
966 76 334 21 8220 1
967 78 366 17 6818 1
968 155 366 17 6818 1
969 50 324 22 9855 1
970 99 324 22 9855 1
971 23 318 22 6700 1
972 58 323 16 6222 1
973 79 316 25 5494 1
974 127 332 17 8350 1
975 90 323 23 10919 1
976 52 368 21 4651 1
977 58 335 24 7109 1
978 73 336 23 7665 1
979 145 336 23 7665 1
980 88 333 32 6285 1
981 50 305 10 2632 1
982 57 365 32 9954 1
983 73 335 13 5684 1
984 57 334 20 9920 1
985 113 334 20 9920 1
986 63 368 20 4194 1
987 14 324 50 22569 1
988 78 365 47 14943 1
989 56 336 27 11507 1
990 90 398 27 12941 1
991 85 397 16 9478 1
992 182 398 45 11417 1
993 89 395 43 24640 1
994 142 399 43 16542 1
995 85 398 38 22236 1
996 77 399 38 22204 1
997 153 399 38 22204 1
998 79 397 36 20469 1
999 81 398 26 5289 1
1000 71 398 28 13068 1
1001 80 395 24 8039 1
1002 85 396 29 11818 1
1003 77 399 26 6855 1
1004 180 396 30 9330 1
1005 90 395 27 12333 1
1006 78 397 33 13404 1
1007 155 397 33 13404 1
1008 170 398 35 17953 1
1009 90 396 21 10211 1
1010 77 396 28 14841 1
1011 88 397 28 12031 1
1012 76 396 36 10370 1
1013 94 395 31 13417 1
1014 90 399 23 6246 1
1015 159 398 30 12345 1
1016 90 398 30 6917 1
1017 86 399 41 15469 1
1018 10 399 24 13428 1
1019 74 398 51 17981 1
1020 79 395 31 11358 1
1021 79 397 27 14662 1
1022 86 396 20 4477 1
1023 74 396 17 9532 1
1024 86 399 32 14692 1
1025 170 397 37 15825 1
1026 74 395 36 11852 1
1027 90 396 26 5872 1
1028 86 396 59 26704 1
1029 80 396 60 14910 1
1030 14 395 30 11605 1
1031 12 396 19 5908 1
1032 78 397 35 8035 1
1033 15 397 40 11854 1
1034 79 398 43 21125 1
1035 157 398 43 21125 1
1036 77 398 19 6151 1
14
503 620 807 620 700 205 255 700 700 700 700 700 200 460 