1036
1 19 138 18 1897 1
2 9 118 15 2351 1
3 17 118 15 2351 1
4 8 137 35 2839 1
5 15 137 35 2839 1
6 22 137 35 2839 1
7 19 133 25 4067 1
8 7 133 19 2771 1
9 21 132 8 596 1
10 41 132 8 596 1
11 61 132 8 596 1
12 8 129 30 3621 1
13 8 140 11 1071 1
14 9 129 21 3764 1
15 1 129 5 882 1
16 8 137 8 1254 1
17 15 137 8 1254 1
18 26 137 14 1163 1
19 7 133 5 362 1
20 10 134 12 1550 1
21 7 138 28 4374 1
22 22 125 5 771 1
23 2 132 10 1200 1
24 14 138 15 2153 1
25 27 138 15 2153 1
26 35 133 12 1197 1
27 8 125 8 1432 1
28 11 133 10 980 1
29 2 132 7 603 1
30 14 140 52 7112 1
31 29 134 11 1878 1
32 57 134 11 1878 1
33 8 129 8 941 1
34 15 129 8 941 1
35 22 129 8 941 1
36 8 133 3 317 1
37 10 118 4 407 1
38 3 138 6 1088 1
39 25 134 16 3149 1
40 8 134 8 1416 1
41 15 134 8 1416 1
42 22 134 8 1416 1
43 8 133 21 2785 1
44 7 140 9 1218 1
45 24 133 19 1384 1
46 8 132 8 926 1
47 7 137 9 790 1
48 7 138 28 5775 1
49 13 138 28 5775 1
50 19 138 28 5775 1
51 17 138 7 692 1
52 2 129 7 645 1
53 3 129 7 645 1
54 1 140 11 2270 1
55 29 138 19 1608 1
56 2 129 11 1535 1
57 7 134 10 1816 1
58 28 138 9 933 1
59 15 134 8 1449 1
60 22 133 12 1761 1
61 43 133 12 1761 1
62 64 133 12 1761 1
63 2 132 40 2916 1
64 9 138 30 5789 1
65 7 137 16 3018 1
66 13 137 16 3018 1
67 11 118 21 1442 1
68 7 140 15 3148 1
69 2 138 24 4150 1
70 8 118 23 2594 1
71 30 132 7 912 1
72 8 140 12 1076 1
73 15 140 12 1076 1
74 22 140 12 1076 1
75 29 140 12 1076 1
76 10 140 11 2197 1
77 19 140 11 2197 1
78 8 140 14 2813 1
79 8 134 39 4847 1
80 9 134 8 1415 1
81 7 140 13 2618 1
82 7 138 39 5625 1
83 36 137 13 2149 1
84 71 137 13 2149 1
85 22 134 7 805 1
86 2 133 9 1629 1
87 8 134 8 1471 1
88 14 132 17 2597 1
89 22 138 16 2158 1
90 3 132 12 1268 1
91 16 125 12 885 1
92 27 125 7 945 1
93 53 125 7 945 1
94 15 140 9 1263 1
95 10 125 4 575 1
96 19 125 4 575 1
97 9 138 36 3325 1
98 17 138 36 3325 1
99 25 140 33 4253 1
100 23 134 4 598 1
101 29 134 15 1976 1
102 44 184 20 4263 1
103 87 184 20 4263 1
104 17 161 11 2586 1
105 18 207 20 6202 1
106 43 187 15 2737 1
107 61 194 20 2784 1
108 43 210 27 4170 1
109 85 210 27 4170 1
110 127 210 27 4170 1
111 50 161 11 1303 1
112 99 161 11 1303 1
113 36 195 16 4606 1
114 42 149 21 2202 1
115 43 167 3 657 1
116 25 181 31 5338 1
117 49 181 31 5338 1
118 43 207 22 5016 1
119 20 195 8 1007 1
120 39 195 8 1007 1
121 43 208 15 3955 1
122 42 161 12 1913 1
123 37 195 9 1755 1
124 73 195 9 1755 1
125 59 208 59 9788 1
126 16 161 45 6857 1
127 45 187 25 3365 1
128 19 190 10 1254 1
129 17 161 19 4486 1
130 16 199 13 3576 1
131 5 202 23 3255 1
132 27 187 29 6851 1
133 20 178 14 2287 1
134 39 178 14 2287 1
135 45 161 15 1472 1
136 89 161 15 1472 1
137 133 161 15 1472 1
138 42 194 24 2958 1
139 22 167 10 950 1
140 29 187 18 2511 1
141 70 202 13 1535 1
142 139 202 13 1535 1
143 44 195 29 5361 1
144 63 187 31 7904 1
145 125 187 31 7904 1
146 17 187 12 1840 1
147 33 187 12 1840 1
148 44 171 23 4678 1
149 312 167 10 2191 1
150 42 184 18 2100 1
151 6 199 14 2844 1
152 25 199 11 2287 1
153 22 194 26 7375 1
154 34 177 11 1330 1
155 7 167 12 2222 1
156 5 202 21 2518 1
157 44 190 27 5764 1
158 43 171 5 894 1
159 85 171 5 894 1
160 127 171 5 894 1
161 169 171 5 894 1
162 211 171 5 894 1
163 16 187 4 926 1
164 20 161 29 2744 1
165 24 181 16 4053 1
166 42 204 15 3300 1
167 43 151 24 3996 1
168 85 151 24 3996 1
169 6 203 41 6542 1
170 5 195 42 5710 1
171 366 187 34 7564 1
172 44 203 10 2635 1
173 42 204 21 2713 1
174 41 151 10 2224 1
175 81 151 10 2224 1
176 15 167 10 1965 1
177 23 151 22 2384 1
178 44 207 26 5373 1
179 87 207 26 5373 1
180 101 202 24 6697 1
181 43 205 17 3755 1
182 85 205 17 3755 1
183 127 205 17 3755 1
184 23 181 19 2630 1
185 45 181 7 951 1
186 44 167 18 2869 1
187 19 178 25 2668 1
188 8 181 18 2176 1
189 17 177 32 5494 1
190 6 149 11 951 1
191 6 184 19 4888 1
192 194 171 16 3291 1
193 1 195 8 1796 1
194 16 151 9 746 1
195 31 151 9 746 1
196 43 195 14 2278 1
197 85 195 14 2278 1
198 71 187 10 1101 1
199 44 171 12 1078 1
200 87 171 12 1078 1
201 130 171 12 1078 1
202 173 171 12 1078 1
203 31 195 32 6297 1
204 36 205 8 1950 1
205 71 205 8 1950 1
206 3 197 30 6843 1
207 6 202 12 2714 1
208 45 202 17 1766 1
209 89 202 17 1766 1
210 133 202 17 1766 1
211 5 167 6 970 1
212 8 181 6 1531 1
213 44 149 8 959 1
214 45 178 18 4569 1
215 45 199 8 2097 1
216 5 149 13 1591 1
217 227 188 36 4772 1
218 43 205 13 3124 1
219 85 205 13 3124 1
220 127 205 13 3124 1
221 169 205 13 3124 1
222 15 202 15 4422 1
223 29 202 15 4422 1
224 44 151 17 1302 1
225 29 167 20 3175 1
226 20 207 18 2983 1
227 21 178 15 3026 1
228 41 178 15 3026 1
229 21 195 18 2638 1
230 24 203 7 1220 1
231 54 149 20 3463 1
232 6 171 8 820 1
233 61 210 31 6690 1
234 22 177 7 1776 1
235 18 205 27 2777 1
236 39 184 4 775 1
237 77 184 4 775 1
238 17 161 24 5579 1
239 33 161 24 5579 1
240 24 167 14 2221 1
241 43 207 27 6388 1
242 16 207 7 1942 1
243 43 207 14 3929 1
244 45 161 9 878 1
245 4 207 17 3557 1
246 18 195 22 2905 1
247 44 161 10 1761 1
248 87 161 10 1761 1
249 130 161 10 1761 1
250 173 161 10 1761 1
251 42 187 17 4313 1
252 83 187 17 4313 1
253 124 187 17 4313 1
254 21 171 8 1433 1
255 18 167 8 1924 1
256 45 220 12 3660 1
257 58 220 16 4209 1
258 44 228 39 9515 1
259 87 228 39 9515 1
260 38 242 15 5259 1
261 12 242 14 2079 1
262 44 212 21 5687 1
263 50 222 18 4032 1
264 58 237 14 2235 1
265 44 222 30 9642 1
266 28 245 11 2655 1
267 60 244 17 2123 1
268 58 239 12 4000 1
269 45 212 20 6259 1
270 30 228 11 1950 1
271 43 244 34 6027 1
272 29 221 15 2668 1
273 57 221 15 2668 1
274 37 237 23 3267 1
275 29 220 14 2706 1
276 31 225 13 1975 1
277 42 221 31 6187 1
278 85 239 22 3393 1
279 44 239 17 5570 1
280 57 237 18 6057 1
281 43 243 13 1928 1
282 48 212 24 5436 1
283 95 212 24 5436 1
284 29 220 15 3415 1
285 57 220 15 3415 1
286 29 228 16 5471 1
287 30 216 22 5216 1
288 59 216 22 5216 1
289 88 216 22 5216 1
290 58 243 18 3254 1
291 115 243 18 3254 1
292 29 239 20 6820 1
293 57 239 20 6820 1
294 28 245 29 10409 1
295 30 225 21 6481 1
296 28 244 15 5170 1
297 8 237 25 7382 1
298 31 237 19 4132 1
299 52 228 12 3961 1
300 30 245 24 4481 1
301 44 221 9 1945 1
302 56 228 16 3761 1
303 4 228 29 3992 1
304 70 239 18 4006 1
305 29 220 6 1515 1
306 60 239 9 1116 1
307 111 220 75 17446 1
308 221 220 75 17446 1
309 30 228 9 1707 1
310 54 220 24 4178 1
311 29 221 13 2768 1
312 42 237 29 4970 1
313 31 243 29 5128 1
314 58 244 23 7478 1
315 91 216 19 2871 1
316 7 239 16 3886 1
317 52 225 18 5588 1
318 101 212 32 4984 1
319 7 244 31 10186 1
320 44 216 14 1752 1
321 45 222 16 4478 1
322 105 242 13 2579 1
323 35 228 16 3798 1
324 44 230 22 5974 1
325 28 244 29 6328 1
326 56 244 38 8454 1
327 107 245 22 5684 1
328 57 212 15 4052 1
329 30 239 9 2890 1
330 59 230 7 2247 1
331 13 222 21 6293 1
332 32 225 27 6408 1
333 63 225 27 6408 1
334 94 225 27 6408 1
335 125 225 27 6408 1
336 29 216 12 2881 1
337 44 243 18 5513 1
338 104 244 27 4354 1
339 30 237 28 4955 1
340 44 212 27 7430 1
341 43 237 35 9920 1
342 59 230 16 4070 1
343 117 230 16 4070 1
344 15 243 16 5777 1
345 55 242 15 4838 1
346 49 216 19 3028 1
347 30 225 17 5541 1
348 95 245 22 7097 1
349 54 237 24 3481 1
350 37 237 10 1255 1
351 28 221 7 1900 1
352 55 221 7 1900 1
353 5 225 23 5693 1
354 58 243 13 2279 1
355 12 225 20 6342 1
356 40 245 19 4247 1
357 65 220 18 5193 1
358 45 212 8 937 1
359 40 244 27 5658 1
360 30 216 20 4962 1
361 81 244 17 2970 1
362 55 225 10 3161 1
363 44 244 53 14788 1
364 87 244 53 14788 1
365 96 228 15 5037 1
366 31 242 13 2643 1
367 61 242 13 2643 1
368 42 245 10 3259 1
369 43 237 33 5564 1
370 98 220 9 2673 1
371 102 216 10 1366 1
372 31 222 18 3455 1
373 58 239 66 18947 1
374 56 239 18 5835 1
375 43 242 11 2816 1
376 85 242 11 2816 1
377 58 216 19 5750 1
378 91 220 17 4760 1
379 44 225 12 3755 1
380 43 216 13 4053 1
381 30 237 27 4575 1
382 30 212 10 2394 1
383 89 239 53 6657 1
384 30 242 37 10226 1
385 31 230 20 2360 1
386 99 228 12 1637 1
387 37 237 19 4428 1
388 42 237 15 4990 1
389 30 244 13 2210 1
390 11 220 20 5159 1
391 57 239 11 2034 1
392 62 216 36 8431 1
393 31 221 8 1990 1
394 116 242 18 4044 1
395 30 242 17 5268 1
396 18 216 18 3211 1
397 118 239 13 4075 1
398 44 239 19 5309 1
399 14 245 27 7612 1
400 57 212 16 2736 1
401 94 243 21 5206 1
402 49 242 20 4799 1
403 17 212 14 1678 1
404 53 212 18 4720 1
405 30 245 25 3558 1
406 100 239 14 4796 1
407 50 257 22 8239 1
408 139 268 17 4060 1
409 99 277 17 5241 1
410 29 246 18 2870 1
411 36 246 16 2222 1
412 88 257 14 3350 1
413 43 259 5 949 1
414 39 264 11 3658 1
415 77 264 11 3658 1
416 36 257 17 6286 1
417 51 261 15 3722 1
418 30 267 13 3575 1
419 51 267 16 5728 1
420 107 276 10 3591 1
421 37 273 16 6119 1
422 43 262 15 4074 1
423 52 260 34 8540 1
424 29 265 3 521 1
425 36 262 13 3748 1
426 37 276 15 6003 1
427 35 274 18 2855 1
428 19 274 12 2025 1
429 57 275 11 2792 1
430 14 265 19 5785 1
431 88 277 15 3593 1
432 29 259 22 6322 1
433 57 259 22 6322 1
434 85 259 22 6322 1
435 50 257 24 8426 1
436 43 259 20 5267 1
437 30 255 17 3052 1
438 43 255 11 3594 1
439 93 246 13 4099 1
440 51 265 17 2322 1
441 40 262 18 2982 1
442 51 258 6 1936 1
443 22 276 13 1841 1
444 48 255 11 3142 1
445 95 255 11 3142 1
446 30 265 11 3216 1
447 97 277 13 4552 1
448 193 277 13 4552 1
449 289 277 13 4552 1
450 385 277 13 4552 1
451 29 258 15 5613 1
452 37 258 8 2063 1
453 37 246 13 4787 1
454 29 257 9 1563 1
455 29 270 23 8455 1
456 50 265 20 4920 1
457 48 265 23 4575 1
458 156 255 17 2206 1
459 50 277 24 4859 1
460 99 277 24 4859 1
461 43 270 22 8415 1
462 39 255 14 4014 1
463 58 246 14 1940 1
464 19 273 18 4210 1
465 37 273 18 4210 1
466 52 267 15 2936 1
467 103 267 15 2936 1
468 35 268 13 2010 1
469 58 255 9 1798 1
470 7 260 18 5132 1
471 13 260 18 5132 1
472 37 268 32 10261 1
473 171 255 1 133 1
474 36 265 20 3837 1
475 37 262 19 4288 1
476 29 257 14 2218 1
477 31 277 12 4958 1
478 29 261 24 6602 1
479 56 258 9 3041 1
480 30 259 12 4306 1
481 22 260 22 7501 1
482 28 274 12 1689 1
483 51 270 15 2081 1
484 103 270 5 1286 1
485 205 270 5 1286 1
486 86 258 15 2476 1
487 52 258 25 7623 1
488 104 262 25 7809 1
489 44 275 15 5012 1
490 87 275 15 5012 1
491 46 276 17 2597 1
492 51 277 8 3289 1
493 50 274 23 4751 1
494 37 255 8 3014 1
495 73 255 8 3014 1
496 44 277 15 2800 1
497 88 267 21 3895 1
498 44 260 20 3635 1
499 51 261 16 2400 1
500 50 265 15 3924 1
501 101 262 13 4091 1
502 52 273 10 2193 1
503 103 273 10 2193 1
504 29 246 20 2644 1
505 57 246 20 2644 1
506 22 246 10 3178 1
507 15 268 21 6499 1
508 29 268 21 6499 1
509 46 255 7 1336 1
510 100 265 18 2549 1
511 29 257 11 3713 1
512 30 268 14 2598 1
513 29 274 20 7103 1
514 57 274 20 7103 1
515 51 262 14 3349 1
516 44 267 9 2888 1
517 50 258 26 8330 1
518 37 274 22 3405 1
519 73 274 22 3405 1
520 30 257 13 1997 1
521 51 260 22 7586 1
522 51 246 18 5794 1
523 35 259 21 5387 1
524 69 259 21 5387 1
525 43 257 21 5058 1
526 28 277 19 4592 1
527 99 259 19 7085 1
528 36 274 14 4354 1
529 98 273 9 2683 1
530 59 257 10 2486 1
531 36 260 17 2891 1
532 56 260 13 2155 1
533 44 274 10 3038 1
534 50 257 19 6049 1
535 16 268 31 7547 1
536 34 258 18 6715 1
537 30 268 21 7597 1
538 39 259 9 1972 1
539 104 261 23 5690 1
540 30 262 12 4634 1
541 35 260 22 4236 1
542 202 261 4 1384 1
543 20 270 15 4814 1
544 39 270 15 4814 1
545 36 267 19 4533 1
546 36 270 21 2854 1
547 71 270 21 2854 1
548 14 264 22 7779 1
549 49 275 12 3832 1
550 29 258 15 5007 1
551 48 274 14 1958 1
552 58 255 16 2905 1
553 44 260 17 4445 1
554 28 265 32 10698 1
555 44 262 21 7307 1
556 50 257 16 2241 1
557 50 277 15 3826 1
558 43 265 17 6031 1
559 21 267 28 5026 1
560 41 267 28 5026 1
561 37 259 17 2539 1
562 111 246 16 5838 1
563 221 246 16 5838 1
564 30 255 16 4890 1
565 46 276 12 4516 1
566 44 267 16 5481 1
567 50 258 23 4384 1
568 99 258 23 4384 1
569 51 270 11 3635 1
570 31 274 31 8953 1
571 15 270 24 5677 1
572 172 277 20 8110 1
573 187 274 14 4053 1
574 57 258 14 3580 1
575 100 267 24 8067 1
576 42 255 17 6253 1
577 30 262 19 7411 1
578 47 257 14 2972 1
579 93 257 14 2972 1
580 30 268 26 9426 1
581 44 274 17 4594 1
582 87 274 17 4594 1
583 37 262 4 1405 1
584 180 258 11 4218 1
585 36 267 15 3001 1
586 36 260 16 3756 1
587 51 255 23 4281 1
588 84 264 19 4698 1
589 36 294 18 5903 1
590 57 281 10 2726 1
591 24 282 12 2395 1
592 55 278 11 1622 1
593 109 278 11 1622 1
594 33 285 10 3343 1
595 58 278 21 4623 1
596 115 278 21 4623 1
597 58 281 14 4486 1
598 57 286 32 10869 1
599 28 282 32 9429 1
600 59 279 37 7176 1
601 117 279 37 7176 1
602 175 279 37 7176 1
603 58 300 9 1850 1
604 30 284 7 995 1
605 129 282 36 9729 1
606 57 300 21 9302 1
607 36 293 13 3550 1
608 36 282 14 4193 1
609 112 282 31 5681 1
610 44 300 12 4344 1
611 29 286 23 4596 1
612 57 286 23 4596 1
613 85 286 23 4596 1
614 113 286 23 4596 1
615 39 292 15 2435 1
616 58 293 10 4260 1
617 58 291 28 8577 1
618 30 281 23 9298 1
619 212 286 35 14258 1
620 58 278 21 7282 1
621 115 278 21 7282 1
622 58 294 19 4093 1
623 29 292 13 1905 1
624 29 285 19 6262 1
625 204 278 11 3527 1
626 58 291 28 8323 1
627 115 291 28 8323 1
628 28 291 18 4372 1
629 29 281 9 3731 1
630 31 299 27 10922 1
631 29 300 19 5146 1
632 57 279 10 2671 1
633 113 279 10 2671 1
634 31 281 12 2907 1
635 43 279 28 10046 1
636 50 285 13 2818 1
637 31 282 12 2397 1
638 57 294 19 7912 1
639 113 294 19 7912 1
640 37 291 12 1799 1
641 57 284 7 2654 1
642 113 284 7 2654 1
643 29 284 21 8480 1
644 90 285 22 7924 1
645 58 294 15 5599 1
646 44 278 11 4304 1
647 66 282 33 4715 1
648 44 282 14 3113 1
649 45 293 36 8884 1
650 58 278 17 2593 1
651 115 278 17 2593 1
652 172 278 17 2593 1
653 43 278 11 4007 1
654 28 294 14 5661 1
655 28 284 19 3820 1
656 43 284 19 5865 1
657 58 292 21 5900 1
658 88 299 26 8215 1
659 37 282 27 9300 1
660 57 281 16 4328 1
661 7 284 24 6433 1
662 31 284 7 2031 1
663 57 281 10 2346 1
664 43 285 10 1688 1
665 58 292 13 5425 1
666 43 294 20 4135 1
667 57 291 39 12296 1
668 44 300 34 8541 1
669 30 279 16 2797 1
670 57 291 17 4370 1
671 113 291 17 4370 1
672 169 291 17 4370 1
673 56 286 11 1655 1
674 161 281 8 1709 1
675 43 293 38 9488 1
676 107 300 26 4494 1
677 12 292 18 4132 1
678 29 299 19 6798 1
679 28 294 9 2089 1
680 59 286 12 1843 1
681 117 286 12 1843 1
682 44 282 13 5076 1
683 93 292 45 7259 1
684 105 286 23 5788 1
685 58 299 37 14367 1
686 58 300 9 3722 1
687 58 284 24 5606 1
688 42 282 16 6374 1
689 16 286 31 4476 1
690 32 292 36 6108 1
691 31 291 13 2374 1
692 37 291 24 10270 1
693 42 299 20 8041 1
694 30 286 14 3554 1
695 59 286 14 3554 1
696 48 291 6 1175 1
697 104 286 18 4873 1
698 207 286 18 4873 1
699 29 292 31 7259 1
700 28 285 14 5833 1
701 43 291 9 1554 1
702 29 284 22 5305 1
703 57 299 6 2455 1
704 35 281 21 4764 1
705 28 293 24 10382 1
706 29 291 27 10205 1
707 38 300 25 10498 1
708 43 293 22 4574 1
709 55 293 11 3286 1
710 44 293 13 4044 1
711 42 278 11 2154 1
712 83 278 11 2154 1
713 33 278 15 3148 1
714 96 284 21 8649 1
715 57 292 26 7513 1
716 30 285 22 7655 1
717 58 291 14 2104 1
718 37 282 20 6279 1
719 87 286 21 7023 1
720 57 299 19 3032 1
721 57 291 13 4546 1
722 30 300 17 3627 1
723 137 293 20 8623 1
724 20 293 12 3864 1
725 29 278 11 1661 1
726 52 286 8 3428 1
727 231 282 22 7015 1
728 461 282 22 7015 1
729 29 291 13 3512 1
730 29 300 19 3858 1
731 57 300 19 3858 1
732 29 291 9 2377 1
733 169 294 17 5264 1
734 58 291 16 6568 1
735 56 285 32 8110 1
736 57 299 7 2068 1
737 57 300 32 11635 1
738 113 300 32 11635 1
739 28 293 17 4597 1
740 31 300 17 4387 1
741 30 294 19 4175 1
742 29 294 16 5743 1
743 31 279 11 2129 1
744 56 281 18 3602 1
745 111 281 18 3602 1
746 89 291 9 3233 1
747 43 299 20 6936 1
748 57 282 26 3833 1
749 30 281 18 7130 1
750 50 316 14 5981 1
751 76 318 38 12535 1
752 36 338 36 9772 1
753 58 323 16 3558 1
754 14 324 15 7002 1
755 58 316 18 5845 1
756 115 316 18 5845 1
757 79 364 11 5420 1
758 36 363 49 24487 1
759 37 318 17 4467 1
760 182 334 23 6353 1
761 78 303 32 12313 1
762 15 338 19 7469 1
763 77 318 18 4041 1
764 153 318 18 4041 1
765 79 336 27 11557 1
766 22 332 19 7662 1
767 108 365 19 7504 1
768 36 303 49 11808 1
769 37 304 22 9648 1
770 78 331 21 5141 1
771 155 331 21 5141 1
772 58 303 12 3035 1
773 91 365 20 9103 1
774 50 318 10 3170 1
775 113 338 28 10932 1
776 79 368 20 4734 1
777 157 368 20 4734 1
778 75 333 34 12637 1
779 37 334 22 5074 1
780 15 365 24 6840 1
781 78 323 17 5949 1
782 15 305 13 5870 1
783 122 331 20 3533 1
784 15 364 8 2458 1
785 112 338 39 11959 1
786 38 334 22 10179 1
787 58 324 26 8643 1
788 97 337 29 13472 1
789 15 366 15 3543 1
790 13 331 25 11254 1
791 38 304 15 3078 1
792 79 332 26 9345 1
793 157 332 26 9345 1
794 24 316 16 2584 1
795 15 335 31 10470 1
796 29 335 31 10470 1
797 116 363 26 13948 1
798 36 305 35 7415 1
799 58 334 17 8501 1
800 49 363 17 7980 1
801 51 365 14 7376 1
802 91 366 15 7581 1
803 51 334 46 8098 1
804 24 349 28 8211 1
805 59 332 19 4491 1
806 57 334 16 6221 1
807 71 364 40 7960 1
808 51 333 17 2978 1
809 73 368 32 14996 1
810 36 304 24 5747 1
811 36 338 14 3000 1
812 79 323 12 2970 1
813 51 318 16 2948 1
814 79 337 25 5771 1
815 13 332 46 7683 1
816 58 316 22 6146 1
817 58 366 10 3652 1
818 115 366 10 3652 1
819 57 323 11 3798 1
820 108 349 40 9252 1
821 57 349 31 11275 1
822 78 318 12 2663 1
823 79 324 18 3677 1
824 78 304 21 5287 1
825 103 318 28 10120 1
826 107 318 12 4730 1
827 79 303 14 3003 1
828 157 303 14 3003 1
829 78 334 22 7756 1
830 155 334 22 7756 1
831 232 334 22 7756 1
832 59 318 18 4633 1
833 57 366 20 9902 1
834 58 323 22 10259 1
835 51 333 14 6971 1
836 129 365 16 3047 1
837 16 336 22 4775 1
838 78 365 18 7695 1
839 86 337 27 6848 1
840 36 324 24 4532 1
841 58 304 12 4885 1
842 36 368 16 4220 1
843 78 334 16 5021 1
844 58 337 21 8334 1
845 16 323 27 10089 1
846 79 335 17 3452 1
847 157 335 17 3452 1
848 118 366 39 11948 1
849 235 366 39 11948 1
850 51 337 19 5191 1
851 70 337 12 6002 1
852 79 366 22 11658 1
853 51 333 43 11126 1
854 16 323 11 3450 1
855 31 323 11 3450 1
856 50 324 34 15637 1
857 78 337 25 8300 1
858 114 318 18 3552 1
859 227 318 18 3552 1
860 50 324 16 5269 1
861 99 324 16 5269 1
862 80 332 22 4675 1
863 14 332 33 12028 1
864 70 338 26 12501 1
865 79 336 11 4437 1
866 157 336 11 4437 1
867 37 368 19 8357 1
868 51 316 44 8855 1
869 37 335 11 3200 1
870 78 368 34 12806 1
871 155 368 34 12806 1
872 78 368 18 5968 1
873 79 337 15 7375 1
874 57 337 22 6659 1
875 78 305 44 10814 1
876 37 318 20 4455 1
877 73 318 20 4455 1
878 3 324 28 6333 1
879 78 336 27 11406 1
880 51 364 38 13154 1
881 78 335 30 5689 1
882 123 324 18 4537 1
883 50 332 23 10807 1
884 51 349 31 6274 1
885 113 323 16 4309 1
886 44 337 30 8571 1
887 58 323 39 10859 1
888 58 323 12 2934 1
889 115 323 12 2934 1
890 78 364 9 1750 1
891 58 332 9 3594 1
892 57 303 8 1230 1
893 113 303 8 1230 1
894 57 334 20 9076 1
895 57 337 22 4635 1
896 78 334 13 4706 1
897 58 363 21 5369 1
898 17 305 13 3892 1
899 80 333 23 8044 1
900 14 366 11 5337 1
901 78 334 11 2204 1
902 155 334 11 2204 1
903 232 334 11 2204 1
904 100 304 20 8561 1
905 37 323 51 13734 1
906 73 323 51 13734 1
907 36 349 27 7483 1
908 58 323 22 4602 1
909 96 318 49 8061 1
910 58 365 25 13009 1
911 79 323 16 5742 1
912 17 332 25 8754 1
913 78 303 13 4796 1
914 84 336 45 9709 1
915 79 323 21 8594 1
916 16 365 39 19925 1
917 58 323 13 2811 1
918 58 324 25 7229 1
919 117 338 44 21534 1
920 58 363 17 7013 1
921 73 365 24 8486 1
922 78 305 19 5473 1
923 118 304 20 8713 1
924 57 324 24 6766 1
925 14 334 32 5760 1
926 116 366 32 7943 1
927 75 333 15 3752 1
928 58 337 15 3844 1
929 115 337 15 3844 1
930 51 336 40 18923 1
931 14 323 11 3035 1
932 79 323 29 11122 1
933 16 365 28 11448 1
934 16 324 18 4284 1
935 58 363 15 6922 1
936 115 363 15 6922 1
937 172 363 15 6922 1
938 16 364 14 2615 1
939 73 334 19 4001 1
940 61 303 40 9822 1
941 56 336 21 9883 1
942 79 335 11 3249 1
943 16 305 28 12466 1
944 110 304 30 9112 1
945 70 303 16 4113 1
946 109 368 80 31819 1
947 57 335 38 9496 1
948 58 324 13 4015 1
949 16 324 22 4274 1
950 15 368 20 4913 1
951 79 338 14 4368 1
952 57 338 41 15470 1
953 57 366 18 6237 1
954 113 366 18 6237 1
955 74 336 27 11396 1
956 70 316 17 4843 1
957 21 331 26 4440 1
958 115 303 26 9180 1
959 51 334 28 12231 1
960 110 366 50 12820 1
961 37 333 11 5062 1
962 57 365 18 5855 1
963 78 316 29 12502 1
964 37 334 19 4952 1
965 37 304 22 8583 1
966 73 304 22 8583 1
967 78 364 18 8653 1
968 100 337 15 5611 1
969 57 365 32 5951 1
970 113 365 32 5951 1
971 169 365 32 5951 1
972 78 331 19 6881 1
973 96 336 13 2675 1
974 58 324 28 4731 1
975 50 349 19 8097 1
976 59 334 39 9520 1
977 57 366 25 7189 1
978 113 366 25 7189 1
979 78 316 26 4663 1
980 62 332 25 12123 1
981 15 331 19 7156 1
982 58 324 11 4867 1
983 79 368 27 8847 1
984 78 363 14 5487 1
985 78 363 11 5465 1
986 62 304 18 7082 1
987 15 334 35 13719 1
988 14 333 61 20504 1
989 14 323 23 7029 1
990 89 398 25 12659 1
991 80 396 35 11891 1
992 159 396 35 11891 1
993 84 399 28 11435 1
994 78 399 29 13796 1
995 155 399 29 13796 1
996 114 396 20 4308 1
997 78 396 37 13760 1
998 86 398 30 17089 1
999 171 398 30 17089 1
1000 86 395 26 9248 1
1001 11 396 21 12329 1
1002 21 396 21 12329 1
1003 78 395 21 10918 1
1004 155 395 21 10918 1
1005 232 395 21 10918 1
1006 90 398 24 11251 1
1007 112 399 32 8452 1
1008 223 399 32 8452 1
1009 71 395 25 14401 1
1010 79 395 29 5784 1
1011 81 396 23 10334 1
1012 85 397 20 10630 1
1013 79 396 29 13103 1
1014 78 396 31 7604 1
1015 155 396 31 7604 1
1016 179 397 32 18707 1
1017 75 397 34 8223 1
1018 88 395 23 6989 1
1019 175 395 23 6989 1
1020 145 395 17 7992 1
1021 77 396 35 6933 1
1022 182 395 29 12216 1
1023 363 395 29 12216 1
1024 75 396 26 14025 1
1025 80 399 23 12014 1
1026 14 397 30 14942 1
1027 14 395 39 9539 1
1028 78 399 30 6163 1
1029 90 398 58 30931 1
1030 176 399 32 16384 1
1031 77 397 27 11151 1
1032 78 397 39 9783 1
1033 155 397 39 9783 1
1034 72 396 28 10225 1
1035 78 399 41 11188 1
1036 77 397 42 22100 1
14
503 620 807 620 700 205 255 700 700 700 700 700 200 460 