1036
1 8 129 2 346 1
2 35 140 43 6846 1
3 69 140 43 6846 1
4 8 118 15 1599 1
5 8 118 5 744 1
6 11 133 11 1624 1
7 3 118 13 1553 1
8 5 118 13 1553 1
9 9 138 12 1450 1
10 17 138 12 1450 1
11 10 118 4 344 1
12 19 118 4 344 1
13 28 118 4 344 1
14 7 118 30 2062 1
15 16 125 21 3341 1
16 9 138 12 1984 1
17 17 138 12 1984 1
18 14 134 5 775 1
19 5 140 5 693 1
20 6 133 14 1172 1
21 11 133 14 1172 1
22 16 133 14 1172 1
23 21 133 14 1172 1
24 3 140 5 950 1
25 8 129 19 3455 1
26 28 137 6 571 1
27 22 134 12 1690 1
28 9 140 6 1147 1
29 8 140 5 837 1
30 27 140 13 1620 1
31 53 140 13 1620 1
32 22 132 18 3430 1
33 43 132 18 3430 1
34 64 132 18 3430 1
35 85 132 18 3430 1
36 1 129 16 1856 1
37 35 137 34 2572 1
38 69 137 34 2572 1
39 3 137 7 836 1
40 10 140 18 1665 1
41 19 140 18 1665 1
42 9 140 14 2776 1
43 34 138 27 3013 1
44 67 138 27 3013 1
45 9 132 16 2326 1
46 4 132 12 1838 1
47 7 118 10 1079 1
48 3 132 8 553 1
49 23 132 9 1615 1
50 9 133 25 2174 1
51 12 134 11 2172 1
52 8 132 12 2211 1
53 15 132 12 2211 1
54 24 118 21 1740 1
55 30 134 31 5404 1
56 17 138 18 2175 1
57 33 138 18 2175 1
58 49 138 18 2175 1
59 10 118 4 532 1
60 19 118 4 532 1
61 28 118 4 532 1
62 7 132 8 1134 1
63 1 132 97 14360 1
64 12 138 6 1175 1
65 8 125 9 1568 1
66 15 125 9 1568 1
67 25 140 26 4211 1
68 7 134 4 278 1
69 36 137 6 1120 1
70 19 132 4 521 1
71 37 132 4 521 1
72 3 134 14 2100 1
73 28 132 11 1976 1
74 55 132 11 1976 1
75 25 134 16 2068 1
76 8 133 36 6756 1
77 6 134 29 2490 1
78 21 133 11 1776 1
79 3 137 8 1414 1
80 5 137 8 1414 1
81 8 129 8 1288 1
82 28 138 24 4857 1
83 55 138 24 4857 1
84 19 140 22 1636 1
85 37 140 22 1636 1
86 12 132 7 715 1
87 23 132 7 715 1
88 7 132 26 2810 1
89 9 140 11 1411 1
90 17 140 11 1411 1
91 25 140 11 1411 1
92 33 140 11 1411 1
93 24 118 24 1419 1
94 7 138 8 663 1
95 7 134 14 1838 1
96 13 134 14 1838 1
97 27 140 22 2628 1
98 23 138 7 841 1
99 45 138 7 841 1
100 9 134 10 991 1
101 17 134 10 991 1
102 34 161 22 3312 1
103 43 170 34 6864 1
104 44 187 14 2227 1
105 87 187 14 2227 1
106 130 187 14 2227 1
107 173 187 14 2227 1
108 18 177 3 762 1
109 44 202 11 2037 1
110 22 167 9 1032 1
111 43 178 16 3959 1
112 45 205 21 4113 1
113 89 205 21 4113 1
114 133 205 21 4113 1
115 177 205 21 4113 1
116 24 151 13 2883 1
117 8 202 11 1527 1
118 43 194 9 1285 1
119 85 194 9 1285 1
120 43 194 13 2806 1
121 24 195 11 2486 1
122 44 194 20 3633 1
123 87 194 20 3633 1
124 6 207 47 10675 1
125 7 190 15 1635 1
126 13 190 15 1635 1
127 21 190 24 5582 1
128 41 190 24 5582 1
129 43 149 20 1828 1
130 43 204 50 5725 1
131 85 204 50 5725 1
132 127 204 50 5725 1
133 43 170 10 2212 1
134 85 170 10 2212 1
135 127 170 10 2212 1
136 44 149 42 8898 1
137 7 195 16 2104 1
138 23 181 7 852 1
139 45 181 7 852 1
140 44 151 12 1610 1
141 42 203 10 2595 1
142 83 203 10 2595 1
143 124 203 10 2595 1
144 17 170 7 1779 1
145 17 194 39 10869 1
146 33 194 39 10869 1
147 43 208 25 6683 1
148 85 208 25 6683 1
149 29 151 14 2774 1
150 57 151 14 2774 1
151 5 167 15 1993 1
152 42 161 17 2901 1
153 60 190 10 2755 1
154 26 199 13 1891 1
155 51 199 13 1891 1
156 43 187 7 1434 1
157 6 170 9 2254 1
158 46 199 24 4238 1
159 91 199 24 4238 1
160 6 208 37 5385 1
161 15 194 16 3923 1
162 23 202 14 3915 1
163 45 202 14 3915 1
164 43 177 13 2816 1
165 85 177 13 2816 1
166 151 202 21 4059 1
167 43 210 15 1605 1
168 16 187 11 2627 1
169 23 207 10 1805 1
170 80 203 38 4159 1
171 43 184 25 6517 1
172 45 188 14 2445 1
173 44 184 13 1413 1
174 87 184 13 1413 1
175 45 190 17 4426 1
176 89 190 17 4426 1
177 4 195 18 3758 1
178 18 202 26 6560 1
179 26 188 12 1412 1
180 51 188 12 1412 1
181 6 194 10 2720 1
182 43 188 8 1226 1
183 14 151 28 3886 1
184 43 203 16 3990 1
185 45 171 9 1151 1
186 15 208 30 4465 1
187 43 170 6 1094 1
188 57 203 21 2577 1
189 42 204 13 3530 1
190 17 161 16 1385 1
191 29 184 16 2066 1
192 44 181 11 2151 1
193 87 181 11 2151 1
194 130 181 11 2151 1
195 22 204 9 1793 1
196 4 167 8 1798 1
197 45 190 12 3378 1
198 42 161 10 1654 1
199 6 210 21 3670 1
200 211 194 9 2042 1
201 421 194 9 2042 1
202 43 207 29 4144 1
203 6 149 11 1209 1
204 11 149 11 1209 1
205 21 190 9 1998 1
206 20 210 22 5561 1
207 39 210 22 5561 1
208 18 187 16 2925 1
209 44 181 24 4768 1
210 87 181 24 4768 1
211 44 208 17 5007 1
212 6 190 3 669 1
213 18 202 9 2106 1
214 35 202 9 2106 1
215 18 208 15 1839 1
216 20 167 13 2672 1
217 6 188 11 1770 1
218 49 149 10 1953 1
219 43 178 34 6678 1
220 85 178 34 6678 1
221 127 178 34 6678 1
222 43 188 39 4411 1
223 44 210 6 1832 1
224 87 210 6 1832 1
225 42 194 9 1023 1
226 43 177 15 2650 1
227 46 161 21 2369 1
228 91 161 21 2369 1
229 6 194 8 2246 1
230 17 161 8 839 1
231 7 151 10 1025 1
232 5 197 34 7588 1
233 42 190 4 678 1
234 83 190 4 678 1
235 23 161 20 3787 1
236 106 151 7 1175 1
237 19 188 13 3581 1
238 24 167 24 4768 1
239 15 208 7 1927 1
240 18 205 71 7470 1
241 35 205 71 7470 1
242 43 170 12 2589 1
243 15 199 77 12618 1
244 44 203 23 3116 1
245 87 203 23 3116 1
246 130 203 23 3116 1
247 173 203 23 3116 1
248 216 203 23 3116 1
249 42 197 12 2126 1
250 200 195 7 2002 1
251 43 202 13 2656 1
252 195 181 15 3686 1
253 42 210 11 3319 1
254 6 184 40 7828 1
255 11 184 40 7828 1
256 53 220 17 3114 1
257 28 221 10 1960 1
258 30 225 41 5145 1
259 59 225 41 5145 1
260 98 243 33 10887 1
261 107 212 18 2137 1
262 59 220 28 6036 1
263 29 244 24 3996 1
264 57 244 24 3996 1
265 85 244 24 3996 1
266 45 243 15 4124 1
267 89 243 15 4124 1
268 90 239 11 3782 1
269 51 221 16 4180 1
270 101 221 16 4180 1
271 151 221 16 4180 1
272 30 212 18 4044 1
273 66 244 12 3141 1
274 45 228 15 2772 1
275 66 243 19 2452 1
276 57 242 4 992 1
277 45 237 33 11001 1
278 90 220 7 884 1
279 110 230 15 4080 1
280 132 243 23 5498 1
281 42 242 32 3882 1
282 22 243 6 1048 1
283 60 228 28 7746 1
284 58 212 31 8038 1
285 27 228 14 2808 1
286 53 228 14 2808 1
287 55 239 6 1163 1
288 5 230 19 6315 1
289 116 212 7 967 1
290 5 243 18 5375 1
291 9 243 18 5375 1
292 43 245 18 4032 1
293 57 225 18 5667 1
294 18 225 12 3307 1
295 53 225 14 4168 1
296 105 225 14 4168 1
297 157 225 14 4168 1
298 4 245 34 8032 1
299 36 243 35 6925 1
300 50 228 11 2411 1
301 57 212 11 2830 1
302 113 212 11 2830 1
303 52 237 11 3102 1
304 31 244 21 7261 1
305 38 225 17 4295 1
306 43 212 34 7494 1
307 30 245 15 4718 1
308 59 245 15 4718 1
309 64 222 22 5151 1
310 29 237 12 2036 1
311 39 220 19 2890 1
312 42 242 12 3225 1
313 31 228 19 2636 1
314 13 239 22 5704 1
315 30 222 40 11480 1
316 59 222 40 11480 1
317 44 239 12 2552 1
318 31 228 10 1461 1
319 101 242 9 3064 1
320 59 222 10 2933 1
321 32 216 20 4815 1
322 63 216 20 4815 1
323 30 237 23 3842 1
324 59 237 23 3842 1
325 106 228 27 7098 1
326 57 230 29 9260 1
327 111 243 24 6580 1
328 48 225 17 2311 1
329 32 242 7 1398 1
330 59 245 13 2866 1
331 106 228 11 3040 1
332 30 230 19 4064 1
333 9 212 19 2881 1
334 44 225 13 2919 1
335 43 237 16 2538 1
336 58 239 6 757 1
337 58 244 20 5703 1
338 30 221 18 4462 1
339 36 239 9 2859 1
340 60 239 26 7599 1
341 119 239 26 7599 1
342 57 216 8 2100 1
343 113 216 8 2100 1
344 46 230 27 9204 1
345 29 228 16 5322 1
346 32 216 28 4753 1
347 63 216 28 4753 1
348 42 225 30 7146 1
349 51 216 18 5175 1
350 101 216 18 5175 1
351 151 216 18 5175 1
352 40 216 18 2578 1
353 57 244 37 10809 1
354 111 244 26 8606 1
355 30 222 18 2478 1
356 59 222 18 2478 1
357 63 230 22 6895 1
358 60 242 42 13060 1
359 113 230 17 3386 1
360 75 212 22 5719 1
361 44 228 19 3474 1
362 87 237 8 969 1
363 32 230 43 7589 1
364 63 230 43 7589 1
365 8 220 12 1984 1
366 23 212 9 1519 1
367 44 212 13 2499 1
368 87 212 13 2499 1
369 31 228 16 3815 1
370 31 225 59 14186 1
371 61 225 59 14186 1
372 62 212 14 4410 1
373 95 220 17 5476 1
374 5 220 7 1612 1
375 44 216 14 1687 1
376 31 244 15 2438 1
377 61 244 15 2438 1
378 91 244 15 2438 1
379 31 212 18 3770 1
380 45 245 44 14851 1
381 28 237 32 5144 1
382 11 216 14 3246 1
383 90 242 44 10922 1
384 106 222 20 2313 1
385 211 222 20 2313 1
386 316 222 20 2313 1
387 52 242 13 4447 1
388 55 216 16 4702 1
389 109 216 16 4702 1
390 65 230 7 1539 1
391 8 237 12 2476 1
392 15 237 12 2476 1
393 37 212 18 3176 1
394 30 244 13 4166 1
395 43 239 17 4835 1
396 7 237 38 9985 1
397 37 237 14 4063 1
398 30 216 18 3649 1
399 43 245 11 1548 1
400 57 237 67 18131 1
401 113 237 67 18131 1
402 45 243 10 1386 1
403 89 243 10 1386 1
404 104 242 12 2565 1
405 29 221 21 5848 1
406 29 245 28 7249 1
407 36 257 22 3779 1
408 29 264 18 2506 1
409 38 268 18 2680 1
410 51 262 17 3032 1
411 30 259 23 4460 1
412 50 274 40 16274 1
413 105 264 12 2506 1
414 15 267 13 2911 1
415 9 246 10 2179 1
416 34 274 8 2244 1
417 97 262 8 2174 1
418 43 268 13 3700 1
419 29 262 14 2813 1
420 36 264 13 4775 1
421 29 274 20 3377 1
422 29 246 13 3689 1
423 49 262 22 4054 1
424 30 246 19 5001 1
425 47 246 20 4773 1
426 44 275 8 1866 1
427 23 259 11 3039 1
428 51 264 18 3133 1
429 16 261 12 4340 1
430 21 268 19 5497 1
431 41 268 19 5497 1
432 61 268 19 5497 1
433 44 268 11 1729 1
434 49 264 15 4860 1
435 88 273 18 3312 1
436 21 260 15 4647 1
437 41 260 15 4647 1
438 37 267 17 5561 1
439 31 277 11 3541 1
440 30 261 15 5023 1
441 59 261 15 5023 1
442 88 261 15 5023 1
443 111 277 7 2552 1
444 29 255 6 2004 1
445 51 258 19 5929 1
446 44 255 23 4439 1
447 51 273 10 3636 1
448 54 267 14 4838 1
449 58 259 16 4567 1
450 52 261 19 3461 1
451 43 255 16 3055 1
452 57 267 17 2647 1
453 15 276 16 3642 1
454 94 258 22 6335 1
455 10 275 19 4012 1
456 37 268 9 2465 1
457 35 246 17 5871 1
458 69 246 17 5871 1
459 86 267 7 1273 1
460 171 267 7 1273 1
461 43 276 12 2699 1
462 51 261 7 954 1
463 44 270 13 3908 1
464 44 257 18 2518 1
465 36 275 19 2767 1
466 29 257 15 4477 1
467 105 258 21 4621 1
468 16 276 16 3023 1
469 14 275 13 3118 1
470 43 246 11 1510 1
471 29 270 16 5411 1
472 57 274 16 5216 1
473 37 257 22 5965 1
474 36 276 21 3917 1
475 62 268 15 2851 1
476 37 257 1 341 1
477 43 265 15 5133 1
478 49 260 20 5479 1
479 151 270 20 6138 1
480 50 265 21 7872 1
481 30 274 32 4612 1
482 29 258 14 3096 1
483 57 258 14 3096 1
484 29 273 12 2804 1
485 57 273 12 2804 1
486 36 258 15 4791 1
487 56 257 26 9350 1
488 109 268 20 6668 1
489 16 259 19 5023 1
490 44 260 17 2604 1
491 30 264 16 5911 1
492 59 264 16 5911 1
493 37 259 26 6216 1
494 51 277 16 3415 1
495 50 270 18 3551 1
496 99 270 18 3551 1
497 24 274 11 4187 1
498 36 262 22 4693 1
499 92 273 22 3104 1
500 52 258 15 3611 1
501 49 261 27 9011 1
502 29 268 21 4562 1
503 100 276 14 3463 1
504 87 276 13 2851 1
505 29 268 21 5462 1
506 29 277 17 4275 1
507 42 277 22 4295 1
508 108 276 18 7256 1
509 43 262 12 2903 1
510 16 257 16 3922 1
511 44 275 3 1212 1
512 50 274 21 2908 1
513 31 274 14 4112 1
514 50 277 1 205 1
515 95 267 7 2222 1
516 26 267 22 6536 1
517 44 268 19 3746 1
518 5 273 26 7770 1
519 44 276 19 3420 1
520 87 276 19 3420 1
521 15 255 11 2274 1
522 30 259 10 2765 1
523 29 261 21 2956 1
524 51 268 13 1784 1
525 13 275 10 3621 1
526 78 255 12 1706 1
527 36 273 10 1867 1
528 27 258 13 4051 1
529 14 274 15 3083 1
530 52 277 18 3597 1
531 30 260 16 3569 1
532 16 268 16 4840 1
533 72 273 14 4038 1
534 143 273 14 4038 1
535 37 276 12 2878 1
536 73 276 12 2878 1
537 50 276 25 6346 1
538 57 262 17 4000 1
539 15 268 19 5581 1
540 29 268 19 5581 1
541 35 270 12 2582 1
542 29 267 28 4117 1
543 36 274 28 7702 1
544 37 277 17 3021 1
545 73 277 17 3021 1
546 98 277 31 10742 1
547 195 277 31 10742 1
548 32 246 27 4990 1
549 37 267 16 5208 1
550 35 276 22 3607 1
551 27 265 17 4608 1
552 18 261 25 7178 1
553 49 275 18 6791 1
554 44 257 16 2734 1
555 58 277 18 3203 1
556 30 257 13 2820 1
557 31 255 10 3072 1
558 61 255 10 3072 1
559 91 255 10 3072 1
560 101 273 23 4427 1
561 50 246 7 2026 1
562 41 264 21 3586 1
563 37 257 8 2382 1
564 36 246 17 4562 1
565 29 275 21 3468 1
566 50 246 16 4115 1
567 101 260 10 1729 1
568 34 261 23 3590 1
569 28 258 23 4980 1
570 30 273 15 4104 1
571 59 273 15 4104 1
572 30 264 15 4835 1
573 37 273 23 3286 1
574 44 246 16 5474 1
575 37 260 16 6169 1
576 37 276 13 1819 1
577 36 260 11 4092 1
578 71 260 11 4092 1
579 29 274 21 5661 1
580 50 270 6 1503 1
581 36 276 25 3930 1
582 97 259 20 4093 1
583 15 262 19 5723 1
584 32 270 15 4418 1
585 63 270 15 4418 1
586 30 276 19 2725 1
587 36 276 17 3424 1
588 71 276 17 3424 1
589 57 293 9 3680 1
590 30 299 8 2419 1
591 57 278 14 5427 1
592 43 291 13 4565 1
593 58 281 13 4041 1
594 115 281 13 4041 1
595 30 286 13 2699 1
596 54 292 26 7011 1
597 43 284 27 6354 1
598 31 282 19 2876 1
599 56 282 26 9290 1
600 111 282 26 9290 1
601 58 293 40 17243 1
602 115 293 40 17243 1
603 43 291 35 6251 1
604 85 291 35 6251 1
605 56 284 38 13037 1
606 31 286 19 4155 1
607 57 291 22 4466 1
608 113 282 11 3716 1
609 57 300 10 3782 1
610 45 279 11 4501 1
611 89 279 11 4501 1
612 43 300 11 3743 1
613 21 285 8 1704 1
614 44 281 8 2028 1
615 30 293 16 6870 1
616 21 291 10 3707 1
617 29 300 12 5335 1
618 184 300 17 3526 1
619 56 293 15 2669 1
620 57 300 25 9775 1
621 43 294 26 8811 1
622 29 293 19 5784 1
623 44 300 13 4952 1
624 57 284 8 2735 1
625 16 279 16 4452 1
626 58 279 13 1865 1
627 31 284 19 4740 1
628 28 299 20 6288 1
629 55 299 20 6288 1
630 86 284 15 3068 1
631 58 294 10 3675 1
632 115 294 10 3675 1
633 172 294 10 3675 1
634 39 292 24 8225 1
635 28 293 11 2185 1
636 55 293 11 2185 1
637 57 299 24 5714 1
638 43 293 10 3406 1
639 57 281 13 2419 1
640 36 282 24 6796 1
641 32 284 20 6362 1
642 149 284 29 8024 1
643 59 294 11 2423 1
644 30 291 12 4095 1
645 57 291 19 5111 1
646 44 285 17 4360 1
647 58 300 12 2835 1
648 97 286 17 2850 1
649 42 292 25 3782 1
650 29 284 25 4634 1
651 47 293 32 11849 1
652 44 282 21 3578 1
653 45 299 28 5715 1
654 44 293 9 2667 1
655 87 293 9 2667 1
656 43 293 12 4314 1
657 12 291 11 3872 1
658 24 286 19 7641 1
659 47 286 19 7641 1
660 56 299 19 6873 1
661 215 281 9 2511 1
662 43 294 29 5220 1
663 56 299 15 4702 1
664 57 284 16 4906 1
665 39 281 18 2990 1
666 29 291 16 2749 1
667 57 291 16 2749 1
668 44 300 11 1815 1
669 11 282 11 1999 1
670 100 286 25 3950 1
671 57 284 10 2004 1
672 31 299 13 4710 1
673 37 300 11 4613 1
674 10 300 15 2724 1
675 57 281 10 2278 1
676 113 281 10 2278 1
677 169 281 10 2278 1
678 57 279 15 4434 1
679 33 285 13 3687 1
680 29 293 15 5706 1
681 58 285 17 5018 1
682 35 286 18 3610 1
683 57 282 15 2388 1
684 30 284 8 2232 1
685 3 285 13 3010 1
686 56 279 12 3171 1
687 39 292 15 4781 1
688 77 292 15 4781 1
689 28 278 10 2465 1
690 55 278 10 2465 1
691 30 284 13 3609 1
692 61 281 16 3736 1
693 38 286 10 2011 1
694 57 286 26 4705 1
695 113 286 26 4705 1
696 217 293 14 3271 1
697 29 291 24 5500 1
698 57 286 30 7583 1
699 29 293 20 5724 1
700 57 293 20 5724 1
701 61 278 19 4898 1
702 44 292 17 7337 1
703 57 291 37 5533 1
704 16 279 21 3426 1
705 24 281 13 2029 1
706 37 286 25 10044 1
707 29 300 25 5596 1
708 57 300 25 5596 1
709 59 300 11 2072 1
710 107 282 8 3189 1
711 44 278 13 5382 1
712 30 300 19 7022 1
713 30 292 17 3562 1
714 58 279 14 2476 1
715 48 279 21 5564 1
716 37 285 9 3561 1
717 73 285 9 3561 1
718 59 293 8 2268 1
719 86 293 23 5707 1
720 18 285 15 5754 1
721 56 299 13 2170 1
722 58 282 10 1646 1
723 30 285 12 4986 1
724 36 294 37 9639 1
725 25 300 24 6751 1
726 57 286 13 2927 1
727 101 281 16 4285 1
728 57 299 26 10621 1
729 43 294 14 5882 1
730 29 299 17 5793 1
731 29 292 7 2657 1
732 44 279 8 2452 1
733 28 286 9 1516 1
734 8 291 12 3699 1
735 25 300 14 2521 1
736 49 300 14 2521 1
737 60 299 11 2222 1
738 62 291 17 2722 1
739 59 286 9 2111 1
740 56 281 8 1266 1
741 111 281 8 1266 1
742 59 300 22 5406 1
743 117 300 22 5406 1
744 175 300 22 5406 1
745 58 285 13 4996 1
746 86 300 17 7371 1
747 56 294 19 5661 1
748 44 293 28 8110 1
749 58 292 12 3625 1
750 16 365 22 6653 1
751 57 316 26 6876 1
752 50 368 55 11414 1
753 99 368 55 11414 1
754 57 318 15 4631 1
755 80 323 26 7582 1
756 57 324 15 4778 1
757 122 334 9 2438 1
758 51 365 18 7187 1
759 97 336 16 2948 1
760 73 303 19 6521 1
761 79 338 18 6029 1
762 36 364 21 10866 1
763 57 333 13 5907 1
764 15 333 24 8790 1
765 29 335 23 4672 1
766 58 318 28 11945 1
767 70 331 13 4753 1
768 57 331 19 9007 1
769 116 333 14 3408 1
770 78 336 32 14917 1
771 72 333 39 15602 1
772 41 334 23 4909 1
773 89 335 25 11599 1
774 57 364 49 17566 1
775 113 364 49 17566 1
776 58 331 14 5068 1
777 115 331 14 5068 1
778 82 363 9 1864 1
779 163 363 9 1864 1
780 114 336 13 3971 1
781 227 336 13 3971 1
782 50 336 24 7359 1
783 75 337 14 6975 1
784 149 337 14 6975 1
785 14 368 32 5947 1
786 50 332 10 1811 1
787 88 349 15 7214 1
788 51 338 25 8411 1
789 89 305 21 7298 1
790 121 366 25 7124 1
791 37 324 43 10834 1
792 52 324 23 7240 1
793 36 366 38 14143 1
794 36 363 26 8362 1
795 34 318 18 3493 1
796 79 331 48 23763 1
797 58 335 12 4683 1
798 115 335 12 4683 1
799 110 332 21 7409 1
800 16 363 24 7387 1
801 75 336 12 3406 1
802 77 334 31 13149 1
803 36 363 9 2393 1
804 78 303 10 4169 1
805 155 303 10 4169 1
806 50 365 11 2382 1
807 106 335 36 14405 1
808 51 366 38 16947 1
809 75 337 11 1940 1
810 37 324 6 1210 1
811 74 331 18 4850 1
812 110 335 17 4624 1
813 14 365 9 1722 1
814 27 365 9 1722 1
815 79 323 27 5548 1
816 82 333 22 5581 1
817 79 305 19 5009 1
818 51 336 34 16932 1
819 120 303 26 8820 1
820 78 333 25 11804 1
821 14 334 26 4970 1
822 37 318 20 3481 1
823 90 318 9 3563 1
824 14 363 31 16839 1
825 27 363 31 16839 1
826 36 364 19 8594 1
827 121 304 35 12520 1
828 241 304 35 12520 1
829 14 333 21 6516 1
830 36 305 26 4339 1
831 58 349 22 9781 1
832 58 323 22 6105 1
833 115 323 22 6105 1
834 50 331 14 3933 1
835 57 335 20 7066 1
836 57 364 36 18264 1
837 51 316 24 5492 1
838 101 316 24 5492 1
839 79 368 36 17469 1
840 78 366 8 1574 1
841 155 366 8 1574 1
842 83 318 37 6317 1
843 56 305 10 3449 1
844 56 318 19 7321 1
845 58 331 27 13082 1
846 115 331 27 13082 1
847 172 331 27 13082 1
848 36 305 25 4596 1
849 78 349 19 9143 1
850 36 318 23 10274 1
851 78 333 21 8831 1
852 83 349 31 10675 1
853 165 349 31 10675 1
854 247 349 31 10675 1
855 36 338 30 14122 1
856 57 368 35 17664 1
857 72 368 30 9354 1
858 74 323 16 5299 1
859 50 303 28 7785 1
860 74 368 28 6712 1
861 86 332 66 19670 1
862 79 366 18 6795 1
863 87 333 17 3384 1
864 80 363 23 6946 1
865 15 337 24 9728 1
866 99 335 45 15649 1
867 58 337 22 8854 1
868 115 337 22 8854 1
869 172 337 22 8854 1
870 16 318 28 10474 1
871 15 363 11 2708 1
872 50 335 22 5688 1
873 14 365 43 19466 1
874 53 303 30 10765 1
875 78 305 14 3495 1
876 73 335 11 3760 1
877 110 336 18 5354 1
878 120 349 18 7700 1
879 50 318 17 7622 1
880 13 333 23 10268 1
881 57 316 25 10798 1
882 72 318 50 8678 1
883 78 304 21 3683 1
884 50 316 16 4229 1
885 58 364 23 5394 1
886 58 332 24 10634 1
887 71 337 12 5206 1
888 50 331 44 17456 1
889 51 366 29 11896 1
890 15 316 19 4152 1
891 78 333 36 15602 1
892 79 331 22 10585 1
893 90 334 17 7945 1
894 79 338 31 11842 1
895 157 338 31 11842 1
896 235 338 31 11842 1
897 36 336 14 5838 1
898 71 336 14 5838 1
899 16 323 24 7932 1
900 58 333 12 3711 1
901 115 333 12 3711 1
902 58 364 23 11433 1
903 115 364 23 11433 1
904 14 338 44 17537 1
905 95 303 29 12537 1
906 73 363 22 7336 1
907 17 305 15 3185 1
908 78 331 19 9040 1
909 155 331 19 9040 1
910 35 338 22 9424 1
911 69 338 22 9424 1
912 15 363 13 6469 1
913 57 366 28 11607 1
914 113 366 28 11607 1
915 169 366 28 11607 1
916 49 349 16 4124 1
917 85 318 31 9518 1
918 72 332 22 9890 1
919 15 368 14 5383 1
920 12 368 20 9269 1
921 37 368 19 4250 1
922 79 368 42 15058 1
923 157 368 42 15058 1
924 36 365 17 3820 1
925 15 323 33 8488 1
926 29 323 33 8488 1
927 15 368 18 8012 1
928 78 336 23 5227 1
929 155 336 23 5227 1
930 57 365 36 13487 1
931 51 364 36 12342 1
932 78 336 23 6354 1
933 76 323 30 10507 1
934 78 303 21 6916 1
935 175 316 26 11329 1
936 13 316 11 2815 1
937 88 303 24 10626 1
938 107 368 35 14471 1
939 38 335 19 5673 1
940 36 318 13 4877 1
941 71 318 13 4877 1
942 101 338 24 4594 1
943 201 338 24 4594 1
944 78 305 19 7776 1
945 57 304 35 13850 1
946 107 318 23 7110 1
947 36 363 21 9857 1
948 79 349 20 5765 1
949 157 349 20 5765 1
950 235 349 20 5765 1
951 56 364 28 5541 1
952 57 303 34 5383 1
953 113 303 34 5383 1
954 78 365 29 6204 1
955 73 335 20 8304 1
956 37 333 28 5553 1
957 36 364 36 19061 1
958 71 364 36 19061 1
959 36 336 42 14263 1
960 51 363 17 7971 1
961 56 303 23 8191 1
962 121 316 18 6669 1
963 182 368 21 9264 1
964 36 337 14 2916 1
965 79 336 10 3932 1
966 157 336 10 3932 1
967 235 336 10 3932 1
968 79 305 24 4900 1
969 78 334 26 8854 1
970 79 334 9 3095 1
971 50 363 24 8533 1
972 89 338 26 10070 1
973 111 324 31 9080 1
974 79 332 20 7879 1
975 58 304 18 2986 1
976 126 368 22 11965 1
977 83 334 8 1368 1
978 120 363 12 2235 1
979 79 338 11 2486 1
980 86 366 17 7638 1
981 57 349 12 3125 1
982 70 303 24 4944 1
983 79 368 29 8314 1
984 119 337 16 5211 1
985 53 336 43 17751 1
986 57 334 34 11872 1
987 113 334 34 11872 1
988 59 332 84 21998 1
989 14 333 16 6191 1
990 79 397 33 14184 1
991 80 399 23 11819 1
992 159 399 23 11819 1
993 78 397 40 20447 1
994 80 397 32 8737 1
995 159 397 32 8737 1
996 238 397 32 8737 1
997 317 397 32 8737 1
998 78 397 26 12417 1
999 155 397 26 12417 1
1000 78 397 29 10420 1
1001 72 397 34 19175 1
1002 75 397 18 5771 1
1003 88 396 22 10519 1
1004 175 396 22 10519 1
1005 78 399 46 13692 1
1006 89 398 30 15868 1
1007 168 396 21 9086 1
1008 80 398 29 9304 1
1009 79 396 50 18580 1
1010 90 399 28 8043 1
1011 73 396 23 7137 1
1012 94 399 42 24710 1
1013 189 395 39 10515 1
1014 84 399 42 16224 1
1015 77 395 26 10201 1
1016 72 396 24 10543 1
1017 86 398 45 11053 1
1018 73 399 21 10501 1
1019 144 399 35 16798 1
1020 87 399 29 16841 1
1021 72 397 62 21345 1
1022 103 395 21 10099 1
1023 83 398 17 6314 1
1024 112 398 33 9456 1
1025 80 398 24 8538 1
1026 16 396 44 21208 1
1027 79 398 23 9481 1
1028 157 398 23 9481 1
1029 235 398 23 9481 1
1030 90 395 52 23769 1
1031 78 399 32 15346 1
1032 155 399 32 15346 1
1033 88 398 26 8969 1
1034 77 396 84 42625 1
1035 79 396 37 11577 1
1036 89 397 20 8861 1
14
503 620 807 620 700 205 255 700 700 700 700 700 200 460 